0280fa8f60f6bcae0f97d93c28f60be194f9309ff610dc5845e60455b0f87c21,27488 5 27742 9 27997 11 28252 13 28508 14 28764 15 29020 16 29275 17 29531 18 29787 18 30043 18 30300 17 30556 17 30813 16 31070 14 31326 14 31584 12 31841 10 32099 6 32357 2
0280fa8f60f6bcae0f97d93c28f60be194f9309ff610dc5845e60455b0f87c21,35005 6 35259 10 35515 12 35770 14 36025 16 36280 17 36535 18 36791 19 37047 19 37302 19 37558 19 37814 19 38070 18 38326 18 38582 17 38838 16 39095 15 39351 14 39607 14 39864 13 40121 9 40379 5
0280fa8f60f6bcae0f97d93c28f60be194f9309ff610dc5845e60455b0f87c21,63934 9 64187 13 64442 15 64697 17 64952 18 65207 19 65462 21
0280fa8f60f6bcae0f97d93c28f60be194f9309ff610dc5845e60455b0f87c21,29563 4 29818 6 30074 8 30330 9 30585 10 30841 10 31097 11 31353 11 31610 11 31866 11 32122 12 32378 12 32635 11 32892 9 33149 7 33408 1
0280fa8f60f6bcae0f97d93c28f60be194f9309ff610dc5845e60455b0f87c21,10571 10 10827 14 11083 15 11339 16 11594 18 11849 19 12105 20 12361 20 12616 21 12873 20 13129 20 13385 20 13642 18 13898 18 14155 16 14412 14 14670 11 14927 7
0280fa8f60f6bcae0f97d93c28f60be194f9309ff610dc5845e60455b0f87c21,41578 4 41833 5 42089 5 42345 4 42601 3
0280fa8f60f6bcae0f97d93c28f60be194f9309ff610dc5845e60455b0f87c21,25986 5 26241 7 26497 8 26753 8 27009 8 27266 8 27522 8 27779 7 28036 6 28292 6 28550 2
0280fa8f60f6bcae0f97d93c28f60be194f9309ff610dc5845e60455b0f87c21,20570 5 20825 10 21080 12 21336 12 21592 13 21847 14 22103 14 22359 15 22615 15 22871 14 23127 14 23383 13 23640 11 23897 9 24155 7
0280fa8f60f6bcae0f97d93c28f60be194f9309ff610dc5845e60455b0f87c21,46653 8 46908 11 47164 12 47419 14 47674 17 47930 17 48186 17 48443 17 48699 17 48955 17 49211 16 49468 14 49725 13 49984 9 50243 5
0280fa8f60f6bcae0f97d93c28f60be194f9309ff610dc5845e60455b0f87c21,53618 2 53872 5 54126 9 54382 10 54638 12 54892 14 55147 15 55402 16 55657 17 55911 19 56167 18 56422 19 56679 17 56935 17 57192 15 57449 14 57707 10
0280fa8f60f6bcae0f97d93c28f60be194f9309ff610dc5845e60455b0f87c21,42614 10 42869 12 43125 13 43380 15 43636 15 43892 15 44149 14 44405 14 44661 14 44918 12 45175 10 45431 10 45688 8
0280fa8f60f6bcae0f97d93c28f60be194f9309ff610dc5845e60455b0f87c21,4688 8 4943 11 5198 13 5452 15 5707 17 5962 19 6217 20 6472 22 6728 22 6983 23 7239 23 7495 23 7751 23 8007 22 8263 22 8519 22 8776 20 9033 18 9289 16 9546 12 9804 8
0280fa8f60f6bcae0f97d93c28f60be194f9309ff610dc5845e60455b0f87c21,36478 4 36731 9 36984 13 37239 15 37494 17 37750 19 38004 21 38260 20 38515 21 38770 22 39026 22 39282 22 39538 21 39794 21 40050 20 40306 19 40564 17 40820 16 41079 8 41336 5
0280fa8f60f6bcae0f97d93c28f60be194f9309ff610dc5845e60455b0f87c21,25993 3 26249 4 26505 5 26761 5 27017 6 27274 5 27530 6 27786 6 28042 6 28298 6 28554 5
0280fa8f60f6bcae0f97d93c28f60be194f9309ff610dc5845e60455b0f87c21,51555 5 51810 8 52064 11 52319 13 52575 13 52830 14 53085 16 53341 16 53597 15 53853 15 54109 14 54365 14 54621 14 54877 13 55133 11 55390 9 55648 6 55906 2
0280fa8f60f6bcae0f97d93c28f60be194f9309ff610dc5845e60455b0f87c21,37222 4 37478 5 37733 6 37989 6 38246 4 38503 1
