03b9306f44e9b8951461623dcbd615550cdcf36ea93b203f2c8fa58ed1dffcbe,45498 8 45854 14 46213 16 46571 20 46929 22 47287 26 47646 28 48006 28 48365 29 48724 31 49083 33 49442 34 49802 34 50161 35 50521 36 50880 37 51240 37 51599 38 51958 39 52318 39 52678 39 53037 40 53397 40 53757 40 54117 40 54477 40 54837 40 55197 40 55557 39 55917 39 56276 41 56636 40 56996 40 57356 40 57716 40 58076 40 58436 40 58796 40 59157 38 59517 37 59877 37 60238 36 60598 33 60632 1 60958 32 61319 31 61679 30 62040 28 62401 26 62762 24 63124 21 63485 19 63847 15
03b9306f44e9b8951461623dcbd615550cdcf36ea93b203f2c8fa58ed1dffcbe,50849 5 51207 10 51566 13 51924 7 51932 8 52283 18 52642 20 53002 21 53362 21 53721 23 54081 23 54441 24 54801 24 55161 24 55520 25 55880 26 56240 26 56599 28 56959 29 57319 29 57679 29 58039 29 58398 30 58757 32 59117 32 59476 33 59836 33 60196 34 60556 35 60916 35 61276 35 61636 35 61995 36 62355 36 62715 36 63075 36 63434 37 63794 37 64154 37 64514 37 64874 37 65234 37 65594 37 65954 37 66314 37 66674 37 67034 37 67394 37 67754 37 68114 37 68474 37 68835 35 69196 34 69557 32 69918 31 70279 29 70641 26 71004 23 71365 20 71726 18 72090 13 72452 10
03b9306f44e9b8951461623dcbd615550cdcf36ea93b203f2c8fa58ed1dffcbe,69253 7 69613 7 69973 7 70333 7 70693 8 71053 8 71413 8 71773 7
03b9306f44e9b8951461623dcbd615550cdcf36ea93b203f2c8fa58ed1dffcbe,7598 6 7955 13 8312 17 8671 20 9029 22 9388 24 9747 26 10106 28 10466 30 10824 32 11184 3 11188 28 11544 33 11903 34 12262 36 12621 37 12980 38 13340 38 13699 39 14058 40 14418 40 14777 41 15136 42 15495 43 15855 43 16215 42 16574 43 16934 43 17293 43 17652 44 18012 44 18372 44 18731 45 19091 45 19452 44 19812 43 20172 42 20532 42 20892 41 21252 40 21612 40 21972 38 22331 39 22691 39 23051 38 23411 37 23771 36 24131 34 24491 33 24851 31 25212 29 25572 27 25933 25 26295 21 26656 18 27017 16 27378 14 27740 10
03b9306f44e9b8951461623dcbd615550cdcf36ea93b203f2c8fa58ed1dffcbe,32589 9 32946 16 33303 22 33661 25 34020 27 34379 29 34738 32 35097 33 35456 35 35815 36 36175 37 36535 38 36894 39 37254 40 37613 41 37973 42 38333 42 38693 42 39053 42 39413 43 39772 44 40132 44 40492 45 40852 45 41212 45 41572 45 41933 44 42293 44 42653 44 43013 42 43373 42 43733 42 44094 41 44454 41 44814 41 45174 41 45535 39 45895 39 46255 39 46616 37 46976 36 47336 35 47697 33 48057 33 48417 31 48778 29 49140 25 49507 16
03b9306f44e9b8951461623dcbd615550cdcf36ea93b203f2c8fa58ed1dffcbe,68920 6 69278 10 69637 13 69992 18 70351 21 70709 24 71067 27 71426 29 71785 30 72144 32 72504 32 72864 33 73224 33 73584 34 73943 35 74303 35 74663 35 75023 35 75383 36 75743 36 76103 36 76463 37 76823 37 77183 37 77543 37 77903 38 78263 39 78623 39 78983 39 79343 38 79702 39 80062 39 80422 39 80784 37 81143 38 81503 38 81863 38 82223 38 82583 38 82943 37 83303 37 83666 34 84026 34 84387 32 84747 31 85107 31 85468 29 85829 27 86190 26 86550 25 86911 23 87273 20 87634 18 87997 12
03b9306f44e9b8951461623dcbd615550cdcf36ea93b203f2c8fa58ed1dffcbe,64019 1 64022 2 64376 12 64734 17 65093 21 65452 22 65811 24 66170 28 66531 27 66890 28 67250 28 67608 32 67968 32 68328 33 68688 33 69047 35 69406 36 69766 36 70125 36 70484 37 70844 37 71204 39 71563 40 71922 42 72282 42 72642 42 73001 43 73361 43 73721 43 74080 40 74121 3 74440 44 74799 45 75159 44 75518 44 75877 45 76237 45 76597 45 76957 44 77317 44 77676 44 78036 44 78396 44 78755 44 79115 43 79474 43 79834 43 80194 43 80554 42 80914 40 81274 40 81634 40 81994 39 82355 38 82715 36 83075 35 83435 33 83795 32 84156 31 84516 29 84876 28 85237 27 85597 27 85957 27 86318 26 86678 23 87039 21 87400 18 87762 6
03b9306f44e9b8951461623dcbd615550cdcf36ea93b203f2c8fa58ed1dffcbe,73196 4 73550 11 73907 15 74265 18 74623 21 74981 25 75338 29 75697 30 76055 32 76414 34 76774 34 77133 36 77493 36 77852 37 78211 39 78571 39 78930 40 79290 41 79650 41 80009 42 80369 42 80729 42 81089 43 81449 43 81809 43 82169 43 82529 44 82889 44 83249 44 83609 45 83969 45 84329 45 84690 44 85050 44 85410 44 85771 43 86132 42 86492 42 86853 41 87213 41 87574 39 87935 38 88295 38 88656 37 89017 36 89378 35 89739 33 90100 32 90461 30 90822 28 91184 25 91545 24 91906 21 92268 17 92629 15 92990 12 93354 7
03b9306f44e9b8951461623dcbd615550cdcf36ea93b203f2c8fa58ed1dffcbe,275 55 635 55 996 54 1357 53 1718 53 2078 53 2439 52 2799 53 3160 52 3521 51 3882 50 4243 48 4605 46 4967 43 5330 22 5353 17 5697 32 6058 30 6420 27 6781 25 7142 23 7504 20 7866 17 8230 11 8593 6
03b9306f44e9b8951461623dcbd615550cdcf36ea93b203f2c8fa58ed1dffcbe,126577 16 126934 22 127291 27 127651 28 128011 29 128371 30 128731 31 129091 31 129451 4 129458 7 129466 7 129475 7
03b9306f44e9b8951461623dcbd615550cdcf36ea93b203f2c8fa58ed1dffcbe,106895 2 107242 22 107600 26 107957 35 108316 37 108675 42 109035 44 109394 47 109754 47 110113 48 110473 48 110833 48 111193 48 111554 47 111914 47 112274 47 112634 47 112995 46 113355 46 113716 45 114077 44 114438 43 114799 42 115160 41 115522 39 115884 37 116245 36 116607 34 116969 32 117331 30 117692 29 118056 25 118418 23 118784 17 119150 11 119514 7
03b9306f44e9b8951461623dcbd615550cdcf36ea93b203f2c8fa58ed1dffcbe,72586 7 72944 11 73302 16 73661 19 74020 21 74380 22 74739 24 75099 25 75458 27 75817 28 76177 28 76537 28 76897 29 77256 30 77616 30 77976 30 78335 31 78695 31 79054 33 79414 33 79774 33 80133 34 80493 34 80853 34 81212 35 81572 36 81932 36 82292 36 82651 37 83011 37 83370 38 83730 38 84090 39 84450 39 84810 39 85170 39 85530 39 85891 38 86251 38 86611 38 86971 38 87331 38 87691 38 88051 38 88411 38 88771 38 89131 38 89492 37 89852 37 90212 36 90572 36 90933 35 91293 35 91654 34 92015 33 92375 32 92736 31 93097 29 93458 28 93819 27 94180 25 94542 23 94906 18 95267 15 95633 6
03b9306f44e9b8951461623dcbd615550cdcf36ea93b203f2c8fa58ed1dffcbe,46140 2 46144 1 46497 11 46855 14 47212 19 47570 23 47929 25 48288 27 48647 28 49005 32 49364 34 49723 35 50082 36 50442 36 50801 37 51160 39 51518 41 51878 41 52237 42 52596 43 52955 44 53315 44 53674 45 54033 45 54393 45 54752 46 55112 46 55471 47 55831 46 56189 48 56549 48 56909 48 57268 49 57628 49 57988 49 58348 49 58707 50 59067 50 59427 49 59786 50 60146 50 60506 50 60866 49 61226 49 61586 49 61946 48 62306 48 62666 48 63026 48 63386 47 63746 47 64106 47 64466 46 64827 45 65187 45 65548 44 65908 41 65950 3 66269 44 66630 43 66992 41 67355 37 67716 35 68079 31 68441 28 68802 26 69166 19 69528 14
03b9306f44e9b8951461623dcbd615550cdcf36ea93b203f2c8fa58ed1dffcbe,25436 9 25792 17 26150 21 26509 24 26868 27 27228 28 27587 30 27947 32 28307 32 28666 33 29025 35 29385 35 29744 36 30103 38 30463 38 30823 39 31182 33 31216 6 31542 33 31576 6 31902 41 32262 41 32621 42 32981 43 33341 3 33345 40 33700 45 34060 45 34420 45 34780 45 35140 45 35500 45 35860 45 36220 45 36580 45 36939 46 37299 46 37659 45 38020 44 38380 44 38740 44 39100 44 39460 40 39501 3 39820 40 39861 3 40180 40 40221 3 40540 44 40900 44 41260 44 41621 42 41981 41 42341 41 42702 40 43062 39 43422 39 43782 38 44143 37 44504 35 44865 33 45225 33 45586 32 45947 30 46310 20 46331 5 46671 16 46690 5 47033 22 47394 20 47756 16 48118 8
03b9306f44e9b8951461623dcbd615550cdcf36ea93b203f2c8fa58ed1dffcbe,257 18 617 18 976 20 1334 23 1693 25 2053 25 2412 27 2771 28 3130 30 3490 31 3849 33 4209 34 4568 4 4573 32 4928 4 4933 34 5288 41 5647 42 6005 44 6364 46 6723 48 7083 49 7442 51 7802 52 8162 4 8167 48 8522 54 8882 55 9243 55 9603 56 9964 55 10324 55 10685 54 11045 54 11406 52 11766 52 12126 52 12487 4 12492 44 12847 48 13208 4 13213 41 13569 43 13929 42 14290 40 14650 39 15011 35 15372 35 15733 5 15739 28 16094 33 16455 32 16815 31 17176 29 17537 25 17898 20 18261 14 18622 12
03b9306f44e9b8951461623dcbd615550cdcf36ea93b203f2c8fa58ed1dffcbe,112091 16 112108 1 112451 22 112807 30 113164 35 113523 38 113880 41 114238 44 114597 47 114954 50 115313 51 115671 55 116030 56 116389 58 116748 58 117107 60 117467 61 117826 62 118186 62 118546 62 118906 62 119265 63 119626 62 119986 62 120346 62 120706 62 121067 61 121427 60 121788 59 122149 58 122511 56 122872 55 123234 52 123598 48 123959 46 124324 40 124688 34 125055 23 125079 3 125421 14
03b9306f44e9b8951461623dcbd615550cdcf36ea93b203f2c8fa58ed1dffcbe,48810 5 49169 16 49528 17 49886 19 50238 29 50596 32 50954 37 51313 39 51671 41 52030 43 52388 45 52747 47 53106 48 53466 48 53824 50 54183 51 54542 52 54902 52 55262 52 55622 52 55982 52 56342 52 56702 51 57062 51 57422 51 57782 51 58142 50 58502 50 58862 50 59223 49 59583 49 59944 47 60305 46 60665 45 61026 43 61386 41 61748 39 62109 36 62470 35 62830 34 63191 32 63552 30 63913 28 64275 26 64637 22 64999 20 65361 11
03b9306f44e9b8951461623dcbd615550cdcf36ea93b203f2c8fa58ed1dffcbe,19015 12 19370 20 19729 23 20088 27 20447 29 20805 32 21165 33 21524 34 21882 36 22242 37 22602 37 22962 38 23321 40 23681 40 24041 41 24401 36 24438 5 24760 43 25120 43 25480 44 25840 44 26200 39 26240 4 26561 38 26600 5 26921 44 27281 44 27641 43 28001 45 28361 46 28721 46 29081 46 29441 46 29801 47 30161 48 30521 48 30882 47 31242 47 31603 46 31963 46 32324 46 32684 46 33046 44 33406 44 33767 40 34127 39 34488 38 34848 38 35209 37 35569 37 35929 36 36289 36 36649 35 37009 35 37370 34 37730 33 38091 32 38451 31 38812 30 39172 29 39533 27 39894 26 40254 25 40615 22 40975 20 41336 7 41344 10 41697 14 42059 12 42421 7
03b9306f44e9b8951461623dcbd615550cdcf36ea93b203f2c8fa58ed1dffcbe,151 33 511 33 871 32 1231 31 1592 30 1952 31 2312 32 2673 32 3033 32 3393 32 3754 31 4115 30 4476 29 4837 28 5198 27 5559 26 5919 26 6280 24 6641 23 7003 20 7364 12 7377 6 7727 15 8089 12 8454 5
03b9306f44e9b8951461623dcbd615550cdcf36ea93b203f2c8fa58ed1dffcbe,91275 15 91632 19 91991 20 92348 26 92706 29 93064 32 93423 35 93781 38 94140 40 94499 42 94858 45 95218 45 95576 48 95935 49 96294 52 96653 53 97013 53 97372 54 97732 54 98092 53 98451 55 98811 56 99171 56 99531 56 99890 57 100250 56 100609 56 100970 54 101329 55 101689 54 102049 53 102409 53 102770 51 103130 51 103491 50 103851 49 104212 47 104573 46 104934 44 105296 41 105658 39 106019 37 106379 36 106739 35 107099 34 107460 31 107821 28 108182 23 108545 12 108909 1
03b9306f44e9b8951461623dcbd615550cdcf36ea93b203f2c8fa58ed1dffcbe,95756 5 96114 7 96473 8 96831 10 97190 11 97549 12 97909 12 98269 12 98628 13 98988 13 99347 14 99707 14 100067 14 100427 14 100787 14 101147 14 101508 13 101868 13 102228 13 102589 12 102949 12 103309 12 103670 11 104030 11 104393 8 104754 7 105115 6 105476 5 105836 5 106197 4 106559 2 106920 1
03b9306f44e9b8951461623dcbd615550cdcf36ea93b203f2c8fa58ed1dffcbe,100 43 460 41 820 41 1180 40 1541 38 1901 37 2261 36 2622 34 2983 32 3344 30 3704 30 4066 28 4426 27 4788 24 5149 22 5510 20 5873 14 6235 9
