04acab7636c4cf61d288a5962f15fa456b7bde31a021e5deedfbf51288e4001e,35585 2 35841 3 36097 3 36353 4 36609 4 36865 4 37121 4 37377 3 37633 3 37889 2
04acab7636c4cf61d288a5962f15fa456b7bde31a021e5deedfbf51288e4001e,46509 5 46765 6 47020 8 47275 9 47530 10 47786 10 48042 10 48298 10 48554 10 48810 10 49066 9 49322 9 49578 8 49835 6 50092 4
04acab7636c4cf61d288a5962f15fa456b7bde31a021e5deedfbf51288e4001e,17109 2 17364 5 17619 7 17875 7 18130 9 18386 9 18641 11 18896 12 19152 12 19408 11 19664 11 19920 11 20176 10 20432 9 20689 7 20946 5 21204 2
04acab7636c4cf61d288a5962f15fa456b7bde31a021e5deedfbf51288e4001e,61871 4 62126 6 62381 8 62637 8 62892 9 63148 9 63403 10 63659 10 63914 11 64170 10 64426 10 64682 10 64938 9 65195 8 65453 5
04acab7636c4cf61d288a5962f15fa456b7bde31a021e5deedfbf51288e4001e,29257 3 29512 7 29767 9 30023 10 30279 11 30535 11 30791 12 31047 12 31304 11 31561 10 31817 10 32074 8 32331 6 32589 2
04acab7636c4cf61d288a5962f15fa456b7bde31a021e5deedfbf51288e4001e,46924 6 47180 8 47435 10 47691 11 47947 12 48203 13 48459 13 48715 13 48972 13 49228 13 49485 12 49742 11 49999 9 50257 6
04acab7636c4cf61d288a5962f15fa456b7bde31a021e5deedfbf51288e4001e,50616 7 50871 9 51127 10 51382 11 51637 12 51893 12 52148 13 52404 12 52660 12 52916 12 53172 12 53428 11 53685 10 53942 8 54199 6
04acab7636c4cf61d288a5962f15fa456b7bde31a021e5deedfbf51288e4001e,15946 4 16201 7 16457 9 16713 10 16969 11 17225 11 17481 11 17737 11 17994 10 18251 9 18508 7 18765 4
04acab7636c4cf61d288a5962f15fa456b7bde31a021e5deedfbf51288e4001e,24836 4 25091 7 25346 10 25602 11 25858 12 26114 13 26370 13 26627 12 26884 11 27141 9 27399 6
04acab7636c4cf61d288a5962f15fa456b7bde31a021e5deedfbf51288e4001e,58066 4 58321 6 58576 8 58832 8 59087 10 59343 10 59598 11 59854 11 60110 11 60366 11 60622 10 60878 10 61134 9 61391 7 61649 3
04acab7636c4cf61d288a5962f15fa456b7bde31a021e5deedfbf51288e4001e,50181 7 50436 10 50692 11 50948 12 51204 12 51461 11 51718 10 51975 9 52232 7
04acab7636c4cf61d288a5962f15fa456b7bde31a021e5deedfbf51288e4001e,22978 5 23232 9 23487 11 23743 11 23998 13 24254 13 24509 14 24765 15 25021 14 25276 15 25532 15 25788 15 26045 13 26301 13 26557 12 26813 12 27070 10 27327 8 27585 4
04acab7636c4cf61d288a5962f15fa456b7bde31a021e5deedfbf51288e4001e,7854 5 8109 7 8364 9 8619 11 8875 11 9130 13 9386 13 9642 13 9898 13 10153 14 10409 14 10665 14 10922 13 11178 13 11434 12 11690 12 11947 10 12203 9 12460 6
04acab7636c4cf61d288a5962f15fa456b7bde31a021e5deedfbf51288e4001e,40576 5 40831 7 41086 9 41342 9 41598 9 41853 10 42109 10 42365 10 42621 9 42877 8 43133 8 43389 7 43645 7 43901 6 44158 4 44415 1
04acab7636c4cf61d288a5962f15fa456b7bde31a021e5deedfbf51288e4001e,43666 3 43922 3 44177 5 44432 6 44687 8 44943 8 45199 8 45455 8 45711 9 45967 9 46224 7 46480 6 46738 3
04acab7636c4cf61d288a5962f15fa456b7bde31a021e5deedfbf51288e4001e,41622 4 41878 5 42134 5 42389 7 42645 7 42901 7 43157 7 43413 7 43669 7 43925 7 44182 6 44438 6 44695 5 44951 5 45207 4 45463 4
04acab7636c4cf61d288a5962f15fa456b7bde31a021e5deedfbf51288e4001e,7637 6 7891 9 8146 11 8402 12 8658 13 8913 15 9169 15 9425 15 9681 15 9937 15 10193 15 10449 15 10705 14 10961 14 11218 12 11475 11 11732 9 11990 5
04acab7636c4cf61d288a5962f15fa456b7bde31a021e5deedfbf51288e4001e,59 10 315 10 571 11 827 11 1084 10 1340 10 1597 9 1854 8 2110 8 2366 7 2623 5 2879 4 3133 5 3387 7 3642 9 3898 10 4154 10 4410 11 4666 11 4923 11 5179 11 5436 10 5692 10 5949 8 6206 6 6464 3
04acab7636c4cf61d288a5962f15fa456b7bde31a021e5deedfbf51288e4001e,48074 4 48329 6 48584 8 48840 8 49095 9 49351 9 49607 9 49862 10 50118 10 50374 10 50630 10 50886 9 51142 9 51398 8 51654 7 51911 5
04acab7636c4cf61d288a5962f15fa456b7bde31a021e5deedfbf51288e4001e,28901 7 29156 9 29411 10 29667 10 29923 10 30178 12 30434 12 30690 12 30946 12 31202 12 31458 11 31715 9 31972 7 32229 5
04acab7636c4cf61d288a5962f15fa456b7bde31a021e5deedfbf51288e4001e,37280 6 37535 8 37790 10 38046 10 38301 11 38557 11 38812 12 39068 12 39324 13 39580 13 39836 13 40093 11 40349 11 40605 10 40862 9 41119 7 41375 6 41632 4
04acab7636c4cf61d288a5962f15fa456b7bde31a021e5deedfbf51288e4001e,2132 3 2387 6 2642 8 2898 9 3154 9 3410 10 3667 9 3923 10 4179 10 4436 9 4692 9 4948 9 5205 7 5462 5
04acab7636c4cf61d288a5962f15fa456b7bde31a021e5deedfbf51288e4001e,32144 3 32399 6 32655 7 32910 9 33166 9 33422 10 33678 10 33934 10 34190 10 34446 10 34702 10 34959 9 35215 9 35472 7 35729 6 35986 4
04acab7636c4cf61d288a5962f15fa456b7bde31a021e5deedfbf51288e4001e,58632 8 58887 10 59142 12 59398 13 59654 13 59911 12 60168 11 60425 9 60683 6
04acab7636c4cf61d288a5962f15fa456b7bde31a021e5deedfbf51288e4001e,62712 3 62967 5 63222 7 63478 7 63733 9 63989 9 64244 10 64500 10 64756 10 65012 10 65268 10 65524 10
04acab7636c4cf61d288a5962f15fa456b7bde31a021e5deedfbf51288e4001e,41731 9 41986 12 42241 14 42497 15 42753 16 43009 16 43266 15 43523 14 43780 13 44037 11 44295 8 44553 5
04acab7636c4cf61d288a5962f15fa456b7bde31a021e5deedfbf51288e4001e,37354 4 37608 8 37863 10 38118 11 38373 13 38628 14 38884 14 39140 14 39396 14 39651 15 39907 15 40163 15 40419 14 40675 14 40932 12 41189 9 41446 7 41704 4
04acab7636c4cf61d288a5962f15fa456b7bde31a021e5deedfbf51288e4001e,21504 1 21759 2 22014 3 22269 4 22525 4 22781 4 23036 5 23292 5 23548 5 23804 5 24061 4 24318 3 24575 2
04acab7636c4cf61d288a5962f15fa456b7bde31a021e5deedfbf51288e4001e,52378 6 52633 8 52889 8 53144 9 53400 10 53656 10 53912 10 54168 10 54424 10 54680 9 54936 9 55192 9 55448 8 55704 8 55961 6 56218 4
04acab7636c4cf61d288a5962f15fa456b7bde31a021e5deedfbf51288e4001e,41586 2 41840 6 42095 8 42351 9 42607 9 42862 10 43118 10 43374 11 43630 11 43886 11 44142 11 44398 11 44654 11 44911 10 45167 9 45424 7 45681 5 45938 3
04acab7636c4cf61d288a5962f15fa456b7bde31a021e5deedfbf51288e4001e,47369 6 47624 8 47879 10 48135 11 48391 12 48647 13 48903 13 49160 12 49416 13 49673 12 49930 11 50188 9 50446 6 50703 4
04acab7636c4cf61d288a5962f15fa456b7bde31a021e5deedfbf51288e4001e,39974 4 40228 8 40483 10 40739 11 40994 13 41250 13 41507 13 41763 13 42020 12 42277 11 42534 9 42791 7 43051 2
04acab7636c4cf61d288a5962f15fa456b7bde31a021e5deedfbf51288e4001e,23782 4 24035 8 24290 10 24546 10 24802 10 25057 11 25313 11 25569 11 25825 11 26081 11 26337 11 26593 10 26850 8 27106 7 27363 4
04acab7636c4cf61d288a5962f15fa456b7bde31a021e5deedfbf51288e4001e,43586 5 43841 8 44096 10 44352 10 44607 11 44863 12 45119 12 45375 12 45632 11 45888 11 46144 11 46401 10 46657 9 46913 9 47170 7 47427 5 47684 3
04acab7636c4cf61d288a5962f15fa456b7bde31a021e5deedfbf51288e4001e,26914 6 27169 9 27425 10 27681 11 27937 12 28193 12 28449 12 28706 11 28963 10 29220 9 29477 7
04acab7636c4cf61d288a5962f15fa456b7bde31a021e5deedfbf51288e4001e,7609 4 7864 6 8120 7 8375 8 8631 8 8887 9 9143 9 9399 10 9655 10 9911 10 10167 10 10424 9 10680 9 10937 8 11194 7 11450 7 11707 5
04acab7636c4cf61d288a5962f15fa456b7bde31a021e5deedfbf51288e4001e,51453 3 51707 6 51962 7 52217 8 52472 9 52728 9 52984 9 53239 10 53495 10 53751 10 54007 10 54264 8 54521 6 54778 4
04acab7636c4cf61d288a5962f15fa456b7bde31a021e5deedfbf51288e4001e,64546 6 64800 10 65055 12 65311 13
04acab7636c4cf61d288a5962f15fa456b7bde31a021e5deedfbf51288e4001e,13070 8 13325 10 13581 12 13837 13 14093 13 14349 14 14606 14 14862 14 15119 12 15376 11 15633 9
04acab7636c4cf61d288a5962f15fa456b7bde31a021e5deedfbf51288e4001e,47742 5 47997 7 48252 9 48507 11 48763 11 49019 11 49275 11 49531 11 49787 11 50043 11 50299 11 50555 10 50811 9 51068 8 51325 6
04acab7636c4cf61d288a5962f15fa456b7bde31a021e5deedfbf51288e4001e,4049 5 4304 7 4560 8 4815 9 5071 9 5326 10 5582 10 5838 10 6094 9 6350 9 6606 8 6862 7 7118 5 7375 3
04acab7636c4cf61d288a5962f15fa456b7bde31a021e5deedfbf51288e4001e,24924 4 25179 6 25434 8 25690 9 25946 9 26202 10 26458 10 26714 11 26970 11 27227 10 27483 10 27740 9 27996 9 28253 8 28510 6 28767 3
04acab7636c4cf61d288a5962f15fa456b7bde31a021e5deedfbf51288e4001e,48743 4 48998 7 49253 9 49508 11 49763 13 50019 14 50275 14 50531 15 50787 15 51043 16 51299 17 51555 17 51811 18 52068 17 52324 17 52580 17 52837 16 53094 15 53351 14 53607 14 53864 12 54121 11 54377 11 54634 9 54891 7 55148 5
04acab7636c4cf61d288a5962f15fa456b7bde31a021e5deedfbf51288e4001e,11881 3 12136 6 12392 7 12648 8 12904 8 13160 9 13416 9 13672 9 13928 9 14184 9 14440 9 14696 9 14953 8 15210 7 15467 5
04acab7636c4cf61d288a5962f15fa456b7bde31a021e5deedfbf51288e4001e,26157 6 26412 9 26668 11 26924 12 27180 13 27436 13 27692 14 27949 13 28206 12 28463 11 28720 9 28977 7 29234 5
04acab7636c4cf61d288a5962f15fa456b7bde31a021e5deedfbf51288e4001e,204 7 460 8 716 8 972 8 1227 9 1483 9 1739 9 1995 9 2251 8 2507 8 2763 8 3019 7 3275 6 3532 3
04acab7636c4cf61d288a5962f15fa456b7bde31a021e5deedfbf51288e4001e,63588 3 63842 7 64097 9 64352 11 64608 11 64864 11 65119 12 65375 12
04acab7636c4cf61d288a5962f15fa456b7bde31a021e5deedfbf51288e4001e,40672 2 40927 5 41181 8 41436 10 41691 13 41946 14 42202 15 42457 16 42713 16 42969 16 43225 15 43481 15 43737 14 43993 14 44249 13 44505 13 44762 12 45019 10 45277 6
04acab7636c4cf61d288a5962f15fa456b7bde31a021e5deedfbf51288e4001e,3351 4 3606 6 3861 8 4116 10 4372 10 4628 11 4884 11 5140 11 5396 11 5653 9 5909 9 6166 8 6423 6
04acab7636c4cf61d288a5962f15fa456b7bde31a021e5deedfbf51288e4001e,50671 4 50926 6 51181 8 51436 10 51691 11 51947 11 52202 11 52457 12 52713 12 52969 11 53225 10 53481 9 53737 8 53994 6 54252 2
04acab7636c4cf61d288a5962f15fa456b7bde31a021e5deedfbf51288e4001e,52171 3 52426 5 52682 6 52937 8 53193 8 53448 9 53704 9 53959 10 54215 10 54470 11 54726 11 54981 11 55237 11 55494 9 55750 8 56007 6
04acab7636c4cf61d288a5962f15fa456b7bde31a021e5deedfbf51288e4001e,53811 5 54064 10 54319 12 54575 13 54830 14 55086 15 55342 15 55598 16 55854 16 56110 16 56367 16 56623 16 56880 15 57137 14 57394 12 57651 10 57910 6
04acab7636c4cf61d288a5962f15fa456b7bde31a021e5deedfbf51288e4001e,6941 6 7196 9 7452 10 7708 11 7964 12 8220 12 8477 11 8733 11 8989 11 9246 10 9503 9 9760 7
04acab7636c4cf61d288a5962f15fa456b7bde31a021e5deedfbf51288e4001e,8044 6 8299 9 8555 10 8811 10 9067 11 9323 12 9579 12 9835 12 10091 12 10347 12 10603 12 10859 12 11116 11 11372 10 11629 8 11886 6 12143 3
04acab7636c4cf61d288a5962f15fa456b7bde31a021e5deedfbf51288e4001e,9343 4 9598 6 9853 8 10109 9 10365 9 10620 10 10876 10 11132 10 11388 10 11644 10 11901 9 12157 9 12413 9 12669 8 12925 8 13182 6 13439 4
04acab7636c4cf61d288a5962f15fa456b7bde31a021e5deedfbf51288e4001e,27551 6 27806 8 28062 9 28317 11 28572 12 28828 12 29084 12 29340 13 29596 13 29853 12 30109 11 30366 10 30623 8
04acab7636c4cf61d288a5962f15fa456b7bde31a021e5deedfbf51288e4001e,21158 4 21413 6 21668 8 21924 9 22180 9 22436 9 22692 10 22948 10 23204 10 23460 10 23716 10 23972 10 24228 10 24484 10 24740 9 24997 8 25254 6 25511 4
04acab7636c4cf61d288a5962f15fa456b7bde31a021e5deedfbf51288e4001e,122 8 378 8 633 9 889 10 1145 10 1401 10 1656 11 1913 10 2169 9 2425 9 2681 9 2938 7 3195 5
04acab7636c4cf61d288a5962f15fa456b7bde31a021e5deedfbf51288e4001e,9366 3 9620 7 9875 9 10130 11 10386 12 10641 13 10897 14 11153 14 11409 14 11665 14 11921 15 12177 15 12433 14 12689 14 12946 13 13202 12 13459 10 13716 9 13973 7 14230 2
04acab7636c4cf61d288a5962f15fa456b7bde31a021e5deedfbf51288e4001e,49725 4 49979 8 50234 11 50489 13 50744 15 51000 15 51256 16 51512 17 51768 17 52025 16 52281 16 52538 15 52795 14 53051 14 53308 12 53565 11 53822 9 54080 5
04acab7636c4cf61d288a5962f15fa456b7bde31a021e5deedfbf51288e4001e,51793 3 52048 6 52303 8 52559 10 52815 11 53071 11 53327 12 53583 13 53840 12 54096 13 54353 12 54610 11 54867 9 55124 7 55381 5
04acab7636c4cf61d288a5962f15fa456b7bde31a021e5deedfbf51288e4001e,237 5 493 7 748 8 1003 10 1259 10 1515 10 1771 10 2027 10 2283 10 2539 9 2796 8 3052 8 3309 7 3566 5
04acab7636c4cf61d288a5962f15fa456b7bde31a021e5deedfbf51288e4001e,61832 4 62087 6 62342 8 62597 9 62853 9 63108 10 63364 11 63619 12 63875 12 64131 12 64387 11 64643 11 64899 11 65155 11 65411 10
04acab7636c4cf61d288a5962f15fa456b7bde31a021e5deedfbf51288e4001e,7151 2 7406 4 7662 5 7917 7 8172 8 8427 9 8683 9 8938 10 9194 10 9450 10 9706 10 9962 10 10218 9 10475 8 10732 6
04acab7636c4cf61d288a5962f15fa456b7bde31a021e5deedfbf51288e4001e,3221 4 3476 7 3731 9 3987 9 4243 10 4499 11 4755 11 5011 11 5268 10 5524 11 5781 10 6037 9 6294 8 6551 6
04acab7636c4cf61d288a5962f15fa456b7bde31a021e5deedfbf51288e4001e,18433 1 18689 2 18945 3 19201 4 19457 4 19713 4 19969 4 20225 4 20481 3 20737 2
04acab7636c4cf61d288a5962f15fa456b7bde31a021e5deedfbf51288e4001e,56142 4 56396 8 56651 10 56906 11 57162 12 57417 13 57673 13 57929 13 58185 13 58442 11 58698 11 58954 10 59211 8 59468 6
04acab7636c4cf61d288a5962f15fa456b7bde31a021e5deedfbf51288e4001e,61718 10 61973 12 62228 14 62484 14 62740 14 62996 14 63252 14 63508 13 63765 10 64022 7
04acab7636c4cf61d288a5962f15fa456b7bde31a021e5deedfbf51288e4001e,7107 4 7362 6 7617 8 7872 9 8127 10 8383 10 8639 10 8896 9 9152 9 9409 8 9665 7 9921 7 10177 6 10433 5 10689 4
04acab7636c4cf61d288a5962f15fa456b7bde31a021e5deedfbf51288e4001e,32194 8 32449 10 32705 11 32961 12 33217 12 33473 12 33729 12 33985 12 34240 13 34496 13 34752 12 35009 11 35266 10 35523 8 35780 6
04acab7636c4cf61d288a5962f15fa456b7bde31a021e5deedfbf51288e4001e,1972 6 2227 8 2482 9 2738 9 2994 10 3250 10 3506 10 3762 10 4018 10 4274 9 4531 8 4788 6
04acab7636c4cf61d288a5962f15fa456b7bde31a021e5deedfbf51288e4001e,12966 4 13221 6 13477 7 13732 8 13988 9 14244 9 14500 9 14756 9 15012 9 15268 10 15524 10 15781 9 16037 9 16293 8 16550 6 16807 4
04acab7636c4cf61d288a5962f15fa456b7bde31a021e5deedfbf51288e4001e,31676 4 31931 6 32186 7 32441 8 32697 8 32953 8 33208 9 33464 9 33720 9 33976 9 34232 8 34489 7 34746 5
04acab7636c4cf61d288a5962f15fa456b7bde31a021e5deedfbf51288e4001e,7179 5 7434 10 7690 11 7945 13 8201 14 8457 14 8714 13 8971 12 9228 11 9485 10 9743 7 10001 3
04acab7636c4cf61d288a5962f15fa456b7bde31a021e5deedfbf51288e4001e,4835 3 5089 6 5344 8 5600 9 5856 10 6112 10 6368 11 6624 11 6880 11 7136 10 7393 9 7649 8 7906 6 8164 3
04acab7636c4cf61d288a5962f15fa456b7bde31a021e5deedfbf51288e4001e,31707 4 31960 8 32215 10 32470 12 32725 13 32980 15 33236 15 33492 15 33747 16 34003 16 34259 16 34514 17 34770 17 35026 17 35282 17 35538 16 35795 15 36051 14 36307 14 36564 12 36821 10 37078 7 37335 4
04acab7636c4cf61d288a5962f15fa456b7bde31a021e5deedfbf51288e4001e,43178 5 43433 7 43689 8 43944 9 44200 10 44456 10 44711 11 44967 11 45223 11 45479 10 45735 9 45991 8 46247 8 46504 5
04acab7636c4cf61d288a5962f15fa456b7bde31a021e5deedfbf51288e4001e,20103 5 20358 7 20614 8 20869 9 21125 9 21381 9 21637 9 21892 10 22148 10 22404 10 22660 10 22916 10 23173 8 23429 8 23686 6
04acab7636c4cf61d288a5962f15fa456b7bde31a021e5deedfbf51288e4001e,39221 5 39476 9 39731 11 39986 13 40242 14 40498 15 40754 16 41011 15 41267 15 41524 14 41782 12 42039 10 42297 7 42555 4
04acab7636c4cf61d288a5962f15fa456b7bde31a021e5deedfbf51288e4001e,500 9 756 10 1013 8 1269 7 1525 7 1783 4
04acab7636c4cf61d288a5962f15fa456b7bde31a021e5deedfbf51288e4001e,18769 4 19022 10 19277 12 19533 13 19789 13 20045 14 20302 13 20558 13 20815 12 21072 11 21329 9 21587 6
04acab7636c4cf61d288a5962f15fa456b7bde31a021e5deedfbf51288e4001e,62868 4 63123 7 63378 9 63634 10 63889 11 64145 12 64401 12 64657 12 64913 12 65169 11 65425 11
