0a7d30b252359a10fd298b638b90cb9ada3acced4e0c0e5a3692013f432ee4e9,46337 1 46593 4 46849 5 47105 7 47361 9 47617 10 47873 11 48129 11 48385 11 48641 12 48897 12 49153 13 49409 12 49665 12 49921 11 50177 11 50433 10 50689 10 50945 9 51201 9 51457 7 51715 3
0a7d30b252359a10fd298b638b90cb9ada3acced4e0c0e5a3692013f432ee4e9,34037 5 34291 9 34546 12 34801 14 35055 17 35310 19 35565 20 35819 22 36074 23 36329 24 36584 25 36839 26 37094 27 37350 27 37605 28 37861 28 38116 29 38372 29 38628 29 38885 28 39143 26 39399 26 39655 23 39911 22 40169 19 40425 17 40683 14 40940 11 41198 6
0a7d30b252359a10fd298b638b90cb9ada3acced4e0c0e5a3692013f432ee4e9,11075 4 11329 9 11584 11 11839 14 12095 15 12350 16 12606 17 12862 18 13117 19 13373 20 13629 20 13885 20 14142 19 14399 17 14656 16 14913 14 15169 13 15426 11 15684 7
0a7d30b252359a10fd298b638b90cb9ada3acced4e0c0e5a3692013f432ee4e9,200 19 457 18 713 17 970 15 1228 12 1485 10 1743 4
0a7d30b252359a10fd298b638b90cb9ada3acced4e0c0e5a3692013f432ee4e9,10994 4 11244 11 11494 17 11749 18 12004 19 12260 18 12516 18 12771 18 13027 17 13283 16 13540 10 13797 5
0a7d30b252359a10fd298b638b90cb9ada3acced4e0c0e5a3692013f432ee4e9,10168 4 10421 8 10675 10 10930 12 11185 13 11439 15 11694 16 11949 17 12204 18 12460 17 12716 16 12972 15 13228 14 13485 12 13743 9 14002 4
0a7d30b252359a10fd298b638b90cb9ada3acced4e0c0e5a3692013f432ee4e9,31780 6 32031 12 32286 15 32541 17 32796 19 33052 20 33307 22 33563 23 33819 23 34074 24 34330 25 34586 25 34842 25 35098 25 35355 24 35611 24 35868 23 36124 23 36381 21 36638 19 36895 18 37152 16 37410 13 37667 10
0a7d30b252359a10fd298b638b90cb9ada3acced4e0c0e5a3692013f432ee4e9,39959 5 40213 11 40467 15 40722 17 40977 19 41232 21 41487 23 41743 24 41999 24 42254 26 42510 27 42766 28 43022 28 43278 28 43534 28 43790 28 44046 28 44303 27 44560 25 44817 24 45074 22 45331 21 45588 19 45846 17 46103 15 46369 4
0a7d30b252359a10fd298b638b90cb9ada3acced4e0c0e5a3692013f432ee4e9,34766 4 35019 8 35274 11 35529 14 35784 16 36040 16 36296 17 36550 20 36806 20 37062 21 37318 21 37574 21 37830 21 38087 21 38343 20 38599 20 38856 19 39112 19 39369 17 39626 16 39883 14 40140 13 40397 10
0a7d30b252359a10fd298b638b90cb9ada3acced4e0c0e5a3692013f432ee4e9,5350 10 5605 12 5859 16 6114 18 6370 18 6625 20 6880 22 7136 22 7391 23 7647 23 7903 23 8159 23 8415 23 8671 23 8927 23 9183 22 9439 22 9696 20 9955 16 10212 13 10471 9
0a7d30b252359a10fd298b638b90cb9ada3acced4e0c0e5a3692013f432ee4e9,32769 7 33025 8 33281 9 33537 10 33793 10 34049 11 34305 11 34561 11 34817 11 35073 11 35329 11 35585 10 35841 9 36098 5
0a7d30b252359a10fd298b638b90cb9ada3acced4e0c0e5a3692013f432ee4e9,12417 6 12672 8 12927 11 13182 14 13438 16 13694 19 13950 20 14206 21 14462 22 14718 23 14974 23 15230 23 15486 23 15742 23 15998 23 16254 23 16510 23 16766 23 17022 23 17278 23 17534 22 17791 21 18048 20 18305 18 18562 16 18819 14 19077 11 19334 9
0a7d30b252359a10fd298b638b90cb9ada3acced4e0c0e5a3692013f432ee4e9,29935 11 30190 13 30446 13 30701 15 30957 16 31212 17 31468 17 31724 17 31979 18 32235 18 32491 18 32747 17 33003 17 33259 16 33515 16 33771 16 34028 9 34285 6
0a7d30b252359a10fd298b638b90cb9ada3acced4e0c0e5a3692013f432ee4e9,62977 2 63233 2 63489 3 63745 4 64001 4 64257 4 64513 4 64769 4 65025 5 65281 5
0a7d30b252359a10fd298b638b90cb9ada3acced4e0c0e5a3692013f432ee4e9,56372 12 56627 14 56882 16 57138 17 57394 18 57650 18 57906 19 58162 19 58418 20 58674 20 58930 20 59186 20 59435 5 59443 19 59690 7 59699 18 59944 28 60199 29 60453 30 60708 30 60964 17 60982 11 61221 16 61239 9 61478 15 61735 14 61991 14 62247 14 62503 14 62759 14 63015 13 63271 12 63527 11 63783 11 64041 8
0a7d30b252359a10fd298b638b90cb9ada3acced4e0c0e5a3692013f432ee4e9,62118 5 62373 7 62628 8 62884 8 63139 12 63394 15 63650 17 63906 18 64161 20 64417 20 64673 20 64930 19 65186 19 65443 17
0a7d30b252359a10fd298b638b90cb9ada3acced4e0c0e5a3692013f432ee4e9,1084 11 1338 14 1593 16 1848 18 2102 22 2357 24 2613 25 2869 25 3124 26 3380 26 3636 26 3892 26 4148 26 4404 25 4661 24 4917 23 5173 22 5430 20 5686 19 5942 15 6199 6
0a7d30b252359a10fd298b638b90cb9ada3acced4e0c0e5a3692013f432ee4e9,2171 9 2422 15 2676 19 2931 21 3187 22 3442 23 3698 24 3954 25 4210 25 4466 26 4722 26 4978 26 5234 26 5490 26 5746 26 6002 26 6258 25 6514 24 6770 23 7026 23 7283 21 7540 18 7797 14
0a7d30b252359a10fd298b638b90cb9ada3acced4e0c0e5a3692013f432ee4e9,61211 10 61466 12 61721 14 61976 15 62231 16 62486 17 62742 17 62998 17 63254 17 63510 17 63766 17 64023 16 64279 16 64535 16 64791 16 65048 14 65305 11
0a7d30b252359a10fd298b638b90cb9ada3acced4e0c0e5a3692013f432ee4e9,47401 9 47656 11 47910 14 48164 18 48420 21 48676 22 48931 24 49186 25 49443 24 49698 26 49955 25 50211 25 50467 24 50723 24 50980 22 51238 20 51496 17 51753 14 52011 11 52271 3
0a7d30b252359a10fd298b638b90cb9ada3acced4e0c0e5a3692013f432ee4e9,52752 1 53004 10 53258 17 53512 21 53767 23 54023 24 54278 26 54534 27 54790 28 55045 30 55301 31 55557 31 55813 32 56069 31 56325 31 56581 31 56837 32 57093 31 57349 31 57605 31 57862 30 58118 29 58374 28 58631 19 58651 2 58888 16 59145 12 59403 9 59662 5
0a7d30b252359a10fd298b638b90cb9ada3acced4e0c0e5a3692013f432ee4e9,46792 7 47047 10 47302 12 47557 14 47811 16 48067 17 48323 18 48578 19 48834 20 49090 20 49346 20 49602 20 49858 20 50114 20 50371 18 50627 17 50884 16 51141 14 51398 12 51656 9 51914 5
0a7d30b252359a10fd298b638b90cb9ada3acced4e0c0e5a3692013f432ee4e9,27875 6 28128 10 28383 12 28638 14 28893 16 29149 17 29405 17 29661 18 29917 18 30173 17 30429 17 30685 16 30941 16 31198 14 31455 13 31712 12 31969 6
0a7d30b252359a10fd298b638b90cb9ada3acced4e0c0e5a3692013f432ee4e9,61956 8 62211 10 62467 11 62723 12 62979 13 63235 13 63492 12 63749 11 64005 11 64261 11 64517 11 64773 11 65030 9 65288 6
0a7d30b252359a10fd298b638b90cb9ada3acced4e0c0e5a3692013f432ee4e9,36929 7 37183 11 37437 14 37692 15 37948 16 38203 18 38459 18 38715 18 38970 19 39226 20 39482 20 39738 20 39994 20 40251 19 40507 18 40763 18 41020 17 41277 15 41534 13 41792 10 42050 6
0a7d30b252359a10fd298b638b90cb9ada3acced4e0c0e5a3692013f432ee4e9,3788 6 4043 9 4299 11 4554 13 4810 14 5066 15 5322 15 5578 15 5834 15 6090 15 6346 15 6602 15 6858 15 7114 15 7370 15 7626 14 7883 12 8141 9 8398 6
0a7d30b252359a10fd298b638b90cb9ada3acced4e0c0e5a3692013f432ee4e9,43250 7 43504 10 43756 14 44011 16 44265 18 44520 20 44776 20 45032 21 45288 21 45544 22 45800 22 46056 22 46312 22 46568 22 46824 22 47080 22 47337 20 47594 19 47850 18 48107 16 48364 14 48622 11 48879 9
