0bda515e370294ed94efd36bd53782288acacb040c171df2ed97fd691fc9d8fe,62839 4 63094 6 63349 8 63605 8 63861 8 64117 9 64373 9 64629 9 64886 9 65142 9 65398 9
0bda515e370294ed94efd36bd53782288acacb040c171df2ed97fd691fc9d8fe,45102 6 45358 8 45613 10 45869 10 46126 9 46383 7 46641 4
0bda515e370294ed94efd36bd53782288acacb040c171df2ed97fd691fc9d8fe,34908 3 35163 5 35419 5 35675 5 35932 3
0bda515e370294ed94efd36bd53782288acacb040c171df2ed97fd691fc9d8fe,47631 3 47883 8 48138 9 48393 11 48649 11 48905 12 49161 12 49417 12 49673 12 49929 11 50186 7
0bda515e370294ed94efd36bd53782288acacb040c171df2ed97fd691fc9d8fe,56842 5 57098 6 57353 8 57609 8 57865 8 58121 8 58378 7 58635 6 58893 3
0bda515e370294ed94efd36bd53782288acacb040c171df2ed97fd691fc9d8fe,362 3 617 5 872 7 1128 8 1384 8 1640 8 1896 7 2152 7 2408 7 2664 7 2921 5
0bda515e370294ed94efd36bd53782288acacb040c171df2ed97fd691fc9d8fe,38249 2 38503 6 38758 8 39014 8 39269 10 39525 10 39781 10 40037 10 40293 9 40550 7 40807 5 41064 3
0bda515e370294ed94efd36bd53782288acacb040c171df2ed97fd691fc9d8fe,16179 4 16433 7 16688 8 16944 8 17200 7 17456 6 17713 3
0bda515e370294ed94efd36bd53782288acacb040c171df2ed97fd691fc9d8fe,3365 4 3619 7 3874 8 4129 9 4385 9 4640 9 4896 9 5153 8 5409 8 5665 7 5923 5
0bda515e370294ed94efd36bd53782288acacb040c171df2ed97fd691fc9d8fe,15882 3 16135 7 16389 10 16644 11 16899 12 17155 12 17412 9 17668 5
0bda515e370294ed94efd36bd53782288acacb040c171df2ed97fd691fc9d8fe,25630 1 25632 3 25883 8 26138 9 26393 11 26649 11 26905 11 27161 11 27417 11 27673 10 27929 10 28186 9 28443 7 28699 6
0bda515e370294ed94efd36bd53782288acacb040c171df2ed97fd691fc9d8fe,18228 6 18483 8 18739 9 18994 11 19250 11 19506 11 19762 11 20019 10 20276 8 20533 6
0bda515e370294ed94efd36bd53782288acacb040c171df2ed97fd691fc9d8fe,12849 5 13103 8 13359 9 13615 11 13871 6 13878 4 14127 5 14135 3 14383 5 14391 3 14641 9 14898 8 15155 6
0bda515e370294ed94efd36bd53782288acacb040c171df2ed97fd691fc9d8fe,60769 3 61022 6 61278 6 61533 7 61790 11 62046 11 62302 11 62559 10 62815 9 63072 7 63328 6 63586 1
0bda515e370294ed94efd36bd53782288acacb040c171df2ed97fd691fc9d8fe,35185 6 35441 7 35697 8 35953 9 36209 10 36466 11 36723 11 36980 9 37237 8 37495 6 37754 1
0bda515e370294ed94efd36bd53782288acacb040c171df2ed97fd691fc9d8fe,60250 5 60504 12 60759 10 61015 7 61270 8 61526 7 61782 8 62038 8 62294 8 62550 9 62807 8 63064 8 63325 3 63583 3 63587 1 63840 4
0bda515e370294ed94efd36bd53782288acacb040c171df2ed97fd691fc9d8fe,32902 3 33156 5 33411 9 33667 9 33922 10 34178 10 34434 10 34690 10 34946 9 35204 7 35460 6
0bda515e370294ed94efd36bd53782288acacb040c171df2ed97fd691fc9d8fe,33809 4 34064 7 34320 7 34576 7 34831 8 35087 7 35343 7 35600 6 35857 2
0bda515e370294ed94efd36bd53782288acacb040c171df2ed97fd691fc9d8fe,61 10 316 11 572 11 827 12 1083 11 1340 9 1596 8 1853 6
0bda515e370294ed94efd36bd53782288acacb040c171df2ed97fd691fc9d8fe,53347 2 53602 5 53858 6 54113 7 54368 8 54624 8 54880 8 55136 8 55392 9 55649 8 55905 8 56164 5
0bda515e370294ed94efd36bd53782288acacb040c171df2ed97fd691fc9d8fe,1392 4 1648 7 1903 9 2159 9 2415 10 2671 10 2927 10 3183 10 3440 9 3697 7
0bda515e370294ed94efd36bd53782288acacb040c171df2ed97fd691fc9d8fe,53806 3 54061 5 54317 5 54573 5 54830 3
0bda515e370294ed94efd36bd53782288acacb040c171df2ed97fd691fc9d8fe,5451 6 5706 8 5962 8 6218 8 6475 6
0bda515e370294ed94efd36bd53782288acacb040c171df2ed97fd691fc9d8fe,29091 7 29346 9 29600 11 29854 13 30108 15 30364 13 30620 12 30877 10 31137 5
0bda515e370294ed94efd36bd53782288acacb040c171df2ed97fd691fc9d8fe,35927 5 36183 6 36438 9 36693 10 36948 11 37204 11 37460 11 37716 10 37972 10 38228 10 38484 10 38740 10 38996 9 39252 9 39509 8 39765 7 40023 4
0bda515e370294ed94efd36bd53782288acacb040c171df2ed97fd691fc9d8fe,4977 4 5231 8 5486 10 5741 11 5997 11 6253 11 6510 10 6766 10 7024 6
0bda515e370294ed94efd36bd53782288acacb040c171df2ed97fd691fc9d8fe,33183 6 33439 6 33690 11 33946 11 34203 4 34208 5
0bda515e370294ed94efd36bd53782288acacb040c171df2ed97fd691fc9d8fe,37633 3 37889 5 38145 6 38401 7 38657 8 38913 7 39169 7 39425 7 39681 7 39937 7 39946 4 40193 7 40201 6 40450 5 40456 7 40712 7 40968 6 41224 5 41480 5 41736 5 41992 5 42248 6 42504 7 42760 7 43017 6 43274 5 43531 3
0bda515e370294ed94efd36bd53782288acacb040c171df2ed97fd691fc9d8fe,14372 1 14627 4 14882 6 15137 7 15393 7 15648 8 15904 8 16160 8 16416 8 16673 6 16930 4
0bda515e370294ed94efd36bd53782288acacb040c171df2ed97fd691fc9d8fe,47636 5 47891 7 48147 8 48404 7 48660 7 48917 6 49173 6 49429 6 49685 6 49941 5
0bda515e370294ed94efd36bd53782288acacb040c171df2ed97fd691fc9d8fe,541 4 795 7 1050 8 1306 8 1561 9 1817 9 2073 8 2330 7 2586 6
0bda515e370294ed94efd36bd53782288acacb040c171df2ed97fd691fc9d8fe,148 5 403 7 658 9 914 9 1170 10 1426 10 1682 10 1938 10 2195 9 2451 9 2709 6
0bda515e370294ed94efd36bd53782288acacb040c171df2ed97fd691fc9d8fe,6757 4 7012 6 7268 6 7523 7 7779 7 8035 7 8292 6 8549 4
0bda515e370294ed94efd36bd53782288acacb040c171df2ed97fd691fc9d8fe,5728 3 5983 5 6239 6 6495 6 6751 6 7007 5 7263 5 7520 3
0bda515e370294ed94efd36bd53782288acacb040c171df2ed97fd691fc9d8fe,6731 5 6986 7 7242 7 7498 7 7755 5
0bda515e370294ed94efd36bd53782288acacb040c171df2ed97fd691fc9d8fe,47923 8 48177 10 48433 10 48689 10 48945 11 49201 11 49458 8 49715 7 49973 5
0bda515e370294ed94efd36bd53782288acacb040c171df2ed97fd691fc9d8fe,53016 5 53271 9 53526 12 53782 12 54039 11 54295 11 54553 8
0bda515e370294ed94efd36bd53782288acacb040c171df2ed97fd691fc9d8fe,18716 5 18971 6 19227 6 19483 5 19739 4
0bda515e370294ed94efd36bd53782288acacb040c171df2ed97fd691fc9d8fe,16920 4 17175 6 17430 7 17686 7 17943 6 18200 2
0bda515e370294ed94efd36bd53782288acacb040c171df2ed97fd691fc9d8fe,28794 4 29049 6 29304 8 29560 9 29816 9 30072 9 30328 9 30584 9 30840 8 31097 7 31354 5
0bda515e370294ed94efd36bd53782288acacb040c171df2ed97fd691fc9d8fe,31497 5 31752 6 32007 7 32263 7 32519 7 32775 7 33031 7 33288 5
0bda515e370294ed94efd36bd53782288acacb040c171df2ed97fd691fc9d8fe,18703 5 18954 10 19209 12 19464 13 19720 13 19975 13 20231 13 20488 10
0bda515e370294ed94efd36bd53782288acacb040c171df2ed97fd691fc9d8fe,36734 3 36989 5 37245 5 37501 5 37758 3
0bda515e370294ed94efd36bd53782288acacb040c171df2ed97fd691fc9d8fe,40974 2 41229 6 41485 7 41741 8 41997 8 42254 7 42511 6 42767 7 43023 7 43280 5
0bda515e370294ed94efd36bd53782288acacb040c171df2ed97fd691fc9d8fe,42875 4 43129 7 43384 9 43640 9 43895 11 44150 12 44406 12 44662 12 44918 13 45173 14 45430 13 45686 12 45943 10 46200 8 46458 5
0bda515e370294ed94efd36bd53782288acacb040c171df2ed97fd691fc9d8fe,40788 3 41043 5 41299 5 41555 5 41812 3
0bda515e370294ed94efd36bd53782288acacb040c171df2ed97fd691fc9d8fe,17197 3 17451 5 17706 7 17962 7 18218 7 18474 6 18731 5 18985 6 19241 5 19498 4 19754 4 20012 2
0bda515e370294ed94efd36bd53782288acacb040c171df2ed97fd691fc9d8fe,45069 4 45324 8 45580 10 45835 11 46093 9 46351 7
0bda515e370294ed94efd36bd53782288acacb040c171df2ed97fd691fc9d8fe,8983 2 9237 6 9492 7 9747 9 10002 10 10258 10 10514 9 10770 9 11026 8 11282 7 11540 4
0bda515e370294ed94efd36bd53782288acacb040c171df2ed97fd691fc9d8fe,22656 3 22911 5 23167 5 23423 5 23680 3
0bda515e370294ed94efd36bd53782288acacb040c171df2ed97fd691fc9d8fe,237 13 493 13 749 13 1006 12 1264 9 1523 5
0bda515e370294ed94efd36bd53782288acacb040c171df2ed97fd691fc9d8fe,51184 4 51438 8 51693 9 51948 11 52204 11 52460 11 52716 11 52972 11 53229 10 53486 8
0bda515e370294ed94efd36bd53782288acacb040c171df2ed97fd691fc9d8fe,2172 7 2428 9 2684 9 2940 9 3196 9 3453 8 3711 6 3969 3
