0bf33d3db4282d918ec3da7112d0bf0427d4eafe74b3ee0bb419770eefe8d7d6,19508 5 19763 7 20018 8 20273 9 20529 9 20784 10 21040 10 21296 10 21552 9 21807 10 22063 10 22319 10 22575 9 22830 10 23085 10 23340 11 23595 11 23850 11 24105 12 24360 12 24615 13 24870 13 25126 13 25381 13 25636 13 25892 12 26147 12 26403 11 26658 12 26913 12 27168 12 27423 12 27678 13 27934 12 28189 12 28445 11 28701 10 28956 10 29211 10 29467 10 29723 9 29979 8 30234 8 30490 7 30745 7 31001 6 31257 5 31513 4 31770 2
0bf33d3db4282d918ec3da7112d0bf0427d4eafe74b3ee0bb419770eefe8d7d6,39671 6 39926 8 40181 10 40436 11 40691 12 40946 13 41201 13 41457 13 41712 13 41968 12 42224 11 42480 3 42487 3
0bf33d3db4282d918ec3da7112d0bf0427d4eafe74b3ee0bb419770eefe8d7d6,11654 3 11909 5 12164 7 12419 8 12674 9 12929 10 13184 11 13440 10 13695 11 13951 11 14206 12 14461 13 14717 13 14972 13 15228 13 15483 13 15738 13 15994 13 16249 14 16504 14 16760 14 17015 14 17271 14 17526 14 17782 13 18037 14 18293 13 18548 13 18804 13 19059 13 19314 14 19570 13 19826 12 20082 11 20337 11 20593 10 20848 10 21104 10 21359 10 21615 10 21870 10 22125 10 22380 10 22635 11 22891 11 23146 12 23402 12 23657 13 23913 13 24169 13 24425 12 24681 11 24937 5 25194 3
0bf33d3db4282d918ec3da7112d0bf0427d4eafe74b3ee0bb419770eefe8d7d6,52378 3 52633 4 52888 5 53144 5 53399 5 53654 6 53909 7 54164 8 54420 8 54675 9 54930 10 55185 11 55440 11 55696 10 55952 10 56207 11 56463 10 56719 10 56974 11 57230 10 57486 9 57741 10 57997 10 58253 9 58509 8 58765 7 59021 6 59277 5 59532 5 59788 5 60045 3
0bf33d3db4282d918ec3da7112d0bf0427d4eafe74b3ee0bb419770eefe8d7d6,29323 4 29577 7 29832 9 30087 10 30342 12 30597 13 30851 14 31106 15 31360 16 31614 18 31869 19 32124 19 32379 20 32634 20 32889 21 33144 22 33399 22 33654 23 33910 23 34165 23 34421 22 34676 23 34931 23 35187 22 35442 23 35698 22 35953 23 36209 23 36464 23 36720 22 36975 22 37231 21 37487 21 37742 22 37998 21 38254 19 38509 18 38765 17 39021 15 39277 14 39532 13 39788 12 40043 12 40299 11 40555 11 40810 11 41066 10 41321 10 41577 9 41832 10 42087 10 42343 9 42598 9 42854 9 43110 8 43366 7 43622 5 43879 3
0bf33d3db4282d918ec3da7112d0bf0427d4eafe74b3ee0bb419770eefe8d7d6,30563 4 30817 7 31072 8 31327 9 31582 10 31837 11 32091 13 32346 14 32602 14 32858 13 33113 14 33369 13 33625 13 33881 13 34137 13 34392 14 34648 14 34904 14 35160 14 35416 13 35673 12 35929 12 36185 12 36442 11 36699 9 36957 6
0bf33d3db4282d918ec3da7112d0bf0427d4eafe74b3ee0bb419770eefe8d7d6,47 13 302 13 558 13 814 12 1070 12 1325 13 1581 12 1837 11 2093 10 2349 9 2605 9 2861 8 3117 8 3374 6 3631 4
0bf33d3db4282d918ec3da7112d0bf0427d4eafe74b3ee0bb419770eefe8d7d6,91 10 346 12 602 12 857 13 1113 13 1368 14 1623 15 1879 15 2135 15 2390 15 2645 16 2901 15 3157 15 3412 15 3668 14 3923 14 4179 13 4435 12 4691 11 4947 10 5204 8 5461 5
0bf33d3db4282d918ec3da7112d0bf0427d4eafe74b3ee0bb419770eefe8d7d6,41662 6 41917 8 42172 9 42427 10 42682 11 42937 12 43193 12 43448 13 43704 13 43959 13 44214 14 44470 13 44725 14 44981 13 45236 13 45491 13 45746 13 46001 13 46257 13 46512 13 46768 12 47023 12 47278 12 47534 12 47789 12 48045 12 48301 11 48557 10 48812 11 49068 10 49324 9 49580 9 49836 8 50092 7 50348 6 50604 6 50860 5 51116 4 51373 2
0bf33d3db4282d918ec3da7112d0bf0427d4eafe74b3ee0bb419770eefe8d7d6,78108 2 78363 4 78618 5 78874 5 79129 7 79385 7 79641 7 79896 8 80152 8 80407 9 80663 9 80918 10 81174 10 81429 11 81685 10
0bf33d3db4282d918ec3da7112d0bf0427d4eafe74b3ee0bb419770eefe8d7d6,58367 2 58622 3 58878 3 59133 4 59389 4 59644 5 59900 5 60155 6 60410 7 60665 8 60920 9 61176 9 61431 10 61687 10 61942 11 62197 12 62452 13 62708 13 62964 13 63220 13 63475 13 63731 12 63987 12 64242 12 64498 11 64754 11 65009 12 65265 11 65520 12 65776 11 66031 11 66287 11 66543 10 66798 11 67054 10 67310 9 67565 10 67821 9 68076 10 68332 9 68588 8 68844 7 69099 7 69354 8 69610 7 69866 6 70121 7 70377 6 70633 5 70890 2
0bf33d3db4282d918ec3da7112d0bf0427d4eafe74b3ee0bb419770eefe8d7d6,5903 2 6158 4 6414 4 6669 5 6925 6 7180 7 7436 7 7691 8 7947 8 8203 8 8458 9 8714 9 8970 9 9226 9 9481 10 9737 10 9993 10 10248 11 10504 11 10759 12 11015 12 11270 13 11526 13 11781 14 12037 14 12293 13 12549 13 12804 14 13060 14 13316 13 13572 13 13828 13 14084 12 14339 13 14595 13 14851 13 15107 12 15363 12 15618 13 15874 12 16130 12 16386 11 16642 11 16898 10 17154 10 17410 10 17666 9 17922 8 18179 7 18435 6 18692 4
0bf33d3db4282d918ec3da7112d0bf0427d4eafe74b3ee0bb419770eefe8d7d6,43827 2 44081 5 44335 7 44589 9 44843 10 45098 10 45352 12 45606 13 45861 13 46115 14 46370 14 46625 14 46880 15 47135 15 47390 15 47644 16 47899 16 48154 16 48409 16 48664 16 48920 15 49175 15 49431 14 49686 14 49942 13 50197 13 50453 12 50709 11 50965 10 51220 11 51476 10 51731 11 51987 10 52243 9 52499 9 52755 8 53012 6 53269 4
0bf33d3db4282d918ec3da7112d0bf0427d4eafe74b3ee0bb419770eefe8d7d6,24330 7 24584 10 24839 12 25094 14 25350 14 25605 15 25861 15 26116 16 26372 16 26628 16 26883 16 27139 16 27395 16 27651 15 27907 15 28164 13 28421 11 28679 7
0bf33d3db4282d918ec3da7112d0bf0427d4eafe74b3ee0bb419770eefe8d7d6,67119 4 67373 7 67628 8 67882 10 68137 11 68390 13 68644 15 68898 17 69153 17 69406 19 69661 20 69916 20 70171 20 70426 21 70680 22 70935 22 71190 22 71445 22 71700 22 71956 21 72211 20 72466 19 72721 19 72977 17 73232 17 73487 17 73743 17 73999 16 74255 15 74510 15 74766 14 75022 13 75278 12 75534 11 75791 9 76047 8 76303 7 76560 3
0bf33d3db4282d918ec3da7112d0bf0427d4eafe74b3ee0bb419770eefe8d7d6,36942 3 37196 6 37451 7 37707 7 37962 8 38218 8 38473 9 38728 10 38984 9 39239 10 39494 11 39749 12 40004 12 40260 12 40515 12 40770 13 41026 12 41281 13 41536 13 41791 14 42047 14 42302 14 42558 14 42813 14 43068 14 43323 15 43579 14 43835 14 44091 13 44347 13 44603 12 44859 12 45114 12 45369 12 45625 12 45880 13 46135 14 46391 13 46647 13 46903 13 47159 12 47415 11 47671 11 47927 11 48183 10 48439 9 48695 9 48951 8 49208 7 49464 6 49721 4
0bf33d3db4282d918ec3da7112d0bf0427d4eafe74b3ee0bb419770eefe8d7d6,61541 2 61796 4 62052 4 62307 5 62562 6 62818 6 63073 6 63328 7 63584 7 63839 8 64094 8 64350 8 64605 9 64860 10 65116 10 65371 11 65626 11 65881 12 66136 13 66392 13 66647 14 66903 14 67158 14 67413 15 67668 16 67924 15 68180 15 68435 16 68690 17 68945 17 69201 17 69456 17 69712 17 69968 16 70224 16 70479 16 70735 15 70991 14 71247 13 71503 12 71760 10 72017 8 72274 5
0bf33d3db4282d918ec3da7112d0bf0427d4eafe74b3ee0bb419770eefe8d7d6,48498 5 48751 10 49005 13 49260 14 49515 16 49769 18 50024 19 50278 21 50533 22 50788 23 51043 24 51298 25 51554 25 51810 25 52065 25 52320 26 52576 25 52831 26 53087 26 53343 26 53599 25 53855 25 54111 24 54368 22 54624 21 54880 20 55137 18 55393 17 55650 15 55906 14 56163 12 56419 11 56676 9 56933 6
0bf33d3db4282d918ec3da7112d0bf0427d4eafe74b3ee0bb419770eefe8d7d6,236 7 492 7 747 8 1003 8 1258 8 1514 7 1770 7 2026 7 2282 6 2537 7 2793 7 3048 7 3304 7 3559 7 3815 7 4071 6 4326 6 4582 5 4838 5 5094 4
0bf33d3db4282d918ec3da7112d0bf0427d4eafe74b3ee0bb419770eefe8d7d6,21 9 277 9 533 9 788 10 1044 9 1300 9 1556 9 1812 8 2068 7 2324 7 2580 6 2837 4 3094 2
0bf33d3db4282d918ec3da7112d0bf0427d4eafe74b3ee0bb419770eefe8d7d6,42483 4 42735 10 42990 11 43246 11 43502 11 43758 12 44014 13 44270 13 44526 14 44782 15 45039 14 45295 15 45552 14 45808 14 46065 13 46322 13 46580 11 46837 9 47098 3
0bf33d3db4282d918ec3da7112d0bf0427d4eafe74b3ee0bb419770eefe8d7d6,30 11 286 10 542 10 798 9 1053 9 1309 9 1565 8 1822 6 2078 5 2335 3
0bf33d3db4282d918ec3da7112d0bf0427d4eafe74b3ee0bb419770eefe8d7d6,4579 3 4834 4 5089 5 5345 5 5601 5 5856 6 6112 6 6367 7 6623 6 6878 7 7133 8 7389 8 7644 9 7900 9 8156 9 8411 10 8667 10 8923 10 9179 10 9434 11 9689 12 9945 12 10201 12 10457 11 10712 12 10968 12 11224 12 11480 12 11736 12 11991 12 12247 12 12502 13 12758 13 13014 13 13270 13 13526 13 13781 13 14037 13 14293 12 14549 12 14805 11 15061 11 15316 12 15572 12 15828 12 16084 11 16340 11 16596 10 16852 10 17108 9 17364 8 17620 7 17876 7 18132 6 18388 5 18645 4 18902 3
0bf33d3db4282d918ec3da7112d0bf0427d4eafe74b3ee0bb419770eefe8d7d6,35090 10 35345 12 35599 15 35853 18 36108 19 36363 20 36618 20 36873 18 37128 18 37383 18 37638 18 37893 18 38147 18 38402 18 38658 17 38915 15 39172 13 39431 2
0bf33d3db4282d918ec3da7112d0bf0427d4eafe74b3ee0bb419770eefe8d7d6,11261 4 11516 5 11771 6 12026 7 12281 8 12536 9 12792 9 13047 10 13302 11 13557 12 13813 12 14068 11 14323 12 14578 13 14834 13 15089 13 15344 13 15600 13 15855 13 16110 14 16366 13 16622 12 16877 13 17132 13 17388 12 17643 13 17899 13 18155 12 18410 13 18666 12 18921 13 19177 12 19433 12 19688 12 19944 12 20199 12 20455 12 20710 12 20966 12 21222 11 21477 12 21733 11 21989 10 22244 10 22500 10 22755 10 23011 9 23267 8 23523 7 23779 6 24036 4
0bf33d3db4282d918ec3da7112d0bf0427d4eafe74b3ee0bb419770eefe8d7d6,79 9 334 10 590 9 846 8 1102 8 1357 8 1613 6 1869 5 2125 4 2382 2
0bf33d3db4282d918ec3da7112d0bf0427d4eafe74b3ee0bb419770eefe8d7d6,23962 2 24217 4 24473 4 24728 5 24984 5 25240 5 25496 5 25752 5 26007 5 26263 5 26518 5 26774 5 27030 4 27285 4 27541 4 27797 4 28053 5 28310 4
0bf33d3db4282d918ec3da7112d0bf0427d4eafe74b3ee0bb419770eefe8d7d6,41733 3 41987 6 42242 7 42498 7 42753 8 43009 8 43265 7 43521 6 43777 5 44033 5 44289 4 44545 2 44801 1 45057 1 45313 1
0bf33d3db4282d918ec3da7112d0bf0427d4eafe74b3ee0bb419770eefe8d7d6,68739 2 68994 4 69250 4 69505 5 69760 5 70015 5 70270 6 70525 6 70780 7 71035 8 71289 10 71544 10 71799 11 72053 12 72308 13 72563 13 72818 13 73073 14 73328 15 73583 15 73839 15 74094 16 74350 15 74605 15 74861 15 75116 15 75372 15 75628 14 75884 14 76140 13 76396 13 76652 12 76908 12 77164 11 77420 10 77676 9 77932 8 78188 7 78444 6 78700 5 78956 4 79213 2
