0c2550a23b8a0f29a7575de8c61690d3c31bc897dd5ba66caec201d201a278c2,1234 9 1485 17 1740 19 1994 24 2249 26 2505 27 2762 26 3019 26 3275 26 3531 26 3786 27 4042 27 4298 27 4554 26 4811 23 5068 19 5325 13 5582 10 5842 1
0c2550a23b8a0f29a7575de8c61690d3c31bc897dd5ba66caec201d201a278c2,30644 5 30896 13 31150 16 31405 18 31660 19 31915 21 32171 21 32426 22 32681 23 32936 24 33192 23 33447 24 33703 23 33959 23 34215 23 34471 23 34727 24 34984 23 35240 23 35496 22 35753 20 36011 1 36015 13 36274 8 36532 3
0c2550a23b8a0f29a7575de8c61690d3c31bc897dd5ba66caec201d201a278c2,38816 3 39070 6 39325 7 39579 9 39834 10 40089 11 40344 12 40599 13 40854 14 41109 14 41365 14 41620 14 41876 14 42131 14 42387 14 42643 13 42899 13 43158 8 43417 4
0c2550a23b8a0f29a7575de8c61690d3c31bc897dd5ba66caec201d201a278c2,67114 5 67368 8 67623 9 67878 10 68133 11 68389 11 68645 11 68901 10 69158 8 69414 7 69671 4
0c2550a23b8a0f29a7575de8c61690d3c31bc897dd5ba66caec201d201a278c2,66141 3 66396 5 66652 5 66906 7 67160 9 67171 1 67416 9 67426 2 67672 12 67929 11 68185 11 68442 10 68700 8 68957 7 69213 6 69470 5 69727 3
0c2550a23b8a0f29a7575de8c61690d3c31bc897dd5ba66caec201d201a278c2,78175 7 78429 12 78683 15 78938 17 79192 19 79447 21 79703 21 79958 22 80212 25 80467 26 80722 26 80978 26 81233 26 81489 25 81745 24
0c2550a23b8a0f29a7575de8c61690d3c31bc897dd5ba66caec201d201a278c2,50516 7 50770 11 51026 13 51281 16 51537 17 51793 18 52049 19 52305 20 52561 20 52818 20 53074 21 53331 21 53587 22 53844 22 54100 22 54356 22 54612 22 54868 22 55125 22 55381 22 55637 22 55894 21 56151 19 56409 15 56666 13 56923 10 57179 9 57434 8 57690 6
0c2550a23b8a0f29a7575de8c61690d3c31bc897dd5ba66caec201d201a278c2,38576 9 38829 14 39083 17 39337 21 39593 22 39849 23 40104 25 40360 25 40616 25 40872 25 41128 24 41385 22 41642 19 41901 15 42162 5
0c2550a23b8a0f29a7575de8c61690d3c31bc897dd5ba66caec201d201a278c2,11062 13 11313 20 11567 23 11821 25 12076 26 12329 29 12585 27 12841 25 13097 22 13352 21 13608 20 13863 20 14118 23 14373 27 14629 30 14884 33 15140 35 15397 36 15653 39 15910 40 16167 3 16175 34 16433 34 16691 33 16950 30 17208 26
0c2550a23b8a0f29a7575de8c61690d3c31bc897dd5ba66caec201d201a278c2,53506 3 53761 4 54017 4 54273 3 54529 2 54785 3 55041 7 55297 7 55553 7 55809 8 56065 8 56321 9 56577 9 56833 9 57089 9 57345 9 57601 9 57857 9 58114 8 58371 7 58627 7 58883 7 59138 8 59394 7 59650 6 59906 6 60161 6 60417 5 60673 4 60930 2
0c2550a23b8a0f29a7575de8c61690d3c31bc897dd5ba66caec201d201a278c2,65949 2 66204 3 66458 7 66710 11 66965 13 67221 14 67477 15 67733 15 67990 15 68246 15 68502 15 68758 15 69014 15 69270 14 69526 12 69782 10 70038 9
0c2550a23b8a0f29a7575de8c61690d3c31bc897dd5ba66caec201d201a278c2,81085 6 81340 9 81595 11 81851 12
0c2550a23b8a0f29a7575de8c61690d3c31bc897dd5ba66caec201d201a278c2,44292 8 44547 10 44802 13 45057 15 45313 16 45569 17 45825 18 46081 18 46337 19 46593 19 46849 19 47106 18 47362 23 47619 23 47875 22 48132 21 48389 19 48645 19 48902 18 49160 16 49417 15 49675 12 49932 11 50190 7 50448 3
0c2550a23b8a0f29a7575de8c61690d3c31bc897dd5ba66caec201d201a278c2,32391 10 32643 15 32896 20 33151 21 33406 22 33661 24 33917 24 34173 24 34429 24 34686 23 34942 23 35198 22 35454 22 35710 22 35967 21 36223 20 36480 18 36738 15 36998 9
0c2550a23b8a0f29a7575de8c61690d3c31bc897dd5ba66caec201d201a278c2,34614 3 34869 5 35124 7 35379 10 35634 11 35881 22 36136 23 36392 24 36648 24 36903 26 37159 26 37415 26 37671 26 37928 25 38185 24 38442 9 38452 13 38698 9 38713 7 38954 9 38971 4 39210 9 39466 9 39722 10 39978 10 40234 11 40491 10 40747 11 41004 9 41261 8
0c2550a23b8a0f29a7575de8c61690d3c31bc897dd5ba66caec201d201a278c2,65396 3 65649 7 65904 9 66159 10 66414 11 66669 11 66925 11 67181 11 67436 12 67692 11 67948 11 68205 10 68461 10 68718 9 68975 7 69232 4
0c2550a23b8a0f29a7575de8c61690d3c31bc897dd5ba66caec201d201a278c2,52177 4 52428 12 52682 16 52936 19 53192 19 53447 20 53703 20 53959 20 54216 19 54472 18 54728 17 54984 16 55240 14 55496 12 55753 11 56010 8
0c2550a23b8a0f29a7575de8c61690d3c31bc897dd5ba66caec201d201a278c2,174 21 197 5 428 23 452 6 684 30 939 8 949 19 1195 7 1205 18 1451 7 1461 17 1707 6 1718 14 1963 5 1974 7 1982 5 2219 4 2231 6 2238 4 2476 2 2488 4 2745 2
0c2550a23b8a0f29a7575de8c61690d3c31bc897dd5ba66caec201d201a278c2,99 35 356 33 613 32 870 31 1127 29 1384 28 1641 26 1899 23 2160 18 2419 15 2677 12 2936 5 2942 1
0c2550a23b8a0f29a7575de8c61690d3c31bc897dd5ba66caec201d201a278c2,33814 7 34069 10 34324 12 34580 12 34836 13 35092 14 35348 14 35605 14 35861 14 36118 13 36374 13 36631 11 36888 9 37144 8 37401 7 37658 4
0c2550a23b8a0f29a7575de8c61690d3c31bc897dd5ba66caec201d201a278c2,24943 8 25198 11 25213 6 25454 23 25709 26 25965 27 26221 27 26477 27 26733 27 26989 28 27245 28 27501 28 27758 26 28015 25 28272 24 28531 20 28788 18 29046 15 29304 13 29561 11 29819 8 30077 5
0c2550a23b8a0f29a7575de8c61690d3c31bc897dd5ba66caec201d201a278c2,42886 11 43140 17 43395 21 43650 26 43906 30 44162 30 44418 30 44674 30 44931 27 45188 24 45445 24 45702 22 45959 19 46216 15 46474 11 46731 7
0c2550a23b8a0f29a7575de8c61690d3c31bc897dd5ba66caec201d201a278c2,42214 6 42468 9 42723 10 42977 12 43232 13 43488 14 43743 18 43999 19 44247 5 44255 19 44503 6 44511 18 44758 26 45013 22 45269 22 45525 22 45781 22 46037 23 46293 24 46550 23 46806 25 47062 25 47320 23 47576 23 47834 16 48091 7 48349 4
0c2550a23b8a0f29a7575de8c61690d3c31bc897dd5ba66caec201d201a278c2,17806 6 18060 10 18315 13 18570 17 18825 18 19081 19 19336 21 19592 22 19847 23 20103 23 20358 25 20614 25 20869 26 21124 27 21380 27 21636 27 21891 27 22147 25 22403 23 22659 22 22915 21 23171 21 23195 1 23428 25 23684 25 23942 24 24199 23 24457 5 24464 13 24723 10 24980 8 25239 5
0c2550a23b8a0f29a7575de8c61690d3c31bc897dd5ba66caec201d201a278c2,10067 6 10320 12 10576 14 10830 17 11085 18 11340 20 11594 22 11849 24 12105 24 12360 26 12616 27 12872 27 13127 28 13382 30 13638 30 13894 30 14150 30 14406 29 14663 28 14919 28 15175 28 15433 25 15692 21 15950 16 16209 5
0c2550a23b8a0f29a7575de8c61690d3c31bc897dd5ba66caec201d201a278c2,9368 2 9621 7 9872 14 10125 19 10376 24 10631 25 10886 27 11142 7 11151 18 11399 5 11408 18 11657 3 11664 19 11921 19 12177 19 12433 19 12690 18 12946 17 13203 15 13460 13 13716 13 13973 11 14231 7
0c2550a23b8a0f29a7575de8c61690d3c31bc897dd5ba66caec201d201a278c2,47314 4 47568 7 47822 9 48076 12 48329 16 48583 18 48837 21 49093 21 49349 21 49605 20 49861 19 50117 19 50373 18 50630 16 50888 11
0c2550a23b8a0f29a7575de8c61690d3c31bc897dd5ba66caec201d201a278c2,27466 7 27721 9 27976 12 28231 23 28486 25 28741 27 28997 27 29252 28 29508 28 29764 28 30019 30 30275 30 30531 30 30787 30 31043 30 31299 30 31555 30 31811 30 32067 30 32323 29 32579 28 32836 20 32860 3 33092 20 33348 20 33605 19 33862 17 34120 14 34378 10 34636 6
0c2550a23b8a0f29a7575de8c61690d3c31bc897dd5ba66caec201d201a278c2,44225 3 44481 7 44737 9 44993 10 45248 12 45498 1 45503 14 45754 20 46009 21 46264 23 46518 25 46773 26 47027 28 47282 29 47538 27 47794 26 48051 21 48307 17 48563 12 48819 9 49076 6 49332 4
0c2550a23b8a0f29a7575de8c61690d3c31bc897dd5ba66caec201d201a278c2,18540 8 18795 10 19050 11 19305 11 19561 10 19817 12 20073 12 20329 12 20586 10 20843 7 21101 2
0c2550a23b8a0f29a7575de8c61690d3c31bc897dd5ba66caec201d201a278c2,73503 6 73756 12 74012 13 74267 15 74522 17 74777 19 75033 19 75289 20 75544 21 75800 21 76056 21 76312 21 76568 21 76824 21 77081 20 77337 20 77594 10 77609 3
0c2550a23b8a0f29a7575de8c61690d3c31bc897dd5ba66caec201d201a278c2,49964 6 50217 11 50471 14 50726 15 50981 16 51236 17 51492 17 51748 17 52004 17 52260 16 52516 15 52772 14 53029 12 53285 11 53541 10 53797 9 54054 7 54311 3
0c2550a23b8a0f29a7575de8c61690d3c31bc897dd5ba66caec201d201a278c2,61857 11 62112 16 62367 18 62623 20 62879 20 63135 21 63391 21 63647 21 63903 21 64159 22 64415 22 64672 21 64928 21 65185 20 65441 19 65698 18 65955 16 66212 14 66468 13 66726 9
0c2550a23b8a0f29a7575de8c61690d3c31bc897dd5ba66caec201d201a278c2,80623 4 80875 9 81128 12 81382 15 81635 18 81890 19
0c2550a23b8a0f29a7575de8c61690d3c31bc897dd5ba66caec201d201a278c2,58857 5 59110 9 59364 12 59619 13 59874 15 60129 17 60385 19 60640 20 60896 21 61152 21 61408 21 61664 22 61920 23 62176 22 62432 23 62688 23 62944 23 63199 25 63455 25 63712 24 63968 24 64225 23 64482 21 64741 14
0c2550a23b8a0f29a7575de8c61690d3c31bc897dd5ba66caec201d201a278c2,58385 6 58641 7 58896 9 59152 11 59408 12 59664 12 59920 12 60176 12 60433 11 60691 7
0c2550a23b8a0f29a7575de8c61690d3c31bc897dd5ba66caec201d201a278c2,44461 7 44712 16 44965 19 45219 21 45474 22 45729 22 45984 23 46239 22 46494 21 46749 21 47005 20 47261 19 47517 19 47773 17 48029 16 48286 15 48543 12 48800 8
0c2550a23b8a0f29a7575de8c61690d3c31bc897dd5ba66caec201d201a278c2,75933 8 76188 11 76444 11 76699 12 76954 14 77210 14 77465 15 77720 16 77976 16 78232 17 78488 17 78744 17 79000 17 79256 18 79512 18 79769 18 80025 18 80282 17 80538 17 80795 16 81051 16 81309 13 81568 8 81827 3
0c2550a23b8a0f29a7575de8c61690d3c31bc897dd5ba66caec201d201a278c2,32880 8 33134 12 33388 15 33643 17 33898 19 34154 19 34410 19 34666 20 34922 20 35178 20 35434 20 35691 19 35947 20 36203 20 36459 21 36715 22 36971 22 37227 21 37484 20 37740 19 37996 18 38253 16 38509 11 38765 9 39022 6 39279 4 39536 2
0c2550a23b8a0f29a7575de8c61690d3c31bc897dd5ba66caec201d201a278c2,147 21 403 20 660 6 668 10 917 4 924 8 1181 6 1438 3
0c2550a23b8a0f29a7575de8c61690d3c31bc897dd5ba66caec201d201a278c2,65669 10 65923 13 66178 14 66433 16 66688 18 66943 20 67198 22 67452 24 67707 25 67962 27 68218 27 68473 29 68729 29 68985 29 69241 29 69498 27 69754 26 70010 26 70266 25 70523 23 70780 21 71038 19 71295 16 71553 14 71810 11 72068 7
0c2550a23b8a0f29a7575de8c61690d3c31bc897dd5ba66caec201d201a278c2,26262 5 26517 7 26772 9 27028 10 27284 10 27540 10 27796 10 28052 10 28307 11 28562 11 28818 11 29073 12 29328 13 29584 13 29840 13 30096 12 30353 11 30610 10 30869 5
0c2550a23b8a0f29a7575de8c61690d3c31bc897dd5ba66caec201d201a278c2,23472 7 23728 9 23983 11 24239 12 24495 12 24751 12 25007 12 25263 10 25521 4
0c2550a23b8a0f29a7575de8c61690d3c31bc897dd5ba66caec201d201a278c2,73649 2 73903 7 74158 10 74412 13 74668 14 74922 17 75177 18 75433 18 75689 19 75945 19 76201 19 76457 20 76713 20 76970 19 77226 19 77483 17 77740 16 77998 14 78256 11 78514 7 78773 3
0c2550a23b8a0f29a7575de8c61690d3c31bc897dd5ba66caec201d201a278c2,53 23 308 25 564 26 820 26 1076 26 1332 26 1588 27 1844 27 2100 27 2356 26 2613 25 2869 24 3125 24 3382 22 3638 13 3655 3 3896 11 4153 11 4411 8
0c2550a23b8a0f29a7575de8c61690d3c31bc897dd5ba66caec201d201a278c2,66011 4 66264 8 66511 18 66766 20 67021 21 67276 22 67532 22 67788 21 68043 22 68299 22 68554 23 68810 23 69065 24 69321 23 69577 22 69833 20 70089 19 70345 17 70601 16 70858 13 71114 12 71372 9 71629 6 71887 3
0c2550a23b8a0f29a7575de8c61690d3c31bc897dd5ba66caec201d201a278c2,32525 6 32779 10 33034 11 33289 12 33544 13 33799 13 34054 14 34310 14 34565 15 34821 15 35077 15 35333 15 35589 16 35846 15 36103 15 36359 15 36616 15 36872 16 37129 15 37385 16 37642 16 37898 22 38155 22 38411 23 38668 22 38925 21 39183 19 39441 16 39700 11 39957 10 40214 9 40470 9 40726 9 40983 8 41240 6 41497 3
0c2550a23b8a0f29a7575de8c61690d3c31bc897dd5ba66caec201d201a278c2,79235 10 79489 13 79744 15 79999 18 80254 19 80508 21 80763 22 81018 23 81273 24 81527 27 81782 28
0c2550a23b8a0f29a7575de8c61690d3c31bc897dd5ba66caec201d201a278c2,7955 1 8211 3 8466 13 8722 15 8978 16 9234 17 9491 17 9747 17 10004 17 10260 18 10517 17 10774 17 11030 18 11287 17 11543 18 11800 17 12056 17 12312 17 12568 17 12824 17 13081 16 13337 15 13593 15 13850 13 14107 11 14364 9 14620 9 14878 6 15136 3
0c2550a23b8a0f29a7575de8c61690d3c31bc897dd5ba66caec201d201a278c2,56170 3 56424 7 56679 9 56933 12 57188 14 57442 16 57696 19 57951 20 58205 22 58461 22 58717 23 58973 23 59229 24 59485 24 59742 23 59998 23 60254 23 60510 24 60766 24 61022 24 61279 23 61535 22 61791 22 62047 22 62304 21 62561 19 62818 17 63076 14 63333 12
0c2550a23b8a0f29a7575de8c61690d3c31bc897dd5ba66caec201d201a278c2,40255 6 40510 7 40765 8 41021 8 41276 9 41532 9 41788 9 42044 9 42300 9 42556 8 42812 8 43069 7 43325 7 43582 6 43838 6 44095 4
0c2550a23b8a0f29a7575de8c61690d3c31bc897dd5ba66caec201d201a278c2,3846 3 4099 7 4353 10 4609 11 4865 11 5121 11 5377 11 5633 11 5889 11 6145 5 6152 2 6401 3
0c2550a23b8a0f29a7575de8c61690d3c31bc897dd5ba66caec201d201a278c2,69429 12 69683 16 69938 18 70193 19 70448 20 70703 21 70959 21 71214 22 71470 23 71726 23 71982 23 72238 24 72494 24 72751 23 73007 23 73264 22 73521 20 73778 19 74034 18 74290 17 74547 15 74803 14 75059 13 75316 11 75573 8
0c2550a23b8a0f29a7575de8c61690d3c31bc897dd5ba66caec201d201a278c2,6118 3 6371 8 6626 10 6880 12 7135 13 7387 16 7642 16 7897 15 8153 14 8408 14 8665 12 8921 11 9177 10 9433 9 9690 7 9947 5 10203 5 10459 4 10716 1
0c2550a23b8a0f29a7575de8c61690d3c31bc897dd5ba66caec201d201a278c2,35585 3 35841 5 36097 5 36353 6 36609 7 36865 7 37121 8 37377 8 37633 9 37889 9 38145 9 38401 9 38657 9 38913 9 39169 9 39425 9 39681 9 39937 9 40193 9 40449 9 40705 8 40961 8 41217 7 41473 6 41731 3
0c2550a23b8a0f29a7575de8c61690d3c31bc897dd5ba66caec201d201a278c2,76225 1 76477 6 76733 7 76989 7 77245 8 77501 8 77757 9 78014 8 78270 8 78527 7 78784 6 79041 3
0c2550a23b8a0f29a7575de8c61690d3c31bc897dd5ba66caec201d201a278c2,74471 1 74724 6 74978 10 75233 12 75488 14 75742 16 75997 18 76252 19 76507 20 76762 21 77018 21 77273 22 77529 22 77785 22 78041 23 78297 23 78553 24 78809 24 79066 23 79323 21 79580 19 79837 16 80095 12 80352 8
0c2550a23b8a0f29a7575de8c61690d3c31bc897dd5ba66caec201d201a278c2,34371 5 34625 9 34880 17 35136 19 35392 20 35648 21 35904 22 36160 22 36417 21 36674 20 36930 20 37187 19 37444 17 37700 17 37957 16 38213 15 38470 13 38727 12 38983 11 39239 10 39495 10 39750 10 40006 9 40262 9 40517 10 40773 9 41029 8 41285 7 41541 6 41797 5
0c2550a23b8a0f29a7575de8c61690d3c31bc897dd5ba66caec201d201a278c2,513 3 769 4 1025 5 1281 5 1537 6 1793 6 2049 6 2305 6 2561 6 2817 6 3073 5 3329 5 3586 2
0c2550a23b8a0f29a7575de8c61690d3c31bc897dd5ba66caec201d201a278c2,79641 8 79894 14 80148 17 80401 20 80656 22 80909 25 81164 26 81418 28 81673 28
0c2550a23b8a0f29a7575de8c61690d3c31bc897dd5ba66caec201d201a278c2,52156 5 52409 10 52664 13 52920 14 53175 15 53430 17 53686 17 53942 17 54198 18 54454 18 54710 18 54966 18 55223 17 55479 17 55736 17 55992 18 56249 17 56506 16 56762 16 57020 14 57277 13 57534 11 57792 8 58050 4
0c2550a23b8a0f29a7575de8c61690d3c31bc897dd5ba66caec201d201a278c2,46124 7 46373 17 46627 20 46881 24 47134 28 47387 31 47642 32 47897 33 48153 33 48408 34 48664 33 48920 32 49176 31 49432 29 49687 27 49943 21 50197 20 50451 20 50706 20 50963 18 51223 12
0c2550a23b8a0f29a7575de8c61690d3c31bc897dd5ba66caec201d201a278c2,73216 1 73471 2 73726 3 73982 3 74238 3 74494 3 74750 3 75006 3 75262 3 75518 3 75774 3 76029 4 76283 6 76539 6 76794 7 77050 7 77306 7 77562 7 77818 7 78074 7 78331 6 78588 5
0c2550a23b8a0f29a7575de8c61690d3c31bc897dd5ba66caec201d201a278c2,6569 5 6824 7 6838 3 7078 10 7093 7 7332 13 7348 9 7585 17 7604 9 7841 28 8096 29 8352 29 8608 29 8864 28 9120 28 9376 27 9632 27 9888 27 10144 27 10400 27 10656 27 10913 26 11169 26 11426 25 11683 23 11940 19 12197 2
0c2550a23b8a0f29a7575de8c61690d3c31bc897dd5ba66caec201d201a278c2,52871 11 53124 15 53377 19 53632 20 53887 22 54142 23 54398 24 54654 24 54910 24 55166 24 55422 24 55679 23 55935 23 56191 23 56447 23 56703 22 56960 21 57216 20 57473 19 57730 17 57986 16 58243 14 58499 12 58756 8 59014 5
0c2550a23b8a0f29a7575de8c61690d3c31bc897dd5ba66caec201d201a278c2,55960 10 56215 14 56470 18 56725 20 56981 21 57237 22 57493 22 57749 22 58005 22 58261 23 58517 23 58774 22 59030 21 59287 20 59545 18 59803 15 60063 9
0c2550a23b8a0f29a7575de8c61690d3c31bc897dd5ba66caec201d201a278c2,43896 5 44151 8 44406 9 44661 11 44917 12 45172 14 45428 15 45684 15 45940 16 46196 17 46452 17 46708 19 46965 18 47221 19 47477 19 47734 18 47991 18 48247 18 48504 17 48761 17 49018 15 49275 13 49532 11 49791 6
0c2550a23b8a0f29a7575de8c61690d3c31bc897dd5ba66caec201d201a278c2,49658 1 49910 7 50165 12 50420 13 50675 14 50930 15 51185 16 51440 17 51696 17 51951 18 52207 18 52463 18 52719 18 52975 18 53231 18 53486 19 53742 19 53998 19 54254 19 54510 19 54766 19 55023 18 55279 18 55536 17 55792 17 56049 16 56306 15 56563 14 56820 13
0c2550a23b8a0f29a7575de8c61690d3c31bc897dd5ba66caec201d201a278c2,3953 3 4204 13 4459 15 4713 19 4968 20 5223 22 5478 24 5734 24 5990 25 6246 25 6501 26 6757 27 7013 27 7269 27 7525 27 7781 27 8038 26 8294 27 8551 27 8807 29 9064 29 9321 26 9578 25 9835 14 10093 11 10352 5
0c2550a23b8a0f29a7575de8c61690d3c31bc897dd5ba66caec201d201a278c2,62218 1 62468 8 62722 11 62978 11 63234 11 63490 10 63746 9 64002 9 64258 8 64514 7 64770 6 65026 5 65282 2
0c2550a23b8a0f29a7575de8c61690d3c31bc897dd5ba66caec201d201a278c2,58436 7 58691 11 58946 14 59201 17 59457 19 59713 19 59969 21 60225 22 60481 23 60737 24 60993 25 61249 25 61505 25 61762 24 62018 23 62274 22 62530 22 62787 19 63044 17 63300 16 63557 13 63814 10 64072 6
0c2550a23b8a0f29a7575de8c61690d3c31bc897dd5ba66caec201d201a278c2,2078 4 2332 8 2587 10 2841 14 3096 16 3352 17 3607 18 3862 19 4117 21 4372 22 4628 22 4883 22 5139 22 5395 21 5651 21 5907 20 6162 20 6418 19 6674 19 6930 18 7186 17 7442 16 7699 15 7956 12 8214 10
0c2550a23b8a0f29a7575de8c61690d3c31bc897dd5ba66caec201d201a278c2,61435 6 61689 8 61944 9 62198 11 62455 10 62711 10 62967 10 63224 9 63480 9 63736 9 63992 9 64248 9 64503 10 64755 14 65010 15 65266 15 65522 15 65778 15 66034 15 66291 14 66548 13 66805 10 67062 6
