0c6507d493bf79b2ba248c5cca3d14df8b67328b89efa5f4a32f97a06a88c92c,60008 6 60262 9 60517 12 60772 14 61028 14 61284 15 61540 15 61796 15 62053 14 62309 14 62566 13 62823 11 63080 9 63337 7 63595 3
0c6507d493bf79b2ba248c5cca3d14df8b67328b89efa5f4a32f97a06a88c92c,34049 1 34305 2 34561 4 34817 5 35073 6 35329 6 35585 7 35841 7 36097 7 36353 7 36609 7 36865 7 37121 7 37377 6 37633 6 37889 5 38145 5 38401 4 38657 2
0c6507d493bf79b2ba248c5cca3d14df8b67328b89efa5f4a32f97a06a88c92c,51245 3 51498 7 51752 9 52007 10 52262 11 52518 10 52774 9 53030 9 53287 7
0c6507d493bf79b2ba248c5cca3d14df8b67328b89efa5f4a32f97a06a88c92c,37200 5 37454 10 37708 14 37963 16 38218 18 38474 19 38729 20 38985 21 39240 22 39496 22 39752 22 40008 22 40264 22 40520 22 40777 20 41033 20 41290 18 41546 18 41803 16 42060 15 42317 13 42574 11 42831 8
0c6507d493bf79b2ba248c5cca3d14df8b67328b89efa5f4a32f97a06a88c92c,3279 5 3530 12 3785 14 4040 15 4295 16 4551 17 4807 17 5063 17 5320 16 5577 14 5834 12 6095 5
0c6507d493bf79b2ba248c5cca3d14df8b67328b89efa5f4a32f97a06a88c92c,36056 5 36310 10 36565 12 36820 14 37075 16 37330 17 37586 18 37842 18 38098 18 38354 18 38610 18 38865 19 39121 19 39377 19 39633 18 39890 16 40147 14 40404 11 40661 8
0c6507d493bf79b2ba248c5cca3d14df8b67328b89efa5f4a32f97a06a88c92c,53995 4 54248 8 54502 11 54757 13 55012 15 55267 16 55522 18 55778 18 56033 19 56289 19 56545 19 56801 19 57057 19 57313 18 57569 18 57825 17 58081 17 58338 15 58595 14 58852 12 59109 10 59368 6
0c6507d493bf79b2ba248c5cca3d14df8b67328b89efa5f4a32f97a06a88c92c,50543 2 50796 7 51050 10 51305 12 51561 13 51816 15 52071 16 52327 16 52582 16 52838 16 53094 16 53350 16 53607 14 53864 12 54121 10 54378 7
0c6507d493bf79b2ba248c5cca3d14df8b67328b89efa5f4a32f97a06a88c92c,38566 4 38816 12 39071 14 39326 16 39581 18 39836 20 40092 20 40348 20 40604 20 40860 20 41116 20 41372 19 41629 18 41886 16 42143 14 42400 11 42659 5
0c6507d493bf79b2ba248c5cca3d14df8b67328b89efa5f4a32f97a06a88c92c,48531 3 48785 7 49040 9 49296 10 49551 12 49807 12 50063 13 50319 13 50575 14 50831 14 51087 14 51343 14 51599 14 51856 13 52113 11 52370 9 52627 7 52886 2
0c6507d493bf79b2ba248c5cca3d14df8b67328b89efa5f4a32f97a06a88c92c,56505 8 56758 12 57013 14 57268 15 57524 15 57779 17 58035 17 58291 17 58547 17 58804 15 59061 13 59320 9 59577 4
0c6507d493bf79b2ba248c5cca3d14df8b67328b89efa5f4a32f97a06a88c92c,55882 6 56137 8 56392 9 56648 9 56903 10 57159 10 57415 10 57671 10 57927 10 58183 10 58439 10 58696 9 58952 8 59209 7 59466 5
0c6507d493bf79b2ba248c5cca3d14df8b67328b89efa5f4a32f97a06a88c92c,52767 7 53021 9 53276 10 53531 11 53787 11 54043 11 54299 11 54556 10 54813 8
0c6507d493bf79b2ba248c5cca3d14df8b67328b89efa5f4a32f97a06a88c92c,6680 3 6935 5 7191 5 7447 5 7704 3
0c6507d493bf79b2ba248c5cca3d14df8b67328b89efa5f4a32f97a06a88c92c,43293 5 43548 9 43803 11 44058 14 44314 15 44570 16 44826 17 45082 17 45339 16 45595 16 45852 15 46109 14 46366 12 46623 10 46882 5
0c6507d493bf79b2ba248c5cca3d14df8b67328b89efa5f4a32f97a06a88c92c,14872 8 15126 11 15380 14 15635 15 15891 16 16147 16 16404 15 16660 15 16916 15 17173 14 17429 13 17686 11 17943 10 18203 5
0c6507d493bf79b2ba248c5cca3d14df8b67328b89efa5f4a32f97a06a88c92c,61829 2 62084 4 62339 6 62594 8 62850 8 63105 10 63361 10 63617 10 63873 10 64130 9 64386 8 64643 6 64900 3
0c6507d493bf79b2ba248c5cca3d14df8b67328b89efa5f4a32f97a06a88c92c,7395 3 7650 5 7906 5 8162 5 8419 3
0c6507d493bf79b2ba248c5cca3d14df8b67328b89efa5f4a32f97a06a88c92c,25162 4 25417 6 25672 7 25927 8 26182 9 26438 10 26694 10 26950 10 27207 8 27464 6
0c6507d493bf79b2ba248c5cca3d14df8b67328b89efa5f4a32f97a06a88c92c,22670 5 22924 11 23178 14 23433 16 23689 17 23945 17 24200 18 24456 18 24712 18 24968 18 25224 18 25480 18 25736 19 25993 18 26249 18 26506 16 26762 15 27019 13 27276 11 27534 8
0c6507d493bf79b2ba248c5cca3d14df8b67328b89efa5f4a32f97a06a88c92c,22746 3 23001 5 23257 5 23513 5 23770 3
0c6507d493bf79b2ba248c5cca3d14df8b67328b89efa5f4a32f97a06a88c92c,19214 2 19467 8 19722 10 19978 11 20234 12 20490 12 20746 12 21002 12 21258 12 21514 11 21769 12 22025 11 22281 10 22537 10 22793 9 23049 8 23306 5
0c6507d493bf79b2ba248c5cca3d14df8b67328b89efa5f4a32f97a06a88c92c,7008 6 7263 9 7517 12 7771 14 8026 16 8281 18 8536 19 8791 20 9047 20 9302 21 9558 22 9814 23 10070 23 10326 23 10582 23 10838 23 11095 22 11351 22 11608 20 11864 20 12120 19 12377 17 12634 15 12891 14 13148 12 13407 8 13664 4
0c6507d493bf79b2ba248c5cca3d14df8b67328b89efa5f4a32f97a06a88c92c,12734 5 12986 12 13241 15 13495 19 13750 21 14005 22 14261 23 14516 25 14772 25 15028 25 15284 26 15540 26 15796 26 16052 26 16308 25 16565 24 16821 23 17078 21 17335 19 17592 17 17849 15 18106 13 18365 9
0c6507d493bf79b2ba248c5cca3d14df8b67328b89efa5f4a32f97a06a88c92c,16104 5 16356 12 16610 16 16865 18 17120 20 17375 22 17630 24 17886 24 18141 25 18397 25 18653 25 18908 25 19164 25 19420 24 19676 24 19932 23 20188 22 20445 20 20701 19 20957 18 21214 15 21471 12 21728 9 21986 5
0c6507d493bf79b2ba248c5cca3d14df8b67328b89efa5f4a32f97a06a88c92c,28519 4 28774 8 29030 9 29286 11 29542 13 29799 13 30055 13 30311 14 30568 13 30824 13 31080 13 31337 12 31594 10 31851 9 32108 7 32365 5
0c6507d493bf79b2ba248c5cca3d14df8b67328b89efa5f4a32f97a06a88c92c,47873 1 48129 2 48385 3 48641 4 48897 5 49153 5 49409 6 49665 6 49921 6 50177 6 50433 6 50689 5 50945 5 51201 4 51457 3 51713 2 51969 1
0c6507d493bf79b2ba248c5cca3d14df8b67328b89efa5f4a32f97a06a88c92c,108 18 364 18 620 18 876 19 1132 19 1388 19 1644 18 1900 18 2156 17 2413 14 2669 12 2926 10 3183 9 3440 7
