0d3640c1f1b80f24e94cc9a5f3e1d9e8db7bf6af7d4aba920265f46cadc25e37,1359 2 1615 3 1872 2 2128 3 2384 4 2640 5 2896 6 2907 3 3151 16 3407 16 3663 17 3918 18 4174 19 4429 21 4685 21 4941 22 5196 23 5452 24 5709 24 5965 24 6220 25 6476 26 6732 26 6988 27 7244 28 7500 28 7755 29 8011 29 8267 30 8523 30 8779 31 9035 31 9291 32 9547 32 9803 32 10058 33 10314 33 10570 34 10826 34 11083 33 11340 33 11597 32 11853 32 12110 31 12366 31 12622 31 12879 30 13135 30 13391 30 13648 29 13904 29 14161 27 14418 26 14675 25 14932 23 15189 21 15445 21 15702 20 15959 18 16216 17 16473 15 16730 13 16987 11 17244 7
0d3640c1f1b80f24e94cc9a5f3e1d9e8db7bf6af7d4aba920265f46cadc25e37,66979 3 67234 5 67487 9 67742 11 67997 13 68253 13 68509 13 68765 13 69020 14 69276 14 69532 15 69788 15 70043 16 70298 17 70554 17 70810 17 71066 18 71322 18 71577 19 71833 20 72089 20 72345 20 72601 20 72857 21 73113 21 73369 21 73625 22 73881 23 74137 24 74393 24 74649 25 74905 26 75161 27 75416 28 75672 28 75928 28 76184 28 76440 28 76695 29 76951 29 77207 29 77462 30 77718 30 77974 30 78230 30 78486 30 78742 30 78997 31 79253 31 79509 31 79765 31 80021 31 80277 31 80534 30 80790 30 81047 29 81303 29 81560 28 81816 27
0d3640c1f1b80f24e94cc9a5f3e1d9e8db7bf6af7d4aba920265f46cadc25e37,1531 4 1786 7 2042 7 2298 7 2553 8 2808 9 3064 9 3320 9 3576 9 3832 9 4088 9 4344 9 4600 9 4857 8 5114 7 5371 6 5627 6 5883 6 6140 5 6397 4
0d3640c1f1b80f24e94cc9a5f3e1d9e8db7bf6af7d4aba920265f46cadc25e37,42405 11 42660 13 42916 14 43171 15 43426 17 43682 18 43938 19 44194 20 44449 21 44705 22 44961 22 45217 23 45473 23 45729 24 45985 24 46240 25 46496 25 46752 25 47008 26 47263 27 47519 27 47775 27 48031 27 48287 27 48543 27 48799 27 49055 27 49311 27 49567 28 49823 28 50079 28 50335 28 50591 28 50847 28 51103 28 51359 28 51615 28 51870 29 52126 29 52382 29 52638 29 52894 29 53150 29 53406 29 53662 29 53918 29 54174 29 54430 28 54686 28 54942 28 55198 27 55454 27 55710 26 55966 25 56222 25 56478 24 56734 23 56990 22 57246 21 57502 21 57758 20 58014 20 58270 19 58526 18 58782 17 59038 17 59294 16 59550 16 59805 17 60061 17 60317 16 60573 16 60829 16 61085 16 61341 16 61597 15 61853 14 62109 14 62365 13 62621 13 62877 13 63133 13 63390 12 63646 11 63902 11 64159 10 64415 10 64672 8 64928 7 65184 7 65441 6 65697 6 65953 5 66209 5 66465 5 66722 3
0d3640c1f1b80f24e94cc9a5f3e1d9e8db7bf6af7d4aba920265f46cadc25e37,21402 13 21657 20 21913 21 22168 23 22422 25 22677 26 22932 26 23187 27 23443 27 23700 26 23956 26 24212 26 24468 26 24723 27 24979 26 25235 25 25491 25 25746 25 26002 25 26257 26 26513 26 26769 27 27024 28 27280 29 27536 29 27792 29 28047 30 28303 31 28559 31 28815 31 29071 31 29327 31 29583 31 29839 31 30095 31 30351 31 30607 31 30863 31 31119 30 31375 30 31631 30 31887 30 32143 30 32399 29 32655 29 32911 29 33167 29 33424 28 33680 28 33937 27 34193 27 34449 26 34705 26 34961 26 35218 25 35475 24 35732 22 35989 20
0d3640c1f1b80f24e94cc9a5f3e1d9e8db7bf6af7d4aba920265f46cadc25e37,143 16 399 16 654 18 909 19 1164 20 1420 21 1675 22 1930 23 2186 23 2442 23 2697 24 2953 24 3208 25 3463 26 3718 27 3973 28 4228 29 4483 30 4738 31 4994 31 5249 32 5505 32 5761 31 6016 32 6271 33 6527 33 6782 34 7038 34 7293 34 7549 34 7805 33 8060 34 8316 33 8572 32 8828 32 9085 30 9341 29 9597 29 9853 28 10109 27 10365 27 10621 26 10877 26 11134 24 11390 23 11647 21 11905 18 12163 12 12422 4
0d3640c1f1b80f24e94cc9a5f3e1d9e8db7bf6af7d4aba920265f46cadc25e37,19 15 276 13 532 12 789 8
0d3640c1f1b80f24e94cc9a5f3e1d9e8db7bf6af7d4aba920265f46cadc25e37,20691 11 20945 15 21199 18 21452 22 21707 23 21962 25 22217 26 22473 27 22729 28 22985 28 23241 29 23496 31 23752 31 24007 33 24263 34 24519 34 24774 35 25029 37 25284 38 25536 43 25791 44 26046 45 26302 45 26558 45 26814 46 27071 46 27327 46 27582 47 27838 48 28093 49 28349 49 28604 50 28860 50 29115 51 29371 51 29627 51 29883 51 30139 51 30394 52 30650 52 30906 51 31162 51 31418 51 31674 51 31930 51 32185 52 32441 52 32697 52 32953 52 33209 52 33464 52 33720 52 33976 52 34232 52 34488 51 34744 51 35000 51 35256 51 35512 51 35768 51 36024 51 36280 51 36536 51 36792 51 37048 50 37304 50 37560 50 37816 49 38073 48 38329 48 38585 47 38841 46 39097 46 39353 46 39609 46 39866 45 40122 45 40378 44 40634 44 40890 43 41147 41 41403 41 41660 40 41916 39 42173 38 42430 36 42686 35 42942 34 43199 32 43456 24 43713 21 43971 15 44229 6
0d3640c1f1b80f24e94cc9a5f3e1d9e8db7bf6af7d4aba920265f46cadc25e37,74 26 331 25 588 24 845 23 1102 22 1361 18 1618 16 1874 15 2131 13 2388 11 2645 9 2902 5
0d3640c1f1b80f24e94cc9a5f3e1d9e8db7bf6af7d4aba920265f46cadc25e37,55229 8 55484 11 55738 16 55993 19 56248 21 56502 24 56757 25 57012 27 57267 28 57523 28 57778 30 58034 31 58289 32 58544 34 58799 35 59055 36 59310 37 59566 38 59822 38 60078 38 60333 39 60589 39 60845 39 61101 40 61357 40 61612 42 61867 43 62123 44 62378 45 62634 45 62890 45 63146 45 63402 45 63657 46 63913 46 64169 46 64425 46 64681 46 64937 46 65193 46 65449 46 65705 46 65961 46 66217 46 66473 46 66729 46 66985 46 67242 44 67498 44 67754 43 68010 43 68266 43 68522 43 68778 42 69034 42 69290 42 69547 41 69803 41 70059 41 70315 40 70571 40 70827 40 71084 38 71340 38 71596 37 71853 35 72109 35 72365 34 72621 33 72878 32 73134 31 73390 30 73647 28 73904 27 74161 26 74417 25 74674 23 74931 21 75188 18 75447 14 75706 10 75966 5
0d3640c1f1b80f24e94cc9a5f3e1d9e8db7bf6af7d4aba920265f46cadc25e37,51499 3 51754 9 52009 13 52265 14 52521 15 52776 17 53032 19 53288 20 53544 20 53800 20 54056 21 54312 21 54568 21 54824 22 55080 23 55336 24 55592 24 55848 25 56104 25 56360 25 56616 25 56872 26 57128 27 57384 28 57640 29 57896 29 58152 30 58408 30 58664 31 58920 31 59176 31 59433 30 59689 31 59945 32 60201 33 60457 33 60714 33 60970 33 61227 33 61483 33 61739 34 61995 35 62251 35 62507 35 62763 35 63019 36 63275 36 63531 36 63787 37 64042 39 64297 40 64552 41 64808 41 65064 41 65320 41 65577 40 65834 39 66091 38 66348 37 66604 37 66861 36 67118 35 67375 34 67632 32 67889 31 68146 30 68403 28 68661 25 68919 23 69177 20 69435 16 69696 10
0d3640c1f1b80f24e94cc9a5f3e1d9e8db7bf6af7d4aba920265f46cadc25e37,70448 7 70702 10 70957 14 71210 18 71465 20 71720 23 71975 25 72231 26 72486 29 72742 32 72998 33 73253 35 73508 37 73764 38 74020 39 74276 39 74531 41 74787 42 75042 43 75298 44 75554 44 75810 45 76067 45 76323 46 76580 45 76836 46 77092 47 77349 48 77605 49 77861 49 78117 49 78373 49 78630 48 78886 48 79142 48 79399 47 79655 47 79911 47 80167 47 80423 47 80680 46 80937 45 81193 45 81449 45 81706 44
0d3640c1f1b80f24e94cc9a5f3e1d9e8db7bf6af7d4aba920265f46cadc25e37,18268 4 18520 9 18774 12 19028 15 19283 17 19538 19 19792 26 20047 28 20303 31 20558 34 20813 36 21068 38 21324 38 21579 40 21834 41 22090 42 22345 43 22600 45 22856 46 23111 47 23367 47 23623 47 23878 48 24134 48 24390 48 24645 49 24901 49 25156 50 25412 49 25668 49 25924 49 26180 49 26436 49 26692 48 26947 49 27203 49 27459 49 27715 49 27971 48 28227 48 28483 48 28739 48 28995 47 29251 47 29508 45 29764 45 30020 45 30276 44 30532 44 30788 43 31044 42 31300 42 31557 41 31814 40 32070 39 32326 31 32582 30 32839 28 33095 27 33351 26 33607 25 33863 24 34119 23 34376 21 34632 21 34889 19 35146 18 35403 16 35659 16 35915 16 36171 16 36428 15 36685 14 36942 13 37199 12 37456 11 37714 9 37971 8
0d3640c1f1b80f24e94cc9a5f3e1d9e8db7bf6af7d4aba920265f46cadc25e37,42569 14 42823 17 43078 19 43333 20 43588 22 43843 24 44098 25 44354 25 44610 25 44865 27 45121 28 45376 30 45632 31 45887 33 46142 34 46398 34 46653 35 46908 36 47164 37 47420 37 47676 38 47932 38 48187 39 48443 39 48699 39 48955 38 49211 38 49467 37 49723 36 49979 36 50235 36 50491 36 50747 36 51003 36 51259 36 51515 36 51771 36 52027 36 52283 36 52540 35 52796 35 53052 35 53308 34 53564 34 53820 34 54077 32 54333 32 54589 32 54846 31 55103 30 55360 29 55616 29 55873 28 56129 28 56386 27 56643 26 56899 26 57155 26 57412 24 57669 23 57925 23 58182 22 58438 22 58695 21 58951 21 59207 21 59463 21 59720 20 59977 18 60234 16 60491 15 60750 11 61009 7
0d3640c1f1b80f24e94cc9a5f3e1d9e8db7bf6af7d4aba920265f46cadc25e37,66081 2 66337 3 66593 3 66849 3 67105 3 67361 3 67617 3 67873 3 68129 3 68385 2 68641 2 68897 2 69153 1
0d3640c1f1b80f24e94cc9a5f3e1d9e8db7bf6af7d4aba920265f46cadc25e37,45299 10 45554 12 45810 13 46065 15 46320 17 46575 18 46831 18 47087 18 47343 18 47599 18 47855 18 48111 18 48367 18 48623 18 48879 18 49136 17 49392 17 49649 16 49905 16 50162 15 50418 15 50675 14 50931 14 51187 14 51444 13 51701 12 51957 12 52213 12 52469 12 52725 12 52981 12 53237 12 53493 12 53750 11 54007 10 54264 9 54521 8 54777 8 55033 8 55289 8 55546 7 55803 6 56059 6 56315 6 56571 6 56827 6 57083 6 57339 6 57596 5
0d3640c1f1b80f24e94cc9a5f3e1d9e8db7bf6af7d4aba920265f46cadc25e37,32357 10 32612 12 32867 15 33122 17 33377 20 33632 22 33887 23 34142 24 34397 26 34653 26 34908 27 35164 27 35419 28 35675 28 35931 28 36187 29 36443 29 36699 29 36955 29 37211 30 37467 31 37723 32 37979 32 38235 32 38491 32 38747 32 39003 32 39259 32 39515 33 39771 33 40027 33 40283 33 40539 33 40795 33 41051 33 41307 33 41563 32 41819 32 42075 32 42331 32 42587 32 42843 31 43099 30 43355 30 43611 29 43867 29 44123 29 44379 29 44635 29 44892 28 45149 27 45406 26 45663 25 45920 23 46176 23 46432 23 46688 23 46944 23 47201 22 47457 22 47714 21 47970 21 48226 21 48482 20 48738 19 48995 14 49252 11 49510 7
0d3640c1f1b80f24e94cc9a5f3e1d9e8db7bf6af7d4aba920265f46cadc25e37,52576 9 52831 11 53087 13 53342 15 53598 17 53854 18 54109 20 54365 22 54621 23 54877 23 55133 23 55389 23 55645 24 55901 25 56157 25 56413 25 56669 25 56925 25 57181 25 57436 27 57692 27 57948 27 58204 27 58460 27 58716 27 58972 27 59228 27 59484 26 59740 26 59995 27 60250 28 60506 28 60761 29 61017 28 61273 28 61529 28 61785 27 62041 27 62297 27 62553 27 62809 27 63065 27 63321 27 63577 26 63833 25 64089 25 64345 24 64601 23 64857 20 65113 18 65370 16 65626 15 65882 14 66138 13 66395 11 66654 7
0d3640c1f1b80f24e94cc9a5f3e1d9e8db7bf6af7d4aba920265f46cadc25e37,61697 12 61953 13 62209 18 62465 19 62721 20 62977 22 63233 23 63489 26 63745 28 64001 29 64257 30 64513 31 64769 31 65025 32 65281 32 65537 32 65793 32 66049 32 66305 32 66561 32 66817 32 67073 32 67329 32 67585 32 67841 32 68097 32 68353 32 68609 32 68865 32 69121 32 69378 31 69634 31 69890 31 70147 30 70404 28 70660 28 70916 28 71172 28 71428 28 71685 27 71941 26 72197 26 72453 25 72709 25 72966 23 73222 23 73478 23 73735 22 73991 21 74247 21 74503 21 74760 20 75017 19 75274 17 75531 14 75791 8 76049 5
0d3640c1f1b80f24e94cc9a5f3e1d9e8db7bf6af7d4aba920265f46cadc25e37,220 29 476 30 732 31 988 32 1244 32 1501 30 1757 29 2014 28 2270 28 2526 27 2782 26 3039 25 3295 25 3551 25 3808 24 4065 23 4321 23 4578 22 4835 22 5092 22 5349 22 5606 21 5862 21 6119 21 6376 20 6633 18 6890 16 7148 13 7405 3
0d3640c1f1b80f24e94cc9a5f3e1d9e8db7bf6af7d4aba920265f46cadc25e37,57230 7 57485 9 57741 10 57997 10 58253 10 58509 10 58765 10 59021 10 59277 10 59532 12 59788 12 60044 13 60300 13 60556 13 60812 13 61068 13 61324 13 61580 13 61836 13 62092 13 62348 13 62604 13 62860 13 63116 13 63372 13 63627 14 63883 14 64139 13 64395 13 64650 14 64906 14 65162 14 65418 14 65674 13 65929 14 66185 14 66441 14 66697 14 66953 14 67209 14 67465 14 67721 14 67977 14 68232 15 68488 14 68744 14 69000 14 69256 14 69511 15 69766 16 70021 17 70277 17 70533 17 70789 16 71045 15 71301 15 71557 15 71813 14 72068 15 72324 15 72579 15 72835 15 73091 15 73347 15 73603 15 73859 15 74115 15 74371 15 74627 14 74883 13 75139 12 75395 12 75651 12 75908 10
