0ddd8deaf1696db68b00c600601c6a74a0502caaf274222c8367bdc31458ae7e,24836 10 25089 15 25345 17 25601 19 25857 20 26113 21 26369 22 26625 23 26881 23 27137 24 27393 25 27649 25 27905 25 28162 24 28418 24 28675 23 28931 23 29188 22 29444 21 29701 19 29958 17 30215 14 30472 11 30731 5
0ddd8deaf1696db68b00c600601c6a74a0502caaf274222c8367bdc31458ae7e,5211 2 5466 5 5721 8 5976 10 6231 12 6486 14 6740 17 6995 18 7250 20 7505 21 7760 22 8015 24 8270 24 8525 24 8780 25 9037 24 9293 23 9550 21 9806 21 10063 20 10320 19 10576 19 10833 18 11090 16 11348 12 11606 8
0ddd8deaf1696db68b00c600601c6a74a0502caaf274222c8367bdc31458ae7e,8342 4 8595 10 8849 15 9104 17 9359 19 9615 20 9870 22 10126 23 10381 24 10637 24 10893 24 11149 24 11405 24 11661 24 11917 24 12173 24 12429 23 12686 22 12942 21 13199 20 13455 19 13712 17 13969 16 14227 12 14485 9
0ddd8deaf1696db68b00c600601c6a74a0502caaf274222c8367bdc31458ae7e,21581 5 21834 10 22088 14 22343 16 22598 19 22853 20 23109 21 23364 22 23620 23 23876 23 24131 24 24387 25 24643 25 24899 25 25156 23 25412 23 25668 23 25924 22 26181 21 26438 19 26695 17 26952 15 27209 13 27467 9 27726 3
0ddd8deaf1696db68b00c600601c6a74a0502caaf274222c8367bdc31458ae7e,4904 8 5158 11 5413 13 5669 14 5924 16 6180 17 6436 17 6692 18 6948 18 7204 18 7460 18 7716 18 7973 16 8230 15 8486 14 8744 11 9001 9 9260 5
0ddd8deaf1696db68b00c600601c6a74a0502caaf274222c8367bdc31458ae7e,25562 10 25816 14 26071 17 26326 19 26581 21 26836 22 27092 23 27347 24 27603 25 27859 25 28114 26 28370 26 28626 26 28883 25 29139 25 29395 25 29652 24 29908 23 30165 22 30422 20 30679 18 30937 15 31196 10
0ddd8deaf1696db68b00c600601c6a74a0502caaf274222c8367bdc31458ae7e,5490 8 5745 10 5999 14 6254 16 6509 18 6764 20 7019 22 7274 24 7529 26 7784 28 8039 29 8294 30 8549 31 8805 31 9061 31 9316 32 9571 33 9827 33 10083 33 10339 33 10595 32 10851 31 11107 30 11364 28 11622 25 11879 23 12136 21 12395 17 12652 16 12908 16 13165 14 13422 12 13679 10 13936 7 14193 5
0ddd8deaf1696db68b00c600601c6a74a0502caaf274222c8367bdc31458ae7e,63614 6 63868 9 64123 11 64377 14 64632 16 64888 17 65143 19 65399 19
0ddd8deaf1696db68b00c600601c6a74a0502caaf274222c8367bdc31458ae7e,33 18 289 18 545 18 802 17 1058 17 1315 16 1572 15 1828 15 2086 13 2343 12 2601 9
0ddd8deaf1696db68b00c600601c6a74a0502caaf274222c8367bdc31458ae7e,49150 3 49403 6 49658 7 49913 8 50168 9 50423 10 50679 10 50934 11 51190 11 51446 11 51701 12 51957 12 52213 12 52469 12 52725 12 52982 11 53238 11 53494 11 53750 11 54007 10 54263 10 54520 9 54777 8 55034 7 55291 6 55549 4 55807 2
0ddd8deaf1696db68b00c600601c6a74a0502caaf274222c8367bdc31458ae7e,3 20 259 20 516 18 772 18 1029 16 1286 14 1544 10 1802 6
0ddd8deaf1696db68b00c600601c6a74a0502caaf274222c8367bdc31458ae7e,21418 6 21671 12 21926 14 22180 18 22435 20 22690 22 22946 23 23201 24 23457 25 23712 26 23968 26 24224 26 24480 26 24735 27 24991 27 25247 27 25503 27 25760 26 26016 25 26272 25 26528 25 26785 23 27041 22 27298 21 27554 20 27811 18 28068 16 28325 13 28582 10 28842 3
0ddd8deaf1696db68b00c600601c6a74a0502caaf274222c8367bdc31458ae7e,1484 5 1737 11 1991 14 2246 16 2501 18 2756 20 3011 21 3267 22 3522 23 3778 23 4034 23 4290 23 4546 23 4802 23 5058 22 5314 22 5571 20 5827 20 6084 18 6341 16 6599 12 6857 7
0ddd8deaf1696db68b00c600601c6a74a0502caaf274222c8367bdc31458ae7e,58879 2 59133 4 59387 6 59642 7 59897 8 60153 8 60408 9 60664 9 60920 9 61175 10 61431 10 61687 10 61943 10 62200 9 62456 9 62712 9 62969 8 63225 8 63482 7 63739 6 63996 5 64254 3
0ddd8deaf1696db68b00c600601c6a74a0502caaf274222c8367bdc31458ae7e,142 17 398 18 655 19 911 20 1167 21 1423 22 1679 23 1935 23 2191 24 2446 25 2702 25 2958 26 3214 26 3470 26 3727 25 3983 24 4239 24 4496 23 4752 22 5009 21 5266 19 5523 17 5780 14 6039 8
0ddd8deaf1696db68b00c600601c6a74a0502caaf274222c8367bdc31458ae7e,20978 8 21232 13 21486 16 21741 19 21996 21 22251 22 22506 23 22762 23 23018 23 23273 24 23529 24 23786 23 24042 23 24298 23 24555 22 24811 22 25068 21 25325 20 25582 18 25839 16 26096 15 26353 12 26611 9 26870 3
0ddd8deaf1696db68b00c600601c6a74a0502caaf274222c8367bdc31458ae7e,56 17 312 17 568 17 824 18 1080 18 1336 16 1592 15 1848 3 2104 1
0ddd8deaf1696db68b00c600601c6a74a0502caaf274222c8367bdc31458ae7e,6629 3 6882 10 7136 14 7391 16 7647 18 7902 19 8158 20 8414 20 8669 22 8925 22 9181 22 9437 23 9694 22 9950 22 10206 22 10462 22 10718 22 10974 21 11231 20 11487 19 11743 19 12000 17 12257 14 12514 12 12773 6
0ddd8deaf1696db68b00c600601c6a74a0502caaf274222c8367bdc31458ae7e,10032 3 10287 6 10542 8 10798 8 11053 10 11309 10 11565 10 11821 10 12077 10 12334 9 12590 9 12847 7 13104 5
0ddd8deaf1696db68b00c600601c6a74a0502caaf274222c8367bdc31458ae7e,2126 1 2381 4 2636 6 2891 8 3134 22 3388 24 3641 28 3898 27 4154 28 4410 28 4666 27 4922 26 5178 25 5434 23 5690 22 5946 21 6203 19 6459 18 6716 16 6972 14 7229 12 7486 11 7744 8 8001 7 8259 4
0ddd8deaf1696db68b00c600601c6a74a0502caaf274222c8367bdc31458ae7e,57345 3 57601 5 57857 6 58113 7 58369 8 58625 8 58881 8 59137 9 59393 9 59649 9 59905 9 60161 8 60417 8 60673 8 60929 8 61185 7 61441 7 61697 6 61953 6 62209 5 62465 4 62721 3
0ddd8deaf1696db68b00c600601c6a74a0502caaf274222c8367bdc31458ae7e,34298 4 34550 8 34804 11 35059 13 35313 16 35568 17 35824 17 36079 18 36334 19 36593 16 36851 14 37108 13 37366 11 37623 10 37879 10 38136 9 38392 9 38649 8 38905 8 39162 7 39418 7 39675 6 39932 5 40188 5 40444 2 40700 1 40955 2 41211 1 41466 1
0ddd8deaf1696db68b00c600601c6a74a0502caaf274222c8367bdc31458ae7e,60778 5 61030 10 61281 15 61536 16 61788 20 62043 21 62298 22 62553 23 62806 26 63061 27 63315 28 63570 29 63826 28 64081 29 64337 28 64593 28 64849 27 65104 27 65359 27
0ddd8deaf1696db68b00c600601c6a74a0502caaf274222c8367bdc31458ae7e,36588 5 36843 8 37098 10 37353 13 37609 14 37865 14 38120 7 38128 8 38376 16 38631 18 38887 18 39142 20 39398 20 39654 21 39910 22 40165 23 40421 23 40677 23 40933 22 41189 22 41445 21 41701 21 41958 19 42215 17 42472 15 42727 15 42983 14 43239 13 43496 11
0ddd8deaf1696db68b00c600601c6a74a0502caaf274222c8367bdc31458ae7e,227 21 484 19 740 19 997 17 1254 15 1511 13 1769 9
0ddd8deaf1696db68b00c600601c6a74a0502caaf274222c8367bdc31458ae7e,57152 11 57407 12 57663 13 57918 15 58174 16 58430 21 58686 21 58942 21 59198 22 59454 24 59710 24 59966 18 59985 5 60222 24 60478 23 60734 23 60990 23 61246 23 61502 23 61758 23 62014 23 62270 23 62526 23 62782 24 63038 23 63295 20 63551 19 63807 19 64063 18 64320 17 64576 17 64833 16 65089 15 65346 13
0ddd8deaf1696db68b00c600601c6a74a0502caaf274222c8367bdc31458ae7e,55128 4 55383 6 55627 22 55882 25 56138 26 56394 28 56650 29 56906 30 57163 30 57419 31 57676 31 57933 31 58190 31 58451 26 58707 27 58963 27 59220 27 59479 24 59735 21 59990 21 60246 21 60501 21 60757 20 61013 17 61269 12 61525 11 61781 5 61787 1 62037 6 62293 5 62549 4
0ddd8deaf1696db68b00c600601c6a74a0502caaf274222c8367bdc31458ae7e,14986 2 15238 9 15492 12 15747 14 16002 16 16258 17 16513 19 16769 19 17024 21 17280 22 17536 22 17791 24 18047 24 18303 24 18559 24 18815 24 19071 24 19328 23 19584 22 19840 22 20097 20 20354 18 20611 15 20868 12 21127 6
0ddd8deaf1696db68b00c600601c6a74a0502caaf274222c8367bdc31458ae7e,15321 9 15575 13 15829 16 16084 18 16339 20 16595 21 16850 22 17106 23 17361 24 17617 24 17872 25 18128 26 18384 26 18640 25 18896 25 19152 25 19408 25 19665 23 19921 23 20177 22 20434 21 20691 19 20949 15 21207 11
0ddd8deaf1696db68b00c600601c6a74a0502caaf274222c8367bdc31458ae7e,32768 1 33023 2 33278 3 33534 3 33790 3 34046 3 34302 3 34558 3 34815 2 35072 1
0ddd8deaf1696db68b00c600601c6a74a0502caaf274222c8367bdc31458ae7e,13904 6 14158 11 14413 14 14668 16 14923 19 15179 20 15434 21 15690 22 15945 23 16201 24 16457 24 16713 24 16969 24 17225 24 17481 24 17737 24 17993 24 18249 23 18505 23 18761 22 19018 20 19274 19 19531 17 19787 15 20044 12 20302 8 20560 4
0ddd8deaf1696db68b00c600601c6a74a0502caaf274222c8367bdc31458ae7e,105 26 361 26 617 25 873 25 1129 25 1385 24 1641 23 1896 24 2152 23 2408 23 2663 23 2919 23 3175 23 3431 23 3686 24 3942 24 4198 23 4455 22 4711 22 4967 22 5223 21 5480 10 5498 2 5736 9 5993 6 6250 4 6507 2
