0e21d7b3eea8cdbbed60d51d72f4f8c1974c5d76a8a3893a7d5835c85284132e,32433 12 32686 16 32940 18 33195 19 33450 20 33705 21 33961 21 34217 21 34472 22 34728 21 34983 22 35239 21 35495 20 35751 19 36007 19 36263 18 36519 17 36775 16 37031 14 37287 13 37543 12 37800 10 38058 6
0e21d7b3eea8cdbbed60d51d72f4f8c1974c5d76a8a3893a7d5835c85284132e,25980 2 26235 4 26491 5 26747 6 27003 15 27259 16 27516 15 27774 13 28031 11
0e21d7b3eea8cdbbed60d51d72f4f8c1974c5d76a8a3893a7d5835c85284132e,280 4 535 6 789 8 1044 9 1298 11 1553 12 1808 12 2064 11 2319 12 2574 12 2829 12 3084 12 3339 12 3594 12 3849 12 4104 12 4358 12 4612 13 4867 13 5123 11 5380 8
0e21d7b3eea8cdbbed60d51d72f4f8c1974c5d76a8a3893a7d5835c85284132e,50640 7 50893 11 51146 15 51400 18 51655 19 51910 20 52166 20 52421 21 52677 21 52932 22 53188 22 53444 22 53700 22 53956 21 54212 20 54469 19 54726 18 54983 16 55241 12 55499 8
0e21d7b3eea8cdbbed60d51d72f4f8c1974c5d76a8a3893a7d5835c85284132e,48933 7 49186 11 49441 12 49695 14 49950 14 50205 15 50460 16 50715 16 50970 16 51225 16 51480 17 51735 17 51991 16 52246 17 52502 16 52758 16 53014 15 53271 13 53528 11 53785 9
0e21d7b3eea8cdbbed60d51d72f4f8c1974c5d76a8a3893a7d5835c85284132e,77110 6 77365 8 77621 9 77876 10 78132 10 78388 10 78645 9 78901 8 79158 5
0e21d7b3eea8cdbbed60d51d72f4f8c1974c5d76a8a3893a7d5835c85284132e,6022 1 6026 5 6277 13 6532 17 6786 21 7041 24 7296 26 7549 30 7804 33 8060 34 8316 35 8572 35 8828 35 9084 35 9341 34 9597 34 9854 32 10111 30 10368 27 10625 24 10887 11
0e21d7b3eea8cdbbed60d51d72f4f8c1974c5d76a8a3893a7d5835c85284132e,67629 9 67883 12 68138 13 68393 14 68648 15 68902 16 69157 16 69412 16 69667 16 69923 15 70178 15 70434 14 70689 13 70945 12 71201 11 71457 9 71714 6
0e21d7b3eea8cdbbed60d51d72f4f8c1974c5d76a8a3893a7d5835c85284132e,55135 5 55388 9 55643 10 55897 12 56152 13 56407 13 56662 14 56917 15 57172 16 57427 16 57682 17 57936 19 58191 20 58446 20 58701 21 58956 21 59211 22 59467 21 59723 20 59979 19 60235 16 60491 12 60748 5
0e21d7b3eea8cdbbed60d51d72f4f8c1974c5d76a8a3893a7d5835c85284132e,60563 8 60818 11 61073 13 61329 13 61584 14 61840 14 62096 14 62351 15 62607 14 62863 13 63119 13 63375 12 63631 10 63887 9 64144 7 64401 4
0e21d7b3eea8cdbbed60d51d72f4f8c1974c5d76a8a3893a7d5835c85284132e,70073 3 70328 5 70583 7 70839 7 71094 8 71350 8 71607 6 71864 4
0e21d7b3eea8cdbbed60d51d72f4f8c1974c5d76a8a3893a7d5835c85284132e,19011 9 19263 15 19517 19 19771 22 20025 24 20274 32 20529 33 20785 33 21041 33 21297 33 21554 32 21812 29 22069 27 22326 25 22584 21 22843 16 23101 11 23361 5
0e21d7b3eea8cdbbed60d51d72f4f8c1974c5d76a8a3893a7d5835c85284132e,40515 5 40770 6 41024 8 41279 9 41534 10 41789 11 42044 12 42299 13 42554 14 42810 14 43065 15 43320 16 43576 16 43831 17 44087 16 44342 17 44598 17 44853 17 45109 17 45365 16 45620 17 45876 16 46132 16 46388 15 46643 15 46899 15 47155 14 47411 13 47667 12 47923 11 48180 8 48437 4
0e21d7b3eea8cdbbed60d51d72f4f8c1974c5d76a8a3893a7d5835c85284132e,36168 3 36423 5 36679 5 36934 6 37189 7 37445 7 37700 8 37955 9 38210 10 38465 10 38720 11 38975 12 39231 12 39486 12 39742 11 39998 11 40254 10 40510 5 40767 3
0e21d7b3eea8cdbbed60d51d72f4f8c1974c5d76a8a3893a7d5835c85284132e,12822 3 13077 5 13332 6 13587 7 13842 8 14097 8 14352 9 14606 10 14861 11 15116 11 15371 11 15626 12 15882 11 16138 9 16394 8 16650 7 16906 6 17163 4
0e21d7b3eea8cdbbed60d51d72f4f8c1974c5d76a8a3893a7d5835c85284132e,26069 5 26321 11 26575 14 26828 18 27082 20 27335 24 27589 26 27844 27 28100 27 28355 28 28611 28 28867 28 29123 28 29379 28 29635 27 29892 26 30149 25 30424 5
0e21d7b3eea8cdbbed60d51d72f4f8c1974c5d76a8a3893a7d5835c85284132e,35306 23 35560 25 35815 26 36070 27 36325 28 36581 28 36836 21 36862 3 37092 20 37119 2 37347 21 37603 20 37859 19 38115 14 38371 10 38628 6
0e21d7b3eea8cdbbed60d51d72f4f8c1974c5d76a8a3893a7d5835c85284132e,120 11 375 12 631 13 887 13 1143 13 1399 13 1655 14 1911 14 2167 14 2423 14 2679 14 2935 15 3191 15 3447 15 3703 15 3959 15 4215 15 4471 15 4727 15 4984 14 5240 14 5496 14 5752 14 6008 14 6265 12 6521 11 6777 9 7034 7 7291 5
0e21d7b3eea8cdbbed60d51d72f4f8c1974c5d76a8a3893a7d5835c85284132e,65282 5 65537 7 65793 7 66049 7 66305 7 66561 7 66817 7 67073 7 67329 7 67585 7 67841 7 68097 6 68353 6 68609 5 68865 4
0e21d7b3eea8cdbbed60d51d72f4f8c1974c5d76a8a3893a7d5835c85284132e,9967 5 10222 7 10478 8 10733 9 10989 9 11245 9 11501 9 11757 9 12013 9 12270 7 12526 7 12783 6 13040 4
0e21d7b3eea8cdbbed60d51d72f4f8c1974c5d76a8a3893a7d5835c85284132e,72602 4 72857 8 73112 12 73367 14 73622 16 73877 17 74132 17 74387 17 74642 17 74896 18 75149 21 75404 21 75659 21 75914 21 76170 20 76426 19 76682 18 76938 17 77195 16 77451 15 77707 14 77963 13 78219 12 78475 11 78732 9 78988 8 79245 5
0e21d7b3eea8cdbbed60d51d72f4f8c1974c5d76a8a3893a7d5835c85284132e,23532 9 23783 16 24038 18 24294 19 24550 20 24806 21 25063 20 25320 19 25577 18 25834 17 26091 16 26348 14 26606 7
0e21d7b3eea8cdbbed60d51d72f4f8c1974c5d76a8a3893a7d5835c85284132e,60 18 316 17 573 16 829 16 1086 15 1342 14 1599 13 1856 12 2114 10 2371 8 2629 6 2886 4
0e21d7b3eea8cdbbed60d51d72f4f8c1974c5d76a8a3893a7d5835c85284132e,64182 7 64436 11 64688 16 64941 19 65194 22 65448 24 65702 26 65956 28 66210 29 66465 29 66719 31 66974 31 67229 32 67484 32 67739 32 67994 32 68249 33 68505 32 68761 31 69017 31 69273 30 69530 28 69787 26 70044 24 70301 22 70558 20 70815 18 71072 16 71329 14 71586 12 71843 11 72099 10 72355 9 72611 8 72867 7 73124 5 73381 3
0e21d7b3eea8cdbbed60d51d72f4f8c1974c5d76a8a3893a7d5835c85284132e,48118 6 48371 10 48625 13 48880 14 49135 15 49390 16 49646 16 49902 16 50158 16 50414 16 50670 16 50926 15 51182 15 51438 14 51695 12 51952 11 52209 9 52467 6
0e21d7b3eea8cdbbed60d51d72f4f8c1974c5d76a8a3893a7d5835c85284132e,44916 6 45170 9 45425 11 45680 13 45935 17 46190 20 46445 22 46700 24 46956 24 47211 25 47466 26 47722 26 47978 26 48234 26 48490 26 48746 25 49002 25 49258 25 49514 25 49770 24 50027 22 50284 19 50541 17 50798 15 51055 12 51313 5
0e21d7b3eea8cdbbed60d51d72f4f8c1974c5d76a8a3893a7d5835c85284132e,39618 4 39872 7 40126 10 40381 12 40636 13 40891 15 41146 16 41401 18 41657 18 41912 20 42168 20 42424 21 42680 21 42936 22 43192 23 43448 23 43704 24 43961 24 44218 24 44475 23 44733 21 44991 19 45248 18 45505 16 45763 13 46020 10
0e21d7b3eea8cdbbed60d51d72f4f8c1974c5d76a8a3893a7d5835c85284132e,40208 6 40463 8 40719 8 40975 9 41231 10 41487 11 41743 11 41999 12 42255 12 42510 13 42766 13 43022 13 43278 13 43534 13 43790 13 44046 13 44302 13 44558 13 44814 13 45070 13 45326 13 45582 13 45838 13 46094 13 46350 13 46607 12 46863 12 47120 11 47376 10 47633 9 47889 8 48146 4
0e21d7b3eea8cdbbed60d51d72f4f8c1974c5d76a8a3893a7d5835c85284132e,69263 5 69518 7 69773 8 70028 9 70283 9 70538 9 70793 9 71048 9 71303 9 71558 8 71813 8 72069 6 72324 6 72579 6 72835 5 73091 4 73348 2
