1023509cf8d4c155467800f89508690be9513431992f470594281cd37dbd020d,85476 12 85829 21 86187 25 86545 29 86904 32 87263 35 87622 37 87981 39 88340 40 88700 40 89059 42 89419 43 89779 44 90139 44 90499 45 90859 46 91219 46 91579 47 91939 48 92299 48 92659 48 93019 49 93379 49 93739 50 94099 50 94460 49 94820 49 95180 49 95541 48 95902 48 96262 48 96622 48 96983 47 97343 47 97704 46 98064 47 98425 46 98786 45 99148 43 99509 42 99870 41 100231 39 100592 38 100954 36 101315 35 101676 34 102037 33 102398 32 102760 30 103121 29 103483 27 103846 23 104208 19 104569 17 104932 8
1023509cf8d4c155467800f89508690be9513431992f470594281cd37dbd020d,278 48 639 47 999 47 1360 45 1720 45 2081 43 2441 43 2801 42 3162 40 3522 39 3883 37 4244 35 4605 33 4967 29 5330 25 5693 22 6071 5 6407 7 6431 7 6766 33 7126 34 7485 36 7844 38 8204 38 8564 39 8924 40 9284 41 9644 42 10004 42 10364 43 10723 44 11083 45 11443 45 11802 46 12162 46 12522 46 12882 46 13242 46 13602 46 13962 46 14322 47 14681 48 15041 48 15400 49 15759 50 16119 50 16479 51 16839 51 17199 50 17559 50 17919 50 18279 50 18638 50 18998 50 19358 50 19718 49 20078 49 20438 49 20798 49 21158 48 21519 47 21880 45 22240 44 22601 43 22962 41 23323 13 23342 20 23686 7 23704 16 24066 13 24429 8
1023509cf8d4c155467800f89508690be9513431992f470594281cd37dbd020d,238 32 597 34 957 35 1316 37 1676 37 2036 38 2396 39 2756 39 3116 39 3476 39 3835 41 4195 41 4555 41 4915 41 5275 41 5635 42 5995 42 6354 43 6714 43 7074 43 7434 43 7794 43 8154 44 8514 44 8874 44 9234 44 9594 44 9954 44 10315 43 10675 42 11035 42 11395 42 11755 42 12115 42 12475 42 12835 42 13195 42 13555 42 13915 42 14275 41 14635 41 14996 39 15356 39 15716 39 16076 39 16436 38 16796 37 17157 36 17518 34 17879 32 18240 30 18601 29 18962 27 19323 25 19684 23 20045 21 20407 18 20768 16 21132 6
1023509cf8d4c155467800f89508690be9513431992f470594281cd37dbd020d,25186 6 25544 11 25903 14 26262 16 26621 18 26980 20 27340 20 27699 22 28058 23 28417 24 28776 25 29136 25 29495 26 29855 26 30215 26 30574 27 30934 27 31293 28 31653 28 32012 29 32372 29 32731 30 33091 30 33451 30 33810 31 34170 31 34529 32 34889 32 35248 33 35608 33 35968 33 36327 34 36687 34 37047 34 37407 34 37766 35 38126 35 38486 35 38846 35 39206 35 39566 35 39925 36 40285 36 40645 36 41005 36 41365 36 41725 36 42085 36 42445 36 42805 36 43165 36 43525 36 43885 36 44245 36 44605 36 44965 36 45325 36 45685 35 46045 35 46405 35 46765 34 47125 34 47486 32 47846 32 48206 32 48566 31 48926 31 49287 30 49647 30 50007 29 50368 28 50729 26 51090 24 51451 22 51812 20 52173 18 52535 15 52903 5
1023509cf8d4c155467800f89508690be9513431992f470594281cd37dbd020d,83159 2 83517 4 83875 6 84234 7 84593 8 84952 9 85311 10 85670 11 86029 12 86388 13 86747 14 87107 14 87466 15 87826 15 88186 15 88546 15 88906 15 89266 15 89626 15 89986 15 90346 15 90707 14 91067 14 91427 14 91787 14 92147 14 92507 14 92867 14 93228 13 93589 12 93950 11 94310 11 94671 10 95032 9 95393 8 95754 7 96115 6 96476 5 96837 4 97198 3 97560 1
1023509cf8d4c155467800f89508690be9513431992f470594281cd37dbd020d,119794 3 120154 4 120514 5 120874 6 121234 7 121594 9 121953 11 122313 12 122672 15 123032 16 123391 18 123751 20 124111 21 124470 23 124829 25 125189 26 125549 27 125908 28 126268 29 126628 30 126988 31 127348 31 127708 31 128068 31 128428 31 128788 30 129148 29 129508 29
1023509cf8d4c155467800f89508690be9513431992f470594281cd37dbd020d,99778 12 100137 15 100496 18 100856 19 101216 20 101575 22 101935 23 102295 23 102655 24 103015 24 103375 24 103735 25 104095 26 104455 26 104815 26 105175 26 105535 26 105895 26 106255 26 106615 26 106975 26 107335 26 107695 26 108055 26 108415 26 108776 25 109136 24 109496 24 109856 24 110216 23 110576 23 110936 23 111297 21 111657 21 112017 21 112377 21 112737 21 113097 21 113458 20 113818 19 114179 18 114539 17 114900 15 115260 14 115621 13 115982 11 116344 9 116706 6
1023509cf8d4c155467800f89508690be9513431992f470594281cd37dbd020d,14082 10 14440 15 14799 20 15157 26 15516 30 15875 35 16234 37 16593 41 16952 44 17311 46 17670 49 18029 51 18389 53 18748 55 19108 56 19467 58 19826 60 20186 61 20545 63 20905 63 21265 64 21625 65 21985 65 22344 67 22704 67 23064 67 23424 68 23784 68 24144 68 24504 68 24865 68 25225 68 25585 69 25946 68 26306 68 26666 68 27027 67 27387 67 27748 67 28108 67 28469 66 28830 65 29191 64 29551 64 29912 63 30273 62 30634 61 30995 60 31357 58 31719 56 32080 55 32441 54 32803 52 33164 51 33525 50 33886 49 34247 48 34608 46 34969 45 35329 44 35690 42 36051 41 36413 38 36774 37 37136 34 37497 32 37859 29 38220 28 38581 26 38943 22 39307 16 39668 14 40031 7
1023509cf8d4c155467800f89508690be9513431992f470594281cd37dbd020d,102695 12 103053 15 103411 19 103770 21 104128 25 104487 27 104846 28 105202 33 105561 34 105921 35 106281 35 106641 35 107001 35 107361 35 107721 35 108081 35 108441 35 108801 35 109160 36 109520 36 109880 36 110239 37 110599 37 110959 37 111318 38 111678 37 112038 37 112398 36 112758 34 113118 33 113478 32 113837 33 114197 32 114556 32 114916 32 115276 31 115636 30 115996 29 116356 29 116716 28 117077 26 117437 25 117798 22 118158 21 118519 18 118880 15 119242 10
1023509cf8d4c155467800f89508690be9513431992f470594281cd37dbd020d,108 32 467 34 826 35 1185 37 1544 39 1904 39 2263 40 2623 40 2982 41 3342 42 3702 43 4061 45 4421 46 4781 46 5141 46 5500 48 5860 48 6220 48 6580 48 6940 48 7300 48 7660 48 8021 46 8381 46 8741 46 9101 46 9462 45 9822 44 10182 43 10543 42 10903 42 11264 40 11624 40 11984 39 12345 37 12705 36 13066 34 13428 31 13789 29 14150 25 14511 23 14873 19 15234 16 15595 14 15956 10
1023509cf8d4c155467800f89508690be9513431992f470594281cd37dbd020d,100075 6 100434 7 100793 8 101152 9 101512 9 101872 9 102231 10 102591 10 102951 10 103311 10 103671 10 104031 10 104391 10 104751 10 105111 10 105471 10 105831 10 106191 10 106551 10 106912 9 107272 9 107632 9 107992 9 108353 8 108713 8 109073 8 109433 8 109793 8 110153 8 110515 6 110876 5 111238 3 111600 1
1023509cf8d4c155467800f89508690be9513431992f470594281cd37dbd020d,123456 10 123806 23 124163 28 124521 33 124879 42 125236 45 125594 47 125953 48 126312 49 126670 51 127029 52 127388 53 127748 53 128107 54 128467 54 128827 54 129187 54 129547 54
1023509cf8d4c155467800f89508690be9513431992f470594281cd37dbd020d,81645 10 82002 17 82360 22 82719 25 83078 31 83437 39 83796 42 84155 45 84515 47 84874 49 85234 52 85593 54 85953 55 86313 56 86673 57 87033 58 87393 60 87754 60 88114 61 88475 60 88835 60 89195 60 89556 59 89916 59 90276 59 90637 58 90998 57 91358 56 91718 56 92078 56 92438 56 92799 55 93159 55 93520 53 93881 52 94241 51 94602 50 94962 49 95323 48 95683 48 96044 46 96404 46 96765 44 97125 43 97486 41 97846 40 98207 38 98570 34 98931 32 99292 30 99654 25 100015 22 100376 20 100740 13 101103 4
1023509cf8d4c155467800f89508690be9513431992f470594281cd37dbd020d,154 39 513 40 873 41 1233 41 1593 42 1953 42 2313 43 2672 44 3032 45 3392 45 3752 45 4112 46 4472 46 4832 47 5191 48 5551 48 5911 48 6271 49 6631 49 6991 49 7351 49 7711 50 8071 50 8431 51 8792 50 9152 50 9513 50 9873 50 10233 50 10594 49 10954 49 11315 48 11676 47 12037 46 12399 44 12760 43 13122 40 13483 39 13845 37 14207 35 14569 33 14931 30 15294 26 15656 23 16018 21 16381 17 16743 13 17105 10 17468 2
1023509cf8d4c155467800f89508690be9513431992f470594281cd37dbd020d,57420 20 57778 24 58137 26 58494 31 58853 33 59211 36 59569 41 59928 43 60287 45 60646 47 61005 48 61364 50 61724 51 62083 52 62442 54 62801 56 63161 57 63520 58 63880 59 64239 60 64599 60 64959 60 65319 59 65678 60 66038 59 66397 60 66757 60 67117 61 67477 61 67836 62 68196 62 68556 62 68916 62 69276 62 69636 62 69996 62 70356 62 70715 62 71075 62 71435 62 71795 62 72155 61 72515 61 72875 61 73236 60 73596 59 73956 59 74317 57 74677 57 75037 56 75397 56 75758 54 76118 53 76479 51 76839 49 77200 47 77560 46 77921 44 78282 42 78643 40 79004 37 79365 35 79726 32 80088 28 80449 23 80812 18 81176 10
1023509cf8d4c155467800f89508690be9513431992f470594281cd37dbd020d,60525 8 60882 13 61239 18 61597 21 61956 23 62314 26 62673 28 63032 30 63391 33 63750 35 64109 37 64468 39 64828 41 65188 43 65547 52 65907 61 66267 63 66626 66 66986 67 67346 68 67706 68 68065 70 68425 71 68785 72 68860 2 69145 78 69505 78 69865 79 70224 80 70584 80 70944 80 71304 81 71664 81 72025 80 72385 81 72745 81 73106 80 73466 80 73827 79 74188 79 74549 78 74910 77 75271 75 75632 74 75993 72 76354 71 76714 71 77075 69 77436 68 77797 67 78158 66 78519 65 78880 64 79241 63 79602 61 79963 59 80324 57 80685 55 81047 52 81408 50 81769 49 82130 47 82494 42 82856 37 83219 32 83584 24 83949 14
1023509cf8d4c155467800f89508690be9513431992f470594281cd37dbd020d,110512 3 110871 5 111231 7 111591 9 111950 11 112310 11 112670 11 113029 12 113389 12 113749 12 114109 12 114469 12 114829 12 115189 12 115549 12 115909 12 116269 12 116629 12 116989 12 117350 11 117710 11 118071 10 118432 9 118792 9 119152 9 119512 9 119872 9 120233 8 120594 7 120956 5 121318 3 121680 1
1023509cf8d4c155467800f89508690be9513431992f470594281cd37dbd020d,86630 12 86988 16 87346 21 87705 24 88064 26 88422 30 88781 32 89140 34 89499 36 89858 38 90218 39 90577 40 90937 41 91296 43 91655 45 92015 45 92375 46 92735 47 93094 48 93454 49 93814 50 94174 50 94534 51 94894 53 95254 54 95614 54 95974 54 96334 55 96694 55 97054 55 97414 56 97774 56 98135 55 98495 55 98855 55 99215 55 99576 54 99936 54 100297 53 100657 52 101018 51 101378 50 101739 48 102100 47 102460 46 102821 44 103182 42 103543 40 103904 37 104265 34 104626 30 104988 25 105354 14
1023509cf8d4c155467800f89508690be9513431992f470594281cd37dbd020d,25817 2 26173 14 26530 20 26889 22 27248 24 27607 27 27966 29 28324 31 28683 32 29041 35 29399 38 29758 40 30118 41 30477 43 30837 44 31196 46 31555 48 31915 49 32274 50 32634 51 32994 51 33353 53 33713 53 34073 53 34433 54 34793 54 35153 55 35513 55 35873 55 36233 55 36593 55 36953 56 37313 56 37673 56 38033 57 38394 56 38754 55 39114 55 39475 54 39835 54 40195 54 40555 54 40915 54 41276 53 41637 52 41999 49 42360 48 42724 44 43086 42 43450 37 43816 31 44177 29 44541 25 44903 22 45265 20 45628 16 45990 13
1023509cf8d4c155467800f89508690be9513431992f470594281cd37dbd020d,118918 8 119274 16 119632 21 119990 24 120349 27 120708 29 121065 33 121424 35 121784 36 122143 38 122503 39 122862 41 123222 42 123581 44 123941 45 124300 47 124660 48 125020 49 125380 49 125740 50 126101 50 126461 50 126821 51 127181 52 127542 52 127902 53 128262 54 128623 54 128983 55 129344 54
1023509cf8d4c155467800f89508690be9513431992f470594281cd37dbd020d,102155 18 102511 24 102870 27 103228 31 103586 35 103944 38 104303 40 104662 41 105021 43 105380 45 105739 47 106098 48 106458 48 106817 50 107176 52 107535 54 107895 54 108255 55 108614 57 108974 58 109334 59 109694 59 110054 59 110414 60 110774 61 111134 62 111493 63 111853 63 112213 63 112573 64 112933 64 113294 64 113655 64 114015 64 114375 65 114736 65 115098 63 115459 62 115820 60 116182 58 116546 54 116907 53 117268 52 117629 51 117990 50 118352 48 118713 46 119073 46 119434 45 119797 41 120158 39 120519 38 120880 36 121241 35 121603 32 121964 30 122325 28 122687 25 123050 21 123411 19 123773 16 124135 11
1023509cf8d4c155467800f89508690be9513431992f470594281cd37dbd020d,87128 10 87485 16 87843 19 88202 21 88561 24 88921 25 89281 27 89641 28 90001 28 90361 29 90721 30 91081 30 91441 31 91801 31 92161 31 92521 32 92881 32 93241 32 93601 32 93961 32 94321 32 94681 32 95041 31 95401 31 95761 31 96121 30 96481 30 96841 29 97201 29 97561 28 97921 28 98281 27 98641 26 99001 26 99361 25 99721 25 100081 24 100441 24 100801 24 101161 23 101521 23 101881 23 102241 23 102601 23 102961 23 103321 23 103681 23 104041 24 104401 24 104761 24 105121 25 105481 25 105841 25 106201 25 106561 26 106921 26 107281 27 107641 28 108001 29 108361 30 108721 30 109081 30 109441 30 109801 31 110162 30 110524 28 110885 27 111246 26 111607 25 111969 23 112330 22 112692 19 113053 17 113415 12 113783 3
1023509cf8d4c155467800f89508690be9513431992f470594281cd37dbd020d,1 24 361 24 721 24 1081 24 1441 23 1801 23 2161 23 2521 23 2881 23 3241 23 3601 23 3961 23 4321 22 4681 22 5041 21 5401 21 5761 21 6121 20 6481 19 6841 18 7201 17 7561 16 7921 13 8283 6
