11a0170f44e3ab4a8d669ae8ea9546d3a32ebfe6486d9066e5648d30b4e1cb69,36407 3 36662 5 36917 7 37173 7 37429 8 37685 8 37941 8 38198 7 38454 7 38711 6 38968 4
11a0170f44e3ab4a8d669ae8ea9546d3a32ebfe6486d9066e5648d30b4e1cb69,40616 5 40871 7 41126 9 41381 11 41636 12 41892 12 42148 12 42403 14 42659 14 42915 14 43171 14 43427 14 43683 14 43939 14 44195 13 44452 12 44708 12 44965 10 45222 8 45479 6 45737 2
11a0170f44e3ab4a8d669ae8ea9546d3a32ebfe6486d9066e5648d30b4e1cb69,48636 3 48889 8 49143 10 49398 11 49653 12 49908 13 50163 14 50419 14 50676 13 50932 13 51189 10 51447 6
11a0170f44e3ab4a8d669ae8ea9546d3a32ebfe6486d9066e5648d30b4e1cb69,22457 5 22712 7 22967 9 23222 11 23478 12 23734 13 23990 13 24246 13 24502 13 24758 13 25015 12 25272 10 25530 7 25788 3
11a0170f44e3ab4a8d669ae8ea9546d3a32ebfe6486d9066e5648d30b4e1cb69,51474 9 51729 12 51984 14 52240 15 52496 15 52753 15 53009 15 53266 14 53523 13 53781 11 54038 9 54296 6
11a0170f44e3ab4a8d669ae8ea9546d3a32ebfe6486d9066e5648d30b4e1cb69,29429 6 29684 8 29940 9 30195 10 30451 11 30706 12 30962 12 31218 12 31474 12 31731 11 31987 11 32243 10 32499 9 32756 7 33013 4
11a0170f44e3ab4a8d669ae8ea9546d3a32ebfe6486d9066e5648d30b4e1cb69,55624 3 55879 8 56134 11 56389 13 56645 14 56901 15 57158 15 57414 15 57671 15 57928 14 58185 12 58442 11 58700 8
11a0170f44e3ab4a8d669ae8ea9546d3a32ebfe6486d9066e5648d30b4e1cb69,36652 2 36906 6 37161 8 37417 8 37672 10 37928 10 38184 11 38440 11 38696 11 38952 12 39208 12 39464 12 39721 11 39977 11 40234 10 40491 8 40749 5
11a0170f44e3ab4a8d669ae8ea9546d3a32ebfe6486d9066e5648d30b4e1cb69,24143 6 24398 8 24653 10 24909 10 25164 11 25420 11 25675 13 25931 13 26187 13 26443 13 26699 13 26955 13 27212 11 27468 10 27725 8
11a0170f44e3ab4a8d669ae8ea9546d3a32ebfe6486d9066e5648d30b4e1cb69,25043 5 25298 7 25554 7 25810 8 26066 8 26322 8 26578 9 26834 9 27090 9 27346 9 27602 9 27858 9 28114 8 28371 6 28628 4
11a0170f44e3ab4a8d669ae8ea9546d3a32ebfe6486d9066e5648d30b4e1cb69,23606 4 23861 6 24117 7 24372 10 24628 11 24884 11 25140 11 25396 11 25652 11 25908 11 26164 10 26420 10 26676 10 26933 8 27190 6 27448 3
11a0170f44e3ab4a8d669ae8ea9546d3a32ebfe6486d9066e5648d30b4e1cb69,15506 2 15760 6 16015 8 16271 9 16527 10 16783 10 17039 10 17295 10 17551 11 17807 11 18063 11 18319 11 18575 11 18832 10 19088 9 19345 7 19603 3
