12f89395ad5d21491ab9cec137e247652451d283064773507d7dc362243c5b8e,63397 4 63651 7 63906 9 64162 9 64418 9 64673 11 64929 11 65185 10 65441 9
12f89395ad5d21491ab9cec137e247652451d283064773507d7dc362243c5b8e,59771 6 60026 9 60281 11 60537 12 60793 12 61049 12 61305 12 61561 11 61817 10 62074 8
12f89395ad5d21491ab9cec137e247652451d283064773507d7dc362243c5b8e,6448 6 6703 8 6958 10 7214 10 7470 10 7726 10 7982 10 8239 9 8495 9 8752 7
12f89395ad5d21491ab9cec137e247652451d283064773507d7dc362243c5b8e,15756 7 16011 11 16267 12 16522 13 16779 12 17035 11 17294 7
12f89395ad5d21491ab9cec137e247652451d283064773507d7dc362243c5b8e,4904 6 5159 8 5414 9 5670 9 5926 9 6183 7 6441 4
12f89395ad5d21491ab9cec137e247652451d283064773507d7dc362243c5b8e,5 3 260 5 516 5 771 7 1027 7 1283 8 1540 7 1796 7 2053 5 2309 5
12f89395ad5d21491ab9cec137e247652451d283064773507d7dc362243c5b8e,29184 1 29439 2 29694 3 29950 3 30206 3 30462 3 30718 3 30975 2 31232 1
12f89395ad5d21491ab9cec137e247652451d283064773507d7dc362243c5b8e,63182 4 63436 6 63691 7 63946 8 64201 9 64457 7 64713 7 64969 6 65226 4
12f89395ad5d21491ab9cec137e247652451d283064773507d7dc362243c5b8e,52980 6 53235 8 53491 9 53747 9 54003 9 54259 9 54515 9 54772 7 55032 1 55288 1
12f89395ad5d21491ab9cec137e247652451d283064773507d7dc362243c5b8e,10415 3 10670 5 10925 6 11181 6 11437 6 11693 6 11949 6 12206 4
12f89395ad5d21491ab9cec137e247652451d283064773507d7dc362243c5b8e,26378 3 26633 5 26889 5 27145 5 27402 3
12f89395ad5d21491ab9cec137e247652451d283064773507d7dc362243c5b8e,41869 6 42122 10 42377 11 42632 12 42888 12 43143 13 43400 12 43657 11 43913 11 44170 10 44429 7
12f89395ad5d21491ab9cec137e247652451d283064773507d7dc362243c5b8e,28906 7 29161 8 29417 9 29673 9 29928 10 30184 10 30440 10 30696 10 30953 9 31209 8 31466 7
12f89395ad5d21491ab9cec137e247652451d283064773507d7dc362243c5b8e,39869 5 40123 8 40378 10 40634 10 40889 11 41144 11 41400 11 41657 9 41913 8 42170 7
12f89395ad5d21491ab9cec137e247652451d283064773507d7dc362243c5b8e,33480 4 33735 6 33990 7 34247 6 34503 6 34760 5 35017 3
12f89395ad5d21491ab9cec137e247652451d283064773507d7dc362243c5b8e,39507 7 39762 7 40016 10 40271 11 40527 11 40783 11 41038 11 41294 10 41550 9 41807 6 42063 6 42321 3
12f89395ad5d21491ab9cec137e247652451d283064773507d7dc362243c5b8e,26193 9 26448 10 26704 12 26960 13 27216 13 27473 11 27730 10
12f89395ad5d21491ab9cec137e247652451d283064773507d7dc362243c5b8e,44746 2 45000 6 45255 8 45510 9 45766 9 46023 8 46279 8 46536 7
12f89395ad5d21491ab9cec137e247652451d283064773507d7dc362243c5b8e,7844 5 8099 7 8354 8 8610 9 8866 9 9122 10 9378 10 9635 9 9891 9 10148 8 10405 6
12f89395ad5d21491ab9cec137e247652451d283064773507d7dc362243c5b8e,53515 3 53770 5 54026 5 54282 5 54539 4 54795 4 55051 4 55307 3
12f89395ad5d21491ab9cec137e247652451d283064773507d7dc362243c5b8e,5139 7 5391 12 5646 13 5902 13 6158 13 6415 12 6672 11 6928 10 7185 9 7443 6
12f89395ad5d21491ab9cec137e247652451d283064773507d7dc362243c5b8e,3612 5 3866 8 4121 9 4377 9 4633 8 4889 6 5146 4
12f89395ad5d21491ab9cec137e247652451d283064773507d7dc362243c5b8e,55027 5 55282 6 55537 8 55793 8 56048 9 56304 9 56560 10 56816 10 57072 9 57328 9 57585 7 57842 6
12f89395ad5d21491ab9cec137e247652451d283064773507d7dc362243c5b8e,62565 6 62818 9 63072 12 63327 13 63583 13 63838 14 64094 13 64350 13 64606 13 64863 11 65120 9 65377 7
12f89395ad5d21491ab9cec137e247652451d283064773507d7dc362243c5b8e,53954 3 54209 5 54464 7 54719 8 54975 8 55231 8 55487 8 55744 6
12f89395ad5d21491ab9cec137e247652451d283064773507d7dc362243c5b8e,41846 3 42101 5 42357 5 42613 5 42870 3
12f89395ad5d21491ab9cec137e247652451d283064773507d7dc362243c5b8e,13261 3 13516 5 13772 5 14028 5 14285 3
12f89395ad5d21491ab9cec137e247652451d283064773507d7dc362243c5b8e,58043 2 58297 6 58552 9 58807 10 59063 10 59319 10 59575 9 59831 8 60088 7
12f89395ad5d21491ab9cec137e247652451d283064773507d7dc362243c5b8e,22840 7 23095 9 23350 10 23606 10 23863 9 24119 9 24376 7 24633 5
12f89395ad5d21491ab9cec137e247652451d283064773507d7dc362243c5b8e,57295 5 57550 7 57805 8 58061 8 58316 9 58573 7 58829 7 59086 4
12f89395ad5d21491ab9cec137e247652451d283064773507d7dc362243c5b8e,50821 5 51076 7 51332 8 51587 9 51843 11 52099 11 52355 11 52612 10 52869 6 53126 3
12f89395ad5d21491ab9cec137e247652451d283064773507d7dc362243c5b8e,54387 5 54641 7 54897 7 55152 8 55407 9 55663 9 55919 9 56175 9 56431 9 56688 8 56945 7
12f89395ad5d21491ab9cec137e247652451d283064773507d7dc362243c5b8e,27550 3 27804 5 28059 7 28314 8 28570 8 28826 8 29082 8 29338 8 29595 7 29853 4
12f89395ad5d21491ab9cec137e247652451d283064773507d7dc362243c5b8e,40062 6 40317 8 40572 9 40828 9 41083 10 41340 9 41597 7
12f89395ad5d21491ab9cec137e247652451d283064773507d7dc362243c5b8e,57977 3 58228 9 58482 12 58737 13 58993 13 59249 13 59505 15 59761 10 60018 8 60276 5 60535 2
12f89395ad5d21491ab9cec137e247652451d283064773507d7dc362243c5b8e,54021 4 54276 6 54532 7 54788 7 55044 7 55301 6 55558 5 55815 3
12f89395ad5d21491ab9cec137e247652451d283064773507d7dc362243c5b8e,12692 1 12945 4 13200 6 13455 12 13711 10 13967 9 14223 9 14479 9 14736 7 14993 6 15250 5
12f89395ad5d21491ab9cec137e247652451d283064773507d7dc362243c5b8e,35532 5 35787 8 36043 8 36298 9 36555 8 36811 7
12f89395ad5d21491ab9cec137e247652451d283064773507d7dc362243c5b8e,4035 6 4287 11 4543 10 4798 11 5054 11 5310 11 5567 11 5823 10 6079 9 6335 8 6591 6 6847 6 7099 9 7354 6 7608 9 7864 9 8120 9 8376 9 8633 8 8889 7 9146 5
12f89395ad5d21491ab9cec137e247652451d283064773507d7dc362243c5b8e,53129 3 53384 5 53640 5 53896 5 54153 3
12f89395ad5d21491ab9cec137e247652451d283064773507d7dc362243c5b8e,39209 6 39463 8 39717 12 39973 12 40229 13 40485 13 40741 13 40998 11 41255 10 41512 8
12f89395ad5d21491ab9cec137e247652451d283064773507d7dc362243c5b8e,33375 3 33628 8 33884 9 34139 10 34396 9 34652 9 34908 8 35165 7
12f89395ad5d21491ab9cec137e247652451d283064773507d7dc362243c5b8e,47788 4 48043 5 48298 6 48554 7 48810 7 49067 7 49324 5 49582 1
12f89395ad5d21491ab9cec137e247652451d283064773507d7dc362243c5b8e,48151 5 48406 7 48661 9 48917 9 49173 8 49430 7 49686 9 49943 8
12f89395ad5d21491ab9cec137e247652451d283064773507d7dc362243c5b8e,62904 4 63159 6 63415 6 63671 6 63927 6 64184 5
12f89395ad5d21491ab9cec137e247652451d283064773507d7dc362243c5b8e,22181 6 22435 9 22691 9 22946 11 23202 11 23458 11 23714 10 23971 9 24228 7 24485 2 24488 3
12f89395ad5d21491ab9cec137e247652451d283064773507d7dc362243c5b8e,8289 7 8544 8 8799 10 9054 12 9310 12 9566 12 9822 12 10078 12 10335 10 10592 8
12f89395ad5d21491ab9cec137e247652451d283064773507d7dc362243c5b8e,39346 3 39599 8 39853 10 40109 10 40365 10 40620 11 40876 11 41133 10 41389 9 41647 6
12f89395ad5d21491ab9cec137e247652451d283064773507d7dc362243c5b8e,34293 7 34548 9 34803 10 35059 10 35315 10 35570 11 35826 11 36082 11 36339 9 36595 8 36852 6 37109 3
12f89395ad5d21491ab9cec137e247652451d283064773507d7dc362243c5b8e,5407 3 5662 5 5917 6 6173 7 6429 8 6685 9 6942 8 7199 7 7456 5
12f89395ad5d21491ab9cec137e247652451d283064773507d7dc362243c5b8e,60204 9 60458 11 60713 12 60968 14 61223 15 61479 15 61735 14 61991 14 62248 13 62506 10
12f89395ad5d21491ab9cec137e247652451d283064773507d7dc362243c5b8e,41669 3 41924 5 42180 5 42436 5 42693 3
12f89395ad5d21491ab9cec137e247652451d283064773507d7dc362243c5b8e,11158 5 11413 11 11669 11 11925 11 12180 12 12436 12 12693 9 12949 9 13206 7
12f89395ad5d21491ab9cec137e247652451d283064773507d7dc362243c5b8e,52942 1 53196 4 53451 5 53707 5 53962 6 54218 6 54475 5 54732 3
12f89395ad5d21491ab9cec137e247652451d283064773507d7dc362243c5b8e,18638 7 18892 10 19147 12 19403 12 19658 13 19914 13 20170 13 20427 12 20683 11 20939 11 21196 9
12f89395ad5d21491ab9cec137e247652451d283064773507d7dc362243c5b8e,61633 5 61888 7 62143 8 62399 8 62655 8 62912 7 63169 5
12f89395ad5d21491ab9cec137e247652451d283064773507d7dc362243c5b8e,11588 5 11840 10 12095 12 12350 14 12606 14 12862 15 13118 16 13373 17 13629 18 13885 18 14141 18 14397 18 14653 18 14910 16 15166 16 15424 13 15682 11 15940 8 16195 8
12f89395ad5d21491ab9cec137e247652451d283064773507d7dc362243c5b8e,49055 9 49309 11 49565 12 49820 13 50077 12 50333 12 50589 12 50847 10
12f89395ad5d21491ab9cec137e247652451d283064773507d7dc362243c5b8e,7971 6 8225 9 8481 9 8736 11 8992 11 9248 10 9505 8 9762 4
12f89395ad5d21491ab9cec137e247652451d283064773507d7dc362243c5b8e,12983 5 13238 7 13494 10 13749 11 14004 12 14260 12 14516 12 14772 12 15028 11 15284 10 15541 9 15797 7
12f89395ad5d21491ab9cec137e247652451d283064773507d7dc362243c5b8e,7161 5 7415 9 7669 11 7925 11 8180 12 8435 13 8690 13 8946 13 9202 12 9458 11 9714 10 9971 8
12f89395ad5d21491ab9cec137e247652451d283064773507d7dc362243c5b8e,43997 9 44252 11 44507 13 44763 13 45019 13 45275 13 45531 13 45788 11 46046 8
12f89395ad5d21491ab9cec137e247652451d283064773507d7dc362243c5b8e,18419 8 18674 10 18929 11 19185 12 19441 12 19697 13 19953 13 20210 12 20467 11 20724 9 20982 6
12f89395ad5d21491ab9cec137e247652451d283064773507d7dc362243c5b8e,53722 6 53977 8 54233 8 54489 8 54745 7 55003 5
12f89395ad5d21491ab9cec137e247652451d283064773507d7dc362243c5b8e,15273 2 15528 4 15783 5 16039 6 16295 6 16551 6
12f89395ad5d21491ab9cec137e247652451d283064773507d7dc362243c5b8e,9115 4 9370 6 9625 8 9881 9 10136 12 10393 9 10649 8 10904 9 11163 4
12f89395ad5d21491ab9cec137e247652451d283064773507d7dc362243c5b8e,37295 6 37548 10 37802 12 38057 13 38312 14 38568 14 38824 13 39080 14 39337 9 39349 1 39596 3 39852 1
12f89395ad5d21491ab9cec137e247652451d283064773507d7dc362243c5b8e,60961 3 61216 5 61472 5 61728 5 61985 3
12f89395ad5d21491ab9cec137e247652451d283064773507d7dc362243c5b8e,4359 6 4614 8 4869 10 5125 11 5380 11 5636 10 5892 10 6148 10 6404 11 6660 11 6916 10 7173 9 7430 7
12f89395ad5d21491ab9cec137e247652451d283064773507d7dc362243c5b8e,46333 2 46587 6 46842 7 47098 7 47353 8 47609 8 47865 8 48121 8 48377 8 48634 7 48890 7 49147 6 49405 1
12f89395ad5d21491ab9cec137e247652451d283064773507d7dc362243c5b8e,4493 2 4747 7 5003 8 5258 9 5514 10 5770 10 6026 11 6282 12 6539 11 6795 11 7052 9 7309 8 7566 6
12f89395ad5d21491ab9cec137e247652451d283064773507d7dc362243c5b8e,3897 3 4151 7 4406 9 4661 10 4917 10 5173 10 5432 7 5690 3
12f89395ad5d21491ab9cec137e247652451d283064773507d7dc362243c5b8e,1421 5 1676 7 1931 9 2187 10 2444 9 2700 9 2956 9 3213 8 3470 7
12f89395ad5d21491ab9cec137e247652451d283064773507d7dc362243c5b8e,61926 3 62180 6 62435 8 62690 10 62946 10 63201 11 63457 11 63713 10 63969 9 64226 7 64483 4
12f89395ad5d21491ab9cec137e247652451d283064773507d7dc362243c5b8e,52037 6 52291 9 52546 11 52802 11 53057 13 53313 13 53569 13 53826 12 54082 12 54338 12 54595 10 54851 10 55107 9 55363 9 55619 9 55876 8 56132 8 56389 4
12f89395ad5d21491ab9cec137e247652451d283064773507d7dc362243c5b8e,6573 6 6828 8 7084 9 7340 9 7596 9 7852 9 8109 8 8365 8 8622 7 8879 5
12f89395ad5d21491ab9cec137e247652451d283064773507d7dc362243c5b8e,22248 3 22503 5 22759 5 23015 5 23272 3
12f89395ad5d21491ab9cec137e247652451d283064773507d7dc362243c5b8e,1921 5 2175 6 2430 9 2686 9 2941 11 3197 11 3453 11 3709 10 3966 9 4223 8 4480 6 4728 13 4983 8 5238 10 5494 10 5750 11 6006 11 6262 11 6518 10 6775 8 7033 5
