14cc1424c59808274e123db51292e9dbb5b037ef3e7c767a8c45c9ac733b91bf,24630 13 24988 17 25346 22 25705 24 26064 26 26423 29 26782 31 27142 31 27501 33 27860 34 28220 35 28579 37 28939 37 29299 38 29659 38 30018 40 30378 40 30738 41 31098 42 31458 42 31818 42 32177 43 32537 43 32896 45 33256 45 33616 46 33976 47 34336 47 34696 47 35057 47 35417 48 35778 48 36138 49 36498 49 36858 49 37218 49 37578 50 37939 49 38303 45 38664 44 39025 44 39386 43 39747 42 40107 42 40468 41 40829 41 41190 40 41550 40 41911 39 42272 38 42632 38 42993 37 43354 36 43715 35 44075 35 44436 34 44797 33 45159 31 45520 30 45881 29 46242 28 46604 25 46965 23 47326 21 47687 19 48049 15 48412 8
14cc1424c59808274e123db51292e9dbb5b037ef3e7c767a8c45c9ac733b91bf,242 57 602 57 962 57 1323 57 1683 57 2043 58 2404 57 2764 58 3124 59 3485 58 3846 58 4206 58 4566 58 4927 57 5287 58 5648 57 6008 57 6368 57 6729 56 7090 55 7451 54 7811 54 8172 53 8533 52 8894 50 9254 50 9615 49 9976 48 10337 47 10698 46 11060 43 11421 41 11783 38 12144 36 12507 32 12870 28 13234 23 13597 18 13964 6
14cc1424c59808274e123db51292e9dbb5b037ef3e7c767a8c45c9ac733b91bf,117255 8 117613 17 117971 21 118326 29 118683 33 119041 36 119400 38 119758 41 120116 44 120475 46 120834 47 121193 49 121552 50 121911 52 122270 53 122629 54 122988 55 123348 55 123708 56 124067 57 124427 57 124786 58 125146 58 125505 58 125865 58 126224 59 126584 59 126944 59 127304 59 127663 59 128023 59 128383 59 128743 58 129104 56 129464 56
14cc1424c59808274e123db51292e9dbb5b037ef3e7c767a8c45c9ac733b91bf,15483 9 15841 15 16201 17 16561 18 16921 18 17281 19 17641 20 18001 21 18361 21 18721 22 19081 22 19441 23 19801 24 20161 24 20521 24 20881 25 21241 25 21601 26 21961 26 22321 26 22681 26 23041 26 23401 26 23761 27 24121 27 24481 27 24841 28 25201 28 25561 28 25921 28 26281 29 26641 29 27001 29 27361 30 27721 30 28081 31 28441 31 28801 32 29161 32 29521 32 29881 32 30241 32 30601 32 30961 32 31321 32 31681 32 32041 32 32401 32 32761 32 33121 32 33481 33 33841 33 34201 33 34561 33 34921 33 35281 33 35641 33 36001 33 36361 33 36721 33 37081 33 37441 33 37802 31 38163 30 38524 29 38884 28 39245 26 39606 25 39967 23 40328 21 40689 19 41050 17 41411 15 41773 10
14cc1424c59808274e123db51292e9dbb5b037ef3e7c767a8c45c9ac733b91bf,83776 11 84134 16 84492 22 84850 26 85208 30 85567 33 85927 34 86286 38 86645 41 87005 43 87364 45 87724 47 88083 49 88443 49 88802 51 89162 52 89522 53 89882 53 90242 53 90602 54 90963 54 91323 54 91683 54 92043 55 92404 55 92764 55 93124 56 93484 56 93844 57 94205 56 94565 57 94926 56 95286 57 95646 57 96007 56 96367 56 96728 55 97088 55 97449 54 97809 53 98170 52 98531 51 98891 50 99252 48 99613 47 99973 46 100334 45 100695 43 101057 40 101418 38 101779 36 102141 33 102502 31 102864 28 103225 26 103588 22 103950 19 104315 9
14cc1424c59808274e123db51292e9dbb5b037ef3e7c767a8c45c9ac733b91bf,123120 1 123479 2 123839 2 124198 3 124557 4 124917 4 125276 5 125635 6 125995 6 126354 7 126714 7 127073 8 127433 8 127793 8 128153 8 128513 8 128873 8 129233 8 129593 8
14cc1424c59808274e123db51292e9dbb5b037ef3e7c767a8c45c9ac733b91bf,305 56 666 55 1027 54 1387 54 1748 53 2108 53 2469 52 2830 51 3191 50 3552 49 3913 48 4274 47 4635 46 4996 45 5357 44 5719 42 6082 39 6445 36 6807 34 7171 30 7536 25 7898 23 8262 19 8625 16 8989 12 9352 9
14cc1424c59808274e123db51292e9dbb5b037ef3e7c767a8c45c9ac733b91bf,74673 17 75030 21 75389 23 75748 26 76106 29 76465 31 76824 33 77183 35 77542 37 77901 39 78260 41 78619 43 78978 44 79337 46 79697 46 80057 47 80416 48 80776 49 81136 49 81496 49 81856 49 82216 49 82576 49 82936 49 83297 49 83657 49 84018 48 84378 48 84739 48 85100 47 85460 47 85821 47 86181 47 86542 46 86903 45 87264 45 87625 44 87986 43 88347 42 88709 40 89070 40 89431 39 89792 38 90153 37 90515 35 90876 35 91240 31 91601 29 91963 27 92325 24 92688 21 93050 19 93413 15 93776 10 94139 6
14cc1424c59808274e123db51292e9dbb5b037ef3e7c767a8c45c9ac733b91bf,1927 9 2286 15 2644 20 3003 23 3362 26 3722 28 4081 31 4440 33 4800 35 5160 36 5520 37 5880 38 6239 40 6599 41 6959 42 7319 43 7679 44 8038 46 8398 47 8758 48 9118 48 9478 49 9838 50 10198 50 10559 49 10919 50 11279 50 11639 50 11999 51 12359 51 12719 51 13080 51 13440 51 13801 50 14161 50 14522 49 14882 49 15243 48 15604 47 15964 47 16325 46 16686 45 17047 44 17407 44 17768 43 18129 42 18490 40 18851 39 19212 37 19573 36 19934 34 20295 33 20657 30 21019 28 21381 25 21743 22 22109 15
14cc1424c59808274e123db51292e9dbb5b037ef3e7c767a8c45c9ac733b91bf,9412 5 9769 10 10125 18 10483 21 10842 23 11200 27 11559 29 11917 32 12276 33 12635 35 12994 36 13354 36 13713 37 14073 38 14432 39 14792 39 15151 40 15511 41 15870 42 16229 43 16588 44 16948 44 17308 44 17667 45 18027 45 18387 45 18746 46 19106 46 19466 47 19825 48 20185 48 20545 48 20906 48 21266 48 21627 47 21987 47 22347 47 22707 47 23067 47 23427 47 23788 46 24148 46 24508 46 24869 45 25229 45 25589 45 25949 45 26310 44 26672 42 27034 39 27395 38 27756 37 28118 34 28479 32 28841 30 29202 29 29564 27 29925 25 30289 19 30652 14
14cc1424c59808274e123db51292e9dbb5b037ef3e7c767a8c45c9ac733b91bf,33786 14 34144 24 34503 26 34862 29 35221 32 35580 34 35940 35 36300 36 36660 36 37021 36 37381 37 37741 38 38101 38 38461 39 38822 38 39182 39 39543 38 39903 38 40263 38 40624 37 40984 38 41344 38 41704 38 42065 38 42425 38 42785 38 43145 38 43504 39 43863 40 44222 41 44582 41 44941 42 45300 42 45659 43 46019 43 46378 44 46738 44 47098 43 47458 43 47818 43 48178 42 48538 42 48898 41 49258 41 49619 40 49980 38 50340 37 50700 36 51061 34 51422 32 51783 30 52145 25 52507 20 52868 16 53232 8
14cc1424c59808274e123db51292e9dbb5b037ef3e7c767a8c45c9ac733b91bf,8833 4 9190 11 9548 17 9907 19 10266 22 10625 25 10984 27 11343 29 11703 30 12062 32 12421 34 12781 35 13140 36 13500 37 13860 38 14220 38 14579 40 14939 40 15299 41 15659 42 16019 42 16379 43 16739 44 17099 44 17459 44 17819 45 18179 45 18539 45 18899 45 19260 45 19620 45 19980 45 20340 45 20700 45 21061 44 21421 44 21781 44 22141 44 22501 43 22861 43 23221 43 23582 42 23942 42 24302 42 24662 42 25022 42 25382 42 25742 42 26103 40 26463 40 26824 39 27184 39 27544 39 27905 38 28266 37 28627 36 28988 34 29350 32 29711 30 30072 28 30434 25 30796 22 31158 19 31519 16 31882 9
14cc1424c59808274e123db51292e9dbb5b037ef3e7c767a8c45c9ac733b91bf,64904 2 64908 4 65260 22 65612 33 65970 38 66327 42 66685 46 67043 50 67402 53 67761 56 68120 59 68479 61 68839 62 69198 64 69558 64 69918 65 70278 66 70637 68 70997 68 71357 68 71717 69 72077 69 72437 69 72798 68 73158 68 73518 68 73878 68 74239 67 74600 66 74961 65 75322 63 75683 61 76044 59 76405 57 76768 53 77129 51 77491 48 77852 45 78216 39 78578 36 78942 30 79305 24 79671 15 80036 2
14cc1424c59808274e123db51292e9dbb5b037ef3e7c767a8c45c9ac733b91bf,75282 9 75633 21 75991 27 76347 34 76703 41 77061 45 77419 48 77776 53 78135 55 78493 58 78852 60 79211 62 79569 64 79928 66 80287 67 80646 68 81005 70 81364 71 81721 74 82081 74 82441 74 82801 74 83161 73 83521 72 83881 72 84241 71 84601 71 84961 70 85321 69 85681 68 86041 67 86401 65 86761 64 87121 62 87481 60 87844 55 88205 53 88566 51 88927 48 89288 43 89649 38 90010 35 90373 28 90734 24 91098 11 91111 4 91461 7
14cc1424c59808274e123db51292e9dbb5b037ef3e7c767a8c45c9ac733b91bf,36450 9 36807 14 37166 16 37524 19 37883 21 38242 23 38601 24 38960 26 39319 28 39678 30 40037 31 40397 31 40757 32 41116 33 41476 34 41835 35 42195 36 42555 36 42915 36 43275 37 43635 37 43995 37 44355 37 44715 38 45076 37 45436 37 45796 38 46157 37 46518 36 46878 37 47239 36 47599 36 47960 35 48321 34 48681 34 49042 33 49403 32 49763 32 50124 32 50484 32 50844 32 51203 33 51563 33 51922 34 52281 35 52641 35 53000 35 53360 35 53719 36 54079 35 54439 35 54799 34 55159 34 55519 34 55879 33 56239 33 56599 32 56960 30 57320 29 57681 27 58042 25 58403 22 58764 19 59126 15 59488 7
14cc1424c59808274e123db51292e9dbb5b037ef3e7c767a8c45c9ac733b91bf,30189 3 30548 5 30908 5 31268 5 31629 3
14cc1424c59808274e123db51292e9dbb5b037ef3e7c767a8c45c9ac733b91bf,92600 10 92956 18 93312 25 93671 28 94028 32 94386 34 94745 35 95103 38 95462 39 95819 43 96177 45 96535 47 96892 50 97250 52 97608 54 97966 56 98324 58 98683 59 99042 60 99401 61 99760 62 100120 61 100479 62 100839 61 101199 61 101558 62 101918 62 102278 62 102638 62 102998 62 103358 61 103718 61 104078 61 104439 60 104799 60 105159 59 105520 58 105880 57 106241 55 106602 54 106962 53 107323 51 107685 48 108048 44 108409 41 108772 37 109135 33 109498 27 109860 24 110222 21 110590 4
14cc1424c59808274e123db51292e9dbb5b037ef3e7c767a8c45c9ac733b91bf,50760 1 51119 2 51479 2 51838 3 52198 3 52557 4 52916 5 53275 6 53634 7 53993 8 54353 8 54712 9 55072 9 55431 10 55790 11 56150 11 56509 12 56869 12 57228 13 57588 13 57948 13 58308 13 58668 13 59028 13 59388 13 59748 13 60108 13 60468 13 60827 14 61187 14 61547 14 61908 13 62268 13 62628 13 62988 13 63349 12 63709 12 64069 12 64430 11 64790 11 65150 11 65510 11 65870 11 66231 10 66591 10 66951 10 67312 9 67672 9 68032 9 68393 8 68753 8 69114 7 69474 7 69835 6 70196 5 70556 5 70916 5 71277 4 71638 3 71999 2
14cc1424c59808274e123db51292e9dbb5b037ef3e7c767a8c45c9ac733b91bf,26279 2 26637 4 26996 5 27355 6 27715 6 28075 6 28434 7 28794 7 29153 8 29513 8 29872 9 30231 10 30590 11 30950 11 31309 12 31669 12 32029 12 32389 12 32749 12 33109 12 33469 12 33829 12 34189 12 34549 12 34909 12 35269 12 35630 11 35990 11 36351 10 36711 10 37072 9 37432 9 37793 8 38155 6 38516 5 38876 5 39237 4 39598 3 39959 2 40320 1
14cc1424c59808274e123db51292e9dbb5b037ef3e7c767a8c45c9ac733b91bf,112067 10 112413 29 112771 34 113130 41 113486 47 113845 51 114204 53 114563 55 114921 58 115279 61 115635 66 115994 68 116353 69 116712 71 117071 72 117431 72 117790 73 118149 74 118509 74 118869 74 119229 74 119588 75 119948 75 120307 76 120667 76 121028 74 121388 74 121748 73 122108 72 122468 71 122828 70 123189 66 123549 64 123910 61 124271 58 124631 56 124992 50 125354 43 125715 30 126088 11
14cc1424c59808274e123db51292e9dbb5b037ef3e7c767a8c45c9ac733b91bf,45219 5 45573 16 45928 24 46286 27 46643 32 47002 34 47362 36 47721 39 48080 42 48439 44 48798 46 49158 47 49517 49 49877 49 50236 51 50596 52 50956 52 51316 53 51675 54 52035 55 52395 55 52755 55 53115 56 53475 56 53835 56 54195 56 54555 56 54916 55 55276 54 55636 54 55996 54 56357 53 56717 52 57077 52 57438 51 57798 51 58159 49 58519 49 58880 47 59241 45 59602 44 59963 42 60325 39 60687 36 61050 32 61412 28 61773 26 62134 23 62495 21 62856 18 63219 13 63582 7
