15039b3acccc4257a1a442646a89b6e596b5eb4531637e6d8fa1c43203722c99,71851 3 72106 5 72361 6 72616 8 72871 10 73126 11 73381 12 73636 13 73891 14 74146 15 74401 16 74656 16 74911 17 75166 17 75422 17 75678 16 75935 14 76192 11
15039b3acccc4257a1a442646a89b6e596b5eb4531637e6d8fa1c43203722c99,78 17 335 15
15039b3acccc4257a1a442646a89b6e596b5eb4531637e6d8fa1c43203722c99,36088 6 36341 10 36596 12 36851 14 37105 16 37360 17 37615 18 37863 26 38118 27 38374 27 38629 28 38884 28 39139 28 39394 29 39649 29 39904 29 40160 28 40416 27 40673 25 40931 22 41190 17 41452 10
15039b3acccc4257a1a442646a89b6e596b5eb4531637e6d8fa1c43203722c99,48632 5 48887 7 49143 8 49399 9 49655 9 49912 8 50168 9 50424 9 50681 8 50937 8 51194 6 51451 5 51707 5 51964 3
15039b3acccc4257a1a442646a89b6e596b5eb4531637e6d8fa1c43203722c99,79477 6 79732 9 79985 12 80240 14 80494 16 80746 20 81001 21 81255 23 81510 24 81765 25
15039b3acccc4257a1a442646a89b6e596b5eb4531637e6d8fa1c43203722c99,52608 13 52861 17 53111 23 53366 24 53622 25 53878 25 54134 26 54391 25 54647 25 54904 24 55162 22 55419 21 55675 20 55932 19 56189 17 56447 13
15039b3acccc4257a1a442646a89b6e596b5eb4531637e6d8fa1c43203722c99,51668 7 51923 9 52179 10 52434 12 52689 14 52943 17 53198 19 53453 21 53707 23 53962 25 54217 26 54472 27 54728 27 54984 27 55240 27 55496 27 55752 27 56009 26 56265 25 56521 25 56778 23 57034 23 57291 21 57547 20 57804 18 58061 15 58318 13 58575 9
15039b3acccc4257a1a442646a89b6e596b5eb4531637e6d8fa1c43203722c99,41725 3 41980 5 42235 6 42490 7 42744 9 42999 10 43253 12 43508 13 43763 14 44019 13 44275 12 44531 11 44788 7
15039b3acccc4257a1a442646a89b6e596b5eb4531637e6d8fa1c43203722c99,71810 3 72065 5 72321 5 72576 6 72831 7 73087 6 73342 7 73598 7 73854 6 74109 7 74364 8 74620 8 74875 9 75131 9 75386 9 75641 9 75896 10 76151 10 76407 9 76663 9 76919 8 77175 7 77431 7 77687 6 77943 6 78200 4
15039b3acccc4257a1a442646a89b6e596b5eb4531637e6d8fa1c43203722c99,68239 5 68493 8 68748 10 69003 12 69258 14 69513 15 69769 16 70025 16 70280 18 70536 19 70792 19 71048 19 71304 19 71559 20 71815 20 72071 20 72326 21 72582 21 72838 21 73093 21 73349 21 73605 21 73860 21 74116 21 74372 20 74628 19 74884 18 75140 17 75395 18 75650 18 75906 18 76161 19 76417 18 76673 17 76928 18 77184 17 77440 17 77695 17 77951 16 78206 16 78461 17 78716 18 78972 17 79228 16 79484 16 79741 14 79997 14 80254 13 80510 12 80766 11 81022 10 81279 7
15039b3acccc4257a1a442646a89b6e596b5eb4531637e6d8fa1c43203722c99,71782 3 72037 5 72293 5 72548 6 72803 7 73058 7 73310 10 73565 10 73820 11 74076 10 74331 10 74586 10 74841 10 75095 10 75350 10 75605 10 75860 10 76115 11 76370 12 76626 12 76881 12 77135 13 77390 13 77645 13 77900 11 78155 11 78410 11 78665 11 78920 11 79176 9 79432 7 79688 5 79945 3
15039b3acccc4257a1a442646a89b6e596b5eb4531637e6d8fa1c43203722c99,16381 3 16636 5 16892 5 17148 5 17403 6 17658 7 17914 7 18170 7 18426 7 18682 7 18939 5
15039b3acccc4257a1a442646a89b6e596b5eb4531637e6d8fa1c43203722c99,71140 4 71393 10 71409 3 71648 22 71903 24 72158 26 72414 26 72669 27 72924 27 73180 27 73435 28 73690 29 73945 29 74201 29 74456 29 74712 28 74967 27 75223 27 75478 27 75734 26 75989 26 76244 26 76499 25 76755 24 77009 26 77265 25 77522 23 77778 23 78034 22 78291 17 78547 16 78804 14 79061 11 79319 7 79576 5
15039b3acccc4257a1a442646a89b6e596b5eb4531637e6d8fa1c43203722c99,70017 4 70271 7 70526 8 70781 9 71037 9 71292 9 71547 8 71802 8 72058 7 72313 8 72568 8 72824 7 73079 8 73334 8 73590 8 73845 9 74100 9 74356 8 74611 9 74867 8 75122 8 75377 8 75633 7 75889 7 76144 7 76400 6 76655 8 76910 9 77165 10 77420 10 77676 10 77932 10 78188 9 78444 8 78701 6 78958 4
15039b3acccc4257a1a442646a89b6e596b5eb4531637e6d8fa1c43203722c99,76312 5 76567 7 76822 8 77077 10 77332 11 77588 11 77843 12 78099 12 78354 13 78609 14 78864 14 79119 15 79374 15 79628 16 79883 17 80138 17 80393 17 80648 17 80903 17 81158 18 81413 18 81668 18
15039b3acccc4257a1a442646a89b6e596b5eb4531637e6d8fa1c43203722c99,60348 9 60603 12 60856 16 61109 20 61364 21 61619 22 61874 23 62130 22 62386 22 62642 22 62898 21 63154 11 63169 5 63410 10 63666 10 63922 10 64178 10 64434 9 64690 8 64946 8 65203 6
15039b3acccc4257a1a442646a89b6e596b5eb4531637e6d8fa1c43203722c99,81077 4 81330 8 81583 12 81835 16
15039b3acccc4257a1a442646a89b6e596b5eb4531637e6d8fa1c43203722c99,47339 5 47594 9 47850 10 48106 11 48362 11 48618 11 48875 10 49132 9 49389 7 49647 4
15039b3acccc4257a1a442646a89b6e596b5eb4531637e6d8fa1c43203722c99,67273 3 67528 5 67784 9 68040 10 68295 12 68547 16 68802 17 69058 17 69312 19 69567 20 69822 21 70076 23 70331 24 70585 26 70838 29 71093 30 71347 31 71601 32 71854 34 72111 32 72367 30 72624 29 72881 27 73137 26 73393 24 73649 23 73905 22 74161 21 74417 19 74672 18 74928 14 75184 12 75440 11 75697 8 75954 6
15039b3acccc4257a1a442646a89b6e596b5eb4531637e6d8fa1c43203722c99,52734 3 52989 4 53244 5 53499 6 53754 7 54009 8 54264 9 54519 10 54775 10 55031 10 55286 11 55542 11 55797 12 56053 12 56309 12 56565 12 56821 12 57077 12 57333 12 57589 12 57845 12 58101 12 58357 12 58613 12 58869 12 59125 12 59381 12 59637 12 59893 12 60149 12 60406 11 60662 11 60918 11 61175 10 61432 8
15039b3acccc4257a1a442646a89b6e596b5eb4531637e6d8fa1c43203722c99,67339 5 67349 3 67593 8 67603 6 67848 17 68103 19 68358 20 68614 20 68870 20 69126 20 69382 20 69638 19 69895 18 70151 17 70408 15 70665 13 70921 12 71178 9 71436 6
15039b3acccc4257a1a442646a89b6e596b5eb4531637e6d8fa1c43203722c99,59091 8 59346 11 59601 13 59856 15 60112 15 60368 15 60623 16 60878 17 61134 17 61389 18 61645 18 61901 17 62157 17 62413 16 62669 16 62925 15 63181 15 63438 13 63696 9 63953 6
15039b3acccc4257a1a442646a89b6e596b5eb4531637e6d8fa1c43203722c99,35809 7 36064 9 36319 10 36571 14 36825 15 37080 16 37334 18 37588 19 37841 21 38095 23 38348 25 38603 25 38859 24 39115 23 39371 21 39628 20 39884 20 40141 18 40397 18 40654 16 40910 14 41166 13 41423 9 41680 3
15039b3acccc4257a1a442646a89b6e596b5eb4531637e6d8fa1c43203722c99,49283 3 49538 5 49792 7 50045 10 50300 10 50556 10 50812 11 51069 11 51328 9 51585 8 51843 6 52100 5 52357 3
15039b3acccc4257a1a442646a89b6e596b5eb4531637e6d8fa1c43203722c99,24681 11 24933 16 25185 20 25440 21 25693 24 25948 24 26201 26 26456 27 26710 28 26964 28 27218 29 27472 29 27727 29 27982 28 28238 27 28494 25 28751 19
15039b3acccc4257a1a442646a89b6e596b5eb4531637e6d8fa1c43203722c99,44975 3 44979 5 45230 11 45486 11 45740 13 45995 13 46250 14 46505 14 46760 15 47016 14 47272 13 47528 13 47784 12 48040 11 48296 11 48552 10 48808 10 49065 8 49321 7 49577 7 49833 6 50089 5 50345 5 50602 3
15039b3acccc4257a1a442646a89b6e596b5eb4531637e6d8fa1c43203722c99,72705 1 72961 3 73217 4 73473 5 73729 5 73985 5 74241 5 74497 5 74753 4 75009 4 75265 5 75521 5 75777 5 76033 5 76289 5 76545 4 76801 3 77057 2
15039b3acccc4257a1a442646a89b6e596b5eb4531637e6d8fa1c43203722c99,48572 6 48823 13 49077 17 49332 19 49587 20 49842 22 50098 22 50353 23 50609 23 50864 24 51119 25 51375 24 51631 24 51887 24 52143 24 52399 23 52655 23 52911 22 53167 21 53423 20 53679 17 53936 12 54193 10 54449 10 54706 8
15039b3acccc4257a1a442646a89b6e596b5eb4531637e6d8fa1c43203722c99,61841 4 62096 6 62351 8 62606 9 62861 10 63116 10 63372 7 63628 6 63885 4
15039b3acccc4257a1a442646a89b6e596b5eb4531637e6d8fa1c43203722c99,49477 3 49732 5 49987 6 50243 6 50499 5 50755 5 51012 3
15039b3acccc4257a1a442646a89b6e596b5eb4531637e6d8fa1c43203722c99,71699 5 71954 7 72209 8 72461 12 72715 14 72970 15 73226 14 73482 14 73738 14 73995 12 74255 8 74511 8 74767 8 75023 8 75279 8 75534 9 75790 9 76046 8 76302 7 76559 5
15039b3acccc4257a1a442646a89b6e596b5eb4531637e6d8fa1c43203722c99,57446 6 57701 8 57957 8 58213 8 58470 6 58727 4
15039b3acccc4257a1a442646a89b6e596b5eb4531637e6d8fa1c43203722c99,29861 6 30116 8 30132 7 30371 10 30386 10 30625 15 30641 11 30878 30 31130 33 31384 35 31639 36 31895 35 32151 34 32407 34 32664 32 32921 31 33179 28 33436 27 33692 27 33949 26 34207 23 34463 21 34720 20 34976 19 35233 16 35490 15 35746 15 36002 14 36259 13 36515 12 36772 10 37028 10 37285 8 37542 3
