1609b1b8480ee52652a644403b3f7d5511410a016750aa3b9a4c8ddb3e893e8e,104383 10 104741 16 105101 19 105460 21 105820 21 106180 21 106539 22 106899 22 107259 22 107618 23 107978 23 108338 23 108698 23 109058 23 109418 23 109778 23 110139 22 110499 22 110859 22 111219 22 111580 21 111940 21 112300 21 112661 20 113021 20 113382 19 113742 19 114102 19 114463 18 114824 17 115185 16 115545 16 115906 15 116266 15 116627 14 116988 13 117348 13 117709 12 118070 11 118430 11 118791 10 119152 9 119513 8 119874 7 120235 6 120596 5 120956 5 121317 4
1609b1b8480ee52652a644403b3f7d5511410a016750aa3b9a4c8ddb3e893e8e,93655 15 93672 5 94011 28 94370 29 94728 33 95086 35 95446 38 95805 39 96164 41 96524 42 96883 43 97243 44 97602 46 97962 47 98322 47 98682 47 99042 48 99402 49 99762 49 100122 49 100482 49 100842 49 101202 50 101562 50 101922 51 102283 50 102643 50 103003 51 103364 50 103724 50 104084 50 104445 49 104805 49 105166 48 105527 47 105887 47 106248 46 106609 45 106970 44 107331 43 107692 41 108054 38 108414 38 108774 37 109135 36 109496 34 109857 33 110217 33 110578 31 110939 29 111299 28 111661 25 112022 23 112384 19 112745 16 113108 11 113473 2
1609b1b8480ee52652a644403b3f7d5511410a016750aa3b9a4c8ddb3e893e8e,61621 11 61980 14 62339 16 62698 18 63056 21 63415 23 63773 25 64131 22 64154 4 64488 31 64848 31 65208 32 65568 33 65928 33 66288 35 66648 35 67008 35 67369 34 67729 35 68089 35 68450 34 68810 35 69170 35 69530 35 69890 37 70251 36 70611 36 70971 36 71331 37 71691 37 72051 37 72412 36 72772 36 73132 36 73493 35 73853 36 74214 35 74574 35 74934 35 75294 35 75655 34 76015 34 76375 35 76735 35 77095 35 77456 34 77817 33 78177 33 78536 33 78896 33 79256 33 79616 32 79977 31 80338 29 80699 28 81059 27 81420 25 81781 24 82142 22 82503 20 82863 19 83224 18 83586 15 83948 12
1609b1b8480ee52652a644403b3f7d5511410a016750aa3b9a4c8ddb3e893e8e,101429 11 101785 18 102140 25 102496 28 102853 34 103210 38 103568 40 103925 43 104284 45 104642 47 105001 48 105359 50 105718 51 106078 51 106437 52 106797 51 107156 52 107515 52 107875 51 108234 51 108594 50 108954 50 109313 49 109673 48 110033 48 110393 46 110752 46 111112 45 111472 43 111832 42 112191 41 112551 40 112911 39 113271 38 113631 36 113991 35 114352 32 114712 31 115072 30 115433 27 115794 25 116155 21 116515 20 116877 16 117239 11 117601 1 117603 3
1609b1b8480ee52652a644403b3f7d5511410a016750aa3b9a4c8ddb3e893e8e,40086 9 40442 16 40801 18 41159 22 41518 24 41877 25 42236 27 42596 28 42955 31 43314 33 43674 33 44033 35 44393 36 44753 37 45112 38 45472 39 45832 40 46192 40 46552 41 46912 41 47271 43 47631 44 47991 45 48351 45 48711 46 49071 47 49431 47 49791 48 50152 47 50512 48 50872 48 51232 49 51592 49 51953 48 52313 49 52673 49 53033 49 53393 50 53753 50 54114 49 54474 49 54835 48 55196 47 55556 47 55917 46 56277 46 56638 45 56998 45 57359 43 57720 42 58080 42 58441 41 58802 39 59162 39 59523 38 59884 37 60244 37 60605 35 60966 34 61326 34 61687 32 62049 30 62410 28 62771 27 63133 24 63494 22 63856 19 64218 16 64583 9
1609b1b8480ee52652a644403b3f7d5511410a016750aa3b9a4c8ddb3e893e8e,9782 11 10141 16 10500 18 10858 24 11218 25 11577 28 11936 31 12295 34 12655 35 13015 36 13375 37 13735 38 14095 39 14455 40 14815 41 15175 42 15536 42 15896 43 16256 44 16616 45 16977 46 17338 46 17699 46 18059 47 18420 48 18781 48 19142 48 19503 49 19863 50 20224 50 20585 50 20946 50 21306 51 21667 51 22028 50 22388 51 22749 50 23111 50 23472 49 23833 48 24196 46 24557 45 24919 43 25280 42 25641 41 26002 40 26364 38 26725 36 27087 33 27448 32 27809 30 28171 27 28533 24 28895 21 29263 10
1609b1b8480ee52652a644403b3f7d5511410a016750aa3b9a4c8ddb3e893e8e,123841 3 124201 8 124561 10 124921 11 125281 12 125641 13 126001 14 126361 15 126721 16 127081 18 127441 18 127801 18 128161 18 128521 18 128881 18 129241 18
1609b1b8480ee52652a644403b3f7d5511410a016750aa3b9a4c8ddb3e893e8e,4868 4 5226 8 5586 8 5945 10 6305 10 6665 10 7025 10 7385 10 7745 9 8106 7
1609b1b8480ee52652a644403b3f7d5511410a016750aa3b9a4c8ddb3e893e8e,32470 12 32829 16 33188 19 33546 23 33905 26 34265 27 34624 30 34984 31 35344 32 35703 33 36063 34 36423 35 36783 36 37143 36 37503 37 37863 38 38223 38 38583 39 38943 39 39303 39 39663 40 40023 41 40384 40 40744 41 41105 40 41465 41 41825 41 42185 41 42546 41 42906 41 43266 41 43627 41 43987 41 44348 41 44708 41 45069 40 45429 41 45790 40 46150 40 46510 40 46871 39 47231 39 47592 38 47953 37 48313 37 48673 37 49034 36 49394 36 49755 35 50116 34 50476 34 50837 33 51198 32 51558 32 51919 27 51947 3 52280 30 52640 30 53001 28 53362 27 53722 26 54083 24 54444 23 54805 22 55166 20 55527 18 55888 16 56248 13 56612 7
1609b1b8480ee52652a644403b3f7d5511410a016750aa3b9a4c8ddb3e893e8e,183 47 231 33 543 43 589 35 903 43 950 35 1264 42 1310 36 1624 43 1670 36 1985 41 2027 39 2345 40 2386 6 2394 32 2706 31 2738 6 2745 41 3067 36 3105 41 3428 34 3464 42 3790 31 3823 43 4151 29 4182 44 4516 22 4542 6 4549 37 4878 19 4901 45 5240 16 5261 45 5604 7 5619 47 5979 47 6339 45 6699 45 7059 45 7418 46 7778 45 8138 44 8498 43 8858 43 9218 42 9579 41 9939 40 10300 39 10660 38 11020 38 11381 37 11741 36 12101 36 12462 35 12822 34 13182 33 13543 32 13904 4 13909 26 14264 30 14625 28 14986 27 15347 6 15354 18 15708 23 16069 22 16430 19 16792 16 17153 13
1609b1b8480ee52652a644403b3f7d5511410a016750aa3b9a4c8ddb3e893e8e,83883 14 84242 18 84601 21 84961 21 85321 23 85681 23 86041 23 86401 24 86761 24 87121 24 87481 25 87841 25 88201 26 88561 26 88921 28 89281 28 89641 28 90001 29 90361 29 90721 31 91081 31 91441 31 91801 31 92161 31 92521 31 92881 30 93241 30 93601 30 93961 30 94321 30 94681 30 95041 29 95401 29 95761 27 96121 26 96481 25 96841 25 97201 22 97561 22 97921 20 98281 17 98641 13 99001 7 99361 1
1609b1b8480ee52652a644403b3f7d5511410a016750aa3b9a4c8ddb3e893e8e,23252 2 23608 12 23967 15 24326 19 24686 20 25045 24 25404 27 25764 29 26123 32 26483 33 26842 36 27202 37 27562 38 27922 39 28282 40 28642 40 29002 43 29362 45 29721 48 30081 49 30442 50 30802 52 31162 52 31523 52 31883 53 32243 54 32604 54 32964 55 33325 54 33686 53 34046 54 34406 54 34767 53 35128 52 35489 52 35849 53 36210 52 36571 50 36932 49 37293 48 37654 47 38015 45 38376 44 38738 42 39099 41 39460 39 39822 37 40182 36 40544 34 40905 33 41266 31 41628 28 41989 26 42350 24 42713 19 43074 17 43437 11
1609b1b8480ee52652a644403b3f7d5511410a016750aa3b9a4c8ddb3e893e8e,21440 6 21800 9 22160 9 22521 8
1609b1b8480ee52652a644403b3f7d5511410a016750aa3b9a4c8ddb3e893e8e,80043 1 80400 1 80402 6 80757 12 81115 16 81475 16 81833 19 82192 22 82551 24 82911 24 83270 26 83630 27 83990 28 84349 30 84709 31 85069 31 85429 32 85789 33 86149 33 86509 33 86868 34 87228 35 87587 36 87948 36 88307 38 88667 38 89027 39 89387 39 89747 39 90107 40 90468 39 90828 40 91188 41 91548 41 91909 40 92269 41 92629 41 92990 40 93350 40 93711 39 94071 39 94431 39 94791 40 95152 39 95513 38 95873 38 96233 38 96594 37 96954 36 97315 36 97675 36 98036 35 98397 34 98757 33 99117 33 99478 32 99838 32 100198 32 100559 31 100920 29 101280 29 101640 28 102001 27 102362 26 102722 25 103083 24 103444 22 103805 21 104167 17 104528 15 104890 11 105253 3
1609b1b8480ee52652a644403b3f7d5511410a016750aa3b9a4c8ddb3e893e8e,4681 2 5041 3 5401 4 5761 5 6121 6 6481 7 6841 8 7201 9 7561 10 7921 10 8281 11 8641 11 9001 12 9361 12 9721 13 10081 13 10441 13 10801 14 11161 14 11521 14 11881 13 12241 13 12601 14 12961 14 13321 14 13681 14 14041 10 14052 3 14401 14 14761 14 15121 14 15481 14 15841 14 16201 14 16561 14 16921 13 17281 13 17641 12 18001 12 18361 11 18721 11 19081 10 19441 9 19801 8 20161 7 20521 7 20881 6 21241 5 21601 5 21961 4 22321 3 22681 2 23041 1
1609b1b8480ee52652a644403b3f7d5511410a016750aa3b9a4c8ddb3e893e8e,69059 1 69061 1 69063 1 69413 14 69769 21 70127 26 70486 32 70844 34 71203 38 71562 41 71921 46 72280 50 72640 52 72999 56 73359 59 73720 59 74079 62 74439 63 74800 63 75159 66 75520 65 75880 66 76240 66 76602 65 76962 65 77323 65 77684 63 78045 65 78406 63 78768 61 79130 59 79491 59 79854 51 80216 49 80580 45 80941 44 81304 41 81667 38 82029 36 82391 33 82753 30 83116 26 83478 23 83841 18 84204 2 84207 9
1609b1b8480ee52652a644403b3f7d5511410a016750aa3b9a4c8ddb3e893e8e,124896 12 125254 17 125613 20 125972 23 126331 25 126690 28 127050 29 127410 29 127770 30 128130 30 128490 31 128850 31 129210 31 129570 30
1609b1b8480ee52652a644403b3f7d5511410a016750aa3b9a4c8ddb3e893e8e,24433 3 24437 1 24788 14 25147 17 25506 19 25865 22 26223 25 26582 27 26942 29 27301 32 27661 33 28020 35 28380 36 28740 37 29100 38 29460 39 29819 40 30179 41 30539 42 30899 42 31259 43 31619 43 31979 43 32339 44 32699 44 33060 43 33420 44 33780 44 34141 43 34502 42 34862 42 35223 42 35584 41 35944 41 36304 42 36665 41 37025 41 37386 40 37746 40 38107 40 38467 40 38829 39 39190 38 39550 38 39915 34 40275 34 40634 35 40995 34 41355 34 41715 34 42075 34 42436 33 42796 33 43156 33 43517 32 43877 31 44237 31 44598 29 44958 29 45319 27 45680 25 46041 23 46402 21 46763 19 47125 15 47488 10
1609b1b8480ee52652a644403b3f7d5511410a016750aa3b9a4c8ddb3e893e8e,11147 13 11502 19 11861 20 12219 22 12577 24 12936 25 13295 26 13654 27 14014 27 14373 28 14733 28 15092 29 15452 29 15812 29 16171 30 16531 30 16891 30 17251 30 17611 30 17971 30 18331 30 18691 30 19051 30 19411 30 19771 30 20131 30 20491 30 20851 30 21211 30 21571 30 21931 30 22291 30 22651 30 23012 29 23373 28 23734 27 24094 27 24455 26 24816 25 25177 24 25538 19 25560 1 25900 16 26262 13 26624 9 26988 1
