16c3d5935ba94b720becc24b7a05741c26149e221e3401924080f41e2f891368,38401 3 38657 3 38913 4 39169 5 39425 6 39681 7 39937 7 40193 7 40449 8 40705 10 40961 10 41217 10 41473 10 41729 10 41985 9 42241 9 42497 8 42753 7 43009 6 43267 1
16c3d5935ba94b720becc24b7a05741c26149e221e3401924080f41e2f891368,175 16 432 14 690 10 948 6
16c3d5935ba94b720becc24b7a05741c26149e221e3401924080f41e2f891368,58 23 314 24 571 23 827 24 1084 23 1340 23 1597 22 1854 21 2111 19 2368 18 2625 16 2883 13 3141 9 3401 2
16c3d5935ba94b720becc24b7a05741c26149e221e3401924080f41e2f891368,15105 1 15361 3 15617 5 15873 6 16129 7 16385 8 16641 8 16897 9 17153 9 17409 9 17665 10 17921 10 18177 10 18433 10 18689 10 18945 10 19201 10 19457 10 19713 9 19969 9 20225 9 20481 8 20737 4 20993 3 21249 2 21505 1
16c3d5935ba94b720becc24b7a05741c26149e221e3401924080f41e2f891368,29185 2 29441 6 29697 7 29953 9 30209 10 30465 11 30721 12 30977 12 31233 13 31489 13 31745 14 32001 14 32257 14 32513 15 32769 15 33025 15 33281 15 33537 14 33793 12 34049 11 34305 10 34561 10 34817 9 35073 9 35329 7 35585 4 35841 3 36097 3
16c3d5935ba94b720becc24b7a05741c26149e221e3401924080f41e2f891368,22024 6 22279 8 22534 10 22789 12 23043 15 23299 15 23554 16 23809 18 24065 18 24321 18 24577 18 24833 18 25089 18 25345 18 25601 18 25857 18 26113 17 26369 17 26625 16 26881 15 27137 14 27393 13 27649 11 27906 8
16c3d5935ba94b720becc24b7a05741c26149e221e3401924080f41e2f891368,34578 3 34831 7 35086 11 35341 16 35597 17 35853 18 36109 19 36364 21 36620 21 36876 21 37132 21 37388 21 37644 21 37900 22 38156 22 38412 22 38668 22 38925 20 39181 19 39437 17 39694 15 39951 13 40209 9
16c3d5935ba94b720becc24b7a05741c26149e221e3401924080f41e2f891368,39200 1 39454 2 39709 3 39964 3 40218 4 40468 9 40726 4
16c3d5935ba94b720becc24b7a05741c26149e221e3401924080f41e2f891368,10003 4 10255 11 10509 14 10764 16 11019 18 11275 19 11530 20 11786 21 12041 22 12297 22 12553 23 12809 23 13065 23 13321 22 13578 21 13834 21 14091 19 14347 19 14604 17 14861 15 15118 13 15376 10 15634 5
16c3d5935ba94b720becc24b7a05741c26149e221e3401924080f41e2f891368,44801 1 45057 1 45313 2 45569 2 45825 2 46081 2 46337 2 46593 2 46849 2 47105 2 47361 2 47617 1
16c3d5935ba94b720becc24b7a05741c26149e221e3401924080f41e2f891368,27000 5 27254 10 27509 12 27764 14 28019 15 28275 16 28530 17 28786 17 29042 17 29298 17 29554 17 29810 17 30067 16 30323 15 30580 13 30837 11 31094 9 31351 7
