19f0653c33982a416feed56e5d1ce6849fd83314fd19dfa1c5b23c6b66e9868a,66526 1 66784 1 66786 1 67043 8 67302 10 67561 11 67820 13 68080 14 68339 16 68599 20 68859 22 69118 23 69379 23 69639 23 69899 24 70159 24 70419 24 70679 24 70939 24 71199 23 71459 22 71720 21 71747 5 71980 21 72005 10 72241 40 72504 37 72765 36 73026 35 73289 1 73292 1 73298 23 73558 23 73818 23 74079 20 74339 20 74600 18 74862 12 75122 10 75382 8 75644 5
19f0653c33982a416feed56e5d1ce6849fd83314fd19dfa1c5b23c6b66e9868a,194 14 456 12 717 11 979 10 993 1 1240 15 1499 16 1759 16 2019 17 2279 17 2539 17 2799 17 3059 17 3320 16 3580 16 3840 16 4101 15 4361 15 4622 14 4883 13 5144 11 5406 7
19f0653c33982a416feed56e5d1ce6849fd83314fd19dfa1c5b23c6b66e9868a,3771 3 4031 3 4291 4 4549 6 4809 6 5069 6
19f0653c33982a416feed56e5d1ce6849fd83314fd19dfa1c5b23c6b66e9868a,57754 3 58014 5 58274 6 58535 5 58796 4
19f0653c33982a416feed56e5d1ce6849fd83314fd19dfa1c5b23c6b66e9868a,231 27 489 28 749 28 1009 25 1269 23 1529 20 1790 17 2050 16 2311 13 2572 11 2833 8
19f0653c33982a416feed56e5d1ce6849fd83314fd19dfa1c5b23c6b66e9868a,61772 13 61786 1 62031 17 62290 19 62549 21 62809 21 63069 22 63329 22 63589 22 63849 22 64109 22 64369 21 64630 19 64893 15 65155 11 65418 8 65677 9 65935 11 66195 11 66454 15 66713 17 66974 16 67233 18 67493 19 67751 21 68010 23 68270 23 68530 23 68790 22 69051 21 69319 13 69582 9 69844 6
19f0653c33982a416feed56e5d1ce6849fd83314fd19dfa1c5b23c6b66e9868a,66309 3 66568 4 66825 7 67085 7 67345 6 67605 5
19f0653c33982a416feed56e5d1ce6849fd83314fd19dfa1c5b23c6b66e9868a,49204 6 49460 11 49719 13 49978 14 50238 15 50497 16 50747 3 50756 18 51004 8 51015 19 51263 11 51275 19 51522 30 51553 1 51781 31 51813 2 52040 32 52073 1 52300 32 52559 33 52818 32 53078 18 53097 13 53337 19 53357 8 53367 3 53597 19 53618 1 53621 2 53857 20 54117 16 54134 4 54377 13 54395 5 54637 11 54649 1 54654 7 54898 10 54918 5 55158 9 55178 1 55180 3 55440 2 55700 2 55955 7 56212 8 56472 9 56731 12 56991 14 57251 14 57511 15 57771 15 58030 16 58290 16 58550 2 58553 12 58811 1 58814 6 59071 2 59075 3 59332 2 59592 3 59852 2 60112 2 60372 2 60632 1 60892 1 61152 1 61412 1
19f0653c33982a416feed56e5d1ce6849fd83314fd19dfa1c5b23c6b66e9868a,85122 4 85380 9 85639 12 85899 15 86159 16 86418 17 86678 18 86938 17 87197 18 87457 18 87716 18 87976 17 88236 17 88496 16 88756 15 89016 13 89276 13 89536 13 89796 12 90056 12
19f0653c33982a416feed56e5d1ce6849fd83314fd19dfa1c5b23c6b66e9868a,79743 6 80002 8 80262 9 80521 10 80781 11 81041 11 81300 13 81560 13 81820 13 82080 13 82340 11 82600 8 82860 6 83120 3
19f0653c33982a416feed56e5d1ce6849fd83314fd19dfa1c5b23c6b66e9868a,15843 10 16101 14 16360 17 16620 18 16880 18 17140 18 17399 19 17659 19 17919 19 18180 18 18440 18 18701 17 18962 15 19223 13 19486 6
19f0653c33982a416feed56e5d1ce6849fd83314fd19dfa1c5b23c6b66e9868a,86375 6 86633 10 86892 11 87151 13 87410 15 87669 17 87928 18 88187 19 88447 19 88707 18 88967 18 89227 18 89488 17 89748 17 90009 15
19f0653c33982a416feed56e5d1ce6849fd83314fd19dfa1c5b23c6b66e9868a,69687 7 69944 11 70203 13 70461 15 70721 16 70981 16 71241 16 71501 16 71761 17 72021 17 72281 16 72541 15 72801 15 73061 14 73321 12 73581 9
19f0653c33982a416feed56e5d1ce6849fd83314fd19dfa1c5b23c6b66e9868a,72686 5 72945 7 73205 7 73465 8 73724 10 73984 10 74244 11 74504 11 74764 12 75024 12 75284 13 75544 13 75804 14 76064 14 76324 14 76584 14 76844 14 77104 14 77364 14 77625 12 77885 12 78146 9 78407 9 78670 7 78929 8 79187 11 79446 12 79706 12 79966 11 80226 11 80486 9 80747 6 81007 7 81269 3
19f0653c33982a416feed56e5d1ce6849fd83314fd19dfa1c5b23c6b66e9868a,32281 5 32542 6 32801 6 33061 7 33321 7 33583 5 33842 6
19f0653c33982a416feed56e5d1ce6849fd83314fd19dfa1c5b23c6b66e9868a,44061 4 44320 7 44579 9 44839 11 45099 13 45359 15 45619 16 45880 16 46140 17 46401 17 46661 17 46922 16 47182 16 47443 15 47704 14 47965 13 48227 10 48489 8 48752 3
19f0653c33982a416feed56e5d1ce6849fd83314fd19dfa1c5b23c6b66e9868a,5679 3 5938 5 6197 6 6457 6 6717 5 6978 4
19f0653c33982a416feed56e5d1ce6849fd83314fd19dfa1c5b23c6b66e9868a,42726 3 42984 7 43243 8 43501 11 43761 11 44020 12 44280 12 44539 13 44799 13 45059 13 45319 12 45579 12 45839 12 46099 12 46359 11 46619 11 46880 9 47140 9 47401 7 47662 5 47922 3
19f0653c33982a416feed56e5d1ce6849fd83314fd19dfa1c5b23c6b66e9868a,55910 6 56169 8 56428 10 56687 11 56946 12 57206 12 57466 12 57726 13 57986 13 58246 13 58506 13 58764 15 59023 16 59283 16 59543 16 59803 15 60063 14 60323 13 60583 11 60843 10 61104 8 61364 6
19f0653c33982a416feed56e5d1ce6849fd83314fd19dfa1c5b23c6b66e9868a,83964 4 84223 6 84483 7 84743 7 85003 8 85263 8 85523 8 85783 7 86044 5
19f0653c33982a416feed56e5d1ce6849fd83314fd19dfa1c5b23c6b66e9868a,21896 11 22156 12 22416 13 22676 15 22935 16 23195 16 23454 16 23715 15 23975 15 24235 15 24496 13 24757 8 25023 1
19f0653c33982a416feed56e5d1ce6849fd83314fd19dfa1c5b23c6b66e9868a,76712 6 76970 21 77230 22 77490 22 77750 22 78010 21 78270 20 78530 20 78790 16 79050 14 79311 11 79572 9 79833 8 80092 10 80352 10 80612 11 80872 12 81131 14 81391 15 81651 15 81911 15 82172 14 82432 14 82693 12 82954 11 83215 10 83475 10 83735 10 83995 11 84255 11 84516 11 84776 12 85036 12 85297 12 85558 11 85819 11 86079 11 86341 10 86602 9 86863 8 87124 8 87386 6 87647 5 87908 5 88169 4 88431 2
19f0653c33982a416feed56e5d1ce6849fd83314fd19dfa1c5b23c6b66e9868a,38376 12 38389 1 38635 18 38891 22 39150 24 39405 29 39664 31 39923 32 40183 32 40443 31 40478 4 40703 32 40736 7 40964 40 41224 41 41495 30 41756 29 42017 13 42031 16 42279 8 42291 17 42541 2 42550 19 42810 24 43070 24 43331 23 43591 23 43851 22 44111 21 44372 19 44632 18 44893 16 45154 13 45415 11 45677 7
19f0653c33982a416feed56e5d1ce6849fd83314fd19dfa1c5b23c6b66e9868a,60099 5 60356 8 60615 10 60875 10 61134 11 61394 11 61653 11 61913 11 62172 10 62431 10 62689 12 62949 11 63209 10 63468 9 63729 7 63989 6 64249 6 64508 8 64767 10 65027 11 65287 11 65546 13 65806 13 66069 10 66329 10 66589 10 66850 9 67111 8 67372 7 67633 5
19f0653c33982a416feed56e5d1ce6849fd83314fd19dfa1c5b23c6b66e9868a,53633 4 53893 4 54152 5 54412 5 54673 4
19f0653c33982a416feed56e5d1ce6849fd83314fd19dfa1c5b23c6b66e9868a,4922 1 5179 8 5437 10 5696 12 5956 12 6215 14 6475 14 6734 15 6994 15 7254 15 7515 14 7775 14 8036 13 8298 10 8559 8
19f0653c33982a416feed56e5d1ce6849fd83314fd19dfa1c5b23c6b66e9868a,2 3 262 3 522 3 782 3 1042 3 1302 3 1562 3 1822 3
19f0653c33982a416feed56e5d1ce6849fd83314fd19dfa1c5b23c6b66e9868a,14272 3 14530 6 14789 7 15047 10 15306 11 15565 12 15824 13 16084 14 16343 14 16603 14 16863 13 17123 12 17384 11 17644 10 17905 9 18164 9 18423 9 18682 10 18941 12 19200 13 19460 13 19719 15 19979 15 20238 16 20498 16 20758 16 21018 16 21279 15 21539 15 21798 15 22059 14 22319 14 22580 12 22841 11 23102 9 23363 6
19f0653c33982a416feed56e5d1ce6849fd83314fd19dfa1c5b23c6b66e9868a,2631 7 2889 11 3144 17 3402 19 3662 19 3920 21 4179 22 4437 24 4696 25 4950 1 4955 26 5211 29 5472 28 5732 27 5993 24 6253 23 6513 22 6773 20 7033 19 7294 16 7555 14 7821 6
19f0653c33982a416feed56e5d1ce6849fd83314fd19dfa1c5b23c6b66e9868a,58842 2 59101 5 59361 6 59621 6 59882 5 60142 6 60404 2
19f0653c33982a416feed56e5d1ce6849fd83314fd19dfa1c5b23c6b66e9868a,4161 5 4421 7 4681 8 4941 9 5201 10 5461 11 5721 11 5981 12 6241 12 6501 12 6761 12 7021 12 7281 12 7541 12 7801 12 8061 10 8321 9 8583 6
19f0653c33982a416feed56e5d1ce6849fd83314fd19dfa1c5b23c6b66e9868a,61852 3 61856 1 62110 8 62369 11 62629 13 62889 13 63149 14 63409 15 63669 15 63929 15 64190 14 64450 14 64710 13 64972 10 65233 8 65493 3
19f0653c33982a416feed56e5d1ce6849fd83314fd19dfa1c5b23c6b66e9868a,25541 2 25544 4 25799 11 26058 12 26317 14 26577 15 26836 16 27096 16 27356 16 27616 16 27877 15 28137 16 28399 15 28661 14 28676 1 28926 14 29186 15 29446 16 29705 18 29965 20 30224 22 30484 23 30745 23 31005 23 31265 23 31526 22 31787 22 32047 21 32309 18 32571 15 32835 1 32838 7
19f0653c33982a416feed56e5d1ce6849fd83314fd19dfa1c5b23c6b66e9868a,13392 4 13651 6 13909 8 14167 10 14426 10 14686 10 14945 12 15205 13 15465 13 15725 12 15985 12 16245 9 16507 5
19f0653c33982a416feed56e5d1ce6849fd83314fd19dfa1c5b23c6b66e9868a,86215 5 86473 7 86732 8 86990 9 87249 10 87508 10 87767 10 88026 10 88285 11 88543 12 88802 12 89060 13 89319 13 89578 12 89838 9 90098 7
19f0653c33982a416feed56e5d1ce6849fd83314fd19dfa1c5b23c6b66e9868a,82493 6 82749 11 83008 13 83266 16 83526 16 83786 16 84046 16 84306 16 84566 16 84826 16 85086 15 85347 13 85608 11
19f0653c33982a416feed56e5d1ce6849fd83314fd19dfa1c5b23c6b66e9868a,37479 6 37734 11 37993 12 38252 14 38511 15 38771 16 39031 16 39291 16 39551 16 39811 16 40072 14 40332 14 40594 11 40857 6
19f0653c33982a416feed56e5d1ce6849fd83314fd19dfa1c5b23c6b66e9868a,50145 6 50404 8 50663 9 50922 12 51181 14 51440 15 51699 16 51959 16 52219 16 52478 17 52738 16 52997 17 53257 16 53516 16 53776 16 54036 15 54296 14 54556 13 54816 13 55076 11 55337 9 55598 7
19f0653c33982a416feed56e5d1ce6849fd83314fd19dfa1c5b23c6b66e9868a,12436 5 12694 8 12953 10 13212 11 13472 11 13732 11 13992 11 14252 11 14513 10 14773 9 15034 7 15294 5 15555 3
19f0653c33982a416feed56e5d1ce6849fd83314fd19dfa1c5b23c6b66e9868a,9197 12 9455 17 9714 19 9973 21 10233 21 10493 21 10753 21 11013 20 11273 19 11533 19 11793 18 12053 17 12315 13 12577 6
19f0653c33982a416feed56e5d1ce6849fd83314fd19dfa1c5b23c6b66e9868a,54202 2 54457 8 54712 3 54717 9 54971 15 55222 1 55229 17 55250 2 55481 5 55487 29 55740 37 56000 38 56258 41 56517 43 56777 44 57036 46 57296 46 57554 48 57813 28 57845 18 58071 29 58104 19 58331 28 58365 18 58590 26 58625 18 58850 11 58863 13 58886 17 59110 8 59124 14 59145 16 59371 6 59383 38 59632 4 59642 36 59902 34 60162 29 60422 29 60683 29 60947 25 61209 3 61213 19 61473 19 61734 17 61994 17 62255 16 62515 15 62776 12 63037 10 63297 8
19f0653c33982a416feed56e5d1ce6849fd83314fd19dfa1c5b23c6b66e9868a,44500 5 44757 9 45016 10 45275 11 45534 12 45794 12 46054 12 46314 12 46574 12 46834 12 47094 11 47354 10 47615 9 47876 6
19f0653c33982a416feed56e5d1ce6849fd83314fd19dfa1c5b23c6b66e9868a,11189 7 11448 9 11707 11 11967 13 12226 15 12486 17 12746 18 13006 18 13266 19 13526 20 13786 20 14046 20 14307 20 14567 20 14828 19 15088 19 15350 17 15611 15 15873 12 16134 9 16399 2
19f0653c33982a416feed56e5d1ce6849fd83314fd19dfa1c5b23c6b66e9868a,30037 1 30294 4 30553 5 30812 6 31071 7 31331 7 31590 8 31850 7 32109 9 32369 9 32628 9 32887 10 33146 10 33406 10 33665 10 33926 8 34186 7 34449 2
19f0653c33982a416feed56e5d1ce6849fd83314fd19dfa1c5b23c6b66e9868a,12820 8 13078 12 13338 12 13597 13 13857 13 14116 15 14376 15 14635 16 14895 16 15155 16 15415 16 15676 15 15936 15 16196 15 16456 14 16716 14 16977 12 17239 10 17501 6
19f0653c33982a416feed56e5d1ce6849fd83314fd19dfa1c5b23c6b66e9868a,54421 2 54680 4 54939 6 55198 7 55458 7 55718 7 55979 5 56240 4
19f0653c33982a416feed56e5d1ce6849fd83314fd19dfa1c5b23c6b66e9868a,35681 5 35939 9 36198 11 36457 12 36717 13 36976 15 37236 15 37495 16 37755 16 38015 16 38275 16 38535 16 38794 17 39054 17 39314 17 39574 16 39834 16 40094 16 40353 16 40612 2 40615 13 40872 1 40876 11 41136 9 41395 9 41655 9 41913 11 42172 13 42432 13 42692 13 42952 13 43212 13 43473 12 43733 12 43994 11 44255 10 44516 7 44777 5 45038 3 45299 1
19f0653c33982a416feed56e5d1ce6849fd83314fd19dfa1c5b23c6b66e9868a,36356 2 36612 7 36871 8 37131 8 37389 10 37648 11 37908 12 38168 12 38428 12 38689 11 38949 11 39208 10 39467 10 39726 9 39986 10 40246 10 40506 10 40766 10 41027 9 41288 7 41549 5
19f0653c33982a416feed56e5d1ce6849fd83314fd19dfa1c5b23c6b66e9868a,26936 1 26938 1 26942 3 27194 11 27451 15 27711 15 27970 16 28229 17 28489 16 28749 16 29009 16 29270 14 29530 13 29791 11 30051 9 30313 5
19f0653c33982a416feed56e5d1ce6849fd83314fd19dfa1c5b23c6b66e9868a,2950 3 3206 10 3221 6 3465 24 3724 27 3983 29 4243 30 4503 31 4763 32 5023 32 5283 32 5543 33 5803 33 6062 34 6322 34 6582 34 6842 32 7103 14 7121 11 7364 12 7624 10 7885 8 8147 4
19f0653c33982a416feed56e5d1ce6849fd83314fd19dfa1c5b23c6b66e9868a,44694 10 44953 12 45212 14 45472 14 45731 17 45991 15 46250 17 46510 17 46770 17 47030 17 47290 17 47550 16 47811 15 48071 14 48331 13 48592 11 48852 11 49113 8 49374 6 49635 2
19f0653c33982a416feed56e5d1ce6849fd83314fd19dfa1c5b23c6b66e9868a,39025 4 39284 5 39544 5 39804 5 40064 4 40325 2
19f0653c33982a416feed56e5d1ce6849fd83314fd19dfa1c5b23c6b66e9868a,155 13 415 14 674 15 933 17 1192 18 1451 19 1711 19 1971 19 2230 20 2490 20 2751 18 3011 15 3272 9 3534 6
19f0653c33982a416feed56e5d1ce6849fd83314fd19dfa1c5b23c6b66e9868a,102 30 362 29 622 5 628 22 883 4 888 18 1146 1 1150 16 1404 3 1411 13 1665 1 1674 9
19f0653c33982a416feed56e5d1ce6849fd83314fd19dfa1c5b23c6b66e9868a,48881 1 49141 2 49401 3 49661 3 49921 4 50181 4 50441 4 50701 2
19f0653c33982a416feed56e5d1ce6849fd83314fd19dfa1c5b23c6b66e9868a,70370 6 70630 10 70888 13 70915 1 71147 14 71172 7 71407 14 71431 10 71667 15 71690 12 71926 16 71949 14 72187 16 72207 16 72446 17 72467 17 72707 17 72727 18 72966 18 72986 20 73227 39 73487 40 73748 39 74008 39 74268 39 74529 37 74790 33 75050 32 75312 27 75574 17 75836 14 76102 7 76364 3 76625 1
19f0653c33982a416feed56e5d1ce6849fd83314fd19dfa1c5b23c6b66e9868a,49907 5 50166 7 50424 12 50684 13 50943 15 51203 15 51464 15 51724 15 51984 15 52245 14 52505 15 52766 14 53026 14 53287 12 53548 11 53808 11 54069 9 54330 7 54591 5 54850 7 55110 8 55369 10 55628 12 55888 13 56147 14 56407 14 56667 14 56927 14 57187 14 57446 15 57706 15 57967 14 58227 14 58488 13 58748 13 59008 13 59269 11 59530 10 59792 8
19f0653c33982a416feed56e5d1ce6849fd83314fd19dfa1c5b23c6b66e9868a,50900 1 51156 7 51415 9 51674 11 51934 12 52194 12 52454 12 52714 12 52975 12 53235 12 53495 12 53756 10 54017 8 54278 6 54539 3
19f0653c33982a416feed56e5d1ce6849fd83314fd19dfa1c5b23c6b66e9868a,2776 5 2793 4 3035 9 3053 5 3295 10 3311 7 3555 12 3571 7 3814 13 3830 9 4075 24 4335 24 4595 24 4855 25 5115 25 5376 25 5636 25 5897 25 6157 25 6418 25 6679 23 6940 23 7204 19 7468 15 7730 13 7990 13 8250 13 8511 11 8772 1 8774 8 9034 7 9295 5
19f0653c33982a416feed56e5d1ce6849fd83314fd19dfa1c5b23c6b66e9868a,25224 3 25484 4 25741 8 26001 8 26261 8 26521 8 26781 8 27041 8 27301 8 27561 8 27821 7 28081 6
19f0653c33982a416feed56e5d1ce6849fd83314fd19dfa1c5b23c6b66e9868a,49570 8 49829 11 50088 13 50346 16 50606 17 50866 17 51126 18 51386 18 51646 18 51907 17 52168 16 52430 14 52691 12 52952 10 53214 7 53477 2
19f0653c33982a416feed56e5d1ce6849fd83314fd19dfa1c5b23c6b66e9868a,38605 5 38861 11 39120 13 39379 14 39638 15 39897 16 40156 17 40416 16 40676 16 40936 16 41196 16 41456 15 41716 14 41977 12 42237 11 42498 9
19f0653c33982a416feed56e5d1ce6849fd83314fd19dfa1c5b23c6b66e9868a,27001 1 27257 7 27515 11 27774 13 28033 15 28292 17 28551 18 28811 18 29070 19 29330 19 29589 20 29849 20 30109 16 30369 15 30630 9 30891 6
19f0653c33982a416feed56e5d1ce6849fd83314fd19dfa1c5b23c6b66e9868a,61642 5 61902 5 62162 5 62422 6 62683 5 62943 3 63204 2
19f0653c33982a416feed56e5d1ce6849fd83314fd19dfa1c5b23c6b66e9868a,7453 1 7708 8 7966 11 8224 13 8483 15 8741 17 9000 18 9260 18 9519 19 9780 18 10039 18 10300 17 10560 16 10821 14 11082 13 11342 11 11603 9 11864 8 12126 5
19f0653c33982a416feed56e5d1ce6849fd83314fd19dfa1c5b23c6b66e9868a,60934 1 60937 1 61193 6 61444 5 61452 8 61704 17 61963 20 62223 20 62483 20 62742 14 62757 5 63003 12 63264 11 63523 11 63783 11 64043 11 64303 10 64563 9 64824 8 65084 7 65345 5
19f0653c33982a416feed56e5d1ce6849fd83314fd19dfa1c5b23c6b66e9868a,16168 2 16425 9 16683 13 16942 15 17201 17 17461 17 17721 18 17981 18 18241 19 18501 19 18761 18 19022 17 19283 16 19544 14 19805 12 20067 8
19f0653c33982a416feed56e5d1ce6849fd83314fd19dfa1c5b23c6b66e9868a,23679 8 23936 12 24193 15 24452 16 24710 19 24970 21 25231 20 25491 21 25753 19 26014 19 26276 17 26538 15 26804 10 27065 9 27325 9 27586 7 27846 7 28107 2 28110 3 28370 4 28630 6 28890 6 29150 6 29411 3
19f0653c33982a416feed56e5d1ce6849fd83314fd19dfa1c5b23c6b66e9868a,74965 4 75224 5 75482 7 75742 8 76002 8 76262 8 76523 5
19f0653c33982a416feed56e5d1ce6849fd83314fd19dfa1c5b23c6b66e9868a,36657 4 36917 4 37176 5 37436 5 37696 5 37956 5 38217 4 38477 4 38737 4 38997 4 39258 3 39518 3 39778 3 40039 2 40299 2
