1a11552569160f0b1ea10bedbd628ce6c14f29edec5092034c2309c556df833e,504178 7 505198 15 506220 19 507243 21 508267 22 509291 24 510315 24 511338 25 512362 26 513386 26 514411 26 515435 26 516459 26 517484 26 518508 26 519533 25 520557 25 521582 24 522607 22 523633 20 524659 18 525685 16 526712 12 527740 6
1a11552569160f0b1ea10bedbd628ce6c14f29edec5092034c2309c556df833e,427426 7 428449 12 429472 15 430496 16 431520 17 432544 18 433568 19 434592 20 435616 20 436640 21 437664 21 438689 20 439713 21 440738 20 441762 20 442787 19 443812 17 444837 16 445862 15 446887 13 447912 12 448937 9 449962 5
1a11552569160f0b1ea10bedbd628ce6c14f29edec5092034c2309c556df833e,435045 7 436067 10 437090 13 438114 14 439138 14 440162 14 441186 14 442210 14 443234 15 444259 14 445283 14 446308 13 447332 13 448357 12 449381 12 450406 11 451430 11 452454 11 453479 10 454504 8 455529 6 456556 2
1a11552569160f0b1ea10bedbd628ce6c14f29edec5092034c2309c556df833e,942597 8 943620 13 944644 15 945668 15 946692 16 947717 15 948741 15 949766 14 950790 14 951815 12 952841 8
1a11552569160f0b1ea10bedbd628ce6c14f29edec5092034c2309c556df833e,880128 1 881150 5 882172 8 883196 8 884219 10 885243 10 886267 11 887290 12 888314 11 889338 11 890362 11 891385 11 892410 10 893434 9 894459 7 895484 6
1a11552569160f0b1ea10bedbd628ce6c14f29edec5092034c2309c556df833e,430443 3 431465 9 432487 13 433510 15 434533 17 435556 18 436580 19 437603 21 438626 23 439650 24 440674 24 441698 24 442722 25 443746 25 444770 25 445794 25 446818 25 447843 24 448868 23 449893 21 450917 21 451944 17 452970 14 453995 12 455021 8 456047 1
1a11552569160f0b1ea10bedbd628ce6c14f29edec5092034c2309c556df833e,438155 8 439178 11 440202 12 441225 14 442249 14 443273 16 444297 16 445322 16 446346 16 447371 15 448395 16 449419 16 450444 16 451468 16 452493 16 453518 15 454542 16 455566 17 456590 17 457616 16 458640 16 459664 17 460689 16 461714 15 462739 14 463764 13 464788 13 465813 12 466838 11 467863 9 468888 6 469913 4 470937 3
1a11552569160f0b1ea10bedbd628ce6c14f29edec5092034c2309c556df833e,480173 10 481195 14 482217 16 483240 18 484264 19 485287 20 486311 20 487335 20 488359 20 489383 20 490407 21 491431 21 492455 21 493479 21 494503 21 495527 21 496552 20 497576 20 498600 20 499624 20 500648 19 501672 19 502697 18 503722 17 504747 16 505771 16 506796 14 507821 13 508847 10 509873 7
1a11552569160f0b1ea10bedbd628ce6c14f29edec5092034c2309c556df833e,444927 4 445950 6 446973 8 447996 9 449020 9 450044 9 451068 9 452093 6
1a11552569160f0b1ea10bedbd628ce6c14f29edec5092034c2309c556df833e,431996 3 433019 8 434043 8 435067 9 436092 8 437116 8 438141 7 439166 5 440191 3
1a11552569160f0b1ea10bedbd628ce6c14f29edec5092034c2309c556df833e,914961 1 915983 5 917006 9 918029 12 919053 13 920077 14 921100 16 922124 17 923149 17 924173 17 925197 18 926221 19 927245 19 928269 20 929294 19 930318 20 931342 20 932367 18 933392 17 934417 16 935444 12 936472 6
1a11552569160f0b1ea10bedbd628ce6c14f29edec5092034c2309c556df833e,819628 7 820650 10 821673 12 822695 15 823719 14 824742 15 825765 16 826789 16 827813 15 828837 14 829861 14 830886 12 831910 11 832934 9 833959 6 834985 2
1a11552569160f0b1ea10bedbd628ce6c14f29edec5092034c2309c556df833e,867484 7 868506 13 869529 15 870552 17 871575 18 872598 19 873621 21 874645 21 875668 23 876692 22 877715 23 878739 23 879762 24 880786 23 881809 23 882833 22 883856 22 884880 21 885906 18 886931 15 887956 13 888981 10
1a11552569160f0b1ea10bedbd628ce6c14f29edec5092034c2309c556df833e,438149 5 439171 7 440194 8 441218 7 442242 6 443266 6 444290 6 445315 6 446339 6 447363 6 448387 6 449411 6 450435 6
1a11552569160f0b1ea10bedbd628ce6c14f29edec5092034c2309c556df833e,887232 7 888255 8 889279 9 890303 9 891327 9 892351 9 893375 9 894399 9 895423 9 896447 9
1a11552569160f0b1ea10bedbd628ce6c14f29edec5092034c2309c556df833e,945656 8 946679 10 947703 11 948727 12 949750 14 950775 13 951799 14 952823 15 953849 13 954874 12 955898 12 956923 11 957948 9 958973 7 960000 2
1a11552569160f0b1ea10bedbd628ce6c14f29edec5092034c2309c556df833e,724386 1 725407 6 726429 10 727452 11 728475 13 729499 13 730523 13 731547 14 732571 14 733595 14 734619 14 735643 14 736667 14 737692 12 738716 12 739740 12 740766 9 741791 7 742818 3
1a11552569160f0b1ea10bedbd628ce6c14f29edec5092034c2309c556df833e,477086 10 478108 12 479132 12 480155 13 481180 11 482204 10 483231 6
1a11552569160f0b1ea10bedbd628ce6c14f29edec5092034c2309c556df833e,692641 1 693664 6 694687 9 695710 13 696734 14 697758 14 698782 14 699806 15 700830 15 701855 14 702880 13 703905 12 704931 9
1a11552569160f0b1ea10bedbd628ce6c14f29edec5092034c2309c556df833e,393706 6 394730 8 395753 11 396777 11 397801 12 398825 12 399849 13 400872 14 401896 14 402920 15 403944 15 404969 15 405993 15 407017 15 408041 16 409066 15 410090 15 411115 15 412140 14 413165 13 414189 12 415214 11 416239 10 417264 9 418291 4
1a11552569160f0b1ea10bedbd628ce6c14f29edec5092034c2309c556df833e,910820 2 911841 10 912865 11 913889 11 914913 12 915937 13 916961 13 917985 14 919010 14 920034 14 921059 13 922084 11 923108 11 924134 8
1a11552569160f0b1ea10bedbd628ce6c14f29edec5092034c2309c556df833e,731071 15 732095 16 733118 17 734142 18 735166 19 736190 19 737214 19 738238 19 739262 20 740286 20 741309 21 742333 21 743357 21 744381 21 745405 22 746429 21 747453 20 748478 19 749503 17 750528 15 751553 14 752578 11 753608 1
1a11552569160f0b1ea10bedbd628ce6c14f29edec5092034c2309c556df833e,736178 7 737202 8 738225 10 739249 11 740273 12 741297 12 742321 12 743345 12 744369 12 745394 11 746419 10 747445 8 748470 6
1a11552569160f0b1ea10bedbd628ce6c14f29edec5092034c2309c556df833e,913870 1 914894 3 915917 5 916940 8 917964 9 918987 11 920011 12 921035 12 922059 13 923083 13 924107 13 925131 13 926155 13 927179 12 928204 10 929228 9 930253 6 931278 2
1a11552569160f0b1ea10bedbd628ce6c14f29edec5092034c2309c556df833e,793540 5 794564 8 795588 10 796612 10 797636 11 798660 11 799684 11 800708 11 801734 9 802759 7
1a11552569160f0b1ea10bedbd628ce6c14f29edec5092034c2309c556df833e,10931 6 11952 13 12974 17 13997 18 15020 19 16044 19 17068 18 18092 17 19116 16 20141 14 21169 9
1a11552569160f0b1ea10bedbd628ce6c14f29edec5092034c2309c556df833e,901538 3 902561 5 903585 6 904609 7 905632 9 906656 9 907680 10 908704 11 909728 11 910752 12 911776 12 912800 12 913824 12 914848 12 915872 12 916897 11 917922 10 918947 8 919973 6 920999 3
1a11552569160f0b1ea10bedbd628ce6c14f29edec5092034c2309c556df833e,443673 7 444694 11 445717 14 446740 16 447764 16 448787 18 449810 20 450834 20 451858 21 452882 22 453906 22 454930 22 455954 23 456978 23 458003 22 459027 22 460052 22 461077 20 462103 18 463129 15 464154 13 465180 10 466205 8 467231 4
1a11552569160f0b1ea10bedbd628ce6c14f29edec5092034c2309c556df833e,777653 9 778676 12 779698 15 780722 15 781745 17 782769 17 783793 17 784817 16 785841 16 786865 16 787889 15 788913 15 789937 15 790961 14 791985 14 793010 12 794037 7 795065 2
1a11552569160f0b1ea10bedbd628ce6c14f29edec5092034c2309c556df833e,783853 1 784874 8 785896 11 786919 12 787942 13 788966 13 789989 14 791013 14 792036 15 793060 15 794085 14 795109 13 796133 13 797157 12 798181 12 799207 8 800232 5
1a11552569160f0b1ea10bedbd628ce6c14f29edec5092034c2309c556df833e,822656 4 823678 6 824700 8 825723 10 826747 12 827771 12 828795 12 829821 10 830847 8 831872 6
1a11552569160f0b1ea10bedbd628ce6c14f29edec5092034c2309c556df833e,863548 6 864569 11 865592 15 866616 16 867640 16 868664 16 869689 15 870714 14 871738 14 872764 12 873789 10 874816 6
1a11552569160f0b1ea10bedbd628ce6c14f29edec5092034c2309c556df833e,834791 6 835813 10 836836 11 837859 13 838882 14 839906 15 840930 16 841954 16 842978 17 844002 18 845026 18 846051 17 847075 17 848100 16 849125 14 850150 13 851174 12 852200 10 853225 6
1a11552569160f0b1ea10bedbd628ce6c14f29edec5092034c2309c556df833e,363821 5 364841 12 365864 15 366887 17 367911 18 368935 19 369959 19 370983 20 372007 21 373031 22 374055 22 375080 21 376104 22 377129 21 378153 21 379178 21 380203 20 381228 19 382253 18 383278 17 384303 16 385328 15 386353 14 387378 13 388403 12 389429 9 390455 7
1a11552569160f0b1ea10bedbd628ce6c14f29edec5092034c2309c556df833e,421782 5 422805 7 423829 8 424853 8 425876 10 426900 10 427923 12 428947 12 429971 13 430995 13 432019 13 433043 14 434067 14 435091 14 436116 14 437140 14 438165 13 439189 14 440214 13 441239 13 442263 13 443289 11 444313 11 445338 10 446362 10 447386 10 448411 9 449435 9 450460 9 451484 9 452509 8 453534 7 454558 7 455583 6 456608 5 457632 4 458657 2
1a11552569160f0b1ea10bedbd628ce6c14f29edec5092034c2309c556df833e,513341 6 514363 10 515386 13 516409 15 517433 17 518456 19 519479 21 520503 22 521527 22 522552 21 523576 21 524600 21 525624 21 526648 21 527672 21 528696 22 529720 22 530744 22 531769 21 532793 21 533818 19 534843 18 535867 18 536892 16 537917 15 538942 14 539967 12 540994 2
1a11552569160f0b1ea10bedbd628ce6c14f29edec5092034c2309c556df833e,973321 8 974343 12 975366 14 976390 15 977414 16 978438 16 979462 16 980487 15 981512 14 982537 12 983562 8
1a11552569160f0b1ea10bedbd628ce6c14f29edec5092034c2309c556df833e,829810 5 830831 11 831853 13 832876 14 833899 15 834923 15 835946 17 836970 17 837994 16 839017 16 840041 15 841066 14 842091 12 843116 10 844141 7
1a11552569160f0b1ea10bedbd628ce6c14f29edec5092034c2309c556df833e,564653 2 565676 7 566698 11 567721 12 568745 13 569769 14 570793 15 571817 16 572841 17 573865 18 574889 18 575913 19 576938 18 577962 19 578986 20 580010 20 581035 19 582059 19 583083 19 584107 19 585132 18 586156 18 587180 18 588204 18 589228 17 590253 15 591278 14 592303 12 593329 9 594356 3
1a11552569160f0b1ea10bedbd628ce6c14f29edec5092034c2309c556df833e,746963 1 747985 4 749007 8 750031 10 751055 11 752078 12 753102 12 754126 12 755150 12 756174 12 757199 11 758223 11 759247 11 760271 11 761297 9 762322 7 763347 4
1a11552569160f0b1ea10bedbd628ce6c14f29edec5092034c2309c556df833e,846300 2 847319 8 848342 10 849366 11 850390 12 851413 14 852437 14 853461 15 854485 15 855510 15 856534 14 857558 14 858583 13 859608 11 860633 10 861657 9 862685 4
1a11552569160f0b1ea10bedbd628ce6c14f29edec5092034c2309c556df833e,805850 6 806873 8 807896 10 808920 11 809943 13 810967 12 811991 12 813015 12 814039 12 815063 11 816088 9 817113 7
1a11552569160f0b1ea10bedbd628ce6c14f29edec5092034c2309c556df833e,837882 5 838906 7 839930 8 840954 9 841978 9 843002 9 844027 8 845051 8
1a11552569160f0b1ea10bedbd628ce6c14f29edec5092034c2309c556df833e,232301 7 233322 11 234344 15 235366 18 236389 19 237411 22 238434 24 239457 25 240480 26 241504 26 242527 27 243551 27 244574 29 245598 28 246622 28 247646 28 248670 28 249694 27 250718 27 251743 26 252767 25 253791 24 254816 22 255840 21 256864 20 257890 16 258916 10
1a11552569160f0b1ea10bedbd628ce6c14f29edec5092034c2309c556df833e,773535 7 774559 10 775582 14 776605 15 777629 16 778653 17 779676 18 780700 19 781724 18 782748 18 783773 17 784797 16 785822 15 786847 12 787872 8 788898 3
1a11552569160f0b1ea10bedbd628ce6c14f29edec5092034c2309c556df833e,753163 6 754185 10 755208 12 756232 12 757255 14 758279 14 759303 13 760327 13 761351 13 762377 10 763402 7
