1b44d22643830cd4f23c9deadb0bd499fb392fb2cd9526d81547d93077d983df,403273 7 404294 13 405317 15 406340 17 407363 19 408386 21 409410 21 410434 22 411458 23 412482 24 413506 24 414530 24 415555 23 416579 24 417603 24 418627 24 419651 24 420676 23 421701 22 422725 22 423750 21 424775 20 425799 19 426825 17 427850 15 428875 13 429900 11 430926 7 431953 2
1b44d22643830cd4f23c9deadb0bd499fb392fb2cd9526d81547d93077d983df,454873 2 455896 6 456920 8 457944 13 458968 17 459992 18 461016 18 462041 17 463068 13 464099 5
1b44d22643830cd4f23c9deadb0bd499fb392fb2cd9526d81547d93077d983df,394465 1 395489 4 396512 8 397536 10 398560 11 399583 14 400606 16 401629 17 402653 18 403676 19 404699 21 405722 22 406745 24 407769 24 408793 24 409817 25 410841 25 411865 25 412888 26 413912 26 414937 25 415961 25 416985 25 418010 24 419034 24 420058 21 421083 20 422108 19 423132 19 424157 17 425183 14 426208 11 427236 5
1b44d22643830cd4f23c9deadb0bd499fb392fb2cd9526d81547d93077d983df,765672 3 766694 7 767716 9 768739 10 769762 11 770785 12 771808 12 772831 13 773854 14 774877 14 775900 15 776923 15 777946 16 778969 16 779992 17 781016 17 782040 17 783064 16 784090 13 785118 8
1b44d22643830cd4f23c9deadb0bd499fb392fb2cd9526d81547d93077d983df,625582 2 625587 2 626604 4 626612 2 627626 6 627637 2 628648 8 628661 3 629670 11 629685 4 630695 11 630709 4 631719 19 632743 20 633767 20 634791 21 635816 20 636840 20 637864 20 638889 19 639913 19 640938 18 641963 16 642987 15 644012 14 645036 12 646061 9 647087 3
1b44d22643830cd4f23c9deadb0bd499fb392fb2cd9526d81547d93077d983df,284572 4 285592 10 286613 15 287636 16 288660 17 289683 19 290707 19 291731 20 292754 21 293778 21 294802 22 295825 23 296849 23 297873 23 298897 23 299921 23 300946 22 301970 22 302994 22 304018 22 305043 21 306068 20 307093 19 308117 19 309142 18 310166 17 311191 15 312216 14 313242 13 314270 10 315293 12 316314 16 317338 17 318362 18 319385 20 320409 21 321433 21 322457 21 323480 22 324505 21 325529 21 326553 21 327577 21 328602 20 329626 20 330650 19 331675 18 332699 18 333724 16 334749 15 335774 13 336799 10 337825 4
1b44d22643830cd4f23c9deadb0bd499fb392fb2cd9526d81547d93077d983df,766289 3 767310 9 768332 14 769355 16 770377 20 771401 21 772425 22 773449 22 774473 22 775497 23 776521 23 777545 23 778569 23 779594 22 780618 22 781642 22 782666 22 783691 20 784715 20 785740 19 786767 16 787794 13 788822 5
1b44d22643830cd4f23c9deadb0bd499fb392fb2cd9526d81547d93077d983df,149462 2 150482 8 151504 12 152527 15 153550 17 154574 18 155597 20 156620 22 157644 22 158668 22 159692 22 160716 22 161740 22 162764 22 163789 22 164813 22 165837 22 166861 22 167885 22 168910 21 169934 21 170959 20 171983 20 173008 19 174033 18 175059 14 176084 12 177109 9 178135 4
1b44d22643830cd4f23c9deadb0bd499fb392fb2cd9526d81547d93077d983df,563678 4 564702 4 565722 3 565726 4 566746 9 567770 9 568794 9 569818 10 570842 10 571867 9 572892 8 573916 8 574941 7 575966 6 576991 5 578016 4
1b44d22643830cd4f23c9deadb0bd499fb392fb2cd9526d81547d93077d983df,489339 5 490362 6 491386 6 492410 6 493434 6 494458 6 495482 6 496506 6
1b44d22643830cd4f23c9deadb0bd499fb392fb2cd9526d81547d93077d983df,793151 6 794174 8 795197 10 796219 12 797243 12 798267 12 799291 8 800315 7 801339 7 802365 3
1b44d22643830cd4f23c9deadb0bd499fb392fb2cd9526d81547d93077d983df,806506 1 807525 12 808548 13 809571 15 810594 16 811618 17 812642 18 813666 18 814690 18 815714 18 816738 18 817762 18 818786 18 819811 17 820835 17 821859 17 822884 16 823908 15 824932 15 825957 14 826981 14 828006 13 829030 12 830054 12 831079 10 832103 10 833127 9 834154 5
1b44d22643830cd4f23c9deadb0bd499fb392fb2cd9526d81547d93077d983df,423347 3 424367 10 425389 14 426412 16 427434 19 428457 20 429480 22 430502 24 431525 25 432548 26 433570 28 434594 28 435618 28 436642 28 437666 27 438691 26 439715 25 440740 23 441764 22 442790 18 443817 12
1b44d22643830cd4f23c9deadb0bd499fb392fb2cd9526d81547d93077d983df,54565 5 55586 10 56610 11 57633 14 58656 16 59679 18 60703 18 61727 18 62752 18 63776 18 64800 19 65825 18 66849 18 67874 17 68899 15 69924 14 70949 12 71975 8 73002 3
1b44d22643830cd4f23c9deadb0bd499fb392fb2cd9526d81547d93077d983df,552385 2 553408 6 554430 11 555452 14 556474 17 557496 20 558519 21 559541 24 560563 26 561587 26 562611 26 563634 27 564658 27 565682 26 566705 26 567729 26 568753 25 569777 24 570801 24 571825 22 572849 21 573873 20 574898 17 575924 14 576949 10 577976 5
1b44d22643830cd4f23c9deadb0bd499fb392fb2cd9526d81547d93077d983df,882957 5 883978 11 885000 14 886023 16 887046 17 888069 19 889092 21 890116 21 891139 22 892163 22 893186 24 894210 24 895233 25 896257 25 897281 25 898306 24 899330 24 900354 24 901378 24 902403 23 903427 22 904451 22 905476 21 906500 21 907525 19 908550 17 909575 15 910600 11
1b44d22643830cd4f23c9deadb0bd499fb392fb2cd9526d81547d93077d983df,184024 1 185045 7 186067 11 187089 13 188111 15 189133 18 190156 19 191178 21 192201 22 193223 24 194246 25 195270 25 196294 25 197318 25 198342 25 199366 25 200390 25 201414 25 202439 24 203463 24 204488 23 205512 22 206537 21 207562 19 208587 17 209612 14 210637 12
1b44d22643830cd4f23c9deadb0bd499fb392fb2cd9526d81547d93077d983df,429942 3 430966 4 431990 4 433014 4 434038 6 435063 5 436087 3
1b44d22643830cd4f23c9deadb0bd499fb392fb2cd9526d81547d93077d983df,798280 6 799304 7 800328 7 801352 7 802377 6 803401 5
1b44d22643830cd4f23c9deadb0bd499fb392fb2cd9526d81547d93077d983df,969912 3 970932 9 971953 15 972975 18 973999 19 975022 20 976046 21 977069 23 978093 23 979117 24 980141 24 981165 24 982189 25 983213 25 984237 25 985261 25 986286 24 987310 25 988335 23 989360 22 990384 22 991409 21 992434 19 993459 18 994484 16 995509 14 996536 9 997562 4
1b44d22643830cd4f23c9deadb0bd499fb392fb2cd9526d81547d93077d983df,294885 7 295908 13 296931 17 297954 19 298977 21 300000 23 301024 23 302048 24 303071 25 304095 25 305119 26 306142 27 307166 27 308190 27 309214 26 310238 26 311262 25 312287 24 313312 22 314337 21 315363 17 316388 14 317414 6
1b44d22643830cd4f23c9deadb0bd499fb392fb2cd9526d81547d93077d983df,603625 3 604649 4 605672 5 606696 5 607720 5 608744 5 609768 5 610792 5 611817 4
1b44d22643830cd4f23c9deadb0bd499fb392fb2cd9526d81547d93077d983df,756902 6 757925 7 758949 7 759973 7 760997 7 762021 6 763045 5
1b44d22643830cd4f23c9deadb0bd499fb392fb2cd9526d81547d93077d983df,624641 5 625665 7 626689 9 627713 11 628737 12 629761 13 630785 13 631809 15 632833 15 633857 15 634881 16 635905 16 636929 16 637953 16 638977 16 640001 16 641025 16 642049 16 643073 16 644097 16 645121 16 646145 15 647169 15 648193 14 649217 13 650241 12 651266 9
1b44d22643830cd4f23c9deadb0bd499fb392fb2cd9526d81547d93077d983df,326849 1 327869 7 328889 13 329912 14 330935 15 331958 16 332981 17 334003 19 335026 20 336048 23 337072 23 338096 23 339120 23 340144 23 341167 24 342191 23 343216 22 344240 21 345264 19 346288 18 347313 15 348343 7
1b44d22643830cd4f23c9deadb0bd499fb392fb2cd9526d81547d93077d983df,430433 11 431455 13 432478 15 433501 16 434523 19 435546 20 436570 21 437594 21 438617 23 439641 24 440665 24 441689 25 442714 25 443738 25 444762 26 445787 25 446812 24 447836 24 448861 23 449886 21 450911 20 451935 18 452960 15 453987 10
1b44d22643830cd4f23c9deadb0bd499fb392fb2cd9526d81547d93077d983df,587254 4 588277 5 589301 6 590325 6 591348 7 592371 8 593395 8 594419 7 595443 7 596469 3
1b44d22643830cd4f23c9deadb0bd499fb392fb2cd9526d81547d93077d983df,431986 4 433009 5 434033 5 435057 6 436081 6 437105 6 438130 4
1b44d22643830cd4f23c9deadb0bd499fb392fb2cd9526d81547d93077d983df,338 18 1362 18 2386 18 3411 15 4436 14 5462 7
1b44d22643830cd4f23c9deadb0bd499fb392fb2cd9526d81547d93077d983df,718882 3 719905 9 720928 11 721951 13 722974 15 723997 18 725020 20 726044 20 727068 21 728091 23 729115 23 730139 24 731163 25 732187 25 733212 24 734236 24 735260 23 736284 23 737308 23 738333 21 739358 20 740385 16 741412 12 742439 5
1b44d22643830cd4f23c9deadb0bd499fb392fb2cd9526d81547d93077d983df,14417 1 15437 7 16460 9 17483 11 18507 12 19530 14 20554 15 21577 17 22601 18 23625 20 24648 22 25673 22 26698 21 27722 22 28747 21 29772 21 30797 20 31822 19 32847 17 33873 15 34900 11 35926 3
1b44d22643830cd4f23c9deadb0bd499fb392fb2cd9526d81547d93077d983df,81519 5 82540 9 83563 12 84586 14 85609 17 86633 18 87656 20 88679 22 89703 22 90727 23 91751 23 92774 25 93799 24 94824 24 95848 24 96873 23 97898 22 98923 21 99947 21 100972 20 101996 19 103021 18 104046 16 105072 14 106097 12 107123 9 108148 6
1b44d22643830cd4f23c9deadb0bd499fb392fb2cd9526d81547d93077d983df,426448 2 427467 8 428490 10 429513 13 430537 13 431560 15 432584 16 433607 18 434631 19 435655 19 436679 20 437702 21 438726 21 439750 21 440774 21 441797 22 442821 22 443845 22 444869 21 445893 21 446917 21 447942 19 448966 19 449991 18 451016 16 452041 14 453066 12 454093 8 455119 3
1b44d22643830cd4f23c9deadb0bd499fb392fb2cd9526d81547d93077d983df,378397 1 379419 7 380441 12 381464 15 382487 18 383511 19 384534 20 385558 21 386582 21 387605 23 388629 23 389653 23 390677 24 391701 24 392725 24 393748 26 394772 26 395797 25 396821 25 397845 25 398869 25 399893 25 400918 23 401943 22 402967 22 403992 21 405017 19 406042 18 407067 16 408092 15 409117 13 410143 9
1b44d22643830cd4f23c9deadb0bd499fb392fb2cd9526d81547d93077d983df,758944 5 759966 7 760990 7 762014 7 763038 7 764061 8 765084 8 766108 7 767132 7 768156 7 769181 6
1b44d22643830cd4f23c9deadb0bd499fb392fb2cd9526d81547d93077d983df,785994 4 787017 6 788040 8 789064 9 790088 9 791112 9 792136 9 793160 8 794185 3
1b44d22643830cd4f23c9deadb0bd499fb392fb2cd9526d81547d93077d983df,493677 1 494700 6 495723 11 496746 16 497769 19 498792 21 499817 21 500841 23 501865 23 502889 24 503913 24 504937 24 505962 24 506988 22 508013 21 509038 20 510065 17 511093 13 512121 9
1b44d22643830cd4f23c9deadb0bd499fb392fb2cd9526d81547d93077d983df,235461 4 236482 13 237505 15 238528 18 239551 20 240574 22 241598 23 242623 22 243647 23 244671 23 245695 23 246719 24 247743 24 248767 24 249791 24 250816 23 251840 24 252865 23 253889 23 254914 22 255939 21 256964 19 257989 18 259015 15 260040 9 261066 5
1b44d22643830cd4f23c9deadb0bd499fb392fb2cd9526d81547d93077d983df,908447 4 909468 9 910490 12 911513 14 912536 16 913559 18 914582 18 915606 18 916629 19 917652 20 918677 19 919702 17 920726 16 921751 14 922776 12
1b44d22643830cd4f23c9deadb0bd499fb392fb2cd9526d81547d93077d983df,794188 5 795210 8 796234 8 797258 8 798286 4 799311 2
1b44d22643830cd4f23c9deadb0bd499fb392fb2cd9526d81547d93077d983df,150882 5 151905 7 152928 8 153951 9 154975 9 155999 9 157023 9 158048 7 159074 5
1b44d22643830cd4f23c9deadb0bd499fb392fb2cd9526d81547d93077d983df,37215 1 38237 1 38239 1 39261 3 40285 3 41306 1 41309 3 42330 5 43352 7 44374 1 44376 6 45398 7 46421 7 47446 2
1b44d22643830cd4f23c9deadb0bd499fb392fb2cd9526d81547d93077d983df,295772 4 296793 10 297816 12 298839 13 299862 15 300886 16 301910 17 302934 18 303958 18 304982 18 306007 17 307034 14 308062 10 309088 8 310114 6 311139 5 312163 4
1b44d22643830cd4f23c9deadb0bd499fb392fb2cd9526d81547d93077d983df,307028 6 308051 11 309075 13 310098 16 311121 18 312144 19 313168 22 314192 22 315216 23 316240 23 317263 25 318287 25 319311 25 320336 24 321360 25 322384 25 323408 25 324432 24 325456 24 326480 24 327504 23 328529 22 329553 22 330578 20 331602 20 332627 18 333651 17 334676 16 335700 15 336725 13 337750 11 338775 7
1b44d22643830cd4f23c9deadb0bd499fb392fb2cd9526d81547d93077d983df,365942 5 366966 6 367990 6 369014 6 370038 6 371062 6 372086 5 373111 3
1b44d22643830cd4f23c9deadb0bd499fb392fb2cd9526d81547d93077d983df,473991 4 475015 5 476038 7 477062 7 478086 7 479110 7 480134 6 481159 4
1b44d22643830cd4f23c9deadb0bd499fb392fb2cd9526d81547d93077d983df,280431 8 281455 8 282477 10 283501 10 284525 10 285549 8 286573 7 287598 4
1b44d22643830cd4f23c9deadb0bd499fb392fb2cd9526d81547d93077d983df,764069 8 765092 9 766115 11 767139 11 768163 11 769189 9 770214 7
1b44d22643830cd4f23c9deadb0bd499fb392fb2cd9526d81547d93077d983df,634 23 1657 25 2680 26 3704 27 4728 27 5752 27 6776 27 7800 27 8824 27 9848 27 10872 27 11896 27 12920 27 13945 26 14970 24 15995 22 17020 20 18050 12
1b44d22643830cd4f23c9deadb0bd499fb392fb2cd9526d81547d93077d983df,432999 1 434017 9 435039 12 436062 15 437084 18 438107 19 439131 20 440155 20 441178 22 442202 22 443226 23 444250 23 445274 24 446298 25 447322 26 448346 26 449370 26 450395 24 451419 24 452444 23 453469 21 454494 20 455518 19 456543 18 457568 16 458594 13 459620 10 460646 4
1b44d22643830cd4f23c9deadb0bd499fb392fb2cd9526d81547d93077d983df,903278 6 904298 12 905320 16 906342 18 907364 21 908387 23 909411 23 910435 23 911458 25 912482 25 913505 27 914529 27 915553 26 916577 26 917600 27 918624 27 919648 27 920672 27 921696 27 922720 26 923745 23 924769 22 925793 20 926818 18 927843 16 928870 11
1b44d22643830cd4f23c9deadb0bd499fb392fb2cd9526d81547d93077d983df,465 22 1489 19 2513 21 3537 22 4561 23 5585 11 5597 11 6609 23 7633 23 8657 23 9683 21 10707 21 11731 21 12756 20 13780 20 14806 17 15831 15 16855 15 17882 10
1b44d22643830cd4f23c9deadb0bd499fb392fb2cd9526d81547d93077d983df,420079 3 421103 4 422127 4 423151 4 424175 4 425199 3
1b44d22643830cd4f23c9deadb0bd499fb392fb2cd9526d81547d93077d983df,483187 3 484210 7 485234 8 486258 8 487283 7 488307 6 489331 5 490355 5 491379 4
1b44d22643830cd4f23c9deadb0bd499fb392fb2cd9526d81547d93077d983df,774891 6 775917 6 776941 7 777965 8 778989 8 780009 1 780013 9 781033 1 781037 9 782057 13 783080 15 784103 16 785126 17 786143 24 787167 24 788191 24 789215 24 790239 24 791263 23 792287 23 793312 21 794337 19 795362 17 796386 16 797412 13 798438 10
1b44d22643830cd4f23c9deadb0bd499fb392fb2cd9526d81547d93077d983df,24917 1 25940 4 26963 5 27985 7 29008 8 30032 8 31056 6 32080 6 33104 5 34128 5 35151 5 36175 4 37200 3 38224 3 39248 2 40272 2 41297 1
1b44d22643830cd4f23c9deadb0bd499fb392fb2cd9526d81547d93077d983df,285557 4 286580 5 287602 7 288624 9 289648 9 290672 8 291697 6 292721 5 293746 3
1b44d22643830cd4f23c9deadb0bd499fb392fb2cd9526d81547d93077d983df,436090 3 437111 7 438134 9 439158 9 440182 9 441206 9 442231 6
1b44d22643830cd4f23c9deadb0bd499fb392fb2cd9526d81547d93077d983df,45542 7 46566 9 47590 12 48614 12 49638 12 50662 12 51686 12 52714 8 53742 3
1b44d22643830cd4f23c9deadb0bd499fb392fb2cd9526d81547d93077d983df,756721 6 757743 11 758764 14 759785 18 760809 19 761832 21 762855 22 763878 24 764902 24 765926 25 766950 25 767974 26 768998 26 770022 26 771046 25 772070 25 773094 25 774119 24 775143 23 776168 22 777192 21 778217 20 779242 18 780268 15 781294 12 782322 7
1b44d22643830cd4f23c9deadb0bd499fb392fb2cd9526d81547d93077d983df,302780 9 303802 12 304826 13 305849 16 306873 17 307897 18 308921 20 309945 21 310969 21 311992 22 313016 22 314040 22 315064 22 316089 21 317113 21 318137 20 319161 20 320186 19 321210 18 322235 17 323260 15 324285 14 325309 13 326334 12 327360 9 328387 3
1b44d22643830cd4f23c9deadb0bd499fb392fb2cd9526d81547d93077d983df,366962 4 367985 5 369008 6 370032 6 371056 6 372081 5 373106 3
1b44d22643830cd4f23c9deadb0bd499fb392fb2cd9526d81547d93077d983df,721533 1 722555 4 723577 8 724599 12 725622 14 726646 15 727669 18 728692 20 729715 22 730738 23 731762 23 732785 25 733809 25 734832 26 735856 26 736880 26 737904 26 738928 26 739952 26 740976 25 742000 25 743024 25 744049 23 745073 23 746097 22 747122 20 748147 18 749172 16 750197 14 751224 9 752253 2
1b44d22643830cd4f23c9deadb0bd499fb392fb2cd9526d81547d93077d983df,25945 2 26968 4 27992 4 29016 4 30040 4 31062 5 32086 3 32094 1 33109 4 33116 3 34133 3 34140 3 34144 1 35156 4 35163 6 36179 5 36187 6 37203 5 37210 5 38227 3 38233 4 38238 1 39250 3 39257 4 40274 3 40279 6 41298 8 41307 2 42321 9 43345 7 44369 5 44375 1 45394 4
1b44d22643830cd4f23c9deadb0bd499fb392fb2cd9526d81547d93077d983df,697938 6 698961 9 699983 12 701006 15 702027 19 703049 22 704073 23 705097 23 706120 25 707144 25 708168 25 709192 26 710217 25 711241 25 712265 25 713289 25 714314 24 715338 24 716363 22 717387 22 718411 22 719436 19 720462 16 721487 13 722513 7
1b44d22643830cd4f23c9deadb0bd499fb392fb2cd9526d81547d93077d983df,597617 3 598640 5 599664 5 600687 6 601711 6 602735 6 603759 6 604784 4
1b44d22643830cd4f23c9deadb0bd499fb392fb2cd9526d81547d93077d983df,596476 3 597499 4 598523 4 599546 5 600570 5 601594 4 602618 4 603642 4 604666 3
1b44d22643830cd4f23c9deadb0bd499fb392fb2cd9526d81547d93077d983df,377259 8 378281 12 379303 16 380325 18 381347 20 382369 22 383392 22 384416 22 385439 23 386462 23 387486 23 388510 23 389534 22 390558 22 391582 21 392606 21 393630 20 394654 19 395678 18 396702 18 397726 17 398750 16 399775 14 400801 12 401826 10 402852 7 403877 6
1b44d22643830cd4f23c9deadb0bd499fb392fb2cd9526d81547d93077d983df,736638 14 737661 16 738684 18 739707 20 740730 22 741753 23 742776 24 743799 25 744823 25 745847 25 746871 25 747895 24 748919 24 749943 23 750967 22 751991 22 753015 21 754040 20 755065 18 756090 16 757116 13 758142 10 759168 5
1b44d22643830cd4f23c9deadb0bd499fb392fb2cd9526d81547d93077d983df,818666 1 819688 7 820711 13 821734 17 822757 20 823781 21 824805 22 825829 23 826853 24 827878 23 828902 24 829926 25 830951 24 831976 23 833000 23 834025 22 835050 21 836075 20 837101 18 838126 16 839152 13 840178 10
1b44d22643830cd4f23c9deadb0bd499fb392fb2cd9526d81547d93077d983df,234476 5 235498 9 236522 10 237546 11 238570 12 239594 13 240618 14 241642 15 242666 16 243690 16 244714 17 245739 16 246764 15 247789 14 248814 13 249840 11 250865 10 251891 7 252917 3
1b44d22643830cd4f23c9deadb0bd499fb392fb2cd9526d81547d93077d983df,1048016 22
1b44d22643830cd4f23c9deadb0bd499fb392fb2cd9526d81547d93077d983df,72376 1 73395 8 74416 13 75438 17 76460 20 77483 23 78507 24 79531 24 80554 26 81579 25 82603 26 83628 25 84652 25 85677 24 86702 23 87727 22 88752 21 89777 19 90803 17 91828 15 92854 12
1b44d22643830cd4f23c9deadb0bd499fb392fb2cd9526d81547d93077d983df,691 16 1712 20 2735 21 3759 22 4783 22 5808 21 6832 21 7856 21 8881 20 9905 20 10930 19 11955 18 12980 16 14006 13 15031 12 16056 10 17084 5
1b44d22643830cd4f23c9deadb0bd499fb392fb2cd9526d81547d93077d983df,285066 1 286088 5 287110 8 288132 12 289155 14 290178 16 291200 18 292224 19 293247 20 294271 21 295295 21 296318 22 297342 23 298366 23 299389 24 300413 24 301437 24 302461 24 303485 24 304509 23 305532 24 306557 22 307581 22 308606 21 309630 20 310655 19 311679 18 312704 17 313729 15 314754 13 315778 12 316803 8
1b44d22643830cd4f23c9deadb0bd499fb392fb2cd9526d81547d93077d983df,800481 4 801502 8 802526 10 803550 10 804574 10 805599 9 806623 9
1b44d22643830cd4f23c9deadb0bd499fb392fb2cd9526d81547d93077d983df,624560 3 625584 3 626608 4 627632 5 628656 5 629681 4 630706 3
1b44d22643830cd4f23c9deadb0bd499fb392fb2cd9526d81547d93077d983df,373109 2 374130 6 375153 7 376177 7 377201 7 378225 7 379249 6 380275 2
1b44d22643830cd4f23c9deadb0bd499fb392fb2cd9526d81547d93077d983df,30044 1 31067 3 32089 5 33113 3 34136 4 35160 3 36184 3 37208 2 38230 3 39253 4 40277 2
1b44d22643830cd4f23c9deadb0bd499fb392fb2cd9526d81547d93077d983df,903107 4 904131 5 905155 5 906176 8 907200 8 908224 8 909248 7 910272 7 911297 5
1b44d22643830cd4f23c9deadb0bd499fb392fb2cd9526d81547d93077d983df,576 8 1598 10 2620 13 3643 15 4666 17 5689 19 6713 19 7737 19 8761 20 9785 21 10809 22 11832 24 12856 25 13880 26 14904 26 15928 27 16953 27 17977 29 19002 28 20026 28 21050 28 22075 27 23099 27 24127 22 25152 21 26178 17 27203 15 28231 8
1b44d22643830cd4f23c9deadb0bd499fb392fb2cd9526d81547d93077d983df,602707 2 603730 7 604753 10 605777 11 606800 14 607823 16 608847 17 609871 18 610895 19 611919 20 612943 21 613968 20 614992 20 616016 20 617041 20 618065 20 619089 20 620114 19 621138 19 622162 18 623186 18 624211 17 625235 17 626259 16 627283 15 628308 12 629334 8
1b44d22643830cd4f23c9deadb0bd499fb392fb2cd9526d81547d93077d983df,334621 4 335642 10 336665 12 337688 14 338712 15 339736 16 340759 18 341783 19 342808 19 343832 20 344856 21 345881 20 346905 21 347930 20 348954 19 349979 18 351003 18 352028 17 353054 14 354081 11
1b44d22643830cd4f23c9deadb0bd499fb392fb2cd9526d81547d93077d983df,740331 4 741354 6 742377 7 743401 7 744425 7 745449 7 746473 7 747498 5
1b44d22643830cd4f23c9deadb0bd499fb392fb2cd9526d81547d93077d983df,619014 4 620037 6 621060 7 622083 8 623106 9 624130 6 625154 6 626178 3
1b44d22643830cd4f23c9deadb0bd499fb392fb2cd9526d81547d93077d983df,951348 3 952371 7 953394 11 954417 13 955441 14 956465 16 957489 17 958512 20 959536 22 960560 24 961584 25 962608 26 963632 27 964656 28 965681 28 966705 27 967729 27 968754 26 969778 26 970805 23 971831 19 972858 6
1b44d22643830cd4f23c9deadb0bd499fb392fb2cd9526d81547d93077d983df,33270 5 34287 17 35307 21 36330 24 37354 26 38378 27 39402 28 40425 31 41449 31 42472 32 43496 32 44520 32 45549 6 45557 19 46575 3 46586 11
1b44d22643830cd4f23c9deadb0bd499fb392fb2cd9526d81547d93077d983df,202047 7 203069 10 204091 13 205114 15 206136 17 207159 18 208181 20 209204 21 210228 21 211252 20 212276 20 213300 19 214324 19 215348 19 216372 18 217396 18 218420 17 219445 16 220469 15 221494 13 222520 11 223548 3
1b44d22643830cd4f23c9deadb0bd499fb392fb2cd9526d81547d93077d983df,800031 12 801052 16 802075 18 803099 20 804122 22 805146 23 806169 24 807193 25 808217 25 809241 26 810265 26 811289 27 812313 27 813337 27 814361 27 815386 26 816410 26 817435 25 818460 23 819485 22 820509 22 821534 20 822559 19 823585 15 824611 11 825637 7
1b44d22643830cd4f23c9deadb0bd499fb392fb2cd9526d81547d93077d983df,428923 3 429946 4 430970 5 431994 6 433018 6 434044 4 435068 3
1b44d22643830cd4f23c9deadb0bd499fb392fb2cd9526d81547d93077d983df,906214 5 907237 10 908259 14 909282 17 910305 19 911329 21 912352 22 913376 23 914399 25 915423 25 916447 26 917471 26 918495 27 919519 27 920543 27 921567 27 922591 28 923615 28 924640 27 925664 27 926689 26 927713 26 928738 24 929763 23 930787 23 931812 22 932837 20 933862 17 934889 12
1b44d22643830cd4f23c9deadb0bd499fb392fb2cd9526d81547d93077d983df,465422 6 466444 9 467467 12 468491 13 469514 15 470538 15 471561 17 472584 19 473607 20 474630 21 475653 23 476677 23 477701 23 478725 23 479748 24 480772 24 481796 24 482820 24 483845 22 484869 22 485893 22 486918 21 487942 21 488966 20 489990 19 491015 17 492039 17 493066 13 494093 7
1b44d22643830cd4f23c9deadb0bd499fb392fb2cd9526d81547d93077d983df,731130 4 732147 11 733170 12 734194 12 735218 11 736242 11 737267 10 738293 7 739318 4
1b44d22643830cd4f23c9deadb0bd499fb392fb2cd9526d81547d93077d983df,290680 4 291703 5 292726 6 293749 7 294772 8 295796 8 296820 8 297845 6 298870 5
1b44d22643830cd4f23c9deadb0bd499fb392fb2cd9526d81547d93077d983df,704866 10 705889 12 706911 15 707933 18 708956 20 709979 22 711002 23 712025 24 713048 25 714072 25 715096 25 716119 26 717143 26 718167 26 719190 27 720214 27 721238 26 722262 26 723286 26 724310 26 725334 25 726358 25 727383 23 728407 22 729432 20 730456 20 731481 18 732506 15 733531 11 734560 2
1b44d22643830cd4f23c9deadb0bd499fb392fb2cd9526d81547d93077d983df,571531 3 572551 8 573575 9 574598 11 575622 12 576645 13 577669 14 578692 15 579716 16 580739 17 581763 17 582786 18 583810 18 584833 19 585856 20 586879 21 587903 21 588927 21 589952 20 590976 20 592000 19 593025 18 594049 17 595074 16 596098 15 597123 13 598148 11 599173 9 600199 6
