1b6044e4858a9b7cee9b0028d8e54fbc8fb72e6c4424ab5b9f3859bfc72b33c5,43783 3 44036 8 44291 10 44546 11 44801 12 45057 13 45313 13 45569 13 45825 14 46081 14 46337 13 46593 11 46849 10 47107 6
1b6044e4858a9b7cee9b0028d8e54fbc8fb72e6c4424ab5b9f3859bfc72b33c5,57920 8 58174 11 58428 14 58682 16 58937 17 59192 18 59448 17 59704 16 59960 15 60217 13 60476 9
1b6044e4858a9b7cee9b0028d8e54fbc8fb72e6c4424ab5b9f3859bfc72b33c5,34645 5 34900 7 35156 7 35412 8 35667 9 35923 10 36179 10 36435 10 36691 11 36947 11 37203 12 37459 12 37716 11 37972 11 38229 10 38486 8 38743 6 39000 4
1b6044e4858a9b7cee9b0028d8e54fbc8fb72e6c4424ab5b9f3859bfc72b33c5,47687 2 47942 5 48197 7 48452 8 48707 10 48962 11 49217 12 49472 13 49728 12 49984 12 50240 12 50496 11 50752 10 51009 8 51266 6
1b6044e4858a9b7cee9b0028d8e54fbc8fb72e6c4424ab5b9f3859bfc72b33c5,18140 4 18395 6 18650 8 18905 9 19161 9 19417 9 19672 10 19928 10 20184 10 20440 10 20696 9 20952 9 21209 8 21466 6
1b6044e4858a9b7cee9b0028d8e54fbc8fb72e6c4424ab5b9f3859bfc72b33c5,34826 4 35081 6 35336 8 35591 10 35847 10 36103 10 36360 9 36616 9 36872 9 37128 8 37385 6 37643 2
1b6044e4858a9b7cee9b0028d8e54fbc8fb72e6c4424ab5b9f3859bfc72b33c5,46350 6 46604 9 46859 10 47113 12 47368 13 47624 13 47879 14 48135 14 48391 14 48648 12 48904 12 49161 10 49418 8
1b6044e4858a9b7cee9b0028d8e54fbc8fb72e6c4424ab5b9f3859bfc72b33c5,51766 5 52020 8 52275 9 52530 10 52786 10 53041 11 53296 11 53552 11 53807 11 54063 10 54320 8 54577 5
1b6044e4858a9b7cee9b0028d8e54fbc8fb72e6c4424ab5b9f3859bfc72b33c5,63457 9 63711 13 63966 15 64221 16 64476 17 64732 17 64988 17 65244 16 65500 16
1b6044e4858a9b7cee9b0028d8e54fbc8fb72e6c4424ab5b9f3859bfc72b33c5,31766 6 32021 8 32276 10 32532 10 32788 11 33045 10 33302 9 33559 7 33816 5
1b6044e4858a9b7cee9b0028d8e54fbc8fb72e6c4424ab5b9f3859bfc72b33c5,17514 5 17768 9 18023 11 18279 12 18535 12 18791 12 19047 13 19303 13 19559 13 19815 14 20072 13 20328 13 20584 13 20841 12 21097 12 21354 11 21610 11 21867 10 22124 8 22382 4
1b6044e4858a9b7cee9b0028d8e54fbc8fb72e6c4424ab5b9f3859bfc72b33c5,3646 6 3901 8 4156 10 4412 11 4668 11 4924 12 5180 12 5436 12 5692 13 5948 13 6205 12 6461 13 6718 12 6974 11 7231 10 7488 8 7745 6 8002 4
1b6044e4858a9b7cee9b0028d8e54fbc8fb72e6c4424ab5b9f3859bfc72b33c5,37144 3 37398 7 37654 8 37910 9 38165 10 38421 10 38677 11 38933 11 39189 11 39446 10 39702 9 39959 8 40217 5 40474 4
1b6044e4858a9b7cee9b0028d8e54fbc8fb72e6c4424ab5b9f3859bfc72b33c5,28825 6 29080 8 29336 8 29591 10 29846 11 30102 11 30358 11 30614 11 30870 11 31126 10 31382 10 31638 9 31894 8 32151 6 32408 4
1b6044e4858a9b7cee9b0028d8e54fbc8fb72e6c4424ab5b9f3859bfc72b33c5,56585 6 56840 8 57094 10 57348 12 57603 14 57859 14 58115 14 58371 14 58627 13 58883 12 59139 11 59395 10 59652 8 59911 4
1b6044e4858a9b7cee9b0028d8e54fbc8fb72e6c4424ab5b9f3859bfc72b33c5,1653 5 1908 7 2163 9 2418 11 2674 12 2930 12 3186 13 3442 13 3698 13 3955 13 4211 13 4468 12 4725 11 4982 9 5240 6
1b6044e4858a9b7cee9b0028d8e54fbc8fb72e6c4424ab5b9f3859bfc72b33c5,208 10 463 12 719 13 975 14 1231 14 1488 13 1745 12 2001 12 2258 11 2514 10 2770 10 3027 8 3284 6
1b6044e4858a9b7cee9b0028d8e54fbc8fb72e6c4424ab5b9f3859bfc72b33c5,53758 3 54011 6 54264 9 54518 11 54773 12 55028 13 55283 14 55539 14 55795 14 56051 14 56308 12 56565 10 56823 6
1b6044e4858a9b7cee9b0028d8e54fbc8fb72e6c4424ab5b9f3859bfc72b33c5,19831 5 20086 7 20342 7 20597 9 20853 10 21109 10 21365 11 21621 12 21877 13 22133 13 22390 12 22646 12 22902 12 23159 11 23416 10 23673 8 23930 6 24187 4
1b6044e4858a9b7cee9b0028d8e54fbc8fb72e6c4424ab5b9f3859bfc72b33c5,25646 5 25900 10 26155 12 26411 13 26667 14 26924 13 27180 13 27437 12 27695 9 27953 5
1b6044e4858a9b7cee9b0028d8e54fbc8fb72e6c4424ab5b9f3859bfc72b33c5,57955 11 58210 13 58465 14 58721 14 58977 14 59233 14 59489 14 59745 13 60002 11 60259 9 60518 4
1b6044e4858a9b7cee9b0028d8e54fbc8fb72e6c4424ab5b9f3859bfc72b33c5,34982 7 35236 10 35491 11 35747 12 36002 13 36258 14 36513 15 36769 15 37024 16 37280 16 37536 16 37792 15 38047 16 38303 16 38559 15 38815 15 39071 14 39328 12 39584 12 39841 10 40099 5
1b6044e4858a9b7cee9b0028d8e54fbc8fb72e6c4424ab5b9f3859bfc72b33c5,21742 5 21997 7 22253 8 22508 9 22764 9 23020 10 23276 10 23532 10 23788 9 24044 9 24301 8 24558 7 24815 5
1b6044e4858a9b7cee9b0028d8e54fbc8fb72e6c4424ab5b9f3859bfc72b33c5,31 13 287 13 543 13 800 12 1056 12 1312 12 1569 11 1826 9 2083 8 2340 6
1b6044e4858a9b7cee9b0028d8e54fbc8fb72e6c4424ab5b9f3859bfc72b33c5,47735 4 47990 6 48245 8 48500 10 48756 10 49013 10 49269 10 49525 11 49782 11 50038 11 50295 10 50551 10 50808 9 51065 8 51323 6 51581 3
1b6044e4858a9b7cee9b0028d8e54fbc8fb72e6c4424ab5b9f3859bfc72b33c5,47302 5 47557 7 47812 9 48067 10 48322 11 48577 12 48833 13 49089 13 49344 14 49600 13 49856 13 50112 12 50368 12 50624 11 50880 11 51137 9 51394 7 51651 4
1b6044e4858a9b7cee9b0028d8e54fbc8fb72e6c4424ab5b9f3859bfc72b33c5,5603 6 5857 9 6112 10 6368 11 6624 12 6880 13 7136 13 7392 13 7648 13 7904 13 8161 12 8419 10 8676 8
1b6044e4858a9b7cee9b0028d8e54fbc8fb72e6c4424ab5b9f3859bfc72b33c5,10376 3 10630 7 10885 9 11141 10 11396 12 11652 13 11908 14 12165 14 12421 14 12678 13 12934 14 13191 13 13447 13 13704 12 13961 11 14218 10 14475 9 14732 7 14990 3
1b6044e4858a9b7cee9b0028d8e54fbc8fb72e6c4424ab5b9f3859bfc72b33c5,30578 4 30833 7 31088 9 31343 10 31599 11 31855 11 32111 12 32368 11 32624 11 32880 11 33137 10 33393 10 33650 9 33907 7 34165 4
1b6044e4858a9b7cee9b0028d8e54fbc8fb72e6c4424ab5b9f3859bfc72b33c5,20946 3 21201 5 21456 6 21711 8 21967 8 22222 9 22478 9 22734 9 22989 9 23245 9 23501 8 23757 8 24014 6 24271 4
1b6044e4858a9b7cee9b0028d8e54fbc8fb72e6c4424ab5b9f3859bfc72b33c5,4239 4 4494 6 4750 7 5006 8 5262 8 5518 9 5774 9 6030 9 6286 10 6542 10 6799 9 7055 9 7311 9 7567 8 7824 7 8080 6 8337 4
1b6044e4858a9b7cee9b0028d8e54fbc8fb72e6c4424ab5b9f3859bfc72b33c5,28905 5 29160 7 29415 9 29670 12 29926 13 30182 13 30438 13 30694 13 30950 13 31206 13 31462 13 31718 13 31975 12 32231 12 32488 11 32744 11 33001 10 33258 8 33516 5
1b6044e4858a9b7cee9b0028d8e54fbc8fb72e6c4424ab5b9f3859bfc72b33c5,50008 5 50263 7 50517 9 50772 11 51027 12 51283 12 51539 12 51795 12 52051 11 52307 11 52563 11 52819 10 53075 9 53331 9 53588 7 53845 5
1b6044e4858a9b7cee9b0028d8e54fbc8fb72e6c4424ab5b9f3859bfc72b33c5,7169 6 7425 8 7681 9 7937 10 8193 11 8449 11 8705 12 8961 12 9217 12 9473 12 9729 11 9987 7
1b6044e4858a9b7cee9b0028d8e54fbc8fb72e6c4424ab5b9f3859bfc72b33c5,19969 5 20225 6 20481 7 20737 8 20993 8 21249 8 21505 8 21761 7 22017 6 22273 5
1b6044e4858a9b7cee9b0028d8e54fbc8fb72e6c4424ab5b9f3859bfc72b33c5,44262 6 44517 8 44772 9 45027 10 45283 11 45538 12 45793 13 46049 12 46305 12 46561 12 46817 12 47073 11 47329 10 47586 8 47843 5
1b6044e4858a9b7cee9b0028d8e54fbc8fb72e6c4424ab5b9f3859bfc72b33c5,458 5 713 6 969 6 1225 6 1480 8 1736 9 1992 9 2249 9 2505 9 2761 9 3017 10 3274 10 3530 14 3787 13 4043 13 4300 12 4557 11 4814 10 5071 8 5329 5
1b6044e4858a9b7cee9b0028d8e54fbc8fb72e6c4424ab5b9f3859bfc72b33c5,2561 6 2817 8 3073 11 3329 12 3585 13 3841 13 4097 13 4353 13 4609 12 4866 10
1b6044e4858a9b7cee9b0028d8e54fbc8fb72e6c4424ab5b9f3859bfc72b33c5,7337 5 7592 8 7847 10 8103 11 8358 12 8614 13 8870 13 9126 14 9382 14 9638 14 9895 13 10151 14 10407 14 10664 13 10920 12 11177 11 11433 11 11690 9 11947 7
