1c681dfa5cf7e413305d2e90ee47553a46e29cce4f6ed034c8297e511714f867,13602 1 13857 3 14112 5 14368 5 14624 5 14881 3 15138 1
1c681dfa5cf7e413305d2e90ee47553a46e29cce4f6ed034c8297e511714f867,60642 7 60897 9 61152 10 61408 11 61664 11 61920 11 62176 11 62432 10 62688 10 62945 9 63201 9 63458 1
1c681dfa5cf7e413305d2e90ee47553a46e29cce4f6ed034c8297e511714f867,61649 4 61904 6 62160 6 62416 6 62673 5 62930 3
1c681dfa5cf7e413305d2e90ee47553a46e29cce4f6ed034c8297e511714f867,53684 6 53939 8 54194 10 54450 10 54705 11 54961 11 55217 11 55473 11 55729 11 55985 10 56242 8 56499 6
1c681dfa5cf7e413305d2e90ee47553a46e29cce4f6ed034c8297e511714f867,63924 6 64179 8 64436 8 64692 9 64948 9 65204 9 65460 9
1c681dfa5cf7e413305d2e90ee47553a46e29cce4f6ed034c8297e511714f867,14290 4 14544 7 14799 8 15054 9 15310 9 15566 9 15822 9 16079 7 16336 5
1c681dfa5cf7e413305d2e90ee47553a46e29cce4f6ed034c8297e511714f867,47653 5 47908 7 48164 10 48420 11 48676 11 48932 12 49188 12 49445 11 49703 8 49960 6
1c681dfa5cf7e413305d2e90ee47553a46e29cce4f6ed034c8297e511714f867,3391 1 3648 5 3904 5 4159 7 4414 9 4669 11 4925 12 5181 12 5437 12 5693 12 5949 12 6206 10 6463 9 6720 7 6977 5
1c681dfa5cf7e413305d2e90ee47553a46e29cce4f6ed034c8297e511714f867,19205 3 19460 5 19716 5 19972 5 20229 3
1c681dfa5cf7e413305d2e90ee47553a46e29cce4f6ed034c8297e511714f867,51776 7 52031 9 52287 9 52543 9 52800 8 53059 5 53316 3
1c681dfa5cf7e413305d2e90ee47553a46e29cce4f6ed034c8297e511714f867,62922 4 63177 6 63433 6 63689 6 63945 5 64202 3
1c681dfa5cf7e413305d2e90ee47553a46e29cce4f6ed034c8297e511714f867,33549 5 33803 9 34058 11 34313 13 34569 13 34824 15 35080 15 35336 14 35592 14 35849 13 36105 12 36362 11 36619 9 36876 6
1c681dfa5cf7e413305d2e90ee47553a46e29cce4f6ed034c8297e511714f867,4388 2 4643 5 4898 7 5154 7 5411 6 5667 5 5924 3
1c681dfa5cf7e413305d2e90ee47553a46e29cce4f6ed034c8297e511714f867,20103 7 20358 9 20613 11 20869 11 21124 13 21380 13 21636 13 21892 13 22149 11 22405 11 22662 9 22919 6
1c681dfa5cf7e413305d2e90ee47553a46e29cce4f6ed034c8297e511714f867,22174 2 22429 4 22684 6 22939 7 23190 12 23445 12 23700 12 23956 12 24212 11 24468 10 24724 8 24981 6 25238 3
1c681dfa5cf7e413305d2e90ee47553a46e29cce4f6ed034c8297e511714f867,41473 4 41729 5 41985 6 42241 7 42497 8 42753 8 43009 8 43265 8 43521 7 43777 6 44033 6 44289 5 44545 3
1c681dfa5cf7e413305d2e90ee47553a46e29cce4f6ed034c8297e511714f867,64176 3 64431 5 64687 5 64942 6 65198 6 65454 6
1c681dfa5cf7e413305d2e90ee47553a46e29cce4f6ed034c8297e511714f867,5547 2 5800 8 6055 11 6310 14 6565 16 6820 17 7076 18 7332 18 7587 19 7843 19 8099 19 8355 19 8612 18 8868 17 9124 17 9381 15 9637 14 9894 12 10152 7
1c681dfa5cf7e413305d2e90ee47553a46e29cce4f6ed034c8297e511714f867,63459 8 63714 10 63970 10 64226 10 64483 8 64740 7 64996 6 65253 4
1c681dfa5cf7e413305d2e90ee47553a46e29cce4f6ed034c8297e511714f867,15163 4 15418 6 15674 7 15930 8 16186 8 16442 8 16697 9 16953 9 17209 9 17466 8 17723 6 17980 4
1c681dfa5cf7e413305d2e90ee47553a46e29cce4f6ed034c8297e511714f867,38826 4 39081 6 39336 7 39591 8 39846 9 40102 8 40358 8 40615 7 40873 4
1c681dfa5cf7e413305d2e90ee47553a46e29cce4f6ed034c8297e511714f867,60469 5 60724 11 60979 13 61234 14 61490 14 61746 14 62002 14 62258 14 62514 14 62770 14 63026 14 63283 12 63540 10
1c681dfa5cf7e413305d2e90ee47553a46e29cce4f6ed034c8297e511714f867,26267 6 26522 8 26778 8 27033 8 27288 9 27544 8 27800 7 28057 5
1c681dfa5cf7e413305d2e90ee47553a46e29cce4f6ed034c8297e511714f867,56065 3 56321 4 56577 5 56833 7 57089 8 57345 9 57601 10 57857 10 58113 11 58369 11 58625 11 58881 11 59137 11 59393 10 59649 9 59905 7 60161 5 60417 3
1c681dfa5cf7e413305d2e90ee47553a46e29cce4f6ed034c8297e511714f867,11563 2 11816 7 12071 10 12326 14 12582 15 12839 14 13095 15 13351 15 13606 17 13860 20 14117 19 14373 18 14629 17 14884 18 15142 16 15402 13 15659 12 15918 8 16177 3
1c681dfa5cf7e413305d2e90ee47553a46e29cce4f6ed034c8297e511714f867,12579 3 12834 5 13090 5 13346 5 13603 3
1c681dfa5cf7e413305d2e90ee47553a46e29cce4f6ed034c8297e511714f867,48032 7 48287 9 48542 10 48798 10 49055 9 49315 4
1c681dfa5cf7e413305d2e90ee47553a46e29cce4f6ed034c8297e511714f867,10846 3 11099 7 11354 9 11609 11 11864 13 12118 20 12373 22 12629 22 12886 21 13150 13 13415 3
1c681dfa5cf7e413305d2e90ee47553a46e29cce4f6ed034c8297e511714f867,14718 5 14972 8 15227 9 15482 11 15738 11 15994 11 16250 10 16506 10 16763 9 17020 7
1c681dfa5cf7e413305d2e90ee47553a46e29cce4f6ed034c8297e511714f867,47351 6 47606 8 47861 9 48117 9 48373 9 48629 9 48885 9 49142 7
1c681dfa5cf7e413305d2e90ee47553a46e29cce4f6ed034c8297e511714f867,384 2 639 4 894 5 1149 7 1401 11 1656 13 1911 15 2167 15 2423 14 2679 14 2936 13 3193 11 3450 10 3709 6
1c681dfa5cf7e413305d2e90ee47553a46e29cce4f6ed034c8297e511714f867,43630 3 43884 7 44139 9 44394 11 44650 11 44905 13 45161 13 45417 13 45673 13 45929 13 46185 12 46442 11 46699 9 46956 7 47214 2
1c681dfa5cf7e413305d2e90ee47553a46e29cce4f6ed034c8297e511714f867,64211 5 64466 7 64721 8 64977 9 65233 9 65490 8
1c681dfa5cf7e413305d2e90ee47553a46e29cce4f6ed034c8297e511714f867,42136 6 42390 10 42644 13 42899 15 43155 15 43410 16 43665 17 43921 17 44177 17 44432 18 44688 18 44944 17 45201 16 45457 16 45714 14 45971 13 46228 11 46485 9 46742 7
1c681dfa5cf7e413305d2e90ee47553a46e29cce4f6ed034c8297e511714f867,32129 8 32382 12 32637 14 32892 15 33147 16 33403 16 33659 16 33915 16 34171 15 34428 14 34684 13 34941 11 35199 8
1c681dfa5cf7e413305d2e90ee47553a46e29cce4f6ed034c8297e511714f867,11270 4 11525 6 11780 7 12036 8 12292 10 12548 11 12804 11 13060 11 13316 11 13573 9 13830 8 14087 6 14344 3
1c681dfa5cf7e413305d2e90ee47553a46e29cce4f6ed034c8297e511714f867,37640 2 37895 4 38151 5 38159 2 38407 11 38664 10 38920 10 39176 9 39432 9 39688 8 39944 7 40201 4
1c681dfa5cf7e413305d2e90ee47553a46e29cce4f6ed034c8297e511714f867,45299 5 45554 7 45810 7 46066 7 46322 7 46579 6 46836 4
1c681dfa5cf7e413305d2e90ee47553a46e29cce4f6ed034c8297e511714f867,15139 3 15394 5 15650 5 15906 5 16163 3
1c681dfa5cf7e413305d2e90ee47553a46e29cce4f6ed034c8297e511714f867,51272 4 51527 6 51783 6 52040 5 52296 5 52552 5 52808 5 53056 3 53064 5 53311 5 53319 6 53567 14 53823 14 54079 13 54336 12 54593 10 54850 9 55107 7 55365 4
1c681dfa5cf7e413305d2e90ee47553a46e29cce4f6ed034c8297e511714f867,9742 4 9995 8 10250 10 10506 11 10762 11 11019 10 11275 10 11531 9 11787 8 12044 6 12302 3 12559 1
1c681dfa5cf7e413305d2e90ee47553a46e29cce4f6ed034c8297e511714f867,251 5 507 6 762 7 1017 8 1273 8 1529 8 1786 7 2043 6 2301 4
1c681dfa5cf7e413305d2e90ee47553a46e29cce4f6ed034c8297e511714f867,6249 7 6503 11 6758 13 7013 15 7268 16 7524 17 7779 18 8035 18 8291 18 8547 18 8803 18 9059 18 9316 17 9572 17 9829 15 10085 14 10342 12 10599 10 10857 6
1c681dfa5cf7e413305d2e90ee47553a46e29cce4f6ed034c8297e511714f867,14364 4 14619 5 14875 6 15131 5 15388 3
1c681dfa5cf7e413305d2e90ee47553a46e29cce4f6ed034c8297e511714f867,52784 5 53039 7 53294 9 53550 9 53807 7
1c681dfa5cf7e413305d2e90ee47553a46e29cce4f6ed034c8297e511714f867,12305 5 12560 7 12815 9 13071 9 13327 9 13584 7 13841 5
1c681dfa5cf7e413305d2e90ee47553a46e29cce4f6ed034c8297e511714f867,3073 3 3329 4 3585 4 3841 5 4097 7 4353 8 4609 8 4868 4 5125 1
1c681dfa5cf7e413305d2e90ee47553a46e29cce4f6ed034c8297e511714f867,45561 5 45817 6 46073 7 46329 8 46585 8 46840 9 47095 10 47357 4 47614 2
1c681dfa5cf7e413305d2e90ee47553a46e29cce4f6ed034c8297e511714f867,4865 3 5121 4 5377 4 5633 4 5889 4 6145 4 6401 4 6657 3
1c681dfa5cf7e413305d2e90ee47553a46e29cce4f6ed034c8297e511714f867,20485 3 20740 5 20995 6 21251 6 21507 6 21764 4
1c681dfa5cf7e413305d2e90ee47553a46e29cce4f6ed034c8297e511714f867,28298 2 28553 8 28809 9 29065 9 29321 9 29577 9 29833 9 30090 8 30346 8 30603 7 30860 5
1c681dfa5cf7e413305d2e90ee47553a46e29cce4f6ed034c8297e511714f867,35623 5 35878 8 36133 10 36388 12 36643 13 36899 14 37155 14 37411 14 37667 14 37923 14 38179 13 38436 12 38692 12 38949 10 39206 8 39465 2
1c681dfa5cf7e413305d2e90ee47553a46e29cce4f6ed034c8297e511714f867,27393 2 27649 4 27905 5 28161 6 28417 6 28673 6 28929 6 29185 6 29441 6 29697 5
1c681dfa5cf7e413305d2e90ee47553a46e29cce4f6ed034c8297e511714f867,10174 4 10429 8 10684 10 10940 10 11195 11 11451 11 11707 11 11964 10 12220 10 12476 10 12733 8
1c681dfa5cf7e413305d2e90ee47553a46e29cce4f6ed034c8297e511714f867,31404 6 31659 8 31914 9 32170 9 32425 10 32681 10 32938 10 33194 10 33450 10 33707 9 33964 8 34220 8 34477 6
1c681dfa5cf7e413305d2e90ee47553a46e29cce4f6ed034c8297e511714f867,1346 5 1602 6 1854 10 2109 11 2365 11 2621 11 2878 9 3135 7 3392 5
1c681dfa5cf7e413305d2e90ee47553a46e29cce4f6ed034c8297e511714f867,6422 3 6677 6 6933 8 7190 8 7446 9 7702 9 7959 8 8218 4
1c681dfa5cf7e413305d2e90ee47553a46e29cce4f6ed034c8297e511714f867,22280 3 22535 5 22791 5 23047 5 23303 5 23560 3
1c681dfa5cf7e413305d2e90ee47553a46e29cce4f6ed034c8297e511714f867,49982 3 50237 5 50493 5 50749 5 51006 3
1c681dfa5cf7e413305d2e90ee47553a46e29cce4f6ed034c8297e511714f867,62166 4 62422 5 62678 5 62933 6 63189 7 63446 7 63703 6 63960 4
1c681dfa5cf7e413305d2e90ee47553a46e29cce4f6ed034c8297e511714f867,14391 3 14646 5 14902 5 15158 5 15415 3
1c681dfa5cf7e413305d2e90ee47553a46e29cce4f6ed034c8297e511714f867,1 11 257 11 513 11 769 12 1025 12 1281 11 1537 10
1c681dfa5cf7e413305d2e90ee47553a46e29cce4f6ed034c8297e511714f867,63657 4 63912 7 64167 9 64423 8 64679 8 64935 7 65192 2 65197 1
1c681dfa5cf7e413305d2e90ee47553a46e29cce4f6ed034c8297e511714f867,64446 3 64701 9 64957 10 65213 10 65469 10
1c681dfa5cf7e413305d2e90ee47553a46e29cce4f6ed034c8297e511714f867,55078 5 55332 8 55587 9 55842 10 56098 9 56354 9 56611 8 56868 7 57125 6 57382 4
1c681dfa5cf7e413305d2e90ee47553a46e29cce4f6ed034c8297e511714f867,101 11 356 13 612 13 868 13 1124 12 1381 11 1637 10 1894 8 2151 5
