1d02c4b5921e916b9ddfb2f741fd6cf8d0e571ad51eb20e021c826b5fb87350e,18616 6 18871 9 19127 10 19383 11 19639 11 19895 11 20152 9 20409 5
1d02c4b5921e916b9ddfb2f741fd6cf8d0e571ad51eb20e021c826b5fb87350e,17118 4 17373 12 17628 16 17883 18 18138 20 18393 22 18648 23 18903 25 19158 26 19414 27 19669 28 19925 28 20181 28 20437 28 20693 28 20950 27 21207 26 21464 25 21721 25 21978 24 22235 24 22492 24 22750 22 23007 21 23264 19 23522 16 23779 13 24037 8
1d02c4b5921e916b9ddfb2f741fd6cf8d0e571ad51eb20e021c826b5fb87350e,363 4 618 7 874 8 1130 10 1386 11 1643 11 1900 10 2157 9 2413 8 2670 6 2927 4
1d02c4b5921e916b9ddfb2f741fd6cf8d0e571ad51eb20e021c826b5fb87350e,10194 2 10445 9 10461 3 10700 12 10714 9 10955 29 11211 35 11466 37 11722 37 11977 38 12233 38 12490 37 12747 35 13003 35 13260 34 13517 32 13774 31 14039 21 14300 14 14559 3
1d02c4b5921e916b9ddfb2f741fd6cf8d0e571ad51eb20e021c826b5fb87350e,1990 4 2242 10 2495 14 2749 18 3004 20 3260 20 3516 21 3773 20 4029 20 4285 20 4541 20 4797 21 5053 21 5310 20 5566 20 5822 20 6078 21 6335 20 6591 20 6848 19 7105 19 7361 19 7618 18 7875 17 8132 16 8389 14 8646 12
1d02c4b5921e916b9ddfb2f741fd6cf8d0e571ad51eb20e021c826b5fb87350e,2004 5 2259 7 2514 8 2769 10 3025 10 3281 11 3537 11 3793 12 4049 12 4305 13 4561 14 4818 14 5074 14 5330 15 5586 15 5842 16 6099 16 6355 16 6611 17 6867 17 7124 17 7380 17 7636 17 7892 18 8149 17 8406 16 8663 15 8920 13 9177 11 9435 7
1d02c4b5921e916b9ddfb2f741fd6cf8d0e571ad51eb20e021c826b5fb87350e,19456 1 19711 2 19966 3 20222 3 20478 3 20734 3 20990 3 21246 3 21502 3 21758 3 22014 3 22270 3 22526 3 22782 3 23038 3 23295 2
1d02c4b5921e916b9ddfb2f741fd6cf8d0e571ad51eb20e021c826b5fb87350e,174 30 431 28 688 26 945 24 1202 23 1461 20 1720 17 1977 13 2234 8 2491 4 2748 1
1d02c4b5921e916b9ddfb2f741fd6cf8d0e571ad51eb20e021c826b5fb87350e,20691 2 20945 5 21199 8 21452 12 21701 20 21956 22 22212 23 22468 24 22725 25 22982 25 23239 25 23496 26 23754 25 24012 25 24270 30 24527 28 24784 28 25041 27 25297 28 25554 28 25811 27 26068 26 26326 24 26584 23 26842 21 27100 19 27358 17 27617 13 27875 11 28133 8 28393 2
1d02c4b5921e916b9ddfb2f741fd6cf8d0e571ad51eb20e021c826b5fb87350e,26509 2 26764 5 27019 8 27274 12 27530 13 27786 15 28042 16 28298 17 28555 18 28811 20 29068 21 29324 22 29581 22 29838 22 30095 22 30352 21 30609 20 30866 19 31122 20 31379 20 31636 19 31892 19 32149 19 32406 18 32663 17 32920 16 33178 14 33436 12 33699 4 33956 2
1d02c4b5921e916b9ddfb2f741fd6cf8d0e571ad51eb20e021c826b5fb87350e,66707 3 66962 6 67218 8 67474 9 67731 10 67988 11 68246 11 68503 13 68761 12 69019 10 69277 9 69535 8 69793 7 70050 7 70306 7 70562 7 70818 8 71074 9 71330 10 71587 10 71844 10 72101 10 72357 11 72614 11 72871 11 73128 11 73385 11 73642 12 73899 12 74156 12 74413 12 74670 12 74927 12 75184 12 75441 11 75698 11 75955 10 76212 10 76469 10 76726 10 76983 10 77240 10 77498 9 77755 9 78011 10 78268 9 78526 8 78783 8 79040 7 79297 7 79554 6 79810 6 80067 5 80324 3
1d02c4b5921e916b9ddfb2f741fd6cf8d0e571ad51eb20e021c826b5fb87350e,30168 3 30420 8 30675 10 30929 14 31184 18 31439 21 31695 22 31950 24 32205 26 32460 28 32716 28 32971 30 33227 31 33483 31 33739 32 33996 31 34253 31 34509 31 34765 31 35021 32 35278 31 35535 30 35792 28 36050 25 36307 22 36566 12 36824 7
1d02c4b5921e916b9ddfb2f741fd6cf8d0e571ad51eb20e021c826b5fb87350e,67841 1 68097 3 68353 5 68609 6 68865 8 69121 9 69377 10 69633 11 69889 11 70145 11 70401 12 70657 13 70913 14 71169 16 71425 17 71681 18 71937 19 72193 19 72449 20 72707 19 72964 21 73221 21 73478 20 73735 20 73992 21 74250 20 74507 20 74765 18 75022 18 75279 18 75536 18 75794 16 76051 16 76308 15 76565 14 76822 14 77080 14 77338 14 77595 14 77853 13 78112 11 78370 10 78628 9 78887 5
1d02c4b5921e916b9ddfb2f741fd6cf8d0e571ad51eb20e021c826b5fb87350e,28662 3 28917 8 28927 2 29172 13 29428 13 29684 13 29940 13 30196 13 30452 13 30708 13 30965 12 31221 12 31478 11 31735 10 31992 9 32248 9 32505 8 32762 7 33019 6 33277 4 33534 3 33791 2
1d02c4b5921e916b9ddfb2f741fd6cf8d0e571ad51eb20e021c826b5fb87350e,12716 4 12971 6 13225 9 13477 15 13728 22 13982 25 14237 27 14493 28 14749 28 15005 28 15261 29 15517 29 15773 30 16029 30 16285 31 16541 32 16797 32 17053 32 17309 32 17564 33 17820 33 18076 33 18332 33 18588 28 18845 21 18869 2 19103 17 19360 13 19618 7 19876 3
1d02c4b5921e916b9ddfb2f741fd6cf8d0e571ad51eb20e021c826b5fb87350e,81488 11 81744 11
1d02c4b5921e916b9ddfb2f741fd6cf8d0e571ad51eb20e021c826b5fb87350e,76545 1 76801 2 77057 3 77313 3 77569 4 77825 5 78081 6 78337 8 78593 9 78849 10 79105 11 79361 12 79617 13 79875 12 80134 9 80392 8 80649 8 80905 8 81162 7 81418 7 81675 6
