1e488c42eb1a54a3e8412b1f12cde530f950f238d71078f2ede6a85a02168e1f,74746 7 74998 11 75253 12 75507 14 75762 15 76016 17 76271 18 76526 19 76781 20 77036 21 77291 22 77546 23 77802 23 78058 23 78313 24 78569 24 78825 24 79081 24 79336 25 79592 25 79848 25 80104 25 80361 24 80617 24 80874 23 81131 22 81388 21 81644 21 81901 20
1e488c42eb1a54a3e8412b1f12cde530f950f238d71078f2ede6a85a02168e1f,39877 12 40132 14 40387 16 40642 18 40893 24 41141 33 41395 36 41649 39 41904 40 42159 42 42414 43 42669 45 42924 46 43180 47 43436 47 43691 48 43947 49 44203 49 44458 50 44714 50 44969 51 45225 51 45481 50 45736 51 45992 51 46249 50 46505 49 46761 48 47017 47 47273 46 47529 46 47785 45 48041 45 48297 45 48554 43 48811 42 49068 40 49325 39 49582 37 49841 33 50102 27 50363 21
1e488c42eb1a54a3e8412b1f12cde530f950f238d71078f2ede6a85a02168e1f,24410 14 24665 17 24921 18 25177 19 25433 20 25688 22 25944 23 26200 23 26455 25 26711 25 26967 25 27223 25 27479 25 27735 25 27991 25 28247 26 28503 26 28759 26 29015 26 29271 26 29527 26 29783 25 30039 25 30295 25 30551 24 30807 24 31063 24 31320 23 31576 23 31833 21 32090 19 32348 16
1e488c42eb1a54a3e8412b1f12cde530f950f238d71078f2ede6a85a02168e1f,13824 1 14079 2 14334 3 14589 4 14845 4 15100 5 15356 5 15611 6 15867 6 16123 6 16379 6 16635 6 16891 6 17147 6 17403 6 17659 6 17915 6 18171 6 18427 6 18683 6 18939 6 19196 5 19453 4 19709 4 19966 3 20223 2 20480 1
1e488c42eb1a54a3e8412b1f12cde530f950f238d71078f2ede6a85a02168e1f,63820 3 64075 8 64330 10 64584 14 64839 16 65094 18 65349 20 65604 22 65860 23 66115 26 66370 28 66625 30 66881 31 67137 32 67393 33 67649 35 67905 36 68161 36 68418 36 68675 37 68932 37 69189 37 69446 37 69702 38 69958 39 70214 41 70471 41 70728 41 70984 44 71241 44 71497 45 71753 46 72010 46 72267 46 72524 46 72781 46 73038 46 73295 45 73552 44 73809 43 74066 42 74322 42 74578 42 74835 41 75091 41 75348 40 75605 38 75862 37 76119 36 76376 35 76632 35 76889 33 77149 28 77407 25
1e488c42eb1a54a3e8412b1f12cde530f950f238d71078f2ede6a85a02168e1f,62607 3 62857 21 63111 26 63366 30 63620 36 63875 38 64130 41 64386 42 64642 43 64897 46 65153 48 65408 51 65664 53 65920 55 66176 57 66431 60 66687 61 66943 62 67199 62 67454 64 67710 65 67966 66 68222 67 68478 68 68734 69 68990 70 69246 70 69502 71 69759 70 70015 71 70271 72 70527 72 70783 73 71039 73 71296 72 71552 72 71809 71 72066 71 72322 71 72579 70 72835 70 73091 70 73348 69 73604 69 73861 68 74117 68 74374 67 74630 67 74887 66 75144 65 75402 63 75659 62 75916 61 76173 59 76430 58 76689 54 76946 52 77203 51 77460 49 77718 47 77976 44 78233 43 78492 39 78749 37 79006 35 79264 32 79521 30 79781 24 80039 19 80298 14 80563 2
1e488c42eb1a54a3e8412b1f12cde530f950f238d71078f2ede6a85a02168e1f,62731 5 62984 12 63233 22 63489 27 63745 30 64001 31 64257 32 64513 33 64769 34 65025 34 65281 35 65537 35 65793 35 66049 35 66305 36 66561 36 66817 36 67073 36 67329 36 67585 36 67841 36 68097 37 68353 37 68609 37 68865 37 69121 37 69377 37 69633 38 69889 39 70145 39 70401 39 70657 38 70913 38 71169 39 71425 40 71681 40 71937 39 72193 39 72449 39 72705 39 72961 39 73217 39 73473 39 73729 38 73985 37 74241 37 74497 37 74753 37 75009 36 75265 35 75521 34 75777 33 76033 32 76289 31 76545 30 76801 30 77057 29 77313 26 77569 25 77825 24 78081 23 78337 22 78593 20 78849 4 78855 13 79105 2 79114 6
1e488c42eb1a54a3e8412b1f12cde530f950f238d71078f2ede6a85a02168e1f,29 15 285 15 542 15 799 14 1055 15 1312 15 1569 14 1825 14 2082 14 2338 14 2594 14 2850 14 3107 13 3364 12 3620 12 3876 13 4132 13 4389 13 4645 13 4902 12 5158 12 5414 13 5670 13 5927 13 6183 13 6439 14 6695 15 6952 14 7208 14 7464 14 7721 13 7977 14 8233 14 8489 14 8746 13 9003 11 9259 11 9516 10 9772 9 10028 8 10284 8 10540 8 10797 7 11054 6 11310 6 11567 5 11824 3
1e488c42eb1a54a3e8412b1f12cde530f950f238d71078f2ede6a85a02168e1f,33372 6 33627 8 33637 2 33882 14 34138 14 34394 15 34650 17 34906 19 35162 20 35418 21 35674 22 35930 22 36186 23 36442 26 36698 27 36954 28 37210 28 37466 29 37723 29 37979 30 38236 30 38492 30 38748 31 39005 30 39261 31 39518 30 39774 31 40031 30 40288 29 40544 30 40801 29 41057 29 41314 28 41571 27 41828 26 42085 26 42342 25 42599 24 42857 22 43115 20 43372 18 43631 14 43889 11 44147 7
1e488c42eb1a54a3e8412b1f12cde530f950f238d71078f2ede6a85a02168e1f,66 35 322 36 578 38 834 39 1090 41 1346 42 1602 44 1858 45 2113 48 2367 52 2622 54 2878 55 3134 56 3390 57 3646 57 3902 58 4158 59 4414 59 4670 59 4926 60 5182 60 5438 61 5695 60 5951 60 6207 60 6463 60 6719 61 6975 61 7232 61 7488 61 7744 61 8000 61 8256 61 8513 60 8769 60 9026 59 9282 59 9539 58 9795 58 10051 58 10307 58 10564 57 10820 57 11076 57 11332 56 11588 56 11845 54 12102 52 12359 51 12616 50 12872 50 13129 48 13386 47 13643 45 13900 42 14157 40 14414 39 14671 37 14929 34 15186 30 15443 24 15700 22 15962 6 15972 5
