1ec74a26e772966df764e063f1391109a60d803cff9d15680093641ed691bf72,17372 9 17627 11 17882 12 18137 13 18392 13 18648 12 18904 11 19160 11 19416 10 19673 9 19929 8 20185 7 20442 6 20699 5 20956 3
1ec74a26e772966df764e063f1391109a60d803cff9d15680093641ed691bf72,28224 12 28478 15 28733 17 28988 19 29243 20 29498 22 29753 23 30009 23 30265 24 30521 24 30777 24 31033 24 31289 24 31546 23 31802 23 32059 22 32315 22 32571 22 32828 20 33085 19 33342 18 33599 17 33856 16 34113 14 34370 13 34627 12 34883 11 35140 10 35397 8 35653 8 35910 6 36166 5 36422 5 36678 4 36935 2
1ec74a26e772966df764e063f1391109a60d803cff9d15680093641ed691bf72,27113 5 27367 8 27621 12 27876 14 28132 14 28388 14 28644 14 28900 14 29156 14 29411 15 29667 15 29923 16 30179 16 30435 15 30692 14 30951 10 31209 6
1ec74a26e772966df764e063f1391109a60d803cff9d15680093641ed691bf72,10738 3 10993 5 11249 9 11505 10 11761 10 12017 10 12273 9 12529 7 12786 5
1ec74a26e772966df764e063f1391109a60d803cff9d15680093641ed691bf72,45239 9 45491 14 45746 17 46001 19 46256 22 46511 24 46767 25 47022 26 47277 27 47532 28 47788 28 48044 28 48299 29 48555 29 48811 29 49067 29 49323 28 49579 28 49835 27 50091 26 50347 26 50603 25 50859 25 51115 24 51372 22 51628 22 51885 20 52142 18 52400 15 52659 10
1ec74a26e772966df764e063f1391109a60d803cff9d15680093641ed691bf72,34750 12 35004 18 35259 20 35514 22 35770 23 36027 22 36284 21 36540 21 36797 20 37054 19 37311 18 37571 14 37829 11 38087 8
1ec74a26e772966df764e063f1391109a60d803cff9d15680093641ed691bf72,12027 1 12282 3 12536 9 12791 10 13046 11 13301 12 13557 12 13812 13 14067 14 14323 14 14579 14 14834 15 15090 15 15346 15 15603 14 15859 14 16116 13 16372 13 16628 13 16885 12 17143 10
1ec74a26e772966df764e063f1391109a60d803cff9d15680093641ed691bf72,30361 5 30616 7 30872 7 31128 8 31384 9 31640 10 31896 10 32151 12 32407 13 32663 14 32919 14 33175 15 33431 16 33687 19 33944 19 34200 20 34456 20 34712 21 34968 21 35224 21 35481 20 35739 17 35996 13 36253 11 36512 7 36769 6 37026 4 37283 2
1ec74a26e772966df764e063f1391109a60d803cff9d15680093641ed691bf72,80336 2 80588 11 80842 15 81096 19 81351 23 81607 24 81862 26
1ec74a26e772966df764e063f1391109a60d803cff9d15680093641ed691bf72,17608 8 17863 11 18119 12 18375 12 18631 13 18886 15 19140 18 19391 23 19646 24 19900 26 20154 28 20409 29 20664 30 20919 31 21175 31 21431 31 21687 31 21943 31 22199 31 22455 31 22712 30 22969 29 23225 29 23481 29 23738 27 23995 25 24252 24 24509 22 24766 20 25023 18 25281 14 25538 11 25795 9 26052 6 26309 3
1ec74a26e772966df764e063f1391109a60d803cff9d15680093641ed691bf72,4347 5 4602 7 4857 8 5113 8 5368 9 5624 9 5880 9 6136 9 6391 10 6647 10 6903 10 7159 10 7415 10 7671 10 7927 10 8183 10 8439 10 8695 10 8951 10 9207 10 9463 10 9720 9 9976 9 10232 9 10489 8 10746 7 11004 5
1ec74a26e772966df764e063f1391109a60d803cff9d15680093641ed691bf72,68512 3 68766 7 69021 10 69277 11 69533 12 69790 12 70047 11 70303 11 70559 11 70816 9 71073 7 71329 6 71586 4
1ec74a26e772966df764e063f1391109a60d803cff9d15680093641ed691bf72,11470 3 11725 7 11980 9 12236 10 12491 11 12747 12 13003 13 13259 14 13515 15 13771 15 14027 15 14283 15 14539 15 14795 14 15051 14 15308 12 15565 11 15822 9 16080 6
1ec74a26e772966df764e063f1391109a60d803cff9d15680093641ed691bf72,35303 4 35557 10 35812 12 36068 12 36323 13 36578 15 36834 15 37089 16 37345 16 37601 17 37857 17 38113 17 38368 18 38624 18 38880 17 39136 17 39392 16 39648 16 39904 16 40159 16 40415 16 40671 16 40927 15 41184 13 41440 13 41696 13 41952 13 42209 11 42466 9 42724 3
1ec74a26e772966df764e063f1391109a60d803cff9d15680093641ed691bf72,27036 3 27291 5 27546 6 27802 6 28058 6 28314 5 28571 3
1ec74a26e772966df764e063f1391109a60d803cff9d15680093641ed691bf72,46587 3 46842 5 47098 6 47354 6 47611 5 47868 3
1ec74a26e772966df764e063f1391109a60d803cff9d15680093641ed691bf72,71599 11 71853 14 72107 16 72362 18 72617 19 72872 20 73127 22 73383 23 73639 24 73894 25 74150 26 74406 26 74663 25 74920 24 75181 18 75438 17 75695 15 75951 11 76208 9 76465 8 76722 6 76979 4 77236 2
1ec74a26e772966df764e063f1391109a60d803cff9d15680093641ed691bf72,8306 3 8560 6 8815 8 9071 9 9327 11 9583 14 9840 14 10096 14 10352 14 10608 14 10864 15 11120 16 11375 18 11631 19 11887 20 12143 21 12399 21 12655 22 12911 22 13168 21 13425 19 13681 19 13937 18 14193 17 14449 16 14705 15 14961 14 15217 13 15473 11 15729 9 15985 8 16241 7 16498 4
1ec74a26e772966df764e063f1391109a60d803cff9d15680093641ed691bf72,79268 3 79522 8 79777 17 80032 19 80288 20 80543 21 80799 21 81054 21 81309 22 81564 22 81819 22
1ec74a26e772966df764e063f1391109a60d803cff9d15680093641ed691bf72,59822 5 60077 7 60332 8 60586 10 60841 10 61097 8 61353 7 61609 6 61866 4
1ec74a26e772966df764e063f1391109a60d803cff9d15680093641ed691bf72,992 2 1246 5 1501 7 1756 10 2011 12 2267 13 2523 13 2779 13 3035 13 3291 13 3547 14 3803 15 4060 15 4316 16 4573 16 4829 17 5086 16 5343 16 5599 18 5856 18 6114 16 6371 14 6631 8 6890 3
1ec74a26e772966df764e063f1391109a60d803cff9d15680093641ed691bf72,6594 8 6849 10 7105 11 7360 12 7615 14 7870 15 8124 17 8379 18 8635 18 8891 18 9147 17 9403 17 9659 16 9915 15 10171 15 10427 15 10683 14 10939 14 11195 14 11451 13 11708 12 11964 12 12220 12 12476 12 12732 12 12988 12 13244 12 13500 12 13756 11 14012 11 14269 9
1ec74a26e772966df764e063f1391109a60d803cff9d15680093641ed691bf72,10670 8 10925 10 11181 12 11437 13 11693 13 11949 14 12205 14 12461 14 12717 14 12973 14 13229 14 13486 12 13742 12 13998 11 14254 10 14511 8 14768 5
1ec74a26e772966df764e063f1391109a60d803cff9d15680093641ed691bf72,60862 6 61116 16 61371 19 61626 21 61882 22 62137 24 62392 26 62648 26 62904 27 63160 27 63416 27 63672 27 63928 27 64185 26 64441 26 64698 25 64955 24 65212 23 65469 22 65726 20 65982 20 66238 20 66495 18 66751 18 67008 16 67264 15 67521 14 67778 12 68035 9 68292 6
1ec74a26e772966df764e063f1391109a60d803cff9d15680093641ed691bf72,78201 3 78455 6 78709 8 78964 9 79220 10 79476 10 79732 11 79987 12 80242 14 80498 14 80753 15 81008 16 81264 16 81519 17 81774 17
1ec74a26e772966df764e063f1391109a60d803cff9d15680093641ed691bf72,22272 1 22524 5 22776 9 23031 10 23287 10 23543 10 23800 9 24056 9 24313 7 24569 6 24826 4 25083 2
