1f0008060150b5b93084ae2e4dabd160ab80a95ce8071a321b80ec4e33b58aca,101528 3 101883 12 102241 16 102601 17 102961 18 103321 19 103681 20 104041 20 104401 21 104761 22 105121 22 105481 23 105841 23 106201 23 106561 23 106921 23 107281 24 107641 24 108001 24 108361 24 108721 24 109081 24 109441 24 109801 24 110161 24 110521 24 110881 24 111241 24 111601 24 111961 24 112321 24 112681 24 113041 24 113401 24 113761 24 114121 24 114481 23 114841 23 115201 23 115561 23 115921 23 116281 22 116641 22 117001 22 117361 21 117721 21 118081 21 118441 20 118801 20 119161 19 119521 18 119881 17 120241 16 120601 15 120961 13 121321 12 121681 12 122041 11 122401 8 122761 7 123121 7 123481 7 123842 6 124203 4
1f0008060150b5b93084ae2e4dabd160ab80a95ce8071a321b80ec4e33b58aca,90418 18 90774 27 91133 30 91492 33 91851 36 92210 39 92569 42 92929 44 93288 46 93648 47 94007 49 94366 51 94725 53 95085 54 95444 55 95803 56 96163 57 96522 58 96882 59 97242 59 97602 59 97962 59 98322 59 98410 8 98682 59 98768 13 99042 59 99126 17 99402 58 99485 20 99762 58 99844 22 100122 58 100203 24 100482 58 100562 26 100842 58 100920 29 101202 58 101279 30 101563 57 101638 32 101923 57 101996 34 102283 56 102354 36 102644 55 102712 38 103005 54 103066 44 103366 53 103423 47 103728 50 103782 48 104092 47 104141 49 104454 96 104821 89 105182 88 105542 88 105903 87 106265 85 106627 25 106655 54 106988 23 107016 53 107349 20 107375 54 107710 13 107735 53 108072 10 108094 54 108435 3 108454 54 108814 53 109174 53 109533 54 109893 54 110253 53 110613 53 110973 53 111333 53 111693 52 112053 52 112414 50 112774 50 113134 49 113495 48 113855 47 114216 45 114577 42 114937 40 115298 38 115662 33 116025 28 116386 26 116748 22 117109 20 117469 19 117830 16 118191 11 118554 4
1f0008060150b5b93084ae2e4dabd160ab80a95ce8071a321b80ec4e33b58aca,116817 10 117175 13 117533 15 117889 20 118247 22 118606 24 118965 25 119324 27 119683 30 120043 31 120402 32 120762 33 121122 35 121481 37 121841 37 122202 37 122562 37 122922 37 123282 38 123642 39 124002 40 124362 40 124722 41 125082 42 125442 43 125802 43 126162 43 126523 43 126883 43 127243 43 127604 42 127965 41 128326 40 128688 38 129051 35 129412 33
1f0008060150b5b93084ae2e4dabd160ab80a95ce8071a321b80ec4e33b58aca,36001 14 36361 16 36721 17 37081 18 37441 18 37801 19 38161 19 38521 20 38881 20 39241 21 39601 21 39961 21 40321 21 40681 21 41041 21 41401 21 41761 21 42121 21 42481 21 42841 21 43201 21 43561 22 43921 22 44281 22 44641 23 45001 23 45361 24 45721 24 46081 24 46441 24 46801 24 47161 24 47521 24 47881 24 48241 23 48601 23 48961 22 49321 22 49681 21 50041 21 50401 20 50761 19 51121 18 51482 15 51846 9
1f0008060150b5b93084ae2e4dabd160ab80a95ce8071a321b80ec4e33b58aca,52144 7 52499 15 52858 22 53216 29 53575 34 53934 36 54293 38 54333 2 54653 43 55012 45 55372 45 55732 46 56092 47 56452 48 56812 48 57172 49 57532 49 57892 50 58252 50 58613 50 58973 51 59333 52 59693 53 60053 53 60413 53 60774 52 61134 53 61494 53 61855 52 62215 52 62576 52 62936 52 63296 52 63656 52 64015 53 64375 54 64736 53 65097 53 65458 52 65819 51 66179 51 66540 51 66900 51 67261 50 67621 50 67982 50 68343 49 68703 49 69064 48 69424 48 69785 48 70146 47 70507 46 70868 45 71228 45 71589 44 71950 43 72310 43 72671 42 73032 41 73394 38 73755 36 74120 30 74488 21 74851 17 75213 11
1f0008060150b5b93084ae2e4dabd160ab80a95ce8071a321b80ec4e33b58aca,81276 8 81634 12 81993 14 82351 17 82710 18 83068 20 83427 21 83786 22 84145 23 84504 24 84863 25 85222 25 85582 24 85941 25 86301 25 86660 25 87020 25 87379 25 87738 26 88098 26 88457 26 88817 26 89176 26 89536 25 89896 24 90255 24 90614 25 90974 24 91334 23 91694 23 92054 23 92413 24 92773 25 93133 25 93493 26 93854 24 94215 18 94579 10
1f0008060150b5b93084ae2e4dabd160ab80a95ce8071a321b80ec4e33b58aca,98927 5 99284 9 99633 21 99989 26 100348 28 100707 29 101066 30 101421 35 101781 35 102140 35 102500 35 102860 34 103220 34 103581 32 103941 31 104302 30 104665 26 105026 24 105388 21 105750 17 106113 11
1f0008060150b5b93084ae2e4dabd160ab80a95ce8071a321b80ec4e33b58aca,62381 5 62393 10 62740 6 62750 16 63096 10 63110 18 63452 38 63810 41 64169 44 64528 46 64886 48 65245 49 65604 50 65962 51 66320 53 66679 53 67037 55 67396 55 67755 55 68114 55 68473 55 68832 55 69192 54 69552 53 69912 51 70272 50 70632 50 70992 49 71352 48 71711 48 72071 47 72431 45 72790 45 73149 45 73508 44 73867 43 74227 41 74586 40 74945 39 75305 37 75665 35 76025 34 76385 32 76745 30 77105 29 77465 26 77826 22 78187 19 78549 13
1f0008060150b5b93084ae2e4dabd160ab80a95ce8071a321b80ec4e33b58aca,87 26 447 27 807 28 1167 28 1526 29 1886 30 2246 30 2606 31 2966 32 3326 33 3687 32 4047 33 4407 33 4768 33 5128 33 5488 33 5848 33 6209 32 6570 31 6930 31 7290 31 7650 31 8010 31 8371 30 8731 30 9091 30 9451 31 9811 31 10172 30 10532 30 10893 29 11253 29 11613 29 11974 28 12334 28 12695 27 13055 27 13416 26 13776 26 14136 26 14497 25 14858 24 15218 24 15578 24 15939 24 16299 24 16660 23 17020 23 17381 22 17741 21 18102 20 18463 19 18824 18 19185 17 19546 15 19907 14 20268 12 20629 9 20991 5
1f0008060150b5b93084ae2e4dabd160ab80a95ce8071a321b80ec4e33b58aca,83679 6 84035 13 84393 16 84751 20 85110 23 85469 25 85828 27 86187 28 86547 29 86906 31 87266 31 87625 33 87984 34 88344 35 88704 35 89064 36 89424 37 89784 37 90144 37 90504 37 90864 38 91224 38 91585 38 91945 38 92305 38 92666 38 93026 38 93386 38 93747 37 94107 38 94468 37 94828 38 95188 38 95549 37 95910 36 96270 37 96631 36 96991 36 97352 35 97712 35 98073 34 98434 34 98795 33 99155 33 99516 31 99876 31 100237 30 100598 29 100958 30 101319 29 101679 29 102039 29 102400 28 102761 27 103121 27 103482 26 103843 24 104204 23 104565 21 104926 19 105288 15 105650 10
1f0008060150b5b93084ae2e4dabd160ab80a95ce8071a321b80ec4e33b58aca,18591 10 18949 14 19308 16 19668 18 20028 20 20388 22 20748 23 21108 24 21468 26 21827 28 22187 28 22547 29 22907 30 23267 31 23627 32 23987 32 24347 32 24707 33 25067 33 25428 33 25788 33 26148 34 26509 33 26869 34 27229 35 27590 35 27950 35 28310 36 28671 36 29031 36 29392 36 29752 36 30113 35 30473 36 30834 36 31195 36 31555 36 31916 36 32276 37 32637 36 32998 35 33359 34 33720 33 34080 33 34440 34 34801 33 35162 32 35523 31 35884 31 36244 31 36605 30 36966 29 37328 27 37689 25 38051 23 38412 22 38773 21 39133 20 39494 18 39856 15 40218 12 40579 9
1f0008060150b5b93084ae2e4dabd160ab80a95ce8071a321b80ec4e33b58aca,40785 4 41141 13 41500 16 41859 20 42217 23 42573 28 42932 30 43292 31 43651 32 44011 33 44370 34 44730 34 45089 35 45449 35 45808 37 46168 37 46527 38 46887 39 47247 39 47606 40 47966 40 48326 41 48686 41 49045 42 49405 43 49764 45 50124 45 50483 46 50843 47 51203 47 51562 48 51922 48 52282 49 52641 50 53001 50 53361 49 53721 48 54081 47 54440 48 54800 48 55160 48 55520 48 55879 49 56239 49 56599 48 56959 47 57320 46 57680 46 58040 46 58400 45 58760 43 59120 45 59480 45 59841 44 60201 43 60562 40 60923 37 61283 35 61644 33 62004 23 62030 5 62365 16 62386 7 62726 14 62746 4 63088 8 63106 4
1f0008060150b5b93084ae2e4dabd160ab80a95ce8071a321b80ec4e33b58aca,3414 7 3771 14 4129 18 4487 21 4846 24 5205 26 5564 28 5923 30 6282 31 6641 33 7000 34 7359 36 7718 37 8078 38 8437 39 8796 40 9156 41 9515 42 9875 42 10234 43 10594 43 10954 43 11313 44 11673 44 12032 45 12392 45 12752 45 13112 45 13471 46 13831 46 14191 46 14550 46 14910 46 15270 45 15630 45 15990 45 16350 44 16710 44 17070 44 17430 44 17790 44 18151 43 18511 42 18871 42 19232 40 19593 39 19954 37 20314 37 20674 36 21035 34 21395 34 21756 32 22116 31 22477 28 22838 26 23199 23 23561 20 23924 16 24292 9 24653 9 25012 18 25371 23 25729 28 26088 30 26447 31 26806 33 27165 35 27524 37 27883 39 28243 40 28603 41 28962 42 29322 43 29681 44 30041 45 30400 46 30760 47 31120 48 31480 48 31840 48 32201 48 32561 50 32921 51 33281 52 33641 53 34001 54 34362 53 34723 53 35084 53 35445 52 35806 52 36167 54 36529 53 36891 51 37252 49 37617 3 37622 39 37987 34 38348 33 38710 31 39071 30 39432 28 39794 24 40156 21 40517 20 40879 17 41241 14 41602 12 41965 4
1f0008060150b5b93084ae2e4dabd160ab80a95ce8071a321b80ec4e33b58aca,128743 12 129102 14 129462 14
1f0008060150b5b93084ae2e4dabd160ab80a95ce8071a321b80ec4e33b58aca,44479 4 44838 8 45198 9 45558 10 45918 10 46278 10 46639 8
1f0008060150b5b93084ae2e4dabd160ab80a95ce8071a321b80ec4e33b58aca,227 29 588 26 950 19 1312 12 1675 5
1f0008060150b5b93084ae2e4dabd160ab80a95ce8071a321b80ec4e33b58aca,19441 2 19801 7 20161 14 20521 16 20881 18 21241 19 21601 20 21961 21 22321 23 22681 24 23041 24 23401 25 23761 26 24121 26 24481 27 24841 27 25201 27 25561 27 25921 27 26281 26 26641 26 27001 26 27361 26 27721 25 28081 25 28441 25 28801 25 29161 24 29521 23 29881 23 30241 22 30601 21 30961 21 31321 21 31681 20 32041 19 32401 18 32761 17 33121 16 33481 15 33841 4 33852 3
1f0008060150b5b93084ae2e4dabd160ab80a95ce8071a321b80ec4e33b58aca,8231 5 8590 8 8949 10 9308 13 9667 16 10027 17 10386 19 10745 21 11104 24 11464 25 11823 27 12182 28 12541 30 12901 31 13260 32 13619 34 13979 35 14338 36 14697 38 15057 38 15416 39 15776 39 16136 39 16495 40 16855 40 17214 41 17574 41 17934 41 18294 40 18654 40 19014 39 19375 38 19735 38 20095 37 20456 36 20816 35 21176 34 21537 32 21898 30 22258 29 22619 27 22980 25 23341 23 23703 19 24064 17 24427 11
1f0008060150b5b93084ae2e4dabd160ab80a95ce8071a321b80ec4e33b58aca,80226 12 80583 20 80605 2 80941 27 81299 30 81657 33 82016 35 82374 38 82733 40 83091 43 83448 46 83808 45 84168 44 84528 44 84888 43 85247 44 85606 44 85966 43 86326 43 86685 43 87045 43 87404 43 87764 42 88124 42 88483 42 88843 41 89202 41 89561 42 89920 42 90279 42 90639 42 90998 42 91357 42 91717 41 92077 40 92437 39 92798 37 93158 36 93519 34 93885 27 94246 26 94607 24 94968 22 95328 21 95688 20 96048 19 96409 17 96770 14 97130 11 97490 3
1f0008060150b5b93084ae2e4dabd160ab80a95ce8071a321b80ec4e33b58aca,82420 11 82777 17 83136 19 83494 23 83853 25 84212 27 84572 28 84931 30 85291 30 85650 31 86009 32 86369 32 86728 33 87088 33 87447 34 87806 35 88166 35 88525 36 88884 37 89243 38 89603 38 89962 39 90321 40 90681 40 91040 41 91399 42 91758 43 92117 44 92476 45 92835 46 93194 47 93553 48 93912 49 94272 49 94631 50 94990 51 95349 52 95709 52 96069 52 96429 52 96788 53 97147 54 97506 55 97865 56 98225 56 98585 56 98945 56 99305 56 99665 56 100025 56 100386 54 100746 51 101106 42 101466 40 101826 39 102186 39 102547 37 102908 36 103268 35 103629 34 103990 32 104351 30 104712 28 105073 26 105435 22 105796 17 106158 13
1f0008060150b5b93084ae2e4dabd160ab80a95ce8071a321b80ec4e33b58aca,55818 7 56173 13 56532 15 56890 18 57249 20 57609 21 57968 23 58327 24 58686 25 59045 27 59404 28 59763 29 60123 29 60482 31 60841 32 61201 32 61561 32 61921 32 62281 32 62641 33 63001 33 63361 33 63721 33 64081 33 64441 34 64801 34 65161 34 65521 34 65881 34 66241 34 66601 34 66961 34 67321 34 67681 34 68041 33 68401 33 68761 33 69121 32 69481 32 69841 31 70202 30 70563 28 70924 27 71285 25 71646 24 72007 22 72369 19 72730 15 73091 11 73455 4
1f0008060150b5b93084ae2e4dabd160ab80a95ce8071a321b80ec4e33b58aca,1 50 361 51 721 51 1081 50 1441 50 1801 50 2161 50 2521 50 2881 50 3241 50 3601 50 3961 49 4322 48 4684 45 5046 42 5407 41 5769 38 6130 35 6491 33 6852 30 7214 27 7575 25 7936 22 8297 19 8661 13 9024 7
1f0008060150b5b93084ae2e4dabd160ab80a95ce8071a321b80ec4e33b58aca,112193 5 112548 17 112906 23 113261 30 113620 34 113979 36 114338 38 114697 40 115056 42 115415 44 115774 46 116134 47 116493 49 116853 50 117213 51 117572 53 117932 54 118291 56 118651 57 119011 57 119372 57 119733 56 120093 56 120454 54 120814 54 121174 54 121535 53 121896 52 122256 52 122617 50 122979 48 123340 47 123702 44 124063 42 124424 40 124790 31 125159 16 125522 7
1f0008060150b5b93084ae2e4dabd160ab80a95ce8071a321b80ec4e33b58aca,3518 10 3875 17 4234 20 4592 23 4951 26 5310 28 5670 32 6029 34 6389 36 6748 40 7107 42 7466 44 7826 45 8186 45 8546 44 8906 43 9266 42 9626 41 9986 41 10346 40 10706 39 11066 38 11426 38 11786 37 12146 36 12506 35 12866 35 13226 34 13587 32 13947 32 14307 31 14668 29 15028 29 15388 28 15749 27 16109 27 16470 25 16831 24 17192 22 17553 20 17914 18 18277 14 18645 3
1f0008060150b5b93084ae2e4dabd160ab80a95ce8071a321b80ec4e33b58aca,30588 9 30946 12 31304 16 31662 19 32020 21 32379 22 32738 23 33097 24 33457 24 33816 25 34176 25 34535 26 34895 26 35254 27 35614 27 35973 28 36333 28 36693 28 37053 28 37413 28 37773 28 38133 28 38492 29 38852 29 39212 29 39572 29 39932 29 40291 30 40651 30 41011 30 41371 30 41731 30 42090 31 42450 31 42810 31 43170 31 43530 31 43891 30 44251 30 44611 30 44972 29 45332 29 45693 28 46053 28 46414 27 46775 26 47136 25 47497 24 47860 21 48223 18 48588 13 48950 11 49311 10 49672 8 50034 5
1f0008060150b5b93084ae2e4dabd160ab80a95ce8071a321b80ec4e33b58aca,93878 7 94233 13 94576 3 94589 18 94935 33 95294 34 95653 35 96013 35 96373 36 96732 38 97092 38 97452 38 97812 37 98172 36 98532 36 98892 35 99252 32 99613 20 99974 15 100336 12 100697 10 101058 8
1f0008060150b5b93084ae2e4dabd160ab80a95ce8071a321b80ec4e33b58aca,71131 15 71490 17 71848 20 72207 22 72566 24 72925 26 73284 27 73643 29 74002 31 74362 31 74722 31 75081 32 75441 32 75800 33 76160 33 76519 35 76879 35 77239 35 77599 34 77958 35 78318 35 78678 35 79038 35 79397 35 79757 35 80117 35 80476 35 80836 35 81196 35 81556 34 81916 34 82276 33 82636 33 82996 33 83356 32 83716 31 84076 31 84437 29 84797 28 85157 27 85518 25 85878 25 86239 23 86599 22 86960 19 87320 18 87681 15 88043 10 88404 6
