1f6b7cead15344593b32d5f2345fc26713dc74d9b31306c824209d67da401fd8,42772 9 43289 14 43808 17 44326 20 44845 21 45363 23 45882 25 46401 26 46920 28 47439 30 47959 30 48478 32 48998 32 49517 33 50037 32 50556 33 51076 32 51596 30 52115 30 52635 29 53155 28 53675 28 54195 27 54715 27 55235 27 55755 27 56275 27 56796 25 57316 25 57836 24 58356 24 58876 24 59397 22 59918 20 60439 17 60960 13 61481 11 62003 7
1f6b7cead15344593b32d5f2345fc26713dc74d9b31306c824209d67da401fd8,251983 5 252501 9 253020 12 253540 15 254060 17 254579 20 255099 21 255619 23 256138 25 256658 26 257179 27 257699 28 258219 28 258740 28 259261 28 259782 27 260302 28 260823 27 261344 27 261865 26 262386 25 262907 24 263429 22 263950 22 264471 21 264993 19 265514 18 266035 17 266557 14 267078 13 267600 10 268122 7
1f6b7cead15344593b32d5f2345fc26713dc74d9b31306c824209d67da401fd8,34533 16 35050 20 35568 24 36086 27 36605 29 37125 30 37644 32 38163 34 38683 34 39203 34 39723 34 40243 34 40763 33 41283 33 41803 33 42324 31 42844 30 43365 27 43886 25 44407 22 44928 19 45450 15 45974 7
1f6b7cead15344593b32d5f2345fc26713dc74d9b31306c824209d67da401fd8,499 22 1019 22 1539 22 2059 22 2579 22 3099 22 3619 22 4140 21 4660 21 5180 21 5701 19 6221 18 6742 15 7263 13 7784 11 8307 4
1f6b7cead15344593b32d5f2345fc26713dc74d9b31306c824209d67da401fd8,218159 13 218676 20 219194 24 219713 26 220232 28 220751 29 221270 31 221790 32 222310 32 222829 34 223349 35 223869 35 224389 36 224909 36 225429 37 225949 37 226470 36 226991 35 227511 35 228032 34 228554 32 229076 30 229598 28 230121 25 230643 22 231166 19 231688 16 232210 11
1f6b7cead15344593b32d5f2345fc26713dc74d9b31306c824209d67da401fd8,140072 1 140591 3 141106 9 141624 12 142143 14 142662 16 143182 17 143701 19 144221 19 144740 20 145260 20 145779 21 146299 21 146818 22 147336 24 147855 25 148373 27 148891 29 149410 30 149929 31 150448 31 150967 32 151486 32 152005 32 152525 31 153044 31 153563 32 154083 31 154603 30 155122 31 155641 32 156160 32 156679 33 157199 33 157718 33 158238 32 158759 30 159279 29 159800 26 160320 25 160841 23 161362 22 161884 19 162406 15 162928 12 163450 6
1f6b7cead15344593b32d5f2345fc26713dc74d9b31306c824209d67da401fd8,61579 3 62097 9 62615 12 63133 15 63651 18 64170 20 64689 22 65208 24 65728 25 66247 27 66767 28 67287 29 67807 30 68327 31 68846 32 69366 33 69886 33 70406 33 70927 32 71447 32 71967 31 72488 29 73009 27 73530 25 74051 24 74572 22 75094 17 75615 14 76136 10 76659 6
1f6b7cead15344593b32d5f2345fc26713dc74d9b31306c824209d67da401fd8,264040 5 264556 10 265073 14 265591 17 266110 19 266629 20 267148 21 267667 22 268185 24 268704 25 269221 28 269738 31 270257 32 270776 32 271295 30 271815 27 272335 25 272855 23 273375 22 273896 20 274417 18 274938 16 275459 13 275980 8
1f6b7cead15344593b32d5f2345fc26713dc74d9b31306c824209d67da401fd8,205383 7 205902 11 206420 16 206439 2 206939 22 207459 22 207978 23 208498 23 209017 24 209537 24 210057 24 210577 24 211097 24 211617 24 212138 23 212658 23 213178 23 213698 23 214219 22 214740 19 215261 15 215782 12 216304 7
1f6b7cead15344593b32d5f2345fc26713dc74d9b31306c824209d67da401fd8,296274 7 296792 11 297311 15 297830 19 298349 22 298869 23 299389 24 299908 26 300428 27 300949 27 301469 27 301989 28 302509 28 303030 28 303550 28 304071 27 304592 26 305113 25 305635 23 306156 21 306677 19 307199 16 307722 11 308245 7
1f6b7cead15344593b32d5f2345fc26713dc74d9b31306c824209d67da401fd8,250 21 770 21 1291 19
1f6b7cead15344593b32d5f2345fc26713dc74d9b31306c824209d67da401fd8,318663 5 319181 8 319699 12 320218 14 320735 18 321253 20 321771 22 322290 24 322809 25 323328 26 323848 26 324368 26 324888 26 325408 26 325928 26 326448 25 326968 25 327489 23 328009 23 328530 21 329051 20 329572 18 330092 17 330613 15 331134 13 331656 9 332178 4
1f6b7cead15344593b32d5f2345fc26713dc74d9b31306c824209d67da401fd8,292266 7 292785 10 293303 13 293822 15 294340 17 294859 19 295378 21 295897 22 296417 22 296937 23 297456 24 297976 24 298496 25 299016 25 299536 25 300056 25 300575 26 301095 25 301615 25 302136 24 302656 24 303176 24 303696 23 304216 23 304736 23 305257 21 305777 20 306298 18 306819 16 307340 14 307861 11 308384 5
1f6b7cead15344593b32d5f2345fc26713dc74d9b31306c824209d67da401fd8,311815 8 312333 11 312852 14 313371 16 313890 18 314410 19 314930 19 315450 20 315970 20 316491 19 317011 20 317531 20 318051 20 318572 20 319092 20 319612 20 320132 20 320653 19 321173 19 321694 18 322214 18 322734 18 323255 17 323775 17 324296 15 324817 14 325338 12 325859 11 326380 9 326902 3
1f6b7cead15344593b32d5f2345fc26713dc74d9b31306c824209d67da401fd8,214980 3 215499 7 216017 10 216536 12 217055 14 217574 16 218083 4 218089 21 218601 30 219120 31 219639 33 220158 34 220676 36 221194 38 221713 38 222231 40 222750 40 223269 40 223788 40 224307 40 224826 40 225346 39 225866 37 226385 36 226905 34 227425 31 227945 28 228465 27 228986 24 229506 20 230027 16 230548 11 231071 4
1f6b7cead15344593b32d5f2345fc26713dc74d9b31306c824209d67da401fd8,202433 6 202952 9 203471 11 203990 13 204505 19 205022 22 205540 25 206059 26 206578 28 207097 29 207617 29 208136 30 208656 30 209176 30 209696 29 210216 29 210736 29 211256 28 211776 28 212296 28 212817 26 213338 25 213858 25 214379 24 214899 24 215420 23 215941 21 216463 19 216984 17 217507 13 218028 11 218550 7
1f6b7cead15344593b32d5f2345fc26713dc74d9b31306c824209d67da401fd8,3169 14 3686 20 4205 24 4724 27 5243 30 5761 33 6280 35 6800 36 7320 36 7839 37 8358 38 8877 39 9397 39 9917 39 10436 40 10956 40 11475 40 11995 40 12515 39 13035 38 13555 38 14075 37 14595 36 15115 35 15635 33 16155 32 16676 29 17196 27 17717 25 18238 21 18760 16 19281 7
1f6b7cead15344593b32d5f2345fc26713dc74d9b31306c824209d67da401fd8,7988 2 8506 8 9025 11 9541 16 10057 21 10574 25 11092 27 11611 29 12130 30 12649 31 13168 33 13687 34 14207 34 14726 35 15246 35 15766 35 16286 34 16806 33 17327 31 17847 31 18368 29 18889 27 19410 24 19931 22 20453 19 20987 3
1f6b7cead15344593b32d5f2345fc26713dc74d9b31306c824209d67da401fd8,144434 8 144952 14 145471 16 145990 19 146510 20 147030 21 147549 22 148069 23 148589 23 149109 23 149629 23 150149 23 150669 23 151190 22 151710 22 152230 22 152751 21 153271 21 153792 20 154312 20 154833 19 155353 19 155873 19 156394 18 156914 18 157435 16 157956 15 158476 15 158997 14 159517 13 160038 11 160559 9 161081 6
1f6b7cead15344593b32d5f2345fc26713dc74d9b31306c824209d67da401fd8,48929 3 49444 10 49962 13 50480 16 50998 19 51517 21 52036 23 52555 24 53074 25 53594 26 54113 27 54633 27 55152 28 55672 28 56192 27 56711 28 57231 28 57751 27 58270 27 58790 27 59310 26 59830 26 60349 26 60869 25 61389 25 61909 24 62429 23 62949 23 63469 22 63989 21 64510 19 65030 17 65551 14 66072 9 66594 3
1f6b7cead15344593b32d5f2345fc26713dc74d9b31306c824209d67da401fd8,360076 5 360594 9 361113 11 361633 11
1f6b7cead15344593b32d5f2345fc26713dc74d9b31306c824209d67da401fd8,121655 8 122174 13 122693 16 123212 18 123731 20 124251 22 124771 23 125291 24 125811 25 126331 27 126851 28 127371 28 127891 29 128412 29 128933 28 129454 27 129975 25 130497 22 131018 21 131540 18 132062 15
1f6b7cead15344593b32d5f2345fc26713dc74d9b31306c824209d67da401fd8,270704 8 271222 11 271741 13 272259 16 272778 18 273297 19 273816 21 274335 22 274855 22 275375 22 275895 22 276415 22 276936 21 277457 19 277977 18 278498 16 279019 14 279541 11 280065 5
1f6b7cead15344593b32d5f2345fc26713dc74d9b31306c824209d67da401fd8,90 35 610 35 1131 33 1652 31 2172 30 2692 27 3213 25 3735 22 4256 10 4268 6 4778 4
1f6b7cead15344593b32d5f2345fc26713dc74d9b31306c824209d67da401fd8,218476 7 218994 10 219513 12 220033 13 220552 15 221072 15 221591 17 222111 18 222630 19 223150 20 223669 21 224189 21 224708 22 225228 23 225748 23 226268 23 226788 23 227308 23 227829 22 228349 22 228869 22 229390 21 229911 20 230431 20 230951 19 231471 19 231992 18 232512 18 233032 18 233552 18 234073 16 234593 16 235114 14 235635 13 236156 11 236677 9 237198 6
1f6b7cead15344593b32d5f2345fc26713dc74d9b31306c824209d67da401fd8,287535 11 288052 16 288570 20 289089 24 289608 27 290127 29 290646 31 291166 32 291686 32 292205 34 292725 34 293245 34 293765 34 294285 35 294805 35 295326 34 295846 34 296366 34 296887 32 297408 31 297929 29 298450 27 298972 23 299494 19 300017 9
1f6b7cead15344593b32d5f2345fc26713dc74d9b31306c824209d67da401fd8,105306 8 105824 12 106343 14 106862 15 107381 17 107900 19 108419 20 108939 20 109458 22 109978 22 110498 23 111018 23 111538 24 112058 24 112578 25 113097 26 113618 25 114139 25 114660 24 115180 24 115701 23 116222 22 116743 21 117264 20 117784 19 118305 17 118825 16 119345 15 119865 13 120388 8
1f6b7cead15344593b32d5f2345fc26713dc74d9b31306c824209d67da401fd8,164565 12 165084 15 165602 18 166121 21 166640 23 167160 23 167679 25 168199 25 168718 27 169238 27 169758 28 170278 28 170798 29 171318 29 171838 29 172358 29 172878 30 173398 30 173918 30 174438 29 174958 29 175478 28 175998 28 176519 27 177039 27 177559 27 178080 26 178600 26 179120 26 179640 26 180161 25 180681 24 181202 23 181722 23 182243 22 182764 21 183284 21 183805 20 184326 18 184847 17 185368 15 185889 13 186410 11 186932 6
1f6b7cead15344593b32d5f2345fc26713dc74d9b31306c824209d67da401fd8,90697 7 91215 12 91733 16 92250 21 92768 25 93287 27 93806 28 94326 29 94845 31 95365 31 95885 32 96404 33 96924 33 97444 33 97964 33 98483 34 99003 34 99523 34 100043 34 100563 33 101083 32 101603 31 102123 30 102644 27 103165 23 103687 11
1f6b7cead15344593b32d5f2345fc26713dc74d9b31306c824209d67da401fd8,148042 6 148560 10 149079 13 149598 15 150118 16 150638 17 151157 19 151677 20 152197 21 152717 22 153237 22 153757 22 154277 23 154797 23 155318 22 155838 23 156358 23 156879 22 157399 22 157919 22 158440 20 158960 20 159481 19 160001 18 160522 17 161043 15 161564 13 162085 11 162610 3
1f6b7cead15344593b32d5f2345fc26713dc74d9b31306c824209d67da401fd8,50311 7 50829 14 51348 17 51867 20 52387 22 52906 25 53426 27 53946 28 54466 29 54987 30 55507 31 56027 33 56548 33 57069 33 57589 34 58110 34 58630 34 59151 33 59672 32 60194 30 60715 29 61236 28 61757 26 62278 24 62800 21 63321 19 63842 17 64366 8 64376 2
1f6b7cead15344593b32d5f2345fc26713dc74d9b31306c824209d67da401fd8,140434 8 140953 11 141472 13 141990 16 142509 18 143028 19 143547 21 144066 22 144586 22 145106 23 145625 24 146145 25 146665 25 147184 26 147704 26 148224 26 148744 27 149264 28 149784 27 150304 21 150825 19 151345 18 151866 16 152386 14 152906 13 153427 11 153948 9 154469 7 154992 4 155513 2
1f6b7cead15344593b32d5f2345fc26713dc74d9b31306c824209d67da401fd8,84841 11 85360 14 85878 18 86397 21 86917 23 87436 25 87956 26 88476 29 88996 30 89515 33 90035 34 90555 35 91076 34 91596 35 92116 36 92637 35 93157 35 93678 34 94199 33 94721 31 95243 29 95766 26 96289 22 96811 20 97333 17 97855 14 98377 10 98899 6
1f6b7cead15344593b32d5f2345fc26713dc74d9b31306c824209d67da401fd8,341987 4 342504 10 343023 12 343542 14 344061 15 344580 17 345100 17 345620 17 346139 18 346658 19 347177 20 347696 21 348215 21 348734 22 349253 23 349772 24 350291 25 350811 24 351330 25 351849 25 352368 26 352888 26 353407 26 353926 26 354446 26 354966 26 355485 26 356005 26 356525 25 357045 24 357565 23 358086 21 358606 20 359127 18 359648 16 360169 14 360690 12 361211 9 361732 7
1f6b7cead15344593b32d5f2345fc26713dc74d9b31306c824209d67da401fd8,1 8 521 8 1041 7 1561 6 2081 5 2601 3
1f6b7cead15344593b32d5f2345fc26713dc74d9b31306c824209d67da401fd8,335407 8 335922 19 336441 21 336961 22 337481 23 338001 24 338521 24 339041 24 339561 24 340081 24 340601 24 341121 23 341641 22 342161 21 342681 20 343201 19 343721 17 344241 14 344761 9 345281 6
1f6b7cead15344593b32d5f2345fc26713dc74d9b31306c824209d67da401fd8,78247 3 78763 9 79282 12 79801 14 80320 16 80840 16 81359 18 81879 18 82398 20 82917 21 83437 21 83957 22 84476 23 84996 23 85516 24 86036 24 86555 25 87075 25 87595 25 88115 25 88635 25 89155 25 89676 23 90197 22 90717 22 91238 21 91758 20 92278 20 92798 20 93318 19 93838 18 94359 16 94880 14 95401 12 95923 8
1f6b7cead15344593b32d5f2345fc26713dc74d9b31306c824209d67da401fd8,114992 14 115507 21 116026 24 116544 27 117063 30 117581 33 118100 35 118619 37 119138 39 119656 42 120175 44 120694 45 121214 46 121733 47 122253 47 122773 47 123293 46 123814 45 124334 45 124855 44 125376 42 125897 41 126419 38 126941 35 127465 30 127989 25 128514 18
1f6b7cead15344593b32d5f2345fc26713dc74d9b31306c824209d67da401fd8,341425 5 341940 14 342457 18 342975 21 343494 23 344012 25 344531 26 345050 27 345569 28 346088 28 346607 29 347126 30 347646 29 348165 30 348684 31 349204 30 349723 30 350243 30 350762 30 351282 29 351801 29 352321 28 352841 27 353360 27 353880 27 354400 26 354920 25 355440 24 355960 24 356480 23 357000 22 357520 22 358040 21 358560 20 359081 18 359601 17 360121 16 360641 15 361162 13 361683 11
1f6b7cead15344593b32d5f2345fc26713dc74d9b31306c824209d67da401fd8,206812 6 207329 11 207848 14 208366 17 208884 20 209403 22 209922 25 210438 31 210956 34 211475 35 211995 36 212514 38 213034 39 213553 40 214073 40 214593 41 215113 41 215633 40 216154 39 216674 38 217195 35 217716 30 218237 27 218758 24 219280 20 219802 17
1f6b7cead15344593b32d5f2345fc26713dc74d9b31306c824209d67da401fd8,121534 7 122052 10 122571 13 123090 15 123609 17 124129 18 124648 19 125168 20 125688 21 126208 22 126728 23 127248 24 127768 25 128288 26 128808 27 129328 28 129848 29 130369 29 130889 30 131410 30 131930 31 132451 30 132971 31 133492 31 134013 30 134534 29 135054 30 135575 29 136096 28 136618 26 137139 25 137660 23 138182 20 138704 17 139228 12 139751 6
1f6b7cead15344593b32d5f2345fc26713dc74d9b31306c824209d67da401fd8,147396 5 147913 11 148431 15 148949 19 149468 21 149987 23 150506 25 151025 27 151545 28 152065 29 152585 30 153105 31 153625 32 154145 32 154665 33 155185 33 155705 34 156225 34 156745 35 157266 34 157786 34 158306 34 158827 34 159348 33 159868 32 160389 31 160910 30 161431 28 161952 26 162473 24 162994 22 163515 20 164043 12 164564 1
1f6b7cead15344593b32d5f2345fc26713dc74d9b31306c824209d67da401fd8,156669 6 157187 10 157706 12 158225 13 158744 15 159263 16 159783 17 160302 18 160822 19 161342 20 161862 20 162382 20 162902 20 163422 20 163942 20 164462 20 164983 19 165503 18 166024 16 166544 16 167065 14 167587 11 168108 8
1f6b7cead15344593b32d5f2345fc26713dc74d9b31306c824209d67da401fd8,303638 5 304157 8 304676 13 305196 19 305715 24 306235 25 306755 28 307275 29 307795 31 308315 32 308836 32 309358 30 309879 30 310400 29 310920 29 311441 28 311962 27 312484 25 313005 23 313526 21 314046 20 314567 18 315087 17 315608 15 316130 11
1f6b7cead15344593b32d5f2345fc26713dc74d9b31306c824209d67da401fd8,280079 4 280598 6 281117 8 281636 12 282155 15 282674 17 283193 19 283713 20 284232 21 284752 22 285271 23 285791 23 286311 23 286830 24 287349 25 287869 25 288388 26 288907 26 289426 27 289946 26 290465 26 290984 26 291504 25 292024 25 292544 24 293064 24 293584 23 294105 21 294626 18 295147 16 295669 13 296191 6
1f6b7cead15344593b32d5f2345fc26713dc74d9b31306c824209d67da401fd8,84599 8 85115 15 85632 21 86150 24 86669 26 87188 28 87707 29 88227 30 88746 31 89265 32 89784 33 90303 34 90822 35 91342 35 91861 35 92380 36 92900 36 93419 36 93939 36 94459 35 94979 35 95499 34 96020 33 96540 32 97061 30 97581 29 98102 27 98624 24 99145 22 99668 17 100189 13
1f6b7cead15344593b32d5f2345fc26713dc74d9b31306c824209d67da401fd8,220824 8 221343 13 221862 15 222381 17 222901 18 223420 20 223940 21 224460 22 224980 23 225500 23 226020 23 226540 24 227061 23 227581 24 228101 24 228622 23 229142 23 229663 23 230184 22 230705 21 231225 21 231746 19 232267 18 232788 17 233309 15 233830 13 234352 11 234873 10
1f6b7cead15344593b32d5f2345fc26713dc74d9b31306c824209d67da401fd8,269883 6 270401 10 270921 11 271441 11 271961 12 272481 13 273001 13 273521 13 274041 13 274561 13 275081 13 275601 13 276121 13 276641 12 277161 12 277681 12 278201 12 278721 11 279241 11 279761 10 280281 9 280801 9 281321 8 281841 7 282361 7 282881 6 283401 6 283921 5 284441 4 284961 3 285481 3 286001 2
1f6b7cead15344593b32d5f2345fc26713dc74d9b31306c824209d67da401fd8,188556 6 189074 10 189593 12 190112 14 190632 15 191151 17 191670 19 192190 19 192709 21 193229 21 193748 23 194268 23 194788 24 195307 26 195827 26 196347 27 196867 28 197387 28 197907 29 198427 29 198947 30 199468 29 199989 28 200509 29 201030 28 201550 28 202070 28 202590 28 203110 28 203630 28 204150 28 204670 28 205190 28 205711 26 206231 26 206752 25 207272 24 207793 23 208313 23 208834 21 209355 20 209876 18 210397 16 210918 14 211440 11 211962 7
1f6b7cead15344593b32d5f2345fc26713dc74d9b31306c824209d67da401fd8,319026 6 319545 9 320064 11 320583 13 321102 15 321621 16 322140 18 322659 19 323179 20 323698 21 324217 23 324737 23 325256 24 325776 25 326295 26 326815 26 327334 28 327854 28 328374 28 328893 29 329413 29 329933 29 330453 29 330973 28 331493 28 332013 28 332533 28 333053 27 333574 26 334094 25 334615 23 335135 23 335656 21 336177 18 336698 16 337219 13 337741 9 338263 5
1f6b7cead15344593b32d5f2345fc26713dc74d9b31306c824209d67da401fd8,14671 10 15188 18 15706 22 16224 26 16743 28 17262 30 17781 32 18301 33 18820 34 19340 35 19860 35 20380 35 20900 35 21420 35 21940 35 22461 33 22981 33 23502 32 24023 30 24544 29 25065 27 25588 23 26111 18 26634 12
1f6b7cead15344593b32d5f2345fc26713dc74d9b31306c824209d67da401fd8,157155 10 157674 14 158193 17 158712 19 159231 22 159751 23 160270 27 160790 29 161310 30 161830 32 162350 32 162870 32 163390 32 163910 32 164430 32 164950 33 165470 33 165989 35 166509 35 167029 35 167549 34 168070 33 168590 32 169111 31 169631 31 170152 16 170170 11 170673 14 170691 8 171201 5 171213 4 171722 3
1f6b7cead15344593b32d5f2345fc26713dc74d9b31306c824209d67da401fd8,254663 3 255182 6 255699 13 256218 16 256738 17 257257 19 257775 22 258293 25 258812 27 259331 28 259850 29 260367 32 260886 33 261405 34 261925 33 262444 34 262964 34 263484 33 264005 32 264525 31 265045 28 265565 26 266085 25 266605 24 267126 5 267134 14 267647 2 267655 12 268178 7 268699 5 269219 2
1f6b7cead15344593b32d5f2345fc26713dc74d9b31306c824209d67da401fd8,97918 7 98437 12 98955 16 99473 19 99990 23 100509 25 101028 27 101548 28 102067 29 102587 30 103106 32 103626 33 104146 33 104666 34 105186 34 105707 34 106227 34 106748 33 107268 33 107789 32 108309 32 108829 32 109350 32 109870 32 110391 31 110911 31 111431 31 111951 31 112471 31 112991 30 113512 29 114033 27 114553 27 115074 25 115594 24 116114 23 116635 21 117156 19 117677 17 118198 15 118719 12 119242 7
1f6b7cead15344593b32d5f2345fc26713dc74d9b31306c824209d67da401fd8,179442 8 179960 13 180479 16 180998 18 181517 20 182036 22 182555 23 183074 25 183594 26 184113 28 184633 28 185152 30 185672 30 186192 30 186711 32 187231 32 187751 32 188271 32 188790 34 189310 34 189830 34 190350 34 190869 35 191389 35 191909 35 192429 35 192948 36 193468 35 193987 36 194507 36 195027 36 195547 36 196067 36 196587 35 197108 34 197628 34 198148 34 198668 33 199189 31 199710 30 200231 28 200752 27 201274 24 201797 20 202319 18 202840 16 203361 13 203885 3
1f6b7cead15344593b32d5f2345fc26713dc74d9b31306c824209d67da401fd8,22279 4 22797 9 23316 11 23835 14 24354 17 24873 20 25393 21 25912 23 26432 23 26952 24 27472 24 27991 25 28511 26 29031 26 29550 27 30070 27 30590 27 31110 27 31630 27 32150 27 32670 27 33191 25 33711 25 34231 25 34751 25 35271 25 35791 24 36312 23 36832 22 37352 22 37872 21 38393 20 38913 19 39433 18 39954 16 40475 15 40995 14 41516 12 42037 10 42560 3
1f6b7cead15344593b32d5f2345fc26713dc74d9b31306c824209d67da401fd8,61673 7 62191 11 62710 13 63229 14 63748 16 64267 17 64787 18 65306 19 65826 20 66345 21 66864 22 67384 22 67903 23 68422 24 68941 26 69460 27 69980 27 70499 28 71019 28 71538 29 72057 30 72577 29 73096 30 73616 30 74135 31 74655 31 75175 30 75695 30 76215 30 76734 30 77254 30 77774 29 78294 28 78814 28 79334 27 79854 27 80374 26 80894 25 81415 23 81936 21 82456 20 82977 18 83499 14 84020 10 84545 2
1f6b7cead15344593b32d5f2345fc26713dc74d9b31306c824209d67da401fd8,162752 4 163269 9 163787 13 164306 15 164825 16 165343 18 165862 19 166382 19 166901 20 167420 21 167939 22 168458 23 168977 24 169497 24 170016 25 170535 26 171055 26 171574 27 172094 27 172613 28 173132 28 173651 28 174170 29 174689 29 175209 28 175728 28 176247 28 176767 27 177287 25 177807 24 178326 24 178846 23 179366 22 179887 19 180407 17 180928 15 181449 12 181972 7
1f6b7cead15344593b32d5f2345fc26713dc74d9b31306c824209d67da401fd8,199085 4 199597 17 200113 23 200632 26 201151 29 201670 31 202190 32 202709 34 203229 35 203749 37 204269 38 204789 38 205309 39 205829 40 206350 39 206871 38 207391 38 207911 38 208432 37 208952 36 209473 34 209994 32 210515 30 211036 27 211557 24 212079 19 212602 13
1f6b7cead15344593b32d5f2345fc26713dc74d9b31306c824209d67da401fd8,305765 6 306284 9 306802 12 307321 14 307841 15 308361 17 308881 18 309401 19 309921 19 310441 20 310961 20 311481 21 312001 21 312521 21 313041 21 313561 21 314081 21 314601 21 315121 21 315641 20 316161 20 316681 19 317201 19 317721 18 318241 17 318761 16 319281 15 319804 11 320327 5
1f6b7cead15344593b32d5f2345fc26713dc74d9b31306c824209d67da401fd8,267279 2 267798 3 268317 4 268837 4 269356 5 269876 5 270396 5 270916 5 271437 4 271957 4 272477 4 272997 4 273518 3 274038 3 274559 2
1f6b7cead15344593b32d5f2345fc26713dc74d9b31306c824209d67da401fd8,311265 3 311781 10 312300 12 312819 14 313338 16 313858 17 314378 17 314897 18 315417 18 315937 18 316457 17 316976 18 317496 18 318016 17 318537 16 319057 17 319577 17 320098 14 320619 11 321140 2
1f6b7cead15344593b32d5f2345fc26713dc74d9b31306c824209d67da401fd8,146759 5 147278 7 147797 9 148317 9 148837 10 149358 9 149879 8 150400 7 150921 6 151442 4 151963 2
1f6b7cead15344593b32d5f2345fc26713dc74d9b31306c824209d67da401fd8,25331 11 25850 14 26369 17 26888 20 27408 21 27928 23 28448 24 28968 25 29488 26 30008 27 30529 27 31049 28 31570 28 32090 29 32610 30 33131 30 33651 30 34172 30 34692 31 35213 31 35734 30 36255 30 36776 29 37297 29 37818 28 38339 27 38860 27 39381 26 39902 25 40423 24 40944 23 41465 21 41986 20 42508 17 43030 14 43553 10
1f6b7cead15344593b32d5f2345fc26713dc74d9b31306c824209d67da401fd8,325611 6 326130 13 326650 14 327170 15 327690 16 328211 15 328731 15 329250 16 329770 16 330290 16 330810 15 331330 15 331850 14 332371 12 332893 7
1f6b7cead15344593b32d5f2345fc26713dc74d9b31306c824209d67da401fd8,350409 3 350926 9 351444 13 351963 16 352482 18 353002 19 353521 21 354041 22 354561 23 355081 23 355601 24 356121 25 356641 25 357162 25 357682 25 358202 25 358722 26 359243 25 359763 25 360284 25 360804 25 361325 24 361845 24
1f6b7cead15344593b32d5f2345fc26713dc74d9b31306c824209d67da401fd8,398 27 917 28 1437 28 1957 29 2478 28 2998 28 3518 28 4038 28 4558 28 5078 28 5597 29 6117 29 6637 28 7156 29 7676 29 8196 29 8716 28 9236 28 9756 28 10275 28 10795 28 11315 27 11835 26 12355 25 12876 24 13396 23 13916 23 14437 21 14957 20 15478 18 15998 17 16519 14 17041 10 17566 2
1f6b7cead15344593b32d5f2345fc26713dc74d9b31306c824209d67da401fd8,41421 3 41938 8 42457 10 42976 13 43495 15 44014 17 44534 18 45054 18 45574 19 46094 20 46614 21 47134 21 47654 21 48174 21 48694 22 49214 22 49734 23 50255 22 50775 23 51295 23 51815 23 52335 23 52856 22 53376 22 53896 22 54417 21 54937 21 55458 20 55978 20 56498 20 57019 18 57540 17 58060 17 58581 16 59102 14 59622 13 60143 12 60664 10 61186 7
1f6b7cead15344593b32d5f2345fc26713dc74d9b31306c824209d67da401fd8,149293 7 149811 10 150325 17 150844 18 151363 19 151882 20 152400 22 152919 23 153438 23 153957 24 154476 25 154996 24 155515 25 156034 25 156554 25 157074 24 157594 23 158114 23 158634 22 159154 22 159674 21 160194 21 160714 20 161234 20 161755 18 162275 18 162796 16 163317 14 163838 12 164359 10 164880 7
1f6b7cead15344593b32d5f2345fc26713dc74d9b31306c824209d67da401fd8,185255 6 185772 12 186290 15 186808 18 187326 21 187843 25 188360 28 188877 32 189395 34 189914 36 190433 37 190952 38 191471 39 191990 40 192510 39 193029 40 193549 39 194069 38 194589 37 195109 36 195630 34 196150 33 196670 30 197191 28 197712 25 198233 23 198755 19 199277 14 199799 6
1f6b7cead15344593b32d5f2345fc26713dc74d9b31306c824209d67da401fd8,277926 5 278442 12 278959 16 279478 18 279996 20 280515 21 281034 22 281553 23 282072 23 282592 23 283112 22 283631 23 284151 23 284671 23 285191 21 285711 19 286231 17 286751 16 287271 16 287792 14 288313 13 288834 12 289355 10 289876 5
1f6b7cead15344593b32d5f2345fc26713dc74d9b31306c824209d67da401fd8,234146 6 234664 11 235182 14 235701 16 236220 18 236740 18 237259 20 237779 20 238293 26 238812 27 239331 28 239850 29 240369 30 240888 31 241408 30 241927 31 242446 31 242966 30 243486 28 244006 27 244525 27 245045 26 245565 25 246085 24 246605 23 247124 23 247644 22 248164 21 248684 20 249204 20 249724 19 250244 18 250764 18 251284 17 251804 16 252325 14 252845 13 253366 11 253887 9 254409 5
1f6b7cead15344593b32d5f2345fc26713dc74d9b31306c824209d67da401fd8,298018 8 298536 13 299053 17 299572 18 300091 20 300610 21 301129 22 301648 23 302168 23 302687 24 303206 25 303725 26 304244 27 304764 27 305283 28 305802 29 306322 29 306841 29 307361 29 307880 30 308400 29 308919 30 309439 29 309958 30 310478 29 310997 30 311517 30 312036 30 312556 29 313076 28 313596 27 314116 26 314636 26 315156 26 315677 24 316197 21 316717 20 317238 18 317759 15 318280 12 318802 8
1f6b7cead15344593b32d5f2345fc26713dc74d9b31306c824209d67da401fd8,269497 3 270014 8 270531 12 271050 14 271568 17 272087 18 272606 19 273125 20 273644 22 274163 23 274682 24 275202 24 275721 25 276241 24 276761 24 277280 25 277800 24 278320 24 278840 24 279359 25 279879 24 280399 24 280918 24 281438 23 281958 23 282477 24 282997 23 283517 23 284037 22 284558 21 285078 20 285599 15 286122 9 286645 3
1f6b7cead15344593b32d5f2345fc26713dc74d9b31306c824209d67da401fd8,300916 2 301433 7 301952 12 302471 15 302990 17 303510 18 304029 20 304548 22 305068 22 305588 23 306108 23 306628 24 307148 24 307669 23 308189 24 308710 23 309231 22 309752 21 310273 20 310795 18 311316 16 311840 11 312366 3
1f6b7cead15344593b32d5f2345fc26713dc74d9b31306c824209d67da401fd8,60307 7 60824 13 61342 16 61860 20 62379 22 62898 23 63417 24 63936 25 64456 25 64975 26 65495 26 66014 27 66534 27 67054 27 67573 28 68093 28 68613 28 69133 28 69653 28 70173 28 70693 28 71213 28 71734 27 72254 27 72774 27 73295 26 73815 26 74335 25 74856 23 75376 23 75897 22 76417 21 76938 19 77458 19 77979 17 78500 14 79021 12 79542 10 80065 3
1f6b7cead15344593b32d5f2345fc26713dc74d9b31306c824209d67da401fd8,320112 6 320630 9 321149 11 321669 11 322189 11 322708 12 323227 13 323745 15 324264 16 324783 17 325302 18 325822 17 326342 17 326862 16 327382 16 327902 15 328422 14 328942 13 329463 11 329984 9 330505 5
1f6b7cead15344593b32d5f2345fc26713dc74d9b31306c824209d67da401fd8,205596 9 206112 15 206631 17 207149 20 207667 23 208186 24 208705 26 209224 27 209743 28 210261 30 210780 31 211300 30 211819 31 212338 31 212858 30 213377 29 213897 28 214417 27 214937 26 215456 25 215976 24 216496 22 217016 21 217536 21 218056 20 218576 19 219096 17 219617 15 220138 13 220659 10 221180 7
1f6b7cead15344593b32d5f2345fc26713dc74d9b31306c824209d67da401fd8,345311 7 345828 12 346346 16 346865 18 347384 20 347903 22 348422 24 348941 26 349460 27 349979 28 350499 29 351018 30 351538 30 352058 30 352578 30 353098 30 353618 30 354139 28 354659 28 355180 26 355701 25 356222 23 356743 21 357264 19 357786 16 358309 11 358832 3
1f6b7cead15344593b32d5f2345fc26713dc74d9b31306c824209d67da401fd8,168756 9 169274 13 169792 16 170311 18 170830 19 171347 23 171867 24 172387 24 172908 24 173428 24 173948 25 174467 26 174987 26 175506 27 176026 28 176546 28 177066 28 177586 28 178106 28 178626 28 179146 28 179666 27 180186 27 180705 28 181225 27 181745 27 182265 26 182785 26 183305 25 183825 25 184344 25 184864 24 185385 22 185906 21 186426 20 186946 19 187467 17 187987 17 188508 15 189029 13 189550 11 190071 8
1f6b7cead15344593b32d5f2345fc26713dc74d9b31306c824209d67da401fd8,105959 6 106477 10 106996 13 107515 15 108034 17 108554 18 109074 18 109593 20 110113 20 110632 22 111152 22 111672 23 112192 24 112712 25 113232 26 113752 27 114273 26 114793 25 115314 24 115834 25 116355 24 116876 23 117396 23 117917 22 118438 21 118959 20 119480 19 120000 19 120521 18 121042 16 121562 16 122082 15 122603 13 123124 11 123645 7
1f6b7cead15344593b32d5f2345fc26713dc74d9b31306c824209d67da401fd8,140717 11 141235 15 141754 17 142273 19 142793 20 143312 21 143832 22 144352 22 144872 22 145392 22 145912 23 146432 23 146952 23 147472 23 147992 23 148512 23 149033 22 149553 22 150073 22 150594 21 151114 21 151635 20 152156 18 152676 18 153197 16 153718 15 154240 12 154762 9 155284 6
1f6b7cead15344593b32d5f2345fc26713dc74d9b31306c824209d67da401fd8,40578 2 41094 11 41612 14 42131 15 42650 17 43169 19 43688 20 44207 22 44721 2 44727 22 45241 3 45246 23 45761 29 46281 29 46801 29 47321 29 47841 29 48361 29 48881 29 49401 28 49921 28 50441 28 50961 27 51481 27 52001 26 52521 26 53041 25 53561 25 54081 24 54601 24 55121 23 55641 22 56161 22 56681 21 57201 20 57721 19 58241 17 58761 16 59283 13 59804 10 60326 6
1f6b7cead15344593b32d5f2345fc26713dc74d9b31306c824209d67da401fd8,352644 4 353161 11 353678 15 354195 20 354712 24 355231 26 355750 28 356269 29 356788 31 357307 32 357827 33 358347 33 358867 33 359387 33 359907 33 360427 33 360948 32 361468 32
1f6b7cead15344593b32d5f2345fc26713dc74d9b31306c824209d67da401fd8,188920 6 189438 15 189957 20 190476 24 190995 33 191515 36 192035 38 192555 40 193075 43 193595 45 194115 46 194635 46 195155 47 195675 48 196195 49 196715 49 197236 49 197757 49 198278 48 198800 46 199321 46 199842 45 200363 44 200884 43 201405 43 201926 42 202447 40 202968 39 203488 39 204009 37 204530 35 205052 32 205573 23 206095 17 206616 15 207137 12 207658 9 208182 4 208703 2
1f6b7cead15344593b32d5f2345fc26713dc74d9b31306c824209d67da401fd8,3139 4 3656 10 4174 13 4693 16 5212 18 5731 19 6250 21 6770 22 7289 23 7808 24 8327 25 8847 25 9366 26 9886 27 10405 28 10925 29 11445 30 11965 30 12485 30 13005 30 13525 30 14046 28 14567 26 15088 25 15609 23 16130 21 16651 19 17173 16 17695 11
1f6b7cead15344593b32d5f2345fc26713dc74d9b31306c824209d67da401fd8,354121 2 354641 3 355161 4 355681 4 356201 5 356721 5 357241 6 357761 6 358281 7 358801 7 359321 8 359841 8 360361 8 360881 8 361401 8
1f6b7cead15344593b32d5f2345fc26713dc74d9b31306c824209d67da401fd8,114722 7 115241 10 115760 12 116279 14 116798 15 117317 17 117837 17 118356 18 118875 20 119395 20 119915 20 120434 21 120954 21 121473 22 121993 22 122513 22 123032 22 123552 22 124072 22 124592 22 125111 23 125631 23 126151 23 126671 23 127192 22 127712 22 128233 21 128753 20 129274 19 129795 18 130316 16 130837 14 131358 12 131880 9
1f6b7cead15344593b32d5f2345fc26713dc74d9b31306c824209d67da401fd8,354016 6 354534 10 355053 13 355572 15 356092 16 356611 18 357131 19 357651 19 358171 20 358690 22 359210 23 359729 24 360249 25 360769 26 361289 26 361809 26
1f6b7cead15344593b32d5f2345fc26713dc74d9b31306c824209d67da401fd8,235393 11 235913 13 236432 17 236952 18 237471 21 237991 22 238511 23 239032 22 239552 23 240072 24 240592 25 241113 24 241633 25 242154 24 242675 23 243196 22 243716 22 244237 21 244758 20 245279 19 245800 18 246322 16 246843 14 247364 12 247886 8
1f6b7cead15344593b32d5f2345fc26713dc74d9b31306c824209d67da401fd8,75556 3 76070 12 76588 16 77107 18 77625 20 78142 24 78660 27 79179 28 79698 29 80218 29 80737 30 81256 30 81776 30 82295 30 82814 30 83334 29 83853 29 84373 29 84893 28 85413 28 85934 26 86454 24 86975 20 87498 14
1f6b7cead15344593b32d5f2345fc26713dc74d9b31306c824209d67da401fd8,90963 7 91482 9 92001 12 92520 14 93040 15 93559 17 94079 18 94598 21 95118 22 95638 23 96158 24 96678 25 97198 25 97718 26 98238 27 98758 28 99278 28 99799 28 100319 28 100839 29 101360 28 101880 28 102401 26 102921 26 103442 24 103963 21 104484 17 105005 13 105526 10 106050 3
1f6b7cead15344593b32d5f2345fc26713dc74d9b31306c824209d67da401fd8,247967 4 248485 9 249004 11 249524 13 250044 15 250065 5 250564 29 251084 31 251604 32 252124 33 252644 33 253164 34 253684 35 254205 34 254726 32 255247 31 255768 29 256289 27 256811 25 257333 23 257854 22 258376 19 258897 16 259419 12 259947 1
1f6b7cead15344593b32d5f2345fc26713dc74d9b31306c824209d67da401fd8,146047 8 146563 14 147082 16 147601 18 148121 19 148640 21 149160 22 149680 22 150201 22 150721 23 151241 24 151762 23 152283 23 152803 24 153323 25 153844 24 154365 23 154886 23 155407 22 155927 21 156448 20 156970 18 157493 15 158014 13 158536 11 159057 9
1f6b7cead15344593b32d5f2345fc26713dc74d9b31306c824209d67da401fd8,26487 8 27005 12 27524 16 28043 18 28562 20 29082 21 29601 23 30121 24 30640 26 31160 27 31680 27 32200 28 32720 29 33240 29 33760 29 34280 30 34800 30 35320 30 35841 29 36361 29 36881 29 37401 29 37921 29 38441 29 38961 29 39482 27 40002 27 40522 27 41043 26 41563 25 42083 25 42604 24 43124 23 43645 21 44165 20 44686 19 45206 18 45727 16 46248 13 46769 11 47291 8
1f6b7cead15344593b32d5f2345fc26713dc74d9b31306c824209d67da401fd8,233584 4 234100 12 234617 17 235136 20 235654 23 236173 25 236692 27 237212 27 237731 29 238250 30 238769 32 239289 32 239808 33 240327 34 240847 34 241366 35 241886 34 242406 34 242925 35 243445 35 243965 35 244485 35 245005 34 245525 34 246045 33 246565 32 247086 30 247606 29 248127 27 248648 25 249169 22 249690 20 250212 14
1f6b7cead15344593b32d5f2345fc26713dc74d9b31306c824209d67da401fd8,155918 6 156436 10 156955 12 157474 14 157993 16 158513 17 159032 18 159552 19 160072 20 160592 20 161111 22 161631 23 162150 24 162670 24 163190 25 163710 25 164230 25 164750 25 165270 25 165791 24 166311 24 166832 22 167352 22 167873 20 168394 19 168915 17 169437 14 169958 13 170480 10 171002 7
1f6b7cead15344593b32d5f2345fc26713dc74d9b31306c824209d67da401fd8,166103 8 166622 10 167140 13 167659 15 168178 16 168697 18 169216 19 169735 20 170255 20 170774 21 171294 20 171813 21 172332 22 172850 24 173369 25 173889 25 174408 25 174928 25 175447 25 175966 26 176486 26 177005 27 177525 27 178045 26 178564 27 179084 27 179604 26 180124 26 180645 24 181165 23 181685 23 182205 22 182726 20 183246 19 183767 17 184288 3 184294 9
1f6b7cead15344593b32d5f2345fc26713dc74d9b31306c824209d67da401fd8,262515 7 263032 16 263551 19 264069 23 264588 30 265108 32 265628 34 266147 35 266667 36 267187 36 267707 36 268227 36 268747 36 269267 36 269787 36 270307 35 270827 35 271347 34 271868 32 272389 30 272909 29 273430 27 273951 25 274472 23 274994 19 275517 6
1f6b7cead15344593b32d5f2345fc26713dc74d9b31306c824209d67da401fd8,244824 6 245343 9 245862 11 246382 12 246902 13 247422 13 247942 14 248462 14 248982 14 249502 15 250022 15 250542 15 251063 14 251583 15 252103 16 252624 15 253144 16 253664 17 254177 3 254185 16 254696 5 254705 16 255216 6 255224 17 255735 26 256255 27 256775 27 257294 28 257814 28 258335 26 258855 25 259376 24 259896 24 260417 23 260938 21 261463 13 261985 3
1f6b7cead15344593b32d5f2345fc26713dc74d9b31306c824209d67da401fd8,342032 6 342550 10 343069 12 343588 14 344107 16 344626 19 345145 21 345665 21 346184 23 346704 23 347224 24 347744 24 348264 25 348784 25 349304 25 349824 25 350344 25 350864 25 351384 25 351904 25 352424 25 352944 25 353465 24 353985 24 354505 24 355026 23 355546 23 356067 22 356588 20 357108 20 357629 18 358149 18 358669 17 359190 15 359711 13 360232 10
1f6b7cead15344593b32d5f2345fc26713dc74d9b31306c824209d67da401fd8,332984 4 333502 9 334021 12 334540 14 335059 15 335578 17 336098 17 336617 19 337137 20 337656 21 338175 21 338694 21 339213 22 339732 23 340251 24 340770 25 341289 26 341809 26 342329 26 342848 28 343368 29 343888 29 344408 28 344929 27 345450 26 345973 22 346494 21 347015 11 347033 1 347536 9 348060 4
1f6b7cead15344593b32d5f2345fc26713dc74d9b31306c824209d67da401fd8,52 29 572 29 1093 27 1613 26 2133 23 2654 16 3183 6 3706 2
1f6b7cead15344593b32d5f2345fc26713dc74d9b31306c824209d67da401fd8,137417 9 137936 12 138455 14 138974 16 139494 17 140014 19 140534 20 141053 22 141573 22 142093 23 142613 23 143133 23 143653 23 144173 22 144692 23 145212 22 145732 22 146251 23 146771 23 147291 23 147811 23 148331 23 148851 23 149371 23 149891 22 150411 22 150931 21 151451 19 151972 17 152493 15 153014 7 153536 2
1f6b7cead15344593b32d5f2345fc26713dc74d9b31306c824209d67da401fd8,276305 8 276821 15 277340 20 277859 25 278378 28 278897 31 279417 32 279936 34 280456 35 280976 35 281496 36 282016 36 282536 36 283056 37 283577 36 284097 36 284618 35 285138 35 285659 33 286180 32 286701 31 287222 30 287743 28 288265 26 288786 24 289309 19 289834 13
1f6b7cead15344593b32d5f2345fc26713dc74d9b31306c824209d67da401fd8,22140 7 22659 9 23178 11 23697 13 24216 15 24735 16 25255 17 25775 17 26294 18 26814 18 27334 19 27854 19 28373 20 28893 20 29413 20 29933 21 30453 21 30973 21 31493 22 32013 22 32534 21 33054 22 33574 22 34094 22 34615 21 35135 22 35655 22 36176 21 36696 21 37217 20 37737 20 38258 19 38778 19 39299 18 39820 17 40341 16 40863 14 41386 10 41907 7 42429 2
1f6b7cead15344593b32d5f2345fc26713dc74d9b31306c824209d67da401fd8,169888 10 170406 14 170925 16 171444 19 171963 21 172482 23 173002 24 173521 25 174041 26 174561 26 175081 26 175601 26 176121 26 176641 26 177161 26 177681 25 178202 24 178722 23 179243 21 179764 19 180285 17 180806 13 181328 10 181851 5
1f6b7cead15344593b32d5f2345fc26713dc74d9b31306c824209d67da401fd8,72696 14 73214 17 73733 20 74252 22 74771 24 75291 25 75811 25 76330 27 76850 27 77370 28 77890 28 78410 28 78930 28 79450 28 79970 29 80490 29 81011 28 81531 28 82051 28 82572 26 83093 25 83613 25 84133 25 84654 24 85175 23 85695 23 86216 23 86737 23 87258 22 87779 21 88300 20 88821 18 89342 17 89864 15 90385 14 90906 12 91428 9 91949 7 92471 3
1f6b7cead15344593b32d5f2345fc26713dc74d9b31306c824209d67da401fd8,179401 4 179921 6 180441 7 180961 7 181481 7 182001 7 182521 7 183041 7 183561 7 184081 7 184601 6 185121 6 185641 5 186161 3
1f6b7cead15344593b32d5f2345fc26713dc74d9b31306c824209d67da401fd8,263371 3 263886 13 264405 16 264924 19 265443 22 265963 23 266482 25 267002 26 267522 27 268042 28 268562 29 269082 29 269603 28 270124 27 270645 26 271166 25 271688 22 272211 18 272734 7 272743 4
1f6b7cead15344593b32d5f2345fc26713dc74d9b31306c824209d67da401fd8,92076 5 92592 12 93110 15 93628 18 94146 21 94665 23 95183 25 95702 26 96222 26 96741 27 97260 28 97779 29 98298 30 98818 30 99337 31 99856 32 100376 32 100895 33 101415 33 101934 34 102454 34 102973 35 103492 36 104012 36 104531 37 105051 37 105571 37 106090 37 106610 37 107129 37 107649 36 108169 36 108689 35 109209 34 109729 33 110249 32 110769 30 111290 28 111810 26 112331 23 112852 18 113374 13 113897 4
1f6b7cead15344593b32d5f2345fc26713dc74d9b31306c824209d67da401fd8,201852 5 202369 12 202887 15 203406 18 203925 21 204444 23 204963 25 205482 27 206002 29 206521 31 207041 32 207561 33 208081 33 208601 33 209122 33 209642 33 210163 32 210683 31 211204 30 211724 30 212244 30 212765 28 213286 27 213806 26 214327 25 214847 25 215368 23 215889 22 216409 21 216930 19 217451 17 217972 15 218493 13 219016 8
1f6b7cead15344593b32d5f2345fc26713dc74d9b31306c824209d67da401fd8,303878 10 304396 15 304915 20 305433 24 305952 26 306471 29 306990 31 307510 32 308029 34 308549 35 309069 36 309589 36 310109 37 310630 36 311150 36 311671 35 312191 36 312712 35 313233 34 313754 33 314275 31 314796 30 315317 28 315838 27 316359 25 316880 24 317401 22 317922 20 318443 18 318964 16 319486 12
1f6b7cead15344593b32d5f2345fc26713dc74d9b31306c824209d67da401fd8,299652 11 300170 14 300688 17 301207 19 301725 22 302244 24 302763 25 303282 27 303801 28 304321 28 304840 29 305360 29 305879 30 306399 30 306918 32 307437 33 307957 33 308476 34 308996 34 309515 34 310035 34 310555 33 311074 34 311594 34 312114 33 312634 33 313154 32 313674 31 314194 31 314715 29 315236 27 315756 26 316277 24 316797 23 317317 22 317838 18 318361 11
1f6b7cead15344593b32d5f2345fc26713dc74d9b31306c824209d67da401fd8,356376 6 356893 10 357412 18 357930 21 358449 23 358967 26 359486 28 360006 29 360525 30 361045 31 361565 31
1f6b7cead15344593b32d5f2345fc26713dc74d9b31306c824209d67da401fd8,30 16 550 16 1071 14 1591 14 2112 12 2633 9 3154 7 3677 2
1f6b7cead15344593b32d5f2345fc26713dc74d9b31306c824209d67da401fd8,275472 2 275979 1 275988 6 276498 17 277017 18 277536 20 278056 21 278576 22 279096 22 279616 22 280137 21 280659 18 281181 15
1f6b7cead15344593b32d5f2345fc26713dc74d9b31306c824209d67da401fd8,68202 10 68720 14 69239 17 69758 19 70277 22 70796 24 71315 25 71834 27 72354 27 72873 29 73392 30 73911 31 74431 31 74950 32 75470 31 75989 32 76509 32 77029 32 77549 31 78069 31 78589 30 79109 29 79629 28 80150 26 80670 25 81191 23 81712 21 82233 18 82756 13 83278 7
1f6b7cead15344593b32d5f2345fc26713dc74d9b31306c824209d67da401fd8,51108 5 51626 11 52145 13 52664 15 53183 17 53703 18 54222 19 54742 20 55262 20 55782 20 56302 20 56821 21 57341 21 57860 22 58380 22 58900 22 59419 22 59938 23 60458 22 60979 20 61499 19 62020 18 62541 10 63061 9 63581 9 64102 7 64625 3
1f6b7cead15344593b32d5f2345fc26713dc74d9b31306c824209d67da401fd8,307260 5 307779 9 308298 11 308817 13 309337 15 309856 17 310375 19 310895 20 311415 21 311935 22 312455 23 312975 24 313495 24 314016 24 314536 25 315057 24 315577 25 316098 24 316618 25 317139 24 317660 23 318181 22 318702 21 319223 20 319744 19 320265 18 320787 15 321309 11 321832 6
1f6b7cead15344593b32d5f2345fc26713dc74d9b31306c824209d67da401fd8,127082 6 127597 14 128115 17 128633 20 129151 23 129669 26 130188 28 130707 29 131227 30 131747 30 132266 32 132786 32 133306 33 133826 33 134347 32 134867 32 135388 31 135908 32 136429 31 136949 31 137469 31 137990 29 138511 28 139032 27 139552 26 140073 25 140594 23 141115 21 141636 20 142157 18 142678 16 143199 13 143720 10 144240 9
1f6b7cead15344593b32d5f2345fc26713dc74d9b31306c824209d67da401fd8,65177 9 65695 13 66214 16 66733 18 67253 19 67772 21 68292 21 68812 22 69332 23 69852 23 70372 23 70892 23 71412 22 71932 22 72451 23 72971 23 73491 23 74011 23 74531 23 75052 21 75573 20 76094 19 76614 19 77135 18 77656 17 78177 15 78699 12 79222 7
1f6b7cead15344593b32d5f2345fc26713dc74d9b31306c824209d67da401fd8,36571 4 37089 8 37607 11 38116 6 38126 12 38634 24 39153 26 39673 26 40192 28 40712 28 41231 30 41751 30 42271 30 42790 31 43310 32 43830 32 44350 32 44870 32 45391 30 45911 30 46432 29 46953 27 47474 26 47996 6 48009 10 48532 5
1f6b7cead15344593b32d5f2345fc26713dc74d9b31306c824209d67da401fd8,336129 10 336647 13 337165 16 337684 18 338203 20 338722 21 339241 23 339761 23 340280 24 340800 24 341320 24 341839 25 342359 25 342878 26 343397 27 343917 26 344436 27 344956 26 345476 26 345995 27 346515 26 347034 27 347554 27 348073 27 348593 27 349113 27 349633 27 350153 27 350673 27 351193 27 351713 26 352233 26 352753 26 353274 24 353794 23 354315 21 354836 20 355357 18 355878 15 356400 12 356921 9
1f6b7cead15344593b32d5f2345fc26713dc74d9b31306c824209d67da401fd8,48601 4 49120 7 49637 11 50154 15 50673 17 51193 17 51713 17 52233 17 52752 18 53268 22 53787 23 54306 24 54825 25 55345 24 55865 24 56384 24 56904 24 57424 23 57944 23 58465 22 58985 22 59505 22 60026 21 60548 19 61071 16 61595 12 62116 11 62637 10 63158 9 63679 9 64200 8 64720 8 65241 6 65762 4
1f6b7cead15344593b32d5f2345fc26713dc74d9b31306c824209d67da401fd8,154733 8 155251 12 155769 16 156288 18 156807 20 157326 22 157846 23 158365 24 158885 25 159404 26 159924 27 160444 27 160964 28 161484 29 162004 29 162524 29 163045 29 163565 29 164086 28 164606 29 165127 28 165648 27 166169 26 166690 26 167211 25 167733 23 168254 21 168775 20 169297 18 169818 16 170340 13 170862 10 171385 6
1f6b7cead15344593b32d5f2345fc26713dc74d9b31306c824209d67da401fd8,261841 13 262360 16 262879 18 263398 20 263917 21 264437 22 264956 23 265476 23 265997 22 266517 22 267037 22 267558 21 268078 20 268599 18 269120 16 269641 14 270162 11 270683 9 271209 2
1f6b7cead15344593b32d5f2345fc26713dc74d9b31306c824209d67da401fd8,333252 6 333770 11 334289 13 334808 15 335327 16 335846 18 336366 19 336885 20 337405 21 337925 21 338445 22 338965 22 339485 22 340006 22 340526 22 341047 21 341568 21 342089 20 342609 20 343129 20 343649 20 344170 19 344690 19 345210 18 345731 17 346252 15 346773 14 347294 12 347815 10 348336 7
1f6b7cead15344593b32d5f2345fc26713dc74d9b31306c824209d67da401fd8,165779 5 166297 8 166816 9 167335 11 167854 13 168373 15 168893 16 169412 18 169931 21 170450 23 170969 25 171489 26 172008 28 172528 29 173048 29 173568 30 174087 31 174607 31 175127 31 175648 30 176168 29 176687 30 177207 29 177727 28 178247 26 178767 25 179288 22 179808 18 180329 15 180851 10 181373 5
1f6b7cead15344593b32d5f2345fc26713dc74d9b31306c824209d67da401fd8,50716 6 51235 10 51754 16 52273 19 52793 20 53313 21 53832 23 54352 23 54871 24 55391 25 55910 26 56430 26 56950 25 57469 26 57989 26 58509 26 59029 25 59549 25 60069 25 60589 24 61109 24 61629 24 62149 24 62670 22 63190 22 63710 22 64231 20 64752 19 65272 18 65792 18 66312 17 66832 16 67352 15 67872 15 68393 13 68914 11 69435 9 69957 5
1f6b7cead15344593b32d5f2345fc26713dc74d9b31306c824209d67da401fd8,314714 1 315233 3 315739 5 315748 8 316257 20 316775 22 317294 23 317813 25 318332 29 318851 33 319371 33 319890 34 320410 34 320929 34 321449 34 321969 33 322489 31 323009 28 323530 24 324050 21 324571 18 325091 17 325617 10 326143 3 326664 1
1f6b7cead15344593b32d5f2345fc26713dc74d9b31306c824209d67da401fd8,235599 6 236117 10 236636 13 237156 14 237675 16 238195 17 238715 18 239235 19 239755 19 240275 20 240795 21 241315 22 241835 23 242356 22 242876 23 243396 24 243917 23 244437 24 244958 23 245478 23 245998 24 246518 24 247038 24 247559 23 248079 23 248600 23 249120 23 249641 22 250161 22 250682 21 251203 20 251723 19 252244 18 252765 17 253285 17 253805 16 254326 15 254847 13 255368 12 255890 9 256411 5
1f6b7cead15344593b32d5f2345fc26713dc74d9b31306c824209d67da401fd8,342817 5 343334 10 343853 12 344372 14 344891 16 345410 17 345929 19 346448 21 346968 21 347487 22 348007 22 348526 23 349046 23 349566 23 350086 23 350606 23 351126 23 351646 23 352165 24 352685 24 353205 24 353725 25 354245 25 354765 25 355285 26 355805 26 356325 26 356845 26 357366 25 357886 25 358406 24 358927 23 359447 23 359968 21 360489 20 361010 19 361531 18
1f6b7cead15344593b32d5f2345fc26713dc74d9b31306c824209d67da401fd8,311649 6 312168 9 312687 12 313205 17 313724 19 314244 22 314763 24 315283 25 315804 25 316324 27 316845 28 317366 28 317887 28 318408 28 318929 28 319451 26 319972 25 320494 23 321016 21 321537 20 322058 20 322579 20 323100 19 323621 19 324142 19 324663 18 325184 17 325704 17 326225 15 326746 14 327267 12 327788 9 328310 5
1f6b7cead15344593b32d5f2345fc26713dc74d9b31306c824209d67da401fd8,118481 4 119000 7 119520 9 120040 10 120560 11 121079 13 121598 15 122118 15 122638 16 123158 17 123678 17 124198 18 124719 17 125239 18 125759 18 126279 19 126800 18 127320 18 127840 19 128360 19 128880 19 129400 19 129921 18 130441 18 130961 18 131482 17 132002 16 132523 15 133044 13 133565 12 134088 8 134609 6
1f6b7cead15344593b32d5f2345fc26713dc74d9b31306c824209d67da401fd8,228266 10 228785 14 229304 17 229823 18 230343 18 230862 19 231382 19 231902 19 232422 19 232942 19 233462 19 233982 19 234502 19 235023 18 235544 17 236065 16 236585 16 237106 15 237627 14 238148 13 238669 12 239191 10 239712 9 240233 8 240755 6 241276 5 241798 3
1f6b7cead15344593b32d5f2345fc26713dc74d9b31306c824209d67da401fd8,30231 8 30748 12 31267 14 31786 16 32305 17 32824 19 33343 20 33862 21 34381 22 34901 23 35420 24 35940 24 36460 24 36979 26 37499 26 38019 26 38538 27 39058 27 39578 27 40098 27 40618 27 41138 26 41658 26 42178 26 42698 25 43219 24 43739 23 44260 22 44781 20 45302 19 45823 17 46343 16 46864 14 47385 11 47906 9 48428 2
1f6b7cead15344593b32d5f2345fc26713dc74d9b31306c824209d67da401fd8,113087 9 113605 13 114124 15 114643 17 115162 18 115680 21 116199 23 116719 24 117238 26 117757 27 118277 28 118796 29 119316 29 119836 29 120356 29 120876 29 121396 29 121917 28 122438 27 122959 25 123480 24 124002 22 124523 21 125044 19 125565 18 126086 17 126607 15 127127 14 127648 12 128169 11 128691 8 129212 5
1f6b7cead15344593b32d5f2345fc26713dc74d9b31306c824209d67da401fd8,62551 7 63070 9 63590 9 64109 10 64628 11 65148 11 65668 11 66188 11 66709 10 67230 8 67751 5
1f6b7cead15344593b32d5f2345fc26713dc74d9b31306c824209d67da401fd8,188126 3 188645 6 189164 8 189683 10 190185 7 190201 13 190704 31 191223 32 191742 33 192262 33 192783 32 193303 32 193823 32 194343 31 194863 31 195383 31 195904 30 196424 29 196944 29 197465 28 197985 27 198506 25 199027 24 199548 22 200070 19 200591 17 201113 14 201635 11 202158 4
1f6b7cead15344593b32d5f2345fc26713dc74d9b31306c824209d67da401fd8,343696 2 344214 6 344733 9 345252 11 345772 12 346291 14 346811 15 347331 16 347850 17 348370 18 348890 19 349410 19 349930 20 350450 20 350970 21 351490 21 352010 22 352530 23 353050 23 353570 23 354090 24 354611 23 355131 24 355651 24 356171 24 356691 25 357212 24 357732 25 358252 25 358773 24 359293 24 359813 24 360334 23 360855 22 361375 22 361896 21
1f6b7cead15344593b32d5f2345fc26713dc74d9b31306c824209d67da401fd8,337056 6 337574 10 338091 14 338610 16 339129 18 339648 19 340168 20 340688 20 341208 21 341728 21 342248 21 342768 22 343289 21 343810 21 344331 20 344851 21 345371 21 345891 22 346410 24 346930 24 347450 24 347970 25 348490 25 349010 25 349531 24 350051 24 350572 23 351093 22 351613 22 352134 20 352655 18 353176 16 353697 14 354218 12 354742 5
1f6b7cead15344593b32d5f2345fc26713dc74d9b31306c824209d67da401fd8,251367 8 251886 11 252405 13 252924 16 253442 19 253961 21 254481 21 255000 23 255520 23 256039 24 256559 24 257079 24 257598 25 258118 25 258637 26 259157 27 259676 28 260195 29 260715 29 261234 30 261754 30 262273 31 262793 31 263312 32 263832 32 264352 32 264872 32 265393 30 265913 29 266434 26 266955 24 267477 21 267999 17 268522 13 269046 6
1f6b7cead15344593b32d5f2345fc26713dc74d9b31306c824209d67da401fd8,247772 7 248291 10 248810 12 249329 15 249846 20 250365 22 250885 22 251405 23 251924 24 252443 26 252963 26 253482 27 254002 27 254521 28 255040 29 255560 29 256080 28 256600 27 257120 26 257640 25 258160 24 258680 23 259201 21 259721 19 260242 15 260762 13 261283 9
1f6b7cead15344593b32d5f2345fc26713dc74d9b31306c824209d67da401fd8,284177 8 284694 12 285212 15 285730 18 286248 20 286767 22 287287 22 287806 23 288326 23 288846 23 289365 24 289885 24 290405 24 290924 25 291444 24 291964 24 292484 23 293004 22 293524 21 294044 20 294564 20 295084 19 295604 18 296125 15 296647 12 297168 10
1f6b7cead15344593b32d5f2345fc26713dc74d9b31306c824209d67da401fd8,81821 6 82340 8 82859 10 83378 11 83894 16 84412 19 84931 20 85450 21 85970 21 86489 23 87008 24 87528 24 88048 24 88568 24 89088 24 89608 24 90129 22 90649 21 91169 20 91690 17 92210 14 92731 9 93253 5
