1f9e429c12f4477221b5b855a5f494fda2ef6d064ff75b061ffaf093e91758c5,41257 10 41512 12 41767 14 42023 14 42279 14 42535 14 42792 13 43049 11 43306 7 43563 5
1f9e429c12f4477221b5b855a5f494fda2ef6d064ff75b061ffaf093e91758c5,61215 1 61469 5 61724 7 61980 7 62235 8 62491 8 62747 8 63003 8 63260 7 63516 7 63773 4
1f9e429c12f4477221b5b855a5f494fda2ef6d064ff75b061ffaf093e91758c5,29565 7 29821 9 30076 11 30332 11 30589 10 30845 10 31102 9 31361 5
1f9e429c12f4477221b5b855a5f494fda2ef6d064ff75b061ffaf093e91758c5,26545 4 26799 7 27054 9 27310 9 27566 10 27822 10 28078 10 28335 9 28592 7 28849 3
1f9e429c12f4477221b5b855a5f494fda2ef6d064ff75b061ffaf093e91758c5,53568 3 53822 5 54077 6 54332 8 54588 8 54843 9 55099 9 55355 9 55611 9 55867 9 56124 8 56382 5
1f9e429c12f4477221b5b855a5f494fda2ef6d064ff75b061ffaf093e91758c5,29690 2 29945 7 30201 8 30457 8 30715 6 30972 5 31228 5 31485 3
1f9e429c12f4477221b5b855a5f494fda2ef6d064ff75b061ffaf093e91758c5,21056 3 21311 6 21567 7 21823 7 22079 8 22336 7 22592 7 22849 6 23105 6 23362 5 23619 3
1f9e429c12f4477221b5b855a5f494fda2ef6d064ff75b061ffaf093e91758c5,12497 3 12751 5 13007 5 13263 5 13519 5 13775 5 14031 5 14288 3 14545 1
1f9e429c12f4477221b5b855a5f494fda2ef6d064ff75b061ffaf093e91758c5,1482 3 1737 5 1993 5 2249 5 2506 3
1f9e429c12f4477221b5b855a5f494fda2ef6d064ff75b061ffaf093e91758c5,104 12 360 11 617 10 874 7
1f9e429c12f4477221b5b855a5f494fda2ef6d064ff75b061ffaf093e91758c5,18089 7 18344 9 18600 10 18856 10 19112 10 19369 8 19625 8 19883 1
1f9e429c12f4477221b5b855a5f494fda2ef6d064ff75b061ffaf093e91758c5,8104 5 8358 7 8613 9 8868 10 9123 11 9379 11 9635 11 9891 10 10148 8
1f9e429c12f4477221b5b855a5f494fda2ef6d064ff75b061ffaf093e91758c5,37198 6 37453 8 37708 10 37964 11 38220 11 38475 12 38731 12 38987 13 39243 13 39500 12 39759 9 40015 9 40272 8 40528 7 40785 5
1f9e429c12f4477221b5b855a5f494fda2ef6d064ff75b061ffaf093e91758c5,62328 4 62583 6 62839 7 63095 7 63351 7 63607 7 63863 6 64120 5 64378 1
1f9e429c12f4477221b5b855a5f494fda2ef6d064ff75b061ffaf093e91758c5,30712 3 30967 5 31223 5 31479 5 31736 3
1f9e429c12f4477221b5b855a5f494fda2ef6d064ff75b061ffaf093e91758c5,28668 3 28923 5 29179 5 29435 5 29692 3
1f9e429c12f4477221b5b855a5f494fda2ef6d064ff75b061ffaf093e91758c5,17251 6 17506 8 17761 9 18017 9 18273 9 18529 9 18785 9 19042 6 19298 5 19555 3
1f9e429c12f4477221b5b855a5f494fda2ef6d064ff75b061ffaf093e91758c5,3842 4 4097 6 4353 7 4609 8 4865 8 5121 8 5377 8 5633 8 5889 8 6145 8 6401 8 6657 7 6913 6 7170 3
1f9e429c12f4477221b5b855a5f494fda2ef6d064ff75b061ffaf093e91758c5,19571 9 19826 11 20081 12 20336 13 20592 13 20848 12 21104 12 21360 6 21617 4
1f9e429c12f4477221b5b855a5f494fda2ef6d064ff75b061ffaf093e91758c5,43926 6 44181 8 44437 8 44693 8 44949 7 45205 8 45461 8 45717 8 45973 8 46230 7 46487 6 46744 4
1f9e429c12f4477221b5b855a5f494fda2ef6d064ff75b061ffaf093e91758c5,28498 8 28753 10 29009 10 29265 10 29521 10 29777 10 30033 10 30290 8
1f9e429c12f4477221b5b855a5f494fda2ef6d064ff75b061ffaf093e91758c5,11843 7 12098 9 12353 11 12609 12 12865 12 13122 11 13378 10 13635 9 13893 3
1f9e429c12f4477221b5b855a5f494fda2ef6d064ff75b061ffaf093e91758c5,41346 2 41600 5 41855 6 42110 7 42366 7 42622 8 42878 8 43134 8 43391 7 43647 7 43905 4
1f9e429c12f4477221b5b855a5f494fda2ef6d064ff75b061ffaf093e91758c5,21366 6 21621 9 21877 10 22132 12 22388 13 22644 13 22900 13 23156 13 23412 12 23668 11 23925 9 24182 6 24440 3
1f9e429c12f4477221b5b855a5f494fda2ef6d064ff75b061ffaf093e91758c5,4418 4 4673 5 4928 6 5183 7 5439 7 5695 7 5951 6 6207 6 6463 4
1f9e429c12f4477221b5b855a5f494fda2ef6d064ff75b061ffaf093e91758c5,12536 6 12791 8 13047 8 13303 8 13560 6
1f9e429c12f4477221b5b855a5f494fda2ef6d064ff75b061ffaf093e91758c5,31927 5 32180 9 32435 10 32690 12 32946 12 33202 12 33459 10 33716 8 33974 4
1f9e429c12f4477221b5b855a5f494fda2ef6d064ff75b061ffaf093e91758c5,14038 4 14294 5 14549 7 14805 7 15061 7 15317 7 15573 7 15831 5 16088 4
1f9e429c12f4477221b5b855a5f494fda2ef6d064ff75b061ffaf093e91758c5,239 10 495 10 752 9 1009 8 1266 6 1523 5 1781 3
1f9e429c12f4477221b5b855a5f494fda2ef6d064ff75b061ffaf093e91758c5,7459 4 7712 8 7966 10 8222 10 8477 11 8733 11 8989 10 9246 7
1f9e429c12f4477221b5b855a5f494fda2ef6d064ff75b061ffaf093e91758c5,67 7 323 7 580 5 838 2
1f9e429c12f4477221b5b855a5f494fda2ef6d064ff75b061ffaf093e91758c5,33606 5 33860 8 34116 9 34372 9 34628 9 34884 9 35140 9 35397 8 35654 6 35911 5
1f9e429c12f4477221b5b855a5f494fda2ef6d064ff75b061ffaf093e91758c5,13439 7 13694 8 13949 10 14204 11 14460 11 14717 10 14972 11 15229 10 15487 7 15743 6
1f9e429c12f4477221b5b855a5f494fda2ef6d064ff75b061ffaf093e91758c5,2644 5 2899 6 3155 6 3410 6 3667 4 3924 1
1f9e429c12f4477221b5b855a5f494fda2ef6d064ff75b061ffaf093e91758c5,25093 1 25095 5 25348 8 25603 9 25858 9 26114 9 26370 7 26627 6 26883 6 27139 5 27395 4 27651 4
1f9e429c12f4477221b5b855a5f494fda2ef6d064ff75b061ffaf093e91758c5,37189 4 37444 7 37699 9 37955 9 38211 9 38467 8 38724 7 38980 7 39238 5
1f9e429c12f4477221b5b855a5f494fda2ef6d064ff75b061ffaf093e91758c5,212 10 468 10 723 11 979 11 1235 11 1491 10 1747 9 2004 7 2261 5
1f9e429c12f4477221b5b855a5f494fda2ef6d064ff75b061ffaf093e91758c5,58240 3 58495 5 58751 5 59007 6 59263 6 59519 6 59776 5 60033 3
1f9e429c12f4477221b5b855a5f494fda2ef6d064ff75b061ffaf093e91758c5,20492 6 20746 9 21001 10 21257 9 21513 9 21769 8 22025 8 22282 6
1f9e429c12f4477221b5b855a5f494fda2ef6d064ff75b061ffaf093e91758c5,35765 7 36020 9 36275 10 36531 11 36787 11 37044 10 37300 9 37557 8 37814 6 38072 2
1f9e429c12f4477221b5b855a5f494fda2ef6d064ff75b061ffaf093e91758c5,32792 2 33046 7 33301 9 33556 10 33810 11 34066 11 34322 10 34578 9 34834 8
1f9e429c12f4477221b5b855a5f494fda2ef6d064ff75b061ffaf093e91758c5,20681 7 20936 9 21191 10 21447 10 21702 11 21959 10 22215 10 22471 9 22729 6
1f9e429c12f4477221b5b855a5f494fda2ef6d064ff75b061ffaf093e91758c5,42530 3 42785 6 43040 7 43295 9 43313 4 43551 10 43562 1 43568 6 43807 23 44063 23 44320 22 44576 22 44833 7 44841 13 45090 5 45098 12 45354 11 45611 9
1f9e429c12f4477221b5b855a5f494fda2ef6d064ff75b061ffaf093e91758c5,48231 5 48485 8 48740 10 48996 10 49252 10 49507 11 49764 10 50020 9 50277 7 50534 5
1f9e429c12f4477221b5b855a5f494fda2ef6d064ff75b061ffaf093e91758c5,53119 6 53374 8 53629 9 53884 10 54140 10 54396 9 54652 9 54909 7 55166 4
1f9e429c12f4477221b5b855a5f494fda2ef6d064ff75b061ffaf093e91758c5,25873 5 26127 9 26382 10 26638 10 26894 10 27150 9 27406 8 27663 4
1f9e429c12f4477221b5b855a5f494fda2ef6d064ff75b061ffaf093e91758c5,39297 3 39552 5 39808 5 40064 5 40321 3
1f9e429c12f4477221b5b855a5f494fda2ef6d064ff75b061ffaf093e91758c5,10747 5 11002 7 11258 7 11513 8 11769 8 12025 8 12281 8 12542 3 12799 2 13055 1
1f9e429c12f4477221b5b855a5f494fda2ef6d064ff75b061ffaf093e91758c5,57722 3 57976 6 58231 7 58486 8 58742 7 58998 6 59255 4
1f9e429c12f4477221b5b855a5f494fda2ef6d064ff75b061ffaf093e91758c5,33450 3 33705 6 33961 7 34217 6 34473 9 34730 8 34987 7 35245 5
1f9e429c12f4477221b5b855a5f494fda2ef6d064ff75b061ffaf093e91758c5,47361 2 47617 4 47873 5 48129 5 48385 6 48641 6 48897 5 49153 5 49409 4 49665 2
1f9e429c12f4477221b5b855a5f494fda2ef6d064ff75b061ffaf093e91758c5,37682 7 37935 10 38190 12 38446 12 38703 11 38959 11 39218 7
1f9e429c12f4477221b5b855a5f494fda2ef6d064ff75b061ffaf093e91758c5,27450 5 27705 7 27960 9 28216 9 28471 10 28727 10 28983 10 29239 9 29495 8 29752 7 30009 4
1f9e429c12f4477221b5b855a5f494fda2ef6d064ff75b061ffaf093e91758c5,22552 7 22807 9 23062 11 23318 11 23574 11 23830 11 24087 10 24345 7
1f9e429c12f4477221b5b855a5f494fda2ef6d064ff75b061ffaf093e91758c5,34896 7 35151 9 35406 11 35662 11 35918 11 36174 11 36431 10 36688 9 36946 6 37204 3
1f9e429c12f4477221b5b855a5f494fda2ef6d064ff75b061ffaf093e91758c5,30542 10 30797 12 31052 14 31308 6 31317 5 31564 5 31574 4 31821 4 31830 4 32078 3 32086 3
1f9e429c12f4477221b5b855a5f494fda2ef6d064ff75b061ffaf093e91758c5,22623 6 22878 8 23133 9 23388 10 23644 10 23900 10 24157 8
1f9e429c12f4477221b5b855a5f494fda2ef6d064ff75b061ffaf093e91758c5,60724 3 60978 8 61233 10 61488 12 61744 12 62000 12 62257 11 62514 10 62771 9 63028 6
1f9e429c12f4477221b5b855a5f494fda2ef6d064ff75b061ffaf093e91758c5,56842 2 57095 7 57351 8 57606 8 57862 7 58118 7 58374 7 58630 7 58886 7 59142 7 59399 6 59655 7 59913 5 60169 4
1f9e429c12f4477221b5b855a5f494fda2ef6d064ff75b061ffaf093e91758c5,46865 5 47120 7 47376 8 47632 8 47887 10 48144 9 48400 9 48656 9 48912 8 49169 7 49426 5
1f9e429c12f4477221b5b855a5f494fda2ef6d064ff75b061ffaf093e91758c5,33151 5 33406 7 33661 9 33917 9 34173 10 34429 8 34685 8 34941 7 35198 6 35455 5
1f9e429c12f4477221b5b855a5f494fda2ef6d064ff75b061ffaf093e91758c5,18506 6 18761 9 19016 10 19272 11 19528 11 19785 9 20042 7 20300 5
1f9e429c12f4477221b5b855a5f494fda2ef6d064ff75b061ffaf093e91758c5,161 10 417 10 675 8 932 4
1f9e429c12f4477221b5b855a5f494fda2ef6d064ff75b061ffaf093e91758c5,27364 4 27619 7 27874 8 28130 8 28387 7 28643 6
1f9e429c12f4477221b5b855a5f494fda2ef6d064ff75b061ffaf093e91758c5,593 7 848 8 1104 9 1361 6
1f9e429c12f4477221b5b855a5f494fda2ef6d064ff75b061ffaf093e91758c5,45179 5 45434 6 45689 7 45945 7 46200 9 46456 9 46712 9 46968 8 47224 8 47481 6 47738 4 47995 3
1f9e429c12f4477221b5b855a5f494fda2ef6d064ff75b061ffaf093e91758c5,33672 5 33927 7 34183 8 34438 9 34693 10 34949 10 35205 10 35461 10 35718 9 35974 9 36231 7 36488 6 36745 4
1f9e429c12f4477221b5b855a5f494fda2ef6d064ff75b061ffaf093e91758c5,57469 3 57725 4 57982 3 58238 2 58494 1 58749 1 59004 3 59259 4 59514 5 59771 3
1f9e429c12f4477221b5b855a5f494fda2ef6d064ff75b061ffaf093e91758c5,52254 4 52508 7 52763 9 53019 9 53274 10 53530 10 53785 11 54041 11 54297 12 54553 11 54809 11 55066 10 55323 8 55580 6
1f9e429c12f4477221b5b855a5f494fda2ef6d064ff75b061ffaf093e91758c5,188 11 443 13 700 12 956 12 1213 11 1473 6
1f9e429c12f4477221b5b855a5f494fda2ef6d064ff75b061ffaf093e91758c5,57614 3 57869 5 58125 5 58381 5 58637 5 58893 5 59149 5 59405 5 59662 3
1f9e429c12f4477221b5b855a5f494fda2ef6d064ff75b061ffaf093e91758c5,10540 2 10793 7 11048 9 11303 10 11560 9 11816 9 12074 5
1f9e429c12f4477221b5b855a5f494fda2ef6d064ff75b061ffaf093e91758c5,37229 4 37484 6 37740 7 37996 8 38251 10 38507 11 38763 12 39019 12 39275 12 39532 11 39789 9 40047 7 40305 4
1f9e429c12f4477221b5b855a5f494fda2ef6d064ff75b061ffaf093e91758c5,45007 5 45262 7 45517 9 45772 10 46028 10 46284 11 46540 11 46796 11 47052 11 47308 11 47565 9 47822 7
1f9e429c12f4477221b5b855a5f494fda2ef6d064ff75b061ffaf093e91758c5,31314 3 31569 5 31825 5 32081 5 32338 3
1f9e429c12f4477221b5b855a5f494fda2ef6d064ff75b061ffaf093e91758c5,1569 8 1823 9 2079 10 2335 10 2591 10 2847 10 3104 9 3365 4
1f9e429c12f4477221b5b855a5f494fda2ef6d064ff75b061ffaf093e91758c5,11367 5 11622 7 11877 8 12133 8 12389 8 12645 7 12901 7 13158 6 13414 5 13671 4
