20468e8779c43e089dc0ff30f25e6cf3872d5aa6a0fdad6f8aca382da43e8582,29660 3 29915 5 30171 5 30426 7 30682 7 30938 7 31194 7 31451 5
20468e8779c43e089dc0ff30f25e6cf3872d5aa6a0fdad6f8aca382da43e8582,42757 3 43012 5 43268 6 43524 6 43780 6 44037 4
20468e8779c43e089dc0ff30f25e6cf3872d5aa6a0fdad6f8aca382da43e8582,18700 5 18955 7 19211 8 19467 9 19723 10 19979 11 20236 10 20492 10 20748 10 21005 9 21261 8 21518 6 21775 5 22032 3
20468e8779c43e089dc0ff30f25e6cf3872d5aa6a0fdad6f8aca382da43e8582,41478 3 41733 5 41989 5 42245 5 42502 3
20468e8779c43e089dc0ff30f25e6cf3872d5aa6a0fdad6f8aca382da43e8582,41747 6 42002 8 42257 9 42513 9 42769 9 43025 9 43281 9 43538 8 43795 6
20468e8779c43e089dc0ff30f25e6cf3872d5aa6a0fdad6f8aca382da43e8582,27636 2 27889 8 28144 10 28400 11 28655 12 28911 13 29167 13 29422 14 29678 14 29935 12 30191 12 30448 10 30705 8 30963 2
20468e8779c43e089dc0ff30f25e6cf3872d5aa6a0fdad6f8aca382da43e8582,41485 3 41740 5 41996 5 42252 5 42509 3
20468e8779c43e089dc0ff30f25e6cf3872d5aa6a0fdad6f8aca382da43e8582,158 15 414 15 671 14 926 14 1182 10 1438 10 1694 10 1950 10 2207 8
20468e8779c43e089dc0ff30f25e6cf3872d5aa6a0fdad6f8aca382da43e8582,4485 6 4740 8 4995 9 5251 10 5506 11 5762 11 6018 11 6274 11 6531 10 6788 9 7046 6
20468e8779c43e089dc0ff30f25e6cf3872d5aa6a0fdad6f8aca382da43e8582,40458 3 40713 5 40969 5 41225 5 41481 4 41738 2
20468e8779c43e089dc0ff30f25e6cf3872d5aa6a0fdad6f8aca382da43e8582,27452 5 27707 7 27962 9 28218 9 28475 9 28731 9 28987 9 29243 9 29500 8 29756 8 30012 8 30269 5
20468e8779c43e089dc0ff30f25e6cf3872d5aa6a0fdad6f8aca382da43e8582,51270 9 51525 12 51780 14 52036 15 52292 15 52548 15 52804 15 53060 15 53316 15 53572 15 53829 14 54085 13 54342 7
20468e8779c43e089dc0ff30f25e6cf3872d5aa6a0fdad6f8aca382da43e8582,42508 1 42762 6 43017 7 43274 6 43530 5 43786 4
20468e8779c43e089dc0ff30f25e6cf3872d5aa6a0fdad6f8aca382da43e8582,29385 3 29640 6 29895 8 30151 8 30407 8 30664 6 30920 6 31176 6 31433 3
20468e8779c43e089dc0ff30f25e6cf3872d5aa6a0fdad6f8aca382da43e8582,23080 4 23334 7 23589 9 23844 10 24100 10 24356 10 24612 10 24868 10 25125 9 25381 9 25638 7 25895 5
20468e8779c43e089dc0ff30f25e6cf3872d5aa6a0fdad6f8aca382da43e8582,44050 3 44303 7 44558 8 44814 8 45070 8 45326 8 45583 6 45840 4
20468e8779c43e089dc0ff30f25e6cf3872d5aa6a0fdad6f8aca382da43e8582,151 5 406 7 662 7 918 7 1174 7 1430 7 1687 6 1944 4
20468e8779c43e089dc0ff30f25e6cf3872d5aa6a0fdad6f8aca382da43e8582,35841 3 36097 4 36353 5 36609 5 36865 5 37121 5 37377 5 37633 5 37889 5 38145 4
20468e8779c43e089dc0ff30f25e6cf3872d5aa6a0fdad6f8aca382da43e8582,20738 8 20993 11 21249 12 21505 13 21761 13 22018 12 22275 11 22532 10 22789 8 23046 3
20468e8779c43e089dc0ff30f25e6cf3872d5aa6a0fdad6f8aca382da43e8582,26068 4 26323 7 26579 7 26835 7 27090 8 27347 4
