20b20ab049372d184c705acebe7af026d3580f5fd5a72ed796e3622e1685af2f,125711 7 126311 11 126914 11 127516 12 128119 13 128722 13 129326 12 129929 12 130532 12 131136 11 131740 10 132343 10 132948 8 133552 6
20b20ab049372d184c705acebe7af026d3580f5fd5a72ed796e3622e1685af2f,164426 2 165027 5 165629 7 166231 8 166834 8 167436 9 168039 9 168642 9 169244 10 169847 10 170451 8 171055 6
20b20ab049372d184c705acebe7af026d3580f5fd5a72ed796e3622e1685af2f,303594 2 304197 3 304799 5 305402 6 306006 6 306608 8 307211 9 307814 9 308417 9 309020 9 309623 9 310226 8 310829 7 311432 6 312035 6 312638 5
20b20ab049372d184c705acebe7af026d3580f5fd5a72ed796e3622e1685af2f,292720 5 293322 7 293924 9 294525 11 295126 13 295729 13 296332 13 296935 13 297539 12 298142 12 298747 10
20b20ab049372d184c705acebe7af026d3580f5fd5a72ed796e3622e1685af2f,161271 8 161873 10 162474 14 163076 16 163679 16 164282 16 164885 16 165488 16 166090 17 166693 17 167297 16 167900 15 168503 14 169106 13 169710 12 170314 10 170918 9 171522 6
20b20ab049372d184c705acebe7af026d3580f5fd5a72ed796e3622e1685af2f,358430 6 359031 8 359634 8 360236 9 360839 9 361441 10 362044 10 362647 9 363250 8 363853 7
20b20ab049372d184c705acebe7af026d3580f5fd5a72ed796e3622e1685af2f,155836 5 156438 7 157040 9 157642 10 158244 11 158847 11 159449 13 160052 13 160655 13 161258 13 161862 11 162465 9 163069 7 163674 5
20b20ab049372d184c705acebe7af026d3580f5fd5a72ed796e3622e1685af2f,113095 1 113694 8 114296 9 114897 13 115500 13 116102 14 116705 14 117308 15 117911 15 118514 15 119118 14 119721 14 120325 13 120929 12 121532 12 122136 11 122739 9 123343 8 123948 4
20b20ab049372d184c705acebe7af026d3580f5fd5a72ed796e3622e1685af2f,103528 7 104129 10 104731 11 105334 12 105936 13 106539 13 107142 13 107745 13 108348 13 108952 11 109555 10 110160 6 110764 3
20b20ab049372d184c705acebe7af026d3580f5fd5a72ed796e3622e1685af2f,264389 9 264990 12 265592 13 266195 13 266798 13 267402 12 268006 10 268611 7 269215 5
20b20ab049372d184c705acebe7af026d3580f5fd5a72ed796e3622e1685af2f,329557 3 330159 6 330762 6 331365 6 331969 6 332573 6 333176 6 333780 5 334384 2
20b20ab049372d184c705acebe7af026d3580f5fd5a72ed796e3622e1685af2f,274802 7 275402 12 276005 14 276608 15 277211 16 277814 17 278418 16 279021 17 279625 16 280228 16 280832 16 281437 14 282043 11 282648 9 283253 7 283857 6
20b20ab049372d184c705acebe7af026d3580f5fd5a72ed796e3622e1685af2f,288700 4 289302 5 289904 7 290506 8 291109 8 291712 8 292316 7 292920 6 293524 4
20b20ab049372d184c705acebe7af026d3580f5fd5a72ed796e3622e1685af2f,152962 2 153563 5 154165 6 154768 7 155370 8 155972 9 156575 9 157178 9 157781 8 158383 9 158986 9 159589 9 160192 9 160796 7 161399 7 162004 2
20b20ab049372d184c705acebe7af026d3580f5fd5a72ed796e3622e1685af2f,198025 7 198627 9 199230 9 199833 9 200436 10 201039 10 201642 11 202245 11 202849 11 203452 11 204056 10 204661 8 205264 8 205873 1
20b20ab049372d184c705acebe7af026d3580f5fd5a72ed796e3622e1685af2f,105281 1 105883 7 106486 10 107088 12 107691 13 108294 14 108897 14 109499 15 110102 15 110705 14 111308 14 111911 14 112514 14 113117 14 113721 13 114325 12 114928 12 115532 9 116135 9 116740 5
20b20ab049372d184c705acebe7af026d3580f5fd5a72ed796e3622e1685af2f,347058 4 347660 6 348263 8 348865 9 349468 11 350070 12 350671 14 351273 15 351877 14 352480 14 353084 12 353689 9 354293 8 354896 7
20b20ab049372d184c705acebe7af026d3580f5fd5a72ed796e3622e1685af2f,121644 4 122245 6 122847 8 123449 9 124051 10 124654 10 125257 10 125860 10 126462 11 127063 1 127065 11 127666 12 128269 12 128873 10 129477 9 130081 7 130685 5 131289 3
20b20ab049372d184c705acebe7af026d3580f5fd5a72ed796e3622e1685af2f,153461 2 154062 11 154666 11 155268 13 155872 12 156475 12 157078 13 157683 12 158287 10 158890 10 159494 8 160098 7 160702 5 161306 4
20b20ab049372d184c705acebe7af026d3580f5fd5a72ed796e3622e1685af2f,352517 10 353119 12 353722 13 354324 15 354926 16 355530 15 356132 16 356736 15 357340 13 357945 10
20b20ab049372d184c705acebe7af026d3580f5fd5a72ed796e3622e1685af2f,205425 8 206028 9 206631 10 207234 10 207838 9 208442 8
20b20ab049372d184c705acebe7af026d3580f5fd5a72ed796e3622e1685af2f,127565 6 128166 9 128768 12 129370 15 129973 16 130576 16 131179 17 131782 18 132386 17 132989 15 133593 14 134197 12 134802 8 135408 4
20b20ab049372d184c705acebe7af026d3580f5fd5a72ed796e3622e1685af2f,254893 7 255496 8 256099 9 256702 9 257305 9 257908 9 258511 9 259115 9 259718 9 260321 9 260924 9 261527 9 262130 8 262733 7
20b20ab049372d184c705acebe7af026d3580f5fd5a72ed796e3622e1685af2f,166895 4 167497 6 168099 8 168701 9 169304 9 169907 7 170511 5
20b20ab049372d184c705acebe7af026d3580f5fd5a72ed796e3622e1685af2f,223567 6 224168 8 224770 10 225372 13 225975 13 226578 14 227181 14 227784 15 228387 15 228990 15 229593 13 230196 12 230800 9 231403 8 232007 6
20b20ab049372d184c705acebe7af026d3580f5fd5a72ed796e3622e1685af2f,321100 4 321703 6 322306 7 322909 8 323513 8 324117 7 324721 6 325326 4
20b20ab049372d184c705acebe7af026d3580f5fd5a72ed796e3622e1685af2f,231224 3 231826 5 232429 6 233032 6 233635 7 234238 8 234841 8 235445 7 236049 6 236653 5 237257 2
20b20ab049372d184c705acebe7af026d3580f5fd5a72ed796e3622e1685af2f,160116 3 160716 8 161318 10 161920 12 162523 12 163126 12 163730 11 164333 10 164937 8
20b20ab049372d184c705acebe7af026d3580f5fd5a72ed796e3622e1685af2f,319876 6 320478 7 321081 8 321681 1 321683 9 322284 11 322887 10 323490 10 324093 9 324697 7 325301 6 325906 3
20b20ab049372d184c705acebe7af026d3580f5fd5a72ed796e3622e1685af2f,324682 7 325285 10 325889 10 326491 11 327094 11 327697 11 328300 11 328903 11 329505 11 330109 9 330712 9 331315 9 331919 6 332522 5
20b20ab049372d184c705acebe7af026d3580f5fd5a72ed796e3622e1685af2f,233581 4 234181 8 234784 9 235388 9 235991 10 236595 9 237199 7 237803 5
20b20ab049372d184c705acebe7af026d3580f5fd5a72ed796e3622e1685af2f,90183 4 90785 7 91388 7 91990 9 92591 11 93194 11 93797 11 94400 10 95003 9 95606 8 96210 6 96813 5
20b20ab049372d184c705acebe7af026d3580f5fd5a72ed796e3622e1685af2f,273442 4 274044 6 274647 7 275250 8 275853 9 276456 9 277060 8 277664 7 278268 6
20b20ab049372d184c705acebe7af026d3580f5fd5a72ed796e3622e1685af2f,341578 4 342180 6 342782 8 343384 11 343986 12 344589 12 345192 12 345794 13 346397 12 346999 13 347601 13 348204 12 348808 10 349411 9 350016 7
20b20ab049372d184c705acebe7af026d3580f5fd5a72ed796e3622e1685af2f,352421 1 353023 3 353625 4 354227 5 354830 5 355431 7 356032 9 356635 9 357237 9 357839 10 358442 9 359045 8 359648 8 360252 6 360855 5 361459 3
20b20ab049372d184c705acebe7af026d3580f5fd5a72ed796e3622e1685af2f,245250 10 245852 12 246454 13 247056 14 247659 14 248262 14 248865 14 249467 15 250070 15 250673 15 251276 14 251880 12
20b20ab049372d184c705acebe7af026d3580f5fd5a72ed796e3622e1685af2f,127035 1 127637 5 128240 5 128842 8 129445 9 130047 10 130650 11 131253 11 131855 13 132458 14 133061 13 133664 13 134267 13 134870 12 135473 11 136077 3
20b20ab049372d184c705acebe7af026d3580f5fd5a72ed796e3622e1685af2f,235605 8 236206 15 236809 16 237412 16 238015 16 238618 16 239221 15 239824 14 240428 12 241032 10 241636 9 242241 6
20b20ab049372d184c705acebe7af026d3580f5fd5a72ed796e3622e1685af2f,326519 5 327120 8 327723 10 328326 10 328929 10 329532 11 330135 10 330738 9 331341 9 331945 7 332549 5
20b20ab049372d184c705acebe7af026d3580f5fd5a72ed796e3622e1685af2f,178141 10 178743 13 179345 15 179948 15 180551 15 181154 15 181758 13 182362 11 182968 2 182972 1
20b20ab049372d184c705acebe7af026d3580f5fd5a72ed796e3622e1685af2f,290276 8 290877 11 291478 13 292080 14 292682 15 293284 15 293886 16 294487 17 295091 15 295695 13 296299 11 296904 6
20b20ab049372d184c705acebe7af026d3580f5fd5a72ed796e3622e1685af2f,332594 6 333196 9 333799 9 334402 10 335005 10 335609 9 336213 7
20b20ab049372d184c705acebe7af026d3580f5fd5a72ed796e3622e1685af2f,321635 7 322237 10 322840 10 323442 12 324045 14 324648 14 325250 15 325853 15 326456 14 327059 12 327663 7
20b20ab049372d184c705acebe7af026d3580f5fd5a72ed796e3622e1685af2f,282467 6 283069 8 283672 9 284275 9 284878 10 285481 10 286084 11 286687 11 287290 12 287894 11 288498 10 289103 8 289707 7
20b20ab049372d184c705acebe7af026d3580f5fd5a72ed796e3622e1685af2f,341109 7 341709 11 342311 13 342913 14 343515 15 344118 15 344721 16 345324 16 345927 15 346530 14 347133 12 347737 8
20b20ab049372d184c705acebe7af026d3580f5fd5a72ed796e3622e1685af2f,295310 8 295912 9 296514 11 297116 13 297719 14 298321 15 298924 15 299526 16 300129 16 300732 16 301335 16 301938 16 302542 15 303146 12 303750 8
20b20ab049372d184c705acebe7af026d3580f5fd5a72ed796e3622e1685af2f,206698 8 207300 10 207903 10 208506 10 209110 9 209713 9 210317 7
20b20ab049372d184c705acebe7af026d3580f5fd5a72ed796e3622e1685af2f,348187 5 348788 8 349385 15 349987 17 350590 17 351193 16 351797 14 352400 13 353005 10 353608 7 354213 3
20b20ab049372d184c705acebe7af026d3580f5fd5a72ed796e3622e1685af2f,83591 1 83594 2 84194 6 84795 8 85398 10 86000 11 86602 12 87206 11 87810 10 88412 10 89015 10 89618 10 90221 9 90824 8 91427 7 92031 5 92635 4
20b20ab049372d184c705acebe7af026d3580f5fd5a72ed796e3622e1685af2f,392832 5 393434 7 394037 8 394640 9 395243 10 395846 10 396449 10 397053 9 397657 8 398261 7 398865 5
20b20ab049372d184c705acebe7af026d3580f5fd5a72ed796e3622e1685af2f,139705 5 140308 6 140910 8 141513 9 142115 10 142717 12 143319 13 143922 14 144525 14 145128 14 145731 14 146334 14 146937 13 147541 12 148144 10 148749 6
20b20ab049372d184c705acebe7af026d3580f5fd5a72ed796e3622e1685af2f,115525 1 116126 4 116729 4 117331 5 117933 7 118536 7 119138 9 119740 10 120342 13 120944 13 121547 13 122150 13 122753 13 123356 12 123959 12 124562 11 125166 7 125770 4
20b20ab049372d184c705acebe7af026d3580f5fd5a72ed796e3622e1685af2f,275994 7 276596 9 277198 10 277801 11 278404 11 279007 12 279610 13 280215 12 280819 11 281423 10 282027 9 282630 9 283234 8 283838 6
20b20ab049372d184c705acebe7af026d3580f5fd5a72ed796e3622e1685af2f,270408 7 271011 8 271612 11 272214 13 272817 15 273420 15 274023 15 274627 15 275219 10 275230 15 275822 11 275835 13 276424 13 276439 12 277027 14 277043 10 277630 14 277647 9 278233 14 278251 8 278836 14 279439 14 280042 14 280645 14 281249 13 281852 11
20b20ab049372d184c705acebe7af026d3580f5fd5a72ed796e3622e1685af2f,334370 4 334970 8 335572 10 336174 12 336777 14 337380 14 337983 14 338586 14 339190 13 339794 12 340398 10 341002 8 341609 1
20b20ab049372d184c705acebe7af026d3580f5fd5a72ed796e3622e1685af2f,180136 8 180737 10 181338 13 181941 14 182544 14 183146 15 183749 15 184351 16 184953 17 185556 17 186159 17 186763 16 187366 15 187970 13 188574 11 189179 6 189784 2
20b20ab049372d184c705acebe7af026d3580f5fd5a72ed796e3622e1685af2f,331885 3 332486 10 333089 11 333691 13 334294 13 334897 13 335500 13 336104 11 336707 11 337311 7
20b20ab049372d184c705acebe7af026d3580f5fd5a72ed796e3622e1685af2f,319437 4 320038 7 320641 7 321239 12 321842 13 322445 13 323048 13 323651 13 324255 12 324858 12 325462 8
20b20ab049372d184c705acebe7af026d3580f5fd5a72ed796e3622e1685af2f,95627 9 96228 12 96829 15 97432 15 98034 16 98637 16 99240 17 99843 16 100447 15 101050 15 101654 14 102258 12 102862 11 103467 7 104070 5
20b20ab049372d184c705acebe7af026d3580f5fd5a72ed796e3622e1685af2f,300100 10 300703 12 301306 13 301910 13 302515 10 303118 9 303721 8 304325 5 304929 3
20b20ab049372d184c705acebe7af026d3580f5fd5a72ed796e3622e1685af2f,383871 7 384473 9 385075 11 385677 13 386280 14 386883 14 387486 14 388089 13 388692 13 389295 13 389899 12 390503 11 391106 9 391709 9 392313 7
20b20ab049372d184c705acebe7af026d3580f5fd5a72ed796e3622e1685af2f,335046 8 335645 13 336246 15 336847 17 337449 17 338052 16 338655 16 339258 15 339861 15 340464 14 341068 10 341673 7
20b20ab049372d184c705acebe7af026d3580f5fd5a72ed796e3622e1685af2f,352991 3 353593 5 354195 7 354798 7 355401 7 356005 6 356609 3
20b20ab049372d184c705acebe7af026d3580f5fd5a72ed796e3622e1685af2f,331466 11 332065 16 332666 18 333269 18 333872 18 334475 18 335078 17 335682 16 336286 13 336890 12 337494 10 338099 7
20b20ab049372d184c705acebe7af026d3580f5fd5a72ed796e3622e1685af2f,268560 10 269162 12 269765 13 270368 14 270971 15 271576 14 272179 14 272783 13 273387 11 273991 8 274595 3
20b20ab049372d184c705acebe7af026d3580f5fd5a72ed796e3622e1685af2f,403095 6 403697 8 404298 11 404901 12 405505 11 406107 11 406711 10 407314 9 407917 7 407925 1
20b20ab049372d184c705acebe7af026d3580f5fd5a72ed796e3622e1685af2f,343423 6 344024 9 344625 12 345227 13 345829 15 346433 14 347036 14 347640 13 348243 13 348847 11 349452 8 350057 5 350662 1
20b20ab049372d184c705acebe7af026d3580f5fd5a72ed796e3622e1685af2f,99831 4 100433 7 101034 10 101637 12 102240 12 102843 13 103446 13 104049 14 104652 14 105255 15 105858 15 106462 14 107065 14 107669 13 108272 13 108876 12 109480 11 110083 11 110688 8 111292 6 111896 4
20b20ab049372d184c705acebe7af026d3580f5fd5a72ed796e3622e1685af2f,231179 11 231782 12 232385 12 232989 11 233592 11 234196 10 234800 9 235405 6
20b20ab049372d184c705acebe7af026d3580f5fd5a72ed796e3622e1685af2f,266998 2 267600 6 268203 7 268806 7 269410 6 270014 4
20b20ab049372d184c705acebe7af026d3580f5fd5a72ed796e3622e1685af2f,191435 4 192038 5 192641 5 193244 6 193847 7 194450 7 195053 8 195656 8 196259 8 196862 1 196864 6 197468 5
20b20ab049372d184c705acebe7af026d3580f5fd5a72ed796e3622e1685af2f,331327 5 331930 6 332532 8 333134 10 333736 12 334339 13 334942 14 335546 13 336149 12 336752 12 337356 11 337961 8 338567 4
20b20ab049372d184c705acebe7af026d3580f5fd5a72ed796e3622e1685af2f,190981 4 191581 10 192182 14 192785 16 193388 17 193991 17 194594 17 195197 16 195801 15 196404 14 197008 12 197612 11 198217 8 198822 4
20b20ab049372d184c705acebe7af026d3580f5fd5a72ed796e3622e1685af2f,135393 5 135995 8 136598 10 137201 11 137804 12 138407 13 139010 14 139613 15 140216 15 140820 14 141423 14 142026 14 142630 13 143234 12 143837 12 144441 11 145045 10 145649 8 146253 6 146858 2
20b20ab049372d184c705acebe7af026d3580f5fd5a72ed796e3622e1685af2f,360951 4 361552 8 362152 11 362753 13 363355 14 363958 14 364561 13 365164 13 365768 13 366375 9 366979 9 367585 7 368191 3
20b20ab049372d184c705acebe7af026d3580f5fd5a72ed796e3622e1685af2f,361590 5 362191 8 362794 8 363396 10 363999 11 364602 12 365205 12 365808 12 366411 12 367014 12 367618 11 368222 9 368825 8 369430 5 370034 3
20b20ab049372d184c705acebe7af026d3580f5fd5a72ed796e3622e1685af2f,171670 4 172273 6 172875 10 173478 12 174081 13 174684 13 175287 13 175890 13 176493 13 177097 11 177700 10 178305 6 178909 4
20b20ab049372d184c705acebe7af026d3580f5fd5a72ed796e3622e1685af2f,253701 9 254303 11 254905 13 255508 15 256111 15 256714 15 257317 15 257921 13 258524 12 259127 12 259730 11 260333 10 260936 6
20b20ab049372d184c705acebe7af026d3580f5fd5a72ed796e3622e1685af2f,348827 3 348831 3 349427 11 350030 12 350632 13 351235 14 351838 13 352441 13 353044 13 353647 14 354250 14 354853 13 355457 12 356061 11
20b20ab049372d184c705acebe7af026d3580f5fd5a72ed796e3622e1685af2f,252930 3 253532 6 254134 10 254737 10 255340 10 255944 9 256547 8 257152 4
20b20ab049372d184c705acebe7af026d3580f5fd5a72ed796e3622e1685af2f,258374 5 258975 8 259577 9 260178 11 260781 11 261385 10 261989 8
20b20ab049372d184c705acebe7af026d3580f5fd5a72ed796e3622e1685af2f,97456 1 97458 7 98058 9 98660 11 99263 12 99865 14 100468 15 101071 16 101673 17 102276 17 102879 17 103483 16 104086 16 104689 15 105293 14 105898 12 106503 7 107106 7 107711 3 107715 1
20b20ab049372d184c705acebe7af026d3580f5fd5a72ed796e3622e1685af2f,311535 2 312137 5 312739 8 313341 10 313944 11 314547 10 315150 9 315754 8 316359 4
20b20ab049372d184c705acebe7af026d3580f5fd5a72ed796e3622e1685af2f,202838 3 203439 6 204041 8 204644 9 205247 10 205850 10 206455 7
20b20ab049372d184c705acebe7af026d3580f5fd5a72ed796e3622e1685af2f,242875 6 243477 8 244078 10 244680 11 245283 11 245886 11 246489 11 247092 11 247696 10 248299 10 248903 9 249507 7
20b20ab049372d184c705acebe7af026d3580f5fd5a72ed796e3622e1685af2f,295747 10 296351 9 296954 9 297559 7 298162 6 298766 5
20b20ab049372d184c705acebe7af026d3580f5fd5a72ed796e3622e1685af2f,299995 5 300597 7 301199 8 301800 10 302404 8 303008 6
20b20ab049372d184c705acebe7af026d3580f5fd5a72ed796e3622e1685af2f,353635 7 354237 9 354839 11 355442 11 356045 12 356647 14 357249 15 357852 15 358455 15 359058 15 359661 15 360264 12 360869 7
20b20ab049372d184c705acebe7af026d3580f5fd5a72ed796e3622e1685af2f,98686 6 99287 9 99889 10 100490 13 101093 13 101697 12 102301 11 102904 11 103507 11 104110 11 104713 10 105316 10 105920 8 106524 6 107127 5 107732 2
20b20ab049372d184c705acebe7af026d3580f5fd5a72ed796e3622e1685af2f,180126 3 180728 3 181328 6 181930 7 182532 8 183134 9 183736 10 184338 10 184941 10 185544 10 186147 9 186749 9 187352 8 187955 8 188559 5
20b20ab049372d184c705acebe7af026d3580f5fd5a72ed796e3622e1685af2f,180568 11 181172 11 181775 13 182379 13 182982 14 183586 14 184189 14 184792 15 185396 14 185999 14 186603 13 187207 12 187811 11 188416 7 189020 4
20b20ab049372d184c705acebe7af026d3580f5fd5a72ed796e3622e1685af2f,227167 6 227768 11 228370 13 228973 13 229575 15 230178 15 230781 15 231384 15 231987 15 232591 14 233195 13 233799 9
20b20ab049372d184c705acebe7af026d3580f5fd5a72ed796e3622e1685af2f,104640 4 105242 6 105844 8 106446 9 107049 10 107652 10 108255 10 108857 11 109460 11 110062 12 110664 13 111267 12 111870 11 112474 10 113077 9 113681 7 114285 6 114890 3
20b20ab049372d184c705acebe7af026d3580f5fd5a72ed796e3622e1685af2f,178289 5 178892 6 179495 7 180098 9 180701 9 181304 10 181907 11 182511 10 183116 8 183720 7 184325 5
20b20ab049372d184c705acebe7af026d3580f5fd5a72ed796e3622e1685af2f,208465 1 209066 8 209667 11 210269 15 210872 16 211476 14 212080 12 212683 12 213287 9 213892 5 214497 2
20b20ab049372d184c705acebe7af026d3580f5fd5a72ed796e3622e1685af2f,142047 4 142649 6 143251 7 143854 7 144457 8 145060 8 145663 8 146267 8 146870 8 147473 8 148077 7 148681 6 149284 6 149888 5 150492 3
20b20ab049372d184c705acebe7af026d3580f5fd5a72ed796e3622e1685af2f,136117 3 136121 3 136720 11 137323 11 137926 11 138530 10 139133 10 139737 9 140340 8 140943 8 141548 6 142154 1
20b20ab049372d184c705acebe7af026d3580f5fd5a72ed796e3622e1685af2f,342246 5 342849 6 343451 7 344054 7 344656 8 345259 8 345862 8 346465 8 347068 8 347672 7 348276 7 348879 7 349483 5 350087 2
20b20ab049372d184c705acebe7af026d3580f5fd5a72ed796e3622e1685af2f,321782 8 322385 9 322988 10 323591 10 324194 12 324798 12 325401 11 326004 12 326607 12 327210 9 327814 7
20b20ab049372d184c705acebe7af026d3580f5fd5a72ed796e3622e1685af2f,326023 8 326624 11 327226 13 327827 15 328429 16 329032 16 329633 18 330236 18 330839 17 331442 16 332049 11
20b20ab049372d184c705acebe7af026d3580f5fd5a72ed796e3622e1685af2f,406732 3 407333 6 407935 9 408538 9 409141 9 409743 11 410346 10 410949 10 411552 10 412156 8 412760 6 413364 3
20b20ab049372d184c705acebe7af026d3580f5fd5a72ed796e3622e1685af2f,389925 2 390524 7 391125 10 391727 11 392330 10 392932 11 393537 9 394140 8 394745 5
20b20ab049372d184c705acebe7af026d3580f5fd5a72ed796e3622e1685af2f,200642 1 201240 9 201840 13 202442 14 203043 16 203645 17 204248 17 204851 16 205454 15 206057 14 206662 13 207269 8
20b20ab049372d184c705acebe7af026d3580f5fd5a72ed796e3622e1685af2f,169723 9 170324 13 170927 13 171528 16 172130 18 172733 18 173335 19 173938 19 174541 19 175144 19 175748 18 176351 17 176955 15 177559 13 178163 11 178767 9 179371 7
20b20ab049372d184c705acebe7af026d3580f5fd5a72ed796e3622e1685af2f,312791 1 312795 1 313391 8 313990 13 314592 14 315195 14 315798 15 316401 15 317004 15 317608 14 318211 14 318815 13 319419 3 319427 3
20b20ab049372d184c705acebe7af026d3580f5fd5a72ed796e3622e1685af2f,389279 7 389881 9 390484 9 391086 10 391689 10 392292 10 392895 9 393498 9 394101 8 394704 8 395307 8 395910 6 396513 6
20b20ab049372d184c705acebe7af026d3580f5fd5a72ed796e3622e1685af2f,338716 8 339317 11 339920 11 340521 13 341124 13 341727 13 342330 13 342934 11 343538 9 344142 6
20b20ab049372d184c705acebe7af026d3580f5fd5a72ed796e3622e1685af2f,119763 4 119768 1 120363 10 120966 11 121566 16 122169 15 122771 16 123375 17 123978 17 124581 17 125185 16 125789 15 126392 15 126996 14 127600 12 128204 10 128808 8 129413 5
20b20ab049372d184c705acebe7af026d3580f5fd5a72ed796e3622e1685af2f,204706 6 205308 8 205910 9 206511 11 207114 11 207717 11 208320 11 208924 9 209528 8 210132 5
20b20ab049372d184c705acebe7af026d3580f5fd5a72ed796e3622e1685af2f,316800 5 317402 8 318002 12 318605 12 319209 11 319813 10 320417 9 321021 6
20b20ab049372d184c705acebe7af026d3580f5fd5a72ed796e3622e1685af2f,315644 4 316247 7 316848 9 317451 9 318053 10 318656 10 319259 9 319863 3 319867 1 320467 1
20b20ab049372d184c705acebe7af026d3580f5fd5a72ed796e3622e1685af2f,321138 4 321740 7 322342 9 322945 9 323546 12 324149 12 324753 11 325357 10 325961 9 326565 6
20b20ab049372d184c705acebe7af026d3580f5fd5a72ed796e3622e1685af2f,327198 4 327799 7 328402 9 329003 13 329605 14 330209 13 330813 12 331418 10 332022 6
20b20ab049372d184c705acebe7af026d3580f5fd5a72ed796e3622e1685af2f,221554 3 222156 5 222757 8 223360 8 223963 9 224565 11 225168 11 225771 12 226374 12 226977 12 227581 10 228183 11 228787 9 229390 9 229995 5 230599 4
20b20ab049372d184c705acebe7af026d3580f5fd5a72ed796e3622e1685af2f,310807 4 311404 13 312006 15 312609 15 313212 15 313816 14 314419 14 315023 12 315626 5
20b20ab049372d184c705acebe7af026d3580f5fd5a72ed796e3622e1685af2f,138369 4 138968 9 139570 10 140173 10 140776 10 141379 10 141982 10 142585 10 143189 9 143792 9 144396 8 145000 6 145604 4
20b20ab049372d184c705acebe7af026d3580f5fd5a72ed796e3622e1685af2f,117291 6 117894 7 118496 10 119098 11 119701 12 120304 12 120907 13 121510 13 122113 13 122717 12 123320 13 123924 12 124528 11 125132 10 125735 10 126339 9 126943 8 127547 7 128150 7 128754 6 129358 5
20b20ab049372d184c705acebe7af026d3580f5fd5a72ed796e3622e1685af2f,301126 6 301728 8 302331 9 302934 9 303537 9 304140 9 304745 7 305350 2
20b20ab049372d184c705acebe7af026d3580f5fd5a72ed796e3622e1685af2f,355600 6 356202 8 356804 9 357406 10 358009 10 358612 10 359216 8 359819 7 360423 4
20b20ab049372d184c705acebe7af026d3580f5fd5a72ed796e3622e1685af2f,283636 7 284238 9 284840 11 285442 12 286045 10 286649 8 287253 4
20b20ab049372d184c705acebe7af026d3580f5fd5a72ed796e3622e1685af2f,222978 7 223579 10 224182 11 224785 11 225388 11 225991 11 226594 11 227198 9 227801 8
20b20ab049372d184c705acebe7af026d3580f5fd5a72ed796e3622e1685af2f,220333 6 220933 10 221535 11 222136 13 222739 13 223342 14 223945 14 224548 14 225151 14 225755 13 226359 11 226964 8 227568 6
20b20ab049372d184c705acebe7af026d3580f5fd5a72ed796e3622e1685af2f,385606 7 386208 9 386811 10 387414 11 388017 12 388620 12 389223 12 389826 12 390430 11 391036 8 391639 7 392243 4
20b20ab049372d184c705acebe7af026d3580f5fd5a72ed796e3622e1685af2f,379083 6 379683 10 380286 10 380889 11 381492 10 382096 8 382700 6 383303 5
20b20ab049372d184c705acebe7af026d3580f5fd5a72ed796e3622e1685af2f,260346 9 260948 10 261550 12 262153 13 262756 13 263359 14 263962 14 264565 15 265169 14 265773 13 266377 12 266980 12 267583 11 268186 8
20b20ab049372d184c705acebe7af026d3580f5fd5a72ed796e3622e1685af2f,187828 8 188430 11 189034 11 189637 12 190241 13 190844 14 191448 12 192053 10 192657 9 193261 8 193867 3
20b20ab049372d184c705acebe7af026d3580f5fd5a72ed796e3622e1685af2f,283221 8 283823 10 284425 11 285028 12 285631 13 286234 14 286837 14 287440 15 288044 14 288647 14 289250 14 289853 13 290457 10 291061 8 291665 5
20b20ab049372d184c705acebe7af026d3580f5fd5a72ed796e3622e1685af2f,351349 7 351951 9 352551 1 352553 11 353154 14 353757 14 354360 15 354963 15 355566 15 356169 15 356773 14 357376 14 357979 13 358584 12 359188 9 359791 8 360398 1
20b20ab049372d184c705acebe7af026d3580f5fd5a72ed796e3622e1685af2f,400108 10 400709 14 401311 16 401913 18 402517 17 403121 16 403725 15 404330 11 404934 9 405539 4
20b20ab049372d184c705acebe7af026d3580f5fd5a72ed796e3622e1685af2f,359719 10 360320 14 360922 15 361525 14 362128 14 362731 14 363335 14 363940 12 364543 12 365149 6 365755 1
20b20ab049372d184c705acebe7af026d3580f5fd5a72ed796e3622e1685af2f,230000 5 230603 6 231206 7 231809 9 232412 10 233015 11 233618 12 234222 12 234825 12 235429 12 236032 12 236636 11 237240 10 237844 9 238448 8 239053 4
20b20ab049372d184c705acebe7af026d3580f5fd5a72ed796e3622e1685af2f,272364 4 272966 6 273569 7 274172 7 274775 8 275378 8 275981 8 276586 6 277190 5 277794 4 278398 2
20b20ab049372d184c705acebe7af026d3580f5fd5a72ed796e3622e1685af2f,353746 6 354347 9 354949 10 355552 11 356154 11 356757 11 357358 12 357961 12 358563 13 359165 14 359768 13 360371 11 360975 9 361579 7 362183 3
20b20ab049372d184c705acebe7af026d3580f5fd5a72ed796e3622e1685af2f,281399 5 282002 6 282605 7 283208 7 283812 7 284416 6 285021 4
20b20ab049372d184c705acebe7af026d3580f5fd5a72ed796e3622e1685af2f,151196 4 151797 7 152398 10 153000 11 153602 12 154204 13 154807 13 155409 14 156011 15 156614 15 157217 15 157820 15 158423 15 159026 15 159629 14 160232 14 160835 13 161438 12 162042 10 162646 8 163251 5
20b20ab049372d184c705acebe7af026d3580f5fd5a72ed796e3622e1685af2f,380272 6 380873 11 381474 13 382077 13 382679 14 383282 15 383885 14 384488 14 385091 14 385697 10 386302 6
20b20ab049372d184c705acebe7af026d3580f5fd5a72ed796e3622e1685af2f,239020 4 239621 8 240223 10 240825 12 241427 14 242030 15 242632 16 243236 15 243839 15 244444 12 245049 8
20b20ab049372d184c705acebe7af026d3580f5fd5a72ed796e3622e1685af2f,114861 4 115464 5 116066 7 116669 8 117269 12 117872 12 118475 13 119078 13 119682 13 120286 12 120890 11 121494 10 122098 9 122703 6
20b20ab049372d184c705acebe7af026d3580f5fd5a72ed796e3622e1685af2f,388658 6 389261 8 389864 9 390467 11 391070 11 391673 12 392276 12 392879 12 393483 11 394086 11 394689 11 395292 10 395896 9 396500 7 397105 4
20b20ab049372d184c705acebe7af026d3580f5fd5a72ed796e3622e1685af2f,126329 3 126931 6 127533 8 128136 8 128738 10 129341 11 129944 12 130547 13 131151 13 131754 14 132357 14 132960 15 133563 15 134167 14 134770 14 135373 14 135977 13 136580 12 137184 10 137788 7 138391 6 138995 3
20b20ab049372d184c705acebe7af026d3580f5fd5a72ed796e3622e1685af2f,368082 7 368685 8 369287 9 369890 9 370493 9 371096 9 371699 9 372302 9 372905 9 373509 8 374113 7
20b20ab049372d184c705acebe7af026d3580f5fd5a72ed796e3622e1685af2f,397747 6 398349 8 398952 9 399555 9 400158 9 400761 9 401364 9 401968 8 402571 6
20b20ab049372d184c705acebe7af026d3580f5fd5a72ed796e3622e1685af2f,337976 3 338579 5 339181 7 339783 9 340385 11 340988 12 341590 13 342193 14 342796 14 343399 14 344002 14 344606 13 345209 13 345815 9 346420 6
20b20ab049372d184c705acebe7af026d3580f5fd5a72ed796e3622e1685af2f,400664 3 401266 5 401868 7 402470 8 403073 8 403676 8 404280 7 404884 6 405488 4
20b20ab049372d184c705acebe7af026d3580f5fd5a72ed796e3622e1685af2f,313880 2 314480 6 315082 8 315681 1 315683 10 316284 12 316887 12 317491 11 318095 10 318700 6
20b20ab049372d184c705acebe7af026d3580f5fd5a72ed796e3622e1685af2f,84782 1 85382 6 85984 8 86586 8 87189 9 87791 10 88394 8 88996 9 89600 7 90202 7 90808 1
20b20ab049372d184c705acebe7af026d3580f5fd5a72ed796e3622e1685af2f,242074 6 242675 10 243278 10 243881 12 244485 11 245088 12 245691 12 246294 12 246898 11 247503 8
20b20ab049372d184c705acebe7af026d3580f5fd5a72ed796e3622e1685af2f,286070 6 286671 10 287272 13 287875 13 288478 14 289081 14 289684 14 290287 14 290890 14 291493 13 292097 11 292701 10 293305 6
20b20ab049372d184c705acebe7af026d3580f5fd5a72ed796e3622e1685af2f,394717 6 395319 7 395921 8 396524 8 397126 9 397728 10 398331 10 398933 10 399535 10 400138 9 400741 8 401345 6
20b20ab049372d184c705acebe7af026d3580f5fd5a72ed796e3622e1685af2f,336142 3 336741 7 337343 10 337944 12 338546 13 339150 12 339752 13 340356 11 340959 11 341562 10 342165 10 342769 9 343372 8 343975 8 344578 7 345181 7 345785 5 346389 2
20b20ab049372d184c705acebe7af026d3580f5fd5a72ed796e3622e1685af2f,362686 8 363288 10 363891 11 364494 12 365097 12 365700 13 366303 13 366906 13 367509 13 368112 12 368715 12 369318 11 369921 9 370524 6 370533 6 371135 7 371737 9 372338 11 372940 13 373541 15 374144 14 374747 14 375350 14 375953 14 376556 12 377159 10 377762 10 378366 7 378969 7
20b20ab049372d184c705acebe7af026d3580f5fd5a72ed796e3622e1685af2f,292879 10 293481 12 294084 12 294686 14 295289 14 295891 15 296494 15 297097 15 297701 14 298304 14 298908 13 299512 11 300117 8
20b20ab049372d184c705acebe7af026d3580f5fd5a72ed796e3622e1685af2f,212071 2 212671 5 213275 5 213877 8 214480 9 215083 9 215687 8 216291 8 216894 8 217498 8 218102 7 218706 5
20b20ab049372d184c705acebe7af026d3580f5fd5a72ed796e3622e1685af2f,176971 9 177573 10 178174 13 178776 14 179379 15 179983 14 180586 14 181190 13 181794 12 182398 11 183002 10 183606 7 184210 5
20b20ab049372d184c705acebe7af026d3580f5fd5a72ed796e3622e1685af2f,167475 4 168076 7 168678 9 169280 11 169883 12 170485 14 171087 16 171690 16 172292 17 172895 17 173498 16 174101 16 174704 15 175307 13 175910 12 176514 7 176522 1 177119 3
20b20ab049372d184c705acebe7af026d3580f5fd5a72ed796e3622e1685af2f,178195 3 178797 6 179399 7 180002 8 180605 9 181208 9 181811 9 182414 10 183017 10 183621 10 184224 10 184827 10 185431 8 186035 7 186640 3
20b20ab049372d184c705acebe7af026d3580f5fd5a72ed796e3622e1685af2f,344689 7 345290 10 345892 11 346495 12 347098 13 347701 14 348304 14 348908 13 349511 13 350114 13 350718 12 351322 11 351926 8 352534 1
20b20ab049372d184c705acebe7af026d3580f5fd5a72ed796e3622e1685af2f,252518 6 253121 7 253724 7 254327 8 254930 9 255532 10 256133 12 256735 13 257338 13 257941 13 258546 11 259150 10 259754 8
20b20ab049372d184c705acebe7af026d3580f5fd5a72ed796e3622e1685af2f,224741 5 225343 6 225944 7 226547 7 227149 9 227751 10 228354 10 228957 11 229560 11 230163 11 230766 11 231369 11 231972 11 232575 11 233178 11 233781 9 234385 7
20b20ab049372d184c705acebe7af026d3580f5fd5a72ed796e3622e1685af2f,315133 5 315736 6 316338 8 316941 9 317544 9 318147 10 318750 10 319353 10 319957 9 320561 7 321165 3
20b20ab049372d184c705acebe7af026d3580f5fd5a72ed796e3622e1685af2f,412745 4 413346 8 413949 8 414551 10 415154 10 415756 11 416360 10 416963 9 417566 8 418171 4
20b20ab049372d184c705acebe7af026d3580f5fd5a72ed796e3622e1685af2f,395867 6 396470 7 397072 9 397675 9 398278 11 398881 11 399485 11 400089 10 400692 10 401296 9 401900 8 402504 7
20b20ab049372d184c705acebe7af026d3580f5fd5a72ed796e3622e1685af2f,216161 2 216762 5 217364 7 217965 10 218568 10 219171 10 219773 11 220377 10 220980 10 221585 7
20b20ab049372d184c705acebe7af026d3580f5fd5a72ed796e3622e1685af2f,359803 6 360405 7 361008 7 361610 8 362212 9 362814 10 363417 9 364020 7
20b20ab049372d184c705acebe7af026d3580f5fd5a72ed796e3622e1685af2f,257122 7 257723 10 258324 13 258926 15 259529 15 260132 15 260735 15 261340 13 261945 10 262550 6
20b20ab049372d184c705acebe7af026d3580f5fd5a72ed796e3622e1685af2f,238004 5 238606 8 239209 9 239812 9 240415 9 241018 9 241621 9 242224 9 242827 9 243430 9 244034 8 244638 7
20b20ab049372d184c705acebe7af026d3580f5fd5a72ed796e3622e1685af2f,234212 6 234813 9 235415 11 236018 13 236621 13 237224 13 237826 14 238430 13 239033 13 239636 12 240239 11 240843 9 241446 7 242050 4
20b20ab049372d184c705acebe7af026d3580f5fd5a72ed796e3622e1685af2f,375940 5 376539 11 377142 12 377744 13 378347 13 378950 13 379553 13 380157 11 380763 5
20b20ab049372d184c705acebe7af026d3580f5fd5a72ed796e3622e1685af2f,214532 10 215135 10 215738 11 216341 11 216944 11 217547 11 218150 11 218753 11 219356 10
20b20ab049372d184c705acebe7af026d3580f5fd5a72ed796e3622e1685af2f,233220 9 233821 12 234423 14 235026 14 235629 14 236232 14 236835 14 237439 13 238043 11 238648 6
20b20ab049372d184c705acebe7af026d3580f5fd5a72ed796e3622e1685af2f,219296 6 219896 1 219898 7 220500 9 221103 9 221707 8 222312 5
20b20ab049372d184c705acebe7af026d3580f5fd5a72ed796e3622e1685af2f,302531 9 303131 13 303734 14 304336 16 304939 17 305542 17 306145 17 306748 17 307352 16 307955 16 308559 15 309163 14 309768 11 310372 8
20b20ab049372d184c705acebe7af026d3580f5fd5a72ed796e3622e1685af2f,318042 5 318640 12 319241 15 319844 15 320447 15 321049 16 321652 16 322255 15 322859 12 323462 10 324066 9 324670 6
20b20ab049372d184c705acebe7af026d3580f5fd5a72ed796e3622e1685af2f,236180 6 236783 7 237385 9 237988 9 238591 10 239194 10 239798 9 240402 8 241006 7 241611 5
20b20ab049372d184c705acebe7af026d3580f5fd5a72ed796e3622e1685af2f,272407 8 273009 10 273612 11 274215 11 274818 11 275421 11 276024 11 276627 11 277230 11 277833 10 278436 9 279041 6
20b20ab049372d184c705acebe7af026d3580f5fd5a72ed796e3622e1685af2f,412197 7 412800 8 413402 9 414005 9 414608 9 415211 9 415814 8 416418 6
20b20ab049372d184c705acebe7af026d3580f5fd5a72ed796e3622e1685af2f,247678 12 248280 14 248883 16 249486 16 250089 16 250692 16 251296 14 251901 11 252505 10 253110 6
20b20ab049372d184c705acebe7af026d3580f5fd5a72ed796e3622e1685af2f,151774 5 152376 8 152979 9 153581 10 154183 11 154786 11 155388 12 155990 13 156593 12 157196 12 157799 10 158403 8 159007 6 159611 2
20b20ab049372d184c705acebe7af026d3580f5fd5a72ed796e3622e1685af2f,242059 7 242662 9 243265 10 243868 11 244472 10 245075 11 245678 12 246282 11 246885 12 247488 12 248091 12 248695 11 249299 9 249903 8 250508 5
20b20ab049372d184c705acebe7af026d3580f5fd5a72ed796e3622e1685af2f,206678 1 206680 8 207279 15 207882 15 208484 16 209087 17 209691 16 210294 16 210898 14 211502 13 212106 11 212713 6
20b20ab049372d184c705acebe7af026d3580f5fd5a72ed796e3622e1685af2f,210703 3 211302 8 211903 11 212506 12 213109 14 213713 14 214316 14 214920 14 215526 11 216130 10 216735 8 217339 7 217943 6 218548 3
20b20ab049372d184c705acebe7af026d3580f5fd5a72ed796e3622e1685af2f,381978 4 382578 9 383179 11 383782 11 384384 12 384986 13 385589 13 386192 13 386795 12 387399 11 388003 9 388607 7
20b20ab049372d184c705acebe7af026d3580f5fd5a72ed796e3622e1685af2f,335022 7 335624 10 336226 11 336829 12 337432 12 338035 12 338638 12 339242 11 339845 11 340449 10 341053 9
20b20ab049372d184c705acebe7af026d3580f5fd5a72ed796e3622e1685af2f,154703 7 155306 8 155909 9 156512 10 157115 10 157718 10 158321 10 158924 10 159527 10 160130 9 160735 5
20b20ab049372d184c705acebe7af026d3580f5fd5a72ed796e3622e1685af2f,248726 4 249327 7 249929 9 250532 9 251135 9 251738 9 252342 7 252945 7
20b20ab049372d184c705acebe7af026d3580f5fd5a72ed796e3622e1685af2f,296319 1 296919 10 297520 11 298123 11 298726 10 299329 10 299932 8 300535 8 301138 7 301742 6 302345 5 302948 5 303552 2
20b20ab049372d184c705acebe7af026d3580f5fd5a72ed796e3622e1685af2f,185381 3 185983 8 186585 11 187187 13 187790 14 188393 15 188995 17 189599 17 190202 17 190805 17 191409 16 192013 15 192617 13 193221 10 193825 6 194429 3
20b20ab049372d184c705acebe7af026d3580f5fd5a72ed796e3622e1685af2f,324769 5 325372 6 325975 7 326578 8 327181 9 327784 10 328388 10 328993 8 329598 6
20b20ab049372d184c705acebe7af026d3580f5fd5a72ed796e3622e1685af2f,401939 4 402541 6 403144 6 403746 7 404349 7 404952 7 405554 8 406156 9 406758 10 407360 11 407963 10 408566 8 409169 7 409772 6 410376 4
20b20ab049372d184c705acebe7af026d3580f5fd5a72ed796e3622e1685af2f,212700 4 213303 6 213906 7 214509 7 215112 9 215715 13 216318 13 216921 14 217524 14 218127 14 218730 13 219333 13 219937 12 220540 12 221145 8
20b20ab049372d184c705acebe7af026d3580f5fd5a72ed796e3622e1685af2f,371767 6 372368 8 372970 10 373573 10 374175 11 374779 10 375383 9 375985 10 376588 11 377191 10 377795 9 378398 8 379002 5
20b20ab049372d184c705acebe7af026d3580f5fd5a72ed796e3622e1685af2f,373022 6 373624 7 374227 8 374829 12 375432 13 376034 14 376637 14 377240 14 377843 14 378446 13 379049 12 379653 10 380257 8 380862 6 381467 1
20b20ab049372d184c705acebe7af026d3580f5fd5a72ed796e3622e1685af2f,154754 6 155355 9 155958 10 156561 10 157164 9 157768 8 158372 6 158975 5 159579 5 160182 3 160786 2
20b20ab049372d184c705acebe7af026d3580f5fd5a72ed796e3622e1685af2f,110180 4 110782 5 111384 7 111986 8 112588 9 113191 9 113794 9 114397 8 115000 8 115604 6 116207 5 116811 3
20b20ab049372d184c705acebe7af026d3580f5fd5a72ed796e3622e1685af2f,292255 8 292855 12 293458 12 294061 12 294664 12 295269 10 295873 8
20b20ab049372d184c705acebe7af026d3580f5fd5a72ed796e3622e1685af2f,316977 2 317577 7 318179 10 318782 11 319386 11 319989 11 320591 12 321194 13 321797 13 322402 11 323007 1 323010 2 323013 1
20b20ab049372d184c705acebe7af026d3580f5fd5a72ed796e3622e1685af2f,363923 6 364525 8 365127 9 365728 13 366329 16 366932 16 367535 15 368137 16 368740 14 369343 13 369946 11
20b20ab049372d184c705acebe7af026d3580f5fd5a72ed796e3622e1685af2f,379635 6 380237 10 380840 11 381443 11 382045 12 382648 12 383251 12 383854 12 384457 11 385063 8
20b20ab049372d184c705acebe7af026d3580f5fd5a72ed796e3622e1685af2f,196851 6 197453 8 198056 9 198658 11 199262 10 199865 11 200468 12 201071 12 201675 11 202278 11 202881 11 203485 10 204088 10 204692 9 205296 6 205303 1 205901 2
20b20ab049372d184c705acebe7af026d3580f5fd5a72ed796e3622e1685af2f,310785 6 311387 8 311990 9 312592 11 313195 11 313798 12 314401 13 315004 14 315607 14 316209 14 316813 13 317416 12 318020 8
20b20ab049372d184c705acebe7af026d3580f5fd5a72ed796e3622e1685af2f,198645 4 199246 8 199849 9 200451 11 201054 12 201657 13 202260 13 202863 14 203467 13 204070 13 204673 14 205277 13 205880 13 206485 11 207089 10 207694 7
20b20ab049372d184c705acebe7af026d3580f5fd5a72ed796e3622e1685af2f,245834 6 246437 7 247040 8 247643 9 248246 9 248849 9 249452 10 250055 10 250659 9 251262 9 251867 7
20b20ab049372d184c705acebe7af026d3580f5fd5a72ed796e3622e1685af2f,342740 4 343342 7 343944 8 344547 9 345150 10 345753 10 346357 9 346960 9 347564 8 348170 4
20b20ab049372d184c705acebe7af026d3580f5fd5a72ed796e3622e1685af2f,305432 4 306033 7 306635 8 307237 10 307840 10 308443 10 309047 9 309650 7
20b20ab049372d184c705acebe7af026d3580f5fd5a72ed796e3622e1685af2f,342291 6 342892 9 343495 10 344098 11 344701 12 344714 1 345305 13 345908 14 346511 14 347115 13 347719 12 348322 12 348925 12 349528 11 350132 9
20b20ab049372d184c705acebe7af026d3580f5fd5a72ed796e3622e1685af2f,368858 3 369459 7 370062 7 370664 8 371267 8 371871 7 372475 5
20b20ab049372d184c705acebe7af026d3580f5fd5a72ed796e3622e1685af2f,372957 5 373559 7 374161 8 374764 8 375367 9 375969 10 376571 11 377174 11 377777 11 378380 11 378983 11 379584 13 380187 13 380790 11 381393 5
20b20ab049372d184c705acebe7af026d3580f5fd5a72ed796e3622e1685af2f,151031 5 151631 10 152232 13 152835 14 153437 16 154039 16 154642 16 155245 16 155846 18 156451 16 157054 15 157658 13 158261 12 158865 8 159470 2
20b20ab049372d184c705acebe7af026d3580f5fd5a72ed796e3622e1685af2f,348354 8 348955 11 349557 12 350158 14 350761 14 351364 14 351967 14 352570 14 353173 12 353777 10 354382 5
20b20ab049372d184c705acebe7af026d3580f5fd5a72ed796e3622e1685af2f,123400 6 124002 8 124604 9 125207 10 125809 11 126412 11 127015 11 127617 12 128221 11 128824 11 129426 12 130029 11 130632 11 131236 10 131839 10 132443 8 133047 6 133651 5 134254 4
20b20ab049372d184c705acebe7af026d3580f5fd5a72ed796e3622e1685af2f,336805 2 337407 4 338009 5 338610 8 339212 9 339814 11 340417 13 341020 12 341624 11 342227 10 342832 7 343436 4
20b20ab049372d184c705acebe7af026d3580f5fd5a72ed796e3622e1685af2f,405574 7 406177 8 406780 8 407383 8 407986 8 408589 8 409192 8 409797 4
20b20ab049372d184c705acebe7af026d3580f5fd5a72ed796e3622e1685af2f,300153 4 300755 7 301358 8 301961 8 302565 7 303169 6 303773 5
20b20ab049372d184c705acebe7af026d3580f5fd5a72ed796e3622e1685af2f,140205 4 140807 7 141410 8 142012 9 142615 10 143217 12 143820 12 144423 13 145026 13 145629 13 146232 13 146835 13 147438 13 148041 13 148645 12 149248 12 149852 10 150455 9 151060 6 151664 3
20b20ab049372d184c705acebe7af026d3580f5fd5a72ed796e3622e1685af2f,128792 1 128794 1 129395 4 129997 7 130600 9 131202 11 131806 10 132410 10 133013 10 133616 10 134219 10 134822 10 135425 10 136027 11 136630 11 137233 11 137837 10 138440 8 139042 9 139646 5 139652 1 140249 4
20b20ab049372d184c705acebe7af026d3580f5fd5a72ed796e3622e1685af2f,285652 12 286255 15 286857 17 287459 19 288062 19 288665 19 289268 19 289871 19 290474 19 291078 16 291683 11
20b20ab049372d184c705acebe7af026d3580f5fd5a72ed796e3622e1685af2f,110128 4 110730 6 111332 8 111934 10 112537 11 113139 13 113742 14 114345 14 114948 14 115551 14 116154 14 116758 13 117361 13 117964 13 118567 12 119170 12 119774 9 120378 7 120982 4
20b20ab049372d184c705acebe7af026d3580f5fd5a72ed796e3622e1685af2f,238035 6 238637 8 239239 10 239842 11 240443 14 241044 17 241647 16 242250 16 242853 16 243456 16 244059 15 244663 12
20b20ab049372d184c705acebe7af026d3580f5fd5a72ed796e3622e1685af2f,197642 7 198243 12 198842 17 199444 18 200047 18 200650 18 201253 18 201857 17 202461 16 203066 13 203670 11 204275 8 204880 4
20b20ab049372d184c705acebe7af026d3580f5fd5a72ed796e3622e1685af2f,144382 3 144983 6 145585 8 146187 9 146790 9 147392 10 147995 10 148598 10 149201 10 149805 9 150408 8 151013 5
20b20ab049372d184c705acebe7af026d3580f5fd5a72ed796e3622e1685af2f,383214 11 383815 15 384417 16 385020 16 385623 16 386226 16 386829 15 387433 13 388038 5 388045 3
20b20ab049372d184c705acebe7af026d3580f5fd5a72ed796e3622e1685af2f,328283 7 328884 10 329486 13 330089 13 330692 13 331295 14 331898 15 332501 15 333105 14 333708 14 334311 14 334916 12 335521 4
20b20ab049372d184c705acebe7af026d3580f5fd5a72ed796e3622e1685af2f,237869 4 238471 6 239073 8 239677 8 240281 8 240885 7 241489 7 242094 5
20b20ab049372d184c705acebe7af026d3580f5fd5a72ed796e3622e1685af2f,353065 7 353668 12 354271 13 354874 14 355478 13 356082 13 356685 14 357288 1 357290 12 357894 11 358498 9 359103 4
20b20ab049372d184c705acebe7af026d3580f5fd5a72ed796e3622e1685af2f,255484 7 256085 10 256687 11 257290 11 257893 11 258496 11 259099 11 259702 11 260305 11 260908 11 261512 11 262115 11 262719 10 263323 9 263927 8 264531 7 265136 3
20b20ab049372d184c705acebe7af026d3580f5fd5a72ed796e3622e1685af2f,301289 5 301890 7 302492 8 303095 10 303698 9 304301 7 304904 6 305507 5
20b20ab049372d184c705acebe7af026d3580f5fd5a72ed796e3622e1685af2f,149867 3 150468 7 151070 9 151672 11 152275 12 152877 13 153481 12 154085 11 154689 10 155292 10 155897 7
20b20ab049372d184c705acebe7af026d3580f5fd5a72ed796e3622e1685af2f,319407 5 320008 8 320610 12 320624 2 321212 18 321815 18 322417 18 323020 18 323623 17 324226 17 324829 16 325433 15 326037 14 326641 11 327245 9 327850 6
20b20ab049372d184c705acebe7af026d3580f5fd5a72ed796e3622e1685af2f,170300 6 170902 8 171506 8 172109 9 172713 8 173317 8 173920 8 174524 7
20b20ab049372d184c705acebe7af026d3580f5fd5a72ed796e3622e1685af2f,187990 5 188592 7 189194 9 189796 11 190398 12 190999 14 191601 15 192204 15 192807 15 193408 16 194010 16 194613 16 195216 13 195819 10 196423 7 197027 5
20b20ab049372d184c705acebe7af026d3580f5fd5a72ed796e3622e1685af2f,383162 7 383764 8 384367 9 384970 9 385573 9 386176 9 386779 8 387383 7
20b20ab049372d184c705acebe7af026d3580f5fd5a72ed796e3622e1685af2f,87227 6 87829 8 88431 9 89033 11 89636 11 90239 11 90841 12 91444 12 92047 12 92650 12 93253 12 93857 9 94460 8
20b20ab049372d184c705acebe7af026d3580f5fd5a72ed796e3622e1685af2f,163234 7 163836 9 164439 10 165041 12 165644 13 166247 13 166850 13 167453 13 168057 12 168661 11 169266 9 169871 6
20b20ab049372d184c705acebe7af026d3580f5fd5a72ed796e3622e1685af2f,191559 6 192161 8 192764 9 193366 10 193969 10 194573 9 195176 8 195780 6
20b20ab049372d184c705acebe7af026d3580f5fd5a72ed796e3622e1685af2f,245668 6 246268 10 246870 12 247473 13 248076 13 248678 15 249281 15 249884 15 250488 14 251091 14 251695 13 252298 12 252902 10 253508 5
20b20ab049372d184c705acebe7af026d3580f5fd5a72ed796e3622e1685af2f,369387 3 369393 1 369988 10 370590 12 371193 13 371796 15 372399 15 373002 15 373605 14 374209 13 374813 12 375417 9 376022 7 376626 1
20b20ab049372d184c705acebe7af026d3580f5fd5a72ed796e3622e1685af2f,306173 7 306773 11 307376 11 307978 13 308581 13 309183 14 309786 14 310389 14 310992 14 311595 13 312198 13 312802 12 313405 11 314009 8 314612 5
20b20ab049372d184c705acebe7af026d3580f5fd5a72ed796e3622e1685af2f,138983 5 139585 7 140187 10 140790 10 141393 11 141995 12 142598 13 143201 13 143804 13 144407 13 145010 13 145614 12 146217 12 146818 14 147422 13 148026 12 148629 12 149234 8 149838 4
20b20ab049372d184c705acebe7af026d3580f5fd5a72ed796e3622e1685af2f,139685 6 140288 8 140891 9 141493 12 142096 12 142699 12 143303 10 143906 8 143915 1 144509 8 145113 7 145717 6 146322 2
20b20ab049372d184c705acebe7af026d3580f5fd5a72ed796e3622e1685af2f,140332 1 140933 6 141535 9 142137 11 142738 14 143340 15 143942 17 144545 16 145147 17 145751 16 146353 17 146957 15 147561 14 148165 13 148769 8 148778 2 149375 4
20b20ab049372d184c705acebe7af026d3580f5fd5a72ed796e3622e1685af2f,168543 5 169145 7 169747 9 170349 11 170953 10 171555 11 172158 11 172762 10 173365 10 173969 8 174573 6 175178 3
20b20ab049372d184c705acebe7af026d3580f5fd5a72ed796e3622e1685af2f,261369 2 261969 5 262570 7 263171 9 263771 12 264372 13 264974 14 265577 13 266180 12 266784 10 267389 6
20b20ab049372d184c705acebe7af026d3580f5fd5a72ed796e3622e1685af2f,363278 4 363879 7 364482 7 365084 8 365686 9 366288 10 366890 11 367493 11 368096 11 368699 11 369302 11 369905 11
20b20ab049372d184c705acebe7af026d3580f5fd5a72ed796e3622e1685af2f,210722 5 211322 8 211924 10 212525 12 213128 12 213731 12 214334 12 214937 12 215540 12 216143 12 216747 11 217350 10 217955 8 218558 7 219163 3
20b20ab049372d184c705acebe7af026d3580f5fd5a72ed796e3622e1685af2f,112559 7 113160 10 113763 11 114364 13 114967 13 115569 14 116171 15 116774 15 117376 16 117979 16 118583 15 119186 15 119790 14 120393 13 120997 12 121600 11 122205 8 122809 6
20b20ab049372d184c705acebe7af026d3580f5fd5a72ed796e3622e1685af2f,359083 10 359686 11 360289 13 360892 13 361494 14 362096 15 362699 14 363302 14 363905 13 364508 11 365111 11 365715 8 366318 7 366922 5 367526 3
20b20ab049372d184c705acebe7af026d3580f5fd5a72ed796e3622e1685af2f,338533 5 339135 9 339736 12 340337 14 340940 14 341543 13 342146 13 342750 12 343354 11 343958 10 344562 8 345167 5
20b20ab049372d184c705acebe7af026d3580f5fd5a72ed796e3622e1685af2f,391659 8 392261 11 392864 12 393467 12 394070 12 394673 12 395277 11 395881 10 396485 7 397089 6 397695 1
20b20ab049372d184c705acebe7af026d3580f5fd5a72ed796e3622e1685af2f,104623 3 105225 5 105827 6 106430 7 107032 8 107635 9 108237 10 108841 9 109445 8 110048 8 110653 5 111257 2
20b20ab049372d184c705acebe7af026d3580f5fd5a72ed796e3622e1685af2f,410968 5 411570 7 412173 7 412776 8 413379 8 413982 8 414585 8 415188 8 415792 5
20b20ab049372d184c705acebe7af026d3580f5fd5a72ed796e3622e1685af2f,128863 4 129464 8 130066 10 130669 10 131272 11 131874 12 132477 12 133080 12 133682 14 134285 14 134888 14 135492 13 136095 12 136699 10 137303 9 137906 8 138510 7 139112 6 139717 1 139719 2
20b20ab049372d184c705acebe7af026d3580f5fd5a72ed796e3622e1685af2f,362170 5 362772 9 363375 9 363977 11 364581 10 365185 9 365788 9 366391 7 366994 6
20b20ab049372d184c705acebe7af026d3580f5fd5a72ed796e3622e1685af2f,197483 4 198085 6 198687 8 199290 8 199893 8 200497 7 201101 6 201705 5 202310 2
20b20ab049372d184c705acebe7af026d3580f5fd5a72ed796e3622e1685af2f,417615 3 418216 6 418819 7 419422 7 420025 7 420628 7 421232 6 421836 4
20b20ab049372d184c705acebe7af026d3580f5fd5a72ed796e3622e1685af2f,131223 1 131824 7 132427 8 133028 10 133632 9 134234 11 134837 11 135440 11 136042 13 136645 13 137248 13 137852 13 138455 12 139058 13 139662 13 140265 12 140868 12 141472 9 142076 7 142681 3
20b20ab049372d184c705acebe7af026d3580f5fd5a72ed796e3622e1685af2f,160686 7 161287 11 161889 12 162493 12 163096 13 163700 12 164303 13 164907 13 165510 13 166115 12 166718 12 167322 11 167926 9 168531 7 169135 5
20b20ab049372d184c705acebe7af026d3580f5fd5a72ed796e3622e1685af2f,263952 5 264553 9 265155 10 265757 13 266360 13 266963 14 267566 14 268169 14 268772 14 269375 14 269978 14 270583 12 271187 11 271793 6 272399 3
20b20ab049372d184c705acebe7af026d3580f5fd5a72ed796e3622e1685af2f,218117 4 218718 7 219321 9 219923 10 220526 10 221129 11 221733 11 222336 14 222941 13 223544 15 224148 14 224762 2
20b20ab049372d184c705acebe7af026d3580f5fd5a72ed796e3622e1685af2f,231851 4 232453 7 233055 9 233657 10 234260 10 234864 9 235469 6 236072 4
20b20ab049372d184c705acebe7af026d3580f5fd5a72ed796e3622e1685af2f,308549 3 309151 7 309754 8 310356 10 310958 12 311561 13 312163 14 312765 15 313368 15 313972 14 314575 15 315179 10 315782 9 316386 8 316991 5
20b20ab049372d184c705acebe7af026d3580f5fd5a72ed796e3622e1685af2f,303582 5 304183 9 304783 12 305386 12 305989 13 306592 13 307196 12 307799 13 308402 12 309007 9 309611 8 310216 6
20b20ab049372d184c705acebe7af026d3580f5fd5a72ed796e3622e1685af2f,187780 3 188381 7 188984 8 189587 9 190190 10 190794 9 191397 9 192000 9 192603 10 193207 9 193810 10 194414 9 195018 8 195622 5
20b20ab049372d184c705acebe7af026d3580f5fd5a72ed796e3622e1685af2f,275211 3 275811 8 276411 12 277012 14 277614 15 278216 16 278819 16 279422 16 280025 16 280628 16 281231 16 281834 15 282438 14 283042 12 283647 9 284252 6 284857 2
20b20ab049372d184c705acebe7af026d3580f5fd5a72ed796e3622e1685af2f,249869 7 250471 10 251074 11 251675 14 252279 15 252882 15 253486 14 254089 13 254693 12 255298 9
20b20ab049372d184c705acebe7af026d3580f5fd5a72ed796e3622e1685af2f,327260 6 327862 8 328465 8 329068 9 329671 9 330274 9 330877 9 331481 7 332085 5 332689 3
20b20ab049372d184c705acebe7af026d3580f5fd5a72ed796e3622e1685af2f,266171 4 266771 8 267373 10 267976 11 268578 13 269180 15 269782 16 270385 16 270988 16 271591 16 272195 15 272798 14 273402 11 274007 6
20b20ab049372d184c705acebe7af026d3580f5fd5a72ed796e3622e1685af2f,351901 4 352502 7 353104 8 353707 9 354310 9 354910 1 354912 11 355513 13 356116 13 356719 13 357322 13 357926 12 358530 11 359135 8
20b20ab049372d184c705acebe7af026d3580f5fd5a72ed796e3622e1685af2f,114986 4 115588 6 116190 8 116793 9 117395 10 117998 11 118600 13 119203 14 119806 14 120409 14 121012 14 121615 14 122218 15 122821 13 123424 12 124027 11 124630 10 125234 8
20b20ab049372d184c705acebe7af026d3580f5fd5a72ed796e3622e1685af2f,147510 6 148112 7 148714 9 149316 11 149918 11 150521 11 151123 10 151726 9 152330 7 152934 6
20b20ab049372d184c705acebe7af026d3580f5fd5a72ed796e3622e1685af2f,196996 6 197598 8 198200 10 198802 12 199405 13 200008 14 200611 15 201214 15 201818 15 202422 14 203025 14 203629 13 204233 11 204838 7
20b20ab049372d184c705acebe7af026d3580f5fd5a72ed796e3622e1685af2f,213691 4 214293 6 214895 8 215498 9 216101 9 216704 9 217307 9 217910 9 218514 7 219117 6 219721 2
20b20ab049372d184c705acebe7af026d3580f5fd5a72ed796e3622e1685af2f,380221 8 380821 11 381422 14 382024 15 382627 15 383230 15 383834 14 384437 14 385041 13 385646 10 386250 9
20b20ab049372d184c705acebe7af026d3580f5fd5a72ed796e3622e1685af2f,306122 3 306723 6 307325 8 307927 11 308530 12 309133 11 309735 12 310337 13 310941 13 311545 12 312149 2 312152 1 312155 4
20b20ab049372d184c705acebe7af026d3580f5fd5a72ed796e3622e1685af2f,282483 4 283086 6 283689 7 284292 7 284895 7 285498 7 286102 6 286705 6 287310 2
20b20ab049372d184c705acebe7af026d3580f5fd5a72ed796e3622e1685af2f,368235 5 368838 6 369441 6 370044 6 370647 6 371250 6 371853 5 372457 3
20b20ab049372d184c705acebe7af026d3580f5fd5a72ed796e3622e1685af2f,210687 7 211289 9 211891 10 212494 11 213096 13 213700 13 214303 13 214907 13 215511 12 216115 11 216719 10 217324 7 217929 4
20b20ab049372d184c705acebe7af026d3580f5fd5a72ed796e3622e1685af2f,342864 5 343465 8 344067 10 344670 10 345273 11 345876 11 346479 11 347082 11 347685 11 348288 11 348891 11 349494 9 350098 6
20b20ab049372d184c705acebe7af026d3580f5fd5a72ed796e3622e1685af2f,226406 7 227009 8 227612 10 228215 11 228819 10 229422 11 230026 10 230630 10 231234 9 231839 7 232443 5
20b20ab049372d184c705acebe7af026d3580f5fd5a72ed796e3622e1685af2f,252916 3 253517 6 254120 7 254722 11 255325 12 255928 12 256531 12 257135 10 257738 10 258341 10 258944 10 259548 7 260151 5
20b20ab049372d184c705acebe7af026d3580f5fd5a72ed796e3622e1685af2f,368813 3 369414 9 370016 11 370619 11 371222 12 371825 14 372429 13 373033 12 373636 12 374240 11 374844 10 375447 9 376052 5
20b20ab049372d184c705acebe7af026d3580f5fd5a72ed796e3622e1685af2f,266952 5 267554 6 268156 8 268759 9 269361 10 269964 11 270567 11 271171 10 271777 7
20b20ab049372d184c705acebe7af026d3580f5fd5a72ed796e3622e1685af2f,189211 4 189813 5 190415 7 191018 7 191621 7 192224 6 192827 5
20b20ab049372d184c705acebe7af026d3580f5fd5a72ed796e3622e1685af2f,259518 5 260120 7 260722 9 261324 11 261927 12 262530 13 263133 14 263736 15 264340 14 264943 14 265547 13 266152 11 266756 10
20b20ab049372d184c705acebe7af026d3580f5fd5a72ed796e3622e1685af2f,368769 6 369367 12 369970 12 370572 13 371175 13 371778 14 372382 12 372985 13 373589 12 374193 10 374797 7 375402 4 376007 1
20b20ab049372d184c705acebe7af026d3580f5fd5a72ed796e3622e1685af2f,157840 5 158442 7 159043 10 159646 10 160248 11 160851 10 161453 11 162056 11 162659 10 163262 9 163866 7 164469 6
20b20ab049372d184c705acebe7af026d3580f5fd5a72ed796e3622e1685af2f,223379 6 223981 7 224583 9 225184 11 225787 11 226390 11 226994 9 227598 7 228202 5 228806 2
20b20ab049372d184c705acebe7af026d3580f5fd5a72ed796e3622e1685af2f,175932 5 176533 8 177134 10 177736 12 178339 12 178942 13 179545 13 180148 13 180751 13 181355 11 181958 10 182562 6 183166 3
20b20ab049372d184c705acebe7af026d3580f5fd5a72ed796e3622e1685af2f,335060 3 335663 13 336266 14 336868 15 337471 15 338074 17 338677 16 339280 17 339886 12 340491 7 341094 5
20b20ab049372d184c705acebe7af026d3580f5fd5a72ed796e3622e1685af2f,302356 8 302957 13 303559 14 304162 14 304765 14 305367 14 305970 14 306573 12 307179 2
