2227fd9b01d67c2bcdb407d3205214e6dfeff9fd0725828e3b3651959942ff4a,31328 7 31582 10 31837 11 32092 12 32348 11 32604 11 32860 10 33116 10 33373 8 33629 7 33886 5
2227fd9b01d67c2bcdb407d3205214e6dfeff9fd0725828e3b3651959942ff4a,29838 2 30093 4 30348 5 30604 5 30859 6 31115 6 31371 6 31627 6 31884 5 32141 4 32397 3
2227fd9b01d67c2bcdb407d3205214e6dfeff9fd0725828e3b3651959942ff4a,26670 1 26921 10 27176 12 27432 12 27687 13 27941 15 28197 14 28452 14 28708 14 28964 13 29221 11 29480 7
2227fd9b01d67c2bcdb407d3205214e6dfeff9fd0725828e3b3651959942ff4a,28481 4 28735 7 28991 8 29247 9 29502 10 29758 10 30014 11 30270 11 30527 9 30783 9 31039 9 31295 8 31553 5
2227fd9b01d67c2bcdb407d3205214e6dfeff9fd0725828e3b3651959942ff4a,34724 2 34979 4 35235 5 35490 7 35746 7 36002 8 36258 9 36514 9 36770 10 37026 11 37282 11 37539 10 37796 10 38055 7 38311 6 38568 5
2227fd9b01d67c2bcdb407d3205214e6dfeff9fd0725828e3b3651959942ff4a,41754 6 41761 3 42009 12 42265 12 42521 12 42777 12 43034 10 43291 8
2227fd9b01d67c2bcdb407d3205214e6dfeff9fd0725828e3b3651959942ff4a,36379 5 36634 7 36890 8 37146 8 37403 6
2227fd9b01d67c2bcdb407d3205214e6dfeff9fd0725828e3b3651959942ff4a,64270 8 64525 10 64780 11 65035 14 65291 15
2227fd9b01d67c2bcdb407d3205214e6dfeff9fd0725828e3b3651959942ff4a,27882 4 28137 6 28392 7 28646 9 28901 10 29157 11 29413 11 29669 11 29926 3 29931 5 30187 5 30444 3
2227fd9b01d67c2bcdb407d3205214e6dfeff9fd0725828e3b3651959942ff4a,32755 7 33010 10 33265 12 33521 13 33777 13 34033 13 34290 12 34546 12 34803 11 35060 10 35320 6 35577 4
2227fd9b01d67c2bcdb407d3205214e6dfeff9fd0725828e3b3651959942ff4a,24615 10 24869 13 25124 15 25379 16 25635 16 25891 16 26146 17 26402 17 26658 12 26671 3 26914 7 27170 6 27426 6 27683 4
2227fd9b01d67c2bcdb407d3205214e6dfeff9fd0725828e3b3651959942ff4a,54423 6 54678 8 54934 8 55190 8 55446 8 55703 7 55961 4
2227fd9b01d67c2bcdb407d3205214e6dfeff9fd0725828e3b3651959942ff4a,39759 3 40014 5 40270 6 40526 7 40782 7 41038 7 41294 7 41551 7 41808 6 42065 5 42322 4
2227fd9b01d67c2bcdb407d3205214e6dfeff9fd0725828e3b3651959942ff4a,39180 2 39435 7 39691 8 39947 8 40204 7 40462 5 40719 3
2227fd9b01d67c2bcdb407d3205214e6dfeff9fd0725828e3b3651959942ff4a,42034 4 42287 8 42542 13 42797 14 43053 14 43309 14 43565 14 43821 14 44077 14 44334 12 44590 11 44846 11 45103 9 45360 8 45619 4
2227fd9b01d67c2bcdb407d3205214e6dfeff9fd0725828e3b3651959942ff4a,50207 10 50462 12 50717 14 50973 14 51229 14 51485 5 51494 5 51741 5 51751 3 51998 3
2227fd9b01d67c2bcdb407d3205214e6dfeff9fd0725828e3b3651959942ff4a,8948 10 9203 13 9459 14 9715 14 9971 14 10227 14 10484 13 10743 10 11001 8 11262 3 11518 3 11775 2
2227fd9b01d67c2bcdb407d3205214e6dfeff9fd0725828e3b3651959942ff4a,21762 4 22017 7 22273 8 22529 9 22785 9 23041 10 23297 10 23554 9 23811 8 24068 6
2227fd9b01d67c2bcdb407d3205214e6dfeff9fd0725828e3b3651959942ff4a,57983 5 58237 7 58493 7 58748 7 59003 8 59259 7 59514 8 59770 8 60027 6 60284 5
2227fd9b01d67c2bcdb407d3205214e6dfeff9fd0725828e3b3651959942ff4a,19325 6 19579 10 19834 11 20089 14 20344 16 20600 16 20856 17 21111 18 21368 16 21624 16 21882 13 22139 12 22397 9 22655 6
2227fd9b01d67c2bcdb407d3205214e6dfeff9fd0725828e3b3651959942ff4a,63771 6 64026 9 64282 10 64535 1 64537 12 64791 15 65049 13 65306 12
2227fd9b01d67c2bcdb407d3205214e6dfeff9fd0725828e3b3651959942ff4a,57386 3 57641 5 57897 5 58153 5 58410 3
2227fd9b01d67c2bcdb407d3205214e6dfeff9fd0725828e3b3651959942ff4a,45896 4 46151 6 46407 7 46663 8 46919 8 47176 7 47435 3
2227fd9b01d67c2bcdb407d3205214e6dfeff9fd0725828e3b3651959942ff4a,41985 2 42241 3 42497 3 42753 3 43009 3 43265 3 43521 3 43777 3 44033 2
2227fd9b01d67c2bcdb407d3205214e6dfeff9fd0725828e3b3651959942ff4a,20250 3 20505 5 20760 6 21015 7 21270 8 21526 8 21781 8 22036 9 22291 9 22547 9 22803 8 23060 6 23318 2
2227fd9b01d67c2bcdb407d3205214e6dfeff9fd0725828e3b3651959942ff4a,30081 7 30336 9 30592 10 30848 10 31104 10 31360 10 31616 11 31873 10 32131 9 32387 10 32643 10 32900 9 33157 8 33414 6
2227fd9b01d67c2bcdb407d3205214e6dfeff9fd0725828e3b3651959942ff4a,47107 5 47363 6 47618 7 47874 8 48130 9 48386 10 48643 10 48899 10 49157 9 49416 6 49673 6 49930 4
2227fd9b01d67c2bcdb407d3205214e6dfeff9fd0725828e3b3651959942ff4a,43231 5 43485 7 43740 9 43996 9 44251 10 44507 10 44763 10 45019 10 45275 10 45532 8 45787 9 46043 8 46299 8 46555 7 46813 5 47069 4
2227fd9b01d67c2bcdb407d3205214e6dfeff9fd0725828e3b3651959942ff4a,63689 3 63943 5 64197 7 64452 8 64707 8 64963 6 65219 5 65477 2
2227fd9b01d67c2bcdb407d3205214e6dfeff9fd0725828e3b3651959942ff4a,41748 4 42003 6 42258 7 42514 7 42770 6 43026 5 43282 5 43539 3
2227fd9b01d67c2bcdb407d3205214e6dfeff9fd0725828e3b3651959942ff4a,52303 5 52558 7 52814 7 53069 8 53325 8 53581 7 53837 7 54094 5 54351 3
2227fd9b01d67c2bcdb407d3205214e6dfeff9fd0725828e3b3651959942ff4a,47432 3 47438 2 47687 10 47943 10 48199 10 48455 10 48711 10 48968 8 49225 4
2227fd9b01d67c2bcdb407d3205214e6dfeff9fd0725828e3b3651959942ff4a,12804 3 13059 5 13314 6 13569 7 13825 7 14081 7 14337 7 14593 7 14849 7 15105 7 15361 6 15618 4
2227fd9b01d67c2bcdb407d3205214e6dfeff9fd0725828e3b3651959942ff4a,57109 4 57364 6 57619 7 57874 8 58130 8 58386 8 58642 7 58898 6 59154 6 59411 4
2227fd9b01d67c2bcdb407d3205214e6dfeff9fd0725828e3b3651959942ff4a,59693 6 59947 10 60203 11 60458 13 60714 13 60970 13 61226 13 61482 13 61739 11 61996 9 62254 5
2227fd9b01d67c2bcdb407d3205214e6dfeff9fd0725828e3b3651959942ff4a,23819 2 24074 4 24326 8 24582 8 24838 8 25094 8 25350 8 25606 8 25862 7 26119 3
2227fd9b01d67c2bcdb407d3205214e6dfeff9fd0725828e3b3651959942ff4a,49921 1 50177 2 50433 2 50689 3 50945 4 51201 5 51457 6 51713 7 51969 8 52226 7 52483 5
2227fd9b01d67c2bcdb407d3205214e6dfeff9fd0725828e3b3651959942ff4a,13833 6 14088 8 14344 8 14600 9 14856 9 15112 10 15367 10 15623 9 15882 6
2227fd9b01d67c2bcdb407d3205214e6dfeff9fd0725828e3b3651959942ff4a,23948 5 24203 7 24458 10 24714 10 24970 11 25226 11 25482 11 25739 10 25995 11 26251 11 26507 11 26763 11 27019 11 27276 10 27532 10 27789 8 28047 5
2227fd9b01d67c2bcdb407d3205214e6dfeff9fd0725828e3b3651959942ff4a,56354 3 56609 5 56865 5 57121 5 57378 3
2227fd9b01d67c2bcdb407d3205214e6dfeff9fd0725828e3b3651959942ff4a,11274 6 11530 8 11786 9 12042 9 12297 10 12553 10 12810 6
2227fd9b01d67c2bcdb407d3205214e6dfeff9fd0725828e3b3651959942ff4a,45796 2 46051 4 46307 4 46562 6 46818 6 47073 7 47328 8 47584 8 47840 7 48096 7 48352 6 48609 4
2227fd9b01d67c2bcdb407d3205214e6dfeff9fd0725828e3b3651959942ff4a,27888 7 28143 10 28399 11 28655 11 28911 11 29168 10 29424 10 29680 10 29936 9 30192 3 30196 4
2227fd9b01d67c2bcdb407d3205214e6dfeff9fd0725828e3b3651959942ff4a,55693 5 55948 8 56204 9 56460 9 56716 9 56972 9 57229 8 57486 7 57743 5
2227fd9b01d67c2bcdb407d3205214e6dfeff9fd0725828e3b3651959942ff4a,52359 6 52613 9 52869 10 53126 10 53383 10 53640 9 53898 7 54155 6 54413 3
2227fd9b01d67c2bcdb407d3205214e6dfeff9fd0725828e3b3651959942ff4a,60591 9 60845 13 61100 15 61355 17 61610 18 61866 19 62121 20 62377 21 62633 21 62889 21 63144 22 63400 21 63656 21 63912 20 64169 19 64425 18 64682 17 64939 15 65196 14 65452 12
2227fd9b01d67c2bcdb407d3205214e6dfeff9fd0725828e3b3651959942ff4a,60733 6 60989 7 61244 9 61500 9 61756 9 62012 9 62268 9 62524 9 62780 9 63037 7 63294 5
2227fd9b01d67c2bcdb407d3205214e6dfeff9fd0725828e3b3651959942ff4a,58587 5 58842 8 59097 10 59352 13 59608 14 59864 14 60120 15 60377 14 60634 13 60892 11 61148 10 61405 8 61663 4
2227fd9b01d67c2bcdb407d3205214e6dfeff9fd0725828e3b3651959942ff4a,4609 2 4865 4 5121 5 5377 6 5633 6 5889 7 6145 7 6401 7 6657 7 6913 7 7169 7
2227fd9b01d67c2bcdb407d3205214e6dfeff9fd0725828e3b3651959942ff4a,51350 5 51605 5 51860 6 52115 7 52370 7 52627 6 52883 5 53139 4
2227fd9b01d67c2bcdb407d3205214e6dfeff9fd0725828e3b3651959942ff4a,38158 4 38413 6 38669 6 38925 6 39182 4
2227fd9b01d67c2bcdb407d3205214e6dfeff9fd0725828e3b3651959942ff4a,38168 3 38423 5 38678 6 38934 6 39189 7 39445 8 39701 7 39959 5 40215 5
2227fd9b01d67c2bcdb407d3205214e6dfeff9fd0725828e3b3651959942ff4a,39808 3 40062 6 40317 8 40572 9 40829 9 41085 9 41341 10 41597 10 41854 8 42111 7 42368 5 42625 3
2227fd9b01d67c2bcdb407d3205214e6dfeff9fd0725828e3b3651959942ff4a,25655 3 25910 5 26166 5 26422 5 26679 3
2227fd9b01d67c2bcdb407d3205214e6dfeff9fd0725828e3b3651959942ff4a,39796 3 40051 5 40307 7 40563 8 40820 8 41077 8 41334 7 41591 6 41848 4
2227fd9b01d67c2bcdb407d3205214e6dfeff9fd0725828e3b3651959942ff4a,11802 2 12058 3 12311 6 12566 7 12822 7 13078 8 13336 7 13595 4 13851 5 14108 3 14364 2
2227fd9b01d67c2bcdb407d3205214e6dfeff9fd0725828e3b3651959942ff4a,50428 3 50683 5 50939 5 51194 6 51449 7 51702 10 51957 10 52213 9 52469 8 52725 7 52982 3
2227fd9b01d67c2bcdb407d3205214e6dfeff9fd0725828e3b3651959942ff4a,32518 4 32773 5 33028 7 33283 8 33539 8 33794 9 34050 9 34306 8 34562 8 34818 7 35075 6 35331 5 35588 2
2227fd9b01d67c2bcdb407d3205214e6dfeff9fd0725828e3b3651959942ff4a,37631 2 37886 3 38140 5 38396 5 38651 6 38907 6 39165 4
2227fd9b01d67c2bcdb407d3205214e6dfeff9fd0725828e3b3651959942ff4a,15930 4 16185 7 16441 8 16697 8 16953 8 17209 8 17465 8 17722 7 17981 3
