23830d0e51245fc0c9e410efa4c17d2a7d83a0104a3777130119ab892de47a4e,39511 5 39764 10 40019 12 40274 14 40530 15 40785 17 41041 17 41297 17 41553 17 41809 17 42065 17 42321 17 42578 15 42835 14 43091 13 43347 12 43604 10 43862 4
23830d0e51245fc0c9e410efa4c17d2a7d83a0104a3777130119ab892de47a4e,96 7 350 10 603 13 857 16 1112 17 1368 17 1624 16 1880 16 2137 15 2393 16 2649 16 2906 15 3163 14 3420 12
23830d0e51245fc0c9e410efa4c17d2a7d83a0104a3777130119ab892de47a4e,150 11 406 11 663 9 920 6
23830d0e51245fc0c9e410efa4c17d2a7d83a0104a3777130119ab892de47a4e,54253 2 54507 5 54759 10 55014 11 55270 11 55526 11 55782 11 56038 11 56294 11 56550 11 56806 10 57063 9 57320 7 57579 3
23830d0e51245fc0c9e410efa4c17d2a7d83a0104a3777130119ab892de47a4e,36879 8 37134 10 37389 12 37645 12 37901 13 38157 14 38413 15 38668 16 38924 16 39180 17 39436 17 39692 17 39949 15 40206 13 40463 11 40720 9 40978 5
23830d0e51245fc0c9e410efa4c17d2a7d83a0104a3777130119ab892de47a4e,28761 3 29015 7 29269 10 29524 12 29779 13 30034 15 30289 16 30545 16 30801 16 31056 17 31312 17 31568 17 31824 17 32080 16 32337 15 32593 14 32850 12 33107 10 33365 6
23830d0e51245fc0c9e410efa4c17d2a7d83a0104a3777130119ab892de47a4e,22541 6 22794 10 23049 12 23304 14 23559 16 23814 18 24069 19 24325 19 24581 19 24837 19 25094 18 25350 18 25606 18 25862 18 26118 8 26130 5 26375 4
23830d0e51245fc0c9e410efa4c17d2a7d83a0104a3777130119ab892de47a4e,14352 4 14606 9 14860 12 15115 13 15370 14 15626 15 15882 16 16138 17 16394 17 16650 17 16906 17 17162 17 17419 16 17676 15 17933 14 18190 12 18447 10 18704 8 18961 6 19218 4
23830d0e51245fc0c9e410efa4c17d2a7d83a0104a3777130119ab892de47a4e,257 1 513 2 769 3 1025 4 1281 5 1537 5 1793 4 2049 4 2305 4 2561 5 2817 6 3073 6 3329 6 3585 5 3841 5 4097 4 4353 3 4609 2
23830d0e51245fc0c9e410efa4c17d2a7d83a0104a3777130119ab892de47a4e,51115 4 51368 9 51623 12 51878 14 52133 15 52388 16 52643 18 52899 18 53154 19 53409 19 53665 19 53921 18 54177 18 54433 17 54689 17 54945 17 55202 15 55458 14 55715 13 55971 13 56228 12 56486 9 56745 3
23830d0e51245fc0c9e410efa4c17d2a7d83a0104a3777130119ab892de47a4e,48041 4 48295 7 48550 8 48806 8 49062 8 49318 7 49575 4
23830d0e51245fc0c9e410efa4c17d2a7d83a0104a3777130119ab892de47a4e,21030 6 21283 10 21538 12 21793 14 22048 16 22304 17 22560 17 22816 16 23072 15 23327 16 23583 17 23840 16 24096 16 24352 16 24609 14 24866 12 25123 5
23830d0e51245fc0c9e410efa4c17d2a7d83a0104a3777130119ab892de47a4e,3631 9 3886 11 4141 13 4396 15 4652 16 4908 16 5164 17 5419 18 5675 18 5930 19 6186 19 6442 19 6698 19 6954 19 7210 19 7466 19 7722 19 7978 18 8235 16 8491 15 8748 13 9006 6
23830d0e51245fc0c9e410efa4c17d2a7d83a0104a3777130119ab892de47a4e,3012 9 3263 15 3518 17 3773 19 4028 23 4283 25 4539 25 4796 24 5052 24 5308 24 5564 24 5820 23 6076 22 6331 23 6587 22 6843 21 7099 20 7355 20 7611 20 7867 20 8124 19 8381 18 8640 14 8900 8 9158 5
23830d0e51245fc0c9e410efa4c17d2a7d83a0104a3777130119ab892de47a4e,10533 7 10788 9 11043 11 11298 13 11554 13 11809 14 12064 15 12320 15 12576 15 12832 15 13089 13 13345 12 13602 11 13858 10 14115 5
23830d0e51245fc0c9e410efa4c17d2a7d83a0104a3777130119ab892de47a4e,19201 2 19457 4 19713 5 19969 6 20225 6 20481 7 20737 7 20993 7 21249 7 21505 6 21761 5 22017 3 22273 2 22529 1
23830d0e51245fc0c9e410efa4c17d2a7d83a0104a3777130119ab892de47a4e,14380 10 14635 12 14889 14 15144 15 15399 16 15654 17 15910 17 16165 18 16421 18 16676 18 16932 17 17188 17 17443 18 17699 18 17956 17 18212 17 18468 16 18725 14 18982 13 19239 11 19496 8 19753 5 20011 2
23830d0e51245fc0c9e410efa4c17d2a7d83a0104a3777130119ab892de47a4e,59184 5 59438 8 59693 10 59948 12 60204 15 60459 17 60715 17 60971 18 61227 18 61483 19 61739 19 61996 18 62252 18 62509 17 62765 17 63022 15 63279 13 63537 8
23830d0e51245fc0c9e410efa4c17d2a7d83a0104a3777130119ab892de47a4e,26139 4 26393 7 26648 8 26904 9 27160 9 27416 9 27672 9 27929 8 28186 6
23830d0e51245fc0c9e410efa4c17d2a7d83a0104a3777130119ab892de47a4e,5650 2 5904 6 6158 9 6413 11 6669 12 6924 15 7179 17 7435 17 7690 18 7946 18 8202 18 8458 19 8714 19 8970 19 9226 19 9483 18 9740 16 9998 14 10256 11 10516 6 10773 4
23830d0e51245fc0c9e410efa4c17d2a7d83a0104a3777130119ab892de47a4e,29203 5 29456 9 29711 11 29966 13 30221 15 30477 15 30733 15 30989 16 31245 16 31501 16 31757 16 32014 14 32270 14 32527 12 32784 10 33042 6
23830d0e51245fc0c9e410efa4c17d2a7d83a0104a3777130119ab892de47a4e,20 16 275 17 530 19 786 19 1042 19 1298 19 1554 19 1810 19 2066 19 2323 18 2579 18 2835 17 3092 16 3349 14 3606 12
23830d0e51245fc0c9e410efa4c17d2a7d83a0104a3777130119ab892de47a4e,28534 3 28786 8 29041 10 29295 13 29550 14 29806 15 30061 17 30317 17 30573 17 30829 17 31085 17 31341 16 31597 16 31853 16 32109 15 32365 15 32621 14 32878 12 33135 10 33392 9 33649 7 33907 4
23830d0e51245fc0c9e410efa4c17d2a7d83a0104a3777130119ab892de47a4e,36907 6 37162 8 37417 10 37672 11 37928 12 38183 13 38439 13 38695 13 38951 13 39208 11 39464 11 39721 9 39978 5
23830d0e51245fc0c9e410efa4c17d2a7d83a0104a3777130119ab892de47a4e,54103 2 54108 3 54358 10 54613 12 54868 13 55124 13 55380 13 55636 14 55893 13 56150 12 56408 10 56669 4
23830d0e51245fc0c9e410efa4c17d2a7d83a0104a3777130119ab892de47a4e,11960 5 12215 7 12470 9 12725 11 12981 11 13236 12 13492 12 13748 12 14005 11 14261 10 14518 9 14775 7
23830d0e51245fc0c9e410efa4c17d2a7d83a0104a3777130119ab892de47a4e,39798 9 40053 11 40307 14 40562 15 40818 16 41074 16 41331 15 41587 15 41843 15 42100 13 42357 12 42616 8 42874 5
23830d0e51245fc0c9e410efa4c17d2a7d83a0104a3777130119ab892de47a4e,22841 5 23096 8 23351 10 23605 13 23860 15 24116 15 24372 16 24627 17 24883 17 25139 17 25395 16 25651 16 25908 14 26164 12 26421 10 26679 6
23830d0e51245fc0c9e410efa4c17d2a7d83a0104a3777130119ab892de47a4e,237 5 491 9 746 11 1001 13 1257 14 1513 14 1769 15 2025 15 2281 15 2537 15 2793 16 3049 16 3305 17 3561 17 3818 16 4076 13 4333 12 4589 11 4845 10 5101 9 5358 7
23830d0e51245fc0c9e410efa4c17d2a7d83a0104a3777130119ab892de47a4e,26126 4 26379 8 26633 11 26888 13 27143 15 27398 16 27654 16 27910 16 28165 17 28421 17 28677 17 28933 16 29189 14 29445 11 29702 9 29959 7 30215 6 30472 4
23830d0e51245fc0c9e410efa4c17d2a7d83a0104a3777130119ab892de47a4e,10200 3 10455 5 10711 6 10967 7 11222 9 11470 4 11477 10 11725 18 11980 19 12235 20 12491 19 12746 20 13002 20 13259 19 13516 18 13772 19 14028 19 14285 18 14541 18 14798 16 15055 15 15313 12 15571 8 15828 5
23830d0e51245fc0c9e410efa4c17d2a7d83a0104a3777130119ab892de47a4e,21342 9 21596 13 21851 15 22106 16 22361 18 22617 18 22873 19 23129 19 23384 20 23640 20 23896 20 24152 20 24409 18 24665 18 24921 17 25177 16 25433 15 25690 13 25948 10 26207 5
23830d0e51245fc0c9e410efa4c17d2a7d83a0104a3777130119ab892de47a4e,42028 4 42282 7 42535 11 42789 13 43044 14 43300 14 43555 15 43811 16 44067 17 44323 17 44579 17 44835 16 45091 15 45348 13 45605 11 45863 9 46120 8 46379 5 46636 3
23830d0e51245fc0c9e410efa4c17d2a7d83a0104a3777130119ab892de47a4e,23419 6 23673 11 23928 13 24183 15 24439 16 24694 17 24950 18 25206 18 25462 18 25717 19 25973 19 26230 18 26486 18 26742 17 26999 16 27256 14 27513 12 27770 10 28028 7
23830d0e51245fc0c9e410efa4c17d2a7d83a0104a3777130119ab892de47a4e,64315 4 64566 10 64821 12 65076 14 65332 14
23830d0e51245fc0c9e410efa4c17d2a7d83a0104a3777130119ab892de47a4e,46677 5 46932 8 47187 11 47442 13 47698 14 47953 16 48209 16 48464 17 48720 17 48976 16 49232 16 49488 15 49744 15 50001 13 50257 12 50514 10 50771 8 51029 4
23830d0e51245fc0c9e410efa4c17d2a7d83a0104a3777130119ab892de47a4e,51241 5 51496 8 51751 10 52006 11 52261 13 52517 15 52773 16 53029 16 53285 17 53541 17 53797 16 54053 15 54309 15 54566 13 54823 11 55082 7 55340 2
23830d0e51245fc0c9e410efa4c17d2a7d83a0104a3777130119ab892de47a4e,9293 3 9548 5 9803 7 10054 12 10309 13 10564 15 10819 16 11074 17 11330 17 11586 17 11842 17 12098 17 12354 17 12610 16 12866 16 13123 14 13380 13 13636 12 13891 13 14146 14 14401 15 14656 17 14912 17 15167 18 15422 19 15678 18 15934 18 16190 18 16446 17 16702 16 16959 15 17216 13 17473 12 17732 8 17989 6
23830d0e51245fc0c9e410efa4c17d2a7d83a0104a3777130119ab892de47a4e,51007 6 51262 10 51518 11 51773 13 52028 15 52284 15 52540 16 52796 16 53053 15 53309 15 53566 14 53823 13 54083 9 54340 7 54596 6 54852 4 55109 2
23830d0e51245fc0c9e410efa4c17d2a7d83a0104a3777130119ab892de47a4e,52499 5 52752 10 53007 12 53262 14 53518 15 53774 16 54030 16 54285 17 54541 17 54797 17 55054 17 55310 17 55566 16 55823 15 56079 14 56336 12 56594 7
