243443ae303cc09cfbea85bfd22b0c4f026342f3dfc3aa1076f27867910d025b,50814 6 51066 10 51321 11 51576 12 51831 13 52087 13 52343 13 52599 13 52855 13 53112 12 53368 9 53626 5
243443ae303cc09cfbea85bfd22b0c4f026342f3dfc3aa1076f27867910d025b,2113 3 2368 5 2624 7 2877 2 2880 9 3131 15 3386 16 3641 17 3897 17 4153 16 4409 15 4665 15 4921 15 5178 15 5434 15 5691 14 5948 12 6206 7
243443ae303cc09cfbea85bfd22b0c4f026342f3dfc3aa1076f27867910d025b,35125 6 35379 10 35634 12 35889 13 36145 14 36400 15 36656 15 36912 15 37168 15 37424 15 37680 15 37936 15 38193 14 38450 13 38706 13 38963 11 39220 9 39477 7 39734 5
243443ae303cc09cfbea85bfd22b0c4f026342f3dfc3aa1076f27867910d025b,22191 9 22445 14 22700 18 22955 20 23210 22 23466 22 23721 23 23977 23 24233 24 24489 24 24746 23 25002 22 25259 21 25516 20 25772 19 26029 17 26285 16 26542 14 26799 12 27058 8
243443ae303cc09cfbea85bfd22b0c4f026342f3dfc3aa1076f27867910d025b,41891 3 42146 5 42402 5 42658 5 42915 3
243443ae303cc09cfbea85bfd22b0c4f026342f3dfc3aa1076f27867910d025b,20347 3 20599 8 20853 10 21109 10 21364 11 21620 11 21875 12 22131 13 22387 11 22643 11 22899 7
243443ae303cc09cfbea85bfd22b0c4f026342f3dfc3aa1076f27867910d025b,25571 2 25825 6 26080 8 26336 8 26592 8 26848 8 27105 7 27361 5
243443ae303cc09cfbea85bfd22b0c4f026342f3dfc3aa1076f27867910d025b,38045 1 38298 4 38553 5 38808 5 39064 5 39319 6 39576 5 39832 7 39840 1 39842 2 40088 12 40345 11 40601 11 40859 8 41116 6
243443ae303cc09cfbea85bfd22b0c4f026342f3dfc3aa1076f27867910d025b,48504 5 48759 7 49013 10 49269 10 49524 11 49780 10 50036 9 50292 8 50548 6 50805 4
243443ae303cc09cfbea85bfd22b0c4f026342f3dfc3aa1076f27867910d025b,6470 4 6725 6 6981 7 7237 7 7493 7 7750 7 8007 7 8263 7 8519 7 8776 7 9033 6 9291 4 9548 2
243443ae303cc09cfbea85bfd22b0c4f026342f3dfc3aa1076f27867910d025b,33917 3 34172 6 34428 7 34684 8 34940 9 35197 8 35455 6 35712 5 35969 3
243443ae303cc09cfbea85bfd22b0c4f026342f3dfc3aa1076f27867910d025b,23687 5 23942 7 24197 9 24453 9 24709 9 24965 8 25221 8 25477 8 25736 4 25991 3
243443ae303cc09cfbea85bfd22b0c4f026342f3dfc3aa1076f27867910d025b,57760 7 58015 9 58271 10 58527 10 58783 10 59040 9 59298 7 59555 5
243443ae303cc09cfbea85bfd22b0c4f026342f3dfc3aa1076f27867910d025b,6738 5 6993 6 7248 7 7503 8 7759 8 8015 8 8272 6 8529 5
243443ae303cc09cfbea85bfd22b0c4f026342f3dfc3aa1076f27867910d025b,25198 4 25454 7 25709 8 25965 8 26219 10 26474 11 26730 10 26986 9 27242 9 27498 8 27754 8 28010 8 28267 1 28269 4 28523 1 28779 1 29035 1
243443ae303cc09cfbea85bfd22b0c4f026342f3dfc3aa1076f27867910d025b,41001 3 41256 5 41512 5 41768 5 42024 5 42280 5 42537 3
243443ae303cc09cfbea85bfd22b0c4f026342f3dfc3aa1076f27867910d025b,41450 6 41704 11 41959 14 42214 16 42469 18 42725 19 42980 20 43236 20 43492 20 43748 20 44005 19 44261 19 44518 18 44777 15 45033 14 45290 12 45547 2 45550 8
243443ae303cc09cfbea85bfd22b0c4f026342f3dfc3aa1076f27867910d025b,7747 3 8002 5 8258 5 8514 5 8770 6 9026 7 9283 8 9539 9 9796 8 10053 7 10310 5
243443ae303cc09cfbea85bfd22b0c4f026342f3dfc3aa1076f27867910d025b,14977 7 15231 10 15486 11 15741 12 15997 13 16253 13 16509 13 16765 13 17022 12 17278 11 17537 8 17794 7 18050 4
243443ae303cc09cfbea85bfd22b0c4f026342f3dfc3aa1076f27867910d025b,39558 8 39812 9 40067 11 40323 11 40579 11 40835 11 41091 11 41348 9 41605 4
243443ae303cc09cfbea85bfd22b0c4f026342f3dfc3aa1076f27867910d025b,22872 8 23127 12 23382 14 23638 14 23894 14 24150 14 24406 13 24663 9
243443ae303cc09cfbea85bfd22b0c4f026342f3dfc3aa1076f27867910d025b,39778 4 40033 6 40288 8 40541 12 40796 14 41051 16 41307 16 41563 16 41819 16 42075 16 42332 15 42589 14 42851 7 43108 2
243443ae303cc09cfbea85bfd22b0c4f026342f3dfc3aa1076f27867910d025b,18751 6 19005 8 19261 8 19516 9 19771 10 20027 10 20283 10 20539 9 20796 8 21053 4
243443ae303cc09cfbea85bfd22b0c4f026342f3dfc3aa1076f27867910d025b,60475 3 60730 5 60986 5 61242 5 61499 3
243443ae303cc09cfbea85bfd22b0c4f026342f3dfc3aa1076f27867910d025b,20041 1 20296 5 20551 7 20807 8 21063 9 21319 9 21575 9 21831 9 22087 9 22343 9 22599 9 22856 8 23112 8 23369 6
243443ae303cc09cfbea85bfd22b0c4f026342f3dfc3aa1076f27867910d025b,7019 4 7273 7 7528 8 7782 10 8036 12 8291 13 8546 13 8802 12 9057 13 9313 12 9570 9 9827 7 10085 2
243443ae303cc09cfbea85bfd22b0c4f026342f3dfc3aa1076f27867910d025b,21805 5 22060 7 22315 9 22570 10 22826 10 23081 11 23336 12 23592 12 23848 11 24104 11 24360 10 24616 10 24872 9 25128 7 25385 4
243443ae303cc09cfbea85bfd22b0c4f026342f3dfc3aa1076f27867910d025b,17240 4 17494 5 17749 6 18004 8 18260 8 18516 8 18771 9 19026 9 19283 8 19539 7 19796 5
243443ae303cc09cfbea85bfd22b0c4f026342f3dfc3aa1076f27867910d025b,36261 1 36513 7 36768 9 37023 11 37278 13 37533 14 37789 14 38046 12 38302 11 38558 11 38813 10 39069 9 39325 8 39581 8 39839 1 39841 1
243443ae303cc09cfbea85bfd22b0c4f026342f3dfc3aa1076f27867910d025b,58771 4 59026 6 59281 9 59537 10 59793 10 60049 10 60305 10 60561 10 60818 8
243443ae303cc09cfbea85bfd22b0c4f026342f3dfc3aa1076f27867910d025b,31819 7 32074 11 32329 13 32584 14 32840 14 33095 14 33350 15 33604 17 33859 17 34115 16 34371 15 34627 15 34883 14 35139 7 35148 3 35395 6 35652 4
243443ae303cc09cfbea85bfd22b0c4f026342f3dfc3aa1076f27867910d025b,32752 5 33006 9 33262 10 33517 11 33772 13 34028 13 34283 15 34538 16 34794 16 35049 17 35305 17 35561 17 35817 16 36073 16 36329 15 36585 14 36842 12 37098 11 37355 10 37611 9 37870 2
243443ae303cc09cfbea85bfd22b0c4f026342f3dfc3aa1076f27867910d025b,23093 3 23348 5 23604 5 23859 6 24115 6 24370 7 24626 7 24881 7 25135 8 25390 8 25646 7 25902 7 26158 7 26415 5
243443ae303cc09cfbea85bfd22b0c4f026342f3dfc3aa1076f27867910d025b,40495 3 40750 5 41006 6 41262 7 41518 7 41775 6 42033 3
243443ae303cc09cfbea85bfd22b0c4f026342f3dfc3aa1076f27867910d025b,41180 3 41435 5 41691 5 41947 5 42204 3
243443ae303cc09cfbea85bfd22b0c4f026342f3dfc3aa1076f27867910d025b,3408 4 3663 5 3918 7 4173 8 4428 10 4683 11 4939 11 5195 11 5451 11 5707 9 5963 9 6221 6
243443ae303cc09cfbea85bfd22b0c4f026342f3dfc3aa1076f27867910d025b,32614 4 32869 9 33124 12 33379 14 33634 15 33890 15 34146 16 34402 16 34657 17 34913 16 35169 15 35425 14 35681 12 35938 7
243443ae303cc09cfbea85bfd22b0c4f026342f3dfc3aa1076f27867910d025b,71 6 327 6 582 7 837 9 1091 12 1350 9 1606 9 1864 6
243443ae303cc09cfbea85bfd22b0c4f026342f3dfc3aa1076f27867910d025b,25499 1 25754 5 26009 7 26265 8 26521 10 26776 11 27033 10 27289 10 27546 9 27805 4
243443ae303cc09cfbea85bfd22b0c4f026342f3dfc3aa1076f27867910d025b,42843 8 43098 10 43353 12 43609 12 43865 12 43878 3 44121 17 44377 17 44633 17 44889 16 45145 16 45401 16 45658 14
243443ae303cc09cfbea85bfd22b0c4f026342f3dfc3aa1076f27867910d025b,50026 1 50278 7 50533 8 50789 8 51044 9 51301 8 51557 7 51814 5
243443ae303cc09cfbea85bfd22b0c4f026342f3dfc3aa1076f27867910d025b,36985 3 37240 5 37496 5 37502 3 37508 1 37752 14 38008 14 38264 14 38521 13 38779 11 39042 3
243443ae303cc09cfbea85bfd22b0c4f026342f3dfc3aa1076f27867910d025b,30859 3 31114 5 31370 5 31625 8 31880 10 32136 11 32392 11 32648 11 32904 11 33161 9
243443ae303cc09cfbea85bfd22b0c4f026342f3dfc3aa1076f27867910d025b,26976 6 27231 9 27486 11 27742 12 27998 12 28254 12 28511 12 28767 12 29024 11 29280 11 29536 10 29793 6
243443ae303cc09cfbea85bfd22b0c4f026342f3dfc3aa1076f27867910d025b,33432 7 33687 8 33942 10 34198 11 34453 12 34709 12 34966 11 35223 10 35480 8 35737 4
243443ae303cc09cfbea85bfd22b0c4f026342f3dfc3aa1076f27867910d025b,26842 3 27097 5 27352 6 27606 8 27861 9 28115 11 28370 12 28626 11 28882 9 29139 7 29396 5
243443ae303cc09cfbea85bfd22b0c4f026342f3dfc3aa1076f27867910d025b,14155 4 14410 6 14665 10 14921 10 15177 10 15433 10 15689 10 15945 10 16202 10 16458 10 16714 10 16971 7 17228 6
243443ae303cc09cfbea85bfd22b0c4f026342f3dfc3aa1076f27867910d025b,3203 7 3458 9 3713 10 3968 12 4224 12 4480 14 4736 14 4992 14 5248 14 5504 14 5761 13 6017 13 6273 13 6529 12 6785 12 7042 10 7299 9 7556 7 7813 5
243443ae303cc09cfbea85bfd22b0c4f026342f3dfc3aa1076f27867910d025b,36712 5 36967 7 37223 8 37478 9 37734 9 37990 9 38247 8 38504 6 38761 5
243443ae303cc09cfbea85bfd22b0c4f026342f3dfc3aa1076f27867910d025b,30097 7 30352 10 30608 11 30864 11 31120 11 31376 11 31633 10 31890 9 32147 7 32403 6
243443ae303cc09cfbea85bfd22b0c4f026342f3dfc3aa1076f27867910d025b,35708 4 35963 6 36219 9 36475 10 36732 9 36988 9 37245 8 37501 1 37505 3
243443ae303cc09cfbea85bfd22b0c4f026342f3dfc3aa1076f27867910d025b,16694 3 16949 6 17204 7 17459 10 17715 10 17972 9 18228 9 18486 6 18744 3
243443ae303cc09cfbea85bfd22b0c4f026342f3dfc3aa1076f27867910d025b,29002 3 29257 5 29513 5 29768 9 30017 17 30272 18 30528 18 30784 18 31040 17 31296 16 31552 15 31808 11 32065 9 32322 6
243443ae303cc09cfbea85bfd22b0c4f026342f3dfc3aa1076f27867910d025b,40759 4 41014 6 41270 6 41526 6 41782 6 42039 4
243443ae303cc09cfbea85bfd22b0c4f026342f3dfc3aa1076f27867910d025b,41032 3 41286 8 41541 9 41797 9 42052 9 42308 9 42564 8 42820 7 43077 6 43333 6 43592 2
243443ae303cc09cfbea85bfd22b0c4f026342f3dfc3aa1076f27867910d025b,61077 5 61333 5 61589 5 61845 6 62101 7 62357 8 62614 7 62871 6 63128 4
243443ae303cc09cfbea85bfd22b0c4f026342f3dfc3aa1076f27867910d025b,44422 4 44676 8 44931 9 45187 10 45443 11 45700 10 45956 10 46213 9 46469 9 46726 6 46983 3
243443ae303cc09cfbea85bfd22b0c4f026342f3dfc3aa1076f27867910d025b,21587 10 21842 11 22098 11 22354 11 22610 12 22867 5
243443ae303cc09cfbea85bfd22b0c4f026342f3dfc3aa1076f27867910d025b,25213 4 25467 7 25723 7 25979 8 26234 10 26490 11 26747 11 27003 11 27259 11 27516 10 27772 10 28030 8 28287 6
243443ae303cc09cfbea85bfd22b0c4f026342f3dfc3aa1076f27867910d025b,45978 3 46232 6 46487 8 46501 1 46742 9 46755 5 46997 10 47010 8 47253 21 47509 21 47765 21 48021 7 48030 12 48286 10 48542 9 48798 8 49054 7 49310 6 49567 4
243443ae303cc09cfbea85bfd22b0c4f026342f3dfc3aa1076f27867910d025b,59808 7 60063 9 60319 10 60575 10 60832 9 61092 4
243443ae303cc09cfbea85bfd22b0c4f026342f3dfc3aa1076f27867910d025b,62 9 318 9 575 7 832 5 1088 3
