295ac4ecf2ee0211c065cf5dbb93b1eb8e61347153447209cd110e9c3e355e81,105252 7 105609 13 105965 19 106324 22 106682 24 107039 28 107398 30 107757 32 108116 33 108475 35 108834 36 109193 37 109551 39 109910 40 110269 42 110628 43 110987 44 111347 44 111707 45 112064 48 112424 49 112784 51 113145 50 113505 50 113865 50 114225 50 114586 49 114947 48 115307 48 115667 48 116028 47 116389 46 116749 46 117110 43 117470 45 117830 45 118190 45 118550 45 118911 44 119271 44 119632 43 119993 43 120353 44 120713 44 121073 45 121434 44 121794 45 122154 45 122515 44 122875 44 123235 44 123595 44 123955 45 124315 45 124676 44 125036 42 125396 42 125757 41 126118 40 126478 40 126838 39 127198 39 127559 38 127920 36 128281 34 128642 33 129003 31 129364 29
295ac4ecf2ee0211c065cf5dbb93b1eb8e61347153447209cd110e9c3e355e81,26130 5 26490 5 26844 13 27199 22 27556 27 27914 30 28272 33 28631 35 28990 36 29349 38 29709 38 30067 41 30427 42 30786 45 31145 47 31505 47 31864 49 32224 49 32583 50 32942 51 33302 51 33662 3 33666 48 34022 3 34026 48 34382 52 34741 54 35101 54 35461 54 35821 54 36181 54 36541 54 36901 54 37261 54 37621 54 37980 55 38340 55 38700 55 39060 55 39420 55 39780 55 40140 55 40500 55 40860 55 41221 54 41581 54 41941 54 42301 54 42661 54 43021 54 43382 52 43742 51 44103 50 44463 50 44824 49 45185 48 45545 48 45906 46 46266 45 46627 43 46989 41 47349 41 47710 39 48072 36 48435 32 48798 28 49160 25 49522 22 49884 19 50244 18 50604 16 50966 13
295ac4ecf2ee0211c065cf5dbb93b1eb8e61347153447209cd110e9c3e355e81,124485 6 124842 11 125200 16 125558 19 125917 20 126276 23 126635 25 126994 28 127353 29 127713 30 128072 32 128431 33 128791 34 129151 34 129510 35
295ac4ecf2ee0211c065cf5dbb93b1eb8e61347153447209cd110e9c3e355e81,67985 3 68337 18 68695 22 69052 26 69411 29 69769 32 70127 36 70486 38 70845 40 71204 42 71563 44 71922 45 72282 47 72641 48 73001 48 73360 50 73719 51 74078 53 74438 53 74798 53 75157 55 75516 56 75876 56 76236 56 76595 57 76956 56 77315 57 77675 57 78034 58 78394 58 78754 59 79114 58 79474 58 79834 57 80193 58 80554 57 80914 56 81274 56 81634 56 81994 55 82354 54 82715 53 83074 53 83435 51 83796 50 84156 49 84516 48 84877 46 85239 44 85599 43 85960 41 86320 41 86680 39 87041 38 87401 36 87761 35 88121 34 88482 32 88843 29 89203 28 89564 26 89925 23 90286 19 90648 11 91010 8
295ac4ecf2ee0211c065cf5dbb93b1eb8e61347153447209cd110e9c3e355e81,104929 12 105284 19 105641 23 106000 25 106359 27 106719 28 107078 30 107438 32 107797 33 108157 33 108517 35 108876 36 109236 37 109596 38 109956 39 110316 40 110676 40 111036 41 111396 41 111756 41 112116 41 112476 41 112836 41 113195 43 113555 43 113916 42 114276 42 114636 42 114997 41 115357 41 115717 41 116077 41 116438 40 116798 40 117158 40 117518 40 117878 40 118238 40 118598 40 118958 40 119319 39 119678 40 120039 39 120400 38 120760 37 121120 37 121481 36 121841 36 122201 36 122561 36 122922 34 123282 34 123643 33 124003 32 124363 32 124724 31 125084 29 125445 28 125806 26 126167 24 126528 22 126890 20 127253 16 127616 12 127977 9
295ac4ecf2ee0211c065cf5dbb93b1eb8e61347153447209cd110e9c3e355e81,199 45 558 47 606 4 918 47 966 4 1279 52 1638 48 1688 3 1998 48 2048 3 2359 48 2408 3 2719 48 2768 3 3079 53 3439 53 3799 53 4159 54 4520 53 4879 55 5240 54 5600 55 5960 55 6320 55 6680 55 7040 55 7400 55 7761 54 8121 54 8481 54 8842 53 9202 54 9562 54 9923 53 10283 53 10644 53 11004 53 11365 52 11726 51 12087 50 12448 23 12473 23 12808 22 12834 21 13169 20 13195 20 13531 17 13558 16 13893 13 13922 2 13926 6 14254 12 14286 5 14619 1 14622 1
295ac4ecf2ee0211c065cf5dbb93b1eb8e61347153447209cd110e9c3e355e81,271 49 632 49 993 47 1354 47 1715 46 2075 46 2436 45 2796 45 3157 44 3518 43 3879 42 4240 41 4601 40 4962 38 5322 38 5684 36 6044 34 6406 32 6767 30 7128 29 7489 26 7851 23 8213 20 8575 14 8939 2 8943 1 8945 1
295ac4ecf2ee0211c065cf5dbb93b1eb8e61347153447209cd110e9c3e355e81,62031 8 62390 11 62750 12 63109 14 63469 14 63829 16 64188 17 64547 18 64907 18 65266 19 65625 20 65985 21 66344 23 66703 25 67062 27 67421 29 67779 32 68138 34 68496 37 68854 39 69214 39 69574 5 69580 34 69934 40 70294 40 70655 39 71015 39 71376 38 71736 38 72096 38 72456 37 72817 36 73177 36 73538 35 73899 34 74260 32 74621 31 74981 30 75342 16 75359 12 75703 27 76064 26 76424 25 76785 23 77146 22 77506 20 77867 18 78228 15 78589 12 78951 8
295ac4ecf2ee0211c065cf5dbb93b1eb8e61347153447209cd110e9c3e355e81,21 31 380 34 740 34 1100 34 1460 34 1819 35 2179 35 2539 35 2899 34 3258 35 3618 34 3978 34 4337 35 4696 36 5056 36 5415 37 5775 36 6134 37 6494 36 6853 37 7213 37 7573 36 7932 37 8292 37 8652 36 9012 36 9372 35 9732 34 10093 33 10453 32 10814 31 11174 30 11535 28 11895 27 12256 25 12617 23 12978 21 13338 20 13700 17 14061 15 14426 1
295ac4ecf2ee0211c065cf5dbb93b1eb8e61347153447209cd110e9c3e355e81,22311 5 22670 11 23029 12 23387 14 23746 15 24105 16 24464 17 24823 18 25182 19 25542 19 25901 20 26261 20 26621 20 26981 20 27340 21 27700 21 28060 21 28420 21 28779 22 29139 22 29499 22 29859 22 30219 22 30579 22 30939 22 31299 22 31659 22 32019 22 32379 22 32739 22 33100 21 33460 21 33820 21 34181 20 34541 20 34901 20 35261 20 35622 19 35982 19 36343 18 36703 18 37063 18 37424 17 37784 17 38144 17 38505 16 38866 15 39227 14 39587 14 39947 14 40308 13 40669 12 41029 12 41389 12 41750 11 42111 10 42472 9 42832 9 43193 8 43555 6 43915 6 44276 5 44637 4 44998 3 45360 1 45720 1
295ac4ecf2ee0211c065cf5dbb93b1eb8e61347153447209cd110e9c3e355e81,69924 8 70281 12 70641 13 70999 15 71359 16 71718 18 72078 18 72437 19 72796 21 73156 21 73516 22 73876 23 74236 24 74596 24 74956 25 75316 25 75676 26 76036 27 76396 27 76756 28 77116 29 77476 29 77836 30 78196 30 78556 31 78917 31 79277 32 79637 32 79998 31 80359 28 80719 28 81080 25 81442 20 81803 18 82164 17 82526 13
295ac4ecf2ee0211c065cf5dbb93b1eb8e61347153447209cd110e9c3e355e81,91850 10 92185 13 92208 18 92543 44 92903 45 93262 47 93622 48 93981 49 94340 50 94700 50 95059 51 95419 51 95778 52 96138 52 96497 53 96856 53 97215 54 97575 53 97934 52 98293 53 98652 53 99012 52 99371 52 99730 51 100090 50 100448 50 100808 49 101167 49 101527 48 101886 47 102246 46 102606 45 102966 44 103326 43 103686 41 104046 39 104407 37 104768 35 105129 32 105491 28 105852 26 106214 22 106576 18 106940 11 107304 5
295ac4ecf2ee0211c065cf5dbb93b1eb8e61347153447209cd110e9c3e355e81,120284 5 120639 20 120660 1 120996 27 121354 31 121713 36 122071 41 122430 43 122789 45 123148 48 123508 49 123867 51 124226 53 124586 56 124945 58 125305 59 125665 59 126025 60 126384 62 126744 63 127104 64 127463 65 127823 65 128183 64 128542 66 128902 66 129262 66
295ac4ecf2ee0211c065cf5dbb93b1eb8e61347153447209cd110e9c3e355e81,97551 6 97909 12 98267 14 98627 14 98986 15 99344 17 99704 17 100063 18 100422 19 100782 19 101142 19 101501 20 101860 21 102220 21 102579 22 102939 22 103298 23 103658 23 104017 24 104377 24 104737 24 105096 25 105456 25 105815 26 106175 26 106534 27 106894 27 107253 28 107613 28 107972 29 108332 29 108691 30 109051 30 109411 30 109770 31 110130 31 110490 31 110850 31 111210 31 111570 31 111930 31 112290 31 112650 31 113010 31 113370 31 113730 31 114090 31 114450 31 114810 31 115171 30 115531 30 115891 30 116251 30 116612 4 116617 24 116972 29 117333 28 117694 27 118054 27 118415 26 118776 25 119136 25 119497 22 119520 1 119858 20 119880 1 120219 22 120580 21 120941 20 121303 18 121664 16
295ac4ecf2ee0211c065cf5dbb93b1eb8e61347153447209cd110e9c3e355e81,98708 13 99068 15 99426 19 99783 23 100141 27 100499 30 100857 34 101216 37 101575 38 101933 42 102292 44 102651 46 103010 48 103370 49 103729 50 104089 51 104448 53 104808 55 105167 56 105527 57 105887 52 105940 5 106247 59 106607 59 106967 60 107327 55 107383 4 107687 61 108047 61 108407 61 108767 61 109128 60 109489 59 109849 59 110210 51 110262 5 110571 56 110931 55 111292 53 111652 53 112014 50 112374 50 112736 48 113097 48 113457 48 113817 48 114178 46 114539 45 114899 45 115260 44 115620 44 115981 43 116342 42 116702 42 117063 35 117099 5 117423 40 117783 40 118143 39 118504 38 118865 36 119225 36 119586 34 119947 32 120308 31 120668 31 121029 29 121390 27 121751 26 122112 24 122473 23 122835 19 123196 17 123559 12
295ac4ecf2ee0211c065cf5dbb93b1eb8e61347153447209cd110e9c3e355e81,11306 12 11319 1 11663 20 12021 25 12380 27 12738 30 13096 33 13455 35 13814 37 14173 39 14531 42 14890 43 15250 44 15607 47 15966 48 16325 49 16685 50 17044 51 17403 52 17762 54 18121 55 18480 56 18839 56 19199 56 19558 57 19917 58 20277 58 20636 59 20996 60 21356 60 21715 61 22074 62 22433 62 22794 61 23153 62 23514 61 23874 61 24234 60 24593 61 24954 60 25313 61 25673 61 26033 60 26394 59 26753 59 27114 58 27474 58 27835 56 28194 56 28555 55 28915 55 29276 53 29636 53 29996 52 30357 50 30717 49 31078 47 31439 45 31800 43 32161 40 32522 38 32883 35 33244 33 33607 28 33968 24 34333 16 34696 8
295ac4ecf2ee0211c065cf5dbb93b1eb8e61347153447209cd110e9c3e355e81,81108 8 81467 11 81824 17 82184 18 82542 20 82901 22 83261 17 83279 4 83612 32 83968 36 84327 33 84361 3 84685 39 85044 40 85403 41 85762 41 86121 42 86480 43 86838 44 87197 45 87556 46 87916 45 88275 46 88635 46 88994 47 89354 46 89714 46 90074 45 90434 45 90794 3 90798 40 91154 40 91195 3 91514 5 91520 38 91874 44 92235 42 92596 41 92958 38 93318 38 93679 38 94040 38 94402 36 94763 37 95123 37 95484 37 95846 36 96207 36 96568 35 96931 32 97292 31 97652 31 98012 31 98372 31 98732 31 99093 30 99453 30 99814 29 100174 28 100535 26 100896 24 101258 21 101618 20 101980 16 102342 13 102703 10
295ac4ecf2ee0211c065cf5dbb93b1eb8e61347153447209cd110e9c3e355e81,51847 10 52205 15 52564 17 52923 19 53282 21 53642 25 54002 25 54361 26 54721 25 55081 25 55441 25 55801 25 56161 25 56521 25 56881 25 57241 25 57601 25 57961 24 58321 24 58681 24 59041 24 59401 24 59761 24 60121 24 60481 25 60841 25 61201 26 61561 26 61921 27 62281 27 62641 28 63001 28 63361 29 63721 29 64081 29 64441 30 64801 30 65161 30 65521 30 65881 30 66241 30 66601 30 66961 30 67321 30 67681 30 68041 29 68401 28 68761 27 69121 26 69481 26 69841 25 70201 22 70561 21 70926 14 71290 9
