29ea4f6eb4545f43868a9b40a60000426bf8dfd9d062546656a37bd2a2aaf9ec,128629 6 129139 12 129649 16 130160 24 130671 26 131181 29 131693 31 132204 33 132715 35 133226 37 133738 37 134249 39 134761 40 135272 41 135784 42 136296 42 136808 42 137319 43 137831 44 138343 44 138855 44 139368 43 139880 43 140392 43 140904 43 141416 43 141928 43 142440 43 142953 42 143465 42 143978 40 144491 39 145004 38 145517 36 146030 35 146543 33 147056 31 147570 28 148084 25 148597 22 149111 16 149625 12 150139 2
29ea4f6eb4545f43868a9b40a60000426bf8dfd9d062546656a37bd2a2aaf9ec,166728 7 167239 9 167751 12 168262 14 168774 17 169285 19 169797 19 170309 20 170821 21 171333 21 171845 21 172357 22 172868 23 173380 24 173892 24 174403 25 174915 25 175427 26 175939 26 176451 26 176963 26 177475 26 177987 26 178500 24 179013 23 179525 23 180038 22 180551 21 181063 20 181576 19 182089 17 182602 16 183115 15 183627 14 184140 12 184653 10 185166 8
29ea4f6eb4545f43868a9b40a60000426bf8dfd9d062546656a37bd2a2aaf9ec,175194 9 175704 16 176214 23 176724 27 177234 33 177745 38 178256 44 178767 48 179279 50 179790 53 180302 54 180814 55 181325 57 181837 57 182349 57 182861 57 183373 57 183884 58 184396 58 184908 58 185420 58 185932 59 186444 59 186956 59 187468 59 187980 60 188492 61 189005 60 189518 59 190030 59 190543 58 191055 58 191568 57 192081 56 192594 55 193107 54 193620 52 194133 51 194646 50 195159 49 195672 47 196185 46 196698 45 197211 43 197724 42 198237 40 198750 38 199263 37 199776 35 200289 33 200802 31 201315 29 201828 26 202341 23 202854 19 203367 17 203881 13 204397 5
29ea4f6eb4545f43868a9b40a60000426bf8dfd9d062546656a37bd2a2aaf9ec,172181 3 172691 7 173202 9 173713 11 174224 13 174733 17 175244 19 175756 19 176267 21 176778 23 177289 24 177800 26 178311 28 178823 29 179335 29 179847 30 180358 32 180870 32 181382 33 181894 34 182406 34 182918 35 183430 35 183942 35 184454 35 184966 36 185478 36 185991 35 186503 35 187015 35 187527 35 188040 34 188553 33 189065 33 189577 33 190089 32 190601 32 191113 32 191626 30 192139 29 192652 27 193165 26 193678 24 194190 24 194704 21 195217 19 195730 17 196243 15 196757 11 197271 8
29ea4f6eb4545f43868a9b40a60000426bf8dfd9d062546656a37bd2a2aaf9ec,16300 5 16807 15 17317 19 17828 21 18339 23 18850 26 19362 27 19873 29 20384 31 20895 34 21407 35 21918 37 22430 38 22941 40 23453 41 23964 43 24476 44 24987 45 25499 46 26011 46 26523 46 27035 47 27547 47 28059 48 28571 48 29083 48 29595 48 30107 48 30619 48 31131 48 31644 47 32157 46 32669 46 33181 46 33693 46 34205 45 34717 45 35229 44 35741 44 36253 43 36766 41 37279 40 37791 40 38304 38 38817 37 39329 36 39842 34 40355 32 40867 31 41380 30 41893 28 42407 25 42920 23 43433 21 43946 19 44459 16 44972 13 45486 9 46000 5
29ea4f6eb4545f43868a9b40a60000426bf8dfd9d062546656a37bd2a2aaf9ec,70632 2 71142 7 71154 2 71651 18 72161 24 72671 28 73182 30 73693 36 74204 37 74716 37 75227 38 75739 38 76251 38 76763 38 77275 38 77787 38 78299 38 78811 38 79323 38 79835 38 80348 37 80860 37 81373 36 81885 36 82397 36 82910 35 83423 34 83935 34 84448 33 84961 32 85474 31 85987 30 86499 30 87012 29 87525 28 88039 26 88552 25 89066 23 89580 21 90093 20 90606 19 91120 17 91634 15 92149 12 92663 10 93176 9 93691 5
29ea4f6eb4545f43868a9b40a60000426bf8dfd9d062546656a37bd2a2aaf9ec,307900 9 308409 15 308919 19 309430 21 309942 22 310453 24 310964 26 311475 28 311987 29 312498 31 313009 33 313520 35 314031 36 314542 37 315054 38 315565 39 316076 41 316588 41 317100 42 317612 43 318124 43 318636 43 319148 43 319660 43 320172 43 320684 43 321197 43 321709 43 322222 43 322734 43 323246 42 323758 42 324270 42 324782 41 325295 40 325807 40 326320 39 326832 38 327345 36
29ea4f6eb4545f43868a9b40a60000426bf8dfd9d062546656a37bd2a2aaf9ec,441 31 953 32 1464 34 1975 35 2487 34 2999 34 3512 32 4024 32 4537 30 5049 29 5562 28 6075 26 6588 24 7101 21 7614 19 8127 16 8640 13 9153 9 9666 3
29ea4f6eb4545f43868a9b40a60000426bf8dfd9d062546656a37bd2a2aaf9ec,83885 16 84395 21 84906 24 85416 28 85927 30 86438 32 86949 34 87461 35 87972 36 88483 38 88995 39 89506 40 90018 41 90529 42 91041 43 91553 43 92064 44 92576 45 93088 45 93600 45 94111 46 94622 47 95133 48 95645 48 96157 48 96669 48 97181 48 97693 48 98205 48 98717 48 99229 48 99740 49 100252 49 100764 49 101276 49 101789 48 102301 48 102813 47 103326 45 103839 44 104352 42 104864 42 105377 40 105890 38 106402 37 106915 35 107428 32 107941 30 108454 27 108968 19 109482 11
29ea4f6eb4545f43868a9b40a60000426bf8dfd9d062546656a37bd2a2aaf9ec,189927 14 190429 26 190938 30 191449 34 191960 36 192472 37 192984 39 193495 41 194007 41 194519 41 195031 41 195543 42 196054 43 196566 43 197079 42 197591 42 198103 42 198615 42 199128 41 199640 41 200153 40 200665 40 201178 39 201690 39 202203 38 202716 37 203228 37 203741 36 204253 36 204765 36 205278 35 205793 31 206306 30 206820 27 207334 24 207848 18 208363 10
29ea4f6eb4545f43868a9b40a60000426bf8dfd9d062546656a37bd2a2aaf9ec,54001 11 54512 14 55023 17 55534 19 56045 21 56556 23 57068 25 57579 28 58091 30 58602 32 59113 34 59625 36 60136 38 60648 39 61160 40 61672 41 62184 41 62696 41 63208 41 63720 41 64231 42 64743 41 65255 41 65767 41 66280 40 66792 39 67305 38 67817 38 68330 37 68842 36 69355 35 69868 33 70381 32 70896 28 71410 25 71936 8
29ea4f6eb4545f43868a9b40a60000426bf8dfd9d062546656a37bd2a2aaf9ec,147949 5 148457 11 148964 17 149474 24 149984 26 150493 29 151003 31 151514 33 152022 38 152533 39 153044 41 153556 41 154067 43 154578 44 155090 44 155601 45 156112 46 156623 47 157135 47 157646 49 158158 49 158670 49 159181 50 159692 51 160204 51 160715 52 161226 53 161738 53 162250 53 162761 54 163273 54 163785 55 164297 55 164809 55 165321 54 165832 55 166344 55 166856 55 167368 56 167880 56 168393 55 168906 54 169418 54 169930 54 170442 55 170955 54 171467 54 171980 53 172493 52 173006 51 173520 49 174033 48 174546 46 175060 43 175573 42 176087 40 176603 35 177118 32 177637 24 178150 23 178667 17 179181 14 179696 10 180209 8 180724 4
29ea4f6eb4545f43868a9b40a60000426bf8dfd9d062546656a37bd2a2aaf9ec,62746 8 63257 14 63767 17 64278 23 64789 25 65300 31 65812 32 66323 34 66835 35 67347 37 67858 39 68370 40 68881 43 69393 44 69905 45 70417 46 70928 48 71440 49 71952 49 72464 50 72976 51 73488 51 74000 51 74511 53 75023 53 75535 53 76047 53 76559 53 77071 53 77583 53 78095 53 78608 51 79120 51 79632 51 80144 50 80657 48 81169 47 81682 45 82194 44 82706 43 83219 41 83731 40 84244 38 84757 36 85269 35 85782 33 86295 32 86809 29 87322 27 87836 24 88351 20 88868 13 89384 8
