2abc40c118bc7303592c8bb95a80361e27560854b8971ab34dcf91966575b1f2,58503 13 59020 17 59538 19 60056 21 60575 22 61093 24 61612 25 62131 26 62650 26 63169 27 63688 28 64208 28 64727 29 65247 29 65767 30 66286 31 66806 30 67326 30 67846 30 68366 30 68886 29 69407 27 69927 27 70447 27 70967 26 71488 25 72009 24 72531 22 73056 16 73578 13 74100 10 74622 6
2abc40c118bc7303592c8bb95a80361e27560854b8971ab34dcf91966575b1f2,32805 7 33323 11 33841 15 34360 18 34878 21 35397 23 35916 25 36434 28 36953 29 37472 31 37991 32 38510 33 39029 34 39548 35 40067 36 40586 37 41106 36 41625 37 42145 36 42664 36 43184 35 43704 34 44224 32 44744 29 45264 27 45785 24 46305 22 46826 19 47347 16 47868 12 48390 8
2abc40c118bc7303592c8bb95a80361e27560854b8971ab34dcf91966575b1f2,200093 4 200612 7 201130 9 201649 10 202168 12 202687 13 203207 14 203727 15 204247 16 204767 16 205287 17 205806 18 206325 19 206845 19 207365 19 207885 19 208405 19 208925 18 209445 17 209966 15 210487 11 211008 7 211530 3
2abc40c118bc7303592c8bb95a80361e27560854b8971ab34dcf91966575b1f2,128321 6 128840 9 129358 13 129877 15 130396 17 130915 19 131435 20 131954 22 132474 22 132994 23 133514 23 134034 24 134554 24 135074 24 135594 24 136115 23 136635 23 137155 23 137675 23 138196 22 138716 22 139236 22 139757 20 140277 20 140797 20 141317 19 141838 18 142358 17 142879 15 143400 13 143921 11 144442 9 144965 3
2abc40c118bc7303592c8bb95a80361e27560854b8971ab34dcf91966575b1f2,64860 8 65377 12 65895 15 66414 16 66932 18 67450 20 67968 22 68487 23 69006 23 69524 24 70043 25 70561 26 71080 26 71598 27 72116 28 72635 28 73154 28 73673 28 74192 29 74711 29 75231 28 75750 28 76270 27 76790 25 77310 24 77830 22 78351 19 78872 15 79393 12 79914 8
2abc40c118bc7303592c8bb95a80361e27560854b8971ab34dcf91966575b1f2,15938 13 16455 21 16973 25 17490 30 18008 33 18527 35 19046 37 19565 38 20084 39 20603 40 21123 40 21642 41 22162 41 22681 41 23201 41 23721 40 24241 39 24761 38 25281 37 25801 36 26322 32 26842 30 27363 27 27884 23 28406 16 28928 11
2abc40c118bc7303592c8bb95a80361e27560854b8971ab34dcf91966575b1f2,9 28 528 29 1048 30 1568 30 2088 30 2608 30 3128 30 3648 30 4168 30 4689 29 5209 29 5729 29 6250 28 6771 27 7293 25 7815 22 8339 18 8862 15 9384 12 9906 9 10428 5
2abc40c118bc7303592c8bb95a80361e27560854b8971ab34dcf91966575b1f2,306281 2 306801 3 307321 3 307841 4 308361 4 308881 4 309401 4 309921 4 310441 4 310961 3 311481 3 312001 2 312521 2
2abc40c118bc7303592c8bb95a80361e27560854b8971ab34dcf91966575b1f2,21924 12 22442 16 22961 18 23480 21 23999 23 24518 25 25037 27 25556 29 26075 30 26595 30 27114 32 27634 32 28153 33 28673 33 29193 33 29713 33 30233 32 30753 32 31273 31 31794 29 32315 27 32836 25 33358 22 33880 18 34403 11
2abc40c118bc7303592c8bb95a80361e27560854b8971ab34dcf91966575b1f2,157367 13 157886 15 158404 17 158923 18 159442 20 159960 22 160479 23 160998 24 161517 25 162037 25 162557 25 163077 25 163598 24 164118 23 164638 23 165159 22 165679 21 166200 20 166721 18 167242 16 167764 13 168286 9 168809 4
2abc40c118bc7303592c8bb95a80361e27560854b8971ab34dcf91966575b1f2,12736 11 13254 17 13773 21 14292 24 14812 26 15331 29 15851 30 16370 32 16890 33 17410 34 17930 35 18450 36 18971 36 19491 37 20011 37 20532 37 21053 36 21574 36 22095 35 22616 34 23137 34 23658 33 24179 32 24701 29 25222 28 25743 27 26264 26 26785 24 27306 22 27829 17 28352 12
2abc40c118bc7303592c8bb95a80361e27560854b8971ab34dcf91966575b1f2,160461 8 160979 11 161498 13 162017 15 162536 17 163055 20 163574 22 164093 24 164613 24 165133 24 165652 25 166172 25 166691 25 167211 24 167732 22 168252 21 168773 18 169298 11 169821 6
2abc40c118bc7303592c8bb95a80361e27560854b8971ab34dcf91966575b1f2,182653 5 183171 11 183686 22 184203 29 184722 32 185242 33 185762 35 186282 36 186802 36 187322 36 187842 36 188362 36 188882 35 189402 35 189922 35 190442 35 190963 33 191483 29 192003 24 192524 22 193044 22 193564 22 194084 22 194605 21 195126 19 195647 16 196168 13 196688 10 197209 2
2abc40c118bc7303592c8bb95a80361e27560854b8971ab34dcf91966575b1f2,7197 6 7715 10 8234 13 8753 15 9273 16 9792 18 10312 19 10832 20 11352 21 11872 22 12392 22 12912 23 13432 24 13952 24 14472 25 14992 25 15513 25 16033 25 16553 26 17074 25 17594 26 18115 25 18635 25 19156 25 19677 24 20197 24 20718 23 21239 22 21760 21 22281 20 22802 19 23323 17 23844 16 24365 14 24887 11 25409 8
2abc40c118bc7303592c8bb95a80361e27560854b8971ab34dcf91966575b1f2,299797 4 300314 10 300832 13 301351 15 301870 17 302389 19 302908 20 303427 22 303946 23 304466 24 304985 25 305504 26 306024 26 306543 27 307063 27 307582 29 308102 29 308621 29 309141 29 309660 30 310180 30 310700 29 311219 30 311739 30 312259 29 312779 29 313299 28 313819 27 314339 26 314859 26 315380 24 315900 23 316421 21 316942 19 317463 16 317985 10
2abc40c118bc7303592c8bb95a80361e27560854b8971ab34dcf91966575b1f2,170700 8 171217 13 171735 18 172253 21 172772 23 173291 24 173811 25 174330 26 174850 26 175369 28 175889 28 176408 29 176928 28 177448 28 177968 28 178488 28 179009 26 179529 26 180050 24 180571 22 181092 19 181613 17 182134 13 182658 7
2abc40c118bc7303592c8bb95a80361e27560854b8971ab34dcf91966575b1f2,189162 14 189680 17 190198 21 190717 23 191236 26 191756 28 192275 30 192795 31 193315 32 193835 33 194356 33 194876 34 195397 34 195918 33 196439 32 196960 32 197482 30 198005 27 198530 21 199055 16 199576 14 200097 12
2abc40c118bc7303592c8bb95a80361e27560854b8971ab34dcf91966575b1f2,59483 10 60001 16 60519 22 61037 26 61556 28 62075 31 62595 33 63114 35 63634 35 64154 36 64673 37 65193 37 65713 37 66233 37 66753 37 67273 36 67794 35 68314 34 68835 33 69355 32 69876 30 70397 28 70918 26 71440 18 71966 8
