2b50b1e3fa5c5aa39bc84ebfaea9961b7199c4d2488ae0b48d0b3459807d59d2,49662 3 49917 4 50172 5 50428 5 50684 5 50940 5 51196 5 51453 4 51711 2
2b50b1e3fa5c5aa39bc84ebfaea9961b7199c4d2488ae0b48d0b3459807d59d2,23961 2 24214 6 24469 8 24724 9 24979 10 25235 10 25490 11 25746 11 26002 11 26259 9 26515 9 26772 7 27029 5
2b50b1e3fa5c5aa39bc84ebfaea9961b7199c4d2488ae0b48d0b3459807d59d2,19319 2 19573 6 19828 9 20083 11 20339 11 20595 12 20851 12 21107 12 21363 13 21619 13 21875 13 22132 12 22388 12 22645 11 22901 10 23158 9 23415 7 23673 4
2b50b1e3fa5c5aa39bc84ebfaea9961b7199c4d2488ae0b48d0b3459807d59d2,59994 4 60249 6 60504 8 60759 10 61015 11 61271 11 61526 13 61782 14 62038 14 62294 14 62551 13 62807 13 63063 13 63320 11 63577 9 63835 6
2b50b1e3fa5c5aa39bc84ebfaea9961b7199c4d2488ae0b48d0b3459807d59d2,41081 2 41336 4 41590 7 41845 9 42100 11 42356 12 42612 13 42868 13 43123 15 43379 15 43635 15 43891 16 44147 16 44404 15 44661 15 44918 14 45174 13 45431 12 45689 10 45946 8 46204 2
2b50b1e3fa5c5aa39bc84ebfaea9961b7199c4d2488ae0b48d0b3459807d59d2,50209 4 50464 7 50719 10 50975 11 51230 12 51486 13 51742 13 51998 13 52255 12 52512 10 52770 7
2b50b1e3fa5c5aa39bc84ebfaea9961b7199c4d2488ae0b48d0b3459807d59d2,24065 3 24321 4 24577 5 24833 6 25089 7 25345 7 25601 7 25857 8 26113 8 26369 8 26625 8 26881 8 27137 8 27393 8 27649 7 27905 6
2b50b1e3fa5c5aa39bc84ebfaea9961b7199c4d2488ae0b48d0b3459807d59d2,41508 5 41763 8 42019 9 42274 11 42530 11 42786 12 43042 12 43299 11 43555 10 43811 10 44068 9 44324 8 44581 6
2b50b1e3fa5c5aa39bc84ebfaea9961b7199c4d2488ae0b48d0b3459807d59d2,41535 4 41790 6 42045 7 42300 8 42556 8 42812 9 43068 10 43324 10 43580 11 43836 11 44092 11 44348 10 44604 10 44861 9 45117 8 45374 6
2b50b1e3fa5c5aa39bc84ebfaea9961b7199c4d2488ae0b48d0b3459807d59d2,1843 6 2097 10 2352 12 2607 14 2862 15 3117 16 3372 17 3628 17 3883 18 4139 18 4395 18 4651 18 4907 18 5163 17 5419 17 5676 15 5933 13 6190 10 6447 7
2b50b1e3fa5c5aa39bc84ebfaea9961b7199c4d2488ae0b48d0b3459807d59d2,28352 6 28607 9 28862 11 29117 14 29373 15 29628 17 29884 18 30140 19 30396 19 30652 19 30909 19 31165 19 31421 19 31678 17 31935 16 32192 14 32449 11 32706 9 32965 4
