2c83c86dd4e5dacc024b55629375567fb8e320a82ef86f541cfe54764040fc25,224639 2 225154 7 225673 8 226192 9 226711 10 227230 11 227750 11 228269 12 228789 12 229309 12 229829 12 230349 12 230869 12 231389 12 231909 12 232430 11 232950 11 233471 10 233992 9 234512 9 235033 8 235555 6 236076 5 236597 4 237118 3 237639 2
2c83c86dd4e5dacc024b55629375567fb8e320a82ef86f541cfe54764040fc25,306 16 826 16 1346 15 1867 13 2388 11 2908 10 3429 8
2c83c86dd4e5dacc024b55629375567fb8e320a82ef86f541cfe54764040fc25,186684 3 186689 2 187202 13 187721 16 188241 17 188761 18 189281 19 189801 20 190321 21 190841 21 191361 21 191881 21 192401 21 192921 21 193441 21 193961 20 194481 20 195001 20 195521 19 196041 18 196561 17 197081 16 197601 15 198121 14 198641 12 199161 11 199681 8 200201 3
2c83c86dd4e5dacc024b55629375567fb8e320a82ef86f541cfe54764040fc25,199665 12 200181 19 200699 22 201218 23 201737 24 202256 25 202775 26 203295 26 203814 27 204334 27 204853 28 205373 28 205893 28 206413 28 206933 28 207453 28 207974 27 208494 27 209015 26 209536 25 210057 24 210578 23 211099 22 211621 20 212142 19 212663 18 213185 16 213707 14 214229 12 214751 10 215273 8
2c83c86dd4e5dacc024b55629375567fb8e320a82ef86f541cfe54764040fc25,48928 4 49445 12 49963 15 50480 20 50999 22 51517 25 52036 26 52555 28 53075 28 53594 29 54114 30 54633 31 55153 31 55672 32 56192 32 56712 32 57232 31 57752 31 58272 30 58792 30 59313 28 59833 27 60354 25 60874 24 61395 21 61916 18 62438 14 62960 9
2c83c86dd4e5dacc024b55629375567fb8e320a82ef86f541cfe54764040fc25,193764 10 194281 19 194800 22 195319 25 195838 29 196357 31 196876 33 197396 34 197916 35 198436 36 198956 36 199476 37 199996 38 200516 38 201037 37 201557 37 202078 36 202598 36 203119 35 203640 34 204160 34 204681 33 205202 31 205723 30 206244 28 206766 26 207288 23 207809 21 208333 13 208860 3
2c83c86dd4e5dacc024b55629375567fb8e320a82ef86f541cfe54764040fc25,14652 5 15168 13 15686 17 16205 20 16724 22 17243 24 17762 26 18282 27 18801 29 19321 30 19841 30 20361 31 20881 32 21402 31 21922 32 22443 31 22963 31 23483 31 24004 30 24525 29 25046 28 25567 27 26088 26 26609 25 27131 22 27652 21 28174 18 28695 17 29217 14 29740 10 30263 5
2c83c86dd4e5dacc024b55629375567fb8e320a82ef86f541cfe54764040fc25,99530 7 100047 11 100565 13 101084 15 101602 17 102120 20 102639 21 103158 22 103678 22 104197 23 104716 23 105236 23 105755 23 106275 22 106795 22 107315 21 107835 20 108356 18 108876 17 109397 15 109920 9
2c83c86dd4e5dacc024b55629375567fb8e320a82ef86f541cfe54764040fc25,116687 10 117204 15 117723 17 118242 19 118762 20 119281 22 119800 24 120320 24 120840 24 121359 26 121879 26 122399 26 122920 25 123440 25 123960 24 124481 23 125002 21 125523 19 126045 16 126567 12
2c83c86dd4e5dacc024b55629375567fb8e320a82ef86f541cfe54764040fc25,208150 2 208667 7 209186 9 209705 11 210225 12 210745 12 211265 13 211784 14 212304 14 212824 14 213344 14 213863 15 214383 16 214902 17 215422 17 215942 17 216462 17 216982 17 217502 17 218022 17 218543 17 219063 17 219583 17 220103 17 220623 18 221144 17 221664 17 222185 16 222705 15 223225 15 223746 13 224267 11 224789 8 225311 5
2c83c86dd4e5dacc024b55629375567fb8e320a82ef86f541cfe54764040fc25,134067 7 134586 10 135105 12 135624 14 136143 15 136663 16 137182 18 137701 19 138221 19 138741 20 139261 20 139781 20 140301 20 140821 20 141341 20 141861 20 142381 20 142901 19 143422 18 143942 18 144462 17 144982 17 145502 17 146023 16 146543 15 147063 15 147584 13 148104 12 148625 10 149147 6
2c83c86dd4e5dacc024b55629375567fb8e320a82ef86f541cfe54764040fc25,258878 10 259397 13 259916 16 260435 18 260955 20 261474 22 261994 23 262514 24 263034 25 263554 25 264074 26 264594 27 265115 27 265635 27 266155 27 266675 28 267196 27 267716 28 268237 27 268757 27 269278 26 269798 26 270319 25 270839 25 271360 24 271881 22 272402 21 272923 20 273444 18 273966 15 274488 12 275011 7
2c83c86dd4e5dacc024b55629375567fb8e320a82ef86f541cfe54764040fc25,193572 8 194089 13 194607 17 195125 20 195644 22 196162 25 196680 27 197199 28 197719 29 198238 30 198757 31 199276 31 199796 31 200315 32 200834 33 201354 32 201874 32 202393 33 202913 33 203433 32 203953 30 204473 29 204993 28 205514 26 206035 23 206556 20 207077 17 207599 11
2c83c86dd4e5dacc024b55629375567fb8e320a82ef86f541cfe54764040fc25,101249 11 101768 13 102285 20 102804 23 103323 25 103842 27 104361 29 104881 30 105401 31 105921 32 106441 32 106962 32 107482 33 108002 33 108523 32 109044 31 109565 31 110085 31 110606 30 111126 30 111647 28 112168 27 112689 26 113210 25 113731 24 114253 22 114774 20 115297 17 115819 14 116341 10 116864 2
2c83c86dd4e5dacc024b55629375567fb8e320a82ef86f541cfe54764040fc25,258071 6 258590 12 259109 14 259629 15 260149 16 260669 16 261188 18 261708 18 262228 19 262748 19 263268 20 263789 19 264309 19 264829 19 265349 19 265869 19 266389 19 266909 19 267430 18 267950 18 268471 17 268992 15 269512 15 270033 13 270554 11 271077 6
2c83c86dd4e5dacc024b55629375567fb8e320a82ef86f541cfe54764040fc25,327652 5 328170 9 328689 12 329208 14 329727 15 330246 17 330766 17 331285 18 331805 18 332324 19 332844 19 333364 19 333884 19 334404 19 334924 19 335444 19 335964 18 336484 18 337004 18 337524 17 338044 17 338565 15 339085 14 339605 14 340126 12 340646 12 341167 10 341688 8 342209 5
2c83c86dd4e5dacc024b55629375567fb8e320a82ef86f541cfe54764040fc25,209306 9 209825 13 210344 15 210863 17 211382 19 211902 20 212422 20 212941 22 213461 22 213981 23 214501 23 215021 23 215541 23 216061 24 216581 24 217101 24 217621 24 218142 23 218662 22 219182 22 219702 21 220222 21 220742 20 221263 18 221783 18 222303 17 222824 14 223345 12 223868 7
2c83c86dd4e5dacc024b55629375567fb8e320a82ef86f541cfe54764040fc25,278041 5 278559 9 279078 12 279597 16 280115 20 280634 22 281154 23 281673 24 282193 25 282712 26 283231 27 283751 27 284270 28 284790 28 285310 27 285829 28 286349 27 286869 26 287389 25 287909 24 288430 22 288950 21 289470 18 289991 16 290512 14 291033 11 291554 8
2c83c86dd4e5dacc024b55629375567fb8e320a82ef86f541cfe54764040fc25,278495 3 279011 13 279530 15 280049 19 280568 21 281088 22 281607 24 282127 25 282647 25 283167 26 283687 26 284207 26 284727 26 285247 27 285767 27 286288 25 286809 24 287329 24 287850 23 288371 22 288892 20 289412 20 289933 19 290454 17 290975 16 291496 14 292017 12 292538 11 293059 9 293581 5
2c83c86dd4e5dacc024b55629375567fb8e320a82ef86f541cfe54764040fc25,275302 4 275816 13 276331 19 276849 23 277367 26 277886 28 278405 30 278924 32 279443 33 279963 33 280483 32 281002 33 281522 33 282042 33 282563 31 283084 29 283605 25 284127 19 284651 12
2c83c86dd4e5dacc024b55629375567fb8e320a82ef86f541cfe54764040fc25,293913 2 294423 15 294941 19 295460 22 295979 24 296499 27 297019 28 297539 29 298058 31 298578 32 299098 33 299618 33 300138 34 300658 35 301178 35 301699 34 302219 34 302740 33 303260 33 303780 33 304301 32 304821 32 305342 30 305863 28 306384 26 306905 25 307426 24 307947 23 308468 21 308989 19 309511 16 310033 12 310557 6
2c83c86dd4e5dacc024b55629375567fb8e320a82ef86f541cfe54764040fc25,40772 11 41290 15 41808 19 42327 21 42846 23 43365 25 43884 27 44403 28 44923 29 45442 30 45961 32 46481 32 47001 32 47521 31 48041 31 48561 31 49081 30 49601 29 50122 27 50643 25 51163 24 51684 21 52206 17 52729 12
2c83c86dd4e5dacc024b55629375567fb8e320a82ef86f541cfe54764040fc25,145047 10 145565 13 146083 16 146600 20 147119 21 147638 23 148157 24 148676 26 149195 27 149714 28 150233 29 150752 29 151272 29 151791 30 152311 30 152830 30 153350 29 153870 29 154390 28 154910 28 155430 27 155950 26 156470 25 156991 24 157511 23 158032 21 158553 19 159074 17 159595 13 160118 6
2c83c86dd4e5dacc024b55629375567fb8e320a82ef86f541cfe54764040fc25,242197 8 242712 16 243230 20 243748 23 244267 25 244786 27 245305 29 245825 29 246345 30 246864 31 247384 31 247905 31 248425 31 248945 30 249466 29 249987 28 250508 26 251030 23 251551 21 252073 16 252597 3
