2dd3356f2dcf470aec4003800744dfec6490e75d88011e1d835f4f3d60f88e7a,13895 6 14150 8 14406 8 14662 8 14918 7 15174 7 15431 6 15687 6 15944 4 16200 4 16457 2
2dd3356f2dcf470aec4003800744dfec6490e75d88011e1d835f4f3d60f88e7a,12961 6 13216 8 13471 12 13727 13 13983 14 14240 14 14496 14 14752 15 15009 15 15265 15 15521 16 15777 16 16034 16 16291 16 16547 16 16803 16 17060 16 17317 16 17574 15 17831 14 18088 13 18347 10 18605 8 18863 5 19121 2
2dd3356f2dcf470aec4003800744dfec6490e75d88011e1d835f4f3d60f88e7a,198 26 453 14 702 21 957 21 1213 21 1468 21 1724 19 1980 18 2237 17 2496 13
2dd3356f2dcf470aec4003800744dfec6490e75d88011e1d835f4f3d60f88e7a,9756 6 10010 9 10265 11 10520 12 10775 14 11031 15 11287 16 11543 17 11799 18 12055 18 12312 16 12568 16 12824 16 13081 15 13337 15 13594 14 13851 12 14109 10 14366 8
2dd3356f2dcf470aec4003800744dfec6490e75d88011e1d835f4f3d60f88e7a,75435 3 75691 6 75947 6 76203 6 76459 6 76715 9 76971 11 77227 11 77483 11 77739 11 77995 11 78251 11 78507 11 78763 11 79019 11 79275 11 79531 11 79788 9 80045 8 80301 7 80558 5
2dd3356f2dcf470aec4003800744dfec6490e75d88011e1d835f4f3d60f88e7a,77316 4 77571 6 77827 7 78083 7 78339 8 78595 8 78851 8 79107 9 79363 9 79619 9 79875 9 80131 9 80387 10 80643 10 80899 10 81155 10 81412 9 81669 8
2dd3356f2dcf470aec4003800744dfec6490e75d88011e1d835f4f3d60f88e7a,76064 3 76318 6 76573 8 76829 8 77085 8 77342 7 77598 7 77854 8 78110 9 78366 10 78623 10 78879 11 79135 12 79391 13 79648 13 79904 13 80160 14 80416 15 80672 16 80929 16 81185 16 81442 15 81699 14
2dd3356f2dcf470aec4003800744dfec6490e75d88011e1d835f4f3d60f88e7a,53344 4 53597 8 53852 11 54107 13 54363 13 54619 14 54875 14 55131 14 55387 14 55643 14 55900 13 56156 13 56412 13 56669 12 56925 12 57181 11 57438 9 57694 9 57950 8 58207 6 58464 4
2dd3356f2dcf470aec4003800744dfec6490e75d88011e1d835f4f3d60f88e7a,39403 6 39659 6 39914 8 40167 11 40422 13 40678 13 40934 14 41190 15 41446 16 41702 17 41958 17 42214 17 42470 17 42726 17 42983 16 43239 16 43495 15 43751 15 44008 14 44264 13 44521 11 44778 10
2dd3356f2dcf470aec4003800744dfec6490e75d88011e1d835f4f3d60f88e7a,49730 4 49985 6 50240 8 50496 9 50752 10 51008 10 51264 11 51520 11 51776 12 52032 12 52289 12 52545 12 52802 11 53059 10 53316 9 53572 9 53829 8 54086 7 54342 7 54599 5
2dd3356f2dcf470aec4003800744dfec6490e75d88011e1d835f4f3d60f88e7a,44556 5 44810 8 45059 15 45314 16 45569 17 45825 17 46081 17 46337 17 46593 15 46849 11 47105 10 47361 9 47617 7 47873 5 48129 4
2dd3356f2dcf470aec4003800744dfec6490e75d88011e1d835f4f3d60f88e7a,44357 3 44609 8 44864 9 45120 10 45376 10 45631 12 45887 12 46143 12 46399 13 46655 14 46911 14 47167 14 47423 14 47679 14 47935 14 48191 13 48447 12 48704 10 48960 9 49217 7
2dd3356f2dcf470aec4003800744dfec6490e75d88011e1d835f4f3d60f88e7a,30723 5 30978 7 31234 11 31490 12 31746 14 32002 15 32258 16 32514 17 32770 17 33026 17 33282 17 33538 18 33794 18 34051 17 34308 16 34565 15 34821 15 35077 14 35334 12 35591 10 35848 8 36105 5
2dd3356f2dcf470aec4003800744dfec6490e75d88011e1d835f4f3d60f88e7a,22585 2 22837 8 23092 10 23348 11 23604 12 23861 12 24118 13 24375 13 24631 13 24888 13 25145 12 25402 11 25659 10 25915 10 26171 10 26427 10 26682 11 26938 11 27194 11 27450 11 27706 10 27962 10 28218 9 28475 8 28732 6 28989 4
2dd3356f2dcf470aec4003800744dfec6490e75d88011e1d835f4f3d60f88e7a,2621 8 2875 11 3130 12 3385 13 3640 14 3895 15 4150 16 4406 16 4663 15 4919 15 5175 15 5431 15 5688 13 5944 12 6200 11 6457 9 6714 6 6971 4
2dd3356f2dcf470aec4003800744dfec6490e75d88011e1d835f4f3d60f88e7a,28164 3 28419 6 28675 9 28931 11 29187 13 29443 14 29699 14 29955 14 30212 13 30475 6 30733 4 30990 2
2dd3356f2dcf470aec4003800744dfec6490e75d88011e1d835f4f3d60f88e7a,67767 6 68022 8 68277 11 68533 12 68789 13 69045 13 69301 13 69557 14 69813 14 70067 16 70323 16 70579 16 70835 16 71091 16 71347 16 71603 15 71859 14 72115 14 72372 13 72629 9 72886 7 73143 6 73399 4
2dd3356f2dcf470aec4003800744dfec6490e75d88011e1d835f4f3d60f88e7a,17970 3 18225 5 18481 5 18737 6 18994 5 19251 4 19508 2
2dd3356f2dcf470aec4003800744dfec6490e75d88011e1d835f4f3d60f88e7a,6183 7 6438 10 6693 12 6949 13 7205 13 7461 14 7717 14 7974 13 8230 13 8486 13 8742 13 8998 13 9254 13 9510 13 9767 12 10023 11 10280 9
2dd3356f2dcf470aec4003800744dfec6490e75d88011e1d835f4f3d60f88e7a,298 9 553 11 809 11 1066 10 1323 10 1579 10 1836 9 2092 10 2348 10 2605 9 2861 9 3117 9 3374 8 3631 7 3889 4
2dd3356f2dcf470aec4003800744dfec6490e75d88011e1d835f4f3d60f88e7a,167 15 422 17 677 19 932 20 1188 20 1444 21 1700 21 1956 21 2212 21 2468 21 2724 21 2980 21 3237 20 3493 19 3749 17 4005 16 4262 13 4518 12 4775 10 5032 8 5289 6
2dd3356f2dcf470aec4003800744dfec6490e75d88011e1d835f4f3d60f88e7a,73748 3 74003 5 74258 6 74514 7 74770 7 75026 7 75282 8 75538 8 75794 8 76050 8 76307 7 76563 7 76819 7 77076 6 77333 5 77589 5 77846 3
2dd3356f2dcf470aec4003800744dfec6490e75d88011e1d835f4f3d60f88e7a,56186 6 56440 9 56695 10 56950 12 57206 12 57461 14 57717 14 57973 14 58229 14 58485 14 58741 14 58997 14 59253 14 59509 14 59765 14 60021 13 60277 12 60533 12 60789 11 61046 9 61302 8 61559 6 61816 4
2dd3356f2dcf470aec4003800744dfec6490e75d88011e1d835f4f3d60f88e7a,71630 8 71885 9 72141 10 72396 12 72651 14 72907 14 73162 17 73418 18 73674 19 73931 18 74187 18 74443 18 74699 18 74955 19 75211 19 75467 20 75723 20 75979 20 76235 20 76492 19 76756 11 77013 10 77270 9 77527 8 77784 6 78042 3
2dd3356f2dcf470aec4003800744dfec6490e75d88011e1d835f4f3d60f88e7a,67064 6 67320 6 67576 8 67831 10 68087 10 68343 10 68599 10 68855 10 69111 10 69367 10 69623 10 69879 10 70135 10 70391 10 70647 10 70904 9 71160 9 71417 8 71673 8 71930 7 72187 6 72443 6 72700 5 72957 4 73213 4 73469 4 73726 3 73983 2 74239 2 74496 1 74752 1
2dd3356f2dcf470aec4003800744dfec6490e75d88011e1d835f4f3d60f88e7a,35073 2 35329 3 35585 4 35841 5 36097 6 36353 13 36609 14 36865 14 37121 15 37377 15 37633 15 37889 15 38145 15 38401 15 38658 13 38915 11 39172 9 39430 5
2dd3356f2dcf470aec4003800744dfec6490e75d88011e1d835f4f3d60f88e7a,3835 5 4090 7 4345 8 4601 8 4856 9 5111 10 5367 10 5622 11 5878 11 6134 11 6389 12 6645 11 6901 11 7157 10 7413 9 7668 9 7924 9 8180 8 8437 6 8694 4 8951 2
2dd3356f2dcf470aec4003800744dfec6490e75d88011e1d835f4f3d60f88e7a,634 11 888 14 1143 15 1398 16 1653 16 1908 17 2164 17 2419 18 2674 19 2930 19 3185 20 3441 21 3697 21 3953 20 4208 20 4464 19 4720 13 4736 2 4975 13 5231 12 5487 12 5742 13 5998 13 6254 13 6510 12 6766 12 7022 12 7278 12 7534 12 7791 11 8047 11 8303 10 8559 10 8815 10 9072 8 9329 5
2dd3356f2dcf470aec4003800744dfec6490e75d88011e1d835f4f3d60f88e7a,7874 4 8129 7 8384 10 8640 11 8896 12 9152 14 9408 15 9664 15 9920 16 10177 15 10433 16 10689 16 10945 16 11201 16 11457 16 11713 16 11970 15 12227 14 12484 13 12741 11 12999 8
2dd3356f2dcf470aec4003800744dfec6490e75d88011e1d835f4f3d60f88e7a,21001 11 21256 13 21512 13 21768 13 22024 13 22279 15 22535 15 22791 16 23047 16 23303 16 23559 16 23815 17 24071 17 24327 17 24583 17 24839 16 25096 14 25353 12 25610 7
2dd3356f2dcf470aec4003800744dfec6490e75d88011e1d835f4f3d60f88e7a,35581 4 35834 7 36085 12 36338 15 36593 16 36847 18 37103 18 37359 18 37615 18 37871 18 38127 18 38383 18 38639 17 38895 17 39151 17 39409 15 39665 14 39922 13 40178 13 40435 12 40691 12 40948 11 41205 11 41462 10 41719 9 41975 3 41981 3
2dd3356f2dcf470aec4003800744dfec6490e75d88011e1d835f4f3d60f88e7a,47509 6 47762 11 48017 13 48273 14 48529 14 48785 15 49041 15 49297 15 49554 14 49811 13 50068 11 50325 9 50582 6 50839 2
2dd3356f2dcf470aec4003800744dfec6490e75d88011e1d835f4f3d60f88e7a,63545 2 63800 5 64055 7 64311 8 64567 8 64823 9 65079 9 65335 9 65591 10 65847 10 66104 10 66360 11 66616 11 66872 11 67128 12 67385 11 67641 11 67898 11 68154 11 68410 11 68667 11 68923 12 69179 12 69436 11 69692 12 69949 12 70205 12 70461 12 70718 11 70974 11 71230 11 71486 11 71742 11 71998 11 72254 11 72510 12 72766 12 73022 12 73279 11 73536 10 73792 10 74049 9 74306 8 74563 6 74820 3
2dd3356f2dcf470aec4003800744dfec6490e75d88011e1d835f4f3d60f88e7a,54336 3 54591 6 54846 11 55101 13 55357 15 55613 16 55868 17 56124 17 56380 17 56637 16 56894 15 57151 14 57408 13 57666 11 57923 9 58182 5
2dd3356f2dcf470aec4003800744dfec6490e75d88011e1d835f4f3d60f88e7a,44773 2 45029 15 45284 16 45540 16 45796 16 46052 16 46308 16 46564 16 46820 16 47076 16 47332 16 47588 16 47844 16 48100 16 48357 14 48613 14 48869 13 49126 11 49385 5
2dd3356f2dcf470aec4003800744dfec6490e75d88011e1d835f4f3d60f88e7a,662 7 917 9 1173 9 1429 9 1685 9 1941 8 2198 6 2455 3
2dd3356f2dcf470aec4003800744dfec6490e75d88011e1d835f4f3d60f88e7a,58168 3 58422 7 58677 9 58933 10 59189 10 59445 10 59701 11 59957 11 60213 11 60469 11 60725 11 60981 11 61237 11 61493 10 61749 10 62005 9 62261 8 62517 8 62773 8 63029 7 63285 6 63542 3 63799 1
2dd3356f2dcf470aec4003800744dfec6490e75d88011e1d835f4f3d60f88e7a,25318 10 25573 12 25828 14 26084 15 26340 16 26596 16 26852 17 27108 18 27364 18 27620 18 27877 17 28133 17 28390 15 28646 15 28902 14 29159 12 29416 11 29673 10 29930 8
2dd3356f2dcf470aec4003800744dfec6490e75d88011e1d835f4f3d60f88e7a,32254 3 32508 5 32763 6 33017 8 33270 11 33525 12 33780 13 34035 14 34290 14 34546 13 34801 13 35057 13 35313 13 35569 12 35825 9 36082 3
2dd3356f2dcf470aec4003800744dfec6490e75d88011e1d835f4f3d60f88e7a,68895 4 69150 6 69406 7 69662 7 69918 7 70174 7 70430 8 70687 7 70943 8 71199 8 71456 8 71712 8 71968 9 72224 9 72480 9 72737 8 72994 7 73251 7 73508 6 73765 5 74023 2
2dd3356f2dcf470aec4003800744dfec6490e75d88011e1d835f4f3d60f88e7a,81 6 337 6 593 6 849 5 1106 2
2dd3356f2dcf470aec4003800744dfec6490e75d88011e1d835f4f3d60f88e7a,8453 6 8707 9 8961 12 9217 12 9473 13 9729 13 9985 13 10241 13 10497 13 10753 13 11009 12 11265 12 11521 12 11777 11 12033 10 12290 8 12547 5
2dd3356f2dcf470aec4003800744dfec6490e75d88011e1d835f4f3d60f88e7a,31769 14 32024 16 32279 18 32535 18 32791 18 33047 18 33303 18 33559 18 33815 17 34071 17 34328 15 34584 15 34840 14 35097 12 35354 9 35611 7 35868 4
2dd3356f2dcf470aec4003800744dfec6490e75d88011e1d835f4f3d60f88e7a,39297 4 39552 9 39807 11 40062 13 40318 14 40573 16 40829 16 41085 16 41341 16 41597 16 41854 15 42110 15 42366 15 42623 14 42880 13 43137 12 43394 11 43653 7
2dd3356f2dcf470aec4003800744dfec6490e75d88011e1d835f4f3d60f88e7a,49021 9 49275 12 49530 14 49786 16 50042 17 50298 18 50554 18 50810 18 51067 17 51324 15 51582 12 51839 8
2dd3356f2dcf470aec4003800744dfec6490e75d88011e1d835f4f3d60f88e7a,49744 7 49997 12 50252 14 50508 14 50764 15 51020 16 51277 16 51533 16 51790 15 52046 15 52302 15 52558 15 52814 15 53070 15 53326 15 53583 14 53840 12 54097 10 54353 9 54610 7 54867 4
2dd3356f2dcf470aec4003800744dfec6490e75d88011e1d835f4f3d60f88e7a,18513 5 18765 10 19019 12 19274 13 19529 14 19785 14 20042 12 20298 11 20554 11 20810 11 21067 9 21323 8 21579 8 21836 6 22093 4
2dd3356f2dcf470aec4003800744dfec6490e75d88011e1d835f4f3d60f88e7a,46608 2 46862 5 47117 6 47373 6 47628 7 47883 8 48138 9 48393 9 48647 10 48902 11 49158 10 49414 9 49670 9 49926 8 50182 8 50438 7 50695 6 50952 4 51209 2
2dd3356f2dcf470aec4003800744dfec6490e75d88011e1d835f4f3d60f88e7a,44578 3 44833 5 45088 6 45344 7 45599 9 45855 10 46110 11 46366 11 46621 12 46877 12 47132 13 47388 12 47643 12 47898 13 48154 12 48409 13 48664 13 48919 13 49175 11 49430 11 49685 11 49941 9 50197 8 50452 7 50707 7 50963 6 51219 5 51475 4 51732 2
2dd3356f2dcf470aec4003800744dfec6490e75d88011e1d835f4f3d60f88e7a,41550 12 41805 15 42061 16 42316 19 42572 21 42828 23 43084 24 43340 25 43596 25 43852 25 44108 26 44364 26 44621 25 44877 25 45133 25 45389 25 45646 24 45902 24 46158 24 46415 23 46672 21 46929 19 47185 11 47442 8 47699 6 47955 6 48212 5 48469 3
2dd3356f2dcf470aec4003800744dfec6490e75d88011e1d835f4f3d60f88e7a,28883 9 29138 12 29393 15 29648 19 29904 20 30161 19 30417 20 30673 20 30930 19 31186 19 31443 18 31699 18 31956 17 32213 16 32470 15 32727 13 32984 11 33243 7 33501 2
2dd3356f2dcf470aec4003800744dfec6490e75d88011e1d835f4f3d60f88e7a,18492 6 18747 10 19002 12 19258 12 19514 12 19770 12 20026 13 20282 13 20538 12 20794 12 21050 11 21306 11 21562 10 21819 9 22076 7 22332 6 22589 5 22846 3
2dd3356f2dcf470aec4003800744dfec6490e75d88011e1d835f4f3d60f88e7a,652 3 907 5 1162 6 1417 7 1673 7 1928 8 2184 8 2439 9 2695 9 2951 9 3207 8 3463 8 3719 7 3976 5
2dd3356f2dcf470aec4003800744dfec6490e75d88011e1d835f4f3d60f88e7a,75237 7 75493 9 75748 12 76003 13 76259 14 76515 14 76771 14 77027 15 77283 16 77539 16 77795 16 78052 16 78308 16 78565 16 78821 16 79078 15 79335 15 79591 15 79848 15 80106 13 80363 13 80621 11 80883 4
2dd3356f2dcf470aec4003800744dfec6490e75d88011e1d835f4f3d60f88e7a,75558 6 75813 8 76069 9 76325 12 76581 13 76837 15 77093 16 77349 17 77605 18 77862 18 78119 18 78376 18 78633 17 78890 16 79147 16 79404 15 79661 14 79917 14 80174 13 80431 12 80688 10 80945 8
2dd3356f2dcf470aec4003800744dfec6490e75d88011e1d835f4f3d60f88e7a,17422 5 17677 7 17931 10 18185 12 18440 13 18694 15 18949 16 19205 16 19461 16 19717 15 19974 13 20231 11
2dd3356f2dcf470aec4003800744dfec6490e75d88011e1d835f4f3d60f88e7a,49964 4 50219 6 50474 7 50730 7 50986 8 51242 8 51498 9 51753 10 52008 11 52263 12 52513 18 52768 7 52777 9 53024 6 53034 7 53280 6 53291 6 53536 5 53548 5 53793 3 53805 3
2dd3356f2dcf470aec4003800744dfec6490e75d88011e1d835f4f3d60f88e7a,34934 4 35186 9 35441 11 35696 13 35952 13 36207 14 36462 16 36717 17 36972 19 37227 20 37482 21 37737 22 37993 22 38248 24 38502 26 38757 27 39013 27 39268 28 39524 28 39780 27 40036 26 40293 25 40550 23 40807 21 41066 17 41323 15 41581 11
2dd3356f2dcf470aec4003800744dfec6490e75d88011e1d835f4f3d60f88e7a,47198 6 47453 9 47707 12 47962 14 48217 16 48473 17 48729 18 48985 19 49241 19 49497 19 49753 19 50009 20 50266 20 50522 20 50779 20 51036 19 51293 18 51549 17 51806 16 52063 14 52322 11 52581 7
2dd3356f2dcf470aec4003800744dfec6490e75d88011e1d835f4f3d60f88e7a,16373 4 16627 7 16882 9 17137 11 17393 12 17649 13 17905 13 18161 13 18417 13 18674 12 18931 11 19188 10 19445 9 19704 5
2dd3356f2dcf470aec4003800744dfec6490e75d88011e1d835f4f3d60f88e7a,5140 7 5394 12 5649 14 5905 15 6161 15 6417 15 6672 16 6928 16 7183 17 7438 18 7694 17 7950 17 8206 17 8462 16 8718 16 8975 15 9231 14 9488 13 9744 12 10001 9 10257 8 10514 6
2dd3356f2dcf470aec4003800744dfec6490e75d88011e1d835f4f3d60f88e7a,19306 6 19561 11 19816 13 20072 13 20327 14 20583 14 20839 14 21095 15 21351 15 21607 15 21863 15 22119 15 22375 16 22632 15 22889 14 23145 14 23401 14 23657 14 23913 14 24170 14 24427 13 24684 12 24940 12 25197 11 25454 10 25711 9 25971 4
2dd3356f2dcf470aec4003800744dfec6490e75d88011e1d835f4f3d60f88e7a,20140 16 20395 18 20651 19 20908 18 21164 19 21420 19 21676 19 21932 19 22189 18 22446 17 22702 17 22958 17 23214 17 23470 16 23728 14 23986 11
2dd3356f2dcf470aec4003800744dfec6490e75d88011e1d835f4f3d60f88e7a,62747 2 63002 4 63258 5 63514 5 63770 6 64026 6 64282 6 64538 6 64795 5 65053 2
2dd3356f2dcf470aec4003800744dfec6490e75d88011e1d835f4f3d60f88e7a,40449 3 40705 4 40961 4 41217 4 41473 4 41729 4 41985 4 42241 4 42497 4 42753 4 43009 4 43265 4 43521 3
2dd3356f2dcf470aec4003800744dfec6490e75d88011e1d835f4f3d60f88e7a,73123 4 73378 7 73634 10 73889 11 74145 11 74400 13 74656 12 74912 11 75168 11 75424 11 75680 11 75936 11 76192 11 76448 11 76704 10 76960 10 77216 9 77473 7
2dd3356f2dcf470aec4003800744dfec6490e75d88011e1d835f4f3d60f88e7a,67760 4 68016 4 68270 6 68526 7 68782 7 69038 7 69293 8 69549 8 69805 8 70060 7 70316 7 70572 7 70828 7 71084 7 71340 6 71596 6 71854 2
2dd3356f2dcf470aec4003800744dfec6490e75d88011e1d835f4f3d60f88e7a,21722 5 21976 11 22231 14 22487 15 22743 17 23000 17 23256 18 23512 18 23768 18 24025 17 24282 15 24539 14 24796 12 25053 11 25310 8 25567 6
2dd3356f2dcf470aec4003800744dfec6490e75d88011e1d835f4f3d60f88e7a,80578 4 80829 10 81084 11 81339 13 81595 14 81851 15
2dd3356f2dcf470aec4003800744dfec6490e75d88011e1d835f4f3d60f88e7a,14883 6 15136 10 15390 14 15645 16 15899 18 16154 19 16409 21 16664 22 16920 22 17177 22 17433 22 17689 22 17945 22 18201 22 18457 22 18714 20 18971 18 19228 15 19485 12 19742 10
2dd3356f2dcf470aec4003800744dfec6490e75d88011e1d835f4f3d60f88e7a,78864 2 79119 4 79375 5 79631 6 79887 6 80143 7 80399 8 80656 7 80912 8 81168 9 81424 9 81680 9
2dd3356f2dcf470aec4003800744dfec6490e75d88011e1d835f4f3d60f88e7a,3512 1 3766 4 4021 5 4275 7 4530 8 4785 9 5040 11 5295 12 5548 16 5803 17 6058 18 6314 18 6570 18 6826 19 7082 19 7338 19 7594 19 7850 19 8106 18 8362 18 8618 18 8875 16 9131 15 9387 15 9644 14 9901 12 10158 10 10414 9 10671 7
2dd3356f2dcf470aec4003800744dfec6490e75d88011e1d835f4f3d60f88e7a,34004 7 34259 10 34513 15 34768 17 35023 19 35279 19 35535 19 35791 20 36047 20 36304 19 36560 19 36817 18 37073 18 37329 18 37585 17 37841 17 38097 16 38354 15 38610 15 38866 15 39123 13 39379 12 39635 11 39892 9 40148 8 40404 7 40661 5 40918 3
2dd3356f2dcf470aec4003800744dfec6490e75d88011e1d835f4f3d60f88e7a,78500 3 78754 6 79008 9 79264 10 79520 11 79776 11 80032 12 80288 13 80544 13 80799 14 81055 14 81311 14 81567 14 81823 14
2dd3356f2dcf470aec4003800744dfec6490e75d88011e1d835f4f3d60f88e7a,34198 3 34453 5 34709 7 34965 8 35221 8 35477 9 35733 10 35989 11 36245 12 36501 13 36758 13 37015 13 37272 12 37529 12 37785 12 38041 13 38298 12 38554 13 38811 13 39068 12 39325 12 39583 10 39840 10 40097 9 40354 9 40611 9 40868 8 41124 8 41380 8 41637 7 41893 7 42149 8 42405 8 42662 7 42918 7 43174 7 43430 7 43687 6 43943 6 44199 6 44456 5 44713 3
2dd3356f2dcf470aec4003800744dfec6490e75d88011e1d835f4f3d60f88e7a,70290 4 70545 6 70800 8 71056 8 71311 9 71566 10 71822 11 72078 11 72334 11 72590 11 72846 11 73102 11 73358 11 73614 11 73870 11 74126 10 74383 9 74640 8 74897 6 75153 6 75410 4 75667 2
2dd3356f2dcf470aec4003800744dfec6490e75d88011e1d835f4f3d60f88e7a,19839 3 20092 7 20346 9 20600 12 20855 14 21110 16 21366 16 21622 16 21878 17 22134 17 22391 16 22647 17 22903 18 23159 19 23415 19 23671 20 23927 21 24184 20 24440 20 24696 20 24952 20 25209 19 25466 18 25723 17 25979 17 26236 17 26493 16 26749 16 27006 15 27263 14 27520 13 27776 13 28033 11 28293 6 28551 3
2dd3356f2dcf470aec4003800744dfec6490e75d88011e1d835f4f3d60f88e7a,3267 7 3522 9 3776 12 4031 13 4286 15 4542 15 4798 15 5054 15 5311 14 5567 13 5823 13 6079 12 6336 10
2dd3356f2dcf470aec4003800744dfec6490e75d88011e1d835f4f3d60f88e7a,5729 5 5984 7 6239 9 6494 10 6750 11 7005 12 7261 12 7518 11 7775 10 8031 9 8288 7 8545 5
2dd3356f2dcf470aec4003800744dfec6490e75d88011e1d835f4f3d60f88e7a,8609 4 8864 9 9119 11 9375 12 9631 12 9886 13 10142 14 10398 14 10653 16 10909 17 11165 21 11420 23 11676 24 11932 25 12188 25 12445 24 12702 23 12969 12 13226 10 13483 8 13740 6
2dd3356f2dcf470aec4003800744dfec6490e75d88011e1d835f4f3d60f88e7a,47159 3 47414 5 47669 7 47925 7 48181 7 48437 8 48693 8 48949 8 49205 9 49461 9 49717 10 49974 9 50230 9 50487 8 50743 8 51000 7 51256 7 51512 7 51769 6 52026 4
2dd3356f2dcf470aec4003800744dfec6490e75d88011e1d835f4f3d60f88e7a,24245 4 24500 6 24755 8 25011 9 25267 10 25523 12 25779 14 26036 14 26292 16 26548 17 26804 18 27061 17 27318 17 27574 17 27830 16 28087 14 28344 11 28602 7
2dd3356f2dcf470aec4003800744dfec6490e75d88011e1d835f4f3d60f88e7a,75074 5 75329 6 75584 7 75839 8 76095 8 76351 8 76607 8 76863 8 77119 8 77376 7 77633 5
2dd3356f2dcf470aec4003800744dfec6490e75d88011e1d835f4f3d60f88e7a,30081 8 30336 10 30591 12 30846 14 31102 15 31357 16 31613 17 31869 18 32125 19 32381 19 32637 19 32893 19 33149 19 33405 19 33662 18 33918 18 34174 17 34431 16 34688 15 34944 14 35201 13 35458 11 35715 9 35973 5
2dd3356f2dcf470aec4003800744dfec6490e75d88011e1d835f4f3d60f88e7a,33329 3 33582 7 33837 8 34092 9 34347 10 34602 11 34857 12 35112 12 35367 12 35622 13 35877 13 36132 13 36387 14 36643 14 36898 14 37153 14 37408 15 37664 14 37920 14 38175 14 38431 14 38686 14 38942 14 39198 14 39453 14 39709 13 39965 12 40222 11 40479 9 40736 7 40993 5
2dd3356f2dcf470aec4003800744dfec6490e75d88011e1d835f4f3d60f88e7a,17311 2 17566 4 17822 4 18077 6 18333 7 18588 9 18844 10 19100 12 19356 13 19611 14 19867 14 20123 15 20379 15 20635 15 20891 15 21148 14 21404 14 21660 14 21917 13 22173 14 22429 15 22685 16 22942 16 23198 16 23454 16 23710 16 23967 14 24223 13 24480 12 24736 11 24993 9 25251 4
2dd3356f2dcf470aec4003800744dfec6490e75d88011e1d835f4f3d60f88e7a,12256 6 12511 9 12767 11 13023 12 13279 13 13535 14 13791 15 14047 15 14303 16 14560 15 14818 13 15075 12 15332 11 15589 9 15845 9 16102 7 16359 5
2dd3356f2dcf470aec4003800744dfec6490e75d88011e1d835f4f3d60f88e7a,24350 5 24605 7 24861 9 25116 12 25372 13 25628 13 25884 13 26140 13 26396 13 26652 13 26908 12 27164 11 27420 10 27677 8 27933 8 28190 5
2dd3356f2dcf470aec4003800744dfec6490e75d88011e1d835f4f3d60f88e7a,21507 2 21762 4 22018 4 22274 5 22530 5 22786 5 23042 5 23298 5 23554 5 23810 5 24066 4 24323 2
2dd3356f2dcf470aec4003800744dfec6490e75d88011e1d835f4f3d60f88e7a,71410 6 71665 8 71920 10 72176 10 72432 11 72688 12 72944 13 73201 12 73457 12 73713 13 73970 13 74226 13 74482 14 74738 14 74995 14 75251 14 75508 13 75764 13 76021 12 76278 11 76534 11 76791 10 77048 9 77304 9 77561 8 77818 7 78075 6 78332 5 78589 4 78846 3 79102 3 79359 2 79616 1
2dd3356f2dcf470aec4003800744dfec6490e75d88011e1d835f4f3d60f88e7a,55379 4 55634 6 55889 8 56145 8 56401 9 56656 10 56912 11 57168 11 57424 12 57680 12 57936 13 58192 14 58447 15 58703 16 58960 15 59217 15 59473 15 59729 15 59986 14 60242 14 60499 13 60756 12 61013 11 61270 9 61527 8 61786 4
2dd3356f2dcf470aec4003800744dfec6490e75d88011e1d835f4f3d60f88e7a,77771 6 78026 10 78282 11 78538 12 78794 13 79050 13 79305 14 79561 15 79817 16 80074 16 80330 16 80586 16 80842 16 81098 16 81354 16 81611 15 81868 14
2dd3356f2dcf470aec4003800744dfec6490e75d88011e1d835f4f3d60f88e7a,22221 9 22475 12 22730 13 22985 15 23239 17 23494 18 23750 18 24005 19 24260 19 24516 19 24771 19 25027 19 25283 18 25539 17 25796 15 26054 12 26311 10 26568 8 26825 5
2dd3356f2dcf470aec4003800744dfec6490e75d88011e1d835f4f3d60f88e7a,56838 2 57093 4 57348 5 57603 6 57858 7 58113 8 58369 8 58625 9 58881 9 59137 10 59393 12 59649 13 59905 14 60161 15 60417 15 60673 15 60929 15 61185 15 61441 15 61697 15 61953 15 62209 14 62465 13 62721 12 62977 12 63233 12 63489 12 63745 13 64001 14 64257 15 64513 15 64769 15 65025 15 65281 15 65537 14 65793 13 66049 12 66305 9
2dd3356f2dcf470aec4003800744dfec6490e75d88011e1d835f4f3d60f88e7a,17542 8 17797 11 18052 14 18308 15 18563 17 18819 17 19075 18 19331 18 19587 19 19843 19 20099 20 20355 20 20612 20 20869 19 21126 18 21383 18 21640 17 21896 17 22152 18 22409 17 22665 17 22921 17 23178 16 23434 16 23691 15 23948 14 24206 11 24463 10 24720 8 24977 6
2dd3356f2dcf470aec4003800744dfec6490e75d88011e1d835f4f3d60f88e7a,63148 2 63403 4 63659 5 63915 5 64171 5 64426 6 64682 6 64938 6 65194 6 65449 7 65705 7 65961 7 66217 7 66473 7 66730 5 66986 5 67242 4 67498 4 67754 4 68011 2
2dd3356f2dcf470aec4003800744dfec6490e75d88011e1d835f4f3d60f88e7a,36799 5 37055 8 37308 11 37563 13 37818 14 38074 14 38329 15 38585 15 38841 15 39097 15 39353 15 39609 15 39865 15 40121 15 40377 14 40634 13 40890 12 41146 11 41403 9 41661 6
2dd3356f2dcf470aec4003800744dfec6490e75d88011e1d835f4f3d60f88e7a,3799 2 4053 5 4308 7 4564 7 4819 9 5075 9 5331 9 5587 9 5843 10 6099 10 6356 9 6613 8 6869 8 7125 8 7381 8 7637 7 7894 6 8151 4 8408 2
2dd3356f2dcf470aec4003800744dfec6490e75d88011e1d835f4f3d60f88e7a,26129 7 26384 10 26640 12 26896 12 27153 11 27409 11 27666 11 27922 11 28179 11 28195 4 28435 21 28691 22 28948 21 29205 20 29461 20 29718 19 29975 18 30232 17 30489 16 30745 16 31002 14 31260 11 31517 9
2dd3356f2dcf470aec4003800744dfec6490e75d88011e1d835f4f3d60f88e7a,15818 4 16071 10 16326 12 16582 12 16837 13 17092 15 17347 17 17603 17 17858 18 18113 19 18369 19 18624 20 18880 20 19137 19 19393 18 19649 18 19905 17 20162 14 20418 13 20675 5
2dd3356f2dcf470aec4003800744dfec6490e75d88011e1d835f4f3d60f88e7a,31652 2 31907 7 32162 15 32418 16 32674 16 32930 16 33186 17 33442 17 33698 17 33954 17 34210 17 34466 17 34723 16 34979 16 35235 15 35491 15 35748 14 36004 13 36261 11 36518 10 36775 8 37032 6 37289 3
2dd3356f2dcf470aec4003800744dfec6490e75d88011e1d835f4f3d60f88e7a,30142 7 30395 12 30650 14 30906 14 31161 16 31417 16 31672 18 31927 19 32182 21 32438 22 32694 22 32950 22 33206 22 33462 22 33718 22 33974 22 34231 21 34490 17 34748 14 35011 6
2dd3356f2dcf470aec4003800744dfec6490e75d88011e1d835f4f3d60f88e7a,27538 6 27793 8 28048 10 28303 12 28558 14 28814 15 29070 15 29326 15 29583 14 29840 13 30096 14 30353 13 30609 13 30866 12 31123 11 31379 11 31635 11 31892 9 32149 8 32407 5
2dd3356f2dcf470aec4003800744dfec6490e75d88011e1d835f4f3d60f88e7a,4611 5 4866 7 5121 9 5377 9 5633 10 5889 11 6145 11 6401 10 6657 9 6913 8 7169 6 7425 4
2dd3356f2dcf470aec4003800744dfec6490e75d88011e1d835f4f3d60f88e7a,36581 3 36836 9 37092 10 37347 12 37602 13 37858 13 38114 13 38369 13 38625 13 38881 12 39136 12 39391 11 39646 10 39901 9 40156 9 40411 9 40666 10 40921 10 41176 10 41432 10 41688 9 41944 8 42201 6
2dd3356f2dcf470aec4003800744dfec6490e75d88011e1d835f4f3d60f88e7a,1025 2 1281 3 1537 4 1793 5 2049 5 2305 6 2561 6 2817 6 3073 6 3329 5 3585 4 3841 3 4097 2
2dd3356f2dcf470aec4003800744dfec6490e75d88011e1d835f4f3d60f88e7a,4241 2 4496 4 4751 6 5007 6 5263 6 5519 6 5775 6 6031 6 6286 7 6541 8 6796 9 7051 10 7307 10 7563 10 7820 9 8076 9 8333 8 8589 7 8846 5 9104 2
2dd3356f2dcf470aec4003800744dfec6490e75d88011e1d835f4f3d60f88e7a,78214 4 78468 7 78723 9 78979 9 79235 9 79491 9 79747 9 80003 10 80259 10 80515 10 80771 10 81027 10 81284 9 81540 9 81796 9
2dd3356f2dcf470aec4003800744dfec6490e75d88011e1d835f4f3d60f88e7a,64814 2 65069 5 65325 6 65581 6 65837 7 66093 8 66349 8 66605 9 66860 10 67116 11 67372 11 67628 11 67884 11 68140 12 68396 12 68652 12 68908 12 69164 12 69420 12 69676 13 69933 13 70189 14 70445 15 70701 15 70958 15 71214 16 71470 16 71726 16 71983 15 72240 14 72496 14 72752 14 73009 13 73265 13 73521 13 73778 12 74035 11 74292 10 74550 7 74808 4
2dd3356f2dcf470aec4003800744dfec6490e75d88011e1d835f4f3d60f88e7a,29542 5 29794 10 30045 18 30300 21 30555 23 30810 25 31065 27 31320 28 31576 29 31831 30 32087 31 32343 32 32599 32 32855 33 33111 33 33367 33 33623 33 33879 33 34135 32 34392 30 34648 28 34904 27 35161 25 35417 24 35673 23 35930 22 36187 20 36444 18 36702 15 36959 13 37217 10 37474 8
2dd3356f2dcf470aec4003800744dfec6490e75d88011e1d835f4f3d60f88e7a,25002 4 25255 9 25508 13 25763 14 26019 14 26275 15 26531 16 26787 17 27043 17 27299 17 27555 18 27812 17 28068 17 28324 17 28581 16 28837 16 29093 16 29350 15 29606 15 29862 15 30118 15 30374 15 30630 15 30887 14 31143 14 31400 13 31657 12 31914 10
2dd3356f2dcf470aec4003800744dfec6490e75d88011e1d835f4f3d60f88e7a,15363 3 15618 5 15874 6 16130 6 16386 7 16642 7 16898 7 17154 7 17410 7 17667 5
2dd3356f2dcf470aec4003800744dfec6490e75d88011e1d835f4f3d60f88e7a,71856 3 72110 5 72366 6 72621 8 72877 9 73132 11 73388 11 73644 11 73900 12 74156 12 74413 12 74670 11 74926 12 75183 11 75440 10 75697 9 75953 9 76209 7 76466 5
2dd3356f2dcf470aec4003800744dfec6490e75d88011e1d835f4f3d60f88e7a,8958 2 9212 5 9466 7 9721 8 9976 9 10231 10 10487 10 10743 9 10999 9 11255 8 11511 8 11766 8 12022 7 12278 6 12534 6 12790 5 13047 3
2dd3356f2dcf470aec4003800744dfec6490e75d88011e1d835f4f3d60f88e7a,9094 2 9349 4 9605 5 9861 6 10117 7 10373 7 10629 8 10886 7 11143 7 11391 4 11399 7 11646 6 11654 8 11902 16 12157 17 12413 17 12670 16 12927 15 13185 12 13446 7 13706 2
2dd3356f2dcf470aec4003800744dfec6490e75d88011e1d835f4f3d60f88e7a,38799 2 39054 4 39310 6 39566 9 39822 10 40078 11 40334 12 40590 13 40846 14 41102 15 41358 15 41614 15 41871 14 42127 14 42384 13 42640 13 42896 14 43152 14 43408 14 43664 14 43921 13 44179 11 44436 10 44693 8 44950 6
2dd3356f2dcf470aec4003800744dfec6490e75d88011e1d835f4f3d60f88e7a,61508 4 61763 6 62018 7 62274 8 62530 8 62786 8 63042 8 63298 8 63554 8 63810 7 64067 5
