2e172afb1f43b359f1f0208da9386aefe97c0c1afe202abfe6ec09cdca820990,42009 4 42264 6 42519 8 42775 9 43031 9 43287 9 43543 10 43799 10 44055 10 44311 10 44567 10 44823 9 45080 7 45337 5
2e172afb1f43b359f1f0208da9386aefe97c0c1afe202abfe6ec09cdca820990,62494 6 62748 10 63003 12 63259 13 63514 15 63770 15 64026 16 64282 17 64538 17 64794 17 65051 16 65307 16
2e172afb1f43b359f1f0208da9386aefe97c0c1afe202abfe6ec09cdca820990,34212 9 34466 12 34721 14 34976 15 35231 16 35487 16 35743 16 35999 15 36255 15 36512 13 36769 10
2e172afb1f43b359f1f0208da9386aefe97c0c1afe202abfe6ec09cdca820990,49586 6 49841 9 50096 11 50352 12 50608 12 50864 13 51120 14 51377 13 51633 14 51890 13 52146 13 52403 12 52660 11 52917 10 53174 8 53432 3
2e172afb1f43b359f1f0208da9386aefe97c0c1afe202abfe6ec09cdca820990,64653 4 64908 7 65163 9 65418 11
2e172afb1f43b359f1f0208da9386aefe97c0c1afe202abfe6ec09cdca820990,57300 5 57555 7 57811 8 58067 9 58323 10 58579 11 58836 11 59092 11 59348 12 59605 11 59862 10 60119 9 60376 7 60633 5
2e172afb1f43b359f1f0208da9386aefe97c0c1afe202abfe6ec09cdca820990,51229 6 51484 8 51739 10 51995 10 52251 11 52507 11 52764 10 53020 10 53276 10 53532 10 53788 9 54045 7
2e172afb1f43b359f1f0208da9386aefe97c0c1afe202abfe6ec09cdca820990,23424 5 23678 8 23933 10 24188 12 24444 12 24699 13 24954 14 25210 14 25465 15 25721 14 25977 13 26233 13 26490 11 26746 9 27003 7
2e172afb1f43b359f1f0208da9386aefe97c0c1afe202abfe6ec09cdca820990,62143 6 62398 8 62654 9 62909 11 63165 12 63421 12 63677 13 63934 12 64190 13 64447 12 64703 12 64960 11 65217 10 65474 8
2e172afb1f43b359f1f0208da9386aefe97c0c1afe202abfe6ec09cdca820990,248 8 503 10 758 11 1014 11 1270 11 1526 11 1782 11 2038 11 2294 11 2550 11 2807 9 3063 8 3320 6
2e172afb1f43b359f1f0208da9386aefe97c0c1afe202abfe6ec09cdca820990,9517 3 9772 5 10027 7 10283 7 10538 9 10794 9 11050 9 11306 9 11561 9 11817 9 12073 9 12329 8 12586 6 12843 5 13100 2
2e172afb1f43b359f1f0208da9386aefe97c0c1afe202abfe6ec09cdca820990,4431 5 4686 7 4941 8 5196 10 5452 10 5707 12 5963 12 6219 12 6475 12 6731 12 6988 11 7244 11 7501 9 7757 9 8014 7 8271 5
2e172afb1f43b359f1f0208da9386aefe97c0c1afe202abfe6ec09cdca820990,58287 5 58542 7 58797 9 59053 10 59309 10 59566 10 59822 11 60078 11 60334 11 60591 11 60847 11 61104 10 61360 10 61617 9 61874 7 62131 6 62388 4
2e172afb1f43b359f1f0208da9386aefe97c0c1afe202abfe6ec09cdca820990,42734 6 42989 8 43245 8 43501 9 43757 10 44013 11 44269 11 44525 11 44782 10 45039 9 45296 8 45553 6 45809 5 46066 2
2e172afb1f43b359f1f0208da9386aefe97c0c1afe202abfe6ec09cdca820990,14058 5 14313 8 14569 9 14824 10 15079 12 15334 13 15590 13 15845 14 16101 14 16356 15 16612 15 16868 14 17124 14 17380 13 17637 11 17893 11 18150 9 18407 7 18664 4
2e172afb1f43b359f1f0208da9386aefe97c0c1afe202abfe6ec09cdca820990,28915 5 29170 8 29426 9 29682 9 29939 8 30196 6 30454 3
2e172afb1f43b359f1f0208da9386aefe97c0c1afe202abfe6ec09cdca820990,27675 3 27929 6 28184 8 28439 10 28695 10 28951 10 29208 9 29464 10 29721 9 29978 8 30234 8 30491 7 30748 5
2e172afb1f43b359f1f0208da9386aefe97c0c1afe202abfe6ec09cdca820990,40271 4 40526 6 40781 8 41037 8 41292 9 41548 9 41804 9 42060 9 42316 9 42572 9 42828 9 43085 8 43343 5
2e172afb1f43b359f1f0208da9386aefe97c0c1afe202abfe6ec09cdca820990,22974 2 23224 11 23479 13 23734 15 23989 17 24245 18 24501 18 24757 18 25013 17 25269 17 25526 15 25783 13 26039 11 26296 8
2e172afb1f43b359f1f0208da9386aefe97c0c1afe202abfe6ec09cdca820990,17984 5 18239 7 18494 8 18750 8 19005 10 19261 10 19517 10 19773 10 20029 9 20285 9 20541 9 20797 9 21053 8 21310 7 21567 5
2e172afb1f43b359f1f0208da9386aefe97c0c1afe202abfe6ec09cdca820990,53874 4 54129 6 54385 7 54641 8 54897 9 55153 10 55410 10 55667 9 55923 9 56180 8 56437 6
2e172afb1f43b359f1f0208da9386aefe97c0c1afe202abfe6ec09cdca820990,44653 5 44909 7 45165 8 45421 8 45676 10 45931 12 46186 13 46442 13 46697 14 46952 15 47207 16 47462 17 47716 19 47972 19 48228 18 48485 16 48742 15 48999 13 49257 10
2e172afb1f43b359f1f0208da9386aefe97c0c1afe202abfe6ec09cdca820990,12438 4 12692 9 12946 12 13201 14 13456 16 13712 16 13968 16 14224 16 14480 16 14736 15 14993 13 15251 10
2e172afb1f43b359f1f0208da9386aefe97c0c1afe202abfe6ec09cdca820990,9735 5 9990 7 10245 9 10500 10 10756 10 11011 11 11267 11 11523 11 11779 11 12035 10 12291 9 12548 7 12806 4
2e172afb1f43b359f1f0208da9386aefe97c0c1afe202abfe6ec09cdca820990,38254 5 38509 7 38764 9 39019 10 39275 10 39531 10 39787 10 40043 9 40300 7 40557 5
2e172afb1f43b359f1f0208da9386aefe97c0c1afe202abfe6ec09cdca820990,2507 5 2762 7 3017 9 3273 11 3528 13 3784 13 4040 13 4296 13 4552 13 4808 13 5064 12 5320 12 5577 11 5833 11 6090 9 6347 7 6604 4
2e172afb1f43b359f1f0208da9386aefe97c0c1afe202abfe6ec09cdca820990,45899 4 46153 7 46408 9 46664 10 46919 11 47175 12 47431 12 47687 13 47944 12 48200 12 48456 12 48712 12 48969 11 49225 10 49482 9 49739 8 49996 6
2e172afb1f43b359f1f0208da9386aefe97c0c1afe202abfe6ec09cdca820990,24600 4 24855 6 25110 8 25366 8 25621 9 25877 9 26133 9 26389 9 26645 9 26901 9 27157 9 27414 7 27671 4 27928 1
2e172afb1f43b359f1f0208da9386aefe97c0c1afe202abfe6ec09cdca820990,21603 8 21858 10 22113 12 22368 13 22624 13 22880 12 23135 13 23391 13 23648 11 23905 9 24162 6
2e172afb1f43b359f1f0208da9386aefe97c0c1afe202abfe6ec09cdca820990,43624 3 43879 5 44134 7 44389 8 44645 8 44900 9 45155 10 45410 11 45666 10 45922 9 46178 8 46434 8 46690 7 46946 6 47202 5 47459 3
2e172afb1f43b359f1f0208da9386aefe97c0c1afe202abfe6ec09cdca820990,24814 3 25069 5 25324 7 25579 8 25835 9 26090 10 26346 10 26602 10 26858 10 27114 9 27370 9 27626 8 27883 6 28140 3
2e172afb1f43b359f1f0208da9386aefe97c0c1afe202abfe6ec09cdca820990,5248 5 5502 8 5757 9 6012 11 6267 12 6523 11 6779 11 7035 10 7292 8 7549 6
2e172afb1f43b359f1f0208da9386aefe97c0c1afe202abfe6ec09cdca820990,41865 5 42120 7 42376 8 42632 9 42888 9 43144 9 43400 9 43656 9 43912 9 44168 9 44425 8 44682 7 44938 6 45195 4
2e172afb1f43b359f1f0208da9386aefe97c0c1afe202abfe6ec09cdca820990,31663 3 31918 8 32173 10 32429 12 32685 13 32941 14 33198 13 33455 13 33712 12 33969 11 34226 10 34483 8 34742 3
2e172afb1f43b359f1f0208da9386aefe97c0c1afe202abfe6ec09cdca820990,54122 4 54377 7 54633 8 54888 9 55144 9 55401 9 55657 10 55914 9 56171 8 56428 6 56685 4
2e172afb1f43b359f1f0208da9386aefe97c0c1afe202abfe6ec09cdca820990,43214 5 43469 10 43725 12 43980 14 44236 15 44492 16 44748 17 45005 16 45261 16 45518 15 45777 11 46034 10 46291 8 46550 4
2e172afb1f43b359f1f0208da9386aefe97c0c1afe202abfe6ec09cdca820990,47826 4 48081 8 48336 10 48591 11 48847 12 49103 12 49360 12 49616 12 49872 13 50129 12 50386 11 50643 10 50900 9 51157 8 51415 5
2e172afb1f43b359f1f0208da9386aefe97c0c1afe202abfe6ec09cdca820990,1250 4 1505 6 1760 8 2016 8 2272 9 2528 9 2784 9 3040 9 3296 9 3552 9 3809 8 4065 7 4322 4
2e172afb1f43b359f1f0208da9386aefe97c0c1afe202abfe6ec09cdca820990,32761 5 33016 7 33271 8 33527 8 33783 7 34039 7 34296 5
2e172afb1f43b359f1f0208da9386aefe97c0c1afe202abfe6ec09cdca820990,51475 7 51730 9 51986 9 52242 9 52498 9 52754 10 53010 10 53266 10 53522 10 53779 9 54036 8 54293 6 54551 2
2e172afb1f43b359f1f0208da9386aefe97c0c1afe202abfe6ec09cdca820990,29060 7 29315 9 29570 11 29826 11 30081 12 30336 13 30592 13 30848 13 31103 13 31359 13 31615 12 31871 12 32127 11 32384 9 32641 7 32898 5
