2e2d29fc44444a85049b162eb359a523dec108ccd5bd75022b25547491abf0c7,46550 12 46805 16 47060 18 47315 19 47570 20 47825 22 48080 23 48336 23 48592 23 48847 24 49102 25 49358 24 49614 24 49870 23 50125 24 50381 24 50637 23 50892 24 51148 23 51403 23 51659 23 51915 23 52171 23 52427 23 52683 22 52939 22 53195 22 53451 22 53708 20 53964 20 54220 19 54477 17 54734 16 54990 15 55247 13
2e2d29fc44444a85049b162eb359a523dec108ccd5bd75022b25547491abf0c7,5513 10 5764 16 6016 21 6269 24 6521 28 6773 32 7028 32 7282 33 7536 34 7790 35 8045 35 8300 35 8555 34 8811 33 9067 30 9323 29 9579 28 9834 28 10090 28 10345 29 10600 29 10855 29 11109 30 11360 34 11614 35 11869 33 12125 30 12381 13 12398 11 12637 12 12655 8 12893 12 12913 4 13149 11 13405 11 13662 9 13924 2
2e2d29fc44444a85049b162eb359a523dec108ccd5bd75022b25547491abf0c7,65024 1 65280 1 65536 1 65792 1 66048 1 66304 1 66560 1 66816 1 67071 2 67327 2 67583 2 67839 2 68095 2 68351 2 68607 2 68863 2 69120 1
2e2d29fc44444a85049b162eb359a523dec108ccd5bd75022b25547491abf0c7,35020 4 35274 7 35529 9 35784 11 36039 13 36294 15 36548 18 36803 19 37059 20 37315 21 37570 22 37825 23 38081 23 38336 24 38592 25 38848 25 39104 26 39359 27 39615 27 39870 28 40126 28 40381 29 40636 30 40891 31 41146 31 41402 31 41658 31 41914 31 42169 32 42425 33 42681 33 42937 33 43194 31 43451 29 43707 28 43963 27 44219 27 44475 26 44731 25 44987 25 45243 25 45498 25 45754 24 46010 24 46266 24 46522 24 46778 23 47034 23 47290 22 47546 21 47802 21 48058 20 48314 20 48570 19 48826 18 49082 18 49339 16 49596 14 49852 13 50109 11 50368 3
2e2d29fc44444a85049b162eb359a523dec108ccd5bd75022b25547491abf0c7,36653 21 36907 25 37162 27 37417 28 37673 29 37929 29 38184 31 38440 32 38695 34 38951 34 39206 35 39460 38 39715 39 39970 40 40225 41 40480 43 40735 44 40990 45 41245 47 41501 47 41757 47 42013 48 42269 48 42525 48 42781 48 43037 47 43293 47 43550 46 43807 45 44064 44 44321 42 44577 41 44833 39 45090 37 45348 34 45605 32 45861 31 46117 30 46374 28 46630 27 46885 28 47141 27 47397 27 47653 26 47909 25 48165 23 48421 22 48677 21 48932 18 49188 15 49444 13 49707 2
2e2d29fc44444a85049b162eb359a523dec108ccd5bd75022b25547491abf0c7,38265 5 38517 12 38772 14 39027 17 39282 19 39537 22 39792 24 40047 27 40302 29 40556 32 40810 35 41065 37 41321 38 41576 39 41831 40 42085 42 42340 44 42595 45 42851 45 43106 46 43362 47 43617 48 43872 49 44128 49 44383 50 44638 51 44894 51 45149 52 45405 53 45660 54 45916 54 46172 54 46429 53 46686 51 46942 51 47198 51 47453 51 47708 52 47964 51 48220 49 48476 48 48732 48 48989 48 49245 50 49502 50 49760 48 50017 46 50273 45 50529 40 50786 35 51044 32 51305 27 51562 26 51819 25 52075 25 52331 24 52586 25 52841 26 53096 28 53351 29 53607 29 53862 30 54118 30 54373 30 54629 28 54885 25 55142 2 55156 8
2e2d29fc44444a85049b162eb359a523dec108ccd5bd75022b25547491abf0c7,66258 4 66513 6 66768 9 67024 10 67280 11 67536 11 67791 13 68047 14 68302 16 68558 16 68814 16 69070 16 69327 15 69583 15 69840 15 70096 15 70352 15 70608 15 70864 15 71120 16 71376 16 71632 15 71888 14 72144 14 72400 14 72656 13 72912 13 73169 11 73430 5 73687 3
2e2d29fc44444a85049b162eb359a523dec108ccd5bd75022b25547491abf0c7,23864 3 24119 5 24374 6 24628 8 24876 17 25131 22 25387 23 25643 23 25900 22 26156 21 26412 20 26668 20 26924 20 27180 20 27436 19 27692 19 27947 19 28203 18 28459 17 28716 15 28973 13 29234 6
2e2d29fc44444a85049b162eb359a523dec108ccd5bd75022b25547491abf0c7,16555 3 16810 5 17063 8 17318 9 17573 10 17828 10 18083 10 18338 9 18593 9 18848 9 19102 10 19357 9 19610 11 19864 12 20118 13 20371 14 20616 24 20871 22 21123 25 21378 25 21634 24 21889 25 22144 25 22400 24 22656 22 22911 22 23166 22 23422 21 23678 20 23933 20 24189 20 24445 19 24700 20 24956 19 25212 18 25468 18 25724 17 25980 16 26237 14 26494 13 26751 11 27009 9 27270 3
2e2d29fc44444a85049b162eb359a523dec108ccd5bd75022b25547491abf0c7,56453 2 56458 2 56708 9 56961 13 57216 15 57471 17 57723 21 57977 24 58231 27 58486 28 58741 30 58996 32 59251 34 59506 35 59761 37 60016 38 60272 38 60528 39 60784 40 61039 42 61295 42 61551 42 61807 42 62062 43 62317 44 62573 44 62829 44 63085 44 63340 45 63596 45 63852 45 64108 45 64364 45 64620 45 64876 45 65132 44 65389 42 65645 41 65902 39 66158 39 66414 39 66671 38 66928 36 67185 35 67441 35 67698 34 67954 34 68211 33 68469 31 68726 29 68983 28 69239 27 69495 27 69752 25 70008 24 70265 22 70523 19 70782 15
2e2d29fc44444a85049b162eb359a523dec108ccd5bd75022b25547491abf0c7,76139 4 76393 8 76648 12 76902 20 77157 24 77412 26 77667 28 77923 28 78179 28 78434 29 78690 30 78945 31 79201 32 79457 33 79712 37 79967 39 80223 39 80479 39 80734 40 80990 41 81245 42 81501 43 81757 43
2e2d29fc44444a85049b162eb359a523dec108ccd5bd75022b25547491abf0c7,25531 4 25782 10 26036 13 26285 21 26540 23 26794 26 27049 27 27305 27 27560 28 27815 30 28069 32 28324 33 28579 34 28834 35 29090 34 29345 35 29601 35 29857 35 30112 36 30367 37 30623 37 30879 37 31135 37 31391 38 31646 39 31902 39 32157 39 32413 39 32669 39 32925 39 33181 38 33437 38 33693 38 33949 38 34205 37 34461 37 34717 36 34974 34 35230 33 35486 31 35743 29 35999 29 36255 29 36512 28 36769 26 37026 25 37282 24 37538 23 37794 23 38051 21 38308 18 38565 15 38822 13 39079 12 39336 10
2e2d29fc44444a85049b162eb359a523dec108ccd5bd75022b25547491abf0c7,567 6 822 8 1077 13 1332 15 1587 17 1843 17 2099 17 2354 18 2610 18 2866 18 3122 18 3379 16 3635 15 3892 13 4149 11 4406 6
2e2d29fc44444a85049b162eb359a523dec108ccd5bd75022b25547491abf0c7,50687 2 50941 4 51196 5 51451 6 51707 6 51963 6 52219 6 52475 6 52731 6 52986 7 53241 8 53495 10 53750 11 54003 14 54258 15 54514 15 54769 16 55025 16 55281 16 55536 17 55792 17 56048 17 56303 18 56557 20 56812 21 57068 21 57324 21 57581 20 57837 20 58092 21 58348 21 58604 21 58860 21 59116 21 59372 21 59629 20 59885 20 60142 19 60398 19 60655 18 60911 18 61168 17 61426 15 61683 14 61940 13 62197 12 62454 7 62711 4
2e2d29fc44444a85049b162eb359a523dec108ccd5bd75022b25547491abf0c7,81 50 337 49 592 48 848 46 1104 45 1360 44 1616 41 1872 39 2129 36 2385 34 2642 31 2898 30 3155 27 3411 26 3668 23 3924 21 4180 18 4437 15 4694 12 4951 9 5208 6
2e2d29fc44444a85049b162eb359a523dec108ccd5bd75022b25547491abf0c7,69795 2 69799 4 70050 10 70306 10 70562 10 70818 10 71074 10 71330 11 71585 12 71841 13 72097 13 72353 13 72608 15 72864 16 73120 16 73376 16 73631 17 73887 17 74143 16 74399 16 74655 17 74911 17 75167 16 75423 16 75679 16 75935 17 76191 17 76447 17 76703 17 76959 17 77215 17 77471 16 77727 16 77983 16 78239 17 78495 17 78751 17 79007 17 79263 17 79519 17 79775 17 80030 18 80286 17 80542 17 80798 16 81055 15 81311 15 81567 15 81823 15
2e2d29fc44444a85049b162eb359a523dec108ccd5bd75022b25547491abf0c7,1 17 257 16 513 15 769 14 1025 13 1281 11 1537 8 1793 6 2049 5 2305 4 2561 4 2817 4 3073 3 3329 3 3585 2
2e2d29fc44444a85049b162eb359a523dec108ccd5bd75022b25547491abf0c7,6455 3 6709 8 6963 11 7218 13 7473 15 7729 16 7984 18 8239 19 8495 19 8751 19 9006 20 9260 22 9515 23 9771 23 10026 24 10280 25 10534 27 10789 28 11044 29 11300 28 11555 29 11809 30 12064 30 12320 29 12575 29 12830 30 13086 29 13341 29 13597 28 13853 27 14108 26 14363 25 14619 24 14875 24 15131 23 15386 24 15642 24 15898 24 16154 24 16409 25 16665 25 16921 25 17177 26 17433 26 17689 26 17945 27 18201 27 18457 26 18713 26 18969 26 19225 26 19481 26 19737 27 19993 27 20250 25 20506 24 20762 24 21019 22 21276 21 21532 20 21789 18 22048 14 22305 12 22563 3
2e2d29fc44444a85049b162eb359a523dec108ccd5bd75022b25547491abf0c7,39937 14 40193 15 40449 15 40705 15 40961 15 41217 15 41473 15 41729 16 41985 28 42241 28 42497 28 42753 28 43009 28 43265 28 43521 29 43777 30 44033 31 44289 32 44545 32 44801 32 45057 33 45313 35 45569 36 45825 36 46081 36 46337 37 46593 37 46849 36 47105 36 47361 36 47617 36 47873 36 48129 36 48385 36 48641 36 48897 35 49153 35 49409 35 49665 34 49921 31 50177 29 50433 27 50689 26 50945 25 51201 24 51457 23 51713 22 51969 21 52225 20 52481 19 52737 18 52993 17 53249 16 53505 13 53761 9 54017 5 54273 2
2e2d29fc44444a85049b162eb359a523dec108ccd5bd75022b25547491abf0c7,25 13 281 13 537 12 792 13 1048 13 1304 12 1559 12 1814 12 2069 12 2325 11 2580 11 2836 11 3092 11 3348 10 3604 9 3860 8 4115 8 4371 8 4627 7 4882 7 5138 6 5394 5 5650 5 5906 4 6163 2
2e2d29fc44444a85049b162eb359a523dec108ccd5bd75022b25547491abf0c7,16821 8 17073 13 17328 14 17583 15 17838 15 18093 16 18348 17 18604 16 18857 19 19112 19 19366 20 19621 20 19876 20 20131 19 20385 20 20640 20 20895 19 21150 19 21403 21 21658 22 21914 21 22169 21 22424 21 22678 22 22933 22 23188 22 23443 23 23698 24 23953 24 24209 23 24464 23 24720 22 24975 22 25230 22 25486 20 25741 19 25997 17 26253 16 26509 15 26764 15 27020 13 27276 12 27531 12 27787 11 28043 11 28299 10 28555 10 28811 9 29067 9 29324 7
2e2d29fc44444a85049b162eb359a523dec108ccd5bd75022b25547491abf0c7,12203 3 12458 5 12713 6 12965 10 13219 12 13474 13 13722 21 13976 23 14230 25 14484 26 14739 27 14993 29 15248 30 15501 33 15755 34 16009 35 16263 37 16517 38 16771 39 17025 38 17280 38 17535 38 17791 37 18047 36 18302 36 18557 36 18812 36 19068 34 19323 34 19579 31 19835 29 20091 27 20347 24 20603 13 20860 11 21117 6
2e2d29fc44444a85049b162eb359a523dec108ccd5bd75022b25547491abf0c7,8362 4 8617 8 8872 10 9127 11 9383 11 9639 11 9894 12 10149 13 10405 13 10660 13 10915 14 11171 13 11426 14 11681 14 11936 14 12190 13 12442 16 12697 16 12953 12 13209 10 13466 8
