2f929b067a59f88530b6bfa6f6889bc3a38adf88d594895973d1c8b2549fd93d,54897 8 55152 10 55407 12 55662 14 55918 15 56173 16 56429 16 56684 18 56940 18 57195 19 57451 20 57707 20 57962 21 58218 21 58475 20 58731 20 58988 18 59245 17 59503 14 59760 12 60019 7
2f929b067a59f88530b6bfa6f6889bc3a38adf88d594895973d1c8b2549fd93d,8679 5 8933 9 9187 12 9442 14 9696 16 9951 18 10206 20 10462 20 10717 22 10973 22 11228 23 11484 23 11740 23 11996 23 12252 23 12508 23 12765 22 13021 22 13277 22 13533 22 13790 21 14046 21 14303 19 14559 19 14816 17 15073 16 15330 14 15587 12 15845 8
2f929b067a59f88530b6bfa6f6889bc3a38adf88d594895973d1c8b2549fd93d,55744 10 55998 13 56253 15 56507 18 56762 19 57018 20 57273 21 57528 23 57784 23 58040 23 58295 24 58551 24 58807 24 59063 24 59319 23 59575 23 59831 23 60087 22 60344 20 60600 20 60857 18 61114 16 61371 14 61628 12 61887 6
2f929b067a59f88530b6bfa6f6889bc3a38adf88d594895973d1c8b2549fd93d,362 2 617 5 873 6 1128 9 1383 10 1639 10 1660 1 1895 11 1915 3 2151 12 2168 9 2407 27 2663 27 2919 26 3175 26 3431 26 3687 25 3943 25 4198 25 4454 25 4710 24 4966 24 5222 23 5486 15 5743 13 6000 12 6257 10 6514 1 6520 1
2f929b067a59f88530b6bfa6f6889bc3a38adf88d594895973d1c8b2549fd93d,49663 2 49917 4 50172 5 50428 5 50683 6 50939 6 51194 7 51450 7 51706 7 51961 8 52217 8 52473 8 52729 8 52986 7 53242 7 53498 7 53755 6 54012 5 54269 4 54527 2
2f929b067a59f88530b6bfa6f6889bc3a38adf88d594895973d1c8b2549fd93d,46024 8 46279 12 46534 14 46790 15 47045 17 47301 18 47556 19 47812 20 48068 20 48323 21 48579 22 48835 22 49092 21 49348 20 49604 20 49861 19 50117 18 50374 17 50631 15 50888 13 51146 9 51405 3
2f929b067a59f88530b6bfa6f6889bc3a38adf88d594895973d1c8b2549fd93d,62977 2 63233 5 63489 7 63745 8 64001 9 64257 9 64513 10 64769 10 65025 11 65281 11
2f929b067a59f88530b6bfa6f6889bc3a38adf88d594895973d1c8b2549fd93d,341 7 593 13 847 16 1102 18 1357 20 1612 22 1867 23 2122 24 2378 24 2634 24 2889 25 3145 25 3401 25 3657 24 3914 23 4170 23 4426 23 4683 22 4939 21 5196 19 5452 17 5709 15 5966 13 6223 11 6480 8 6739 4
2f929b067a59f88530b6bfa6f6889bc3a38adf88d594895973d1c8b2549fd93d,6468 9 6722 13 6977 14 7232 14 7487 15 7743 15 7998 17 8254 19 8510 19 8765 20 9021 20 9277 20 9533 20 9789 20 10045 20 10302 19 10558 18 10814 18 11070 18 11327 17 11583 16 11840 15 12096 15 12353 14 12610 13 12868 10 13126 8
2f929b067a59f88530b6bfa6f6889bc3a38adf88d594895973d1c8b2549fd93d,236 21 492 21 749 20 1005 20 1261 20 1518 19 1775 18 2032 17 2289 16 2546 12 2806 2
2f929b067a59f88530b6bfa6f6889bc3a38adf88d594895973d1c8b2549fd93d,20256 13 20511 15 20764 25 21019 27 21272 31 21527 33 21783 33 22038 35 22294 35 22549 37 22805 39 23061 40 23317 40 23572 41 23828 41 24084 41 24341 40 24600 37 24866 26 25127 21 25384 19 25643 13 25900 11
2f929b067a59f88530b6bfa6f6889bc3a38adf88d594895973d1c8b2549fd93d,29781 3 30035 7 30289 11 30544 13 30800 14 31055 16 31310 17 31565 19 31821 19 32076 20 32332 20 32587 21 32843 21 33098 22 33354 21 33609 22 33864 23 34119 23 34375 23 34632 22 34888 21 35145 20 35401 19 35658 17 35914 17 36170 16 36426 14 36683 12 36940 7
2f929b067a59f88530b6bfa6f6889bc3a38adf88d594895973d1c8b2549fd93d,44 25 300 25 555 27 811 27 1067 27 1323 27 1579 28 1835 28 2091 28 2347 27 2604 26 2860 25 3116 24 3372 23 3628 22 3883 22 4139 20 4395 19 4651 18 4906 17 5162 16 5418 15 5674 13 5931 11 6187 10 6444 8 6701 5
2f929b067a59f88530b6bfa6f6889bc3a38adf88d594895973d1c8b2549fd93d,40125 4 40378 10 40633 13 40887 16 41142 18 41397 20 41653 21 41908 22 42164 23 42420 23 42676 23 42932 23 43188 23 43445 22 43701 22 43957 22 44214 20 44471 19 44728 17 44986 14 45244 11
2f929b067a59f88530b6bfa6f6889bc3a38adf88d594895973d1c8b2549fd93d,3245 2 3500 4 3756 6 4012 8 4268 13 4524 14 4544 1 4780 21 5036 21 5292 21 5547 22 5803 22 6058 23 6314 23 6569 23 6824 24 7079 25 7335 25 7590 26 7846 25 8102 25 8358 25 8614 23 8870 22 9126 19 9383 17 9639 17 9895 15 10152 8 10409 6
2f929b067a59f88530b6bfa6f6889bc3a38adf88d594895973d1c8b2549fd93d,24694 4 24946 11 25200 14 25454 17 25709 19 25964 21 26220 21 26475 22 26731 23 26986 24 27242 24 27497 25 27753 25 28009 25 28265 25 28520 26 28776 26 29032 26 29288 26 29544 26 29800 26 30056 26 30312 25 30569 24 30825 23 31082 21 31339 20 31596 18 31853 16 32111 12 32369 8
2f929b067a59f88530b6bfa6f6889bc3a38adf88d594895973d1c8b2549fd93d,60199 3 60452 9 60472 4 60706 12 60727 6 60961 15 60982 11 61216 17 61237 13 61471 19 61492 17 61726 40 61982 45 62237 46 62493 47 62749 47 63005 48 63261 48 63517 48 63773 48 64029 48 64285 48 64542 47 64798 47 65054 47 65311 46
2f929b067a59f88530b6bfa6f6889bc3a38adf88d594895973d1c8b2549fd93d,13697 7 13952 9 14206 12 14461 14 14714 17 14969 19 15223 21 15478 23 15733 25 15990 24 16246 24 16502 25 16758 25 17014 25 17270 25 17526 25 17783 24 18040 23 18296 23 18552 23 18809 22 19066 21 19322 20 19578 20 19834 3 19839 14 20100 7 20357 5
2f929b067a59f88530b6bfa6f6889bc3a38adf88d594895973d1c8b2549fd93d,18850 2 19104 12 19359 14 19614 17 19870 18 20126 19 20382 20 20638 21 20893 22 21149 22 21405 22 21661 21 21917 21 22174 20 22430 20 22686 20 22942 19 23198 19 23454 19 23710 18 23966 18 24222 17 24478 17 24734 16 24990 15 25246 15 25504 13 25761 12 26020 8 26277 3
2f929b067a59f88530b6bfa6f6889bc3a38adf88d594895973d1c8b2549fd93d,34270 2 34525 5 34780 7 35035 9 35290 11 35545 21 35801 21 36056 23 36311 25 36567 25 36822 27 37078 28 37334 28 37589 30 37845 30 38101 31 38357 31 38613 32 38869 32 39126 31 39382 31 39639 30 39896 29 40152 29 40409 28 40666 27 40923 25 41180 24 41437 22 41694 20 41952 17 42210 14 42468 11 42727 5
2f929b067a59f88530b6bfa6f6889bc3a38adf88d594895973d1c8b2549fd93d,10145 1 10401 1 10656 1 10908 6 11163 9 11418 11 11673 13 11926 18 12181 19 12435 21 12691 21 12947 21 13203 21 13459 21 13714 22 13970 22 14226 22 14482 22 14738 22 14994 22 15250 23 15506 23 15762 23 16018 23 16274 24 16531 23 16787 24 17044 23 17301 22 17558 9 17575 2 17816 6 18073 4
2f929b067a59f88530b6bfa6f6889bc3a38adf88d594895973d1c8b2549fd93d,29668 7 29922 11 30177 14 30432 16 30687 18 30943 18 31198 20 31454 20 31710 20 31966 21 32222 21 32478 21 32737 17 32995 15 33253 13 33510 11 33768 8 34025 6
2f929b067a59f88530b6bfa6f6889bc3a38adf88d594895973d1c8b2549fd93d,6498 1 6752 10 7007 12 7262 15 7517 17 7772 19 8027 20 8278 25 8534 25 8790 25 9046 25 9302 25 9558 25 9814 24 10070 24 10326 23 10582 23 10838 23 11093 24 11349 24 11605 25 11861 27 12116 27 12372 27 12628 26 12885 25 13141 25 13398 24 13654 24 13910 24 14166 24 14422 24 14678 25 14934 25 15190 19 15446 18 15703 15 15959 14 16216 10 16474 7 16731 4 16987 3 17244 1 17500 1
2f929b067a59f88530b6bfa6f6889bc3a38adf88d594895973d1c8b2549fd93d,6515 5 6770 7 7025 9 7280 11 7536 13 7792 14 8047 15 8303 16 8559 16 8815 17 9071 18 9327 18 9583 19 9838 20 10094 20 10349 21 10605 21 10861 21 11117 21 11373 21 11630 20 11888 18 12143 19 12399 19 12654 20 12910 20 13166 19 13422 18 13678 17 13934 16 14190 15 14446 12 14703 10 14959 8 15209 13 15464 9 15718 15 15973 17 16226 20 16481 21 16735 23 16990 24 17245 25 17501 25 17757 26 18012 28 18268 28 18524 28 18780 29 19036 30 19292 30 19549 29 19806 28 20062 28 20319 26 20576 24 20833 22 21090 20 21347 16 21604 13 21861 11
2f929b067a59f88530b6bfa6f6889bc3a38adf88d594895973d1c8b2549fd93d,154 17 409 18 664 19 919 20 1175 20 1431 20 1687 21 1943 20 2199 20 2455 19 2711 19 2968 18 3224 18 3481 16 3737 16 3994 9 4004 5 4250 15 4507 14 4765 12 5022 11 5279 9 5536 7
2f929b067a59f88530b6bfa6f6889bc3a38adf88d594895973d1c8b2549fd93d,38987 2 39243 4 39498 6 39753 8 40008 10 40263 12 40517 15 40772 17 41027 18 41281 20 41535 23 41789 25 42044 26 42300 26 42557 24 42813 24 43070 23 43326 22 43583 20 43839 19 44096 17 44353 15 44611 11 44869 7
2f929b067a59f88530b6bfa6f6889bc3a38adf88d594895973d1c8b2549fd93d,47627 2 47879 9 48134 12 48388 15 48644 16 48897 20 49153 20 49409 21 49665 21 49921 21 50177 22 50433 22 50689 22 50945 22 51201 23 51457 23 51713 23 51969 23 52225 22 52481 21 52737 21 52993 20 53249 19 53505 18 53762 15 54020 12
2f929b067a59f88530b6bfa6f6889bc3a38adf88d594895973d1c8b2549fd93d,116 15 373 4 384 3 630 2 641 2
2f929b067a59f88530b6bfa6f6889bc3a38adf88d594895973d1c8b2549fd93d,26521 1 26777 4 27033 5 27289 8 27535 1 27544 10 27790 24 28045 26 28301 27 28557 27 28812 28 29068 28 29324 28 29580 28 29836 28 30092 28 30348 28 30604 27 30860 27 31116 27 31372 26 31643 10 31902 7
2f929b067a59f88530b6bfa6f6889bc3a38adf88d594895973d1c8b2549fd93d,25629 9 25883 12 26139 14 26396 14 26652 15 26907 17 27163 18 27419 19 27674 23 27930 23 28186 23 28442 23 28698 23 28954 23 29210 23 29467 21 29723 21 29979 20 30236 18 30492 17 30755 9 31013 5 31271 2
2f929b067a59f88530b6bfa6f6889bc3a38adf88d594895973d1c8b2549fd93d,35690 4 35942 11 36197 14 36451 17 36706 20 36961 22 37217 23 37472 24 37728 25 37984 26 38240 26 38496 26 38752 27 39008 27 39264 27 39520 26 39777 25 40033 25 40290 23 40546 22 40803 20 41060 17 41317 14 41575 10 41834 4
2f929b067a59f88530b6bfa6f6889bc3a38adf88d594895973d1c8b2549fd93d,54237 10 54492 13 54746 17 55001 19 55257 20 55512 22 55768 23 56023 24 56279 24 56535 25 56791 25 57046 26 57303 24 57559 24 57815 24 58071 24 58328 22 58584 22 58841 20 59098 19 59355 17 59612 15 59869 13 60127 9 60386 3
2f929b067a59f88530b6bfa6f6889bc3a38adf88d594895973d1c8b2549fd93d,51752 7 52006 13 52260 15 52515 16 52771 16 53026 18 53282 18 53537 19 53793 19 54049 20 54304 21 54560 21 54816 21 55072 21 55328 21 55584 21 55841 20 56097 20 56353 19 56610 18 56867 16 57124 15 57381 14 57639 9 57897 6
2f929b067a59f88530b6bfa6f6889bc3a38adf88d594895973d1c8b2549fd93d,202 25 458 25 714 25 969 27 1225 27 1481 27 1737 27 1993 27 2249 27 2505 27 2761 27 3019 25 3276 24 3532 23 3788 23 4045 21 4301 21 4558 19 4815 17 5071 16 5328 14 5586 10 5844 6
2f929b067a59f88530b6bfa6f6889bc3a38adf88d594895973d1c8b2549fd93d,44267 11 44520 16 44775 19 45030 21 45285 22 45540 24 45795 25 46051 25 46307 25 46562 26 46818 26 47074 26 47330 26 47586 25 47843 24 48099 23 48355 23 48612 21 48868 20 49125 18 49382 16 49639 14 49897 10 50156 4
2f929b067a59f88530b6bfa6f6889bc3a38adf88d594895973d1c8b2549fd93d,57687 1 57942 6 58197 9 58453 15 58708 16 58964 17 59220 18 59475 19 59730 21 59986 21 60241 23 60496 24 60751 26 61008 25 61264 25 61519 26 61775 26 62031 26 62287 26 62543 26 62799 26 63056 25 63312 24 63569 23 63825 23 64082 21 64340 18 64597 15 64856 10
2f929b067a59f88530b6bfa6f6889bc3a38adf88d594895973d1c8b2549fd93d,54546 2 54801 4 55055 8 55309 12 55557 21 55813 22 56068 24 56324 25 56579 26 56835 27 57091 27 57347 27 57603 27 57859 27 58115 27 58372 26 58628 26 58884 25 59141 23 59398 21 59654 20 59911 18 60168 16 60426 12 60685 5
2f929b067a59f88530b6bfa6f6889bc3a38adf88d594895973d1c8b2549fd93d,5887 2 6142 3 6397 4 6652 5 6908 5 7164 5 7419 6 7675 6 7931 6 8187 6 8443 6 8699 6 8955 6 9211 6 9468 5 9725 4 9982 3 10240 1
2f929b067a59f88530b6bfa6f6889bc3a38adf88d594895973d1c8b2549fd93d,1940 3 2195 4 2450 5 2705 6 2961 7 3216 8 3472 9 3727 10 3982 12 4237 13 4492 15 4747 18 5003 19 5259 20 5515 21 5771 22 6027 23 6284 22 6541 21 6797 21 7053 21 7309 21 7565 21 7822 20 8078 20 8334 20 8590 19 8846 19 9103 17 9359 17 9616 15 9873 13 10129 12 10385 11 10642 9
2f929b067a59f88530b6bfa6f6889bc3a38adf88d594895973d1c8b2549fd93d,11192 3 11444 9 11699 11 11952 15 12207 17 12461 20 12717 21 12973 22 13229 22 13485 23 13741 23 13997 23 14253 23 14510 22 14766 22 15022 22 15278 22 15535 21 15791 21 16047 21 16303 21 16560 19 16816 19 17073 17 17329 17 17585 16 17841 15 18099 11 18358 6
2f929b067a59f88530b6bfa6f6889bc3a38adf88d594895973d1c8b2549fd93d,32028 5 32282 9 32537 11 32792 19 33047 20 33303 21 33558 22 33814 23 33845 9 34069 24 34100 11 34325 25 34354 14 34581 25 34609 16 34837 44 35092 46 35348 47 35604 48 35860 48 36116 49 36373 48 36629 48 36885 48 37141 48 37398 47 37654 48 37911 48 38167 48 38424 46 38681 17 38701 24 38939 13 38958 22 39196 10 39214 20 39471 18 39728 16 39984 15 40241 11 40498 9 40756 5 41013 3
2f929b067a59f88530b6bfa6f6889bc3a38adf88d594895973d1c8b2549fd93d,18506 7 18760 13 19015 16 19269 19 19524 20 19778 22 20033 23 20288 25 20543 26 20798 27 21053 28 21309 28 21565 28 21822 27 22079 26 22336 24 22592 13 22607 9 22849 11 22862 9 23106 10 23117 9 23363 18 23621 14 23878 12 24136 8 24393 6
2f929b067a59f88530b6bfa6f6889bc3a38adf88d594895973d1c8b2549fd93d,20409 9 20664 12 20920 13 21176 14 21432 15 21688 16 21944 16 22200 17 22455 18 22711 18 22967 19 23223 19 23478 20 23734 20 23990 20 24246 20 24501 20 24756 21 25012 21 25267 21 25522 22 25778 21 26034 21 26291 19 26549 15 26806 13 27065 7
2f929b067a59f88530b6bfa6f6889bc3a38adf88d594895973d1c8b2549fd93d,32909 12 33164 15 33420 21 33676 22 33932 22 34188 22 34444 22 34700 23 34956 23 35212 23 35468 24 35724 24 35981 23 36237 23 36494 21 36750 21 37007 19 37264 18 37521 16 37778 14 38036 10 38294 7
2f929b067a59f88530b6bfa6f6889bc3a38adf88d594895973d1c8b2549fd93d,10759 4 11012 11 11267 15 11522 17 11777 20 12033 21 12289 21 12545 22 12801 23 13057 23 13313 24 13569 24 13825 24 14081 24 14337 23 14593 23 14849 23 15106 21 15363 19 15620 18 15877 16 16134 14 16391 12 16649 8 16907 4
2f929b067a59f88530b6bfa6f6889bc3a38adf88d594895973d1c8b2549fd93d,184 13 440 12 697 11 953 11 1210 10 1467 9 1724 8 1983 5 2240 4 2498 2
2f929b067a59f88530b6bfa6f6889bc3a38adf88d594895973d1c8b2549fd93d,14910 7 15165 10 15419 14 15674 16 15930 17 16185 19 16440 21 16696 22 16952 22 17207 24 17463 25 17719 25 17975 26 18232 25 18488 18 18513 1 18744 16 19000 15 19257 12 19513 11 19770 8 20027 6 20283 5 20540 3 20796 2 21052 1
2f929b067a59f88530b6bfa6f6889bc3a38adf88d594895973d1c8b2549fd93d,26684 8 26939 10 27193 14 27448 16 27703 18 27958 19 28214 20 28470 21 28726 21 28982 22 29238 23 29494 22 29750 21 30006 20 30261 20 30516 21 30772 20 31027 21 31283 20 31538 21 31795 19 32051 19 32308 17 32577 3 32834 1
2f929b067a59f88530b6bfa6f6889bc3a38adf88d594895973d1c8b2549fd93d,51788 1 52033 13 52287 16 52541 19 52795 21 53049 24 53305 24 53561 24 53818 24 54074 25 54330 25 54586 25 54842 25 55098 25 55354 24 55610 24 55866 23 56122 23 56378 23 56634 23 56890 23 57145 24 57401 23 57656 24 57912 23 58168 23 58424 23 58682 20 58939 18 59199 14 59456 12 59716 6 59973 3
2f929b067a59f88530b6bfa6f6889bc3a38adf88d594895973d1c8b2549fd93d,1174 1 1429 2 1683 4 1938 2 2194 1 2449 1 2704 1 2959 2 3214 2 3468 4 3720 7 3974 8 4230 7 4485 7 4741 6 4996 7 5252 7 5507 8 5763 8 6018 9 6274 10 6529 12 6784 13 7039 14 7294 15 7549 16 7806 16 8062 16 8319 15 8575 15 8832 14 9089 14 9345 14 9602 14 9858 15 10114 15 10370 15 10626 16 10882 15 11138 14 11394 13 11650 12 11906 11 12162 10 12418 9 12674 7 12930 6 13185 6 13440 8 13695 2 13950 2 14205 1 14458 3 14713 1 14967 2 15222 1 15473 5
2f929b067a59f88530b6bfa6f6889bc3a38adf88d594895973d1c8b2549fd93d,50778 7 51032 11 51286 15 51541 17 51796 19 52053 19 52310 18 52566 19 52822 19 53078 20 53335 19 53592 18 53848 18 54104 18 54360 18 54616 18 54872 17 55128 17 55384 16 55640 16 55896 15 56151 16 56411 11 56670 8 56927 7
2f929b067a59f88530b6bfa6f6889bc3a38adf88d594895973d1c8b2549fd93d,19088 6 19342 10 19598 11 19853 12 20107 14 20362 14 20616 16 20871 17 21127 17 21382 18 21638 18 21894 18 22150 18 22406 18 22662 19 22918 19 23175 18 23431 18 23687 18 23944 17 24201 16 24457 16 24714 15 24971 9 25229 6
