305a8baaf726d7c9e695bff31d3a6a61445999a4732f0a3e6174dc9dcbe43931,2845 2 3099 7 3353 10 3607 13 3863 14 4118 15 4374 15 4630 15 4886 15 5143 14 5399 13 5656 12 5913 10 6170 6
305a8baaf726d7c9e695bff31d3a6a61445999a4732f0a3e6174dc9dcbe43931,14582 3 14836 7 15090 10 15345 12 15600 13 15855 14 16110 15 16366 15 16621 16 16876 17 17132 16 17387 17 17643 17 17898 17 18154 17 18410 16 18666 16 18922 15 19178 14 19434 13 19690 12 19947 10 20204 7
305a8baaf726d7c9e695bff31d3a6a61445999a4732f0a3e6174dc9dcbe43931,50215 4 50469 8 50724 10 50980 10 51235 12 51491 12 51747 13 52003 13 52259 13 52515 14 52772 13 53028 13 53285 12 53542 11 53799 8 54056 5
305a8baaf726d7c9e695bff31d3a6a61445999a4732f0a3e6174dc9dcbe43931,50164 4 50417 9 50672 11 50927 13 51182 15 51438 15 51694 15 51950 16 52206 14 52463 13 52721 10 52979 7
305a8baaf726d7c9e695bff31d3a6a61445999a4732f0a3e6174dc9dcbe43931,8718 6 8973 9 9229 10 9484 12 9740 12 9997 11 10254 9 10511 7 10769 3
305a8baaf726d7c9e695bff31d3a6a61445999a4732f0a3e6174dc9dcbe43931,23397 4 23651 8 23906 9 24161 10 24417 10 24672 11 24927 12 25183 12 25439 11 25695 10 25951 9 26207 8 26464 6 26722 3
305a8baaf726d7c9e695bff31d3a6a61445999a4732f0a3e6174dc9dcbe43931,62846 5 63101 7 63356 9 63611 10 63867 10 64122 11 64378 11 64634 10 64890 10 65146 9 65402 8
305a8baaf726d7c9e695bff31d3a6a61445999a4732f0a3e6174dc9dcbe43931,53094 1 53348 5 53603 7 53859 8 54115 8 54370 10 54626 10 54883 10 55139 10 55396 9 55653 8 55910 6 56167 3
305a8baaf726d7c9e695bff31d3a6a61445999a4732f0a3e6174dc9dcbe43931,60178 6 60432 10 60687 12 60943 13 61199 13 61455 14 61711 14 61967 14 62224 12 62480 12 62737 9 62996 5
305a8baaf726d7c9e695bff31d3a6a61445999a4732f0a3e6174dc9dcbe43931,23417 5 23671 8 23926 10 24181 11 24437 12 24693 12 24948 13 25204 13 25460 12 25717 11 25973 10 26229 9 26487 5
305a8baaf726d7c9e695bff31d3a6a61445999a4732f0a3e6174dc9dcbe43931,18340 5 18595 7 18850 9 19105 10 19361 11 19617 11 19873 11 20128 11 20384 11 20641 10 20897 10 21153 10 21410 8 21667 6
305a8baaf726d7c9e695bff31d3a6a61445999a4732f0a3e6174dc9dcbe43931,20481 1 20737 3 20993 4 21249 4 21505 4 21761 4 22017 4 22273 4 22529 3 22785 3 23041 2 23297 1 23553 1
