308084bdd358e0bd3dc7f2b409d6f34cc119bce30216f44667fc2be43ff31722,1282 6 1537 7 1793 7 2049 7 2305 7 2561 6 2817 6 3073 5 3329 4 3585 3
308084bdd358e0bd3dc7f2b409d6f34cc119bce30216f44667fc2be43ff31722,47899 5 48155 6 48410 8 48665 9 48921 9 49177 9 49433 8 49690 7 49947 5
308084bdd358e0bd3dc7f2b409d6f34cc119bce30216f44667fc2be43ff31722,47778 4 48033 6 48289 6 48545 6 48802 4
308084bdd358e0bd3dc7f2b409d6f34cc119bce30216f44667fc2be43ff31722,57063 2 57314 8 57569 10 57824 12 58080 12 58336 12 58592 12 58848 12 59105 10 59361 10 59618 8 59874 7 60131 3
308084bdd358e0bd3dc7f2b409d6f34cc119bce30216f44667fc2be43ff31722,34821 1 35076 2 35331 4 35587 5 35842 7 36098 7 36354 6 36610 5 36866 4
308084bdd358e0bd3dc7f2b409d6f34cc119bce30216f44667fc2be43ff31722,45577 3 45832 7 46087 9 46343 10 46598 11 46855 11 47111 12 47368 11 47625 10 47882 9 48139 8 48395 7 48653 4
308084bdd358e0bd3dc7f2b409d6f34cc119bce30216f44667fc2be43ff31722,46651 3 46906 5 47162 5 47418 5 47674 5 47930 5 48186 5 48442 5 48699 4 48955 4 49211 4 49467 4 49723 4 49980 2
308084bdd358e0bd3dc7f2b409d6f34cc119bce30216f44667fc2be43ff31722,7690 3 7943 7 8198 9 8454 9 8710 9 8966 8 9223 3
308084bdd358e0bd3dc7f2b409d6f34cc119bce30216f44667fc2be43ff31722,52510 4 52765 6 53020 8 53276 8 53532 8 53788 8 54045 6
308084bdd358e0bd3dc7f2b409d6f34cc119bce30216f44667fc2be43ff31722,39962 6 40217 8 40472 10 40728 10 40984 10 41240 11 41496 14 41752 14 42008 14 42264 14 42520 14 42776 14 43033 13 43290 12 43547 10 43805 7
308084bdd358e0bd3dc7f2b409d6f34cc119bce30216f44667fc2be43ff31722,41220 5 41475 7 41730 9 41985 10 42241 10 42497 10 42753 9 43010 7
308084bdd358e0bd3dc7f2b409d6f34cc119bce30216f44667fc2be43ff31722,46033 8 46288 10 46544 10 46800 10 47056 10 47313 8 47573 3
308084bdd358e0bd3dc7f2b409d6f34cc119bce30216f44667fc2be43ff31722,60486 5 60740 9 60994 12 61249 14 61504 16 61760 16 62016 16 62272 16 62529 16 62785 16 63041 15 63298 14 63554 13 63811 11 64068 9 64326 5
308084bdd358e0bd3dc7f2b409d6f34cc119bce30216f44667fc2be43ff31722,58373 4 58628 7 58884 9 59140 9 59397 8 59654 7 59910 7 60169 2
308084bdd358e0bd3dc7f2b409d6f34cc119bce30216f44667fc2be43ff31722,28716 4 28971 6 29226 8 29482 8 29741 5 29997 5 30252 6 30508 6 30764 5 31021 3
308084bdd358e0bd3dc7f2b409d6f34cc119bce30216f44667fc2be43ff31722,37150 3 37405 5 37661 5 37918 4 38174 4 38429 5 38684 7 38940 7 39196 7 39453 6 39710 4
308084bdd358e0bd3dc7f2b409d6f34cc119bce30216f44667fc2be43ff31722,10955 3 11210 5 11465 6 11720 7 11974 9 12228 11 12482 12 12737 12 12993 10 13249 8 13506 6
308084bdd358e0bd3dc7f2b409d6f34cc119bce30216f44667fc2be43ff31722,52223 2 52478 3 52734 3 52989 4 53245 4 53501 4 53758 3 54014 3 54270 3 54525 4 54781 4 55036 5 55292 5 55548 5 55805 4
308084bdd358e0bd3dc7f2b409d6f34cc119bce30216f44667fc2be43ff31722,61419 8 61674 10 61928 12 62183 13 62439 14 62695 14 62951 14 63207 14 63463 14 63719 14 63976 13 64232 5 64240 5 64489 2 64497 4 64753 4 65009 3
308084bdd358e0bd3dc7f2b409d6f34cc119bce30216f44667fc2be43ff31722,31511 3 31766 8 31775 2 32022 12 32278 13 32534 14 32791 13 33051 9 33308 7 33565 5 33821 4 34077 4 34332 5 34587 7 34842 8 35097 9 35353 9 35609 9 35865 9 36121 10 36377 10 36633 10 36889 10 37146 4 37153 2 37410 2
308084bdd358e0bd3dc7f2b409d6f34cc119bce30216f44667fc2be43ff31722,33328 3 33583 4 33838 6 34094 6 34350 6 34607 4
308084bdd358e0bd3dc7f2b409d6f34cc119bce30216f44667fc2be43ff31722,51971 3 52226 5 52482 5 52738 5 52995 3
308084bdd358e0bd3dc7f2b409d6f34cc119bce30216f44667fc2be43ff31722,64237 3 64491 6 64745 8 64999 10 65254 11 65510 11
308084bdd358e0bd3dc7f2b409d6f34cc119bce30216f44667fc2be43ff31722,33082 4 33337 6 33593 6 33849 6 34105 6 34362 5 34618 3
308084bdd358e0bd3dc7f2b409d6f34cc119bce30216f44667fc2be43ff31722,52993 2 52998 1 53249 7 53505 7 53761 8 54017 8 54273 8 54529 9 54785 9 55042 7 55299 6 55556 4
308084bdd358e0bd3dc7f2b409d6f34cc119bce30216f44667fc2be43ff31722,14600 6 14855 8 15111 9 15366 10 15622 11 15878 11 16134 11 16390 11 16646 10 16903 9 17159 7 17416 5
308084bdd358e0bd3dc7f2b409d6f34cc119bce30216f44667fc2be43ff31722,50736 5 50989 9 51243 11 51498 12 51754 13 52010 13 52266 13 52522 13 52778 13 53034 12 53291 9
308084bdd358e0bd3dc7f2b409d6f34cc119bce30216f44667fc2be43ff31722,34040 3 34295 6 34551 7 34806 8 35061 9 35316 9 35571 9 35827 8 36083 7 36340 5
308084bdd358e0bd3dc7f2b409d6f34cc119bce30216f44667fc2be43ff31722,6928 4 7183 6 7439 6 7695 6 7951 6 8207 6 8463 6 8719 5 8976 2
308084bdd358e0bd3dc7f2b409d6f34cc119bce30216f44667fc2be43ff31722,10769 3 11023 6 11278 9 11533 10 11788 11 12044 11 12300 11 12556 11 12813 10 13070 9 13326 8 13584 5
308084bdd358e0bd3dc7f2b409d6f34cc119bce30216f44667fc2be43ff31722,52396 5 52648 11 52903 13 53159 13 53414 15 53670 16 53926 16 54182 16 54438 16 54695 14 54951 14 55207 13 55464 12 55721 10 55978 8 56235 6
308084bdd358e0bd3dc7f2b409d6f34cc119bce30216f44667fc2be43ff31722,47936 4 48191 6 48439 3 48447 6 48694 5 48703 6 48949 6 48959 6 49205 6 49215 6 49461 6 49471 6 49717 6 49727 6 49973 7 49982 7 50229 16 50485 15 50741 14 50998 13 51255 11 51513 7
308084bdd358e0bd3dc7f2b409d6f34cc119bce30216f44667fc2be43ff31722,1714 6 1969 8 2224 10 2480 10 2736 10 2992 10 3249 8 3508 4
308084bdd358e0bd3dc7f2b409d6f34cc119bce30216f44667fc2be43ff31722,30480 5 30734 8 30990 9 31246 9 31502 9 31758 8 32014 7 32270 6 32527 4
308084bdd358e0bd3dc7f2b409d6f34cc119bce30216f44667fc2be43ff31722,15303 4 15558 6 15814 7 16070 7 16327 6 16584 4
308084bdd358e0bd3dc7f2b409d6f34cc119bce30216f44667fc2be43ff31722,49106 2 49359 6 49615 9 49871 10 50128 10 50385 9 50642 8 50901 4
308084bdd358e0bd3dc7f2b409d6f34cc119bce30216f44667fc2be43ff31722,40238 3 40492 6 40747 7 41001 9 41256 9 41512 9 41768 10 42024 12 42281 12 42541 8 42800 5 43057 3
308084bdd358e0bd3dc7f2b409d6f34cc119bce30216f44667fc2be43ff31722,36345 4 36596 10 36848 14 37102 17 37357 19 37612 20 37868 21 38123 22 38379 22 38635 22 38891 22 39147 22 39403 22 39659 22 39915 22 40172 20 40428 19 40685 17 40942 15 41200 12 41459 8
308084bdd358e0bd3dc7f2b409d6f34cc119bce30216f44667fc2be43ff31722,46738 3 46993 5 47249 5 47505 5 47762 3
308084bdd358e0bd3dc7f2b409d6f34cc119bce30216f44667fc2be43ff31722,13003 4 13257 7 13512 8 13768 8 14024 8 14280 8 14536 8 14793 7 15050 5
308084bdd358e0bd3dc7f2b409d6f34cc119bce30216f44667fc2be43ff31722,10269 6 10525 7 10780 9 11036 10 11292 10 11548 10 11804 10 12060 10 12316 10 12573 8 12830 6
308084bdd358e0bd3dc7f2b409d6f34cc119bce30216f44667fc2be43ff31722,33930 4 34185 6 34440 7 34695 8 34951 8 35207 9 35463 9 35719 10 35975 11 36231 14 36487 15 36744 14 37001 13 37260 9
308084bdd358e0bd3dc7f2b409d6f34cc119bce30216f44667fc2be43ff31722,46532 8 46786 11 47041 15 47297 16 47552 18 47808 19 48064 19 48320 19 48577 18 48833 18 49090 16 49347 12 49608 4
308084bdd358e0bd3dc7f2b409d6f34cc119bce30216f44667fc2be43ff31722,54225 5 54480 9 54735 11 54991 11 55247 11 55504 9 55761 7
308084bdd358e0bd3dc7f2b409d6f34cc119bce30216f44667fc2be43ff31722,4097 4 4353 5 4609 5 4865 6 5121 6 5377 6 5633 6 5889 6 6145 5 6401 3
308084bdd358e0bd3dc7f2b409d6f34cc119bce30216f44667fc2be43ff31722,17166 6 17421 8 17677 9 17933 9 18189 10 18446 9 18702 10 18958 10 19215 9 19472 8 19729 7 19986 5
308084bdd358e0bd3dc7f2b409d6f34cc119bce30216f44667fc2be43ff31722,39971 3 40226 5 40482 5 40738 5 40994 5 41251 3
308084bdd358e0bd3dc7f2b409d6f34cc119bce30216f44667fc2be43ff31722,46749 2 47004 4 47260 4 47515 5 47771 5 48027 5 48283 5 48540 3
308084bdd358e0bd3dc7f2b409d6f34cc119bce30216f44667fc2be43ff31722,22545 5 22800 7 23055 9 23311 10 23567 10 23823 10 24079 10 24335 10 24592 8 24849 5
308084bdd358e0bd3dc7f2b409d6f34cc119bce30216f44667fc2be43ff31722,47143 5 47398 7 47654 8 47910 9 48166 10 48422 11 48678 11 48934 11 49190 11 49447 9 49705 6 49962 3
308084bdd358e0bd3dc7f2b409d6f34cc119bce30216f44667fc2be43ff31722,10420 4 10675 6 10931 7 11187 8 11443 9 11700 9 11956 9 12212 10 12469 9 12726 8 12983 7 13239 6 13496 3
308084bdd358e0bd3dc7f2b409d6f34cc119bce30216f44667fc2be43ff31722,43916 5 44171 7 44427 8 44683 10 44940 10 45198 8 45455 6 45712 3
308084bdd358e0bd3dc7f2b409d6f34cc119bce30216f44667fc2be43ff31722,43994 2 44247 8 44502 10 44757 12 45013 13 45269 13 45525 14 45782 13 46041 11 46298 10 46554 10 46810 10 47066 10 47322 9 47579 7
308084bdd358e0bd3dc7f2b409d6f34cc119bce30216f44667fc2be43ff31722,55089 3 55341 8 55596 10 55852 10 56108 11 56364 11 56621 10 56877 11 57134 10 57390 10 57647 9 57904 8 58161 7 58418 5 58675 3
308084bdd358e0bd3dc7f2b409d6f34cc119bce30216f44667fc2be43ff31722,33800 4 34055 5 34310 6 34566 7 34822 7 35078 6 35335 5 35592 4 35849 2
308084bdd358e0bd3dc7f2b409d6f34cc119bce30216f44667fc2be43ff31722,212 18 468 18 725 16 981 16 1238 14 1496 10
308084bdd358e0bd3dc7f2b409d6f34cc119bce30216f44667fc2be43ff31722,52796 5 53051 7 53306 9 53562 9 53818 9 54074 8 54330 7
308084bdd358e0bd3dc7f2b409d6f34cc119bce30216f44667fc2be43ff31722,44330 4 44584 6 44837 9 45093 9 45348 10 45605 8 45859 9 46115 7 46372 4
308084bdd358e0bd3dc7f2b409d6f34cc119bce30216f44667fc2be43ff31722,55258 3 55513 5 55768 6 56024 6 56280 6 56536 5 56793 3
308084bdd358e0bd3dc7f2b409d6f34cc119bce30216f44667fc2be43ff31722,56077 5 56332 8 56587 10 56843 11 57099 11 57355 11 57613 9 57874 4 58131 2
