30f65741053db713b3f328d31d3234b6fedbe31df65c1a8ea29be28146cab789,4878 3 5126 12 5381 13 5637 12 5892 13 6147 14 6402 16 6658 17 6913 16 7169 15 7425 15 7681 14 7937 13 8193 12 8449 12 8706 10 8963 9 9219 8 9479 4 9736 2
30f65741053db713b3f328d31d3234b6fedbe31df65c1a8ea29be28146cab789,17865 9 18118 15 18373 17 18627 20 18883 21 19138 22 19394 23 19650 23 19905 24 20161 25 20417 25 20673 25 20929 24 21186 23 21442 23 21698 23 21955 21 22211 21 22468 19 22725 17 22982 15 23239 13 23497 9
30f65741053db713b3f328d31d3234b6fedbe31df65c1a8ea29be28146cab789,7759 5 8011 11 8265 14 8520 16 8776 16 9031 18 9287 18 9543 18 9799 18 10056 17 10312 17 10568 16 10825 15 11082 13 11339 11 11596 8
30f65741053db713b3f328d31d3234b6fedbe31df65c1a8ea29be28146cab789,7703 1 7958 3 8213 6 8468 8 8723 9 8978 11 9234 11 9489 13 9745 13 10000 14 10256 14 10512 14 10768 14 11023 13 11279 12 11535 11 11793 8 12050 3
30f65741053db713b3f328d31d3234b6fedbe31df65c1a8ea29be28146cab789,23015 5 23268 9 23522 11 23777 13 24032 14 24287 16 24542 17 24798 17 25053 18 25309 18 25565 19 25821 19 26077 20 26333 20 26589 21 26845 21 27101 22 27358 21 27614 20 27871 18 28128 16 28385 14 28642 11 28900 7
30f65741053db713b3f328d31d3234b6fedbe31df65c1a8ea29be28146cab789,42729 10 42983 16 43237 20 43492 22 43747 24 44002 26 44258 26 44513 28 44769 28 45025 29 45281 29 45537 29 45792 30 46049 29 46305 29 46561 29 46817 29 47073 29 47330 27 47586 27 47843 25 48099 24 48356 22 48613 20 48870 17 49127 14 49385 9
30f65741053db713b3f328d31d3234b6fedbe31df65c1a8ea29be28146cab789,54560 7 54814 13 55068 17 55323 20 55579 21 55834 23 56089 25 56345 25 56601 26 56856 27 57112 27 57368 27 57624 26 57879 27 58135 27 58391 26 58647 26 58904 24 59160 24 59417 22 59673 21 59930 19 60187 17 60444 15 60701 13 60959 9 61219 2
30f65741053db713b3f328d31d3234b6fedbe31df65c1a8ea29be28146cab789,36429 7 36682 12 36937 14 37192 16 37447 18 37703 19 37958 20 38214 21 38470 21 38725 22 38981 22 39238 21 39494 21 39750 21 40007 19 40263 19 40520 17 40777 16 41034 14 41291 12 41548 10 41806 6
30f65741053db713b3f328d31d3234b6fedbe31df65c1a8ea29be28146cab789,170 26 426 26 682 26 938 26 1195 25 1451 24 1708 23 1965 21 2222 19 2479 17 2737 14 2995 10
30f65741053db713b3f328d31d3234b6fedbe31df65c1a8ea29be28146cab789,31208 7 31462 10 31716 13 31971 15 32226 17 32481 19 32736 20 32992 21 33248 21 33503 23 33759 23 34015 23 34272 23 34528 23 34784 23 35041 22 35297 22 35553 21 35810 20 36066 20 36323 18 36580 16 36836 15 37093 13 37351 9 37609 5
30f65741053db713b3f328d31d3234b6fedbe31df65c1a8ea29be28146cab789,29848 3 30101 9 30356 12 30610 15 30865 17 31120 18 31375 20 31630 21 31886 22 32141 23 32397 23 32652 25 32908 25 33164 25 33420 25 33676 24 33933 23 34189 23 34445 23 34702 21 34958 21 35215 19 35472 18 35728 17 35986 14 36243 11 36500 9
30f65741053db713b3f328d31d3234b6fedbe31df65c1a8ea29be28146cab789,62973 3 63226 7 63479 10 63734 11 63988 13 64243 14 64498 15 64754 15 65009 16 65265 16 65521 16
30f65741053db713b3f328d31d3234b6fedbe31df65c1a8ea29be28146cab789,45505 8 45759 12 46013 16 46268 18 46523 20 46779 20 47034 22 47290 22 47545 24 47801 24 48056 25 48312 25 48568 25 48824 25 49080 25 49336 25 49592 25 49848 25 50104 24 50360 24 50617 22 50873 22 51130 20 51387 18 51644 15 51901 12 52159 8
30f65741053db713b3f328d31d3234b6fedbe31df65c1a8ea29be28146cab789,38051 10 38304 15 38559 18 38814 20 39069 22 39325 23 39580 24 39836 25 40092 26 40348 26 40604 27 40860 27 41116 27 41372 28 41628 28 41885 27 42141 27 42398 26 42654 25 42911 24 43168 22 43426 20 43683 18 43941 14 44199 10
30f65741053db713b3f328d31d3234b6fedbe31df65c1a8ea29be28146cab789,49659 6 49913 8 50168 9 50423 10 50679 10 50934 11 51190 11 51445 12 51701 12 51957 12 52213 12 52469 12 52724 13 52980 13 53236 13 53492 13 53748 13 54005 12 54261 12 54517 12 54774 11 55030 11 55287 10 55544 9 55801 8 56058 7 56315 6 56573 4 56831 2
30f65741053db713b3f328d31d3234b6fedbe31df65c1a8ea29be28146cab789,20223 2 20476 5 20730 7 20985 8 21240 9 21495 10 21750 11 22006 11 22261 12 22516 13 22772 13 23027 14 23283 14 23539 14 23796 13 24052 13 24308 13 24564 13 24821 12 25077 12 25334 11 25590 11 25846 11 26103 10 26360 9 26618 7 26877 4
30f65741053db713b3f328d31d3234b6fedbe31df65c1a8ea29be28146cab789,57091 10 57345 14 57601 16 57857 17 58113 18 58369 19 58625 19 58881 20 59137 20 59393 20 59649 20 59905 20 60161 20 60417 20 60673 20 60929 20 61185 20 61441 19 61697 19 61953 18 62209 18 62465 17 62721 16 62977 15 63233 14 63489 13 63745 11 64002 7
30f65741053db713b3f328d31d3234b6fedbe31df65c1a8ea29be28146cab789,1867 6 2121 10 2377 11 2632 12 2888 13 3144 13 3400 13 3657 12 3914 10 4170 10 4428 7 4685 4
30f65741053db713b3f328d31d3234b6fedbe31df65c1a8ea29be28146cab789,2352 7 2606 11 2860 15 3116 16 3371 18 3627 20 3883 22 4139 24 4395 24 4652 23 4908 24 5165 22 5421 22 5678 21 5934 21 6191 20 6448 19 6705 18 6962 17 7219 15 7477 13 7734 11 7993 6
30f65741053db713b3f328d31d3234b6fedbe31df65c1a8ea29be28146cab789,17153 1 17409 2 17665 3 17921 4 18177 4 18433 5 18689 5 18945 6 19201 6 19457 6 19713 7 19969 7 20225 7 20481 7 20737 7 20993 6 21249 6 21505 5 21761 5 22017 4 22273 3 22529 1
30f65741053db713b3f328d31d3234b6fedbe31df65c1a8ea29be28146cab789,50398 4 50651 11 50906 15 51161 17 51416 19 51672 20 51927 21 52182 23 52438 23 52693 24 52949 24 53205 24 53461 24 53717 24 53973 24 54229 24 54485 24 54741 24 54997 24 55253 23 55509 23 55764 23 56020 23 56276 22 56532 20 56788 19 57044 18 57300 16 57557 13 57815 9 58074 2
30f65741053db713b3f328d31d3234b6fedbe31df65c1a8ea29be28146cab789,58952 6 59206 11 59461 13 59715 16 59971 17 60226 19 60481 21 60737 21 60992 23 61248 23 61504 24 61760 24 62016 24 62272 24 62528 24 62784 24 63040 24 63297 23 63553 23 63809 22 64066 21 64322 20 64579 19 64836 17 65093 15 65351 12
30f65741053db713b3f328d31d3234b6fedbe31df65c1a8ea29be28146cab789,11570 7 11824 10 12079 12 12334 13 12589 14 12844 16 13099 17 13354 18 13609 19 13865 18 14121 18 14376 19 14632 18 14888 18 15144 17 15401 15 15657 14 15914 11 16171 7
30f65741053db713b3f328d31d3234b6fedbe31df65c1a8ea29be28146cab789,37839 4 38091 14 38345 18 38600 20 38856 21 39111 23 39367 24 39623 24 39879 25 40135 25 40391 25 40647 26 40903 26 41159 26 41416 25 41672 25 41929 24 42185 24 42442 23 42699 22 42956 20 43213 19 43470 17 43728 14 43986 11 44244 6
30f65741053db713b3f328d31d3234b6fedbe31df65c1a8ea29be28146cab789,48641 1 48897 1 49153 2 49409 3 49665 3 49921 3 50177 4 50433 4 50689 4 50945 4 51201 4 51457 4 51713 4 51969 4 52225 4 52481 3 52737 3 52993 3 53249 2 53505 1
30f65741053db713b3f328d31d3234b6fedbe31df65c1a8ea29be28146cab789,26822 4 27076 9 27330 13 27585 16 27840 18 28095 19 28351 20 28606 22 28862 22 29118 23 29374 23 29630 24 29886 25 30142 25 30398 26 30654 26 30911 25 31167 26 31423 26 31680 25 31937 23 32193 23 32451 21 32709 18 32967 15 33225 12 33483 9 33741 6
30f65741053db713b3f328d31d3234b6fedbe31df65c1a8ea29be28146cab789,5 24 261 24 516 25 772 24 1027 25 1283 24 1538 25 1794 24 2050 20 2306 19 2562 18 2818 5 2833 2 3074 4 3090 1 3330 3 3587 1
30f65741053db713b3f328d31d3234b6fedbe31df65c1a8ea29be28146cab789,15434 6 15688 11 15943 14 16198 16 16453 18 16709 19 16965 20 17220 21 17476 22 17732 22 17988 22 18244 22 18500 22 18757 21 19013 21 19269 21 19526 19 19783 18 20040 16 20297 14 20554 12 20812 9 21071 3
