317832f90f02c5e916b2ac0f3bcb8da9928d8e400b747b2c68e544e56adacf6b,50875 5 51130 7 51385 9 51640 11 51896 12 52152 13 52408 13 52665 12 52921 12 53178 11 53435 10 53692 8 53950 4
317832f90f02c5e916b2ac0f3bcb8da9928d8e400b747b2c68e544e56adacf6b,25627 2 25881 6 26136 9 26392 10 26648 11 26904 12 27160 13 27417 12 27673 12 27930 11 28187 10 28444 8 28702 5
317832f90f02c5e916b2ac0f3bcb8da9928d8e400b747b2c68e544e56adacf6b,36814 4 37069 6 37324 8 37580 9 37836 10 38092 10 38348 11 38605 10 38862 9 39118 9 39375 8 39632 7 39889 5
317832f90f02c5e916b2ac0f3bcb8da9928d8e400b747b2c68e544e56adacf6b,37079 3 37334 6 37589 8 37846 7 38102 8 38359 8 38615 9 38872 9 39129 8 39386 7 39643 6 39900 4
317832f90f02c5e916b2ac0f3bcb8da9928d8e400b747b2c68e544e56adacf6b,9114 2 9368 7 9623 10 9878 12 10134 13 10390 14 10647 13 10903 13 11160 12 11417 11 11675 8 11933 5
317832f90f02c5e916b2ac0f3bcb8da9928d8e400b747b2c68e544e56adacf6b,31127 4 31381 8 31636 10 31892 11 32148 12 32404 12 32660 12 32917 12 33173 12 33430 12 33686 12 33943 11 34200 10 34457 9 34714 8 34972 5
317832f90f02c5e916b2ac0f3bcb8da9928d8e400b747b2c68e544e56adacf6b,44060 6 44315 8 44571 9 44827 10 45083 10 45339 11 45595 11 45851 11 46107 11 46363 11 46620 10 46877 9 47133 9 47390 8 47647 7 47904 5
317832f90f02c5e916b2ac0f3bcb8da9928d8e400b747b2c68e544e56adacf6b,57130 3 57384 7 57639 10 57895 10 58150 12 58406 12 58662 13 58918 13 59175 12 59431 12 59687 12 59944 11 60200 11 60456 10 60713 8 60971 5
317832f90f02c5e916b2ac0f3bcb8da9928d8e400b747b2c68e544e56adacf6b,36034 4 36289 6 36545 7 36801 8 37057 9 37313 10 37570 10 37827 9 38084 8 38340 8 38597 8 38854 6
317832f90f02c5e916b2ac0f3bcb8da9928d8e400b747b2c68e544e56adacf6b,11978 8 12232 13 12485 18 12740 20 12996 20 13252 21 13509 20 13766 18 14024 15 14283 11
317832f90f02c5e916b2ac0f3bcb8da9928d8e400b747b2c68e544e56adacf6b,19651 4 19906 12 20161 16 20416 18 20672 19 20927 20 21183 20 21439 21 21696 20 21953 18 22210 16 22469 12
317832f90f02c5e916b2ac0f3bcb8da9928d8e400b747b2c68e544e56adacf6b,12824 4 13079 7 13334 9 13590 10 13846 11 14102 11 14358 11 14614 11 14871 10 15127 10 15384 9 15641 8 15898 6 16156 3
317832f90f02c5e916b2ac0f3bcb8da9928d8e400b747b2c68e544e56adacf6b,53687 4 53942 6 54198 7 54454 9 54710 10 54967 10 55223 10 55480 10 55737 10 55994 9 56251 8 56508 7 56765 5
317832f90f02c5e916b2ac0f3bcb8da9928d8e400b747b2c68e544e56adacf6b,14317 10 14571 17 14826 20 15081 22 15336 24 15592 25 15848 25 16105 24 16361 24 16618 23 16875 22 17132 19 17389 16 17647 12 17905 6
317832f90f02c5e916b2ac0f3bcb8da9928d8e400b747b2c68e544e56adacf6b,27457 4 27712 6 27967 8 28223 8 28478 10 28734 10 28989 11 29245 11 29501 11 29757 11 30013 11 30270 10 30527 8 30784 7 31043 3
317832f90f02c5e916b2ac0f3bcb8da9928d8e400b747b2c68e544e56adacf6b,8767 6 9022 8 9277 9 9533 10 9789 10 10045 10 10301 11 10557 11 10814 10 11070 10 11326 10 11583 8 11839 8 12096 6
317832f90f02c5e916b2ac0f3bcb8da9928d8e400b747b2c68e544e56adacf6b,9 7 265 8 521 9 777 10 1033 11 1289 11 1545 11 1802 10 2058 10 2314 10 2571 8 2830 3
317832f90f02c5e916b2ac0f3bcb8da9928d8e400b747b2c68e544e56adacf6b,6624 6 6876 11 7131 13 7387 13 7643 13 7899 13 8155 12 8412 10
317832f90f02c5e916b2ac0f3bcb8da9928d8e400b747b2c68e544e56adacf6b,74 4 330 5 585 8 840 10 1096 11 1353 11 1609 11 1866 11 2123 11 2380 10 2637 8 2896 4
317832f90f02c5e916b2ac0f3bcb8da9928d8e400b747b2c68e544e56adacf6b,25642 6 25897 8 26153 8 26409 9 26665 10 26921 10 27177 10 27433 10 27690 9 27946 9 28203 8 28460 6 28717 4
317832f90f02c5e916b2ac0f3bcb8da9928d8e400b747b2c68e544e56adacf6b,13113 5 13368 8 13624 9 13879 10 14135 11 14391 11 14647 11 14904 10 15160 10 15417 9 15673 9 15930 7 16187 5
317832f90f02c5e916b2ac0f3bcb8da9928d8e400b747b2c68e544e56adacf6b,29917 8 30172 10 30427 13 30683 14 30939 15 31196 14 31452 15 31708 15 31965 14 32222 13 32480 10 32738 6
317832f90f02c5e916b2ac0f3bcb8da9928d8e400b747b2c68e544e56adacf6b,11095 6 11350 8 11605 10 11860 12 12116 13 12372 14 12629 13 12885 13 13142 12 13399 11 13656 9 13913 7 14170 5
317832f90f02c5e916b2ac0f3bcb8da9928d8e400b747b2c68e544e56adacf6b,48019 6 48274 8 48529 9 48785 10 49040 11 49296 12 49552 12 49808 12 50064 12 50321 11 50577 12 50834 11 51091 9 51348 7 51605 6 51863 3
317832f90f02c5e916b2ac0f3bcb8da9928d8e400b747b2c68e544e56adacf6b,23029 7 23284 11 23539 13 23794 15 24050 15 24306 15 24563 14 24819 13 25076 11 25335 5
317832f90f02c5e916b2ac0f3bcb8da9928d8e400b747b2c68e544e56adacf6b,9578 5 9832 8 10087 9 10343 9 10599 10 10855 10 11111 10 11368 10 11625 9 11882 7 12139 6 12396 4
317832f90f02c5e916b2ac0f3bcb8da9928d8e400b747b2c68e544e56adacf6b,29036 3 29290 7 29545 9 29800 11 30056 12 30312 12 30568 13 30825 12 31081 12 31338 11 31595 10 31851 10 32108 8 32366 5
317832f90f02c5e916b2ac0f3bcb8da9928d8e400b747b2c68e544e56adacf6b,18758 5 19013 7 19268 9 19524 10 19780 10 20036 10 20292 10 20548 10 20804 10 21060 10 21317 9 21573 9 21830 8 22087 6
317832f90f02c5e916b2ac0f3bcb8da9928d8e400b747b2c68e544e56adacf6b,21526 5 21781 7 22036 9 22292 10 22548 11 22804 11 23060 12 23316 12 23572 12 23829 11 24085 11 24342 9 24599 6
317832f90f02c5e916b2ac0f3bcb8da9928d8e400b747b2c68e544e56adacf6b,40786 3 41041 6 41296 8 41552 9 41808 10 42064 10 42320 11 42576 11 42833 10 43089 10 43346 9 43603 8 43860 6
317832f90f02c5e916b2ac0f3bcb8da9928d8e400b747b2c68e544e56adacf6b,36255 4 36510 7 36766 8 37022 9 37278 10 37534 12 37790 13 38046 13 38302 13 38559 12 38815 12 39072 11 39329 9 39587 6
317832f90f02c5e916b2ac0f3bcb8da9928d8e400b747b2c68e544e56adacf6b,38964 6 39219 8 39475 9 39730 10 39986 10 40242 11 40498 11 40754 11 41010 11 41266 10 41523 9 41780 8 42036 7 42293 5
317832f90f02c5e916b2ac0f3bcb8da9928d8e400b747b2c68e544e56adacf6b,3270 6 3523 11 3777 14 4032 15 4288 15 4544 15 4800 15 5056 15 5312 14
317832f90f02c5e916b2ac0f3bcb8da9928d8e400b747b2c68e544e56adacf6b,43873 7 44128 9 44384 10 44640 11 44896 12 45152 12 45408 12 45665 11 45921 11 46178 9 46435 7 46692 5
317832f90f02c5e916b2ac0f3bcb8da9928d8e400b747b2c68e544e56adacf6b,45333 4 45588 6 45843 8 46099 8 46355 8 46611 9 46867 10 47123 10 47379 10 47636 9 47892 9 48149 8 48406 7 48663 5
317832f90f02c5e916b2ac0f3bcb8da9928d8e400b747b2c68e544e56adacf6b,21635 6 21889 12 22144 14 22399 16 22655 16 22911 16 23167 17 23423 17 23680 16 23936 16 24193 16 24450 15 24707 14 24964 12 25220 12 25477 10 25734 8 25994 2
317832f90f02c5e916b2ac0f3bcb8da9928d8e400b747b2c68e544e56adacf6b,64606 5 64861 7 65116 9 65372 10
317832f90f02c5e916b2ac0f3bcb8da9928d8e400b747b2c68e544e56adacf6b,61010 4 61265 6 61520 8 61776 9 62032 9 62287 10 62543 10 62799 10 63055 10 63311 10 63567 10 63823 10 64080 9 64337 7 64594 5
317832f90f02c5e916b2ac0f3bcb8da9928d8e400b747b2c68e544e56adacf6b,59876 5 60131 7 60387 9 60643 10 60898 11 61154 11 61410 11 61666 11 61922 11 62178 11 62435 10 62692 9 62948 9 63205 8 63463 5
317832f90f02c5e916b2ac0f3bcb8da9928d8e400b747b2c68e544e56adacf6b,704 8 959 11 1215 12 1471 12 1727 13 1983 13 2240 12 2497 10 2755 7 3014 3
317832f90f02c5e916b2ac0f3bcb8da9928d8e400b747b2c68e544e56adacf6b,21041 4 21296 7 21552 8 21807 9 22063 10 22319 10 22575 10 22831 10 23087 10 23343 10 23599 10 23855 10 24112 8 24369 6
