3477024fd843e46097840360f9cdee24b76bf5c593ed27a9aee7a5728a06aa51,319035 5 319552 12 320070 17 320589 20 321107 23 321626 25 322146 27 322666 28 323185 30 323704 32 324224 34 324744 35 325264 35 325783 37 326303 38 326823 39 327343 40 327863 41 328383 41 328904 40 329424 41 329944 42 330464 43 330984 44 331504 44 332024 45 332545 44 333065 45 333585 45 334105 46 334626 45 335146 46 335666 46 336187 46 336707 47 337228 46 337748 46 338269 46 338789 46 339310 45 339830 46 340351 45 340872 44 341392 44 341913 43 342434 42 342955 41 343475 41 343996 40 344517 38 345038 37 345559 35 346080 34 346601 32 347122 30 347644 28 348165 26 348686 23 349208 19 349730 15 350255 3 350259 2
3477024fd843e46097840360f9cdee24b76bf5c593ed27a9aee7a5728a06aa51,355826 1 355828 10 356343 18 356862 21 357381 23 357900 27 358420 29 358939 31 359459 32 359978 33 360498 34 361018 35 361538 35
3477024fd843e46097840360f9cdee24b76bf5c593ed27a9aee7a5728a06aa51,204302 9 204818 20 205336 25 205853 30 206371 35 206889 41 207407 46 207926 48 208444 51 208963 53 209482 55 210001 57 210520 58 211039 59 211558 60 212078 61 212598 61 213117 62 213637 62 214157 62 214677 61 215196 62 215716 62 216236 61 216757 59 217277 59 217797 58 218318 56 218839 53 219359 52 219880 50 220402 47 220924 44 221445 41 221967 37 222489 33 223011 28 223533 24 224058 13
3477024fd843e46097840360f9cdee24b76bf5c593ed27a9aee7a5728a06aa51,160772 8 161290 12 161808 17 162326 20 162846 22 163365 23 163884 25 164403 26 164922 28 165442 29 165961 30 166481 31 167001 32 167520 33 168040 34 168560 34 169080 35 169599 36 170119 36 170639 36 171159 36 171679 36 172198 37 172718 38 173238 38 173758 38 174278 38 174798 38 175318 38 175838 38 176357 38 176878 37 177398 37 177918 37 178438 37 178958 37 179478 37 179998 40 180518 40 181038 40 181558 40 182078 40 182598 39 183119 37 183639 36 184159 35 184680 34 185200 33 185720 33 186241 31 186762 30 187283 29 187803 28 188324 26 188843 26 189363 24 189883 23 190403 20 190923 6 190936 2 191443 6 191962 3
3477024fd843e46097840360f9cdee24b76bf5c593ed27a9aee7a5728a06aa51,290000 5 290516 13 291034 17 291552 20 292071 22 292590 24 293109 26 293628 27 294148 28 294667 30 295187 30 295706 32 296226 32 296746 32 297266 33 297786 33 298305 34 298825 34 299346 34 299865 35 300386 34 300906 34 301425 34 301945 34 302465 34 302985 34 303505 34 304025 34 304545 34 305065 34 305585 34 306105 34 306625 34 307145 34 307665 34 308186 33 308706 32 309226 32 309746 31 310266 31 310787 30 311307 30 311828 29 312349 28 312869 27 313390 26 313911 25 314433 22 314955 19 315476 18 315999 4 316006 7 316527 6 317048 2
3477024fd843e46097840360f9cdee24b76bf5c593ed27a9aee7a5728a06aa51,355390 1 355904 11 356422 17 356940 22 357460 24 357978 28 358498 29 359017 32 359537 33 360057 35 360576 38 361096 39 361616 40
3477024fd843e46097840360f9cdee24b76bf5c593ed27a9aee7a5728a06aa51,186319 1 186321 11 186835 21 187352 25 187870 29 188387 34 188904 38 189423 40 189942 42 190460 44 190979 45 191498 47 192017 48 192536 50 193055 52 193575 52 194094 53 194614 53 195133 54 195653 54 196172 55 196692 55 197211 55 197731 55 198251 54 198770 55 199290 54 199810 54 200330 53 200849 53 201369 53 201889 52 202410 50 202930 49 203450 49 203971 47 204491 45 205011 43 205531 41 206052 38 206572 36 207093 32 207614 30 208135 27 208657 22 209178 18 209704 7
3477024fd843e46097840360f9cdee24b76bf5c593ed27a9aee7a5728a06aa51,134 10 651 15 1168 21 1686 25 2204 29 2722 32 3240 36 3759 38 4278 40 4797 42 5317 44 5836 46 6356 47 6875 49 7395 50 7915 51 8435 52 8955 52 9476 52 9996 52 10516 53 11036 53 11557 52 12077 53 12598 52 13118 53 13638 53 14158 53 14678 54 15199 53 15719 54 16240 53 16760 53 17281 53 17802 52 18322 52 18843 51 19364 50 19885 49 20406 47 20927 46 21448 45 21969 43 22491 40 23012 39 23534 36 24056 32 24579 27 25101 23 25624 15
3477024fd843e46097840360f9cdee24b76bf5c593ed27a9aee7a5728a06aa51,8838 3 9354 1 9356 5 9872 9 10388 13 10906 15 11426 15 11945 16 12464 17 12982 19 13501 20 14020 21 14539 22 15058 23 15577 24 16096 25 16616 25 17135 26 17654 27 18173 28 18693 28 19212 29 19731 30 20251 30 20770 31 21290 31 21809 32 22329 32 22848 33 23367 34 23887 34 24406 35 24925 36 25445 36 25965 36 26485 36 27005 36 27524 37 28044 37 28565 36 29085 36 29605 36 30125 36 30645 36 31164 37 31684 37 32203 38 32722 39 33242 39 33762 39 34281 40 34801 40 35321 40 35841 40 36361 40 36881 40 37401 40 37921 40 38440 41 38960 41 39479 42 39999 42 40519 42 41041 40 41563 38 42082 39 42601 40 43122 39 43642 39 44163 38 44683 38 45205 36 45729 1 45731 30 46253 27 46774 26 47299 20 47820 17 48342 14 48863 13 49384 6 49394 1 49904 5
3477024fd843e46097840360f9cdee24b76bf5c593ed27a9aee7a5728a06aa51,248193 12 248711 17 249227 22 249745 26 250264 27 250782 30 251300 33 251820 33 252338 35 252857 37 253377 37 253895 39 254415 39 254934 40 255453 41 255972 42 256491 43 257011 43 257530 44 258049 44 258568 45 259088 45 259607 46 260126 46 260646 46 261166 46 261685 46 262205 46 262725 46 263244 46 263764 46 264284 46 264803 46 265323 46 265843 45 266362 45 266882 45 267401 45 267921 45 268441 44 268960 44 269480 44 270000 43 270520 42 271040 41 271560 40 272081 38 272601 37 273121 36 273642 34 274162 33 274683 31 275204 29 275725 27 276246 25 276768 22 277289 19 277811 14 278334 9
3477024fd843e46097840360f9cdee24b76bf5c593ed27a9aee7a5728a06aa51,272546 9 273065 12 273583 16 274102 19 274621 21 275140 22 275658 25 276178 26 276697 27 277216 29 277735 30 278254 31 278773 33 279292 34 279812 34 280331 35 280850 36 281370 36 281889 37 282409 37 282928 38 283448 38 283967 38 284486 39 285006 39 285525 40 286045 40 286565 40 287084 41 287604 40 288124 40 288643 41 289163 40 289683 39 290202 40 290722 40 291242 40 291761 40 292281 40 292801 39 293321 39 293841 38 294361 37 294881 37 295401 36 295920 37 296440 36 296961 35 297481 34 298001 34 298521 33 299041 32 299561 32 300081 31 300601 31 301122 29 301642 28 302163 26 302684 24 303205 21 303726 19 304247 17 304769 13 305292 7
3477024fd843e46097840360f9cdee24b76bf5c593ed27a9aee7a5728a06aa51,246306 9 246824 13 247343 15 247862 17 248381 19 248900 21 249419 23 249939 24 250458 25 250978 26 251497 27 252017 28 252536 29 253056 29 253576 30 254096 30 254615 31 255135 31 255655 31 256174 32 256694 32 257214 32 257734 31 258253 32 258773 31 259293 31 259813 30 260332 31 260852 31 261372 30 261892 29 262412 29 262932 28 263452 28 263971 28 264491 28 265011 27 265531 27 266051 26 266571 26 267091 25 267611 25 268131 24 268651 24 269171 24 269692 22 270212 22 270732 22 271252 21 271773 19 272293 19 272813 19 273334 17 273854 16 274375 14 274897 10 275419 6
3477024fd843e46097840360f9cdee24b76bf5c593ed27a9aee7a5728a06aa51,72047 14 72563 23 73080 29 73597 35 74116 38 74634 42 75152 46 75671 49 76190 51 76709 53 77228 56 77747 58 78267 59 78786 61 79306 62 79825 64 80345 64 80865 65 81385 66 81905 67 82425 68 82944 69 83465 69 83985 70 84505 70 85025 70 85546 69 86066 69 86586 70 87107 69 87627 70 88148 69 88669 68 89189 68 89710 67 90231 66 90752 64 91274 62 91795 60 92317 59 92838 58 93359 56 93881 53 94402 52 94924 49 95447 46 95967 45 96487 43 97009 40 97532 36 98056 30 98578 25 99101 18
3477024fd843e46097840360f9cdee24b76bf5c593ed27a9aee7a5728a06aa51,33801 5 34321 7 34841 8 35361 9 35881 10 36401 11 36921 11 37441 13 37961 13 38481 14 39001 15 39521 16 40041 17 40561 17 41081 18 41601 19 42121 20 42641 21 43161 21 43681 22 44201 23 44721 24 45241 24 45761 25 46281 25 46801 26 47321 26 47841 27 48361 27 48881 28 49401 28 49921 28 50441 29 50961 29 51481 29 52001 29 52521 29 53041 29 53561 29 54081 29 54601 29 55121 29 55641 30 56161 29 56681 29 57201 29 57721 29 58241 29 58761 28 59281 28 59801 28 60321 27 60841 27 61361 26 61881 26 62401 25 62921 24 63441 23 63961 22 64481 21 65001 19 65521 17 66041 15 66561 11 67082 5
3477024fd843e46097840360f9cdee24b76bf5c593ed27a9aee7a5728a06aa51,331628 5 332143 14 332661 18 333179 22 333697 25 334215 28 334733 31 335252 33 335772 34 336290 36 336810 37 337329 39 337848 40 338368 40 338887 42 339406 43 339926 43 340446 43 340965 45 341485 45 342004 46 342524 46 343044 46 343563 47 344083 47 344603 46 345123 46 345642 47 346162 47 346682 46 347202 46 347722 46 348242 46 348762 45 349282 45 349802 44 350322 44 350842 43 351362 43 351882 42 352402 41 352922 41 353442 40 353962 39 354483 37 355003 37 355523 36 356044 33 356564 32 357085 30 357606 28 358127 26 358648 24 359169 21 359690 19 360212 15 360734 10 361257 3
3477024fd843e46097840360f9cdee24b76bf5c593ed27a9aee7a5728a06aa51,140343 19 140858 28 141375 33 141889 40 142405 45 142923 49 143440 53 143959 54 144477 57 144996 58 145515 60 146034 61 146553 62 147072 63 147592 64 148111 65 148631 64 149151 64 149671 63 150191 62 150711 61 151231 61 151751 60 152271 59 152792 57 153313 55 153834 52 154354 51 154875 48 155396 45 155918 40 156439 35 156961 29 157482 24
3477024fd843e46097840360f9cdee24b76bf5c593ed27a9aee7a5728a06aa51,180470 8 180988 12 181506 16 182025 18 182543 21 183063 23 183581 26 184101 26 184620 27 185140 27 185659 28 186178 29 186697 30 187216 32 187735 33 188255 33 188774 34 189293 35 189813 36 190332 37 190851 38 191370 40 191890 40 192409 41 192929 41 193449 41 193968 43 194488 43 195008 43 195527 44 196047 44 196567 44 197087 44 197607 44 198126 45 198646 45 199166 44 199686 44 200206 44 200726 44 201245 45 201765 44 202285 43 202805 43 203325 42 203845 41 204365 41 204885 41 205405 41 205926 39 206446 39 206966 39 207486 39 208006 39 208527 37 209047 37 209567 36 210087 36 210608 35 211128 34 211649 33 212169 32 212690 30 213211 29 213732 26 214252 25 214774 22 215296 18 215817 15 216340 10
3477024fd843e46097840360f9cdee24b76bf5c593ed27a9aee7a5728a06aa51,94854 9 94865 3 95371 20 95889 25 96407 30 96925 34 97443 39 97962 43 98481 46 99001 47 99520 49 100039 52 100559 53 101078 55 101598 56 102118 57 102638 58 103158 59 103678 59 104198 60 104719 59 105239 60 105759 61 106280 60 106800 60 107321 59 107842 58 108362 58 108883 57 109404 55 109925 54 110446 53 110967 51 111489 48 112011 45 112532 42 113054 39 113576 35 114100 30 114625 21 115150 10 115161 1
3477024fd843e46097840360f9cdee24b76bf5c593ed27a9aee7a5728a06aa51,274 27 792 30 1311 33 1830 39 2349 41 2868 44 3387 48 3906 49 4426 50 4945 51 5464 54 5983 56 6503 57 7022 58 7542 58 8062 59 8581 61 9101 63 9621 64 10141 66 10661 68 11180 70 11700 72 12220 73 12740 73 13260 74 13780 75 14301 75 14821 75 15342 75 15862 75 16383 74 16903 74 17424 73 17944 73 18465 71 18986 70 19506 70 20028 70 20549 70 21069 70 21591 68 22111 68 22633 66 23154 65 23676 64 24197 63 24718 62 25239 61 25759 61 26280 59 26801 59 27322 58 27845 54 28365 52 28886 50 29407 49 29929 44 30451 38 30974 35 31496 33 32019 27 32541 23 33066 8 33076 4
3477024fd843e46097840360f9cdee24b76bf5c593ed27a9aee7a5728a06aa51,123161 2 123164 1 123674 15 124190 23 124708 27 125225 32 125743 35 126259 40 126776 45 127294 48 127812 51 128331 52 128849 55 129367 57 129885 60 130403 62 130921 64 131439 66 131958 67 132476 69 132995 70 133514 71 134033 72 134552 73 135071 73 135590 73 136110 73 136629 73 137149 72 137669 71 138189 70 138709 68 139229 67 139749 66 140269 66 140790 68 141310 65 141831 58 142352 53 142873 50 143395 45 143918 41 144440 37 144964 28 144994 2 145487 21 145514 1 146009 15 146534 3
3477024fd843e46097840360f9cdee24b76bf5c593ed27a9aee7a5728a06aa51,136454 15 136970 21 137487 26 138002 33 138518 37 139035 41 139552 45 140070 47 140588 50 141106 52 141625 54 142142 57 142660 59 143179 60 143697 62 144216 63 144735 63 145254 64 145772 66 146291 67 146810 68 147329 68 147849 68 148368 69 148888 68 149408 67 149928 66 150448 64 150968 62 151487 62 152007 60 152528 57 153048 54 153568 52 154089 49 154609 47 155130 44 155651 40 156172 35 156693 31 157214 26 157736 22 158260 15
3477024fd843e46097840360f9cdee24b76bf5c593ed27a9aee7a5728a06aa51,33473 9 33989 16 34507 21 35025 29 35543 34 36062 37 36580 41 37099 44 37618 47 38137 50 38657 52 39176 55 39696 57 40215 59 40735 61 41255 62 41774 64 42294 64 42814 65 43334 65 43854 66 44374 67 44894 67 45414 67 45935 66 46455 67 46976 66 47496 66 48017 65 48537 65 49058 64 49579 63 50100 62 50621 61 51142 60 51663 59 52185 57 52708 54 53229 53 53751 51 54274 47 54795 46 55317 43 55839 41 56361 38 56884 34 57407 30 57930 26 58453 22 58985 5
3477024fd843e46097840360f9cdee24b76bf5c593ed27a9aee7a5728a06aa51,337617 9 338136 28 338655 32 339175 33 339694 35 340214 36 340732 39 341251 40 341771 40 342290 41 342810 42 343330 42 343849 43 344369 43 344889 42 345409 42 345930 41 346450 40 346970 40 347490 39 348011 37 348532 34 349054 30 349577 19 350098 14 350621 4
