353ab00e964f71aa720385223a9078b770b7e3efaf5be0f66e670981f68fe606,37601 7 37856 10 38110 13 38365 15 38620 17 38876 17 39132 17 39388 17 39644 17 39900 17 40156 16 40413 14 40670 12 40927 9 41184 7
353ab00e964f71aa720385223a9078b770b7e3efaf5be0f66e670981f68fe606,48739 3 48995 18 49251 19 49507 20 49763 20 50019 19 50275 18 50531 17 50787 13 51044 11 51301 8 51559 5
353ab00e964f71aa720385223a9078b770b7e3efaf5be0f66e670981f68fe606,2258 6 2513 8 2767 13 3022 17 3278 18 3533 20 3789 20 4045 20 4301 21 4558 20 4814 20 5071 18 5327 18 5583 18 5840 16 6097 15 6354 14 6611 13 6868 11 7127 6
353ab00e964f71aa720385223a9078b770b7e3efaf5be0f66e670981f68fe606,43248 2 43502 6 43757 8 44012 11 44266 14 44521 15 44777 15 45032 16 45287 17 45543 18 45799 18 46055 19 46311 19 46568 18 46824 18 47080 18 47337 16 47593 16 47849 15 48105 14 48362 12 48620 5
353ab00e964f71aa720385223a9078b770b7e3efaf5be0f66e670981f68fe606,21915 10 22169 13 22422 16 22676 19 22931 21 23186 22 23442 22 23698 22 23955 21 24212 20 24469 18 24725 17 24981 17 25236 18 25491 20 25746 21 26002 21 26258 21 26515 20 26772 18 27028 17 27285 14 27542 12 27799 9 28056 7 28312 6 28569 4
353ab00e964f71aa720385223a9078b770b7e3efaf5be0f66e670981f68fe606,13310 3 13562 7 13816 9 14071 10 14327 10 14583 10 14839 10 15095 10 15351 10 15608 9 15864 9 16120 9 16376 9 16632 9 16889 8 17145 8 17402 7 17659 6 17918 3
353ab00e964f71aa720385223a9078b770b7e3efaf5be0f66e670981f68fe606,56782 8 57036 11 57290 14 57545 16 57800 18 58055 20 58310 21 58566 21 58822 21 59078 21 59334 21 59590 21 59846 21 60103 19 60359 18 60616 16 60873 14 61130 12 61387 10 61645 7
353ab00e964f71aa720385223a9078b770b7e3efaf5be0f66e670981f68fe606,13537 7 13792 9 14047 12 14303 13 14559 14 14815 16 15071 17 15327 18 15584 18 15840 18 16096 18 16351 19 16607 19 16864 18 17120 18 17376 18 17633 17 17889 16 18145 15 18401 14 18658 11 18915 8 19173 4
353ab00e964f71aa720385223a9078b770b7e3efaf5be0f66e670981f68fe606,67766 5 68020 9 68273 13 68527 16 68782 18 69035 22 69290 24 69545 25 69801 25 70058 24 70315 24 70573 22 70830 22 71087 21 71344 21 71601 20 71857 21 72114 21 72371 21 72628 20 72885 19 73142 18 73399 17 73656 16 73913 15 74173 11 74430 10 74687 9 74943 9 75200 8 75456 7 75713 5 75971 2
353ab00e964f71aa720385223a9078b770b7e3efaf5be0f66e670981f68fe606,79346 10 79600 13 79855 15 80110 16 80366 17 80621 20 80877 20 81133 20 81390 19 81647 13 81663 2 81903 11
353ab00e964f71aa720385223a9078b770b7e3efaf5be0f66e670981f68fe606,4623 8 4878 17 5133 21 5389 23 5644 25 5899 27 6155 28 6411 28 6667 28 6923 28 7179 28 7436 27 7693 26 7950 25 8208 22 8466 19 8724 15 8984 9
353ab00e964f71aa720385223a9078b770b7e3efaf5be0f66e670981f68fe606,224 10 480 11 736 12 991 14 1247 14 1503 15 1758 16 2014 16 2270 16 2526 16 2782 16 3039 15 3296 13 3553 12 3809 12 4065 11 4322 9 4579 6
353ab00e964f71aa720385223a9078b770b7e3efaf5be0f66e670981f68fe606,74486 5 74737 11 74991 15 75245 18 75500 20 75755 22 76010 23 76267 22 76524 21 76780 21 77036 21 77292 21 77548 21 77804 21 78061 19 78318 17 78577 10 78835 6
353ab00e964f71aa720385223a9078b770b7e3efaf5be0f66e670981f68fe606,30719 2 30973 4 31228 5 31483 6 31738 7 31994 7 32249 8 32505 8 32761 8 33016 9 33272 9 33528 9 33784 9 34040 9 34296 9 34552 9 34809 8 35065 8 35321 8 35578 7 35835 6 36092 5 36350 3
353ab00e964f71aa720385223a9078b770b7e3efaf5be0f66e670981f68fe606,242 14 498 15 754 15 1010 15 1266 14 1523 12 1780 6
353ab00e964f71aa720385223a9078b770b7e3efaf5be0f66e670981f68fe606,60074 8 60329 10 60584 12 60839 14 61095 14 61350 16 61605 17 61861 18 62117 18 62373 19 62629 19 62885 18 63141 18 63397 18 63653 17 63909 17 64166 15 64423 11 64680 7
353ab00e964f71aa720385223a9078b770b7e3efaf5be0f66e670981f68fe606,52445 7 52698 12 52953 14 53208 15 53463 17 53718 18 53974 19 54230 19 54485 20 54741 21 54997 21 55253 21 55509 21 55765 21 56022 20 56278 20 56535 18 56792 16 57050 13 57307 9
353ab00e964f71aa720385223a9078b770b7e3efaf5be0f66e670981f68fe606,62716 5 62967 10 63222 11 63477 12 63733 12 63989 12 64245 12 64501 12 64758 11 65014 11 65270 11 65526 11 65782 11 66038 11 66294 11 66550 11 66806 11 67062 11 67318 11 67574 11 67830 11 68086 11 68341 12 68597 12 68853 12 69110 10
353ab00e964f71aa720385223a9078b770b7e3efaf5be0f66e670981f68fe606,57488 9 57742 14 57997 16 58253 16 58508 17 58764 18 59020 19 59275 21 59530 22 59785 24 60041 24 60297 24 60552 25 60808 25 61063 26 61319 26 61574 27 61830 27 62087 26 62343 26 62600 24 62856 24 63113 23 63370 21 63627 19 63884 16 64143 11
353ab00e964f71aa720385223a9078b770b7e3efaf5be0f66e670981f68fe606,5278 10 5532 13 5788 15 6044 16 6300 17 6556 17 6812 17 7068 18 7324 19 7580 19 7836 20 8092 20 8348 20 8604 20 8860 20 9117 19 9374 17 9631 14 9889 11 10146 10 10403 8 10660 6
353ab00e964f71aa720385223a9078b770b7e3efaf5be0f66e670981f68fe606,40656 2 40911 4 41166 6 41422 7 41678 7 41933 8 42189 8 42446 6 42704 2
353ab00e964f71aa720385223a9078b770b7e3efaf5be0f66e670981f68fe606,5321 5 5575 8 5830 10 6086 11 6341 13 6596 15 6851 17 7107 18 7362 19 7618 19 7873 20 8129 20 8385 20 8641 19 8897 17 9154 15 9410 13 9667 11 9924 8
353ab00e964f71aa720385223a9078b770b7e3efaf5be0f66e670981f68fe606,75226 10 75480 16 75735 18 75990 20 76245 22 76500 24 76755 25 77011 25 77267 25 77523 25 77779 25 78035 24 78291 23 78547 20 78804 17 79061 14 79318 11 79576 5
353ab00e964f71aa720385223a9078b770b7e3efaf5be0f66e670981f68fe606,46807 3 47061 8 47312 14 47567 16 47822 18 48077 19 48332 19 48587 20 48843 20 49098 21 49354 21 49610 20 49866 18 50122 16 50378 13 50634 12 50891 10 51147 10 51404 8 51660 7 51917 3
353ab00e964f71aa720385223a9078b770b7e3efaf5be0f66e670981f68fe606,43394 11 43647 15 43901 18 44155 20 44409 23 44664 24 44919 25 45175 25 45431 25 45687 25 45942 27 46198 27 46455 27 46712 27 46969 26 47225 27 47481 28 47737 28 47996 25 48253 24 48510 23 48766 23 49022 22 49279 20 49535 20 49792 18 50049 16 50305 14 50562 12 50818 11 51074 9 51331 7
353ab00e964f71aa720385223a9078b770b7e3efaf5be0f66e670981f68fe606,26884 10 27139 12 27394 14 27650 15 27905 16 28161 17 28417 17 28673 18 28929 19 29185 19 29441 20 29697 21 29953 22 30209 24 30465 25 30721 25 30977 26 31233 26 31489 26 31745 26 32001 26 32257 26 32513 26 32769 25 33025 24 33281 23 33537 22 33793 21 34051 18
353ab00e964f71aa720385223a9078b770b7e3efaf5be0f66e670981f68fe606,23690 2 23944 5 24199 6 24455 6 24711 6 24967 5 25224 3
353ab00e964f71aa720385223a9078b770b7e3efaf5be0f66e670981f68fe606,60639 10 60893 13 61147 16 61402 18 61658 18 61913 20 62168 21 62423 22 62678 23 62932 25 63187 26 63443 26 63699 27 63955 27 64211 27 64468 27 64724 27 64979 28 65234 29 65489 30 65745 29 66001 28 66257 27 66514 25 66771 23 67028 21 67285 18 67542 15 67799 12 68056 8 68314 4
353ab00e964f71aa720385223a9078b770b7e3efaf5be0f66e670981f68fe606,11 28 267 28 524 27 781 26 1039 24 1296 23 1553 21 1811 18 2069 15 2328 9
353ab00e964f71aa720385223a9078b770b7e3efaf5be0f66e670981f68fe606,11359 6 11607 17 11862 21 12118 22 12374 23 12630 23 12886 24 13143 23 13399 23 13655 23 13911 22 14167 22 14423 21 14680 20 14938 17
353ab00e964f71aa720385223a9078b770b7e3efaf5be0f66e670981f68fe606,31703 8 31958 11 32213 16 32468 18 32724 19 32979 21 33234 22 33490 22 33746 22 34002 21 34258 21 34514 21 34770 21 35027 20 35283 20 35539 19 35795 19 36051 19 36307 19 36563 19 36820 18 37076 18 37333 17 37590 11 37848 8 38106 4 38363 2
353ab00e964f71aa720385223a9078b770b7e3efaf5be0f66e670981f68fe606,5012 6 5266 9 5520 12 5775 13 6030 14 6285 15 6541 15 6797 15 7053 15 7309 15 7565 15 7821 15 8078 14 8335 13 8591 13 8848 11 9105 9 9361 8 9618 6
353ab00e964f71aa720385223a9078b770b7e3efaf5be0f66e670981f68fe606,58101 6 58356 13 58612 13 58868 13 59123 14 59378 15 59634 15 59890 15 60146 15 60402 15 60658 15 60914 15 61170 15 61427 14 61684 13 61940 13 62197 12 62454 11 62711 5
353ab00e964f71aa720385223a9078b770b7e3efaf5be0f66e670981f68fe606,10518 11 10772 14 11027 15 11283 15 11538 16 11793 18 12049 18 12304 20 12560 20 12816 20 13072 20 13327 21 13583 21 13839 20 14095 20 14351 19 14608 17 14865 15 15122 7 15131 4
353ab00e964f71aa720385223a9078b770b7e3efaf5be0f66e670981f68fe606,77768 3 78023 5 78279 5 78535 5 78792 3
353ab00e964f71aa720385223a9078b770b7e3efaf5be0f66e670981f68fe606,12459 12 12714 14 12970 16 13226 18 13483 20 13739 21 13995 22 14251 24 14508 24 14764 25 15020 25 15276 25 15532 25 15788 25 16044 26 16300 27 16556 27 16812 28 17068 28 17325 27 17582 26 17839 25 18096 24 18353 23 18610 22 18866 22 19123 20 19380 19 19636 19 19893 17 20157 9 20415 6
353ab00e964f71aa720385223a9078b770b7e3efaf5be0f66e670981f68fe606,49332 5 49586 9 49841 11 50096 14 50351 16 50600 25 50854 28 51109 30 51365 30 51621 30 51877 30 52133 30 52389 29 52646 27 52902 23 53159 19 53417 15 53674 13 53932 10 54190 5
353ab00e964f71aa720385223a9078b770b7e3efaf5be0f66e670981f68fe606,80352 7 80606 11 80858 16 81108 23 81363 25 81618 27 81874 21
353ab00e964f71aa720385223a9078b770b7e3efaf5be0f66e670981f68fe606,103 16 359 18 615 19 871 21 1127 23 1383 25 1639 27 1895 29 2152 29 2408 30 2664 30 2920 30 3176 30 3433 29 3690 28 3954 19 4218 9 4477 4 4735 1
353ab00e964f71aa720385223a9078b770b7e3efaf5be0f66e670981f68fe606,9329 5 9340 2 9584 15 9840 16 10095 18 10350 22 10605 24 10860 26 11116 26 11372 27 11628 27 11884 27 12140 27 12397 26 12653 26 12910 25 13166 24 13422 24 13679 22 13939 17 14201 9
353ab00e964f71aa720385223a9078b770b7e3efaf5be0f66e670981f68fe606,141 15 398 14 656 11
353ab00e964f71aa720385223a9078b770b7e3efaf5be0f66e670981f68fe606,25264 5 25518 9 25773 11 26027 14 26279 19 26535 19 26790 21 27045 23 27299 25 27554 26 27808 28 28063 29 28318 30 28568 1 28573 31 28823 36 29078 37 29334 36 29589 37 29845 37 30102 35 30359 34 30616 32 30874 30 31132 27 31390 23 31654 9 31913 3
353ab00e964f71aa720385223a9078b770b7e3efaf5be0f66e670981f68fe606,36014 10 36267 14 36521 18 36775 21 37030 23 37286 23 37542 23 37797 24 38053 24 38309 23 38565 23 38821 24 39077 24 39333 23 39590 21 39848 18 40104 17 40360 17 40616 17 40872 16 41129 15 41388 11 41646 8 41905 4
353ab00e964f71aa720385223a9078b770b7e3efaf5be0f66e670981f68fe606,3076 5 3329 9 3585 9 3841 9 4097 10 4353 11 4609 13 4865 13 5121 12 5377 12 5633 11 5889 10 6145 10 6401 10 6657 10 6913 10 7169 10 7425 11 7681 10 7937 9 8193 8 8449 6 8705 4 8961 3 9217 2
353ab00e964f71aa720385223a9078b770b7e3efaf5be0f66e670981f68fe606,40348 4 40603 6 40858 8 41113 9 41368 10 41624 11 41880 11 42136 12 42392 13 42648 13 42904 14 43160 15 43416 17 43672 18 43929 18 44186 17 44443 16 44700 14 44957 12 45214 8
353ab00e964f71aa720385223a9078b770b7e3efaf5be0f66e670981f68fe606,3947 7 4202 16 4457 20 4712 23 4968 24 5224 24 5480 24 5736 24 5993 23 6249 23 6506 22 6763 21 7020 20 7277 19 7533 19 7790 17 8046 17 8303 16 8560 15 8817 14 9074 12 9334 6
353ab00e964f71aa720385223a9078b770b7e3efaf5be0f66e670981f68fe606,45671 12 45926 14 46182 16 46437 18 46692 20 46947 22 47202 23 47457 24 47713 24 47969 24 48225 23 48482 21 48742 16
353ab00e964f71aa720385223a9078b770b7e3efaf5be0f66e670981f68fe606,22471 7 22724 11 22979 12 23234 14 23489 15 23744 16 24000 16 24256 17 24512 17 24769 16 25025 16 25281 16 25538 15 25795 13 26052 11 26309 9 26568 4
353ab00e964f71aa720385223a9078b770b7e3efaf5be0f66e670981f68fe606,158 31 417 28 676 25 933 25 1190 24 1447 23 1703 23 1960 22 2217 21 2474 20 2731 18 2987 18 3244 16 3501 13 3758 11 4015 7
353ab00e964f71aa720385223a9078b770b7e3efaf5be0f66e670981f68fe606,3579 6 3833 8 4087 10 4341 12 4595 14 4850 15 5104 17 5355 22 5610 23 5866 23 6122 23 6378 23 6634 23 6889 24 7145 24 7401 24 7656 25 7912 25 8168 25 8425 24 8682 23 8940 21 9198 19 9456 17 9714 15 9973 10 10230 6
