356d9903d16074f152fe8f2f0ef555d9959c53264228eae7373cad5cf35d4e85,12140 4 12394 7 12649 9 12905 9 13161 9 13417 8 13673 8 13929 8 14186 6 14443 4
356d9903d16074f152fe8f2f0ef555d9959c53264228eae7373cad5cf35d4e85,64738 7 64993 9 65248 11 65503 12
356d9903d16074f152fe8f2f0ef555d9959c53264228eae7373cad5cf35d4e85,34064 4 34319 7 34574 9 34830 10 35086 11 35342 12 35598 13 35855 12 36111 12 36368 11 36624 11 36881 10 37137 10 37394 8 37652 5
356d9903d16074f152fe8f2f0ef555d9959c53264228eae7373cad5cf35d4e85,46485 5 46739 8 46994 10 47249 11 47505 11 47761 11 48016 12 48272 12 48529 11 48785 10 49042 9 49299 7 49558 3
356d9903d16074f152fe8f2f0ef555d9959c53264228eae7373cad5cf35d4e85,64889 10 65143 13 65398 14
356d9903d16074f152fe8f2f0ef555d9959c53264228eae7373cad5cf35d4e85,44262 4 44517 6 44773 7 45029 8 45285 8 45541 8 45797 8 46054 7 46311 6 46569 3
356d9903d16074f152fe8f2f0ef555d9959c53264228eae7373cad5cf35d4e85,34713 3 34968 5 35223 6 35478 7 35734 7 35989 8 36245 8 36501 9 36757 9 37014 8 37270 8 37526 9 37783 8 38039 8 38296 6
356d9903d16074f152fe8f2f0ef555d9959c53264228eae7373cad5cf35d4e85,19590 6 19844 9 20099 10 20354 12 20609 13 20864 14 21120 13 21375 14 21631 13 21887 11 22144 8 22401 3
356d9903d16074f152fe8f2f0ef555d9959c53264228eae7373cad5cf35d4e85,247 8 503 8 759 8 1015 8 1272 7 1528 7 1785 6 2042 4
356d9903d16074f152fe8f2f0ef555d9959c53264228eae7373cad5cf35d4e85,52208 3 52463 5 52719 7 52975 8 53231 8 53487 8 53743 8 53999 8 54255 8 54511 8 54767 8 55023 8 55280 6 55538 3
356d9903d16074f152fe8f2f0ef555d9959c53264228eae7373cad5cf35d4e85,52680 3 52935 5 53189 7 53444 9 53699 11 53955 12 54211 12 54467 12 54724 10 54985 4
356d9903d16074f152fe8f2f0ef555d9959c53264228eae7373cad5cf35d4e85,47283 2 47538 5 47794 6 48049 8 48305 8 48561 9 48817 10 49073 10 49330 10 49586 10 49842 10 50099 9 50356 7 50613 5 50870 3
356d9903d16074f152fe8f2f0ef555d9959c53264228eae7373cad5cf35d4e85,11000 4 11255 6 11511 7 11767 8 12023 8 12280 7 12537 6 12794 5 13051 3
356d9903d16074f152fe8f2f0ef555d9959c53264228eae7373cad5cf35d4e85,61816 7 62071 9 62326 10 62582 10 62838 10 63094 10 63350 9 63607 6 63864 4
356d9903d16074f152fe8f2f0ef555d9959c53264228eae7373cad5cf35d4e85,10964 6 11219 8 11475 9 11731 9 11987 9 12243 9 12500 8 12757 7 13014 6 13273 2
356d9903d16074f152fe8f2f0ef555d9959c53264228eae7373cad5cf35d4e85,15093 5 15348 6 15603 7 15858 8 16113 9 16369 9 16625 8 16881 8 17137 7 17393 6 17650 3
356d9903d16074f152fe8f2f0ef555d9959c53264228eae7373cad5cf35d4e85,46797 5 47052 7 47307 8 47562 9 47817 10 48073 10 48329 10 48585 9 48841 8 49098 6
356d9903d16074f152fe8f2f0ef555d9959c53264228eae7373cad5cf35d4e85,39390 4 39645 6 39901 7 40156 8 40411 8 40667 8 40922 8 41178 7 41435 6 41691 5 41948 2
356d9903d16074f152fe8f2f0ef555d9959c53264228eae7373cad5cf35d4e85,35528 2 35783 4 36038 6 36294 6 36549 7 36805 7 37061 6 37316 7 37572 7 37828 6 38084 6 38341 4
356d9903d16074f152fe8f2f0ef555d9959c53264228eae7373cad5cf35d4e85,8880 4 9135 6 9390 7 9645 8 9901 8 10157 7 10414 6 10671 4
356d9903d16074f152fe8f2f0ef555d9959c53264228eae7373cad5cf35d4e85,56274 3 56529 5 56784 7 57040 7 57295 8 57551 8 57807 8 58063 8 58319 8 58575 8 58831 7 59088 6 59345 4
356d9903d16074f152fe8f2f0ef555d9959c53264228eae7373cad5cf35d4e85,18592 5 18846 10 19101 12 19357 13 19614 12 19870 12 20127 10 20384 6
356d9903d16074f152fe8f2f0ef555d9959c53264228eae7373cad5cf35d4e85,29043 5 29296 9 29550 11 29805 12 30061 12 30316 12 30572 11 30828 10 31084 9 31341 7 31599 2
356d9903d16074f152fe8f2f0ef555d9959c53264228eae7373cad5cf35d4e85,11506 2 11761 6 12016 7 12272 7 12527 8 12783 8 13039 8 13296 7 13554 4
356d9903d16074f152fe8f2f0ef555d9959c53264228eae7373cad5cf35d4e85,23900 6 24154 9 24409 10 24665 10 24920 11 25176 11 25433 10 25689 9 25946 6
356d9903d16074f152fe8f2f0ef555d9959c53264228eae7373cad5cf35d4e85,56074 6 56329 8 56585 9 56840 10 57096 11 57352 11 57609 10 57865 10 58122 8 58379 6 58637 2
356d9903d16074f152fe8f2f0ef555d9959c53264228eae7373cad5cf35d4e85,41489 5 41744 7 41999 8 42255 8 42511 8 42767 8 43023 8 43279 7 43536 5 43794 2
356d9903d16074f152fe8f2f0ef555d9959c53264228eae7373cad5cf35d4e85,24229 4 24484 6 24739 8 24995 8 25251 8 25507 8 25764 7 26021 6 26278 4
356d9903d16074f152fe8f2f0ef555d9959c53264228eae7373cad5cf35d4e85,58369 2 58625 3 58881 4 59137 4 59393 4 59649 4 59905 4 60161 3 60417 3 60673 2
356d9903d16074f152fe8f2f0ef555d9959c53264228eae7373cad5cf35d4e85,38638 4 38893 6 39148 7 39404 8 39660 8 39916 8 40172 8 40428 8 40684 8 40940 8 41196 7 41453 6 41710 4
356d9903d16074f152fe8f2f0ef555d9959c53264228eae7373cad5cf35d4e85,3518 6 3773 8 4029 9 4284 10 4540 10 4795 11 5051 10 5307 9 5564 7 5821 5
356d9903d16074f152fe8f2f0ef555d9959c53264228eae7373cad5cf35d4e85,11154 6 11408 9 11662 12 11917 14 12173 14 12429 14 12685 13 12941 13 13197 12 13453 9 13710 7
356d9903d16074f152fe8f2f0ef555d9959c53264228eae7373cad5cf35d4e85,41588 4 41843 6 42099 6 42354 8 42610 8 42866 8 43122 8 43379 7 43635 7 43892 6 44149 5 44407 2
356d9903d16074f152fe8f2f0ef555d9959c53264228eae7373cad5cf35d4e85,47294 4 47548 7 47803 9 48059 9 48315 9 48571 9 48827 9 49083 8 49340 5
356d9903d16074f152fe8f2f0ef555d9959c53264228eae7373cad5cf35d4e85,26524 8 26778 11 27032 13 27287 15 27543 15 27799 15 28056 14 28313 12 28572 7
356d9903d16074f152fe8f2f0ef555d9959c53264228eae7373cad5cf35d4e85,33981 4 34236 6 34492 7 34747 8 35003 9 35259 9 35516 8 35772 7 36028 7 36285 6 36542 4
356d9903d16074f152fe8f2f0ef555d9959c53264228eae7373cad5cf35d4e85,37626 5 37881 7 38136 9 38391 10 38647 10 38902 11 39158 11 39414 10 39670 9 39927 8 40184 5
356d9903d16074f152fe8f2f0ef555d9959c53264228eae7373cad5cf35d4e85,29183 2 29438 3 29693 4 29948 5 30204 5 30460 5 30716 5 30973 4 31230 3
356d9903d16074f152fe8f2f0ef555d9959c53264228eae7373cad5cf35d4e85,32766 3 33020 5 33275 6 33531 6 33787 6 34043 6 34299 6 34556 5 34813 4 35072 1
356d9903d16074f152fe8f2f0ef555d9959c53264228eae7373cad5cf35d4e85,37377 3 37633 4 37889 5 38145 6 38401 6 38657 7 38913 7 39169 6 39425 5 39681 3
356d9903d16074f152fe8f2f0ef555d9959c53264228eae7373cad5cf35d4e85,4334 3 4589 5 4845 6 5101 7 5357 7 5613 8 5869 8 6125 8 6381 9 6637 9 6894 8 7150 8 7406 8 7662 8 7919 6 8176 4
356d9903d16074f152fe8f2f0ef555d9959c53264228eae7373cad5cf35d4e85,25321 4 25573 9 25828 10 26084 10 26340 9 26596 9 26852 8 27109 6 27368 2
356d9903d16074f152fe8f2f0ef555d9959c53264228eae7373cad5cf35d4e85,54954 2 55209 4 55464 6 55720 6 55976 7 56232 7 56488 7 56743 8 56999 8 57256 7 57512 7 57769 5 58026 3
356d9903d16074f152fe8f2f0ef555d9959c53264228eae7373cad5cf35d4e85,58110 3 58365 4 58621 4 58876 5 59132 5 59389 4 59645 4 59902 3
356d9903d16074f152fe8f2f0ef555d9959c53264228eae7373cad5cf35d4e85,54501 7 54755 10 55010 12 55265 13 55520 14 55776 14 56031 14 56287 14 56543 13 56799 13 57055 12 57312 10 57569 7 57826 5
356d9903d16074f152fe8f2f0ef555d9959c53264228eae7373cad5cf35d4e85,9141 6 9397 7 9653 8 9909 8 10164 9 10420 9 10675 10 10932 8
356d9903d16074f152fe8f2f0ef555d9959c53264228eae7373cad5cf35d4e85,27522 5 27777 7 28032 9 28288 10 28544 10 28800 10 29056 10 29313 8
356d9903d16074f152fe8f2f0ef555d9959c53264228eae7373cad5cf35d4e85,35289 5 35544 7 35800 8 36057 8 36313 8 36570 7 36826 7 37082 7 37339 5 37596 3
356d9903d16074f152fe8f2f0ef555d9959c53264228eae7373cad5cf35d4e85,60020 4 60274 9 60529 12 60785 13 61042 12 61299 11 61558 8 61815 1
356d9903d16074f152fe8f2f0ef555d9959c53264228eae7373cad5cf35d4e85,20206 6 20461 8 20716 10 20972 10 21229 9 21485 9 21742 7 21998 6 22255 3
356d9903d16074f152fe8f2f0ef555d9959c53264228eae7373cad5cf35d4e85,14076 5 14331 6 14586 7 14842 7 15098 7 15354 7 15610 7 15866 7 16123 6 16380 5 16637 4
356d9903d16074f152fe8f2f0ef555d9959c53264228eae7373cad5cf35d4e85,54839 4 55092 8 55347 10 55603 10 55859 10 56115 10 56372 9 56629 8 56887 5
356d9903d16074f152fe8f2f0ef555d9959c53264228eae7373cad5cf35d4e85,13978 6 14233 8 14488 10 14743 12 14998 13 15254 13 15510 12 15766 11 16023 9
356d9903d16074f152fe8f2f0ef555d9959c53264228eae7373cad5cf35d4e85,34463 3 34718 5 34973 7 35229 7 35485 8 35741 8 35997 9 36253 9 36510 8 36766 9 37022 9 37278 9 37535 8 37791 8 38048 7 38306 4
