3594684b9ea0e16196f498815508f8d364d55fea2933a2e782122b6f00375d04,461765 5 461772 6 462789 19 463813 19 464836 20 465861 19 466885 18 467909 18 468932 18 469956 18 470980 18 472003 19 473026 20 474049 21 475073 21 476097 12 476110 9 477121 13 477135 9 478146 10 478160 8 479170 9 479185 9 480196 7 480210 9 481221 4 481236 7 482263 4
3594684b9ea0e16196f498815508f8d364d55fea2933a2e782122b6f00375d04,68988 7 70012 8 71036 8 72060 8 73084 8 74108 8 75133 7 76157 6
3594684b9ea0e16196f498815508f8d364d55fea2933a2e782122b6f00375d04,720955 6 721978 7 723002 8 724026 8 725050 8 726074 8 727098 8 728122 8 729147 7
3594684b9ea0e16196f498815508f8d364d55fea2933a2e782122b6f00375d04,9387 8 10409 12 11432 15 12455 16 13479 17 14502 18 15526 18 16549 18 17574 17 18598 16 19622 16 20647 13 21672 10
3594684b9ea0e16196f498815508f8d364d55fea2933a2e782122b6f00375d04,191983 10 193005 14 194028 16 195049 20 196072 22 197095 24 198118 25 199141 27 200164 28 201183 2 201188 28 202208 32 203234 30 204257 31 205281 31 206305 31 207329 31 208353 30 209377 30 210401 29 211426 28 212450 27 213474 26 214499 24 215523 23 216548 20 217573 17 218599 13 219634 1
3594684b9ea0e16196f498815508f8d364d55fea2933a2e782122b6f00375d04,148692 9 149714 12 150738 13 151762 13 152786 13 153811 12 154836 9
3594684b9ea0e16196f498815508f8d364d55fea2933a2e782122b6f00375d04,14297 8 15318 12 16342 12 17365 14 18389 14 19413 14 20437 13 21461 12 22489 4
3594684b9ea0e16196f498815508f8d364d55fea2933a2e782122b6f00375d04,387340 5 388362 9 389386 11 390409 13 391433 14 392457 14 393481 15 394505 14 395529 14 396553 14 397578 13 398603 12 399628 9 400654 6 401680 1
3594684b9ea0e16196f498815508f8d364d55fea2933a2e782122b6f00375d04,923937 4 924960 6 925984 6 927008 6 928032 6 929056 5 930080 4 931104 3
3594684b9ea0e16196f498815508f8d364d55fea2933a2e782122b6f00375d04,252679 1 253703 1 254726 2 255749 3 256769 8 257792 10 258815 13 259838 15 260861 16 261885 16 262909 16 263933 15 264957 15 265981 15 267006 13 268031 12 269056 10 270082 5
3594684b9ea0e16196f498815508f8d364d55fea2933a2e782122b6f00375d04,365002 8 366024 12 367046 16 368069 17 369092 19 370115 20 371139 21 372162 22 373186 22 374210 23 375234 23 376258 23 377282 23 378306 23 379330 23 380354 23 381378 23 382402 22 383426 22 384451 21 385475 21 386499 20 387524 18 388549 17 389573 16 390598 14 391624 10 392650 7
3594684b9ea0e16196f498815508f8d364d55fea2933a2e782122b6f00375d04,487425 2 488449 3 489473 5 490497 6 491521 6 492545 6 493569 6 494593 6 495617 6 496641 6 497665 7 498689 7 499713 7 500737 7 501761 7 502785 7 503809 7 504833 7 505857 6
3594684b9ea0e16196f498815508f8d364d55fea2933a2e782122b6f00375d04,969889 6 970908 13 971928 18 972951 20 973972 24 974995 26 976018 27 977042 28 978065 29 979089 29 980113 29 981136 30 982160 30 983184 29 984208 29 985232 28 986256 28 987280 27 988304 26 989328 25 990353 23 991378 20 992402 20 993428 15 994454 10
3594684b9ea0e16196f498815508f8d364d55fea2933a2e782122b6f00375d04,801056 3 802079 6 803099 11 804121 15 805144 16 806166 18 807190 19 808213 20 809237 20 810261 20 811285 21 812308 22 813332 22 814356 21 815379 22 816403 21 817427 20 818451 20 819474 20 820498 19 821521 19 822544 19 823568 19 824592 17 825616 15 826640 14 827664 11 828688 8
3594684b9ea0e16196f498815508f8d364d55fea2933a2e782122b6f00375d04,919829 9 920852 13 921876 13 922899 14 923923 14 924947 13 925971 13 926995 13 928019 13 929043 13 930068 12 931093 11 932119 9 933145 7
3594684b9ea0e16196f498815508f8d364d55fea2933a2e782122b6f00375d04,645324 6 646345 12 647369 14 648392 17 649416 19 650440 19 651464 19 652489 18 653513 18 654538 17 655562 17 656587 16 657612 15 658637 13 659662 10 660689 5
3594684b9ea0e16196f498815508f8d364d55fea2933a2e782122b6f00375d04,255026 5 256049 9 257071 11 258094 12 259117 14 260140 15 261164 15 262187 16 263211 16 264235 16 265259 16 266283 16 267307 15 268332 13 269356 12 270382 8
3594684b9ea0e16196f498815508f8d364d55fea2933a2e782122b6f00375d04,1000560 6 1001582 9 1002605 10 1003627 13 1004649 15 1005672 16 1006695 17 1007719 17 1008743 17 1009767 17 1010791 17 1011815 16 1012840 14 1013866 10 1014891 5
3594684b9ea0e16196f498815508f8d364d55fea2933a2e782122b6f00375d04,586179 6 587201 10 588224 15 589247 17 590271 18 591296 18 592320 19 593344 20 594368 21 595392 22 596416 23 597441 21 598465 21 599490 20 600515 19 601540 18 602566 17 603591 16 604617 14 605642 13 606667 13 607693 11 608723 5 609749 3 610774 2
3594684b9ea0e16196f498815508f8d364d55fea2933a2e782122b6f00375d04,575710 7 576734 8 577758 10 578782 11 579807 12 580832 11 581856 11 582881 10
3594684b9ea0e16196f498815508f8d364d55fea2933a2e782122b6f00375d04,468199 6 469219 17 470242 19 471265 21 472288 23 473312 24 474335 25 475358 26 476382 26 477406 26 478430 26 479454 26 480478 26 481503 24 482527 24 483551 24 484576 22 485600 22 486626 19 487650 19 488676 17 489701 14 490726 12
3594684b9ea0e16196f498815508f8d364d55fea2933a2e782122b6f00375d04,920874 4 921896 7 922919 8 923943 8 924967 8 925991 8 927015 8 928039 8 929063 8 930088 7
3594684b9ea0e16196f498815508f8d364d55fea2933a2e782122b6f00375d04,139472 5 140495 6 141519 7 142542 8 143566 9 144590 9 145614 9 146639 8
3594684b9ea0e16196f498815508f8d364d55fea2933a2e782122b6f00375d04,141535 5 142556 9 143580 9 144604 9 145628 9 146652 9 147677 8 148703 6
3594684b9ea0e16196f498815508f8d364d55fea2933a2e782122b6f00375d04,652640 6 653662 9 654685 11 655709 11 656732 12 657756 12 658780 12 659804 12 660829 11 661853 11 662878 9 663904 7
3594684b9ea0e16196f498815508f8d364d55fea2933a2e782122b6f00375d04,640877 5 641900 6 642924 6 643948 6 644972 6 645996 7 647022 5 648044 7 649068 6 650092 5
3594684b9ea0e16196f498815508f8d364d55fea2933a2e782122b6f00375d04,469756 10 470778 13 471801 15 472824 16 473847 17 474868 20 475891 22 476914 23 477936 26 478959 27 479983 27 481006 28 482030 29 483054 29 484077 30 485101 30 486125 30 487149 30 488173 8 488182 21 489197 29 490221 28 491245 27 492269 25 493293 23 494318 19 495345 13
3594684b9ea0e16196f498815508f8d364d55fea2933a2e782122b6f00375d04,524825 7 525847 10 526870 12 527893 14 528917 14 529940 16 530964 16 531988 16 533012 16 534036 14 535061 12 536086 10 537112 7
3594684b9ea0e16196f498815508f8d364d55fea2933a2e782122b6f00375d04,64883 4 65906 5 66929 6 67952 7 68975 8 69999 8 71023 7 72047 7 73074 4
3594684b9ea0e16196f498815508f8d364d55fea2933a2e782122b6f00375d04,311783 11 312802 17 313825 20 314849 22 315872 24 316896 25 317920 25 318944 25 319968 3 319972 21 320992 25 322016 25 323041 24 324065 26 325089 27 326115 21 326139 1 327140 20 328164 19 329188 16
3594684b9ea0e16196f498815508f8d364d55fea2933a2e782122b6f00375d04,557282 8 558303 11 559326 12 560349 13 561373 13 562397 13 563420 14 564443 15 565467 15 566491 15 567515 15 568539 15 569563 15 570587 15 571611 14 572636 13 573660 13 574686 11 575717 3
3594684b9ea0e16196f498815508f8d364d55fea2933a2e782122b6f00375d04,628002 3 629024 6 630045 11 631068 14 632091 16 633114 18 634138 18 635162 19 636185 20 637209 19 638233 19 639257 19 640282 18 641306 17 642331 15 643356 14 644381 11 645407 8
3594684b9ea0e16196f498815508f8d364d55fea2933a2e782122b6f00375d04,633019 9 634041 14 635063 18 636086 19 637109 20 638132 21 639155 22 640179 22 641203 21 642227 21 643251 21 644275 20 645299 20 646324 19 647348 19 648373 18 649397 18 650422 16 651447 15 652472 14 653496 14 654522 11 655547 9
3594684b9ea0e16196f498815508f8d364d55fea2933a2e782122b6f00375d04,181111 5 182130 15 183153 16 184176 17 185199 18 186223 20 187247 21 188272 21 189296 22 190320 22 191345 22 192370 22 193395 21 194419 21 195444 20 196471 17 197496 16 198522 14 199549 11 200581 3
3594684b9ea0e16196f498815508f8d364d55fea2933a2e782122b6f00375d04,482637 13 483661 14 484685 16 485709 17 486732 19 487756 21 488780 21 489803 23 490827 23 491851 23 492874 24 493899 22 494923 22 495947 21 496972 20 497996 19 499021 18 500046 16 501071 14 502097 12
3594684b9ea0e16196f498815508f8d364d55fea2933a2e782122b6f00375d04,132275 6 133298 9 134321 11 135344 12 136367 13 137391 14 138415 14 139439 14 140463 14 141487 14 142512 13 143537 11 144562 9 145589 4
3594684b9ea0e16196f498815508f8d364d55fea2933a2e782122b6f00375d04,892460 4 893482 8 894504 10 895527 12 896551 12 897575 13 898598 14 899622 14 900647 13 901671 13 902696 11 903721 10 904746 8 905772 5
3594684b9ea0e16196f498815508f8d364d55fea2933a2e782122b6f00375d04,728120 2 729142 5 730166 8 731190 8 732214 8 733238 8 734263 7
3594684b9ea0e16196f498815508f8d364d55fea2933a2e782122b6f00375d04,912676 6 913699 7 914721 9 915745 9 916769 9 917793 9 918817 9 919841 9 920866 7
3594684b9ea0e16196f498815508f8d364d55fea2933a2e782122b6f00375d04,609465 8 610487 12 611510 13 612533 15 613556 17 614579 18 615603 19 616626 20 617649 22 618673 22 619696 23 620720 24 621744 24 622768 25 623792 25 624816 25 625840 25 626864 25 627888 25 628912 25 629937 24 630961 24 631985 21 633010 9 634034 7
3594684b9ea0e16196f498815508f8d364d55fea2933a2e782122b6f00375d04,558316 4 559339 6 560362 7 561386 7 562410 8 563434 8 564458 8 565482 8 566506 8 567530 8 568554 8 569578 8 570602 8 571625 9 572649 9 573673 8 574697 7
3594684b9ea0e16196f498815508f8d364d55fea2933a2e782122b6f00375d04,377859 4 378882 6 379905 8 380929 8 381953 8 382977 9 384001 9 385025 9 386049 10 387073 9 388097 9 389121 9 390145 9 391169 9 392193 1 392198 4
3594684b9ea0e16196f498815508f8d364d55fea2933a2e782122b6f00375d04,579947 10 580969 13 581993 14 583016 15 584039 17 585063 17 586087 17 587111 18 588134 19 589158 19 590182 19 591206 19 592230 20 593255 17 594279 16 595304 15 596329 12 597355 7
3594684b9ea0e16196f498815508f8d364d55fea2933a2e782122b6f00375d04,570579 3 571602 6 572625 8 573648 9 574671 11 575694 13 576717 14 577741 14 578763 16 579787 16 580809 18 581832 19 582856 19 583880 19 584904 19 585928 19 586952 19 587977 18 589003 16 590029 14 591055 11 592083 5
3594684b9ea0e16196f498815508f8d364d55fea2933a2e782122b6f00375d04,156772 8 157795 9 158819 10 159843 10 160867 10 161891 12 162915 12 163939 13 164964 12 165988 11 167012 11 168036 11 169060 10 170084 8 171109 6 172134 3
3594684b9ea0e16196f498815508f8d364d55fea2933a2e782122b6f00375d04,67961 3 68984 4 70007 5 71031 5 72055 5 73079 5 74103 5 75127 6 76151 6 77175 6 78200 4
3594684b9ea0e16196f498815508f8d364d55fea2933a2e782122b6f00375d04,595007 11 596030 14 597053 16 598077 17 599101 18 600125 17 601150 16 602175 15 603200 14 604225 12 605250 9 606277 2
3594684b9ea0e16196f498815508f8d364d55fea2933a2e782122b6f00375d04,871703 5 872724 10 873746 13 874769 15 875792 17 876816 17 877839 19 878863 19 879887 19 880911 20 881935 20 882959 20 883983 21 885007 21 886031 21 887056 21 888080 21 889105 20 890129 20 891154 19 892178 19 893202 17 894227 16 895251 15 896275 14 897298 14 898322 13 899346 12 900370 11 901393 10 902417 10 903441 8 904466 7
3594684b9ea0e16196f498815508f8d364d55fea2933a2e782122b6f00375d04,20450 5 21473 10 22494 14 23518 14 24542 14 25566 14 26590 14 27614 14 28638 13 29663 10 30689 6
3594684b9ea0e16196f498815508f8d364d55fea2933a2e782122b6f00375d04,436409 3 437428 9 438450 12 439471 15 440490 20 441513 20 442535 22 443559 23 444582 24 445606 23 446630 23 447654 23 448678 22 449701 23 450725 22 451749 22 452773 20 453797 18 454821 16 455846 14 456871 10 457897 8
3594684b9ea0e16196f498815508f8d364d55fea2933a2e782122b6f00375d04,180500 8 181522 11 182546 12 183570 13 184594 15 185618 15 186642 15 187667 15 188691 15 189716 14 190741 13 191765 13 192789 12 193814 11 194839 10 195864 9 196889 7
3594684b9ea0e16196f498815508f8d364d55fea2933a2e782122b6f00375d04,964902 6 965922 11 966945 13 967968 14 968991 16 970015 16 971038 17 972062 17 973085 18 974108 19 975132 19 976156 19 977180 19 978204 19 979228 19 980252 19 981276 19 982300 19 983324 18 984348 17 985372 17 986397 15 987421 15 988445 13 989471 8
3594684b9ea0e16196f498815508f8d364d55fea2933a2e782122b6f00375d04,98335 5 99357 10 100379 13 101402 16 102426 17 103450 19 104473 21 105497 22 106521 22 107545 22 108569 23 109593 23 110617 23 111641 23 112665 23 113689 23 114713 23 115737 23 116761 25 117786 24 118812 21 119838 19 120864 16 121889 12 122915 7
3594684b9ea0e16196f498815508f8d364d55fea2933a2e782122b6f00375d04,192625 4 193648 7 194671 9 195695 10 196719 11 197743 12 198767 13 199791 14 200815 14 201839 14 202863 14 203887 14 204912 13 205936 13 206961 12 207986 11 209011 9 210037 6
3594684b9ea0e16196f498815508f8d364d55fea2933a2e782122b6f00375d04,350395 7 351416 12 352438 15 353459 20 354481 22 355504 23 356527 24 357550 26 358574 26 359597 27 360622 27 361646 27 362671 26 363696 25 364721 24 365746 22 366771 20 367797 17 368824 13 369850 9
