35ca5f142a7d7a3e4b59f1a767a31f87cb00d66348226bc64094ee3d1e46531c,30906 5 31161 8 31417 10 31672 13 31928 14 32184 14 32440 15 32695 17 32951 18 33206 19 33462 19 33718 20 33974 21 34231 20 34487 20 34744 19 35000 19 35256 19 35513 17 35770 16 36026 16 36283 15 36540 14 36797 12 37054 11 37312 8
35ca5f142a7d7a3e4b59f1a767a31f87cb00d66348226bc64094ee3d1e46531c,241 16 497 16 752 17 1008 17 1264 17 1520 17 1776 17 2032 17 2288 17 2544 17 2800 17 3057 16 3313 16 3570 15 3827 14 4083 14 4340 13 4597 12 4855 10 5114 7
35ca5f142a7d7a3e4b59f1a767a31f87cb00d66348226bc64094ee3d1e46531c,10571 5 10823 13 11076 16 11330 18 11584 20 11839 21 12093 23 12349 23 12604 24 12859 25 13115 25 13371 26 13626 27 13882 28 14138 28 14394 27 14650 27 14907 26 15163 26 15419 25 15675 25 15932 24 16188 24 16445 21 16702 19 16959 17 17216 15 17473 14
35ca5f142a7d7a3e4b59f1a767a31f87cb00d66348226bc64094ee3d1e46531c,38062 3 38317 5 38573 5 38829 5 39086 3
35ca5f142a7d7a3e4b59f1a767a31f87cb00d66348226bc64094ee3d1e46531c,40564 3 40819 5 41075 5 41331 5 41588 3
35ca5f142a7d7a3e4b59f1a767a31f87cb00d66348226bc64094ee3d1e46531c,1984 1 2240 2 2495 8 2750 11 3005 13 3259 16 3514 18 3770 18 4025 19 4280 20 4535 21 4790 23 5044 25 5299 26 5554 27 5810 27 6065 28 6321 27 6577 26 6833 25 7089 25 7345 24 7601 23 7857 22 8113 21 8370 19 8626 18 8883 17 9140 13 9397 7 9654 4 9910 3 10166 2 10422 1
35ca5f142a7d7a3e4b59f1a767a31f87cb00d66348226bc64094ee3d1e46531c,41609 8 41858 16 42113 18 42368 20 42623 21 42879 22 43134 23 43390 24 43645 25 43901 25 44157 25 44413 25 44669 25 44925 24 45182 23 45438 23 45695 21 45952 20 46208 19 46466 16 46723 14 46981 10 47240 4
35ca5f142a7d7a3e4b59f1a767a31f87cb00d66348226bc64094ee3d1e46531c,36274 3 36529 5 36785 5 37041 5 37298 3
35ca5f142a7d7a3e4b59f1a767a31f87cb00d66348226bc64094ee3d1e46531c,30188 6 30442 11 30696 15 30951 17 31206 19 31462 20 31717 21 31973 22 32229 22 32485 22 32741 22 32997 22 33254 21 33510 20 33767 19 34023 19 34280 17 34537 15 34794 13 35052 9
35ca5f142a7d7a3e4b59f1a767a31f87cb00d66348226bc64094ee3d1e46531c,60434 2 60687 8 60941 12 61195 15 61450 17 61705 19 61960 20 62215 22 62470 23 62726 24 62981 25 63237 25 63492 26 63748 26 64004 26 64260 26 64516 26 64772 25 65028 25 65284 24
35ca5f142a7d7a3e4b59f1a767a31f87cb00d66348226bc64094ee3d1e46531c,42755 15 43011 16 43266 18 43521 21 43777 23 44033 24 44289 25 44545 26 44801 26 45057 27 45313 27 45569 27 45825 27 46081 28 46337 28 46593 28 46849 27 47105 27 47361 27 47617 26 47873 25 48129 25 48386 23 48643 20 48900 18 49157 15 49415 11
35ca5f142a7d7a3e4b59f1a767a31f87cb00d66348226bc64094ee3d1e46531c,31295 10 31548 24 31802 28 32057 30 32312 32 32567 33 32822 34 33076 36 33333 36 33590 34 33847 33 34103 33 34359 32 34615 32 34871 31 35127 31 35382 32 35636 34 35892 33 36149 32 36405 32 36662 31 36918 30 37175 28 37431 27 37688 25 37945 23 38202 21 38460 17 38718 13 38977 7
35ca5f142a7d7a3e4b59f1a767a31f87cb00d66348226bc64094ee3d1e46531c,24813 7 25068 9 25324 9 25580 9 25836 9 26092 9 26348 9 26604 8 26860 7 27117 5 27374 3
35ca5f142a7d7a3e4b59f1a767a31f87cb00d66348226bc64094ee3d1e46531c,34942 12 35196 16 35451 18 35706 20 35962 21 36217 23 36473 23 36729 24 36985 24 37241 24 37497 24 37753 24 38009 24 38266 23 38522 23 38779 22 39035 22 39292 20 39549 19 39806 17 40063 15 40320 6
35ca5f142a7d7a3e4b59f1a767a31f87cb00d66348226bc64094ee3d1e46531c,2187 6 2442 9 2697 10 2953 10 3209 10 3466 9 3722 8 3979 6 4236 4
35ca5f142a7d7a3e4b59f1a767a31f87cb00d66348226bc64094ee3d1e46531c,198 28 454 29 710 30 966 30 1222 31 1479 31 1737 29 1994 29 2252 27 2509 26 2766 26 3023 25 3280 24 3537 23 3793 23 4050 21 4306 21 4562 20 4818 20 5076 17 5333 15 5591 12 5849 9 6108 4
35ca5f142a7d7a3e4b59f1a767a31f87cb00d66348226bc64094ee3d1e46531c,24148 4 24403 6 24657 10 24912 11 25166 14 25421 15 25677 16 25932 17 26188 17 26444 16 26700 16 26955 17 27212 15 27468 14 27725 13 27982 10 28240 7
35ca5f142a7d7a3e4b59f1a767a31f87cb00d66348226bc64094ee3d1e46531c,22454 5 22708 8 22963 10 23218 11 23474 12 23730 12 23986 12 24242 12 24498 12 24754 12 25010 13 25266 13 25522 13 25779 12 26036 11 26293 10 26550 8
35ca5f142a7d7a3e4b59f1a767a31f87cb00d66348226bc64094ee3d1e46531c,37845 6 38098 11 38353 14 38608 15 38863 17 39119 18 39374 19 39630 19 39886 20 40142 20 40398 20 40654 20 40910 20 41166 20 41423 18 41679 18 41936 17 42193 15 42450 13 42707 11 42965 8
35ca5f142a7d7a3e4b59f1a767a31f87cb00d66348226bc64094ee3d1e46531c,33568 8 33820 13 34075 15 34331 16 34586 18 34841 20 35097 20 35352 21 35608 21 35864 21 36120 21 36376 21 36632 21 36889 19 37146 18 37403 16 37660 15 37918 12 38176 8
35ca5f142a7d7a3e4b59f1a767a31f87cb00d66348226bc64094ee3d1e46531c,10753 6 11009 7 11265 8 11521 9 11777 10 12033 11 12289 11 12545 11 12801 12 13057 12 13313 12 13569 12 13825 12 14081 12 14337 11 14593 11 14849 10 15105 10 15361 9 15617 8 15873 7 16129 5
35ca5f142a7d7a3e4b59f1a767a31f87cb00d66348226bc64094ee3d1e46531c,38759 9 39009 16 39264 18 39519 20 39774 21 40028 24 40283 25 40539 25 40794 25 41049 26 41305 26 41561 26 41816 27 42072 26 42328 25 42584 25 42840 24 43096 23 43353 22 43609 21 43866 19 44122 19 44379 17 44636 15 44894 12 45151 9 45410 4
35ca5f142a7d7a3e4b59f1a767a31f87cb00d66348226bc64094ee3d1e46531c,8192 1 8445 4 8700 5 8955 6 9210 7 9465 8 9721 8 9976 9 10231 10 10486 11 10742 11 10997 12 11253 12 11508 13 11764 13 12020 13 12276 13 12531 14 12787 14 13043 14 13300 13 13556 13 13812 13 14068 13 14324 13 14581 12 14837 12 15094 11 15351 10 15608 9 15865 8 16123 6 16382 3
35ca5f142a7d7a3e4b59f1a767a31f87cb00d66348226bc64094ee3d1e46531c,8798 3 9053 5 9309 5 9565 5 9820 7 10076 8 10332 9 10586 11 10842 12 11098 12 11354 13 11610 13 11865 15 12121 15 12377 15 12633 14 12890 13 13147 11 13403 9 13660 5
35ca5f142a7d7a3e4b59f1a767a31f87cb00d66348226bc64094ee3d1e46531c,39411 3 39665 8 39920 11 40175 13 40431 14 40686 16 40942 16 41198 17 41453 18 41709 18 41965 19 42221 19 42478 18 42734 17 42990 17 43246 17 43502 16 43759 15 44015 14 44272 12 44529 10 44786 7
35ca5f142a7d7a3e4b59f1a767a31f87cb00d66348226bc64094ee3d1e46531c,19845 7 20098 14 20352 17 20607 20 20862 22 21118 23 21373 24 21629 25 21884 27 22140 27 22396 27 22652 28 22908 28 23164 28 23420 28 23676 28 23932 27 24189 26 24445 26 24702 24 24958 24 25215 22 25472 20 25729 18 25986 16 26243 13 26500 10 26759 4
35ca5f142a7d7a3e4b59f1a767a31f87cb00d66348226bc64094ee3d1e46531c,12658 9 12912 13 13166 17 13421 19 13676 21 13932 22 14187 23 14443 24 14698 25 14954 25 15210 26 15465 27 15722 26 15978 26 16234 26 16490 26 16746 26 17003 25 17259 25 17515 25 17772 23 18028 23 18285 21 18543 18 18800 16 19058 12 19316 8
35ca5f142a7d7a3e4b59f1a767a31f87cb00d66348226bc64094ee3d1e46531c,45268 6 45523 8 45779 8 46035 8 46291 8 46547 8 46803 8 47060 7 47317 5
35ca5f142a7d7a3e4b59f1a767a31f87cb00d66348226bc64094ee3d1e46531c,21188 5 21442 9 21696 12 21951 14 22204 18 22459 20 22716 20 22973 20 23229 20 23486 19 23742 20 23998 20 24254 20 24510 20 24766 20 25023 19 25279 19 25535 18 25791 18 26047 17 26303 15 26558 15 26818 9 27077 5
35ca5f142a7d7a3e4b59f1a767a31f87cb00d66348226bc64094ee3d1e46531c,35585 15 35841 17 36097 18 36353 19 36609 20 36865 20 37121 21 37377 21 37633 21 37889 21 38145 21 38401 21 38657 21 38913 21 39169 21 39425 21 39681 20 39937 20 40194 18 40452 16 40710 13 40968 10 41225 6
35ca5f142a7d7a3e4b59f1a767a31f87cb00d66348226bc64094ee3d1e46531c,7134 5 7388 9 7644 10 7899 12 8154 13 8410 14 8665 15 8921 15 9176 16 9432 16 9688 16 9943 17 10199 18 10455 18 10710 19 10966 20 11222 20 11479 19 11735 19 11991 19 12247 19 12503 19 12760 18 13016 18 13273 17 13529 16 13786 15 14043 13 14300 11 14557 9 14815 6
35ca5f142a7d7a3e4b59f1a767a31f87cb00d66348226bc64094ee3d1e46531c,24612 2 24864 10 25119 13 25373 16 25628 18 25884 19 26139 20 26394 22 26650 22 26906 23 27161 24 27417 24 27673 24 27928 25 28184 25 28440 25 28696 25 28952 25 29208 25 29464 24 29720 24 29976 23 30232 23 30489 21 30745 21 31001 20 31258 18 31514 17 31771 14 32028 12
35ca5f142a7d7a3e4b59f1a767a31f87cb00d66348226bc64094ee3d1e46531c,33330 3 33584 6 33839 8 34095 8 34351 8 34607 8 34863 8 35119 8 35376 6
35ca5f142a7d7a3e4b59f1a767a31f87cb00d66348226bc64094ee3d1e46531c,32418 1 32670 9 32924 13 33179 15 33434 17 33690 18 33945 20 34201 20 34456 22 34712 22 34968 23 35223 24 35479 25 35735 25 35991 25 36247 25 36503 25 36759 25 37015 25 37271 25 37528 23 37784 23 38041 21 38297 20 38554 19 38811 17 39069 13 39327 9 39586 2
35ca5f142a7d7a3e4b59f1a767a31f87cb00d66348226bc64094ee3d1e46531c,48347 9 48601 13 48856 16 49111 18 49366 20 49622 21 49878 21 50134 22 50389 23 50646 22 50902 22 51158 22 51414 22 51671 21 51927 20 52184 19 52440 18 52697 16 52955 12 53212 9
35ca5f142a7d7a3e4b59f1a767a31f87cb00d66348226bc64094ee3d1e46531c,14260 3 14515 6 14771 11 15026 15 15281 16 15537 17 15792 18 16048 19 16304 19 16560 19 16816 19 17072 19 17328 19 17584 19 17840 19 18096 18 18352 18 18609 17 18866 15 19124 12 19381 6
35ca5f142a7d7a3e4b59f1a767a31f87cb00d66348226bc64094ee3d1e46531c,31087 2 31334 13 31588 16 31842 19 32097 20 32352 22 32608 22 32863 23 33118 24 33374 24 33630 24 33886 24 34141 25 34396 26 34651 27 34907 27 35163 27 35419 26 35675 26 35931 25 36187 24 36444 22 36701 20 36957 19 37214 16 37473 3
35ca5f142a7d7a3e4b59f1a767a31f87cb00d66348226bc64094ee3d1e46531c,163 20 419 20 675 20 931 20 1187 20 1444 18 1700 18 1957 17 2214 15 2471 13 2728 11 2985 9 3244 4
35ca5f142a7d7a3e4b59f1a767a31f87cb00d66348226bc64094ee3d1e46531c,9153 3 9404 9 9658 14 9913 16 10168 17 10423 18 10678 19 10934 19 11190 19 11446 20 11702 20 11958 19 12214 19 12471 18 12728 16 12986 12 13244 7
35ca5f142a7d7a3e4b59f1a767a31f87cb00d66348226bc64094ee3d1e46531c,49 19 306 18 563 16 820 13 1077 11 1335 7
35ca5f142a7d7a3e4b59f1a767a31f87cb00d66348226bc64094ee3d1e46531c,27393 6 27649 7 27905 7 28161 8 28417 8 28673 9 28929 9 29185 9 29441 10 29697 10 29953 10 30209 10 30465 10 30721 10 30977 10 31233 9 31489 9 31745 8 32001 7 32257 6 32513 5 32769 3 33025 1
35ca5f142a7d7a3e4b59f1a767a31f87cb00d66348226bc64094ee3d1e46531c,2305 3 2561 5 2817 7 3073 8 3329 8 3585 9 3841 10 4097 10 4353 10 4609 10 4865 10 5121 10 5377 10 5633 10 5889 9 6145 9 6401 8 6657 8 6913 7 7169 6 7425 5 7681 3 7937 1
35ca5f142a7d7a3e4b59f1a767a31f87cb00d66348226bc64094ee3d1e46531c,38961 4 39215 8 39470 10 39726 11 39981 11 40236 12 40491 13 40746 14 41002 14 41258 13 41514 12 41770 11 42026 10 42282 9 42539 7
35ca5f142a7d7a3e4b59f1a767a31f87cb00d66348226bc64094ee3d1e46531c,19007 7 19261 13 19516 16 19771 19 20027 20 20282 22 20537 23 20793 24 21049 24 21304 25 21560 25 21816 25 22072 25 22328 25 22584 26 22840 25 23096 24 23353 22 23609 21 23866 20 24124 17 24381 15 24637 14 24894 13 25152 10 25410 7 25670 2
35ca5f142a7d7a3e4b59f1a767a31f87cb00d66348226bc64094ee3d1e46531c,28290 6 28543 11 28798 13 29052 16 29307 17 29562 19 29819 18 30075 18 30331 19 30587 19 30843 19 31099 19 31355 18 31611 18 31868 17 32124 16 32380 16 32637 14 32893 14 33150 12 33409 8
35ca5f142a7d7a3e4b59f1a767a31f87cb00d66348226bc64094ee3d1e46531c,62083 5 62338 7 62593 8 62849 8 63105 8 63361 8 63618 7 63875 5
35ca5f142a7d7a3e4b59f1a767a31f87cb00d66348226bc64094ee3d1e46531c,47177 2 47430 8 47685 11 47940 13 48195 15 48450 17 48706 18 48961 20 49217 20 49472 22 49728 22 49983 24 50239 24 50495 25 50750 26 51006 26 51262 26 51518 26 51773 27 52022 4 52029 27 52275 37 52529 38 52783 40 53038 40 53293 40 53548 40 53803 40 54058 39 54313 38 54569 34 54824 29 55080 28 55336 28 55592 29 55848 29 56104 29 56360 28 56617 27 56873 27 57130 26 57387 24 57644 23 57901 21 58158 19 58415 17 58673 14 58931 10 59190 5
35ca5f142a7d7a3e4b59f1a767a31f87cb00d66348226bc64094ee3d1e46531c,46016 7 46270 11 46524 15 46779 17 47034 19 47290 20 47545 22 47801 22 48057 22 48313 23 48569 23 48825 23 49082 22 49338 22 49595 21 49851 20 50108 19 50365 17 50622 15 50880 12 51141 3
35ca5f142a7d7a3e4b59f1a767a31f87cb00d66348226bc64094ee3d1e46531c,11040 9 11293 14 11548 17 11802 20 12057 22 12312 24 12567 26 12823 26 13078 28 13333 29 13589 30 13845 30 14101 31 14356 32 14612 32 14868 32 15125 31 15381 31 15637 31 15894 29 16150 29 16407 27 16664 25 16921 23 17178 21 17435 18 17693 14 17952 9
35ca5f142a7d7a3e4b59f1a767a31f87cb00d66348226bc64094ee3d1e46531c,16477 4 16731 10 16986 11 17240 13 17494 15 17749 17 18004 18 18260 18 18515 20 18771 20 19027 21 19282 22 19538 22 19794 22 20050 22 20306 21 20563 20 20819 19 21076 17 21334 14 21590 12 21847 10 22103 8
35ca5f142a7d7a3e4b59f1a767a31f87cb00d66348226bc64094ee3d1e46531c,27093 2 27346 8 27601 10 27856 13 28110 16 28365 17 28620 19 28875 21 29131 21 29386 23 29642 23 29898 24 30154 24 30411 23 30668 22 30924 23 31180 23 31437 22 31693 22 31949 22 32206 20 32462 20 32718 19 32975 17 33233 13 33494 5
