371a67232f7c871ec11332292c83cd9bb16063b91d58e86f0b76ef8817bc9465,62843 6 63097 11 63351 14 63606 17 63861 19 64117 20 64373 20 64630 20 64887 19 65144 17 65403 14
371a67232f7c871ec11332292c83cd9bb16063b91d58e86f0b76ef8817bc9465,14803 1 15056 7 15311 9 15567 10 15822 11 16077 13 16333 13 16589 14 16845 14 17101 14 17357 13 17613 13 17870 12 18126 11 18383 9 18639 8 18897 5
371a67232f7c871ec11332292c83cd9bb16063b91d58e86f0b76ef8817bc9465,22622 4 22877 6 23132 8 23388 8 23644 8 23899 9 24155 9 24411 9 24667 9 24922 10 25178 10 25435 8 25691 7 25948 5
371a67232f7c871ec11332292c83cd9bb16063b91d58e86f0b76ef8817bc9465,57527 4 57781 6 58036 7 58292 6 58548 5 58804 4 59060 4 59317 3
371a67232f7c871ec11332292c83cd9bb16063b91d58e86f0b76ef8817bc9465,4722 4 4977 6 5232 7 5488 7 5743 8 5991 4 5997 10 6247 16 6503 15 6760 9
371a67232f7c871ec11332292c83cd9bb16063b91d58e86f0b76ef8817bc9465,39792 5 40047 8 40303 10 40559 11 40815 12 41071 12 41328 12 41584 12 41841 11 42099 8 42357 5
371a67232f7c871ec11332292c83cd9bb16063b91d58e86f0b76ef8817bc9465,55883 2 56137 6 56392 8 56648 8 56903 10 57158 11 57414 11 57669 12 57925 11 58181 11 58437 11 58693 10 58948 11 59204 10 59461 9 59717 8 59974 5 60231 3
371a67232f7c871ec11332292c83cd9bb16063b91d58e86f0b76ef8817bc9465,56553 3 56807 7 57062 9 57317 11 57573 12 57829 13 58085 13 58342 11 58599 9 58856 7 59114 3
371a67232f7c871ec11332292c83cd9bb16063b91d58e86f0b76ef8817bc9465,18559 6 18814 8 19068 11 19323 14 19579 14 19834 16 20090 17 20347 16 20603 16 20860 15 21117 14 21374 13 21631 10 21888 7
371a67232f7c871ec11332292c83cd9bb16063b91d58e86f0b76ef8817bc9465,46594 5 46849 7 47105 8 47361 9 47617 9 47873 10 48129 10 48385 10 48641 10 48897 10 49153 10 49409 10 49665 10 49921 10 50177 9 50433 9 50691 6 50949 1
371a67232f7c871ec11332292c83cd9bb16063b91d58e86f0b76ef8817bc9465,10802 2 11057 5 11311 8 11566 10 11821 12 12076 13 12332 13 12587 14 12843 14 13100 12 13356 12 13613 11 13869 10 14125 10 14382 8 14638 8 14895 6 15154 1
371a67232f7c871ec11332292c83cd9bb16063b91d58e86f0b76ef8817bc9465,47515 3 47771 4 48027 5 48283 5 48539 6 48796 6 49053 6 49310 5 49567 4
371a67232f7c871ec11332292c83cd9bb16063b91d58e86f0b76ef8817bc9465,11737 4 11992 5 12248 5 12504 5 12760 5 13017 4
371a67232f7c871ec11332292c83cd9bb16063b91d58e86f0b76ef8817bc9465,41524 8 41779 11 42034 13 42289 14 42545 14 42800 16 43056 16 43312 16 43567 17 43822 18 44078 18 44334 17 44591 16 44848 15 45104 14 45361 13 45617 13 45873 13 46130 11 46387 8
