3852c7e45bd885b9537e276861ab50b99bb42f0f8e717d2f88174c62862ca3ff,11679 7 11934 9 12189 11 12445 12 12700 13 12956 13 13212 12 13469 10 13726 6
3852c7e45bd885b9537e276861ab50b99bb42f0f8e717d2f88174c62862ca3ff,6547 1 6802 7 7058 8 7312 11 7567 12 7823 12 8079 12 8335 12 8591 12 8847 11 9104 10 9361 8
3852c7e45bd885b9537e276861ab50b99bb42f0f8e717d2f88174c62862ca3ff,32069 5 32325 6 32581 6 32837 6 33093 6 33350 5 33607 3
3852c7e45bd885b9537e276861ab50b99bb42f0f8e717d2f88174c62862ca3ff,56856 2 57109 6 57365 7 57621 8 57877 8 58134 7 58392 4
3852c7e45bd885b9537e276861ab50b99bb42f0f8e717d2f88174c62862ca3ff,41510 3 41763 6 42018 8 42273 9 42529 9 42785 8 43041 7 43298 3
3852c7e45bd885b9537e276861ab50b99bb42f0f8e717d2f88174c62862ca3ff,17940 5 18195 7 18451 8 18707 8 18964 7 19222 6 19478 6 19734 6 19991 5 20248 3
3852c7e45bd885b9537e276861ab50b99bb42f0f8e717d2f88174c62862ca3ff,37554 6 37810 6 38065 8 38321 8 38577 8 38833 7 39089 7 39346 6
3852c7e45bd885b9537e276861ab50b99bb42f0f8e717d2f88174c62862ca3ff,2552 4 2805 8 3060 9 3316 10 3571 11 3827 10 4084 9 4341 7
3852c7e45bd885b9537e276861ab50b99bb42f0f8e717d2f88174c62862ca3ff,41863 4 42118 8 42373 9 42629 10 42884 11 43141 10 43397 9 43654 8 43911 6
3852c7e45bd885b9537e276861ab50b99bb42f0f8e717d2f88174c62862ca3ff,21761 3 22017 4 22273 4 22529 4 22785 4 23041 4 23297 3
3852c7e45bd885b9537e276861ab50b99bb42f0f8e717d2f88174c62862ca3ff,62737 3 62992 5 63248 5 63504 5 63761 3
3852c7e45bd885b9537e276861ab50b99bb42f0f8e717d2f88174c62862ca3ff,44290 5 44545 7 44801 8 45057 8 45313 9 45569 9 45825 9 46081 9 46337 9 46595 4
3852c7e45bd885b9537e276861ab50b99bb42f0f8e717d2f88174c62862ca3ff,28801 7 29056 10 29314 9 29566 15 29822 16 30078 17 30334 17 30590 17 30846 17 31104 15 31361 14 31619 12 31876 10 32132 10 32389 6 32647 2
3852c7e45bd885b9537e276861ab50b99bb42f0f8e717d2f88174c62862ca3ff,30022 3 30274 8 30529 9 30785 10 31041 10 31297 10 31553 9 31808 9 32063 6 32319 6 32575 6 32831 6 33087 6 33344 6 33600 7 33857 6 34113 6 34370 4
3852c7e45bd885b9537e276861ab50b99bb42f0f8e717d2f88174c62862ca3ff,11086 4 11342 6 11598 6 11854 6 12110 6 12367 5
3852c7e45bd885b9537e276861ab50b99bb42f0f8e717d2f88174c62862ca3ff,24421 7 24676 7 24931 8 25187 8 25442 9 25698 9 25954 9 26210 9 26466 10 26723 8 26981 5
3852c7e45bd885b9537e276861ab50b99bb42f0f8e717d2f88174c62862ca3ff,40353 5 40607 8 40862 11 41117 12 41372 12 41628 12 41884 12 42140 12 42398 9
3852c7e45bd885b9537e276861ab50b99bb42f0f8e717d2f88174c62862ca3ff,58446 9 58701 12 58956 12 59212 12 59468 13 59725 11 59982 10 60240 7
3852c7e45bd885b9537e276861ab50b99bb42f0f8e717d2f88174c62862ca3ff,8529 3 8784 5 9040 7 9295 8 9551 8 9808 7 10065 4
3852c7e45bd885b9537e276861ab50b99bb42f0f8e717d2f88174c62862ca3ff,56337 3 56592 4 56847 6 57103 6 57359 6 57616 4
3852c7e45bd885b9537e276861ab50b99bb42f0f8e717d2f88174c62862ca3ff,31525 2 31780 4 32036 6 32292 9 32548 10 32804 10 33060 10 33317 9 33573 9 33830 8 34086 8 34343 7 34600 6 34857 4
3852c7e45bd885b9537e276861ab50b99bb42f0f8e717d2f88174c62862ca3ff,16555 5 16810 7 17066 7 17322 7 17583 1
3852c7e45bd885b9537e276861ab50b99bb42f0f8e717d2f88174c62862ca3ff,39053 4 39307 7 39562 9 39818 9 40073 10 40329 10 40585 10 40841 10 41098 8 41354 7 41610 7 41867 5
3852c7e45bd885b9537e276861ab50b99bb42f0f8e717d2f88174c62862ca3ff,41232 4 41487 6 41742 8 41998 8 42254 8 42511 7 42768 5 43026 2
3852c7e45bd885b9537e276861ab50b99bb42f0f8e717d2f88174c62862ca3ff,17578 5 17833 7 18089 12 18345 13 18602 12 18860 10 19116 9 19372 9 19628 9 19884 9 20139 10 20394 11 20650 12 20906 12 21162 12 21418 12 21674 12 21931 10 22188 7
3852c7e45bd885b9537e276861ab50b99bb42f0f8e717d2f88174c62862ca3ff,25678 6 25933 8 26189 9 26445 10 26701 10 26957 10 27214 9 27471 8 27728 6
3852c7e45bd885b9537e276861ab50b99bb42f0f8e717d2f88174c62862ca3ff,19307 3 19558 9 19812 11 20067 12 20323 12 20579 12 20836 10
3852c7e45bd885b9537e276861ab50b99bb42f0f8e717d2f88174c62862ca3ff,36635 7 36890 9 37145 11 37401 11 37657 11 37913 10 38170 9 38427 7
3852c7e45bd885b9537e276861ab50b99bb42f0f8e717d2f88174c62862ca3ff,15772 4 16026 7 16281 10 16537 11 16793 11 17049 11 17305 11 17561 11 17817 10 18074 7
3852c7e45bd885b9537e276861ab50b99bb42f0f8e717d2f88174c62862ca3ff,48793 7 49049 9 49304 11 49560 13 49816 12 50072 13 50328 13 50585 12 50842 10 51100 5
3852c7e45bd885b9537e276861ab50b99bb42f0f8e717d2f88174c62862ca3ff,55061 3 55316 5 55572 5 55828 5 56084 5 56340 5 56596 5 56853 3
3852c7e45bd885b9537e276861ab50b99bb42f0f8e717d2f88174c62862ca3ff,43848 5 44103 6 44359 7 44615 6 44872 5
3852c7e45bd885b9537e276861ab50b99bb42f0f8e717d2f88174c62862ca3ff,54810 3 55065 5 55321 5 55577 5 55833 5 56089 6 56345 6 56601 6 56858 5 57115 4 57372 3 57629 1
3852c7e45bd885b9537e276861ab50b99bb42f0f8e717d2f88174c62862ca3ff,1835 6 2090 8 2346 8 2602 8 2858 8 3113 9 3369 9 3625 8 3882 7 4139 5
3852c7e45bd885b9537e276861ab50b99bb42f0f8e717d2f88174c62862ca3ff,4411 5 4666 7 4922 7 5177 9 5433 9 5689 9 5946 8 6203 7
3852c7e45bd885b9537e276861ab50b99bb42f0f8e717d2f88174c62862ca3ff,19072 4 19326 6 19581 8 19836 9 20092 9 20347 10 20603 10 20859 9 21115 9 21372 7 21629 5
3852c7e45bd885b9537e276861ab50b99bb42f0f8e717d2f88174c62862ca3ff,4244 5 4498 10 4753 12 5009 12 5265 12 5521 12 5778 11 6034 11 6291 10 6548 8
3852c7e45bd885b9537e276861ab50b99bb42f0f8e717d2f88174c62862ca3ff,18337 4 18592 6 18847 7 19103 7 19359 7 19615 7 19871 7 20127 7 20383 7 20640 6 20898 3
3852c7e45bd885b9537e276861ab50b99bb42f0f8e717d2f88174c62862ca3ff,28701 3 28956 5 29212 6 29467 7 29723 7 29978 8 30234 8 30490 7 30747 6 31004 4
3852c7e45bd885b9537e276861ab50b99bb42f0f8e717d2f88174c62862ca3ff,61716 5 61971 7 62227 7 62483 7 62740 5
3852c7e45bd885b9537e276861ab50b99bb42f0f8e717d2f88174c62862ca3ff,35964 5 36219 7 36474 9 36730 8 36986 8 37242 8 37498 8 37755 7 38012 6 38268 5 38526 2
3852c7e45bd885b9537e276861ab50b99bb42f0f8e717d2f88174c62862ca3ff,34715 6 34970 8 35225 9 35481 10 35737 10 35993 10 36249 10 36506 8 36762 8 37019 6 37275 5
3852c7e45bd885b9537e276861ab50b99bb42f0f8e717d2f88174c62862ca3ff,33285 4 33539 7 33794 8 34049 9 34305 8 34561 7 34817 6 35073 5
3852c7e45bd885b9537e276861ab50b99bb42f0f8e717d2f88174c62862ca3ff,31336 3 31589 7 31843 10 32098 11 32354 11 32610 11 32866 11 33122 10 33379 8 33636 5
3852c7e45bd885b9537e276861ab50b99bb42f0f8e717d2f88174c62862ca3ff,15686 5 15940 9 16195 10 16451 10 16707 11 16963 11 17219 11 17476 10 17733 9 17989 8 18247 5
3852c7e45bd885b9537e276861ab50b99bb42f0f8e717d2f88174c62862ca3ff,18702 3 18956 6 19211 8 19467 8 19723 8 19980 8 20237 7 20494 6 20751 4
3852c7e45bd885b9537e276861ab50b99bb42f0f8e717d2f88174c62862ca3ff,63765 3 64020 5 64276 5 64532 5 64789 3
3852c7e45bd885b9537e276861ab50b99bb42f0f8e717d2f88174c62862ca3ff,13915 4 14170 6 14425 8 14681 9 14937 9 15193 10 15449 10 15705 10 15962 9 16219 8 16475 7 16734 3
3852c7e45bd885b9537e276861ab50b99bb42f0f8e717d2f88174c62862ca3ff,29736 7 29991 9 30247 10 30503 11 30759 11 31015 11 31271 11 31527 10 31784 7 32042 4
3852c7e45bd885b9537e276861ab50b99bb42f0f8e717d2f88174c62862ca3ff,12713 2 12969 3 13224 4 13479 5 13732 8 13983 13 14239 13 14495 13 14751 12 15007 11 15264 6
3852c7e45bd885b9537e276861ab50b99bb42f0f8e717d2f88174c62862ca3ff,44955 8 45209 11 45464 13 45720 13 45975 14 46232 13 46488 13 46745 12 47002 8
3852c7e45bd885b9537e276861ab50b99bb42f0f8e717d2f88174c62862ca3ff,6185 3 6440 5 6696 6 6952 8 7208 8 7464 8 7721 7 7977 7 8234 6 8491 4
3852c7e45bd885b9537e276861ab50b99bb42f0f8e717d2f88174c62862ca3ff,34475 5 34730 6 34986 6 35241 7 35497 7 35753 7 36010 6 36267 5
3852c7e45bd885b9537e276861ab50b99bb42f0f8e717d2f88174c62862ca3ff,2502 3 2757 5 3013 5 3269 5 3525 5 3782 3
3852c7e45bd885b9537e276861ab50b99bb42f0f8e717d2f88174c62862ca3ff,44267 3 44522 5 44778 5 45034 5 45291 3
3852c7e45bd885b9537e276861ab50b99bb42f0f8e717d2f88174c62862ca3ff,34553 3 34808 5 35064 5 35320 5 35577 3
