3a22fe593d9606d4f137461dd6802fd3918f9fbf36f4a65292be69670365e2ca,10555 6 10911 14 11270 16 11629 18 11988 20 12347 22 12707 22 13066 24 13425 25 13785 26 14144 27 14504 28 14864 28 15223 30 15582 32 15942 32 16301 33 16660 35 17019 36 17379 36 17737 38 18095 41 18454 42 18813 43 19172 43 19530 46 19889 47 20247 49 20606 49 20965 50 21324 51 21683 52 22042 54 22401 55 22761 55 23120 56 23480 55 23840 55 24199 56 24559 56 24918 57 25278 56 25638 56 25998 56 26358 55 26718 55 27078 54 27438 54 27799 52 28159 51 28519 50 28879 48 29239 47 29600 45 29961 42 30322 39 30682 38 31043 35 31404 33 31765 29 32126 26 32488 21 32849 18 33210 15 33572 12 33936 6
3a22fe593d9606d4f137461dd6802fd3918f9fbf36f4a65292be69670365e2ca,60087 14 60445 20 60803 28 61162 38 61520 41 61880 41 62239 42 62600 41 62959 42 63319 42 63678 43 64038 43 64397 44 64757 44 65117 44 65476 45 65836 45 66196 45 66556 45 66916 45 67276 45 67636 45 67996 45 68357 44 68717 44 69078 43 69438 43 69799 42 70159 42 70520 41 70881 40 71242 39 71603 38 71963 38 72324 37 72685 36 73046 35 73407 34 73768 33 74130 31 74491 30 74853 28 75216 25 75579 22 75943 18 76307 1 76309 1 76311 1 76313 4
3a22fe593d9606d4f137461dd6802fd3918f9fbf36f4a65292be69670365e2ca,25835 12 26194 16 26553 21 26912 7 26920 16 27272 25 27631 27 27990 29 28349 31 28709 32 29068 34 29427 36 29786 38 30146 39 30505 41 30865 42 31224 44 31584 45 31943 47 32303 47 32663 48 33022 49 33382 50 33741 51 34101 52 34461 52 34820 53 35179 54 35539 54 35898 55 36258 55 36617 56 36977 56 37336 57 37695 57 38055 57 38415 57 38774 58 39134 57 39494 56 39853 57 40213 57 40573 56 40932 57 41292 56 41652 49 41702 6 42012 55 42372 49 42422 5 42732 55 43092 54 43452 53 43812 53 44172 52 44533 51 44893 50 45253 49 45614 47 45974 46 46335 45 46695 45 47056 43 47416 42 47776 42 48137 40 48497 38 48859 35 49219 35 49580 33 49941 31 50302 29 50664 14 50680 10 51025 24 51388 20 51751 14
3a22fe593d9606d4f137461dd6802fd3918f9fbf36f4a65292be69670365e2ca,189 64 549 64 908 64 1268 64 1628 63 1987 64 2347 63 2707 62 3066 62 3427 61 3787 60 4147 59 4507 58 4867 57 5227 56 5588 54 5948 53 6308 52 6669 50 7029 49 7391 45 7751 44 8112 41 8473 36 8834 31 9195 28 9557 25 9920 18 10283 9
3a22fe593d9606d4f137461dd6802fd3918f9fbf36f4a65292be69670365e2ca,118298 8 118655 12 119013 15 119370 19 119729 21 120088 23 120446 25 120802 30 121160 33 121518 35 121877 37 122235 39 122594 42 122953 43 123312 44 123670 46 124030 46 124389 47 124748 48 125108 48 125467 49 125826 50 126186 50 126545 51 126604 12 126905 51 126961 17 127265 51 127319 21 127624 51 127678 23 127984 50 128036 25 128344 77 128703 50 128754 28 129063 49 129113 30 129423 48 129472 31
3a22fe593d9606d4f137461dd6802fd3918f9fbf36f4a65292be69670365e2ca,58024 5 58379 11 58391 1 58736 19 59094 24 59452 28 59810 32 60168 34 60527 36 60886 38 61245 40 61603 42 61961 45 62319 47 62678 49 63036 51 63394 54 63753 56 64111 58 64471 57 64830 59 65189 60 65548 60 65907 62 66266 64 66626 64 66985 65 67345 62 67704 63 68064 63 68424 63 68784 62 69144 61 69503 62 69863 61 70223 60 70583 60 70943 59 71304 58 71663 58 72023 58 72384 57 72744 57 73104 56 73465 54 73826 52 74186 51 74548 49 74908 46 75270 43 75631 42 75992 39 76354 35 76715 33 77079 27 77442 22 77804 19 78165 15 78526 13 78888 7 79249 3
3a22fe593d9606d4f137461dd6802fd3918f9fbf36f4a65292be69670365e2ca,119035 4 119395 6 119754 8 120114 8 120474 8 120834 8 121194 8 121554 7 121914 6
3a22fe593d9606d4f137461dd6802fd3918f9fbf36f4a65292be69670365e2ca,113952 9 114311 11 114670 14 115030 15 115390 16 115750 17 116110 17 116470 18 116830 18 117190 18 117551 17 117912 15 118274 12 118634 11 118996 7
3a22fe593d9606d4f137461dd6802fd3918f9fbf36f4a65292be69670365e2ca,333 28 707 14 1067 14 1428 13 1788 13 2149 12 2509 12 2871 10 3232 9 3594 7
3a22fe593d9606d4f137461dd6802fd3918f9fbf36f4a65292be69670365e2ca,93233 6 93591 9 93949 11 94309 11 94667 14 95027 14 95386 15 95746 15 96105 16 96465 16 96825 16 97184 17 97544 17 97904 17 98264 17 98624 17 98984 17 99344 17 99704 17 100064 17 100424 17 100784 17 101145 16 101505 16 101866 15 102226 15 102587 14 102947 14 103307 14 103668 13 104029 12 104389 12 104750 11 105110 11 105470 11 105831 10 106191 10 106551 10 106911 10 107271 10 107632 9 107992 9 108352 9 108712 9 109072 9 109432 9 109792 9 110153 8 110513 8 110874 7 111234 7 111594 7 111955 6 112316 5 112676 5 113037 4 113398 3 113759 2 114120 1 114480 1
3a22fe593d9606d4f137461dd6802fd3918f9fbf36f4a65292be69670365e2ca,83961 9 84317 15 84676 18 85034 22 85393 24 85753 25 86112 27 86470 30 86829 32 87188 33 87547 34 87906 35 88265 37 88624 38 88984 39 89343 40 89702 41 90061 42 90421 43 90781 43 91140 44 91499 45 91859 45 92218 46 92578 46 92938 46 93297 47 93657 47 94017 47 94377 47 94737 47 95097 47 95457 46 95817 46 96177 46 96538 45 96898 44 97258 44 97618 44 97978 44 98338 43 98698 43 99058 43 99419 41 99779 40 100139 40 100500 38 100861 36 101221 35 101582 33 101942 33 102302 32 102662 32 103023 30 103383 29 103744 27 104105 26 104466 23 104826 22 105187 21 105549 16 105910 14 106271 11 106636 1 106638 1
3a22fe593d9606d4f137461dd6802fd3918f9fbf36f4a65292be69670365e2ca,87732 17 88088 26 88446 30 88804 34 89162 38 89521 41 89880 44 90240 45 90600 47 90959 49 91320 49 91679 50 92039 51 92399 53 92758 55 93118 55 93478 56 93837 58 94197 58 94557 59 94917 59 95276 61 95637 59 95997 60 96357 60 96716 60 97077 59 97437 59 97797 59 98157 58 98518 57 98878 56 99239 55 99600 53 99961 50 100322 49 100683 46 101044 42 101405 38 101766 3 101770 24 102132 15 102492 6
3a22fe593d9606d4f137461dd6802fd3918f9fbf36f4a65292be69670365e2ca,33660 10 34018 15 34377 18 34736 22 35095 25 35454 28 35813 32 36172 34 36532 35 36892 36 37251 38 37610 39 37970 39 38330 40 38689 41 39049 42 39409 43 39769 43 40129 43 40489 44 40849 44 41209 45 41569 45 41929 46 42289 46 42649 47 43009 47 43369 47 43729 47 44089 47 44450 46 44810 46 45170 46 45530 46 45891 45 46251 45 46611 45 46971 45 47332 44 47692 44 48053 43 48413 43 48773 43 49133 42 49493 42 49851 44 50211 44 50570 45 50930 45 51289 45 51648 46 52008 45 52367 46 52726 47 53085 48 53444 48 53804 47 54164 47 54523 47 54883 47 55243 46 55603 46 55963 45 56323 45 56683 44 57044 43 57404 42 57765 41 58126 39 58488 37 58849 36 59210 34 59571 32 59932 31 60294 26 60656 14 61018 8
3a22fe593d9606d4f137461dd6802fd3918f9fbf36f4a65292be69670365e2ca,107589 3 107941 16 108296 24 108652 1 108654 27 109011 32 109367 37 109721 48 110075 51 110432 55 110789 59 111146 62 111505 63 111864 65 112223 66 112582 66 112941 67 113301 67 113660 68 114020 67 114379 68 114739 68 115099 67 115458 67 115818 66 116178 65 116538 65 116898 63 117258 62 117619 60 117979 58 118340 51 118392 1 118701 47 119061 47 119422 43 119783 42 120143 41 120504 38 120865 37 121227 33 121588 31 121949 29 122311 26 122672 22 123034 18 123395 15 123757 12
3a22fe593d9606d4f137461dd6802fd3918f9fbf36f4a65292be69670365e2ca,120056 8 120414 11 120774 12 121134 14 121493 16 121853 16 122213 16 122573 16 122933 16 123293 16 123654 14 124014 14 124375 12 124737 9 125098 7
3a22fe593d9606d4f137461dd6802fd3918f9fbf36f4a65292be69670365e2ca,62900 9 63258 12 63617 13 63975 17 64334 19 64692 22 65051 24 65410 25 65770 26 66130 27 66489 28 66849 28 67208 29 67568 30 67928 30 68288 31 68648 32 69008 32 69368 33 69728 33 70088 33 70448 33 70808 33 71168 34 71528 35 71888 36 72248 36 72608 37 72968 37 73328 37 73689 36 74049 38 74409 38 74769 39 75129 39 75489 39 75849 39 76210 38 76570 38 76930 38 77290 38 77650 38 78010 39 78370 39 78730 39 79090 39 79450 39 79810 39 80170 39 80530 38 80890 38 81250 38 81610 37 81971 36 82331 35 82691 33 83051 33 83411 31 83772 30 84133 27 84493 26 84854 23 85215 19 85577 15 85941 9
3a22fe593d9606d4f137461dd6802fd3918f9fbf36f4a65292be69670365e2ca,1 4 361 6 721 7 1081 7 1441 8 1801 8 2161 8 2521 9 2881 9 3241 9 3601 8 3961 8 4321 8 4681 7 5041 7 5401 7 5761 7 6121 8 6481 7 6841 7 7201 7 7561 7 7921 7 8281 7 8641 6 9001 6 9361 5 9721 5 10081 5 10441 5 10801 5 11161 4 11521 4 11881 4 12241 3 12601 3 12961 4 13321 4 13681 3 14041 3 14401 3 14761 3 15121 2 15481 2 15841 2 16201 2
3a22fe593d9606d4f137461dd6802fd3918f9fbf36f4a65292be69670365e2ca,48241 4 48601 6 48961 6 49321 7 49681 8 50041 10 50401 11 50761 12 51121 12 51481 13 51841 13 52201 14 52561 14 52921 15 53281 15 53641 15 54001 16 54361 16 54721 16 55081 16 55441 17 55801 17 56161 17 56521 18 56881 18 57241 18 57601 18 57961 18 58321 18 58681 18 59041 18 59401 18 59761 18 60121 18 60481 18 60841 17 61201 17 61561 17 61921 17 62281 17 62641 16 63001 16 63361 15 63721 15 64081 14 64441 13 64801 13 65161 12 65521 11 65881 10 66241 8 66601 7 66961 5 67321 3 67681 1
3a22fe593d9606d4f137461dd6802fd3918f9fbf36f4a65292be69670365e2ca,52806 9 53164 14 53521 20 53879 23 54237 26 54596 28 54954 30 55313 31 55671 33 56030 34 56389 35 56748 36 57107 37 57466 38 57825 39 58184 40 58543 41 58902 38 58941 3 59262 42 59621 43 59981 43 60340 43 60700 42 61059 42 61418 43 61778 43 62137 43 62497 42 62857 41 63216 39 63575 38 63935 37 64295 37 64655 36 65014 36 65374 35 65734 3 65738 31 66094 34 66454 34 66814 34 67174 33 67534 33 67894 32 68254 32 68613 32 68973 32 69333 31 69692 31 70052 31 70412 29 70772 29 71132 28 71492 26 71852 26 72212 25 72572 24 72932 23 73293 21 73653 20 74013 19 74374 16 74734 15 75095 12 75455 12 75816 11 76178 9 76540 6
3a22fe593d9606d4f137461dd6802fd3918f9fbf36f4a65292be69670365e2ca,83881 10 84241 14 84601 16 84961 20 85321 22 85681 24 86041 26 86401 26 86761 27 87121 27 87481 28 87841 28 88201 28 88561 29 88921 30 89281 30 89641 31 90001 32 90361 33 90721 33 91081 33 91441 34 91801 34 92162 34 92522 34 92883 33 93244 32 93604 32 93965 31 94326 30 94686 30 95041 1 95047 29 95401 2 95407 29 95761 3 95768 28 96121 5 96128 28 96481 35 96841 35 97201 35 97561 35 97921 35 98281 34 98641 34 99001 34 99361 34 99721 33 100081 33 100441 33 100801 33 101161 32 101521 32 101881 27 101909 4 102241 31 102601 31 102961 31 103321 30 103681 30 104041 29 104401 28 104761 27 105121 27 105481 26 105841 25 106201 24 106561 23 106921 22 107281 20 107641 18 108001 17 108361 15 108721 10
3a22fe593d9606d4f137461dd6802fd3918f9fbf36f4a65292be69670365e2ca,67125 2 67478 13 67836 17 68193 22 68550 27 68908 31 69267 33 69626 35 69985 36 70343 39 70702 41 71061 43 71421 43 71780 45 72140 45 72499 46 72859 47 73218 48 73577 49 73937 49 74297 49 74657 49 75017 49 75376 50 75736 50 76095 51 76454 52 76814 52 77174 52 77534 51 77894 51 78254 51 78613 51 78973 51 79333 50 79693 50 80052 51 80412 50 80772 49 81132 49 81492 48 81852 48 82211 48 82571 47 82931 46 83291 46 83651 45 84011 45 84371 44 84732 42 85092 41 85452 41 85812 39 86173 38 86533 37 86894 36 87254 34 87615 32 87976 30 88337 28 88698 26 89059 24 89421 20 89787 13 90150 6
3a22fe593d9606d4f137461dd6802fd3918f9fbf36f4a65292be69670365e2ca,28076 4 28435 5 28794 7 29153 8 29512 9 29871 10 30230 11 30589 12 30949 12 31308 13 31668 13 32028 13 32387 14 32747 14 33107 14 33467 14 33827 14 34187 14 34547 14 34907 14 35267 14 35627 14 35987 14 36347 14 36707 14 37067 14 37427 13 37787 13 38148 13 38508 13 38868 13 39229 11 39589 11 39951 9 40312 8 40672 8 41034 6 41395 6 41755 6 42117 4 42478 3 42839 2
