3a3fee427e6ef7dfd0d82681e2bcee2d054f80287aea7dfa3fa4447666f929b9,42524 5 42779 7 43034 9 43289 10 43545 11 43801 11 44056 14 44312 15 44568 15 44824 15 45080 15 45336 15 45593 14 45848 15 46103 16 46359 15 46615 15 46872 13 47129 11 47387 8
3a3fee427e6ef7dfd0d82681e2bcee2d054f80287aea7dfa3fa4447666f929b9,4518 4 4771 8 5026 10 5281 13 5536 15 5790 17 6045 18 6301 19 6557 19 6813 19 7070 19 7326 19 7582 19 7838 19 8094 18 8350 18 8606 18 8863 16 9120 14 9377 11 9635 3
3a3fee427e6ef7dfd0d82681e2bcee2d054f80287aea7dfa3fa4447666f929b9,43693 4 43700 6 43948 17 44204 18 44460 18 44716 19 44973 19 45229 20 45485 20 45741 20 45996 21 46252 22 46508 23 46764 23 47020 23 47276 23 47532 23 47789 22 48046 21 48302 20 48559 18 48817 16 49074 14 49331 12 49588 10 49845 8 50103 4
3a3fee427e6ef7dfd0d82681e2bcee2d054f80287aea7dfa3fa4447666f929b9,22850 2 23105 4 23358 7 23613 8 23867 11 24121 15 24376 17 24632 20 24888 21 25144 20 25401 18 25658 16 25914 15 26170 13 26426 12 26682 11 26939 9 27196 7
3a3fee427e6ef7dfd0d82681e2bcee2d054f80287aea7dfa3fa4447666f929b9,60161 2 60417 3 60673 3 60929 4 61185 5 61441 5 61697 5 61953 5 62209 5 62465 4 62721 4 62977 3 63233 3 63489 2
3a3fee427e6ef7dfd0d82681e2bcee2d054f80287aea7dfa3fa4447666f929b9,3215 3 3467 9 3722 12 3977 14 4233 14 4488 16 4744 16 5000 17 5255 18 5511 18 5767 18 6023 18 6279 18 6536 17 6793 15 7050 13 7307 11 7563 10 7820 8
3a3fee427e6ef7dfd0d82681e2bcee2d054f80287aea7dfa3fa4447666f929b9,15 20 271 20 527 20 783 20 1039 20 1296 18 1552 18 1808 18 2064 17 2320 16 2577 15 2833 14 3090 12 3347 10
3a3fee427e6ef7dfd0d82681e2bcee2d054f80287aea7dfa3fa4447666f929b9,6693 9 6948 11 7202 14 7457 16 7712 17 7968 18 8224 18 8480 18 8736 18 8992 18 9248 18 9505 17 9761 17 10018 16 10274 16 10531 14 10790 11 11047 9 11304 7 11562 2
3a3fee427e6ef7dfd0d82681e2bcee2d054f80287aea7dfa3fa4447666f929b9,24080 2 24334 5 24585 12 24839 15 25093 17 25345 22 25601 22 25857 22 26113 22 26369 22 26625 23 26881 23 27137 23 27393 23 27649 23 27905 23 28161 22 28417 22 28673 21 28929 21 29185 20 29441 20 29697 19 29953 18 30209 16 30465 13 30721 10 30977 7 31233 5
3a3fee427e6ef7dfd0d82681e2bcee2d054f80287aea7dfa3fa4447666f929b9,16182 6 16435 11 16690 13 16945 15 17200 16 17455 17 17710 18 17966 18 18221 19 18477 19 18732 20 18988 20 19245 19 19501 18 19757 18 20013 18 20269 18 20526 17 20782 16 21039 14 21296 12 21554 8
3a3fee427e6ef7dfd0d82681e2bcee2d054f80287aea7dfa3fa4447666f929b9,44275 5 44528 9 44783 11 45038 13 45293 15 45548 16 45804 17 46059 18 46315 18 46572 18 46828 18 47084 18 47340 18 47597 17 47854 15 48111 14 48368 12 48625 10 48883 6
3a3fee427e6ef7dfd0d82681e2bcee2d054f80287aea7dfa3fa4447666f929b9,22637 4 22889 9 23141 14 23395 17 23650 18 23905 19 24161 20 24416 21 24671 22 24925 25 25180 26 25436 26 25692 26 25948 26 26204 27 26460 27 26717 26 26973 26 27230 25 27486 24 27742 23 27998 23 28254 23 28511 21 28767 20 29023 19 29279 18 29536 17 29794 15 30051 13 30308 12 30565 10
3a3fee427e6ef7dfd0d82681e2bcee2d054f80287aea7dfa3fa4447666f929b9,37758 5 38010 10 38265 13 38520 15 38775 16 39030 17 39286 17 39542 17 39798 17 40054 16 40310 16 40567 15 40824 13 41080 12 41337 10 41595 5
3a3fee427e6ef7dfd0d82681e2bcee2d054f80287aea7dfa3fa4447666f929b9,21394 5 21648 8 21903 9 22158 11 22413 12 22668 14 22924 14 23179 16 23435 17 23691 18 23947 18 24203 19 24459 19 24714 20 24970 20 25226 20 25483 19 25739 18 25994 18 26249 18 26505 17 26761 16 27017 16 27273 16 27529 16 27786 15 28043 14 28299 14 28556 13 28813 11 29069 11 29326 10 29583 9 29841 7 30098 5
3a3fee427e6ef7dfd0d82681e2bcee2d054f80287aea7dfa3fa4447666f929b9,31672 7 31924 13 32179 15 32435 15 32690 17 32945 19 33200 20 33456 20 33712 20 33968 21 34224 21 34480 21 34736 21 34992 20 35248 20 35505 19 35761 18 36018 16 36276 13 36534 8 36794 2
3a3fee427e6ef7dfd0d82681e2bcee2d054f80287aea7dfa3fa4447666f929b9,30959 8 31214 11 31470 13 31725 15 31980 16 32236 17 32492 18 32748 18 33004 18 33260 19 33517 18 33773 18 34029 18 34285 18 34542 16 34799 14 35056 11 35313 8 35571 2
3a3fee427e6ef7dfd0d82681e2bcee2d054f80287aea7dfa3fa4447666f929b9,12467 6 12720 10 12975 11 13230 13 13485 15 13741 15 13997 16 14253 16 14509 16 14765 17 15021 17 15277 17 15533 16 15789 16 16046 14 16303 12 16561 10 16818 8 17077 2
3a3fee427e6ef7dfd0d82681e2bcee2d054f80287aea7dfa3fa4447666f929b9,12875 6 13128 10 13382 12 13637 13 13892 14 14148 15 14403 17 14658 20 14914 21 15170 21 15426 21 15682 22 15938 22 16194 22 16450 22 16706 22 16962 22 17219 20 17475 19 17732 17 17988 16 18245 13 18502 11 18759 10 19015 11 19270 13 19525 15 19781 15 20037 16 20292 18 20548 18 20804 18 21060 18 21316 18 21572 18 21828 18 22084 18 22340 17 22596 17 22852 17 23109 15 23365 15 23621 15 23878 14 24136 11 24393 9 24652 5
3a3fee427e6ef7dfd0d82681e2bcee2d054f80287aea7dfa3fa4447666f929b9,27551 6 27806 8 28061 9 28317 9 28573 9 28829 9 29085 9 29341 9 29597 9 29853 9 30109 9 30366 7
3a3fee427e6ef7dfd0d82681e2bcee2d054f80287aea7dfa3fa4447666f929b9,25806 4 26060 8 26315 10 26570 12 26825 14 27080 16 27335 17 27590 18 27846 19 28103 18 28359 18 28615 18 28872 17 29128 16 29385 15 29641 14 29898 12 30155 10 30413 7
3a3fee427e6ef7dfd0d82681e2bcee2d054f80287aea7dfa3fa4447666f929b9,21184 8 21438 11 21693 13 21949 13 22204 14 22460 15 22716 15 22972 15 23228 15 23484 15 23740 15 23996 15 24252 15 24508 15 24764 15 25021 13 25277 12 25533 10 25790 3
3a3fee427e6ef7dfd0d82681e2bcee2d054f80287aea7dfa3fa4447666f929b9,24630 2 24885 3 25139 5 25395 6 25651 7 25906 8 26162 8 26417 9 26672 10 26928 11 27183 13 27438 15 27690 18 27946 17 28203 16 28459 16 28716 14 28972 14 29229 12 29486 11 29744 8
3a3fee427e6ef7dfd0d82681e2bcee2d054f80287aea7dfa3fa4447666f929b9,26454 6 26709 8 26965 8 27220 10 27476 10 27731 11 27987 11 28243 11 28499 12 28755 12 29010 13 29266 13 29522 14 29777 17 30033 18 30288 20 30544 21 30800 25 31056 25 31313 24 31569 24 31825 24 32081 24 32337 24 32593 24 32849 23 33106 22 33362 22 33619 21 33875 20 34132 18 34388 16 34645 13 34902 4
3a3fee427e6ef7dfd0d82681e2bcee2d054f80287aea7dfa3fa4447666f929b9,15488 5 15742 9 15997 12 16252 14 16507 16 16763 17 17018 18 17274 19 17529 20 17785 21 18041 21 18297 21 18553 22 18809 22 19066 21 19323 19 19579 18 19836 16 20092 15 20349 13 20607 10 20864 8
3a3fee427e6ef7dfd0d82681e2bcee2d054f80287aea7dfa3fa4447666f929b9,27510 3 27765 7 28021 9 28277 10 28532 13 28787 16 29042 18 29297 20 29553 20 29809 20 30064 21 30320 21 30575 22 30830 23 31087 23 31343 27 31600 28 31857 28 32114 28 32371 27 32628 26 32885 25 33143 23 33401 22 33658 21 33916 19 34173 18 34430 17 34687 15 34943 14 35200 11 35457 9 35714 4
3a3fee427e6ef7dfd0d82681e2bcee2d054f80287aea7dfa3fa4447666f929b9,11031 3 11284 11 11539 14 11793 17 12048 18 12304 18 12559 19 12815 19 13071 18 13327 17 13583 16 13839 15 14095 15 14352 14 14608 13 14864 12 15121 11 15379 8
3a3fee427e6ef7dfd0d82681e2bcee2d054f80287aea7dfa3fa4447666f929b9,69 8 324 10 579 12 834 13 1089 14 1344 16 1600 16 1855 17 2111 18 2367 18 2622 19 2878 19 3134 19 3390 19 3646 19 3902 18 4158 17 4415 15 4672 13 4930 7
3a3fee427e6ef7dfd0d82681e2bcee2d054f80287aea7dfa3fa4447666f929b9,11736 6 11991 8 12246 10 12502 11 12758 11 13014 11 13271 10 13528 9 13785 8 14042 6 14300 3
3a3fee427e6ef7dfd0d82681e2bcee2d054f80287aea7dfa3fa4447666f929b9,4587 4 4842 7 5098 9 5353 12 5608 14 5864 14 6119 16 6374 18 6630 18 6885 19 7141 18 7398 16 7654 15 7910 13 8167 11 8423 10 8680 7
3a3fee427e6ef7dfd0d82681e2bcee2d054f80287aea7dfa3fa4447666f929b9,8565 6 8818 13 9073 15 9328 16 9583 17 9839 18 10094 19 10350 19 10606 19 10862 19 11118 18 11374 18 11630 17 11886 16 12143 14 12399 13 12656 11 12913 8
3a3fee427e6ef7dfd0d82681e2bcee2d054f80287aea7dfa3fa4447666f929b9,44156 6 44411 8 44666 10 44921 12 45177 13 45432 14 45688 13 45943 13 46198 14 46453 14 46709 13 46965 13 47221 13 47478 12 47735 12 47991 12 48247 11 48503 10 48760 7
3a3fee427e6ef7dfd0d82681e2bcee2d054f80287aea7dfa3fa4447666f929b9,3941 2 4194 8 4448 11 4703 13 4958 15 5214 16 5469 18 5725 18 5980 19 6236 19 6492 19 6748 19 7004 19 7260 19 7516 19 7773 17 8029 17 8286 15 8542 15 8799 13 9057 10 9315 7
3a3fee427e6ef7dfd0d82681e2bcee2d054f80287aea7dfa3fa4447666f929b9,48923 4 49178 7 49432 11 49687 13 49942 15 50198 15 50454 15 50710 15 50967 14 51224 13 51480 13 51737 12 51993 12 52249 11 52506 7
3a3fee427e6ef7dfd0d82681e2bcee2d054f80287aea7dfa3fa4447666f929b9,19165 8 19420 10 19675 11 19931 12 20186 13 20441 14 20696 16 20951 17 21207 17 21463 17 21720 16 21976 16 22232 16 22489 15 22746 14 23003 12 23261 10 23518 8 23774 7 24031 5
3a3fee427e6ef7dfd0d82681e2bcee2d054f80287aea7dfa3fa4447666f929b9,41788 4 42040 12 42295 14 42550 15 42805 17 43061 18 43316 19 43572 20 43828 20 44084 20 44340 20 44596 20 44852 20 45108 20 45364 21 45621 20 45877 20 46133 20 46390 18 46647 13 46905 9 47164 2
3a3fee427e6ef7dfd0d82681e2bcee2d054f80287aea7dfa3fa4447666f929b9,31292 6 31545 10 31800 13 32055 15 32311 16 32566 17 32822 17 33078 18 33334 18 33589 19 33845 19 34101 19 34358 18 34614 18 34871 16 35128 14 35384 14 35641 12 35899 8 36156 5
3a3fee427e6ef7dfd0d82681e2bcee2d054f80287aea7dfa3fa4447666f929b9,5178 9 5432 15 5687 17 5942 19 6198 19 6453 21 6708 22 6964 22 7220 22 7476 22 7732 22 7988 22 8244 22 8501 21 8758 20 9014 20 9271 18 9527 17 9784 16 10041 14 10297 13 10554 11 10816 4
3a3fee427e6ef7dfd0d82681e2bcee2d054f80287aea7dfa3fa4447666f929b9,22308 8 22562 13 22817 15 23073 16 23329 17 23585 18 23841 18 24097 18 24353 18 24609 18 24865 18 25121 18 25377 18 25633 18 25889 17 26145 17 26402 15 26658 14 26915 13 27172 11 27429 9 27686 4
3a3fee427e6ef7dfd0d82681e2bcee2d054f80287aea7dfa3fa4447666f929b9,52753 6 53007 9 53262 11 53518 12 53774 14 54030 16 54285 18 54541 18 54796 20 55052 20 55308 21 55564 21 55821 20 56077 20 56334 19 56590 18 56847 16 57104 15 57360 14 57617 13 57873 12 58130 10 58387 8 58645 4
3a3fee427e6ef7dfd0d82681e2bcee2d054f80287aea7dfa3fa4447666f929b9,16483 4 16738 8 16993 11 17244 17 17499 18 17755 19 18010 20 18266 20 18522 21 18778 21 19035 20 19291 20 19548 19 19805 18 20061 18 20318 18 20574 18 20831 17 21088 15 21344 15 21601 13 21859 10 22120 2
3a3fee427e6ef7dfd0d82681e2bcee2d054f80287aea7dfa3fa4447666f929b9,19889 6 20143 10 20396 14 20650 18 20905 20 21160 22 21415 23 21667 26 21922 27 22178 26 22433 27 22689 27 22945 27 23202 26 23464 20 23722 18 23979 17 24235 17 24492 16 24748 16 25005 16 25262 15 25519 14 25778 12 26037 3
3a3fee427e6ef7dfd0d82681e2bcee2d054f80287aea7dfa3fa4447666f929b9,12702 3 12955 7 13208 12 13463 14 13718 16 13974 16 14229 17 14485 18 14741 18 14997 18 15254 17 15510 17 15767 16 16024 15 16280 15 16536 15 16793 13 17050 12 17307 10 17564 9 17821 7
3a3fee427e6ef7dfd0d82681e2bcee2d054f80287aea7dfa3fa4447666f929b9,23542 7 23796 11 24050 15 24305 16 24560 17 24815 18 25071 18 25326 19 25582 19 25838 19 26094 19 26349 20 26605 20 26861 20 27118 18 27375 13 27633 9
3a3fee427e6ef7dfd0d82681e2bcee2d054f80287aea7dfa3fa4447666f929b9,58167 11 58422 14 58677 16 58933 16 59188 17 59444 18 59700 19 59955 20 60211 20 60468 19 60724 18 60980 18 61236 18 61492 18 61748 18 62004 18 62261 17 62520 14 62777 12 63036 6
3a3fee427e6ef7dfd0d82681e2bcee2d054f80287aea7dfa3fa4447666f929b9,51457 2 51713 3 51969 4 52225 4 52481 4 52737 4 52993 4 53249 4 53505 4 53761 3 54017 3 54273 3 54529 2
3a3fee427e6ef7dfd0d82681e2bcee2d054f80287aea7dfa3fa4447666f929b9,49482 3 49734 8 49988 11 50243 13 50498 14 50753 15 51009 15 51265 15 51521 15 51777 15 52033 14 52289 14 52546 12 52802 11 53059 8 53317 4
3a3fee427e6ef7dfd0d82681e2bcee2d054f80287aea7dfa3fa4447666f929b9,35799 5 36053 17 36308 19 36563 20 36818 21 37073 22 37329 22 37584 23 37840 23 38096 22 38352 22 38608 22 38865 21 39121 21 39378 19 39635 17 39898 9
3a3fee427e6ef7dfd0d82681e2bcee2d054f80287aea7dfa3fa4447666f929b9,54159 4 54413 8 54668 11 54923 13 55178 15 55434 15 55689 16 55945 17 56202 16 56458 16 56714 15 56971 14 57228 13 57485 11 57743 7 58002 3
3a3fee427e6ef7dfd0d82681e2bcee2d054f80287aea7dfa3fa4447666f929b9,6151 8 6406 10 6662 11 6918 11 7173 13 7428 14 7684 14 7939 16 8195 16 8451 16 8707 16 8963 16 9220 15 9476 14 9732 13 9988 13 10244 12 10501 10
3a3fee427e6ef7dfd0d82681e2bcee2d054f80287aea7dfa3fa4447666f929b9,230 13 486 13 743 11 1001 8 1259 5
3a3fee427e6ef7dfd0d82681e2bcee2d054f80287aea7dfa3fa4447666f929b9,16077 4 16332 6 16587 8 16842 10 17097 11 17352 13 17607 14 17863 14 18119 14 18374 15 18630 15 18887 14 19143 14 19399 13 19655 12 19912 10 20168 9 20425 6
3a3fee427e6ef7dfd0d82681e2bcee2d054f80287aea7dfa3fa4447666f929b9,34049 3 34305 5 34561 6 34817 7 35073 8 35329 8 35585 9 35841 9 36097 9 36353 8 36609 8 36865 8 37121 7 37377 6 37633 5 37889 4 38145 2
3a3fee427e6ef7dfd0d82681e2bcee2d054f80287aea7dfa3fa4447666f929b9,60827 10 61082 12 61337 14 61592 16 61847 18 62102 19 62358 19 62614 19 62870 18 63126 18 63382 17 63638 16 63895 15 64151 14 64408 11 64665 8 64923 5
3a3fee427e6ef7dfd0d82681e2bcee2d054f80287aea7dfa3fa4447666f929b9,14322 4 14576 8 14831 10 15087 11 15343 12 15598 13 15853 14 16109 14 16364 16 16620 16 16875 17 17131 17 17387 17 17643 17 17900 16 18156 15 18413 14 18671 11 18928 8 19186 4
3a3fee427e6ef7dfd0d82681e2bcee2d054f80287aea7dfa3fa4447666f929b9,45 24 301 23 558 21 814 20 1071 18 1328 16 1584 16 1841 14 2098 13 2357 10 2617 5
3a3fee427e6ef7dfd0d82681e2bcee2d054f80287aea7dfa3fa4447666f929b9,15880 10 16135 12 16390 14 16645 16 16901 17 17157 17 17413 17 17669 18 17926 17 18182 17 18439 16 18695 16 18951 16 19208 15 19464 15 19721 13 19978 11 20238 6 20495 4
