3a508d2dc03db46e7f97a2a30eabb62ab2886f3cedfea303de8f6a42e50d20eb,9729 2 9985 3 10241 3 10497 3 10753 3 11009 3 11265 3 11521 3 11777 3 12033 3 12289 2
3a508d2dc03db46e7f97a2a30eabb62ab2886f3cedfea303de8f6a42e50d20eb,59137 3 59393 4 59649 5 59905 6 60161 6 60417 6 60673 6 60929 6 61185 5 61441 4 61697 3
3a508d2dc03db46e7f97a2a30eabb62ab2886f3cedfea303de8f6a42e50d20eb,31133 3 31388 6 31643 9 31898 11 32154 12 32410 13 32667 12 32924 12 33180 12 33437 12 33693 12 33949 11 34206 10 34463 8 34720 5
3a508d2dc03db46e7f97a2a30eabb62ab2886f3cedfea303de8f6a42e50d20eb,28662 10 28916 13 29171 14 29427 14 29682 15 29938 15 30194 15 30450 15 30707 14 30963 14 31220 13 31477 12 31733 12 31990 11 32247 10 32504 9 32760 9 33017 8 33274 7 33532 5
3a508d2dc03db46e7f97a2a30eabb62ab2886f3cedfea303de8f6a42e50d20eb,9440 6 9694 9 9948 13 10203 15 10459 15 10715 15 10971 15 11228 14 11484 14 11741 13 11999 11 12256 10 12516 6 12774 3
3a508d2dc03db46e7f97a2a30eabb62ab2886f3cedfea303de8f6a42e50d20eb,60179 3 60433 7 60688 9 60944 11 61200 12 61456 13 61712 13 61968 14 62225 13 62483 11 62740 10 62997 9 63254 7 63511 5
3a508d2dc03db46e7f97a2a30eabb62ab2886f3cedfea303de8f6a42e50d20eb,19534 6 19789 9 20044 12 20300 13 20556 13 20812 13 21068 13 21324 13 21581 12 21837 12 22094 11 22350 11 22607 9 22864 7
3a508d2dc03db46e7f97a2a30eabb62ab2886f3cedfea303de8f6a42e50d20eb,62955 7 63204 15 63459 16 63714 19 63970 19 64225 20 64481 20 64737 20 64993 20 65247 22 65503 22
3a508d2dc03db46e7f97a2a30eabb62ab2886f3cedfea303de8f6a42e50d20eb,50527 5 50782 7 51037 9 51292 11 51548 11 51803 12 52059 12 52315 12 52571 12 52827 12 53083 12 53339 12 53595 12 53851 11 54108 10 54364 9 54621 7 54879 3
3a508d2dc03db46e7f97a2a30eabb62ab2886f3cedfea303de8f6a42e50d20eb,61056 5 61309 10 61564 12 61819 14 62074 15 62329 17 62585 17 62841 17 63097 18 63353 18 63609 18 63865 18 64121 18 64378 17 64634 17 64891 15 65148 14 65405 13
3a508d2dc03db46e7f97a2a30eabb62ab2886f3cedfea303de8f6a42e50d20eb,10793 9 11048 11 11304 11 11560 11 11817 9
3a508d2dc03db46e7f97a2a30eabb62ab2886f3cedfea303de8f6a42e50d20eb,37306 5 37561 8 37815 11 38070 13 38326 14 38582 15 38837 17 39093 17 39349 18 39605 18 39861 18 40117 18 40373 18 40630 17 40887 15 41144 14 41400 14 41656 13 41912 12 42169 10 42428 3
3a508d2dc03db46e7f97a2a30eabb62ab2886f3cedfea303de8f6a42e50d20eb,45451 8 45704 12 45958 16 46213 18 46468 20 46724 20 46979 22 47235 22 47491 22 47747 22 48003 22 48260 21 48516 20 48772 20 49029 18 49285 17 49542 15 49800 11
3a508d2dc03db46e7f97a2a30eabb62ab2886f3cedfea303de8f6a42e50d20eb,47924 3 48178 5 48433 7 48688 9 48944 10 49200 11 49456 12 49712 13 49968 13 50224 14 50480 15 50736 15 50993 13 51254 7 51511 5
3a508d2dc03db46e7f97a2a30eabb62ab2886f3cedfea303de8f6a42e50d20eb,41181 7 41436 9 41691 11 41947 11 42202 13 42458 14 42714 14 42970 15 43226 16 43482 16 43738 16 43994 16 44251 15 44507 14 44764 13 45021 11 45279 8
3a508d2dc03db46e7f97a2a30eabb62ab2886f3cedfea303de8f6a42e50d20eb,33401 5 33656 8 33911 10 34166 11 34420 14 34675 15 34931 15 35187 15 35443 14 35699 14 35955 13 36212 11 36469 9 36726 7
3a508d2dc03db46e7f97a2a30eabb62ab2886f3cedfea303de8f6a42e50d20eb,39690 3 39945 5 40201 5 40457 5 40714 3
3a508d2dc03db46e7f97a2a30eabb62ab2886f3cedfea303de8f6a42e50d20eb,12839 7 13094 9 13350 9 13606 9 13863 7
3a508d2dc03db46e7f97a2a30eabb62ab2886f3cedfea303de8f6a42e50d20eb,5466 4 5721 8 5976 10 6232 11 6488 11 6744 12 7000 12 7257 11 7513 11 7769 11 8026 9 8283 7 8541 4
3a508d2dc03db46e7f97a2a30eabb62ab2886f3cedfea303de8f6a42e50d20eb,11816 1 12071 9 12327 9 12583 9 12846 1
3a508d2dc03db46e7f97a2a30eabb62ab2886f3cedfea303de8f6a42e50d20eb,46651 10 46905 13 47160 15 47415 17 47671 17 47927 18 48183 19 48440 18 48697 17 48954 16 49211 14 49468 10 49725 8 49981 7 50238 4
