3b0709483b1e86449cc355bb797e841117ba178c6ae1ed955384f4da6486aa20,63403 4 63658 6 63914 6 64170 6 64426 6 64681 7 64936 9 65190 11 65444 14 65699 32 65953 35 66207 37 66462 38 66717 39 66972 40 67227 40 67482 39 67738 34 67994 28 68250 27 68506 25 68762 20 69019 17 69278 6
3b0709483b1e86449cc355bb797e841117ba178c6ae1ed955384f4da6486aa20,52096 5 52350 8 52605 10 52860 13 53115 15 53371 15 53626 16 53882 16 54137 16 54393 16 54648 16 54904 15 55159 15 55415 14 55670 14 55926 13 56182 12 56438 11 56693 11 56949 10 57205 9 57461 8 57717 7 57974 5
3b0709483b1e86449cc355bb797e841117ba178c6ae1ed955384f4da6486aa20,46989 9 47244 11 47499 12 47754 13 48009 14 48264 15 48519 16 48775 16 49030 16 49285 17 49541 16 49796 17 50051 17 50306 18 50562 17 50817 17 51073 16 51329 16 51585 15 51842 13 52101 9 52358 7 52615 6 52873 3
3b0709483b1e86449cc355bb797e841117ba178c6ae1ed955384f4da6486aa20,18433 5 18689 7 18945 8 19201 9 19457 10 19713 10 19969 11 20225 11 20481 11 20737 11 20993 10 21249 9 21505 7 21761 4
3b0709483b1e86449cc355bb797e841117ba178c6ae1ed955384f4da6486aa20,11195 3 11450 5 11705 7 11960 8 12215 9 12470 10 12726 10 12981 11 13237 11 13492 11 13747 12 14002 13 14257 14 14512 15 14767 16 15022 16 15277 16 15533 16 15788 16 16044 15 16300 13 16556 11 16813 8
3b0709483b1e86449cc355bb797e841117ba178c6ae1ed955384f4da6486aa20,21326 2 21581 4 21836 6 22091 7 22347 7 22602 8 22858 8 23113 9 23368 10 23623 11 23878 11 24133 12 24388 13 24643 14 24897 16 25152 16 25408 15 25663 15 25918 15 26174 14 26429 15 26684 15 26939 15 27195 14 27450 14 27706 14 27961 14 28217 13 28472 14 28728 13 28984 12 29239 12 29495 12 29751 11 30007 10 30263 9 30519 8 30775 8 31031 7 31287 7 31543 6 31799 6 32055 6 32312 4
3b0709483b1e86449cc355bb797e841117ba178c6ae1ed955384f4da6486aa20,139 8 394 11 650 11 905 11 1160 11 1415 12 1671 11 1926 12 2182 12 2437 12 2693 12 2949 11 3204 11 3460 10 3716 9 3972 9 4228 8 4484 8 4740 7 4996 7 5252 6 5508 6 5765 4
3b0709483b1e86449cc355bb797e841117ba178c6ae1ed955384f4da6486aa20,20584 4 20838 7 21093 8 21348 9 21603 10 21859 9 22114 10 22369 10 22624 11 22880 10 23135 11 23391 10 23646 11 23902 10 24157 11 24413 11 24669 10 24925 10 25181 10 25436 10 25692 10 25948 10 26203 11 26458 12 26714 11 26970 11 27225 12 27480 13 27736 12 27991 13 28247 12 28502 13 28758 12 29014 12 29269 12 29525 12 29781 11 30037 11 30293 10 30548 11 30804 10 31060 10 31316 10 31571 10 31827 10 32082 11 32338 10 32594 9 32849 10 33105 9 33361 8 33617 7 33873 6 34130 3
3b0709483b1e86449cc355bb797e841117ba178c6ae1ed955384f4da6486aa20,80764 4 81018 7 81274 8 81529 9 81784 11
3b0709483b1e86449cc355bb797e841117ba178c6ae1ed955384f4da6486aa20,42438 15 42692 18 42947 20 43202 21 43458 21 43713 22 43968 23 44223 24 44479 24 44735 23 44991 23 45247 22 45504 20 45761 18 46018 16 46276 11
3b0709483b1e86449cc355bb797e841117ba178c6ae1ed955384f4da6486aa20,23999 6 24252 10 24506 12 24760 14 25014 16 25269 17 25524 18 25778 19 26032 20 26286 21 26540 22 26794 23 27048 24 27303 24 27558 24 27813 23 28068 23 28323 22 28578 22 28833 21 29089 18 29345 15 29601 10 29857 7 30113 5 30370 3
3b0709483b1e86449cc355bb797e841117ba178c6ae1ed955384f4da6486aa20,52955 8 53208 13 53463 15 53716 18 53970 20 54224 22 54479 22 54734 22 54990 21 55246 18 55502 16 55759 12 56016 7
3b0709483b1e86449cc355bb797e841117ba178c6ae1ed955384f4da6486aa20,42239 2 42493 4 42748 5 43002 7 43257 8 43510 11 43763 14 44015 18 44270 17 44526 16 44782 14 45038 12 45294 11 45551 8 45807 7 46064 4
3b0709483b1e86449cc355bb797e841117ba178c6ae1ed955384f4da6486aa20,51659 8 51911 14 52165 16 52420 17 52676 17 52932 17 53188 15 53444 11 53701 4
3b0709483b1e86449cc355bb797e841117ba178c6ae1ed955384f4da6486aa20,67585 3 67841 4 68097 4 68353 4 68609 4 68865 4 69121 4 69377 4 69633 4 69889 4 70145 4 70401 3 70657 3 70913 3 71169 3 71425 2 71681 2 71937 2 72193 1
3b0709483b1e86449cc355bb797e841117ba178c6ae1ed955384f4da6486aa20,75072 5 75327 7 75582 9 75837 11 76093 12 76348 13 76604 14 76860 15 77116 15 77371 16 77627 17 77883 17 78138 18 78394 18 78650 19 78906 19 79162 19 79418 19 79674 19 79930 20 80186 20 80442 20 80699 19 80955 19 81211 19 81467 19 81724 18
3b0709483b1e86449cc355bb797e841117ba178c6ae1ed955384f4da6486aa20,216 7 470 9 725 9 980 10 1235 10 1490 10 1745 11 2000 11 2255 12 2510 12 2766 12 3021 12 3276 12 3531 12 3787 12 4042 12 4297 12 4552 13 4808 12 5063 12 5318 12 5573 12 5829 11 6084 11 6339 11 6594 11 6849 11 7104 10 7359 10 7615 9 7871 7 8128 4
