3b957237bc1e09740b58a414282393d3a91dde996b061e7061f4198fb03dab2e,44 8 299 10 555 11 810 12 1065 14 1321 14 1577 14 1833 14 2089 13 2346 11 2604 8 2862 4
3b957237bc1e09740b58a414282393d3a91dde996b061e7061f4198fb03dab2e,61945 4 62200 8 62455 10 62711 10 62967 10 63224 9 63480 9 63737 8 63993 8 64250 7
3b957237bc1e09740b58a414282393d3a91dde996b061e7061f4198fb03dab2e,3646 6 3901 8 4155 10 4410 11 4665 12 4920 13 5176 13 5432 13 5688 13 5944 13 6200 12 6457 11 6713 10 6970 8 7227 5
3b957237bc1e09740b58a414282393d3a91dde996b061e7061f4198fb03dab2e,6730 5 6983 11 7238 13 7493 15 7748 17 8003 19 8259 20 8514 21 8770 21 9026 21 9282 21 9538 21 9795 20 10051 19 10308 18 10565 16 10822 15 11079 14 11336 12 11596 6
3b957237bc1e09740b58a414282393d3a91dde996b061e7061f4198fb03dab2e,53705 2 53710 2 53960 10 54214 14 54469 16 54724 18 54980 18 55236 19 55492 19 55748 19 56004 18 56261 17 56518 15 56775 14 57032 12 57290 9
3b957237bc1e09740b58a414282393d3a91dde996b061e7061f4198fb03dab2e,2313 4 2561 14 2817 15 3073 16 3330 16 3587 15 3843 15 4100 14 4356 13 4613 11 4870 9
3b957237bc1e09740b58a414282393d3a91dde996b061e7061f4198fb03dab2e,251 6 507 6 763 6 1019 6 1276 5 1532 5 1789 4 2046 3 2303 2
3b957237bc1e09740b58a414282393d3a91dde996b061e7061f4198fb03dab2e,33744 3 33999 7 34255 8 34511 8 34767 8 35023 7 35280 3
3b957237bc1e09740b58a414282393d3a91dde996b061e7061f4198fb03dab2e,45729 5 45983 7 46238 8 46494 8 46750 9 47006 9 47262 10 47518 10 47774 10 48031 9 48287 9 48543 9 48800 8 49057 7 49314 6 49571 4
3b957237bc1e09740b58a414282393d3a91dde996b061e7061f4198fb03dab2e,4391 6 4645 9 4900 12 5156 13 5412 13 5668 13 5924 13 6180 12 6436 12 6692 12 6948 11 7205 10 7462 8 7719 6
3b957237bc1e09740b58a414282393d3a91dde996b061e7061f4198fb03dab2e,46252 5 46508 6 46764 7 47019 8 47273 11 47528 12 47784 12 48040 12 48296 12 48552 12 48808 12 49064 11 49320 11 49577 9 49834 8 50090 8 50347 6
3b957237bc1e09740b58a414282393d3a91dde996b061e7061f4198fb03dab2e,40837 5 41092 11 41348 12 41604 13 41860 14 42116 14 42372 14 42628 14 42884 14 43140 14 43396 14 43653 12 43913 7
3b957237bc1e09740b58a414282393d3a91dde996b061e7061f4198fb03dab2e,39576 7 39831 9 40083 13 40338 14 40594 14 40850 14 41105 15 41361 14 41617 13 41874 10 42130 9 42386 7 42642 6 42899 4
3b957237bc1e09740b58a414282393d3a91dde996b061e7061f4198fb03dab2e,20664 6 20919 8 21174 10 21428 13 21683 14 21939 14 22194 15 22450 14 22706 14 22962 13 23219 11 23475 11 23731 10 23988 8 24246 4
3b957237bc1e09740b58a414282393d3a91dde996b061e7061f4198fb03dab2e,4743 8 4996 12 5251 15 5506 17 5761 19 6017 20 6272 21 6528 22 6784 22 7040 23 7296 23 7552 23 7808 23 8064 23 8321 21 8577 21 8833 20 9089 19 9346 17 9603 15 9860 13 10118 9
3b957237bc1e09740b58a414282393d3a91dde996b061e7061f4198fb03dab2e,1 4 257 5 513 9 769 10 1025 10 1281 10 1537 9 1793 9 2049 9 2305 8
3b957237bc1e09740b58a414282393d3a91dde996b061e7061f4198fb03dab2e,61891 3 62145 6 62398 10 62652 13 62907 14 63162 15 63417 16 63673 15 63929 15 64185 14 64441 13 64698 11 64955 8 65212 6
3b957237bc1e09740b58a414282393d3a91dde996b061e7061f4198fb03dab2e,25823 9 26078 11 26334 11 26590 11 26847 11 27103 11 27359 11 27616 10 27873 9 28132 6 28389 4
3b957237bc1e09740b58a414282393d3a91dde996b061e7061f4198fb03dab2e,43945 3 44199 6 44454 8 44711 8 44967 10 45223 10 45481 8 45738 7 45995 6
3b957237bc1e09740b58a414282393d3a91dde996b061e7061f4198fb03dab2e,62745 2 63000 7 63253 11 63508 13 63764 14 64019 15 64275 16 64531 16 64786 17 65041 18 65296 19
3b957237bc1e09740b58a414282393d3a91dde996b061e7061f4198fb03dab2e,63464 3 63717 9 63972 12 64227 14 64482 17 64738 18 64994 19 65250 19 65505 20
3b957237bc1e09740b58a414282393d3a91dde996b061e7061f4198fb03dab2e,31545 3 31800 5 32056 5 32312 5 32568 5 32824 5 33081 3
3b957237bc1e09740b58a414282393d3a91dde996b061e7061f4198fb03dab2e,45993 2 46246 6 46502 6 46759 5 47015 4 47272 1
3b957237bc1e09740b58a414282393d3a91dde996b061e7061f4198fb03dab2e,18497 5 18751 10 19005 14 19260 16 19515 18 19770 19 20026 19 20282 20 20537 21 20792 22 21047 23 21303 22 21559 21 21815 20 22071 20 22327 19 22582 18 22838 10 23095 8 23351 6 23608 3
3b957237bc1e09740b58a414282393d3a91dde996b061e7061f4198fb03dab2e,48798 2 49050 7 49305 9 49560 11 49815 13 50071 13 50327 14 50583 16 50839 17 51095 18 51352 18 51609 17 51866 16 52122 16 52379 15 52636 14 52892 14 53149 13 53406 12 53663 11 53920 9 54177 7 54434 4
3b957237bc1e09740b58a414282393d3a91dde996b061e7061f4198fb03dab2e,14705 6 14959 10 15212 15 15467 17 15723 18 15978 19 16234 20 16489 21 16745 21 17001 21 17257 21 17513 21 17769 20 18026 19 18282 18 18539 16 18797 13 19054 10 19311 6
