3bf7873f11823f4b64422f49c8248dd95c0d01f9ae9075ae3d233bbb21a3d875,52799 3 53055 3 53311 5 53568 5 53824 5 54080 7 54337 6 54593 5
3bf7873f11823f4b64422f49c8248dd95c0d01f9ae9075ae3d233bbb21a3d875,61983 5 62237 8 62493 9 62749 9 63005 9 63261 8 63518 6
3bf7873f11823f4b64422f49c8248dd95c0d01f9ae9075ae3d233bbb21a3d875,58203 4 58458 6 58714 6 58971 5 59227 4 59484 2
3bf7873f11823f4b64422f49c8248dd95c0d01f9ae9075ae3d233bbb21a3d875,61840 5 62095 7 62350 8 62605 9 62860 9 63116 9 63371 9 63628 7 63884 7 64141 5
3bf7873f11823f4b64422f49c8248dd95c0d01f9ae9075ae3d233bbb21a3d875,6240 3 6495 6 6751 7 7007 8 7263 9 7519 9 7775 9 8031 9 8288 8 8544 8 8801 6
3bf7873f11823f4b64422f49c8248dd95c0d01f9ae9075ae3d233bbb21a3d875,53874 2 54128 5 54383 7 54638 9 54894 10 55150 10 55406 10 55662 10 55919 9 56176 7 56433 5
3bf7873f11823f4b64422f49c8248dd95c0d01f9ae9075ae3d233bbb21a3d875,27137 2 27393 3 27649 3 27905 3 28161 3 28417 3 28673 4 28929 4 29185 4 29441 4 29697 4 29953 3
3bf7873f11823f4b64422f49c8248dd95c0d01f9ae9075ae3d233bbb21a3d875,22290 4 22542 9 22797 10 23053 10 23309 10 23565 10 23821 10 24078 8
3bf7873f11823f4b64422f49c8248dd95c0d01f9ae9075ae3d233bbb21a3d875,63913 5 64168 7 64424 7 64680 7 64936 7 65192 7 65449 5
3bf7873f11823f4b64422f49c8248dd95c0d01f9ae9075ae3d233bbb21a3d875,51231 7 51486 10 51741 11 51997 11 52253 11 52509 11 52766 9 53022 9
3bf7873f11823f4b64422f49c8248dd95c0d01f9ae9075ae3d233bbb21a3d875,34098 9 34354 10 34609 12 34865 12 35122 11 35380 8 35635 7
3bf7873f11823f4b64422f49c8248dd95c0d01f9ae9075ae3d233bbb21a3d875,64752 7 65006 10 65261 12 65517 13
3bf7873f11823f4b64422f49c8248dd95c0d01f9ae9075ae3d233bbb21a3d875,9897 8 10153 8 10409 9 10665 9 10921 10 11178 9 11434 9 11692 7 11949 3
3bf7873f11823f4b64422f49c8248dd95c0d01f9ae9075ae3d233bbb21a3d875,49921 1 50177 3 50433 2 50689 3 50945 4 51201 4 51457 4 51713 3
3bf7873f11823f4b64422f49c8248dd95c0d01f9ae9075ae3d233bbb21a3d875,35444 7 35699 9 35954 11 36210 12 36466 12 36722 12 36978 12 37234 12 37491 11 37747 11 38004 10 38261 8 38519 4
3bf7873f11823f4b64422f49c8248dd95c0d01f9ae9075ae3d233bbb21a3d875,41287 5 41542 7 41798 7 42054 7 42311 2
3bf7873f11823f4b64422f49c8248dd95c0d01f9ae9075ae3d233bbb21a3d875,62370 7 62626 7 62881 7 63137 7 63393 7 63650 6 63907 4 64164 1
3bf7873f11823f4b64422f49c8248dd95c0d01f9ae9075ae3d233bbb21a3d875,4692 7 4948 8 5204 9 5460 9 5716 8 5973 7 6230 5
3bf7873f11823f4b64422f49c8248dd95c0d01f9ae9075ae3d233bbb21a3d875,42313 5 42565 10 42820 11 43076 11 43332 11 43588 11 43844 11 44100 11 44357 10 44614 8 44871 5
3bf7873f11823f4b64422f49c8248dd95c0d01f9ae9075ae3d233bbb21a3d875,53778 7 54033 8 54288 10 54544 10 54800 10 55056 10 55313 9 55569 8 55826 7 56083 5
3bf7873f11823f4b64422f49c8248dd95c0d01f9ae9075ae3d233bbb21a3d875,45696 5 45950 8 46204 11 46460 12 46715 13 46971 13 47228 12 47484 12 47742 10 48002 3
3bf7873f11823f4b64422f49c8248dd95c0d01f9ae9075ae3d233bbb21a3d875,12676 5 12930 8 13185 9 13441 9 13697 9 13953 9 14210 8
3bf7873f11823f4b64422f49c8248dd95c0d01f9ae9075ae3d233bbb21a3d875,42416 2 42670 6 42925 7 43180 8 43435 9 43691 8 43947 8 44203 8 44459 7 44717 4
3bf7873f11823f4b64422f49c8248dd95c0d01f9ae9075ae3d233bbb21a3d875,15170 6 15425 8 15681 8 15937 9 16193 9 16449 9 16705 9 16961 9 17218 8 17475 7 17732 5
3bf7873f11823f4b64422f49c8248dd95c0d01f9ae9075ae3d233bbb21a3d875,33364 6 33619 7 33874 9 34129 10 34385 10 34641 10 34899 8 35155 7 35411 7 35668 6
3bf7873f11823f4b64422f49c8248dd95c0d01f9ae9075ae3d233bbb21a3d875,5227 5 5482 7 5738 7 5994 8 6250 8 6506 8 6763 7 7019 6
3bf7873f11823f4b64422f49c8248dd95c0d01f9ae9075ae3d233bbb21a3d875,36407 5 36661 8 36917 9 37172 10 37428 10 37684 10 37940 10 38197 8 38453 7 38710 5
3bf7873f11823f4b64422f49c8248dd95c0d01f9ae9075ae3d233bbb21a3d875,27914 3 28169 5 28425 5 28681 5 28938 3
3bf7873f11823f4b64422f49c8248dd95c0d01f9ae9075ae3d233bbb21a3d875,58707 3 58962 4 59217 5 59473 5 59729 5 59985 6 60241 5 60497 5 60753 5 61010 3
3bf7873f11823f4b64422f49c8248dd95c0d01f9ae9075ae3d233bbb21a3d875,2184 4 2439 6 2694 8 2949 9 3205 10 3460 11 3716 11 3972 11 4229 10 4485 10 4741 10 4998 9 5255 7 5512 5
3bf7873f11823f4b64422f49c8248dd95c0d01f9ae9075ae3d233bbb21a3d875,28768 8 29026 8 29283 9 29539 10 29795 10 30052 10 30309 9 30567 7 30824 6
3bf7873f11823f4b64422f49c8248dd95c0d01f9ae9075ae3d233bbb21a3d875,39381 5 39635 7 39890 9 40145 10 40400 10 40656 10 40912 9 41168 8 41425 7
3bf7873f11823f4b64422f49c8248dd95c0d01f9ae9075ae3d233bbb21a3d875,31314 1 31568 5 31822 7 32076 9 32331 10 32587 9 32844 7
3bf7873f11823f4b64422f49c8248dd95c0d01f9ae9075ae3d233bbb21a3d875,35991 6 36245 8 36501 9 36756 10 37012 10 37269 9 37525 9 37782 7 38039 6
3bf7873f11823f4b64422f49c8248dd95c0d01f9ae9075ae3d233bbb21a3d875,55811 5 56066 7 56322 8 56578 9 56833 10 57089 10 57345 10 57602 9 57859 8 58116 6 58373 5
3bf7873f11823f4b64422f49c8248dd95c0d01f9ae9075ae3d233bbb21a3d875,62012 3 62266 7 62521 10 62777 10 63032 10 63288 10 63545 8 63802 5
3bf7873f11823f4b64422f49c8248dd95c0d01f9ae9075ae3d233bbb21a3d875,57713 6 57968 8 58223 10 58479 10 58735 10 58991 10 59247 9 59504 8 59761 6 60019 2
3bf7873f11823f4b64422f49c8248dd95c0d01f9ae9075ae3d233bbb21a3d875,47940 6 48195 5 48448 8 48702 10 48958 10 49214 10 49470 9 49726 8 49982 7 50240 5
3bf7873f11823f4b64422f49c8248dd95c0d01f9ae9075ae3d233bbb21a3d875,49611 5 49865 8 50121 9 50377 10 50633 10 50889 11 51146 10 51403 8 51660 7 51917 6 52174 4
3bf7873f11823f4b64422f49c8248dd95c0d01f9ae9075ae3d233bbb21a3d875,11368 5 11623 7 11879 7 12135 7 12391 8 12648 7 12905 6 13162 5
3bf7873f11823f4b64422f49c8248dd95c0d01f9ae9075ae3d233bbb21a3d875,60176 7 60430 11 60686 12 60942 12 61198 12 61455 10 61711 10 61968 8
3bf7873f11823f4b64422f49c8248dd95c0d01f9ae9075ae3d233bbb21a3d875,46856 4 47111 6 47367 6 47623 6 47879 6 48135 8 48391 9 48647 9 48904 8 49160 8 49416 8 49673 7 49930 5
3bf7873f11823f4b64422f49c8248dd95c0d01f9ae9075ae3d233bbb21a3d875,55580 7 55835 8 56091 9 56347 8 56604 7 56861 6 57118 4
3bf7873f11823f4b64422f49c8248dd95c0d01f9ae9075ae3d233bbb21a3d875,43618 5 43873 8 44129 8 44384 8 44640 8 44896 7 45152 7 45408 6 45664 6 45921 4
3bf7873f11823f4b64422f49c8248dd95c0d01f9ae9075ae3d233bbb21a3d875,30482 4 30738 5 30992 8 31246 11 31502 11 31758 12 32014 12 32270 11 32527 10 32784 8 33041 3
3bf7873f11823f4b64422f49c8248dd95c0d01f9ae9075ae3d233bbb21a3d875,32607 5 32861 8 33117 8 33373 8 33628 9 33885 8 34141 8 34397 8 34654 7 34910 6 35168 2
3bf7873f11823f4b64422f49c8248dd95c0d01f9ae9075ae3d233bbb21a3d875,27978 4 28231 8 28486 9 28741 10 28997 10 29253 10 29509 10 29765 9 30022 7
3bf7873f11823f4b64422f49c8248dd95c0d01f9ae9075ae3d233bbb21a3d875,57420 6 57676 6 57931 7 58187 7 58443 6 58699 5 58955 5 59212 2
3bf7873f11823f4b64422f49c8248dd95c0d01f9ae9075ae3d233bbb21a3d875,10337 3 10592 5 10848 5 11104 5 11361 3
3bf7873f11823f4b64422f49c8248dd95c0d01f9ae9075ae3d233bbb21a3d875,57122 3 57377 5 57633 5 57889 5 58146 3
3bf7873f11823f4b64422f49c8248dd95c0d01f9ae9075ae3d233bbb21a3d875,43009 1 43265 2 43521 3 43777 3 44033 3 44289 3 44545 3 44801 3 45057 3 45313 2 45569 1
3bf7873f11823f4b64422f49c8248dd95c0d01f9ae9075ae3d233bbb21a3d875,44086 6 44341 8 44596 9 44850 11 45106 11 45362 11 45618 11 45874 11 46130 11 46386 10 46645 6
3bf7873f11823f4b64422f49c8248dd95c0d01f9ae9075ae3d233bbb21a3d875,56885 6 57139 9 57395 10 57650 11 57905 14 58160 16 58416 16 58673 14 58929 11 59185 10 59441 9 59697 7 59953 2
3bf7873f11823f4b64422f49c8248dd95c0d01f9ae9075ae3d233bbb21a3d875,38956 2 39211 7 39467 7 39722 8 39978 9 40234 9 40490 8 40746 8 41002 8 41258 8 41515 6 41771 6 42028 2
3bf7873f11823f4b64422f49c8248dd95c0d01f9ae9075ae3d233bbb21a3d875,25101 3 25356 5 25612 5 25867 6 26121 8 26376 8 26632 8 26888 8 27144 8 27401 6
3bf7873f11823f4b64422f49c8248dd95c0d01f9ae9075ae3d233bbb21a3d875,36874 3 37128 9 37383 11 37639 11 37894 12 38150 12 38406 12 38663 11 38920 10 39178 7
3bf7873f11823f4b64422f49c8248dd95c0d01f9ae9075ae3d233bbb21a3d875,38173 5 38427 8 38683 9 38939 10 39195 10 39451 10 39708 9 39966 7 40223 6 40481 2
3bf7873f11823f4b64422f49c8248dd95c0d01f9ae9075ae3d233bbb21a3d875,6146 6 6402 10 6657 13 6913 13 7169 13 7425 13 7681 13 7937 12 8193 11 8449 2 8456 2
3bf7873f11823f4b64422f49c8248dd95c0d01f9ae9075ae3d233bbb21a3d875,30623 8 30878 10 31133 12 31388 13 31644 13 31900 13 32157 11 32415 8
3bf7873f11823f4b64422f49c8248dd95c0d01f9ae9075ae3d233bbb21a3d875,43675 5 43930 7 44186 8 44442 8 44698 9 44955 8 45211 9 45469 7 45725 7 45983 5
3bf7873f11823f4b64422f49c8248dd95c0d01f9ae9075ae3d233bbb21a3d875,62303 8 62559 9 62814 10 63070 10 63326 11 63583 9 63839 9 64096 7
3bf7873f11823f4b64422f49c8248dd95c0d01f9ae9075ae3d233bbb21a3d875,58711 3 58966 5 59222 5 59478 6 59734 7 59991 7 60248 6 60504 6 60761 4
3bf7873f11823f4b64422f49c8248dd95c0d01f9ae9075ae3d233bbb21a3d875,62978 5 63233 8 63489 8 63745 9 64001 9 64257 9 64513 9 64769 9 65025 8 65282 6
3bf7873f11823f4b64422f49c8248dd95c0d01f9ae9075ae3d233bbb21a3d875,62838 4 63092 6 63347 7 63603 8 63858 9 64114 9 64369 10 64625 10 64881 11 65137 11 65394 7
3bf7873f11823f4b64422f49c8248dd95c0d01f9ae9075ae3d233bbb21a3d875,56151 3 56406 5 56662 8 56918 9 57175 8 57431 8 57688 6
3bf7873f11823f4b64422f49c8248dd95c0d01f9ae9075ae3d233bbb21a3d875,49737 4 49992 5 50247 6 50503 6 50759 6 51015 6 51271 6 51527 6 51784 5 52041 4
