3ca8181367fc1258a418f7bf5044533c83e02a59c1a96def043295c429c297a8,62310 1 62312 1 62664 15 63020 23 63372 33 63730 38 64089 40 64448 43 64807 45 65166 46 65525 48 65884 50 66242 53 66602 54 66961 55 67321 56 67681 57 68041 58 68401 59 68761 59 69121 59 69481 59 69841 59 70201 59 70561 59 70921 59 71281 59 71641 57 72001 57 72361 56 72721 55 73081 55 73441 54 73801 53 74161 52 74521 51 74885 46 75247 43 75609 39 75970 36 76332 32 76694 28 77056 22 77420 17
3ca8181367fc1258a418f7bf5044533c83e02a59c1a96def043295c429c297a8,73913 20 74269 28 74624 34 74983 37 75341 40 75699 44 76058 46 76417 49 76775 52 77135 53 77494 55 77852 58 78212 58 78571 60 78930 62 79290 63 79650 63 80009 64 80369 64 80729 64 81090 63 81449 65 81810 64 82170 64 82531 63 82891 63 83252 62 83612 62 83972 61 84333 60 84693 59 85054 58 85415 56 85775 55 86136 54 86497 52 86859 48 87220 46 87581 43 87942 33 87976 9 87986 5 87993 1 88303 32 88336 20 88665 20 88696 24 89026 16 89050 1 89052 30 89392 1 89396 1 89409 35 89767 39 90125 43 90483 46 90842 48 91201 50 91560 52 91919 53 92278 55 92637 57 92997 58 93356 60 93716 60 94075 62 94435 63 94795 64 95154 65 95514 66 95874 66 96234 67 96594 67 96954 68 97314 68 97674 68 98034 69 98394 68 98754 69 99114 69 99475 68 99835 67 100195 67 100556 66 100916 66 101277 65 101637 65 101998 63 102359 62 102719 62 103080 60 103441 58 103801 58 104162 57 104523 55 104885 52 105246 50 105607 49 105970 44 106332 41 106694 37 107057 31 107420 24
3ca8181367fc1258a418f7bf5044533c83e02a59c1a96def043295c429c297a8,106642 6 106998 14 107355 21 107713 1 107715 24 108073 28 108432 31 108791 33 109150 36 109510 38 109869 40 110229 42 110589 43 110948 45 111308 46 111669 46 112029 47 112389 48 112749 50 113109 50 113469 51 113829 52 114189 53 114549 55 114909 55 115270 55 115630 55 115990 56 116351 55 116711 56 117072 55 117431 57 117793 54 118153 55 118514 54 118875 53 119235 53 119596 52 119957 51 120317 51 120679 48 121040 46 121402 44 121763 43 122124 42 122486 39 122847 37 123208 35 123568 34 123929 31 124291 28 124652 25 125013 22 125376 17 125738 13
3ca8181367fc1258a418f7bf5044533c83e02a59c1a96def043295c429c297a8,105053 11 105408 22 105764 31 106122 37 106481 41 106839 45 107197 48 107555 53 107915 55 108274 58 108633 60 108993 62 109352 65 109711 67 110071 68 110431 69 110791 71 111151 72 111510 74 111871 74 112231 75 112591 76 112951 77 113311 78 113671 79 114031 80 114391 81 114751 82 115112 81 115472 82 115833 82 116193 83 116554 83 116914 87 117274 87 117635 86 117996 85 118356 85 118717 84 119078 83 119439 82 119799 82 120160 81 120520 81 120881 80 121242 79 121602 79 121963 78 122324 77 122685 76 123046 75 123407 74 123767 74 124129 72 124490 71 124851 1 124853 68 125213 68 125573 68 125934 67 126295 66 126656 65 127017 64 127380 61 127743 58 128104 57 128464 57 128826 55 129187 54 129548 53
3ca8181367fc1258a418f7bf5044533c83e02a59c1a96def043295c429c297a8,81633 3 81993 3 82352 4 82712 5 83072 5 83431 7 83790 9 84150 9 84508 11 84868 13 85227 15 85587 15 85946 18 86306 19 86666 20 87026 21 87386 23 87746 24 88106 26 88466 28 88827 27 89187 28 89547 30 89907 30 90268 29 90628 29 90988 29 91349 28 91709 27 92069 27 92429 26 92789 26 93150 24 93510 24 93871 22 94232 20 94593 19 94955 14 95317 10
3ca8181367fc1258a418f7bf5044533c83e02a59c1a96def043295c429c297a8,83556 9 83910 23 84266 29 84619 41 84977 45 85336 47 85694 50 86054 51 86413 53 86772 55 87131 57 87491 58 87851 59 88210 60 88570 61 88930 61 89289 63 89649 63 90009 64 90369 64 90729 65 91089 65 91449 65 91809 65 92170 65 92530 65 92890 65 93250 65 93611 64 93971 64 94331 64 94692 63 95052 63 95414 60 95775 59 96136 57 96497 55 96858 54 97220 51 97582 48 97943 45 98306 40 98671 33 99033 29 99400 19 99765 10
3ca8181367fc1258a418f7bf5044533c83e02a59c1a96def043295c429c297a8,30054 23 30408 33 30766 36 31124 39 31482 42 31840 45 32199 47 32556 50 32913 54 33270 57 33628 59 33986 62 34345 63 34704 65 35063 66 35422 67 35781 68 36141 68 36499 70 36859 70 37219 70 37579 65 37645 4 37939 70 38299 69 38659 69 39019 68 39379 68 39739 67 40099 66 40459 65 40819 64 41179 63 41539 62 41900 60 42260 59 42621 57 42982 55 43343 52 43703 51 44064 49 44425 46 44787 42 45150 38 45513 33 45875 28 46242 19 46611 7
3ca8181367fc1258a418f7bf5044533c83e02a59c1a96def043295c429c297a8,15248 11 15604 16 15959 23 16316 28 16673 33 17028 39 17385 43 17742 47 18102 47 18458 52 18817 54 19175 57 19535 57 19894 58 20254 59 20614 59 20973 60 21333 60 21693 60 22053 60 22413 60 22773 60 23133 59 23493 59 23853 58 24213 58 24573 57 24934 55 25295 53 25655 52 26016 51 26377 48 26739 45 27100 43 27461 42 27823 39 28185 35 28547 32 28909 27 29271 22
3ca8181367fc1258a418f7bf5044533c83e02a59c1a96def043295c429c297a8,76988 2 77345 8 77701 14 78057 19 78414 22 78759 38 79116 42 79475 43 79834 45 80193 46 80553 46 80912 48 81272 48 81632 1 81636 44 81991 2 81996 44 82351 1 82356 45 82717 43 83077 43 83438 43 83799 42 84159 42 84519 42 84881 40 85242 39 85602 39 85964 37 86325 36 86686 35 87047 33 87409 31 87770 29 88132 26 88494 23 88854 22 89215 20 89577 16 89937 14 90297 12 90658 10 91019 3 91024 1
3ca8181367fc1258a418f7bf5044533c83e02a59c1a96def043295c429c297a8,16265 5 16621 13 16976 1 16978 18 17332 25 17689 29 18047 32 18405 35 18763 38 19122 39 19481 41 19840 42 20199 43 20558 45 20917 46 21276 48 21635 48 21994 50 22354 50 22714 50 23073 51 23433 51 23793 51 24153 51 24513 51 24873 51 25233 51 25593 51 25953 51 26313 51 26674 50 27034 50 27395 49 27756 48 28116 47 28477 46 28838 45 29198 45 29559 44 29920 42 30281 41 30642 39 31003 37 31366 33 31727 31 32088 1 32090 26 32452 22 32816 16
3ca8181367fc1258a418f7bf5044533c83e02a59c1a96def043295c429c297a8,385 16 742 22 1098 30 1451 39 1809 41 2167 48 2526 50 2885 52 3244 54 3603 55 3963 56 4322 59 4681 60 5041 61 5401 62 5761 61 6121 61 6481 60 6841 61 7201 61 7561 61 7921 61 8281 61 8641 61 9001 61 9361 61 9721 61 10081 61 10441 60 10801 60 11161 60 11521 59 11881 59 12241 58 12601 57 12961 56 13322 54 13683 51 14044 49 14405 47 14766 44 15128 41 15490 36 15851 33 16215 23 16582 7 16590 1 16592 1 16594 2
3ca8181367fc1258a418f7bf5044533c83e02a59c1a96def043295c429c297a8,74005 6 74363 12 74721 19 75081 19 75440 22 75800 24 76158 1 76160 26 76518 29 76877 32 77236 33 77596 36 77955 39 78316 40 78675 43 79034 46 79394 47 79754 49 80114 50 80474 51 80834 52 81194 52 81554 53 81914 53 82274 54 82634 54 82995 53 83355 53 83715 53 84076 52 84436 52 84796 52 85157 51 85517 50 85879 48 86239 47 86600 45 86961 42 87322 41 87684 37 88045 35 88407 31 88770 25 89135 16 89501 3
3ca8181367fc1258a418f7bf5044533c83e02a59c1a96def043295c429c297a8,43215 18 43570 25 43927 30 44285 36 44645 40 45003 47 45363 48 45722 51 46081 53 46441 55 46801 57 47161 57 47521 58 47881 59 48241 60 48601 61 48961 61 49321 62 49681 62 50041 62 50401 63 50761 63 51121 63 51481 63 51841 63 52201 63 52563 61 52923 61 53284 59 53646 57 54007 56 54369 53 54730 52 55092 48 55454 45 55816 43 56179 38 56542 1 56544 30 56912 19 57278 4
3ca8181367fc1258a418f7bf5044533c83e02a59c1a96def043295c429c297a8,312 31 673 30 1033 30 1395 28 1757 25 2119 23 2480 22 2841 20 3202 19 3563 17 3923 17 4283 16 4645 13 5006 12 5368 8
3ca8181367fc1258a418f7bf5044533c83e02a59c1a96def043295c429c297a8,119885 11 120242 14 120601 19 120961 21 121321 22 121681 23 122041 24 122401 24 122761 25 123121 26 123481 27 123841 27 124201 27 124561 28 124921 28 125281 28 125641 28 126001 29 126361 29 126721 29 127081 30 127441 30 127801 30 128161 30 128521 30 128881 29 129241 27
3ca8181367fc1258a418f7bf5044533c83e02a59c1a96def043295c429c297a8,23664 9 24022 13 24380 16 24740 18 25098 21 25457 23 25815 26 26173 28 26530 34 26887 37 27246 38 27605 40 27964 41 28323 42 28683 42 29042 43 29402 43 29762 43 30121 44 30480 45 30840 45 31200 45 31560 45 31919 46 32279 46 32638 47 32998 47 33358 47 33718 47 34077 48 34437 48 34797 48 35157 47 35516 48 35876 48 36236 47 36596 47 36956 46 37316 46 37676 46 38036 45 38397 43 38757 43 39118 30 39149 1 39151 8 39478 39 39839 37 40200 34 40561 22 40922 19 41284 16 41647 11
3ca8181367fc1258a418f7bf5044533c83e02a59c1a96def043295c429c297a8,48130 12 48483 1 48485 20 48841 26 49199 30 49557 34 49592 2 49916 40 50275 41 50634 43 50991 47 51350 49 51710 49 52069 51 52428 53 52786 1 52788 53 53146 56 53506 57 53865 58 54225 59 54585 59 54944 60 55305 60 55665 60 56024 62 56384 62 56743 63 57103 63 57463 63 57823 63 58183 63 58543 63 58904 62 59264 62 59625 61 59985 61 60346 59 60706 60 61067 57 61428 57 61789 55 62149 54 62511 52 62871 51 63232 49 63593 47 63954 46 64316 43 64677 41 65038 39 65400 35 65763 31 66126 26 66489 19 66854 6 66861 1
3ca8181367fc1258a418f7bf5044533c83e02a59c1a96def043295c429c297a8,91676 13 92035 16 92393 18 92752 19 93111 21 93469 24 93828 25 94186 27 94544 30 94899 35 95255 39 95615 39 95975 39 96336 38 96697 36 97057 36 97417 36 97778 35 98138 35 98498 34 98858 33 99218 32 99578 31 99938 30 100299 27 100659 26 101019 25 101379 24 101739 22 102100 21 102460 19 102822 15 103185 11
3ca8181367fc1258a418f7bf5044533c83e02a59c1a96def043295c429c297a8,48336 1 48338 19 48690 29 49043 40 49402 43 49761 47 50118 51 50477 54 50835 57 51194 59 51553 60 51911 63 52271 63 52629 65 52988 67 53347 68 53706 69 54065 70 54424 71 54784 71 55143 71 55503 71 55863 71 56222 72 56582 71 56942 71 57302 70 57662 69 58022 68 58383 65 58744 63 59104 62 59465 60 59825 57 60186 56 60547 54 60908 50 61268 47 61628 44 61989 39 62351 32 62714 25 62740 1 63076 9 63086 4 63093 1 63438 7
3ca8181367fc1258a418f7bf5044533c83e02a59c1a96def043295c429c297a8,88381 9 88740 14 89099 18 89458 20 89817 23 90177 24 90536 27 90896 29 91256 30 91616 31 91977 31 92337 32 92697 33 93058 33 93419 34 93780 33 94141 33 94503 32 94863 32 95224 31 95585 30 95946 29 96307 29 96668 29 97029 28 97390 27 97752 26 98114 24 98475 23 98835 23 99196 22 99558 20 99920 18 100282 16 100644 14 101008 9
