3f9fc8e63f87e8a56d3eaef7db26f1b6db874d19f12abd5a752821b78d47661e,81052 8 81568 14 82087 16 82606 18 83125 20 83645 20 84164 22 84684 22 85203 23 85723 23 86243 23 86763 23 87283 23 87803 23 88323 23 88843 23 89363 23 89883 22 90403 22 90923 21 91444 20 91964 19 92485 17 93005 17 93526 15 94047 13 94568 11 95090 7
3f9fc8e63f87e8a56d3eaef7db26f1b6db874d19f12abd5a752821b78d47661e,347482 5 348000 9 348518 12 349037 14 349556 15 350075 17 350594 18 351113 19 351632 21 352151 22 352671 22 353190 22 353709 23 354229 23 354748 23 355268 22 355787 22 356307 21 356827 20 357346 20 357866 19 358386 19 358906 18 359426 17 359946 16 360466 15 360987 13 361507 12
3f9fc8e63f87e8a56d3eaef7db26f1b6db874d19f12abd5a752821b78d47661e,127907 8 128424 13 128943 16 129462 19 129981 20 130500 21 131020 21 131540 21 132060 21 132580 21 133100 21 133620 21 134140 21 134660 21 135180 21 135701 20 136222 19 136743 18 137263 18 137783 18 138303 18 138823 18 139344 17 139864 17 140385 16 140906 15 141427 14 141948 13 142470 11 142992 9 143515 6
3f9fc8e63f87e8a56d3eaef7db26f1b6db874d19f12abd5a752821b78d47661e,139663 2 140179 9 140695 14 141210 20 141728 22 142246 25 142765 26 143285 26 143804 28 144324 29 144844 30 145365 29 145885 29 146406 28 146926 28 147446 28 147966 28 148486 28 149006 28 149527 27 150047 27 150568 26 151090 14 151107 6 151611 12 151630 2
3f9fc8e63f87e8a56d3eaef7db26f1b6db874d19f12abd5a752821b78d47661e,335483 6 336001 10 336520 12 337039 14 337558 15 338077 16 338596 17 339115 18 339633 20 340150 23 340665 28 341182 30 341701 31 342220 31 342739 32 343258 33 343777 33 344297 32 344817 31 345337 30 345857 29 346377 28 346898 26 347418 25 347938 24 348459 20 348980 18 349501 14 350024 10 350546 5
3f9fc8e63f87e8a56d3eaef7db26f1b6db874d19f12abd5a752821b78d47661e,15522 4 16040 9 16559 12 17078 15 17598 16 18117 18 18637 20 19157 21 19677 22 20198 21 20718 21 21238 22 21759 22 22280 21 22800 22 23321 22 23841 23 24362 23 24882 24 25403 24 25924 23 26444 24 26964 24 27483 26 28003 26 28523 26 29044 25 29565 25 30086 24 30607 23 31127 23 31648 22 32168 22 32688 22 33209 20 33730 19 34251 17 34772 16 35293 14 35814 11 36336 7
3f9fc8e63f87e8a56d3eaef7db26f1b6db874d19f12abd5a752821b78d47661e,301157 11 301675 14 302193 17 302711 20 303228 23 303747 24 304266 25 304785 26 305304 27 305823 28 306342 29 306861 30 307380 30 307899 31 308418 31 308937 31 309457 30 309976 30 310496 29 311015 29 311535 27 312055 26 312574 26 313094 24 313613 24 314133 23 314652 23 315172 21 315692 20 316213 18 316734 15 317256 10 317777 5
3f9fc8e63f87e8a56d3eaef7db26f1b6db874d19f12abd5a752821b78d47661e,258 20 778 20 1299 18 1820 15 2342 12 2866 4
3f9fc8e63f87e8a56d3eaef7db26f1b6db874d19f12abd5a752821b78d47661e,318111 4 318628 9 319146 12 319664 15 320182 18 320701 20 321220 22 321739 23 322257 25 322776 27 323296 27 323815 28 324334 30 324853 31 325372 32 325891 33 326411 33 326930 34 327449 35 327969 35 328489 35 329009 34 329529 34 330049 34 330569 33 331090 32 331610 31 332131 29 332652 27 333173 25 333693 24 334214 22 334735 20 335256 18 335777 16 336298 14 336821 9
3f9fc8e63f87e8a56d3eaef7db26f1b6db874d19f12abd5a752821b78d47661e,294485 3 295004 5 295521 8 296039 11 296558 13 297077 14 297596 16 298115 18 298634 19 299153 19 299672 20 300192 20 300711 21 301230 22 301749 23 302268 24 302788 23 303307 24 303826 25 304345 25 304864 26 305383 27 305902 28 306421 28 306941 28 307460 29 307979 29 308499 29 309018 30 309537 30 310057 29 310577 29 311096 29 311616 28 312136 28 312656 27 313176 26 313696 25 314217 23 314737 22 315257 21 315777 19 316298 17 316820 14 317342 10 317864 6
3f9fc8e63f87e8a56d3eaef7db26f1b6db874d19f12abd5a752821b78d47661e,29 22 548 23 1068 23 1588 24 2108 24 2628 24 3147 25 3667 25 4187 25 4708 24 5228 25 5748 25 6268 25 6789 24 7309 25 7829 25 8349 25 8869 25 9390 24 9911 23 10431 22 10952 21 11473 20 11993 19 12514 18 13035 16 13557 12 14079 8
3f9fc8e63f87e8a56d3eaef7db26f1b6db874d19f12abd5a752821b78d47661e,286824 1 287337 9 287855 12 288374 15 288893 17 289412 19 289932 20 290451 21 290970 23 291490 23 292009 24 292529 24 293048 25 293568 24 294088 24 294608 23 295128 23 295648 22 296168 21 296687 21 297206 21 297727 19 298250 14 298771 11
3f9fc8e63f87e8a56d3eaef7db26f1b6db874d19f12abd5a752821b78d47661e,127277 8 127795 14 128314 16 128834 17 129353 19 129873 20 130393 21 130912 23 131432 24 131952 24 132472 25 132992 25 133512 25 134031 27 134551 27 135071 27 135592 26 136112 26 136633 25 137153 24 137674 23 138195 21 138716 20 139238 17 139760 13 140286 5
3f9fc8e63f87e8a56d3eaef7db26f1b6db874d19f12abd5a752821b78d47661e,20633 5 21151 10 21669 14 22188 16 22707 18 23227 18 23747 19 24267 20 24788 20 25308 21 25828 22 26348 23 26868 24 27388 24 27909 24 28429 24 28949 25 29470 25 29990 26 30511 25 31032 24 31553 24 32074 23 32594 23 33115 22 33636 21 34157 20 34678 19 35199 17 35720 16 36241 14 36762 12 37284 9 37807 3
3f9fc8e63f87e8a56d3eaef7db26f1b6db874d19f12abd5a752821b78d47661e,191292 6 191809 12 192327 16 192845 21 193364 30 193882 36 194401 39 194920 41 195439 43 195959 44 196479 45 196998 47 197518 47 198039 46 198559 46 199079 46 199599 46 200120 45 200641 44 201161 43 201682 42 202202 41 202723 39 203246 34 203767 32 204288 14 204305 11 204812 6
3f9fc8e63f87e8a56d3eaef7db26f1b6db874d19f12abd5a752821b78d47661e,151104 3 151623 7 152138 13 152658 13 153179 13 153699 15 154219 18 154739 21 155258 24 155778 26 156297 28 156817 29 157337 30 157857 32 158377 33 158898 32 159419 32 159939 32 160459 32 160979 32 161500 31 162020 31 162541 29 163061 27 163582 24 164104 20
3f9fc8e63f87e8a56d3eaef7db26f1b6db874d19f12abd5a752821b78d47661e,108116 7 108635 10 109154 14 109673 16 110193 17 110213 3 110713 25 111233 27 111754 27 112274 28 112794 29 113315 28 113836 28 114357 27 114850 3 114860 8 114878 27 115369 5 115376 13 115398 27 115889 24 115917 28 116409 56 116929 40 116971 15 117450 38 117492 14 117971 37 118013 13 118492 36 118534 12 119013 34 119054 11 119533 34 119574 11 120053 34 120094 11 120573 34 120614 11 121093 34 121135 9 121613 34 121656 7 122133 34 122654 32 123176 29 123697 27 124220 12 124236 7 124742 9 124759 4 125263 6 125280 2
3f9fc8e63f87e8a56d3eaef7db26f1b6db874d19f12abd5a752821b78d47661e,289453 3 289971 7 290489 10 291007 13 291525 16 292043 19 292561 21 293080 22 293599 23 294118 24 294637 25 295156 26 295675 27 296194 28 296713 28 297233 28 297752 28 298272 27 298793 25 299313 23 299833 19 300353 18 300873 16 301393 15 301914 12 302435 10 302957 5
3f9fc8e63f87e8a56d3eaef7db26f1b6db874d19f12abd5a752821b78d47661e,285228 6 285742 13 286260 16 286779 18 287297 20 287815 23 288334 24 288853 25 289372 25 289892 25 290411 26 290930 27 291450 26 291970 26 292490 25 293010 24 293529 25 294049 24 294569 23 295089 23 295609 22 296130 20 296650 20 297170 19 297690 18 298210 17 298730 16 299251 14 299771 14 300291 13 300812 11 301333 9 301854 7 302376 3
3f9fc8e63f87e8a56d3eaef7db26f1b6db874d19f12abd5a752821b78d47661e,293853 3 294370 10 294889 13 295408 15 295927 17 296446 19 296966 20 297486 20 298006 21 298526 21 299046 21 299565 23 300085 23 300606 22 301126 22 301647 21 302167 22 302687 22 303207 21 303727 20 304247 19 304767 18 305287 17 305808 15 306328 14 306848 13 307368 12 307888 11 308409 9 308929 8 309450 7 309971 5 310493 3 311014 1
3f9fc8e63f87e8a56d3eaef7db26f1b6db874d19f12abd5a752821b78d47661e,124561 2 125080 4 125596 9 126113 13 126631 16 127150 18 127670 19 128189 21 128709 22 129229 22 129749 23 130268 24 130788 24 131307 25 131827 25 132347 25 132867 25 133388 24 133908 23 134429 21 134949 20 135470 18 135990 17 136511 15 137032 12 137554 8 138077 4
3f9fc8e63f87e8a56d3eaef7db26f1b6db874d19f12abd5a752821b78d47661e,333318 3 333835 6 334354 7 334873 8 335392 9 335911 10 336430 11 336949 12 337468 13 337988 13 338507 14 339027 14 339546 15 340066 15 340586 15 341105 16 341625 16 342145 16 342665 16 343184 17 343704 17 344224 17 344744 17 345263 18 345783 18 346303 18 346823 18 347343 18 347863 18 348383 18 348903 18 349424 17 349944 17 350465 16 350986 15 351507 14 352028 13 352556 5
3f9fc8e63f87e8a56d3eaef7db26f1b6db874d19f12abd5a752821b78d47661e,271050 9 271568 14 272086 17 272605 20 273124 22 273643 24 274162 26 274682 26 275201 28 275720 29 276240 29 276759 30 277279 30 277798 31 278318 31 278837 32 279357 32 279877 31 280396 32 280916 31 281436 31 281956 30 282476 30 282996 29 283517 27 284037 26 284557 25 285077 22 285597 17 286117 16 286637 15 287157 14 287677 14 288197 13 288717 12 289238 10 289758 9 290279 6 290800 4
3f9fc8e63f87e8a56d3eaef7db26f1b6db874d19f12abd5a752821b78d47661e,179993 11 180510 15 181028 18 181546 21 182063 25 182580 29 183098 31 183616 33 184135 34 184655 34 185174 35 185694 34 186214 34 186734 33 187255 32 187776 30 188300 24 188822 21 189347 14
3f9fc8e63f87e8a56d3eaef7db26f1b6db874d19f12abd5a752821b78d47661e,129103 7 129618 14 130136 17 130655 18 131173 21 131691 23 132210 24 132728 26 133247 27 133767 27 134286 28 134806 28 135325 29 135845 30 136365 30 136885 30 137405 29 137925 29 138445 29 138966 28 139486 27 140007 26 140527 25 141048 23 141570 20 142091 17 142613 13 143135 7
3f9fc8e63f87e8a56d3eaef7db26f1b6db874d19f12abd5a752821b78d47661e,324182 8 324698 15 325217 17 325735 20 326254 23 326774 24 327294 24 327813 26 328333 27 328853 27 329373 27 329893 28 330413 28 330933 28 331453 28 331973 28 332494 27 333014 28 333534 28 334054 29 334575 28 335095 28 335616 27 336136 27 336657 26 337178 25 337698 25 338219 24 338740 23 339261 21 339782 20 340302 20 340822 19 341343 18 341863 17 342384 16 342904 15 343425 14 343945 13 344466 12 344986 11 345507 7 346029 4
3f9fc8e63f87e8a56d3eaef7db26f1b6db874d19f12abd5a752821b78d47661e,297381 11 297897 16 298413 21 298931 23 299450 25 299969 26 300488 27 301007 28 301526 29 302045 30 302565 30 303085 30 303605 30 304125 30 304644 31 305164 30 305684 30 306205 29 306725 29 307246 28 307766 28 308287 26 308807 26 309328 24 309848 23 310369 21 310890 19 311411 16 311932 12 312454 9
3f9fc8e63f87e8a56d3eaef7db26f1b6db874d19f12abd5a752821b78d47661e,301386 4 301392 1 301904 10 302422 13 302941 16 303460 18 303979 19 304498 21 305017 23 305536 25 306054 28 306573 30 307092 31 307612 32 308131 33 308650 34 309170 34 309689 35 310209 34 310729 34 311249 34 311770 32 312290 31 312811 29 313332 27 313853 25 314374 22 314896 18 315418 11
3f9fc8e63f87e8a56d3eaef7db26f1b6db874d19f12abd5a752821b78d47661e,343023 6 343541 9 344060 11 344579 13 345098 14 345617 16 346136 17 346655 19 347174 20 347693 21 348213 21 348732 23 349251 24 349771 24 350291 24 350810 25 351330 24 351850 24 352370 24 352890 24 353410 23 353930 23 354450 22 354970 22 355490 21 356011 20 356531 19 357052 17 357572 17 358093 16 358613 15 359133 15 359654 13 360175 11 360696 9 361217 7 361738 6
3f9fc8e63f87e8a56d3eaef7db26f1b6db874d19f12abd5a752821b78d47661e,249695 8 250213 12 250732 15 251251 17 251770 20 252289 23 252808 26 253328 27 253847 30 254367 31 254886 33 255406 34 255926 34 256445 36 256965 36 257485 36 258005 36 258525 35 259046 34 259567 32 260089 28 260619 5
3f9fc8e63f87e8a56d3eaef7db26f1b6db874d19f12abd5a752821b78d47661e,187254 1 187773 3 188290 10 188807 15 189325 18 189843 20 190361 22 190879 25 191398 26 191917 27 192436 28 192955 29 193475 29 193994 30 194514 30 195034 29 195554 29 196074 28 196594 27 197114 26 197634 25 198155 22 198675 19 199196 17 199716 16 200237 13 200758 11 201279 9 201800 7
3f9fc8e63f87e8a56d3eaef7db26f1b6db874d19f12abd5a752821b78d47661e,288979 2 289496 8 290014 12 290533 14 291052 16 291571 18 292090 20 292610 20 293129 21 293649 21 294168 22 294688 22 295207 23 295727 23 296247 23 296767 23 297286 24 297806 24 298326 23 298846 23 299366 23 299886 22 300406 22 300927 21 301447 20 301967 19 302488 16 303009 14 303530 12 304051 9 304572 6
3f9fc8e63f87e8a56d3eaef7db26f1b6db874d19f12abd5a752821b78d47661e,326351 7 326870 9 327389 12 327908 14 328427 18 328947 19 329467 19 329987 19 330507 19 331027 19 331547 19 332068 18 332588 18 333108 18 333629 17 334150 16 334671 14 335192 12 335713 9 336235 6
3f9fc8e63f87e8a56d3eaef7db26f1b6db874d19f12abd5a752821b78d47661e,95152 6 95671 10 96189 12 96699 22 97216 25 97735 26 98254 27 98773 28 99292 29 99811 30 100331 30 100850 31 101370 31 101890 31 102410 31 102930 31 103450 31 103970 31 104491 30 105011 30 105532 29 106053 28 106574 25 107097 20 107621 10
3f9fc8e63f87e8a56d3eaef7db26f1b6db874d19f12abd5a752821b78d47661e,111281 2 111801 3 112321 4 112841 5 113361 5 113881 5 114401 5 114921 4
3f9fc8e63f87e8a56d3eaef7db26f1b6db874d19f12abd5a752821b78d47661e,289319 5 289836 9 290355 11 290874 12 291394 13 291913 14 292432 16 292952 16 293471 17 293991 18 294510 19 295029 20 295549 20 296068 21 296588 21 297108 21 297627 22 298147 22 298666 23 299186 23 299705 24 300225 24 300745 24 301264 25 301784 24 302304 24 302823 25 303343 25 303863 24 304382 25 304902 25 305422 25 305942 24 306462 24 306982 23 307502 23 308023 21 308543 21 309063 20 309583 19 310104 17 310625 15 311145 14 311666 11 312187 8 312709 4
3f9fc8e63f87e8a56d3eaef7db26f1b6db874d19f12abd5a752821b78d47661e,276680 4 277197 9 277713 14 278230 18 278742 27 279259 30 279776 33 280295 34 280813 36 281332 37 281851 38 282370 38 282889 39 283409 38 283928 38 284448 37 284968 37 285487 37 286007 36 286527 35 287047 34 287567 32 288087 31 288608 28 289128 25 289649 23 290170 21 290691 19 291212 16 291734 12 292260 2
3f9fc8e63f87e8a56d3eaef7db26f1b6db874d19f12abd5a752821b78d47661e,28630 11 29148 15 29666 18 30185 20 30704 22 31223 24 31742 25 32261 26 32779 28 33298 29 33818 29 34337 30 34856 31 35376 30 35895 31 36415 31 36935 30 37454 31 37974 30 38494 29 39014 28 39534 27 40055 24 40575 23 41096 21 41617 17 42138 14 42661 8
3f9fc8e63f87e8a56d3eaef7db26f1b6db874d19f12abd5a752821b78d47661e,90789 4 91306 11 91825 15 92344 17 92863 19 93383 20 93902 22 94422 23 94942 23 95462 23 95982 24 96503 24 97023 24 97543 24 98063 24 98583 24 99104 24 99624 24 100145 23 100666 23 101187 22 101708 21 102228 21 102749 20 103270 18 103791 17 104312 16 104833 14 105356 10 105877 8
3f9fc8e63f87e8a56d3eaef7db26f1b6db874d19f12abd5a752821b78d47661e,167717 3 168234 7 168753 9 169273 10 169793 11 170313 12 170832 13 171350 15 171868 17 172384 21 172902 23 173420 25 173939 26 174459 27 174978 29 175497 32 176017 33 176537 34 177057 34 177577 34 178097 34 178617 33 179137 33 179657 32 180178 31 180698 31 181218 30 181738 30 182258 30 182777 32 183297 33 183817 33 184337 34 184858 33 185378 34 185898 34 186418 34 186939 33 187459 33 187979 33 188500 31 189021 29 189542 27 190063 25 190584 15 190602 5 191106 12 191629 8
3f9fc8e63f87e8a56d3eaef7db26f1b6db874d19f12abd5a752821b78d47661e,151290 12 151807 19 152325 24 152844 29 153363 32 153882 35 154401 37 154921 38 155441 40 155960 41 156480 41 157000 41 157520 41 158041 40 158561 40 159082 39 159602 39 160123 38 160644 37 161165 34 161686 31 162207 27 162728 24 163249 17 163770 15 164292 9 164814 3
3f9fc8e63f87e8a56d3eaef7db26f1b6db874d19f12abd5a752821b78d47661e,341899 5 341906 2 342414 15 342930 19 343449 20 343967 23 344486 25 345005 27 345524 28 346044 28 346563 29 347083 29 347602 30 348122 31 348641 33 349161 32 349681 32 350201 32 350721 32 351241 32 351761 32 352281 31 352802 30 353322 29 353842 28 354363 26 354884 24 355405 22 355926 20 356447 17 356970 13 357492 8
3f9fc8e63f87e8a56d3eaef7db26f1b6db874d19f12abd5a752821b78d47661e,351 21 871 21 1391 22 1911 23 2431 23 2951 24 3471 25 3991 26 4512 25 5032 25 5552 26 6073 25 6593 25 7113 25 7634 24 8154 24 8675 23 9196 22 9716 22 10237 21 10757 21 11278 19 11799 18 12320 17 12841 15 13363 12 13884 9 14406 5
3f9fc8e63f87e8a56d3eaef7db26f1b6db874d19f12abd5a752821b78d47661e,183681 6 184200 9 184718 12 185236 15 185755 17 186273 19 186792 21 187311 22 187830 23 188349 24 188869 24 189389 25 189909 25 190429 25 190949 24 191469 24 191989 24 192510 23 193030 22 193551 21 194071 20 194592 18 195113 15 195634 13 196156 8
3f9fc8e63f87e8a56d3eaef7db26f1b6db874d19f12abd5a752821b78d47661e,331163 8 331679 16 332196 22 332714 25 333233 27 333752 29 334271 31 334791 31 335310 32 335829 34 336347 36 336867 36 337387 35 337907 35 338427 35 338947 34 339467 33 339987 32 340507 31 341028 28 341550 24 342071 22 342591 19 343111 18 343634 13 344155 11 344678 5
3f9fc8e63f87e8a56d3eaef7db26f1b6db874d19f12abd5a752821b78d47661e,325024 7 325542 12 326060 15 326578 17 327097 18 327616 19 328135 20 328654 20 329173 20 329693 18 330214 15 330734 7 331255 4
3f9fc8e63f87e8a56d3eaef7db26f1b6db874d19f12abd5a752821b78d47661e,159 15 679 15 1200 13 1723 2 1727 3
3f9fc8e63f87e8a56d3eaef7db26f1b6db874d19f12abd5a752821b78d47661e,22671 7 23190 10 23709 12 24228 14 24748 16 25267 18 25787 19 26307 20 26827 20 27347 21 27867 22 28387 22 28907 23 29427 24 29947 25 30467 26 30988 26 31508 27 32029 27 32550 26 33071 26 33592 26 34113 25 34634 25 35154 26 35675 25 36195 26 36715 26 37236 25 37757 24 38277 24 38797 25 39318 24 39839 23 40360 22 40881 21 41402 19 41923 17 42444 16 42967 13 43489 10 44011 6
3f9fc8e63f87e8a56d3eaef7db26f1b6db874d19f12abd5a752821b78d47661e,91204 4 91722 10 92241 20 92760 27 93280 28 93799 30 94319 31 94839 31 95359 31 95880 30 96400 30 96920 30 97440 30 97960 31 98481 31 99001 31 99522 29 100042 28 100563 26 101084 24 101605 22 102126 21 102647 20 103168 19 103690 16 104212 14 104735 10 105261 3 105782 1
3f9fc8e63f87e8a56d3eaef7db26f1b6db874d19f12abd5a752821b78d47661e,54201 5 54717 13 55235 17 55754 20 56273 23 56792 26 57312 28 57831 30 58351 30 58871 31 59391 32 59911 32 60431 32 60952 30 61473 29 61994 27 62515 26 63035 25 63556 24 64077 22 64598 20 65119 17 65640 14 66161 11 66683 5
3f9fc8e63f87e8a56d3eaef7db26f1b6db874d19f12abd5a752821b78d47661e,224866 2 225383 11 225901 15 226420 18 226939 20 227458 22 227977 23 228497 24 229017 24 229536 25 230056 25 230576 25 231096 26 231616 26 232136 26 232656 26 233176 25 233696 25 234217 23 234738 22 235258 21 235779 19 236300 17 236822 14 237343 11 237865 7
3f9fc8e63f87e8a56d3eaef7db26f1b6db874d19f12abd5a752821b78d47661e,261457 8 261974 16 262492 21 263011 24 263530 26 264049 28 264568 30 265087 32 265607 32 266126 33 266646 34 267166 34 267686 33 268206 33 268725 34 269245 33 269765 33 270286 31 270806 31 271326 30 271846 29 272366 28 272887 26 273407 24 273928 21 274449 19 274969 17 275490 15 276012 10
3f9fc8e63f87e8a56d3eaef7db26f1b6db874d19f12abd5a752821b78d47661e,35500 2 36011 12 36527 16 37045 18 37564 19 38082 22 38601 23 39120 25 39639 26 40158 27 40678 27 41197 28 41717 27 42236 28 42756 27 43276 26 43796 25 44316 24 44836 23 45357 21 45877 20 46398 17 46919 14 47441 9
3f9fc8e63f87e8a56d3eaef7db26f1b6db874d19f12abd5a752821b78d47661e,68811 7 69329 12 69847 17 70366 20 70885 23 71404 25 71924 26 72443 28 72963 29 73483 30 74003 30 74524 29 75044 29 75564 30 76084 30 76605 29 77125 29 77646 28 78167 26 78688 24 79209 22 79730 20 80252 17 80773 15 81296 10 81820 4
3f9fc8e63f87e8a56d3eaef7db26f1b6db874d19f12abd5a752821b78d47661e,122721 8 123241 9 123761 10 124281 10 124801 11 125321 11 125841 11 126361 11 126881 11 127401 10 127921 10 128441 10 128961 9 129481 9 130001 8 130521 8 131041 7 131561 6 132081 6 132601 5 133121 4 133641 3 134161 3 134681 2
3f9fc8e63f87e8a56d3eaef7db26f1b6db874d19f12abd5a752821b78d47661e,273307 9 273824 14 274343 16 274861 19 275380 21 275899 23 276418 25 276937 27 277457 28 277977 29 278497 31 279017 32 279537 33 280057 34 280577 35 281097 36 281617 37 282138 37 282659 36 283180 36 283701 35 284223 33 284744 32 285264 31 285784 31 286305 29 286825 28 287346 26 287867 24 288389 21 288910 17 289431 2 289439 5
3f9fc8e63f87e8a56d3eaef7db26f1b6db874d19f12abd5a752821b78d47661e,334137 6 334655 9 335174 12 335693 14 336213 15 336732 16 337252 17 337772 17 338292 18 338812 21 339332 22 339852 22 340372 21 340892 21 341413 19 341934 18 342455 16 342976 15 343498 12 344021 8 344542 6 345063 4
3f9fc8e63f87e8a56d3eaef7db26f1b6db874d19f12abd5a752821b78d47661e,83294 11 83812 14 84330 17 84849 19 85367 22 85886 24 86405 25 86924 26 87444 26 87963 27 88482 28 89001 29 89521 29 90040 29 90559 30 91079 29 91598 29 92118 29 92637 29 93156 29 93676 28 94196 26 94715 26 95235 25 95755 24 96275 22 96795 21 97315 19 97836 16 98357 13 98879 7
3f9fc8e63f87e8a56d3eaef7db26f1b6db874d19f12abd5a752821b78d47661e,240176 9 240693 15 241212 18 241730 22 242249 24 242768 25 243287 27 243807 28 244326 29 244845 31 245365 31 245884 33 246403 34 246923 34 247442 35 247962 35 248481 36 249001 35 249520 36 250040 36 250560 35 251080 34 251600 33 252120 32 252640 31 253161 28 253681 27 254202 24 254723 20 255245 14 255770 3
3f9fc8e63f87e8a56d3eaef7db26f1b6db874d19f12abd5a752821b78d47661e,356760 8 357277 14 357796 16 358314 20 358833 23 359352 25 359871 26 360391 27 360910 28 361430 28
3f9fc8e63f87e8a56d3eaef7db26f1b6db874d19f12abd5a752821b78d47661e,303061 6 303580 9 304098 12 304615 16 305134 18 305653 20 306173 20 306692 22 307212 22 307731 23 308251 23 308771 23 309290 24 309810 24 310330 25 310850 25 311370 26 311890 26 312410 26 312930 26 313450 26 313970 26 314490 27 315010 27 315530 27 316051 26 316571 26 317091 26 317612 25 318132 25 318653 24 319174 23 319694 23 320215 21 320736 20 321258 17 321779 15 322302 9
3f9fc8e63f87e8a56d3eaef7db26f1b6db874d19f12abd5a752821b78d47661e,17892 8 18411 10 18930 13 19449 15 19968 17 20488 17 21008 18 21528 19 22047 20 22567 21 23088 20 23608 21 24128 21 24648 22 25169 21 25689 22 26209 22 26730 21 27250 21 27771 20 28292 19 28812 19 29333 17 29854 16 30375 14 30896 12 31418 9 31940 5
3f9fc8e63f87e8a56d3eaef7db26f1b6db874d19f12abd5a752821b78d47661e,333979 10 334496 15 335015 20 335533 24 336052 26 336571 28 337091 29 337610 30 338130 30 338649 31 339169 31 339689 31 340210 30 340730 30 341250 30 341771 29 342291 28 342812 26 343333 24 343853 23 344374 21 344895 17 345416 15 345937 12 346458 9 346980 5
3f9fc8e63f87e8a56d3eaef7db26f1b6db874d19f12abd5a752821b78d47661e,334257 8 334775 11 335294 13 335812 15 336330 17 336849 18 337368 19 337887 20 338406 21 338925 22 339444 23 339963 24 340482 25 341001 27 341521 29 342041 30 342560 31 343079 32 343599 31 344119 31 344638 32 345158 32 345678 32 346199 31 346719 30 347240 29 347760 28 348281 26 348802 24 349324 21 349846 12
3f9fc8e63f87e8a56d3eaef7db26f1b6db874d19f12abd5a752821b78d47661e,74613 5 75132 8 75651 10 76170 12 76689 14 77208 15 77726 18 78245 19 78764 20 79283 21 79802 22 80321 23 80837 27 81356 28 81876 27 82395 28 82914 28 83434 27 83954 26 84474 25 84994 24 85514 23 86034 20 86555 17 87075 16 87595 16 88116 14 88638 10 89161 4
3f9fc8e63f87e8a56d3eaef7db26f1b6db874d19f12abd5a752821b78d47661e,109851 4 110368 11 110886 14 111404 17 111922 20 112440 23 112958 25 113477 27 113995 29 114514 30 115033 32 115552 33 116071 34 116590 35 117109 36 117629 36 118148 37 118668 36 119188 36 119708 35 120229 32 120749 31 121270 27 121791 23 122312 19 122834 14
3f9fc8e63f87e8a56d3eaef7db26f1b6db874d19f12abd5a752821b78d47661e,248922 8 249440 12 249959 14 250478 17 250997 19 251516 21 252035 24 252554 27 253074 28 253593 30 254113 30 254633 31 255153 31 255673 31 256193 32 256713 32 257233 32 257753 32 258274 30 258794 30 259314 30 259834 29 260355 27 260875 27 261396 25 261917 22 262438 20 262959 14 263481 7
3f9fc8e63f87e8a56d3eaef7db26f1b6db874d19f12abd5a752821b78d47661e,40203 2 40722 4 41241 6 41761 7 42281 9 42801 10 43321 11 43841 12 44362 11 44882 12 45402 13 45922 14 46442 15 46962 16 47483 16 48003 17 48523 18 49044 18 49564 19 50084 20 50605 19 51125 20 51646 20 52167 20 52687 21 53208 20 53729 20 54249 20 54770 20 55291 19 55812 19 56332 19 56853 18 57374 18 57895 17 58416 15 58937 14 59459 11 59982 7
3f9fc8e63f87e8a56d3eaef7db26f1b6db874d19f12abd5a752821b78d47661e,192200 2 192719 7 193238 15 193757 17 194276 21 194795 24 195311 29 195830 30 196349 32 196869 32 197389 32 197908 34 198428 34 198948 34 199467 35 199987 34 200507 34 201026 35 201546 34 202066 34 202586 33 203107 31 203627 30 204148 27 204668 25 205189 19 205711 15 206233 9
3f9fc8e63f87e8a56d3eaef7db26f1b6db874d19f12abd5a752821b78d47661e,66263 7 66782 9 67301 11 67820 13 68340 13 68859 14 69379 14 69899 14 70419 13 70939 13 71459 13 71979 13 72499 13 73019 14 73538 15 74057 17 74576 18 75096 19 75615 20 76134 21 76654 21 77174 21 77694 21 78214 21 78734 21 79254 21 79775 19 80295 19 80816 18 81337 17 81858 15 82379 14 82900 13 83422 10 83943 8 84465 5
3f9fc8e63f87e8a56d3eaef7db26f1b6db874d19f12abd5a752821b78d47661e,191548 2 192065 6 192584 7 193102 10 193621 12 194140 14 194659 16 195178 17 195697 18 196217 18 196736 19 197255 21 197282 3 197774 32 198293 33 198812 35 199332 35 199851 37 200371 36 200891 35 201411 35 201931 35 202451 34 202971 33 203491 32 204011 31 204532 16 204550 11 205053 13 205071 8 205574 11 206098 5
3f9fc8e63f87e8a56d3eaef7db26f1b6db874d19f12abd5a752821b78d47661e,163445 10 163962 14 164479 19 164996 23 165513 27 166030 31 166549 32 167067 35 167586 36 168106 37 168625 38 169144 39 169664 39 170183 40 170703 39 171223 39 171742 40 172262 40 172782 39 173302 39 173822 38 174342 38 174862 37 175383 36 175903 35 176423 35 176943 34 177464 32 177984 31 178505 29 179026 27 179547 25 180068 22 180589 20 181111 17 181633 13 182155 2
3f9fc8e63f87e8a56d3eaef7db26f1b6db874d19f12abd5a752821b78d47661e,98512 7 99032 8 99551 11 100070 13 100589 15 101108 17 101627 19 102147 20 102667 21 103187 22 103706 25 104226 26 104745 27 105264 28 105783 29 106302 30 106822 29 107342 28 107862 27 108382 25 108902 24 109423 21 109944 18 110464 15 110985 12 111508 6
3f9fc8e63f87e8a56d3eaef7db26f1b6db874d19f12abd5a752821b78d47661e,89287 11 89803 17 90321 20 90839 23 91358 25 91877 27 92396 28 92916 29 93435 30 93955 30 94475 30 94995 30 95515 30 96035 30 96556 29 97076 29 97597 27 98117 27 98638 26 99158 25 99679 23 100200 21 100721 19 101243 17 101764 15 102285 12 102807 7
3f9fc8e63f87e8a56d3eaef7db26f1b6db874d19f12abd5a752821b78d47661e,101705 3 102221 7 102740 9 103259 11 103778 13 104298 14 104818 15 105338 18 105848 3 105857 19 106366 30 106885 30 107405 30 107924 32 108444 33 108964 33 109484 33 110004 34 110524 34 111045 33 111566 16 111584 13 112087 12 112105 12 112609 8 112626 11 113147 10 113668 8 114189 7 114711 4
3f9fc8e63f87e8a56d3eaef7db26f1b6db874d19f12abd5a752821b78d47661e,250347 5 250866 7 251385 9 251904 11 252422 14 252940 16 253451 1 253456 20 253970 26 254489 27 255008 28 255527 28 256048 26 256569 25 257089 24 257609 23 258129 23 258650 21 259170 20 259690 19 260211 17 260732 12 261254 9 261776 5
3f9fc8e63f87e8a56d3eaef7db26f1b6db874d19f12abd5a752821b78d47661e,254009 6 254527 10 255046 12 255566 13 256085 15 256604 17 257124 17 257643 18 258163 19 258682 20 259202 20 259721 21 260241 21 260761 21 261281 21 261800 22 262320 22 262840 22 263360 22 263879 23 264399 24 264919 24 265439 24 265959 24 266479 24 266999 24 267519 25 268039 25 268559 25 269079 25 269599 24 270119 24 270640 23 271160 22 271681 21 272201 20 272722 18 273243 16 273764 14 274285 13 274806 11 275326 10 275847 8 276369 5
3f9fc8e63f87e8a56d3eaef7db26f1b6db874d19f12abd5a752821b78d47661e,223126 14 223642 21 224160 25 224677 29 225195 32 225714 33 226231 37 226750 38 227267 42 227785 44 228303 45 228822 46 229341 46 229860 47 230378 48 230897 48 231416 49 231935 49 232455 47 232976 45 233496 44 234016 42 234536 41 235057 37 235578 34 236100 29 236623 21
3f9fc8e63f87e8a56d3eaef7db26f1b6db874d19f12abd5a752821b78d47661e,432 22 952 22 1473 20 1995 15 2516 13 3039 7
3f9fc8e63f87e8a56d3eaef7db26f1b6db874d19f12abd5a752821b78d47661e,329951 7 330469 11 330988 13 331507 15 332026 16 332546 17 333066 17 333585 18 334105 18 334625 18 335145 18 335665 18 336185 18 336705 18 337225 18 337745 18 338265 18 338785 19 339306 18 339826 18 340347 18 340867 18 341387 18 341908 17 342429 17 342949 17 343469 17 343990 16 344511 15 345032 14 345552 14 346072 14 346592 14 347112 13 347632 13 348153 11 348676 7
3f9fc8e63f87e8a56d3eaef7db26f1b6db874d19f12abd5a752821b78d47661e,127131 9 127649 12 128168 14 128687 16 129206 17 129725 18 130245 18 130764 20 131284 20 131803 21 132322 22 132842 22 133361 22 133881 21 134400 19 134920 18 135440 18 135960 19 136480 19 137000 19 137520 20 138040 20 138560 21 139080 21 139600 22 140121 21 140641 21 141162 19 141683 18 142203 18 142724 16 143245 14 143766 12 144287 10 144810 5
3f9fc8e63f87e8a56d3eaef7db26f1b6db874d19f12abd5a752821b78d47661e,111341 3 111856 10 112374 15 112892 19 113411 21 113931 22 114450 24 114969 26 115488 27 116007 29 116526 30 117046 30 117566 31 118086 31 118605 32 119125 32 119644 33 120164 33 120684 33 121204 32 121724 32 122244 32 122764 32 123284 31 123804 31 124324 30 124844 29 125364 29 125884 28 126404 27 126925 24 127445 23 127966 21 128486 20 129007 18 129529 14 130050 11 130574 3
3f9fc8e63f87e8a56d3eaef7db26f1b6db874d19f12abd5a752821b78d47661e,332320 7 332839 10 333358 12 333877 14 334397 14 334916 15 335436 16 335955 17 336475 17 336994 18 337514 18 338034 18 338553 18 339073 18 339593 18 340113 18 340632 19 341152 18 341671 19 342191 19 342710 19 343229 20 343749 19 344269 19 344789 18 345309 18 345829 18 346349 17 346869 17 347389 17 347910 15 348430 14 348950 14 349471 12 349991 11 350512 9 351033 5
3f9fc8e63f87e8a56d3eaef7db26f1b6db874d19f12abd5a752821b78d47661e,72042 7 72560 11 73078 15 73596 18 74115 20 74634 22 75153 24 75672 26 76192 26 76711 27 77231 28 77751 29 78271 29 78791 29 79311 29 79831 29 80351 29 80871 29 81392 28 81912 28 82433 26 82954 25 83475 23 83996 21 84517 20 85039 17 85562 12 86085 6
3f9fc8e63f87e8a56d3eaef7db26f1b6db874d19f12abd5a752821b78d47661e,196429 4 196946 11 197464 15 197983 20 198502 25 199021 29 199541 31 200060 33 200580 34 201099 37 201619 39 202139 40 202659 41 203179 41 203699 42 204219 43 204739 43 205260 42 205780 42 206301 41 206822 40 207343 39 207865 36 208386 34 208908 32 209432 27 209956 23 210478 20 211001 16 211523 12 212046 7
3f9fc8e63f87e8a56d3eaef7db26f1b6db874d19f12abd5a752821b78d47661e,65323 6 65842 9 66361 11 66880 12 67399 14 67918 16 68438 17 68957 18 69477 19 69997 20 70516 21 71036 22 71556 22 72076 22 72596 23 73117 22 73637 22 74157 23 74678 22 75198 22 75719 21 76239 21 76760 20 77280 20 77801 19 78322 18 78843 17 79364 16 79885 15 80405 14 80926 13 81446 12 81967 11 82487 10 83008 8 83529 4
3f9fc8e63f87e8a56d3eaef7db26f1b6db874d19f12abd5a752821b78d47661e,260517 4 261035 6 261554 7 262073 8 262592 9 263112 9 263632 9 264152 9 264672 9 265192 9 265713 8 266234 7 266755 6 267277 4 267798 3 268319 2
3f9fc8e63f87e8a56d3eaef7db26f1b6db874d19f12abd5a752821b78d47661e,53856 8 54374 11 54893 15 55412 17 55931 19 56451 20 56970 21 57490 22 58009 24 58529 24 59048 26 59568 26 60088 26 60608 26 61128 26 61648 27 62169 26 62689 26 63209 25 63729 25 64250 23 64770 23 65290 23 65811 22 66331 21 66851 20 67372 18 67893 16 68414 13 68937 8 69459 3
3f9fc8e63f87e8a56d3eaef7db26f1b6db874d19f12abd5a752821b78d47661e,196189 8 196708 11 197227 13 197741 20 198256 26 198773 30 199291 33 199810 34 200329 36 200847 38 201366 40 201886 41 202405 42 202924 43 203444 44 203964 44 204484 44 205004 44 205524 44 206044 44 206565 43 207086 42 207607 41 208128 39 208649 38 209171 35 209694 32 210216 29 210739 25 211261 22 211784 17 212308 11
3f9fc8e63f87e8a56d3eaef7db26f1b6db874d19f12abd5a752821b78d47661e,103662 3 104181 7 104700 10 105219 13 105739 14 106259 16 106779 17 107299 18 107819 19 108338 21 108858 21 109378 21 109897 22 110417 22 110937 23 111457 23 111977 22 112496 23 113016 23 113535 24 114055 23 114574 24 115093 24 115612 24 116131 25 116650 26 117170 26 117690 20 118209 20 118729 18 119250 16 119771 14 120292 13 120813 11 121337 5
3f9fc8e63f87e8a56d3eaef7db26f1b6db874d19f12abd5a752821b78d47661e,297199 6 297718 9 298236 14 298755 16 299274 22 299793 23 300312 23 300832 23 301351 24 301871 24 302390 24 302910 24 303430 24 303950 23 304470 23 304990 22 305510 22 306030 21 306550 20 307070 19 307590 18 308111 16 308631 15 309152 13 309673 11 310195 8
3f9fc8e63f87e8a56d3eaef7db26f1b6db874d19f12abd5a752821b78d47661e,273980 8 274495 16 275011 22 275528 26 276046 29 276563 33 277082 35 277600 37 278119 39 278637 41 279156 42 279676 42 280195 43 280715 42 281234 43 281754 42 282273 43 282793 42 283313 41 283834 39 284354 38 284875 35 285396 33 285917 29 286440 11 286454 9
3f9fc8e63f87e8a56d3eaef7db26f1b6db874d19f12abd5a752821b78d47661e,358047 5 358565 9 359083 12 359602 14 360121 16 360640 17 361159 19 361679 19
3f9fc8e63f87e8a56d3eaef7db26f1b6db874d19f12abd5a752821b78d47661e,9882 2 10401 5 10921 6 11441 7 11961 7 12481 7 13001 7 13521 7 14041 6 14561 5 15081 3
3f9fc8e63f87e8a56d3eaef7db26f1b6db874d19f12abd5a752821b78d47661e,102787 8 103306 11 103826 12 104345 14 104865 14 105385 15 105904 16 106422 18 106938 22 107457 23 107976 23 108495 23 109014 23 109534 22 110054 22 110574 21 111093 21 111613 21 112133 21 112653 21 113172 22 113692 22 114212 21 114733 20 115253 20 115773 19 116293 19 116813 18 117334 16 117854 16 118374 15 118895 13 119416 12 119937 10 120458 7
3f9fc8e63f87e8a56d3eaef7db26f1b6db874d19f12abd5a752821b78d47661e,197081 7 197601 8 198121 10 198641 11 199161 13 199681 14 200201 14 200721 15 201241 15 201761 16 202281 16 202801 16 203321 16 203841 16 204361 15 204881 15 205401 14 205921 13 206441 11 206961 10 207481 10 208001 9 208521 7 209041 6
3f9fc8e63f87e8a56d3eaef7db26f1b6db874d19f12abd5a752821b78d47661e,86223 6 86741 9 87260 11 87779 13 88298 14 88818 15 89337 16 89856 17 90375 18 90895 18 91414 20 91934 20 92454 20 92974 21 93493 22 94013 22 94533 23 95053 23 95573 23 96093 23 96613 23 97133 23 97653 24 98173 24 98693 24 99213 24 99734 23 100254 23 100774 22 101295 21 101816 19 102336 18 102857 16 103379 13 103900 10 104423 5
3f9fc8e63f87e8a56d3eaef7db26f1b6db874d19f12abd5a752821b78d47661e,108582 2 109096 13 109614 17 110133 20 110651 24 111170 26 111690 26 112209 28 112728 30 113247 31 113767 31 114287 31 114806 32 115325 32 115845 32 116364 32 116884 31 117404 29 117923 29 118443 28 118963 27 119483 26 120003 25 120523 25 121044 24 121565 22 122086 15 122609 3 122615 4 123136 2
3f9fc8e63f87e8a56d3eaef7db26f1b6db874d19f12abd5a752821b78d47661e,347362 3 347881 7 348401 8 348921 8 349441 8 349961 8 350481 8 351001 8 351521 8 352041 8 352561 8 353081 7 353601 6 354121 4 354641 3
3f9fc8e63f87e8a56d3eaef7db26f1b6db874d19f12abd5a752821b78d47661e,161199 2 161717 4 162234 7 162752 9 163266 15 163785 16 164301 20 164820 21 165341 20 165862 19 166382 19 166902 19 167421 20 167941 20 168461 20 168982 19 169502 19 170022 19 170543 18 171063 18 171584 17 172107 14 172628 13 173150 11 173673 8
3f9fc8e63f87e8a56d3eaef7db26f1b6db874d19f12abd5a752821b78d47661e,357700 6 358219 8 358738 10 359258 11 359778 12 360298 12 360818 12 361338 12 361858 12
3f9fc8e63f87e8a56d3eaef7db26f1b6db874d19f12abd5a752821b78d47661e,170384 6 170903 8 171422 11 171941 13 172460 15 172977 21 173495 25 174013 28 174532 29 175051 31 175570 33 176090 34 176610 34 177130 34 177650 34 178171 33 178691 32 179212 31 179735 28 180259 23 180785 16 181306 15 181835 5 182356 3
3f9fc8e63f87e8a56d3eaef7db26f1b6db874d19f12abd5a752821b78d47661e,507 14 1027 14 1548 13 2069 12 2589 12 3110 11 3631 10 4152 9 4673 8 5195 6 5718 3 6239 2
3f9fc8e63f87e8a56d3eaef7db26f1b6db874d19f12abd5a752821b78d47661e,146723 8 147242 10 147761 12 148280 13 148800 14 149319 15 149838 16 150357 17 150876 19 151396 19 151915 20 152433 22 152952 23 153470 25 153989 26 154508 26 155027 27 155546 27 156065 27 156585 26 157105 25 157625 25 158145 24 158665 22 159186 20 159707 16 160229 12 160751 8
3f9fc8e63f87e8a56d3eaef7db26f1b6db874d19f12abd5a752821b78d47661e,121072 7 121587 14 122101 21 122619 24 123138 26 123656 28 124175 29 124694 30 125213 31 125733 31 126253 31 126773 31 127293 30 127814 28 128334 28 128855 26 129376 24 129897 22 130418 19 130939 16 131461 12 131983 8
3f9fc8e63f87e8a56d3eaef7db26f1b6db874d19f12abd5a752821b78d47661e,186373 2 186892 6 187410 10 187928 13 188446 16 188963 20 189479 25 189997 27 190517 27 191038 26 191558 26 192078 26 192598 26 193119 24 193639 23 194159 22 194678 20 195198 18 195719 16 196240 15 196762 14 197285 12 197806 11 198326 12 198847 11 199367 11 199888 10 200409 9 200930 8 201451 6
3f9fc8e63f87e8a56d3eaef7db26f1b6db874d19f12abd5a752821b78d47661e,123174 2 123694 3 124214 6 124232 4 124734 8 124751 8 125254 9 125269 11 125775 26 126295 27 126816 26 127336 26 127857 25 128378 24 128899 23 129421 21 129945 17 130466 16 130987 14 131509 12 132030 10 132552 6
3f9fc8e63f87e8a56d3eaef7db26f1b6db874d19f12abd5a752821b78d47661e,31986 8 32505 10 33024 12 33543 14 34063 15 34583 16 35102 17 35622 17 36141 19 36661 20 37181 20 37701 20 38221 20 38741 21 39261 21 39781 21 40301 21 40822 20 41342 20 41862 20 42382 20 42903 19 43424 17 43944 17 44464 17 44985 16 45505 16 46026 15 46546 15 47066 15 47586 14 48107 13 48627 13 49148 12 49668 11 50189 10 50710 8 51231 6
3f9fc8e63f87e8a56d3eaef7db26f1b6db874d19f12abd5a752821b78d47661e,145717 7 146234 12 146752 16 147271 18 147790 20 148309 22 148828 23 149347 25 149866 26 150386 27 150906 27 151425 28 151945 29 152466 28 152987 27 153508 26 154030 24 154551 23 155071 23 155591 23 156110 24 156630 24 157149 25 157669 24 158189 24 158708 25 159228 24 159747 25 160267 24 160787 23 161307 23 161827 22 162348 20 162868 19 163389 17 163910 15 164431 13 164953 9
3f9fc8e63f87e8a56d3eaef7db26f1b6db874d19f12abd5a752821b78d47661e,114677 8 115195 12 115714 14 116234 15 116754 16 117274 17 117794 17 118314 18 118834 18 119353 20 119872 21 120391 22 120911 22 121431 23 121952 25 122472 28 122993 28 123514 27 124036 26 124557 4 124563 4 124569 13 125078 2 125084 2 125091 10 125612 8 126134 3
3f9fc8e63f87e8a56d3eaef7db26f1b6db874d19f12abd5a752821b78d47661e,132952 7 133470 11 133989 14 134508 17 135028 18 135547 21 136067 22 136586 24 137106 25 137626 26 138146 27 138666 27 139186 28 139707 28 140227 29 140748 28 141269 28 141790 28 142311 27 142833 26 143355 24 143877 22 144398 22 144920 20 145441 18 145962 17 146484 14 147006 11 147531 2
3f9fc8e63f87e8a56d3eaef7db26f1b6db874d19f12abd5a752821b78d47661e,160766 5 161284 9 161803 11 162316 21 162835 23 163354 24 163874 25 164393 27 164913 27 165433 27 165953 28 166474 27 166995 27 167515 27 168036 26 168557 25 169077 26 169598 25 170119 24 170640 23 171161 22 171682 21 172203 20 172724 19 173246 17 173768 14 174289 13 174811 10 175333 7
3f9fc8e63f87e8a56d3eaef7db26f1b6db874d19f12abd5a752821b78d47661e,162670 18 163189 21 163708 24 164227 26 164747 27 165267 27 165787 28 166306 31 166826 32 167347 32 167867 33 168387 34 168907 34 169427 34 169946 35 170466 35 170987 34 171507 34 172028 33 172549 32 173069 32 173590 31 174111 30 174633 27 175154 26 175675 25 176196 24 176717 23 177238 22 177761 18 178282 17 178803 16 179324 15 179845 13 180367 9 180891 3
3f9fc8e63f87e8a56d3eaef7db26f1b6db874d19f12abd5a752821b78d47661e,75528 8 76046 13 76565 16 77085 19 77604 22 78124 23 78644 25 79163 27 79683 28 80204 28 80724 28 81244 29 81764 30 82285 30 82805 30 83326 30 83846 31 84367 30 84888 29 85409 29 85929 29 86450 28 86971 27 87492 25 88013 24 88534 23 89055 21 89576 18 90098 15 90622 7
3f9fc8e63f87e8a56d3eaef7db26f1b6db874d19f12abd5a752821b78d47661e,219404 16 219921 23 220439 28 220957 31 221476 34 221995 36 222514 38 223034 39 223553 40 224073 41 224592 42 225112 42 225632 42 226152 42 226673 41 227193 41 227713 41 228234 39 228755 37 229276 35 229797 33 230318 31 230840 27 231362 23 231885 17
3f9fc8e63f87e8a56d3eaef7db26f1b6db874d19f12abd5a752821b78d47661e,180257 2 180777 8 181297 9 181816 19 182333 23 182851 26 183368 29 183886 31 184402 35 184921 36 185440 37 185959 37 186479 37 186999 36 187519 36 188040 34 188560 34 189081 32 189603 30 190130 23 190651 21 191172 20 191693 19 192213 19 192733 19 193253 6 193261 10 193774 3 193783 7 194304 5
3f9fc8e63f87e8a56d3eaef7db26f1b6db874d19f12abd5a752821b78d47661e,281390 8 281909 11 282428 13 282947 15 283466 17 283986 18 284505 19 285025 20 285544 21 286064 21 286584 21 287103 23 287623 23 288143 23 288663 24 289183 24 289703 24 290222 25 290742 25 291263 25 291783 25 292303 25 292823 25 293344 24 293865 23 294386 22 294907 21 295427 21 295947 21 296468 20 296989 18 297510 17 298030 16 298551 14 299072 11
3f9fc8e63f87e8a56d3eaef7db26f1b6db874d19f12abd5a752821b78d47661e,253281 20 253798 25 254317 27 254836 29 255355 31 255874 32 256394 32 256913 33 257433 33 257953 33 258473 32 258993 31 259514 29 260035 27 260556 24 261077 18 261603 8
3f9fc8e63f87e8a56d3eaef7db26f1b6db874d19f12abd5a752821b78d47661e,190839 2 191358 3 191877 4 192396 5 192914 7 193433 8 193952 9 194472 9 194991 10 195511 10 196030 11 196550 11 197069 12 197589 12 198109 12 198628 13 199148 13 199668 13 200189 12 200709 12 201230 11 201751 10 202272 9 202795 2
3f9fc8e63f87e8a56d3eaef7db26f1b6db874d19f12abd5a752821b78d47661e,218575 2 219084 17 219603 19 220121 24 220639 27 221158 29 221677 32 222197 33 222717 34 223237 35 223757 36 224277 37 224798 37 225318 38 225838 38 226359 38 226879 38 227400 37 227920 38 228441 37 228961 36 229482 35 230003 34 230524 32 231046 29 231568 25 232090 22 232612 18 233135 11 233660 5 234181 4 234702 2
3f9fc8e63f87e8a56d3eaef7db26f1b6db874d19f12abd5a752821b78d47661e,248194 5 248712 9 249231 12 249750 14 250270 16 250789 18 251308 20 251827 22 252346 24 252865 26 253385 27 253905 28 254425 28 254944 30 255464 30 255984 30 256504 30 257024 30 257544 29 258064 29 258585 28 259105 28 259625 28 260146 26 260666 26 261186 26 261707 24 262227 24 262748 22 263269 20 263790 18 264311 16 264832 14 265353 12 265876 6
3f9fc8e63f87e8a56d3eaef7db26f1b6db874d19f12abd5a752821b78d47661e,147894 6 148409 15 148928 18 149446 22 149965 24 150484 26 151003 28 151522 30 152042 30 152561 32 153081 32 153601 32 154121 32 154641 32 155162 31 155682 31 156202 31 156723 30 157244 29 157765 27 158285 27 158806 25 159327 23 159848 21 160369 18 160890 15 161412 10
3f9fc8e63f87e8a56d3eaef7db26f1b6db874d19f12abd5a752821b78d47661e,20770 4 21285 14 21803 18 22322 21 22841 23 23360 25 23880 26 24400 27 24919 28 25439 29 25958 30 26478 30 26998 30 27518 31 28037 32 28557 32 29077 32 29597 32 30117 32 30637 32 31157 33 31678 32 32198 32 32718 32 33238 32 33758 32 34278 32 34799 31 35319 30 35839 29 36360 27 36880 26 37401 24 37923 22 38444 20 38964 19 39485 17 40005 3 40012 9
3f9fc8e63f87e8a56d3eaef7db26f1b6db874d19f12abd5a752821b78d47661e,177518 11 178036 16 178554 19 179072 22 179591 24 180109 26 180628 28 181147 29 181666 30 182185 31 182704 32 183223 33 183742 34 184261 35 184781 34 185301 34 185820 34 186339 34 186859 33 187378 32 187898 30 188418 28 188937 26 189457 22 189977 20 190498 17 191018 15 191539 9 192060 5 192581 3
3f9fc8e63f87e8a56d3eaef7db26f1b6db874d19f12abd5a752821b78d47661e,253014 12 253532 15 254050 18 254568 21 255087 23 255606 25 256125 27 256644 28 257163 29 257683 30 258202 31 258722 31 259241 33 259761 33 260281 33 260801 33 261320 34 261840 34 262359 35 262879 35 263399 35 263918 36 264438 35 264958 35 265478 35 265998 34 266518 33 267038 32 267558 31 268078 30 268599 28 269119 26 269640 24 270160 22 270681 19 271202 16 271724 12 272247 3
3f9fc8e63f87e8a56d3eaef7db26f1b6db874d19f12abd5a752821b78d47661e,264769 4 265286 9 265805 11 266323 14 266842 15 267361 17 267881 17 268400 18 268919 19 269439 19 269958 20 270478 20 270998 20 271518 20 272037 21 272557 21 273077 22 273597 22 274117 22 274637 22 275157 22 275678 21 276198 22 276718 22 277239 21 277759 21 278279 20 278800 19 279321 18 279841 18 280362 16 280884 13
3f9fc8e63f87e8a56d3eaef7db26f1b6db874d19f12abd5a752821b78d47661e,309 19 829 19 1350 19 1870 19 2390 19 2911 18 3431 18 3951 18 4472 17 4992 17 5513 16 6033 16 6554 14 7074 14 7595 13 8116 12 8637 11 9158 9 9680 6
3f9fc8e63f87e8a56d3eaef7db26f1b6db874d19f12abd5a752821b78d47661e,21227 6 21745 9 22264 12 22278 2 22784 16 23304 17 23823 18 24343 19 24863 19 25383 20 25903 21 26422 22 26942 22 27462 21 27981 22 28501 22 29021 23 29541 24 30061 25 30581 26 31101 26 31622 26 32142 26 32662 26 33183 26 33703 27 34223 28 34744 28 35264 29 35785 29 36305 30 36825 29 37345 28 37866 27 38386 27 38907 26 39427 26 39947 27 40467 27 40988 26 41508 26 42028 27 42549 26 43069 26 43589 26 44109 26 44630 24 45150 23 45670 23 46190 23 46710 23 47231 22 47751 22 48271 21 48792 20 49312 20 49833 18 50354 17 50875 15 51396 13 51917 11 52439 3 52444 2
3f9fc8e63f87e8a56d3eaef7db26f1b6db874d19f12abd5a752821b78d47661e,119079 2 119598 3 120117 4 120636 5 121155 6 121675 6 122195 6 122714 7 123234 7 123754 7 124274 7 124795 6 125315 6 125835 6 126355 6 126875 6 127394 7 127915 6 128437 4 128959 2
3f9fc8e63f87e8a56d3eaef7db26f1b6db874d19f12abd5a752821b78d47661e,134345 10 134863 14 135372 3 135380 18 135888 31 136406 34 136925 35 137445 35 137964 37 138483 38 139003 38 139523 38 140043 38 140563 37 141084 36 141604 36 142125 34 142645 33 143166 32 143687 30 144208 28 144729 27 145251 24 145772 21 146294 18 146815 15 147338 9
3f9fc8e63f87e8a56d3eaef7db26f1b6db874d19f12abd5a752821b78d47661e,38464 1 38983 3 39502 6 40008 4 40021 8 40524 26 41043 28 41563 29 42083 30 42602 31 43121 33 43641 33 44161 33 44680 34 45200 34 45720 34 46240 34 46760 33 47280 33 47800 33 48320 33 48841 31 49361 31 49881 31 50401 30 50922 28 51443 26 51964 25 52484 24 53005 23 53526 21 54047 19 54568 17 55089 14 55611 10
3f9fc8e63f87e8a56d3eaef7db26f1b6db874d19f12abd5a752821b78d47661e,57024 3 57540 10 58059 12 58578 14 59097 16 59617 16 60137 17 60657 18 61177 19 61697 20 62218 19 62738 20 63258 21 63778 22 64299 22 64819 23 65339 24 65860 24 66380 24 66900 25 67421 24 67941 25 68461 25 68982 24 69502 24 70023 23 70543 23 71064 22 71584 22 72105 21 72625 20 73146 19 73667 18 74188 16 74709 14 75231 11 75752 6
3f9fc8e63f87e8a56d3eaef7db26f1b6db874d19f12abd5a752821b78d47661e,59358 2 59874 10 60392 14 60911 16 61430 18 61949 20 62468 22 62987 24 63507 24 64026 25 64545 27 65065 27 65585 27 66104 28 66624 28 67144 28 67663 29 68183 29 68703 29 69223 29 69742 30 70262 30 70782 30 71302 30 71822 29 72342 29 72862 29 73382 28 73903 26 74423 26 74943 25 75464 23 75984 22 76505 20 77026 18 77547 15 78068 12
3f9fc8e63f87e8a56d3eaef7db26f1b6db874d19f12abd5a752821b78d47661e,161761 7 162280 9 162799 10 163318 12 163837 14 164357 15 164876 16 165395 17 165915 18 166435 18 166954 19 167474 20 167994 20 168514 20 169034 20 169553 22 170073 22 170593 22 171113 22 171632 23 172152 23 172672 23 173192 23 173712 23 174233 22 174753 22 175273 22 175794 20 176314 20 176835 18 177357 14 177879 10 178400 3
3f9fc8e63f87e8a56d3eaef7db26f1b6db874d19f12abd5a752821b78d47661e,312017 5 312534 9 313053 11 313572 13 314091 14 314610 15 315130 14 315649 15 316168 15 316687 15 317206 16 317726 15 318246 14 318766 13 319286 12 319807 10 320328 7 320849 3
3f9fc8e63f87e8a56d3eaef7db26f1b6db874d19f12abd5a752821b78d47661e,52550 7 53067 12 53586 14 54105 16 54624 18 55143 20 55662 21 56182 21 56701 23 57221 23 57741 23 58260 24 58780 24 59300 25 59820 25 60340 25 60860 26 61380 26 61900 26 62420 26 62940 26 63460 26 63980 26 64500 25 65020 25 65540 25 66061 24 66581 24 67101 23 67621 23 68141 23 68662 22 69182 21 69702 21 70223 20 70744 18 71264 18 71785 17 72305 16 72825 16 73346 14 73867 12 74388 10 74909 8 75432 3
3f9fc8e63f87e8a56d3eaef7db26f1b6db874d19f12abd5a752821b78d47661e,144493 5 145010 10 145529 13 146048 15 146566 18 147085 19 147603 22 148122 23 148638 27 149155 30 149674 31 150193 31 150713 30 151232 31 151752 30 152272 28 152792 26 153312 25 153832 25 154353 24 154874 24 155396 23 155917 23 156439 22 156961 21 157482 21 158004 19 158525 18 159047 16 159569 14 160091 11 160613 8 161135 4
3f9fc8e63f87e8a56d3eaef7db26f1b6db874d19f12abd5a752821b78d47661e,233059 12 233577 17 234095 21 234614 23 235133 26 235652 28 236172 29 236692 30 237211 32 237731 32 238250 34 238770 34 239290 35 239810 35 240330 35 240850 36 241371 35 241891 35 242411 35 242932 34 243452 33 243973 32 244494 31 245015 29 245539 24 246063 17
3f9fc8e63f87e8a56d3eaef7db26f1b6db874d19f12abd5a752821b78d47661e,54473 5 54990 10 55509 13 56027 16 56546 18 57065 20 57585 20 58104 21 58623 23 59142 24 59662 24 60181 25 60701 26 61221 26 61741 26 62260 27 62780 26 63300 26 63820 26 64340 25 64860 25 65381 23 65901 23 66422 21 66943 19 67463 18 67984 16 68506 12 69027 9
3f9fc8e63f87e8a56d3eaef7db26f1b6db874d19f12abd5a752821b78d47661e,216679 10 217197 15 217715 20 218234 23 218753 28 219273 32 219792 35 220312 36 220832 37 221351 39 221871 40 222391 41 222912 40 223432 40 223953 39 224473 39 224994 38 225515 37 226036 36 226558 33 227079 32 227601 29 228123 27 228645 24 229168 20 229693 14
3f9fc8e63f87e8a56d3eaef7db26f1b6db874d19f12abd5a752821b78d47661e,235335 5 235850 11 236364 18 236881 22 237399 25 237916 28 238434 30 238953 31 239472 32 239991 33 240510 34 241029 34 241548 35 242068 34 242587 34 243107 33 243626 33 244146 33 244666 32 245186 31 245706 30 246226 29 246746 27 247266 24 247787 22 248307 21 248828 19 249349 17 249871 12 250393 6
3f9fc8e63f87e8a56d3eaef7db26f1b6db874d19f12abd5a752821b78d47661e,61301 10 61819 15 62338 19 62858 21 63377 24 63895 27 64412 31 64930 34 65449 35 65968 37 66487 38 67006 40 67526 40 68045 41 68565 41 69085 42 69605 42 70124 43 70644 43 71164 43 71684 42 72204 42 72724 41 73244 40 73764 39 74285 37 74805 36 75325 35 75846 34 76366 33 76886 32 77407 30 77927 29 78448 27 78969 25 79490 23 80010 22 80530 20 81050 2 81060 8 81582 3 82103 1
3f9fc8e63f87e8a56d3eaef7db26f1b6db874d19f12abd5a752821b78d47661e,305746 9 306263 14 306782 16 307301 18 307817 23 308336 25 308856 25 309375 26 309894 27 310414 27 310933 28 311453 28 311973 28 312492 29 313012 29 313532 29 314052 29 314572 29 315092 29 315612 29 316132 29 316653 28 317173 28 317693 28 318214 27 318735 26 319255 26 319776 25 320298 23 320819 22 321340 15 321357 4 321861 13 321878 3 322382 11 322398 3 322904 8 322918 3 323438 3 323958 3 324479 2
3f9fc8e63f87e8a56d3eaef7db26f1b6db874d19f12abd5a752821b78d47661e,168956 5 169473 10 169992 13 170511 15 171031 16 171550 18 172070 18 172590 19 173110 20 173630 21 174149 22 174669 23 175189 23 175708 25 176228 26 176748 26 177269 26 177789 27 178310 27 178831 27 179352 26 179873 25 180395 23 180919 20 181440 19 181962 16 182483 15 183005 12 183526 10 184047 8
3f9fc8e63f87e8a56d3eaef7db26f1b6db874d19f12abd5a752821b78d47661e,241476 7 241994 11 242512 14 243031 16 243551 16 244070 18 244589 19 245109 19 245629 19 246149 20 246669 20 247189 20 247709 20 248229 20 248750 20 249271 19 249792 18 250313 18 250833 18 251353 18 251874 18 252394 18 252914 18 253434 17 253955 15 254476 13 254997 11 255518 8 256042 3
3f9fc8e63f87e8a56d3eaef7db26f1b6db874d19f12abd5a752821b78d47661e,1 8 521 9 1041 9 1561 9 2081 9 2601 8 3121 8 3641 7 4161 6 4681 5 5201 3
3f9fc8e63f87e8a56d3eaef7db26f1b6db874d19f12abd5a752821b78d47661e,19310 8 19828 12 20347 14 20866 15 21385 17 21904 18 22424 18 22943 19 23463 19 23982 20 24502 20 25022 20 25542 20 26061 21 26581 22 27101 22 27621 22 28141 22 28661 22 29181 22 29701 22 30221 22 30741 22 31261 23 31781 23 32301 23 32821 23 33341 23 33861 23 34381 23 34901 23 35422 22 35942 22 36462 21 36983 20 37503 20 38024 18 38544 18 39064 17 39585 15 40105 15 40626 13 41147 11 41669 7
3f9fc8e63f87e8a56d3eaef7db26f1b6db874d19f12abd5a752821b78d47661e,167813 11 168331 16 168850 19 169369 21 169888 23 170407 25 170927 25 171447 26 171966 27 172486 27 173006 27 173526 27 174046 27 174566 27 175086 27 175606 27 176126 27 176646 27 177166 27 177686 26 178207 25 178727 25 179247 24 179767 24 180287 24 180807 23 181327 23 181848 22 182368 21 182888 21 183409 19 183930 17 184451 15 184972 13 185493 11 186014 9 186537 5
3f9fc8e63f87e8a56d3eaef7db26f1b6db874d19f12abd5a752821b78d47661e,212938 4 213453 13 213970 18 214489 20 215008 22 215528 23 216048 23 216568 23 217087 25 217607 25 218127 25 218647 25 219167 25 219687 25 220207 25 220728 24 221249 23 221769 23 222289 23 222810 22 223330 21 223851 20 224372 18 224894 15 225416 12 225941 5
3f9fc8e63f87e8a56d3eaef7db26f1b6db874d19f12abd5a752821b78d47661e,117710 7 118229 9 118747 17 119266 19 119785 21 120305 21 120824 23 121344 23 121865 23 122385 23 122906 22 123426 23 123947 22 124468 22 124989 21 125510 21 126031 20 126551 20 127072 20 127592 20 128112 20 128632 20 129153 19 129673 19 130194 17 130715 15 131235 14 131756 12 132277 9 132799 6
3f9fc8e63f87e8a56d3eaef7db26f1b6db874d19f12abd5a752821b78d47661e,283399 2 283918 3 284437 4 284956 5 285475 6 285995 6 286515 6 287034 7 287554 7 288074 7 288595 6 289115 6 289635 6 290155 6 290676 5 291196 5 291717 4 292237 4 292758 3 293279 2
3f9fc8e63f87e8a56d3eaef7db26f1b6db874d19f12abd5a752821b78d47661e,180863 14 181380 20 181899 22 182418 24 182937 26 183457 27 183977 27 184497 28 185017 29 185537 29 186057 29 186578 28 187099 27 187620 26 188141 25 188662 24 189183 22 189705 20 190226 18 190748 15 191270 12 191793 6
3f9fc8e63f87e8a56d3eaef7db26f1b6db874d19f12abd5a752821b78d47661e,348043 7 348562 10 349081 12 349600 14 350118 16 350637 18 351156 19 351675 20 352195 20 352715 20 353234 20 353754 20 354274 21 354794 21 355313 23 355833 24 356353 24 356874 24 357394 24 357914 24 358434 25 358954 25 359474 25 359994 25 360514 25 361035 24 361555 24
3f9fc8e63f87e8a56d3eaef7db26f1b6db874d19f12abd5a752821b78d47661e,355125 5 355644 7 356163 9 356682 10 357202 11 357721 12 358241 12 358760 13 359280 13 359800 13 360320 13 360840 13 361361 12 361881 11
3f9fc8e63f87e8a56d3eaef7db26f1b6db874d19f12abd5a752821b78d47661e,234416 12 234932 20 235449 24 235967 27 236486 29 237005 31 237524 33 238043 34 238562 36 239082 36 239601 37 240121 37 240641 37 241161 38 241681 38 242201 37 242721 37 243241 37 243762 36 244283 35 244804 34 245325 32 245846 31 246369 27 246891 25 247415 20 247937 17 248459 14 248982 9
3f9fc8e63f87e8a56d3eaef7db26f1b6db874d19f12abd5a752821b78d47661e,110498 7 111016 12 111534 15 112053 17 112572 19 113091 21 113610 22 114129 24 114649 25 115168 27 115688 26 116208 26 116728 26 117247 27 117767 27 118287 27 118808 26 119328 25 119849 23 120369 22 120890 21 121411 20 121932 16 122454 13 122981 4
