40946065f7e4b6038599fbfd419f2a67e7635b6f89db3ed6c0d67c8801521af1,46034 5 46288 9 46541 15 46795 19 47049 23 47303 26 47558 28 47813 30 48068 31 48324 32 48579 33 48835 33 49091 34 49347 34 49603 34 49859 34 50115 33 50371 33 50627 33 50883 32 51139 31 51395 31 51651 30 51908 28 52164 27 52420 26 52678 23 52935 21 53192 19 53452 12
40946065f7e4b6038599fbfd419f2a67e7635b6f89db3ed6c0d67c8801521af1,79321 7 79573 15 79827 19 80082 22 80336 25 80591 27 80847 28 81102 30 81358 32 81614 33 81870 34
40946065f7e4b6038599fbfd419f2a67e7635b6f89db3ed6c0d67c8801521af1,70911 2 71166 3 71422 3 71677 4 71933 4 72188 5 72444 5 72700 5 72955 6 73211 6 73467 6 73723 6 73979 6 74235 6 74491 6 74747 6 75004 5 75260 5 75516 5 75773 4 76030 3 76287 2
40946065f7e4b6038599fbfd419f2a67e7635b6f89db3ed6c0d67c8801521af1,80662 5 80915 11 81169 15 81423 20 81678 22
40946065f7e4b6038599fbfd419f2a67e7635b6f89db3ed6c0d67c8801521af1,69936 12 70183 26 70434 33 70688 36 70942 40 71196 43 71451 47 71706 49 71961 51 72216 52 72471 54 72726 55 72981 56 73236 57 73491 57 73747 57 74002 57 74258 57 74514 57 74770 56 75026 54 75282 53 75538 52 75794 51 76051 49 76308 47 76565 45 76822 44 77080 41 77339 34 77596 29 77853 26 78112 21 78371 14
40946065f7e4b6038599fbfd419f2a67e7635b6f89db3ed6c0d67c8801521af1,5369 8 5623 10 5878 11 6134 11 6390 11 6646 11 6902 11 7158 11 7414 11 7670 11 7927 10 8184 9 8440 9 8697 8 8954 7 9211 6 9468 5 9725 4 9982 3
40946065f7e4b6038599fbfd419f2a67e7635b6f89db3ed6c0d67c8801521af1,56516 8 56767 16 57020 20 57274 23 57528 26 57782 29 58037 31 58292 33 58547 34 58801 37 59056 38 59311 39 59566 41 59821 42 60077 42 60332 42 60586 44 60841 44 61098 42 61354 42 61610 41 61866 40 62122 40 62378 39 62634 28 62663 9 62890 27 62920 8 63146 27 63177 6 63402 27 63436 2 63658 27 63914 27 64170 26 64426 26 64682 26 64938 25 65195 24 65452 23 65708 22 65965 14 65982 4 66221 13 66239 2 66477 13 66734 12 66991 11 67249 8 67508 4
40946065f7e4b6038599fbfd419f2a67e7635b6f89db3ed6c0d67c8801521af1,59286 12 59538 18 59790 24 60044 27 60294 34 60547 38 60800 41 61055 43 61310 44 61565 45 61821 45 62076 46 62332 46 62588 46 62844 46 63100 46 63355 47 63611 47 63867 47 64124 46 64380 46 64636 46 64893 45 65149 44 65406 43 65662 42 65918 41 66175 39 66431 38 66688 37 66945 35 67201 35 67458 34 67714 34 67971 33 68228 32 68485 31 68742 30 68999 29 69256 28 69513 27 69771 25 70028 24 70286 22 70544 19 70801 17 71059 14 71317 11 71575 6
40946065f7e4b6038599fbfd419f2a67e7635b6f89db3ed6c0d67c8801521af1,62959 3 63214 5 63470 5 63725 7 63981 8 64237 8 64493 8 64749 8 65005 8 65262 7 65518 8 65774 8 66031 7 66288 6 66546 3
40946065f7e4b6038599fbfd419f2a67e7635b6f89db3ed6c0d67c8801521af1,4865 1 5121 2 5377 3 5633 3 5889 4 6145 5 6401 5 6657 5 6913 6 7169 6 7425 6 7681 7 7937 7 8193 7 8449 7 8705 7 8961 8 9217 8 9473 8 9729 8 9985 8 10241 9 10497 9 10753 9 11009 9 11265 9 11521 9 11777 9 12033 9 12289 8 12545 8 12801 8 13057 7 13313 6 13569 5 13825 4 14081 3 14337 1
40946065f7e4b6038599fbfd419f2a67e7635b6f89db3ed6c0d67c8801521af1,67551 3 67805 6 68060 7 68315 7 68571 7 68827 7 69082 8 69337 9 69592 10 69848 9 70103 10 70359 10 70614 11 70869 11 71124 11 71380 10 71636 10 71891 10 72145 12 72396 17 72651 17 72906 17 73161 18 73416 19 73437 1 73671 23 73926 23 74181 24 74435 25 74690 25 74945 25 75200 25 75456 24 75711 24 75966 24 76221 24 76477 21 76732 21 76988 20 77244 19 77500 18 77756 17 78012 16 78268 15 78524 14 78781 11 79037 10 79293 9 79550 6
40946065f7e4b6038599fbfd419f2a67e7635b6f89db3ed6c0d67c8801521af1,68996 3 69247 9 69501 12 69756 15 70010 18 70265 21 70520 24 70775 26 71031 28 71286 31 71541 32 71797 31 72052 31 72308 30 72563 30 72819 28 73075 27 73330 27 73585 26 73840 26 74095 25 74350 25 74606 24 74861 24 75116 24 75371 24 75627 23 75882 23 76138 22 76393 23 76648 23 76903 23 77158 23 77413 24 77668 24 77923 24 78177 26 78432 26 78687 26 78942 26 79197 26 79451 27 79705 28 79960 28 80215 29 80470 29 80725 30 80980 30 81234 31 81489 32 81744 32
40946065f7e4b6038599fbfd419f2a67e7635b6f89db3ed6c0d67c8801521af1,47023 11 47275 17 47529 21 47783 25 48037 28 48291 31 48546 33 48801 34 49055 36 49310 37 49565 38 49820 39 50074 41 50329 42 50584 43 50839 44 51094 45 51349 46 51604 47 51859 49 52114 50 52369 51 52625 51 52880 52 53136 51 53392 51 53648 51 53904 50 54160 49 54416 48 54673 47 54930 45 55187 42 55444 40 55701 37 55958 33 56215 31 56473 24 56733 15
40946065f7e4b6038599fbfd419f2a67e7635b6f89db3ed6c0d67c8801521af1,61432 3 61687 6 61943 8 62199 9 62455 10 62711 10 62968 9 63225 8 63481 8 63738 7 63994 7 64250 7 64506 7 64762 7 65018 7 65273 8 65529 8 65785 8 66042 7 66299 6 66556 5 66814 3
40946065f7e4b6038599fbfd419f2a67e7635b6f89db3ed6c0d67c8801521af1,20703 3 20955 10 21210 14 21465 16 21720 18 21975 20 22230 21 22485 23 22741 23 22996 24 23252 24 23507 25 23762 26 24018 26 24273 27 24529 27 24785 27 25041 27 25297 27 25553 27 25809 26 26065 26 26321 26 26577 25 26833 25 27088 26 27343 26 27599 26 27855 25 28111 25 28367 24 28623 23 28879 23 29135 22 29391 22 29647 21 29903 21 30159 20 30415 19 30671 19 30927 19 31183 18 31439 17 31696 15 31952 14 32208 13 32464 12 32720 12 32977 10 33233 9 33490 6 33747 3
