40b00d701695d8ea5d59f95ac39e18004040c96d17fbc1a539317c674eca084b,131934 9 132444 13 132954 17 133465 19 133975 21 134483 26 134994 28 135506 29 136017 30 136528 31 137039 33 137551 33 138063 33 138575 34 139087 34 139598 35 140110 36 140622 36 141134 36 141646 37 142158 37 142670 38 143182 38 143694 39 144206 39 144718 39 145230 39 145742 39 146254 39 146767 38 147280 37 147792 37 148304 36 148817 35 149330 34 149842 33 150355 32 150868 29 151381 27 151894 25 152408 22 152922 16
40b00d701695d8ea5d59f95ac39e18004040c96d17fbc1a539317c674eca084b,228862 3 229372 5 229883 6 230395 6 230907 6 231418 7 231930 7 232442 7 232954 7 233465 8 233977 8 234489 8 235001 8 235513 8 236024 9 236536 9 237048 9 237560 9 238071 10 238583 10 239095 10 239607 10 240118 11 240630 11 241141 12 241653 12 242165 12 242676 13 243187 14 243699 14 244211 14 244722 15 245234 15 245745 16 246257 16 246769 16 247281 16 247793 16 248304 17 248816 17 249328 17 249839 18 250351 18 250863 18 251375 18 251887 18 252399 18 252912 17 253425 16 253937 16 254449 16 254961 16 255476 13 255989 12 256502 11 257015 10 257529 8 258041 8 258556 5
40b00d701695d8ea5d59f95ac39e18004040c96d17fbc1a539317c674eca084b,99723 11 100231 17 100742 19 101253 21 101764 24 102276 26 102788 27 103299 28 103810 31 104322 32 104834 33 105345 35 105857 36 106369 36 106881 37 107393 38 107905 38 108417 39 108929 39 109441 39 109953 39 110465 39 110977 39 111490 38 112002 38 112514 38 113026 37 113538 37 114051 35 114563 35 115076 34 115589 32 116101 31 116614 30 117128 26 117641 24 118154 22 118668 17 119182 13 119698 6
40b00d701695d8ea5d59f95ac39e18004040c96d17fbc1a539317c674eca084b,7420 6 7927 13 8435 18 8946 20 9457 22 9968 24 10478 27 10989 29 11500 30 12012 31 12523 33 13035 34 13547 34 14058 36 14570 37 15082 38 15593 39 16105 39 16617 40 17128 41 17640 41 18152 41 18664 42 19176 42 19688 43 20200 43 20712 43 21224 43 21737 41 22249 40 22762 40 23275 37 23313 1 23786 37 24299 35 24813 30 24844 2 25326 28 25839 25 26352 23 26866 19 27380 16 27894 11 28410 1 28412 2
40b00d701695d8ea5d59f95ac39e18004040c96d17fbc1a539317c674eca084b,116203 1 116711 12 117220 17 117731 19 118240 24 118751 26 119263 28 119773 32 120284 34 120796 35 121307 37 121818 38 122330 38 122842 39 123353 40 123865 40 124377 40 124889 40 125401 40 125913 40 126425 40 126937 40 127450 39 127962 39 128474 39 128987 38 129500 37 130013 35 130525 35 131038 33 131551 31 132064 29 132576 28 133089 26 133602 25 134115 21 134627 20 135141 16 135654 3 135659 5 135665 1 136166 1 136171 3
40b00d701695d8ea5d59f95ac39e18004040c96d17fbc1a539317c674eca084b,201333 2 201843 7 202354 10 202865 12 203376 13 203888 14 204398 17 204910 17 205422 19 205934 19 206445 21 206958 20 207471 20 207983 21 208495 21 209007 21 209520 21 210032 21 210545 20 211058 20 211570 21 212082 22 212595 20 213107 19 213620 18 214133 17 214647 14 215162 9 215675 6
40b00d701695d8ea5d59f95ac39e18004040c96d17fbc1a539317c674eca084b,308581 7 309091 12 309601 16 310112 17 310623 19 311135 19 311646 21 312157 23 312669 23 313181 24 313693 24 314205 25 314717 25 315229 25 315742 24 316254 24 316766 24 317278 24 317789 24 318300 25 318812 24 319324 22 319836 22 320348 20 320861 18 321375 15 321888 12 322400 1 322402 8
40b00d701695d8ea5d59f95ac39e18004040c96d17fbc1a539317c674eca084b,278532 10 279044 12 279553 18 280065 20 280577 20 281089 23 281601 24 282113 26 282625 27 283137 28 283649 29 284161 30 284673 31 285185 32 285697 33 286209 33 286721 33 287233 33 287745 33 288257 33 288769 33 289281 33 289793 32 290305 32 290817 31 291329 30 291841 30 292353 30 292865 29 293377 29 293889 28 294401 28 294913 27 295425 27 295937 26 296449 25 296961 24 297473 24 297985 23 298497 23 299009 23 299521 24 300033 23 300545 23 301057 23 301569 23 302081 22 302593 21 303105 21 303617 20 304129 19 304641 17 305153 15 305665 14 306177 11 306689 9 307201 6
40b00d701695d8ea5d59f95ac39e18004040c96d17fbc1a539317c674eca084b,306392 5 306900 13 307412 14 307924 15 308436 15 308948 16 309460 16 309972 16 310484 16 310996 17 311508 18 312019 19 312530 20 313044 18 313556 18 314068 18 314580 17 315092 17 315604 16 316115 17 316627 16 317139 15 317651 13 318163 12 318675 10 319188 6
40b00d701695d8ea5d59f95ac39e18004040c96d17fbc1a539317c674eca084b,39502 12 40011 17 40521 20 41031 23 41542 25 42053 28 42565 2 42568 26 43077 30 43588 32 44100 33 44612 33 45123 35 45635 36 46147 36 46659 37 47171 38 47682 39 48194 40 48706 40 49218 41 49730 41 50242 42 50754 43 51266 43 51778 43 52290 44 52802 44 53315 43 53828 43 54342 41 54854 41 55367 40 55881 36 55918 1 56394 38 56906 38 57419 37 57931 37 58443 37 58956 36 59468 36 59980 36 60492 37 61004 37 61517 37 62029 37 62541 37 63053 37 63565 37 64077 37 64589 37 65101 37 65613 37 66125 37 66637 37 67149 36 67661 35 68173 35 68685 35 69196 35 69709 34 70222 32 70735 31 71248 29 71761 27 72274 8 72289 10 72787 6 72803 7 73300 4 73316 4 73829 2 74341 2
40b00d701695d8ea5d59f95ac39e18004040c96d17fbc1a539317c674eca084b,96587 8 97093 17 97602 22 98111 27 98621 30 99133 30 99643 33 100154 35 100665 36 101176 37 101687 39 102198 40 102710 40 103222 40 103733 41 104245 41 104756 42 105268 42 105780 42 106292 42 106804 42 107316 42 107828 42 108340 42 108852 42 109364 41 109877 40 110389 39 110901 39 111413 39 111925 39 112439 36 112950 5 112964 23 113463 2 113483 16 113998 12 114510 12 115023 10 115537 7 116051 4
40b00d701695d8ea5d59f95ac39e18004040c96d17fbc1a539317c674eca084b,162519 4 163030 7 163539 11 164050 13 164560 15 165071 16 165583 16 166095 16 166606 17 167118 17 167629 18 168140 19 168652 19 169164 19 169676 19 170188 19 170700 19 171212 18 171723 19 172237 16 172750 15 173263 13 173776 10
40b00d701695d8ea5d59f95ac39e18004040c96d17fbc1a539317c674eca084b,259233 8 259742 14 260253 16 260764 18 261276 20 261787 22 262298 24 262809 26 263321 27 263833 27 264344 29 264856 29 265368 30 265880 30 266392 30 266903 31 267415 31 267927 31 268439 31 268951 30 269463 29 269975 29 270487 29 270999 28 271512 26 272024 25 272536 24 273049 22 273562 19 274075 16 274588 14 275100 13 275613 10
40b00d701695d8ea5d59f95ac39e18004040c96d17fbc1a539317c674eca084b,137038 1 137530 1 137543 8 138042 21 138554 21 139066 21 139578 20 140090 20 140602 20 141114 20 141626 20 142137 21 142649 21 143161 21 143673 21 144185 21 144697 21 145208 22 145720 22 146232 22 146744 23 147255 25 147767 25 148279 25 148792 25 149304 26 149816 26 150329 26 150841 27 151354 27 151866 28 152378 30 152891 31 153403 47 153916 47 154428 47 154941 46 155454 45 155967 44 156480 43 156993 41 157505 40 158018 39 158531 37 159046 33 159559 31 160074 27 160589 22 161103 17 161618 13
40b00d701695d8ea5d59f95ac39e18004040c96d17fbc1a539317c674eca084b,245290 7 245801 12 246312 16 246823 18 247335 19 247847 20 248359 20 248871 21 249382 22 249895 21 250407 21 250918 22 251431 21 251943 21 252455 22 252968 20 253480 20 253993 19 254505 19 255018 18 255530 18 256044 9 256054 6 256557 3
40b00d701695d8ea5d59f95ac39e18004040c96d17fbc1a539317c674eca084b,191923 6 192433 10 192944 11 193455 13 193967 14 194478 15 194990 16 195502 17 196014 17 196525 19 197038 17 197550 17 198062 17 198574 17 199087 16 199599 15 200111 15 200624 14 201137 13 201649 12 202162 11 202675 10 203188 8 203702 5 204216 3
40b00d701695d8ea5d59f95ac39e18004040c96d17fbc1a539317c674eca084b,72282 7 72793 10 73304 12 73815 14 74326 15 74837 16 75348 17 75858 20 76369 21 76880 22 77388 26 77899 27 78410 28 78921 29 79433 29 79945 28 80457 28 80969 28 81481 27 81993 26 82505 25 83018 23 83531 20 84045 16 84560 11
40b00d701695d8ea5d59f95ac39e18004040c96d17fbc1a539317c674eca084b,277714 8 278224 11 278735 13 279245 16 279756 18 280267 21 280778 23 281288 26 281799 28 282310 29 282822 30 283334 32 283846 32 284357 34 284869 35 285381 36 285893 37 286406 36 286919 36 287431 36 287944 36 288457 35 288970 34 289482 34 289994 34 290507 33 291019 33 291531 32 292042 33 292555 32 293067 31 293580 30 294092 29 294604 28 295116 28 295629 27 296141 26 296653 25 297168 22 297681 19 298195 12 298708 2 298711 4
40b00d701695d8ea5d59f95ac39e18004040c96d17fbc1a539317c674eca084b,400 53 911 54 1423 54 1935 54 2447 54 2959 54 3472 53 3985 52 4498 51 5010 49 5060 1 5523 48 5572 1 6036 48 6549 47 7062 44 7575 42 8088 40 8602 38 9115 35 9629 32 10143 29 10656 25 11172 12
40b00d701695d8ea5d59f95ac39e18004040c96d17fbc1a539317c674eca084b,10409 9 10918 14 11428 18 11938 21 12445 2 12448 24 12956 29 13469 29 13979 32 14490 33 15000 36 15509 40 16021 41 16533 42 17045 43 17556 44 18068 45 18580 46 19092 46 19604 47 20116 47 20628 48 21140 48 21652 48 22164 49 22676 49 23188 49 23700 50 24213 49 24725 49 25238 48 25751 47 26264 46 26777 44 27289 44 27801 43 28313 42 28826 40 29338 40 29851 37 30364 35 30877 33 31390 31 31903 29 32418 25 32934 16
40b00d701695d8ea5d59f95ac39e18004040c96d17fbc1a539317c674eca084b,112956 8 113465 18 113976 22 114486 24 114997 26 115507 30 116018 33 116529 35 117041 37 117552 39 118063 41 118574 43 119086 45 119597 52 120109 52 120620 55 121132 56 121644 57 122155 58 122667 58 123179 58 123691 58 124203 58 124715 58 125227 58 125739 58 126251 57 126763 57 127275 55 127787 55 128299 55 128812 52 129324 52 129836 51 130349 50 130861 48 131374 47 131886 46 132400 42 132912 42 133425 40 133937 38 134450 33 134964 30 135477 29 135990 27 136504 24 137018 20 137531 12
40b00d701695d8ea5d59f95ac39e18004040c96d17fbc1a539317c674eca084b,51257 4 51765 9 52277 11 52787 14 53299 16 53811 17 54322 20 54832 22 55344 23 55855 26 56368 26 56880 26 57392 27 57904 27 58416 27 58928 28 59440 28 59952 28 60464 28 60976 28 61488 29 62001 28 62513 28 63025 28 63537 28 64049 28 64562 27 65075 26 65586 27 66099 26 66611 26 67125 24 67637 24 68149 24 68662 23 69175 21 69690 17 70214 1
40b00d701695d8ea5d59f95ac39e18004040c96d17fbc1a539317c674eca084b,257756 7 258267 10 258777 14 259288 15 259799 17 260310 19 260822 20 261334 20 261846 20 262358 20 262871 19 263384 18 263897 17 264410 15 264923 13 265437 11 265950 8 266464 3
40b00d701695d8ea5d59f95ac39e18004040c96d17fbc1a539317c674eca084b,126419 1 126421 1 126423 2 126924 2 126927 1 126931 6 127433 17 127943 19 128454 20 128964 23 129476 24 129988 25 130500 25 131012 26 131524 27 132036 28 132548 28 133061 28 133573 29 134085 30 134597 30 135110 31 135622 32 136135 31 136648 30 137160 29 137673 27 138186 25 138699 23 139214 18 139727 16 140242 1 140246 4
