40bcdad218ac5f0885fc247d88fcad9f729f55c81c79d241a8f1559b6d8c0574,30248 7 30504 7 30760 8 31016 11 31271 13 31527 14 31783 14 32039 14 32295 15 32551 15 32807 15 33063 15 33319 15 33575 15 33832 13 34088 13 34345 12 34602 10 34859 9 35116 6
40bcdad218ac5f0885fc247d88fcad9f729f55c81c79d241a8f1559b6d8c0574,47759 9 48012 13 48266 15 48521 16 48776 17 49032 17 49288 16 49544 15 49800 15 50056 15 50312 14 50568 13 50824 12 51081 9
40bcdad218ac5f0885fc247d88fcad9f729f55c81c79d241a8f1559b6d8c0574,40789 2 41044 6 41299 8 41555 8 41810 9 42066 9 42321 10 42576 12 42833 11 43089 11 43349 7 43606 7 43862 7 44118 7 44374 7 44629 9 44885 9 45141 9 45397 9 45653 8 45910 5 46166 4
40bcdad218ac5f0885fc247d88fcad9f729f55c81c79d241a8f1559b6d8c0574,21205 9 21459 11 21714 13 21969 14 22224 15 22479 16 22735 16 22990 16 23246 15 23502 14 23758 13 24014 12 24271 10 24528 7
40bcdad218ac5f0885fc247d88fcad9f729f55c81c79d241a8f1559b6d8c0574,22695 9 22947 14 23202 15 23456 17 23712 17 23967 18 24223 17 24478 18 24733 19 24989 18 25245 18 25500 19 25756 18 26011 18 26267 17 26523 16 26779 15 27035 14 27291 14 27547 12 27804 9
40bcdad218ac5f0885fc247d88fcad9f729f55c81c79d241a8f1559b6d8c0574,61951 2 62205 4 62460 5 62716 5 62972 5 63228 5 63484 5 63740 5 63996 5 64252 5 64508 5 64765 4 65024 1
40bcdad218ac5f0885fc247d88fcad9f729f55c81c79d241a8f1559b6d8c0574,58471 8 58726 9 58979 13 59233 15 59488 17 59743 18 59998 19 60254 19 60510 19 60766 19 61022 19 61278 19 61534 19 61790 19 62046 19 62303 17 62561 13
40bcdad218ac5f0885fc247d88fcad9f729f55c81c79d241a8f1559b6d8c0574,11359 8 11614 10 11869 12 12125 12 12381 13 12637 13 12893 13 13149 13 13405 13 13661 13 13917 13 14174 12 14431 11 14687 11 14944 10 15201 9 15458 7
40bcdad218ac5f0885fc247d88fcad9f729f55c81c79d241a8f1559b6d8c0574,47396 6 47650 10 47906 12 48162 13 48418 14 48674 15 48930 16 49186 16 49442 16 49699 15 49955 16 50212 15 50469 14 50726 12 50983 11 51241 8
40bcdad218ac5f0885fc247d88fcad9f729f55c81c79d241a8f1559b6d8c0574,43343 6 43598 8 43854 8 44110 8 44367 7 44624 5
40bcdad218ac5f0885fc247d88fcad9f729f55c81c79d241a8f1559b6d8c0574,15900 10 16155 11 16410 13 16666 14 16922 14 17177 15 17433 15 17688 16 17944 16 18200 16 18456 16 18713 15 18969 15 19225 14 19481 14 19737 14 19993 14 20249 13 20505 13 20762 11 21018 11 21275 8
40bcdad218ac5f0885fc247d88fcad9f729f55c81c79d241a8f1559b6d8c0574,45004 7 45260 8 45515 11 45771 12 46027 13 46283 14 46539 14 46795 14 47051 13 47308 12 47564 12 47821 11 48078 10 48334 10 48594 4
