4193474b2f1c72f735b13633b219d9cabdd43c21d9c2bb4dfc4809f104ba4c06,7522 5 7775 10 8030 13 8284 16 8539 19 8794 21 9049 23 9304 24 9559 26 9814 28 10069 30 10324 31 10580 32 10836 33 11092 33 11347 35 11603 35 11859 36 12115 36 12371 36 12627 36 12883 36 13139 37 13395 37 13652 36 13908 36 14165 35 14421 35 14677 35 14934 34 15190 34 15446 34 15703 33 15959 33 16215 32 16472 31 16728 31 16984 31 17241 29 17497 28 17754 26 18011 25 18268 23 18524 23 18781 21 19038 20 19296 17 19553 15
4193474b2f1c72f735b13633b219d9cabdd43c21d9c2bb4dfc4809f104ba4c06,11569 7 11824 10 12079 12 12335 13 12590 16 12846 17 13101 19 13356 21 13611 22 13866 24 14122 25 14378 25 14634 26 14890 26 15147 26 15403 26 15660 26 15916 26 16172 27 16429 26 16685 27 16941 27 17197 28 17454 27 17710 28 17966 28 18222 29 18478 29 18734 30 18990 30 19246 31 19502 32 19758 32 20015 32 20272 31 20529 31 20786 30 21043 30 21300 29 21557 29 21815 27 22072 26 22329 25 22585 25 22842 24 23098 24 23355 23 23612 22 23870 20 24127 18 24384 17 24641 16 24898 15 25155 14 25412 12 25669 11 25927 8 26184 6
4193474b2f1c72f735b13633b219d9cabdd43c21d9c2bb4dfc4809f104ba4c06,527 7 539 7 778 25 1033 26 1289 26 1545 26 1801 27 2058 26 2314 27 2571 26 2827 26 3083 26 3340 26 3597 25 3853 25 4110 24 4367 23 4623 24 4880 23 5137 22 5394 21 5650 21 5907 20 6164 19 6420 20 6677 19 6934 18 7191 17 7448 16 7705 15 7962 15 8219 14 8477 12 8734 11 8991 9 9249 7 9507 4
4193474b2f1c72f735b13633b219d9cabdd43c21d9c2bb4dfc4809f104ba4c06,23945 14 24196 21 24450 24 24705 28 24959 32 25214 34 25470 36 25726 37 25981 39 26237 40 26493 41 26749 41 27005 42 27261 42 27517 42 27773 43 28029 43 28286 42 28542 42 28798 43 29055 42 29312 41 29569 40 29826 39 30083 38 30340 37 30597 36 30854 35 31112 33 31369 32 31626 32 31884 30 32141 29 32398 27 32656 25 32918 18 33177 13 33438 5
4193474b2f1c72f735b13633b219d9cabdd43c21d9c2bb4dfc4809f104ba4c06,38590 2 38845 7 39101 8 39357 10 39613 12 39870 16 40126 18 40382 20 40638 21 40894 21 41150 22 41407 22 41663 22 41919 23 42175 23 42431 24 42687 24 42943 24 43200 23 43457 23 43713 23 43970 23 44227 22 44484 22 44741 22 44998 21 45255 20 45512 20 45769 19 46026 18 46283 18 46540 17 46796 17 47053 17 47310 16 47568 14 47826 12 48083 11 48341 8
4193474b2f1c72f735b13633b219d9cabdd43c21d9c2bb4dfc4809f104ba4c06,13011 2 13266 4 13521 22 13777 24 14033 28 14289 29 14544 32 14800 33 15056 35 15312 36 15568 37 15825 37 16081 38 16337 38 16593 39 16849 40 17106 40 17362 41 17618 41 17874 42 18130 43 18386 43 18642 44 18898 46 19154 47 19411 46 19667 46 19924 45 20181 44 20437 44 20694 43 20951 42 21208 41 21465 40 21722 39 21979 38 22236 37 22493 36 22750 35 23007 34 23264 33 23521 32 23779 30 24036 29 24294 27 24551 26 24808 25 25066 23 25324 20 25582 17
4193474b2f1c72f735b13633b219d9cabdd43c21d9c2bb4dfc4809f104ba4c06,38627 11 38879 19 39134 21 39389 23 39645 24 39901 24 40157 24 40413 25 40669 25 40925 25 41181 25 41437 25 41694 24 41950 24 42207 23 42464 23 42720 23 42977 22 43233 22 43490 21 43746 21 44002 22 44259 21 44515 21 44771 22 45027 22 45284 21 45541 20 45798 19 46055 18 46312 17 46571 13 46831 8
4193474b2f1c72f735b13633b219d9cabdd43c21d9c2bb4dfc4809f104ba4c06,28273 7 28525 13 28780 18 29036 19 29292 20 29548 21 29804 22 30060 23 30316 24 30572 25 30828 26 31084 28 31341 28 31597 29 31853 31 32110 31 32366 32 32623 33 32880 36 33137 36 33393 37 33649 37 33906 36 34163 36 34419 36 34676 36 34932 36 35189 35 35445 35 35702 34 35959 32 36216 31 36472 31 36729 30 36986 29 37243 27 37500 26 37758 24 38015 23 38273 21 38530 20 38789 17 39046 16 39305 13 39563 10
4193474b2f1c72f735b13633b219d9cabdd43c21d9c2bb4dfc4809f104ba4c06,4443 7 4697 10 4951 13 5205 16 5460 17 5715 18 5970 19 6225 20 6480 20 6736 19 6992 18 7248 17 7504 16 7760 15 8016 14 8272 12 8528 11 8785 5
4193474b2f1c72f735b13633b219d9cabdd43c21d9c2bb4dfc4809f104ba4c06,60937 5 61192 7 61447 9 61703 10 61958 12 62214 13 62470 13 62726 14 62982 15 63238 16 63494 17 63750 18 64006 18 64262 18 64518 19 64774 20 65030 20 65286 20 65542 21 65798 21 66054 21 66310 22 66567 21 66823 22 67079 22 67335 22 67591 22 67848 21 68104 21 68361 20 68617 20 68873 20 69130 19 69386 19 69642 19 69899 18 70155 18 70411 18 70668 17 70924 17 71180 18 71437 17 71693 16 71950 15 72206 15 72462 15 72719 14 72975 13 73230 12 73486 11 73742 10 73998 9 74254 9 74511 8 74768 6 75026 3
4193474b2f1c72f735b13633b219d9cabdd43c21d9c2bb4dfc4809f104ba4c06,53749 5 54004 8 54260 9 54516 11 54772 13 55028 13 55284 13 55540 13 55797 12 56053 12 56309 12 56566 11 56823 10 57079 10 57336 9 57593 8 57850 7 58107 6 58364 5 58620 5 58877 4 59134 3 59390 3 59647 2 59903 2 60160 1
4193474b2f1c72f735b13633b219d9cabdd43c21d9c2bb4dfc4809f104ba4c06,66034 5 66289 8 66545 11 66800 14 67056 15 67311 17 67566 19 67813 2 67821 20 68066 6 68077 20 68321 7 68333 20 68577 6 68589 20 68832 7 68844 21 69088 7 69099 22 69344 8 69354 23 69599 34 69855 34 70111 34 70367 34 70623 34 70879 34 71135 34 71392 33 71648 33 71905 32 72161 32 72417 32 72674 30 72931 28 73187 22 73444 20 73703 16 73960 15 74219 12 74476 10
