43cf6b2ec0b0745ac2b87b4d8780f62e9050d3f5d50a1fcefa42d166191e84c6,33 10 545 19 1063 25 1091 2 1582 34 2100 38 2619 41 3137 45 3656 47 4174 50 4693 52 5211 55 5730 56 6249 58 6768 59 7287 61 7806 62 8325 64 8844 65 9364 65 9883 66 10403 66 10922 67 11441 68 11961 67 12481 67 13001 66 13521 66 14041 66 14561 65 15081 65 15601 64 16121 63 16642 61 17163 59 17684 57 18205 54 18726 51 19249 47 19773 3 19793 20 20319 10
43cf6b2ec0b0745ac2b87b4d8780f62e9050d3f5d50a1fcefa42d166191e84c6,105941 14 106458 29 106977 32 107496 35 108015 37 108534 39 109053 41 109572 43 110091 44 110610 46 111129 47 111649 48 112168 49 112687 50 113206 51 113725 52 114245 53 114765 53 115284 55 115804 55 116324 56 116844 56 117364 57 117884 57 118404 58 118924 58 119443 59 119963 59 120484 58 121004 58 121524 58 122044 57 122564 57 123085 55 123605 54 124126 53 124647 51 125168 49 125689 47 126211 44 126732 42 127254 38 127776 35 128299 29 128824 21
43cf6b2ec0b0745ac2b87b4d8780f62e9050d3f5d50a1fcefa42d166191e84c6,270450 12 270967 17 271485 20 272002 24 272521 26 273040 28 273559 29 274078 31 274598 31 275117 33 275637 33 276157 33 276676 35 277196 35 277716 36 278235 37 278755 37 279274 38 279794 39 280314 39 280833 41 281353 41 281873 42 282393 42 282913 43 283433 43 283953 43 284473 43 284993 43 285514 42 286034 42 286554 42 287074 42 287594 42 288114 42 288634 42 289154 42 289675 41 290195 40 290716 39 291236 39 291756 38 292276 38 292797 37 293317 37 293837 37 294358 35 294878 33 295399 30 295919 29 296440 27 296961 25 297482 23 298003 20 298524 18 299047 13
43cf6b2ec0b0745ac2b87b4d8780f62e9050d3f5d50a1fcefa42d166191e84c6,279002 8 279519 16 280037 22 280554 27 281073 31 281592 33 282111 35 282630 37 283150 38 283669 41 284189 42 284708 44 285228 45 285748 45 286267 47 286787 48 287306 50 287826 50 288346 51 288865 53 289385 53 289905 54 290425 54 290945 54 291465 54 291985 54 292506 54 293026 54 293546 54 294067 53 294587 53 295108 52 295628 53 296149 52 296669 52 297190 51 297711 50 298232 50 298753 49 299274 48 299796 46 300317 45 300838 44 301360 41 301881 40 302402 39 302923 38 303445 36 303967 34 304489 32 305011 29 305533 26 306055 23 306577 20 307100 15 307622 11
43cf6b2ec0b0745ac2b87b4d8780f62e9050d3f5d50a1fcefa42d166191e84c6,159427 8 159940 20 160454 30 160973 33 161491 37 162009 40 162526 44 163045 46 163564 47 164081 50 164600 52 165119 53 165638 54 166157 55 166676 56 167195 57 167714 58 168233 59 168752 59 169271 60 169791 60 170310 60 170829 61 171349 61 171868 61 172387 62 172907 61 173427 60 173946 61 174466 60 174986 59 175506 58 176026 57 176547 55 177067 54 177587 53 178108 51 178629 49 179150 47 179670 46 180191 44 180713 40 181235 37 181761 28 182292 14
43cf6b2ec0b0745ac2b87b4d8780f62e9050d3f5d50a1fcefa42d166191e84c6,275601 2 276121 3 276641 4 277161 5 277681 5 278201 6 278721 6 279241 7 279761 7 280281 7 280801 8 281321 8 281841 8 282361 8 282881 8 283401 8 283921 8 284441 8 284961 8 285481 8 286001 8 286521 8 287041 8 287561 8 288081 7 288601 7 289121 7 289641 6 290161 6 290681 5 291201 5 291721 4 292241 4 292761 3 293281 2 293801 1
43cf6b2ec0b0745ac2b87b4d8780f62e9050d3f5d50a1fcefa42d166191e84c6,250638 3 251156 5 251674 7 252193 8 252711 10 253229 12 253748 13 254267 14 254786 15 255305 16 255824 17 256343 18 256862 19 257382 19 257901 20 258421 20 258940 21 259460 21 259980 21 260499 22 261019 22 261538 23 262058 23 262578 23 263098 23 263619 22 264139 22 264659 22 265180 21 265701 20 266221 20 266742 19 267263 18 267784 17 268306 15 268827 14 269348 13 269870 11 270393 8 270916 5
43cf6b2ec0b0745ac2b87b4d8780f62e9050d3f5d50a1fcefa42d166191e84c6,127935 5 128451 11 128969 15 129487 18 130005 21 130523 24 131041 27 131561 27 132081 28 132601 29 133121 29 133641 30 134161 30 134681 30 135201 30 135721 30 136241 31 136761 31 137281 31 137801 31 138321 31 138841 30 139361 30 139881 30 140401 30 140921 30 141441 29 141961 29 142481 29 143001 28 143521 28 144041 27 144561 27 145081 26 145601 26 146121 25 146641 25 147161 24 147681 24 148201 24 148721 23 149241 22 149761 22 150281 21 150801 21 151321 20 151841 19 152361 18 152881 17 153401 15 153921 13 154441 10 154961 5
43cf6b2ec0b0745ac2b87b4d8780f62e9050d3f5d50a1fcefa42d166191e84c6,423 37 942 38 1461 39 1981 39 2500 40 3019 41 3539 41 4058 42 4578 42 5097 43 5617 43 6137 43 6657 42 7177 42 7697 42 8217 42 8737 42 9257 41 9777 41 10297 41 10817 40 11337 40 11857 40 12377 39 12897 38 13417 38 13938 36 14458 35 14978 34 15498 33 16019 31 16539 30 17059 29 17580 28 18100 27 18621 25 19142 23 19663 21 20184 19 20705 16 21226 14 21748 10 22270 6
43cf6b2ec0b0745ac2b87b4d8780f62e9050d3f5d50a1fcefa42d166191e84c6,39126 16 39641 25 40158 34 40676 40 41194 46 41712 50 42231 53 42750 55 43269 58 43789 59 44308 61 44827 62 45347 63 45867 63 46387 64 46906 65 47426 65 47947 64 48467 64 48987 63 49507 63 50027 63 50548 61 51068 60 51589 57 52110 55 52631 53 53153 49 53674 47 54196 43 54718 39 55242 31 55767 21
43cf6b2ec0b0745ac2b87b4d8780f62e9050d3f5d50a1fcefa42d166191e84c6,170635 5 171153 11 171670 15 172188 18 172707 20 173226 22 173745 24 174264 25 174783 26 175303 26 175823 26 176343 26 176862 27 177382 27 177901 28 178420 29 178938 31 179457 32 179976 33 180496 33 181015 34 181535 34 182054 35 182574 35 183094 35 183614 35 184133 36 184653 36 185173 36 185693 36 186212 37 186732 37 187252 37 187772 36 188292 36 188812 36 189332 35 189852 35 190372 35 190892 35 191412 35 191932 34 192452 34 192972 33 193493 32 194013 32 194533 31 195054 30 195574 29 196095 28 196615 27 197136 26 197657 24 198178 22 198699 20 199220 17 199741 14 200263 10
43cf6b2ec0b0745ac2b87b4d8780f62e9050d3f5d50a1fcefa42d166191e84c6,48306 10 48824 13 49343 15 49862 17 50382 18 50901 20 51421 20 51941 21 52460 24 52980 28 53499 30 54019 32 54539 33 55058 35 55578 36 56098 36 56618 37 57138 38 57657 40 58177 41 58697 41 59217 41 59738 40 60258 41 60777 42 61297 43 61818 42 62338 42 62858 42 63378 42 63898 42 64418 42 64938 42 65458 42 65978 42 66498 42 67018 41 67538 40 68058 40 68578 39 69099 37 69619 36 70139 35 70659 35 71179 34 71699 33 72219 32 72739 31 73260 30 73780 29 74300 29 74820 28 75341 26 75861 25 76381 24 76902 23 77422 22 77943 20 78463 19 78984 18 79505 16 80026 14 80547 12 81068 9 81589 5
43cf6b2ec0b0745ac2b87b4d8780f62e9050d3f5d50a1fcefa42d166191e84c6,299971 5 300486 15 301003 22 301521 26 302039 30 302558 33 303077 36 303595 40 304115 41 304634 44 305153 46 305672 48 306191 50 306711 51 307231 52 307750 54 308270 54 308790 55 309309 57 309829 57 310349 58 310869 58 311389 59 311909 60 312429 60 312950 60 313470 60 313990 61 314511 60 315031 60 315552 59 316073 59 316594 58 317115 56 317636 55 318157 54 318678 52 319199 51 319721 48 320243 46 320765 43 321286 41 321809 37 322331 34 322854 29 323377 23 323899 17 324422 8
43cf6b2ec0b0745ac2b87b4d8780f62e9050d3f5d50a1fcefa42d166191e84c6,263742 7 264259 13 264778 15 265297 18 265816 20 266335 22 266854 24 267373 25 267893 26 268413 26 268932 27 269452 28 269972 29 270492 29 271012 29 271532 30 272052 30 272572 31 273092 32 273612 33 274132 33 274652 33 275172 33 275692 33 276212 33 276732 33 277252 33 277772 33 278292 33 278812 33 279332 33 279852 33 280372 33 280893 32 281413 32 281933 32 282454 31 282974 30 283495 28 284016 25 284537 23 285058 21 285579 19 286101 16 286622 14 287144 10
43cf6b2ec0b0745ac2b87b4d8780f62e9050d3f5d50a1fcefa42d166191e84c6,55874 13 56390 20 56905 27 57421 33 57937 40 58455 43 58972 47 59490 50 60007 54 60525 56 61044 57 61563 59 62081 61 62600 62 63120 62 63639 63 64158 64 64678 64 65198 64 65717 65 66237 64 66757 64 67277 64 67797 63 68318 62 68838 62 69358 61 69879 59 70399 58 70920 56 71441 54 71962 52 72483 49 73004 46 73526 42 74047 38 74568 34 75089 29 75612 2 75619 13
43cf6b2ec0b0745ac2b87b4d8780f62e9050d3f5d50a1fcefa42d166191e84c6,179076 4 179594 9 180112 12 180630 15 181149 17 181668 19 182187 21 182706 22 183226 23 183745 24 184264 26 184784 26 185303 27 185823 27 186342 29 186862 29 187381 30 187901 31 188420 32 188940 32 189460 32 189979 33 190499 33 191018 34 191538 35 192058 35 192577 36 193097 36 193617 36 194137 36 194657 36 195176 37 195696 37 196216 37 196736 37 197256 37 197776 38 198296 38 198815 39 199335 39 199855 38 200375 38 200895 38 201415 38 201934 39 202454 39 202974 38 203494 38 204014 38 204534 38 205054 37 205574 37 206094 37 206614 36 207134 36 207654 36 208174 35 208694 34 209215 32 209735 32 210255 31 210775 30 211295 30 211816 28 212336 27 212857 26 213377 25 213898 23 214418 22 214939 21 215460 19 215981 16 216502 14 217024 10 217547 3
43cf6b2ec0b0745ac2b87b4d8780f62e9050d3f5d50a1fcefa42d166191e84c6,97240 1 97759 2 98278 3 98797 4 99316 5 99836 5 100355 6 100875 6 101395 6 101914 7 102434 7 102953 8 103473 8 103993 8 104513 8 105033 8 105553 8 106073 8 106593 8 107113 8 107633 8 108153 8 108673 8 109192 9 109711 10 110230 11 110749 12 111268 13 111788 13 112307 14 112827 14 113346 15 113866 15 114386 15 114906 15 115425 16 115945 16 116465 16 116985 16 117505 16 118025 16 118545 16 119065 16 119585 16 120105 16 120625 16 121145 16 121665 16 122185 16 122705 16 123225 16 123746 15 124266 15 124786 15 125306 15 125826 15 126346 15 126866 15 127387 14 127907 14 128427 14 128947 14 129468 13 129988 13 130508 13 131028 13 131549 12 132069 12 132589 12 133110 11 133630 11 134151 10 134671 10 135191 10 135712 9 136233 8 136754 7 137274 7 137795 6 138316 5 138837 4 139359 2
43cf6b2ec0b0745ac2b87b4d8780f62e9050d3f5d50a1fcefa42d166191e84c6,160583 18 161098 27 161615 32 162133 36 162652 39 163171 42 163690 46 164209 49 164729 51 165248 53 165768 54 166288 56 166808 57 167328 58 167848 58 168368 58 168889 57 169409 58 169929 58 170450 57 170970 57 171491 56 172012 55 172533 53 173055 51 173577 48 174100 44 174622 41 175145 37 175667 33 176190 29 176712 25 177235 20 177758 14
43cf6b2ec0b0745ac2b87b4d8780f62e9050d3f5d50a1fcefa42d166191e84c6,171482 3 171996 11 172514 19 173032 23 173551 26 174071 29 174590 32 175109 36 175629 38 176148 42 176668 44 177188 47 177708 50 178228 51 178747 53 179267 54 179787 55 180307 56 180827 56 181347 57 181867 58 182388 58 182908 58 183428 58 183949 58 184469 58 184990 57 185510 57 186031 56 186551 56 187072 55 187592 55 188113 53 188634 52 189155 50 189676 48 190198 45 190719 42 191241 38 191764 33 192288 27 192819 14
43cf6b2ec0b0745ac2b87b4d8780f62e9050d3f5d50a1fcefa42d166191e84c6,22349 12 22866 15 23378 23 23894 27 24413 28 24931 30 25450 31 25969 32 26488 33 27007 34 27527 34 28047 34 28567 34 29087 34 29607 34 30126 35 30646 35 31166 35 31686 35 32206 35 32726 35 33246 35 33766 35 34286 35 34806 35 35326 35 35846 35 36367 34 36887 34 37407 34 37928 33 38449 32 38969 32 39490 31 40011 30 40532 29 41053 28 41575 26 42097 24 42620 21 43141 20
43cf6b2ec0b0745ac2b87b4d8780f62e9050d3f5d50a1fcefa42d166191e84c6,212280 4 212797 11 213314 15 213833 18 214352 20 214871 21 215390 22 215910 23 216429 24 216949 25 217468 26 217988 27 218507 28 219026 30 219546 30 220066 31 220585 32 221105 32 221624 33 222144 34 222664 34 223184 34 223704 35 224223 36 224743 36 225263 36 225783 37 226303 37 226823 37 227343 37 227862 38 228382 38 228902 39 229422 39 229942 39 230462 39 230982 39 231502 39 232022 39 232542 39 233062 39 233582 39 234102 39 234622 39 235143 38 235663 38 236183 38 236703 38 237224 36 237744 36 238264 36 238785 35 239305 35 239825 34 240346 33 240867 32 241387 32 241908 30 242428 30 242949 28 243470 27 243990 27 244511 25 245032 23 245553 21 246075 18 246596 14 247118 8
43cf6b2ec0b0745ac2b87b4d8780f62e9050d3f5d50a1fcefa42d166191e84c6,192237 9 192750 21 193267 27 193785 31 194303 35 194821 38 195339 41 195858 43 196376 46 196895 48 197414 49 197933 51 198452 52 198971 54 199490 56 200010 56 200529 57 201049 57 201568 59 202088 59 202608 59 203127 60 203647 60 204167 60 204687 60 205207 60 205727 60 206247 59 206767 59 207287 59 207808 57 208328 57 208848 56 209369 55 209889 54 210410 52 210930 51 211451 50 211972 48 212493 45 213016 40 213538 35 214059 18 214585 3
43cf6b2ec0b0745ac2b87b4d8780f62e9050d3f5d50a1fcefa42d166191e84c6,19583 9 20101 15 20619 19 21137 23 21656 25 22175 28 22695 30 23214 32 23733 34 24253 34 24772 35 25292 36 25812 36 26331 38 26851 38 27371 39 27890 40 28410 41 28930 41 29450 41 29970 41 30489 43 31009 43 31529 43 32049 43 32569 43 33089 43 33609 43 34129 44 34649 44 35169 44 35689 44 36209 45 36729 45 37249 45 37769 45 38290 45 38810 45 39330 45 39851 43 40371 43 40891 43 41412 42 41932 41 42453 40 42973 40 43494 38 44015 37 44536 36 45056 35 45577 34 46098 32 46618 31 47139 30 47660 28 48182 25 48703 23 49225 20 49746 16 50269 10
