4590d7d47f521df62f3bcb0bf74d1bca861d94ade614d8afc912d1009d607b94,31163 7 31418 9 31673 11 31928 15 32184 19 32440 21 32696 22 32951 23 33207 23 33463 23 33719 23 33974 23 34230 23 34486 22 34741 23 34997 23 35253 23 35509 23 35765 23 36021 23 36277 22 36533 22 36789 22 37046 21 37303 20 37560 19 37818 18 38075 17 38333 15 38590 14 38847 13 39103 13 39359 13 39616 12 39872 12 40129 12 40386 11 40643 10 40900 8
4590d7d47f521df62f3bcb0bf74d1bca861d94ade614d8afc912d1009d607b94,76525 6 76778 10 77032 12 77287 13 77540 16 77793 19 78048 20 78302 21 78556 22 78811 21 79066 21 79322 20 79577 20 79831 21 80085 22 80340 23 80595 23 80851 22 81107 21 81362 21 81618 20 81874 19
4590d7d47f521df62f3bcb0bf74d1bca861d94ade614d8afc912d1009d607b94,72225 11 72478 21 72732 24 72986 28 73241 31 73495 34 73750 36 74005 37 74260 38 74516 38 74772 38 75029 36 75286 33 75543 31 75801 29 76058 27 76315 25 76572 3 76577 18 76837 13 77094 11 77351 8 77609 4
4590d7d47f521df62f3bcb0bf74d1bca861d94ade614d8afc912d1009d607b94,1292 6 1546 9 1800 12 2054 15 2309 17 2564 19 2819 21 3074 23 3329 25 3585 26 3841 26 4097 26 4353 26 4609 25 4865 25 5121 25 5377 24 5633 23 5889 22 6145 22 6402 20 6659 9 6916 7
4590d7d47f521df62f3bcb0bf74d1bca861d94ade614d8afc912d1009d607b94,25358 9 25612 13 25866 16 26120 19 26373 22 26628 23 26884 23 27139 24 27394 25 27649 26 27905 26 28161 26 28417 25 28673 18 28929 15 29185 13 29442 11 29699 9 29956 7
4590d7d47f521df62f3bcb0bf74d1bca861d94ade614d8afc912d1009d607b94,77856 5 78111 7 78365 9 78620 10 78875 11 79130 12 79385 13 79640 14 79896 14 80151 15 80407 14 80663 14 80919 13 81176 11 81435 5
4590d7d47f521df62f3bcb0bf74d1bca861d94ade614d8afc912d1009d607b94,8286 5 8541 10 8794 14 9047 17 9301 20 9556 22 9811 23 10067 23 10323 24 10579 24 10835 25 11091 25 11346 26 11602 26 11858 26 12114 26 12370 25 12627 24 12883 24 13139 23 13396 21 13652 20 13909 16 14165 15 14422 12 14679 10 14937 6
4590d7d47f521df62f3bcb0bf74d1bca861d94ade614d8afc912d1009d607b94,78935 11 79190 14 79445 16 79701 17 79957 18 80214 17 80471 17 80727 17 80983 17 81238 18 81493 3 81501 10 81749 2 81758 9
4590d7d47f521df62f3bcb0bf74d1bca861d94ade614d8afc912d1009d607b94,9777 8 10031 13 10286 15 10542 20 10567 6 10798 32 11053 35 11309 36 11565 37 11821 37 12077 37 12333 37 12590 35 12846 35 13102 35 13358 34 13615 32 13871 31 14127 30 14384 28 14641 26 14897 25 15154 23 15410 22 15667 19 15923 18 16180 16 16438 12
4590d7d47f521df62f3bcb0bf74d1bca861d94ade614d8afc912d1009d607b94,3835 6 4090 7 4345 8 4601 8 4857 8 5113 8 5369 8 5625 8 5881 8 6137 8 6393 8 6649 8 6905 8 7162 7 7418 7 7674 7 7930 7 8186 7 8442 7 8698 7 8954 7 9210 7 9466 7 9723 6 9980 5 10237 4 10494 3 10751 2
4590d7d47f521df62f3bcb0bf74d1bca861d94ade614d8afc912d1009d607b94,68706 7 68960 10 69213 14 69468 16 69721 19 69976 20 70231 21 70486 22 70742 23 70998 23 71253 24 71508 25 71763 27 72019 27 72275 27 72531 27 72787 27 73043 26 73299 26 73555 25 73812 24 74068 24 74325 22 74582 21 74838 20 75095 18 75353 15 75610 12 75867 6
4590d7d47f521df62f3bcb0bf74d1bca861d94ade614d8afc912d1009d607b94,607 9 862 11 1117 13 1372 15 1627 17 1882 19 2138 20 2394 21 2650 23 2906 24 3162 25 3418 25 3674 24 3930 23 4186 22 4442 22 4699 21 4955 20 5212 18 5468 18 5724 17 5981 15 6237 14 6494 12 6752 9 7009 8
4590d7d47f521df62f3bcb0bf74d1bca861d94ade614d8afc912d1009d607b94,60644 3 60650 8 60898 17 61153 18 61409 18 61665 18 61915 3 61920 18 62170 24 62426 24 62682 24 62938 24 63195 22 63453 20 63711 17 63968 16 64224 16 64480 15 64736 15 64992 14 65248 14 65504 13 65761 12 66017 11 66274 9 66533 5
4590d7d47f521df62f3bcb0bf74d1bca861d94ade614d8afc912d1009d607b94,53678 6 53933 9 54188 11 54444 12 54699 14 54955 16 55211 18 55467 19 55723 20 55979 20 56235 21 56491 21 56747 21 57003 21 57259 21 57516 20 57772 19 58029 18 58286 17 58543 15 58800 14 59064 5
4590d7d47f521df62f3bcb0bf74d1bca861d94ade614d8afc912d1009d607b94,17460 10 17714 14 17968 17 18223 20 18478 22 18732 24 18987 25 19242 27 19497 28 19752 30 20007 32 20263 32 20519 32 20775 33 21031 33 21288 7 21303 17 21560 17 21816 17 22073 15 22329 15 22585 14 22842 13 23100 10 23357 8 23615 4
4590d7d47f521df62f3bcb0bf74d1bca861d94ade614d8afc912d1009d607b94,16243 8 16495 14 16750 16 17005 17 17260 18 17515 20 17771 20 18027 20 18283 21 18539 21 18795 21 19051 21 19307 21 19563 20 19820 18 20076 16 20332 15 20589 13 20847 4
4590d7d47f521df62f3bcb0bf74d1bca861d94ade614d8afc912d1009d607b94,9096 4 9350 7 9605 9 9861 11 10116 14 10372 15 10627 18 10883 20 11139 22 11395 23 11651 24 11907 24 12164 23 12422 21 12681 17 12939 14 13196 10 13452 8 13709 4
4590d7d47f521df62f3bcb0bf74d1bca861d94ade614d8afc912d1009d607b94,59060 4 59315 10 59569 13 59823 15 60078 17 60333 19 60588 20 60844 21 61100 21 61355 22 61611 23 61867 23 62123 23 62379 23 62636 22 62892 21 63148 20 63404 19 63660 19 63916 18 64173 17 64430 15 64688 11 64946 7
4590d7d47f521df62f3bcb0bf74d1bca861d94ade614d8afc912d1009d607b94,76915 8 77167 14 77422 16 77677 20 77932 22 78187 24 78443 25 78699 26 78955 26 79211 26 79467 26 79723 26 79980 25 80236 25 80492 25 80749 23 81006 21 81263 19 81520 11 81536 1 81777 9
4590d7d47f521df62f3bcb0bf74d1bca861d94ade614d8afc912d1009d607b94,49722 6 49977 8 50232 10 50487 12 50743 13 50999 13 51254 14 51510 14 51766 14 52021 15 52277 15 52532 16 52787 17 53043 17 53298 18 53554 18 53810 18 54067 17 54323 17 54579 17 54835 16 55091 15 55348 13 55606 8 55863 6
4590d7d47f521df62f3bcb0bf74d1bca861d94ade614d8afc912d1009d607b94,60872 7 61127 9 61383 9 61639 10 61895 10 62151 10 62407 10 62663 10 62919 10 63175 10 63430 11 63686 11 63942 10 64197 11 64452 11 64705 13 64959 14 65214 14 65470 13 65726 12 65982 10 66238 8 66495 5
4590d7d47f521df62f3bcb0bf74d1bca861d94ade614d8afc912d1009d607b94,20 11 275 14 530 16 786 17 1042 18 1298 19 1555 18 1812 17 2069 16 2326 14 2583 12 2840 10 3097 6
4590d7d47f521df62f3bcb0bf74d1bca861d94ade614d8afc912d1009d607b94,47 8 302 12 557 14 811 17 1066 19 1322 19 1578 19 1834 19 2090 19 2346 20 2602 20 2859 19 3116 17 3373 16 3629 15 3885 15 4142 13 4399 12 4656 10
4590d7d47f521df62f3bcb0bf74d1bca861d94ade614d8afc912d1009d607b94,8381 9 8636 16 8889 20 9144 20 9400 19 9656 19 9912 18 10168 18 10425 17 10681 18 10938 18 11195 18 11451 19 11708 17 11965 6
4590d7d47f521df62f3bcb0bf74d1bca861d94ade614d8afc912d1009d607b94,41037 4 41292 7 41547 9 41802 11 42058 11 42313 13 42568 14 42823 15 43079 16 43335 17 43591 17 43847 17 44103 17 44360 16 44617 15 44873 15 45130 14 45387 13 45643 13 45900 11 46158 8
4590d7d47f521df62f3bcb0bf74d1bca861d94ade614d8afc912d1009d607b94,32630 4 32881 11 33135 14 33390 16 33645 18 33900 21 34155 23 34411 23 34666 24 34922 25 35178 25 35433 26 35689 26 35945 25 36201 25 36457 25 36713 24 36969 24 37225 24 37482 22 37743 15 38001 12 38259 9
4590d7d47f521df62f3bcb0bf74d1bca861d94ade614d8afc912d1009d607b94,231 26 488 25 744 25 1001 24 1257 24 1514 23 1771 22 2028 21 2285 20 2542 19 2800 17 3058 15 3315 11 3572 9
4590d7d47f521df62f3bcb0bf74d1bca861d94ade614d8afc912d1009d607b94,12418 4 12672 9 12927 12 13182 14 13437 15 13693 16 13949 19 14205 19 14461 19 14717 19 14973 19 15229 19 15485 18 15742 16 15998 16 16255 14 16513 10 16770 7
4590d7d47f521df62f3bcb0bf74d1bca861d94ade614d8afc912d1009d607b94,57176 8 57431 10 57684 13 57939 15 58194 17 58449 19 58704 21 58959 22 59214 23 59470 23 59726 23 59982 23 60238 23 60493 24 60748 25 61003 26 61259 26 61515 26 61771 26 62027 25 62283 23 62539 19 62796 16 63054 12 63311 10
4590d7d47f521df62f3bcb0bf74d1bca861d94ade614d8afc912d1009d607b94,26853 6 27108 8 27364 9 27619 10 27874 11 28129 13 28385 13 28640 14 28890 20 29144 22 29398 23 29653 23 29908 24 30164 23 30419 23 30675 22 30931 22 31187 21 31444 18 31701 12 31958 6
4590d7d47f521df62f3bcb0bf74d1bca861d94ade614d8afc912d1009d607b94,36489 9 36744 13 36999 15 37253 17 37508 18 37763 19 38018 21 38273 23 38526 27 38781 29 39037 29 39292 30 39548 29 39804 28 40060 28 40316 27 40573 24 40829 23 41086 19 41345 13 41602 5 41859 3
4590d7d47f521df62f3bcb0bf74d1bca861d94ade614d8afc912d1009d607b94,47610 7 47861 12 48115 14 48370 15 48624 17 48878 19 49133 20 49389 20 49644 21 49900 21 50156 21 50412 21 50668 21 50924 21 51180 21 51436 21 51692 21 51948 21 52205 20 52461 20 52717 20 52974 19 53230 19 53486 19 53743 18 54000 17 54256 17 54512 17 54769 16 55026 15 55283 14 55540 13 55796 13 56053 12 56313 8 56572 5
4590d7d47f521df62f3bcb0bf74d1bca861d94ade614d8afc912d1009d607b94,20092 3 20347 5 20602 6 20851 14 21103 18 21358 19 21614 20 21870 20 22126 20 22382 20 22639 19 22895 19 23151 19 23407 19 23664 17 23920 17 24177 15 24433 15 24690 13 24947 10 25204 7
4590d7d47f521df62f3bcb0bf74d1bca861d94ade614d8afc912d1009d607b94,3618 5 3873 7 4128 8 4384 8 4640 8 4896 8 5152 8 5407 9 5663 8 5919 8 6175 8 6431 8 6687 8 6943 8 7200 6
4590d7d47f521df62f3bcb0bf74d1bca861d94ade614d8afc912d1009d607b94,27430 9 27685 12 27939 16 28193 19 28448 21 28704 22 28959 24 29214 25 29469 26 29724 28 29980 28 30236 29 30492 29 30748 30 31004 30 31260 30 31516 30 31773 29 32029 29 32285 29 32542 27 32799 25 33056 23 33312 23 33569 21 33826 20 34083 18 34340 16 34597 14 34855 11 35113 8
4590d7d47f521df62f3bcb0bf74d1bca861d94ade614d8afc912d1009d607b94,42996 4 43248 13 43503 17 43759 18 44014 19 44269 20 44525 20 44781 20 45037 20 45292 21 45547 22 45801 24 46056 25 46311 26 46567 26 46823 26 47079 26 47335 26 47592 18 47851 10
4590d7d47f521df62f3bcb0bf74d1bca861d94ade614d8afc912d1009d607b94,181 19 437 21 692 23 947 26 1202 28 1457 29 1713 30 1969 31 2225 31 2481 32 2737 32 2993 32 3249 14 3271 10 3505 13 3528 9 3761 12 3785 8 4018 11 4042 6 4274 12 4531 15 4788 15 5047 13 5304 12 5561 11 5819 9 6077 6
4590d7d47f521df62f3bcb0bf74d1bca861d94ade614d8afc912d1009d607b94,76858 5 77113 7 77369 7 77624 8 77879 9 78134 10 78389 10 78645 10 78900 10 79156 10 79412 10 79668 10 79924 10 80180 11 80435 13 80690 14 80944 16 81199 17 81455 17 81711 16
4590d7d47f521df62f3bcb0bf74d1bca861d94ade614d8afc912d1009d607b94,55439 3 55693 6 55947 10 56202 12 56457 13 56712 15 56968 15 57223 16 57479 16 57734 17 57989 17 58245 17 58500 18 58756 18 59012 18 59268 18 59524 18 59780 18 60036 18 60292 17 60549 15 60805 14 61061 13 61318 10 61576 6
4590d7d47f521df62f3bcb0bf74d1bca861d94ade614d8afc912d1009d607b94,2197 6 2451 11 2706 13 2961 15 3217 16 3473 17 3728 21 3983 24 4239 25 4495 25 4751 26 5007 27 5263 27 5520 26 5776 26 6032 26 6289 25 6545 25 6802 24 7059 22 7316 21 7573 20 7830 17 8087 13 8345 8 8602 6
4590d7d47f521df62f3bcb0bf74d1bca861d94ade614d8afc912d1009d607b94,16647 5 16902 7 17157 9 17412 11 17667 12 17923 12 18178 13 18433 14 18689 14 18945 14 19201 14 19457 14 19713 13 19969 13 20225 13 20481 12 20737 12 20993 11 21249 11 21505 10 21762 8 22019 5
4590d7d47f521df62f3bcb0bf74d1bca861d94ade614d8afc912d1009d607b94,52955 13 53208 17 53462 19 53716 22 53971 23 54226 24 54482 24 54738 24 54994 24 55250 24 55506 24 55762 23 56018 23 56274 23 56530 22 56786 21 57043 19 57299 18 57555 17 57811 16 58067 15 58323 14 58579 14 58835 13 59091 11 59348 9 59609 3
4590d7d47f521df62f3bcb0bf74d1bca861d94ade614d8afc912d1009d607b94,67135 3 67387 8 67642 9 67897 10 68151 12 68406 13 68659 16 68912 19 69156 31 69411 31 69667 31 69923 31 70179 31 70435 31 70692 30 70949 29 71206 27 71463 21 71720 18 71977 14 72236 10
4590d7d47f521df62f3bcb0bf74d1bca861d94ade614d8afc912d1009d607b94,18321 5 18576 8 18831 10 19087 11 19343 12 19599 13 19855 13 20111 13 20367 14 20623 15 20879 15 21135 15 21390 16 21646 16 21902 16 22158 15 22415 8
4590d7d47f521df62f3bcb0bf74d1bca861d94ade614d8afc912d1009d607b94,44437 8 44687 16 44941 19 45196 22 45451 24 45706 26 45962 28 46217 30 46472 32 46728 33 46983 35 47238 37 47494 38 47750 39 48006 40 48262 41 48518 41 48774 42 49030 42 49286 43 49542 43 49799 42 50056 41 50313 40 50570 39 50828 37 51085 36 51342 34 51600 32 51857 30 52113 29 52370 27 52626 26 52883 24 53139 23 53395 22 53652 20 53909 18 54167 15 54424 12
4590d7d47f521df62f3bcb0bf74d1bca861d94ade614d8afc912d1009d607b94,3666 5 3918 11 4171 15 4425 17 4680 19 4935 20 5190 22 5446 22 5702 22 5957 24 6212 25 6467 25 6723 24 6978 24 7234 24 7490 23 7746 22 8003 20 8259 19 8516 16 8774 10
4590d7d47f521df62f3bcb0bf74d1bca861d94ade614d8afc912d1009d607b94,61172 13 61427 14 61683 14 61938 15 62194 15 62450 15 62706 15 62962 15 63217 16 63473 16 63728 17 63984 17 64240 17 64495 18 64751 18 65006 19 65262 19 65517 20 65773 20 66028 21 66283 22 66538 23 66793 24 67048 24 67303 24 67557 26 67811 27 68066 26 68318 29 68573 29 68829 28 69085 27 69341 26 69597 25 69854 9 69871 6
4590d7d47f521df62f3bcb0bf74d1bca861d94ade614d8afc912d1009d607b94,38659 5 38913 13 39169 18 39425 19 39681 20 39937 21 40193 22 40449 24 40705 25 40961 25 41217 26 41474 27 41731 27 41988 26 42244 26 42501 25 42758 24 43014 24 43271 23 43527 22 43784 20 44041 17 44298 14 44555 7
4590d7d47f521df62f3bcb0bf74d1bca861d94ade614d8afc912d1009d607b94,45767 11 46021 14 46274 18 46529 21 46785 22 47040 23 47296 24 47552 24 47808 25 48064 25 48320 25 48577 24 48833 24 49089 24 49346 22 49603 21 49860 19 50118 16
4590d7d47f521df62f3bcb0bf74d1bca861d94ade614d8afc912d1009d607b94,74147 7 74402 11 74657 13 74913 14 75169 15 75425 15 75680 16 75935 18 76190 19 76445 20 76699 22 76954 23 77210 23 77466 23 77722 23 77979 22 78236 21 78492 21 78748 21 79005 20 79261 19 79518 18 79774 18 80031 16 80287 15 80544 14 80800 14 81057 12 81314 11 81571 10 81828 8
4590d7d47f521df62f3bcb0bf74d1bca861d94ade614d8afc912d1009d607b94,143 29 399 28 656 26 915 18 1175 7
4590d7d47f521df62f3bcb0bf74d1bca861d94ade614d8afc912d1009d607b94,55706 7 55961 10 56216 12 56472 13 56727 15 56983 16 57239 17 57495 17 57751 18 58006 20 58262 20 58518 21 58774 22 59030 22 59286 22 59542 23 59798 23 60054 23 60310 23 60567 21 60823 21 61080 20 61337 18 61593 18 61850 17 62107 16 62364 15 62621 15 62878 14 63135 13 63393 11 63650 9 63908 6 64165 4
4590d7d47f521df62f3bcb0bf74d1bca861d94ade614d8afc912d1009d607b94,9191 16 9446 20 9702 21 9958 22 10214 22 10469 23 10725 23 10981 23 11236 24 11489 27 11744 29 12000 29 12256 28 12512 27 12769 25 13026 24 13282 23 13538 23 13794 22 14050 21 14306 19 14562 17 14819 15 15076 9 15333 5
4590d7d47f521df62f3bcb0bf74d1bca861d94ade614d8afc912d1009d607b94,67072 1 67327 2 67583 2 67838 3 68092 5 68347 6 68602 7 68858 7 69114 7 69370 7 69626 7 69883 6 70139 6 70395 6 70652 5 70908 5 71164 5 71420 5 71676 5 71932 5 72189 4
4590d7d47f521df62f3bcb0bf74d1bca861d94ade614d8afc912d1009d607b94,80262 12 80517 15 80772 18 81027 21 81282 23 81540 21 81798 19
4590d7d47f521df62f3bcb0bf74d1bca861d94ade614d8afc912d1009d607b94,25480 14 25734 17 25989 18 26245 18 26500 19 26755 20 27011 21 27267 21 27522 22 27778 22 28034 21 28290 21 28546 21 28802 21 29058 20 29314 20 29571 19 29829 16 30094 7 30353 3
4590d7d47f521df62f3bcb0bf74d1bca861d94ade614d8afc912d1009d607b94,59943 6 60196 10 60451 12 60707 13 60962 14 61217 15 61473 15 61728 17 61983 18 62239 18 62495 18 62751 19 63008 18 63264 19 63520 20 63776 20 64032 21 64288 22 64544 23 64800 24 65056 25 65312 28 65568 29 65824 30 66080 30 66336 30 66592 29 66849 28 67105 27 67361 26 67617 25 67873 24 68130 21 68387 19 68646 13 68903 9
4590d7d47f521df62f3bcb0bf74d1bca861d94ade614d8afc912d1009d607b94,71358 11 71612 14 71865 17 72119 19 72374 21 72630 21 72885 22 73141 21 73397 21 73652 21 73908 21 74164 21 74420 21 74676 21 74932 21 75189 20 75445 20 75702 19 75959 18 76215 17 76472 16 76730 14 76987 12 77245 10 77502 8 77760 4
4590d7d47f521df62f3bcb0bf74d1bca861d94ade614d8afc912d1009d607b94,17681 7 17936 9 18191 10 18447 10 18703 10 18959 10 19215 10 19471 10 19726 11 19982 11 20238 11 20493 12 20749 11 21004 11 21260 10 21516 9 21773 8 22031 5
4590d7d47f521df62f3bcb0bf74d1bca861d94ade614d8afc912d1009d607b94,9164 9 9419 11 9675 12 9930 14 10186 15 10442 16 10699 16 10956 15 11213 14 11470 13 11727 11 11984 9 12242 4
4590d7d47f521df62f3bcb0bf74d1bca861d94ade614d8afc912d1009d607b94,11774 3 12029 4 12284 5 12539 6 12794 7 13050 7 13305 8 13561 8 13816 9 14071 10 14325 12 14579 14 14834 15 15089 16 15345 16 15601 16 15857 16 16113 16 16370 15 16627 14 16883 14 17140 13 17398 11 17655 10 17913 8 18170 7 18428 4
4590d7d47f521df62f3bcb0bf74d1bca861d94ade614d8afc912d1009d607b94,47399 7 47654 10 47908 13 48163 15 48419 16 48675 17 48931 18 49187 18 49443 19 49699 19 49954 20 50209 21 50464 23 50719 24 50975 24 51230 24 51486 24 51742 24 51998 23 52254 23 52511 21 52767 20 53024 19 53281 17 53538 16 53794 15 54051 13 54308 11 54565 9 54822 6 55079 4
4590d7d47f521df62f3bcb0bf74d1bca861d94ade614d8afc912d1009d607b94,36517 6 36770 12 37025 14 37281 14 37537 14 37793 14 38049 14 38305 14 38561 15 38816 17 39072 17 39328 17 39584 17 39841 15 40097 15 40353 15 40610 14 40866 14 41122 14 41379 13 41636 12 41893 11 42150 9 42407 7
4590d7d47f521df62f3bcb0bf74d1bca861d94ade614d8afc912d1009d607b94,3698 6 3953 8 4208 10 4464 11 4720 12 4975 14 5230 16 5486 17 5741 18 5996 20 6251 21 6506 22 6761 23 7017 23 7273 23 7529 23 7785 22 8041 21 8297 20 8553 19 8810 17 9067 15 9325 12 9584 9 9841 7 10099 3
4590d7d47f521df62f3bcb0bf74d1bca861d94ade614d8afc912d1009d607b94,16928 6 17183 8 17438 10 17693 12 17948 13 18204 13 18460 14 18716 14 18972 14 19228 14 19484 13 19740 12 19996 11 20252 10 20508 9 20764 9 21020 8 21275 8 21531 7 21787 7 22043 6 22299 5 22556 3
4590d7d47f521df62f3bcb0bf74d1bca861d94ade614d8afc912d1009d607b94,62100 7 62354 10 62609 12 62865 13 63121 14 63377 14 63633 14 63889 15 64146 14 64402 14 64659 13 64915 13 65172 12 65429 11 65686 10 65943 8 66201 5
4590d7d47f521df62f3bcb0bf74d1bca861d94ade614d8afc912d1009d607b94,42803 3 42809 4 43058 13 43314 14 43570 17 43826 19 44082 21 44338 22 44595 22 44851 22 45107 23 45363 24 45619 24 45876 24 46132 26 46389 26 46645 26 46901 26 47157 27 47413 27 47669 27 47926 26 48189 19 48447 17 48704 16 48960 16 49217 14 49473 12 49730 10 49988 7
4590d7d47f521df62f3bcb0bf74d1bca861d94ade614d8afc912d1009d607b94,71 13 327 13 583 12 839 11 1096 9 1352 8 1609 6
4590d7d47f521df62f3bcb0bf74d1bca861d94ade614d8afc912d1009d607b94,35162 7 35413 14 35654 30 35909 32 36165 32 36421 32 36677 32 36933 33 37189 33 37445 33 37701 33 37958 6 37967 24 38224 23 38482 21 38739 20 38996 18 39253 16 39511 5
4590d7d47f521df62f3bcb0bf74d1bca861d94ade614d8afc912d1009d607b94,19136 6 19389 12 19644 14 19900 17 20155 21 20411 22 20667 23 20923 23 21179 24 21434 26 21690 26 21946 26 22202 26 22458 26 22714 25 22970 25 23226 24 23483 22 23739 20 23995 17 24252 14 24508 13 24765 10 25022 8 25279 6
4590d7d47f521df62f3bcb0bf74d1bca861d94ade614d8afc912d1009d607b94,15704 7 15957 12 16211 15 16465 18 16719 21 16973 23 17227 26 17480 30 17733 34 17988 36 18244 36 18500 36 18756 36 19012 35 19269 34 19525 34 19782 32 20039 31 20295 30 20551 30 20808 28 21064 27 21320 26 21577 24 21833 23 22090 21 22347 19 22603 17 22860 11 23117 8 23374 5
4590d7d47f521df62f3bcb0bf74d1bca861d94ade614d8afc912d1009d607b94,65615 6 65867 11 66121 13 66376 15 66629 20 66884 22 67140 23 67395 24 67651 25 67907 26 68163 26 68419 27 68675 27 68931 27 69187 26 69444 24 69708 13 69965 11 70222 9 70479 7 70735 7 70991 7 71247 6 71503 5 71760 3
4590d7d47f521df62f3bcb0bf74d1bca861d94ade614d8afc912d1009d607b94,44407 6 44660 12 44913 16 45168 18 45422 22 45677 24 45932 25 46187 26 46442 28 46697 29 46953 29 47208 30 47464 30 47720 30 47976 30 48232 30 48488 30 48744 30 49000 30 49256 30 49513 29 49770 28 50027 8 50038 16 50284 6 50295 15 50551 15 50807 15 51063 15 51318 15 51574 15 51830 15 52087 13 52344 11 52602 9 52859 7
4590d7d47f521df62f3bcb0bf74d1bca861d94ade614d8afc912d1009d607b94,72449 3 72705 4 72961 4 73217 5 73473 6 73729 7 73985 8 74241 9 74497 9 74753 10 75009 11 75265 12 75521 22 75777 24 76033 25 76289 26 76545 27 76801 27 77057 27 77313 26 77569 24 77825 23 78081 21 78338 19
4590d7d47f521df62f3bcb0bf74d1bca861d94ade614d8afc912d1009d607b94,33535 2 33785 8 34040 9 34296 9 34551 10 34807 10 35063 10 35319 10 35574 11 35830 11 36086 11 36342 11 36598 11 36855 10 37111 10 37367 10 37624 9 37881 8 38138 7 38395 6 38654 3 38912 1
4590d7d47f521df62f3bcb0bf74d1bca861d94ade614d8afc912d1009d607b94,52077 10 52331 13 52586 16 52841 18 53096 20 53351 21 53606 22 53861 23 54116 24 54371 25 54627 25 54883 25 55139 25 55395 24 55651 24 55907 24 56163 23 56420 22 56677 20 56933 20 57190 18 57447 16 57704 14 57963 10
4590d7d47f521df62f3bcb0bf74d1bca861d94ade614d8afc912d1009d607b94,7433 5 7688 12 7943 15 8198 17 8454 18 8710 18 8966 19 9222 19 9477 20 9733 20 9989 21 10245 21 10501 21 10758 19 11014 19 11270 19 11527 18 11783 17 12040 15 12297 13 12555 10
4590d7d47f521df62f3bcb0bf74d1bca861d94ade614d8afc912d1009d607b94,22368 4 22620 11 22875 14 23130 17 23386 18 23642 19 23898 20 24154 20 24410 20 24666 20 24922 20 25179 19 25436 18 25694 15 25951 13 26209 10
4590d7d47f521df62f3bcb0bf74d1bca861d94ade614d8afc912d1009d607b94,65141 5 65396 8 65651 10 65906 11 66161 12 66417 12 66673 13 66929 13 67185 14 67441 14 67697 15 67953 15 68209 16 68466 15 68722 15 68978 16 69234 16 69490 16 69746 16 70002 16 70258 16 70515 15 70771 15 71027 15 71283 15 71540 14 71796 13 72053 11 72310 8
4590d7d47f521df62f3bcb0bf74d1bca861d94ade614d8afc912d1009d607b94,16358 7 16613 10 16867 13 17122 15 17377 16 17633 16 17888 17 18144 17 18399 18 18654 19 18909 20 19163 22 19418 22 19674 22 19929 23 20185 22 20441 22 20697 21 20953 21 21209 20 21465 19 21722 17 21978 17 22235 15 22491 13 22748 11
4590d7d47f521df62f3bcb0bf74d1bca861d94ade614d8afc912d1009d607b94,7593 7 7847 11 8100 15 8353 18 8608 20 8863 21 9119 22 9375 23 9632 22 9888 23 10144 23 10400 23 10656 23 10912 23 11168 22 11424 22 11681 20 11937 18 12193 15 12450 11
