45cc00f2ef95da6698bf590663e319d7c0ed4fb99d42dd3cf4060887da74fb81,20494 6 20852 13 21210 17 21568 20 21926 24 22285 26 22643 29 23002 31 23361 33 23720 34 24080 35 24439 37 24798 38 25158 39 25517 40 25876 42 26236 43 26596 43 26956 43 27315 45 27675 46 28034 47 28394 47 28754 47 29114 47 29474 47 29833 48 30193 48 30553 48 30913 48 31273 48 31633 48 31993 48 32352 49 32712 49 33072 49 33432 49 33792 49 34152 49 34512 49 34872 49 35232 49 35591 50 35951 50 36311 50 36671 50 37031 50 37391 50 37751 50 38111 50 38471 50 38831 50 39191 50 39551 49 39912 47 40272 47 40632 47 40993 46 41353 46 41714 45 42075 44 42436 42 42796 42 43157 40 43518 38 43879 37 44240 36 44602 33 44963 32 45325 30 45687 27 46048 25 46410 22 46772 19 47135 13
45cc00f2ef95da6698bf590663e319d7c0ed4fb99d42dd3cf4060887da74fb81,1441 21 1801 23 2161 24 2521 26 2881 27 3241 28 3601 30 3961 33 4321 35 4681 36 5041 39 5401 40 5761 41 6121 42 6481 43 6841 44 7201 44 7561 45 7921 45 8281 46 8641 46 9001 46 9361 46 9721 46 10081 46 10441 46 10801 46 11161 45 11521 45 11881 45 12241 45 12601 45 12961 44 13321 43 13681 41 14041 40 14401 37 14762 33 15130 20
45cc00f2ef95da6698bf590663e319d7c0ed4fb99d42dd3cf4060887da74fb81,70201 7 70561 9 70921 10 71281 11 71641 12 72001 13 72361 14 72721 14 73081 14 73441 15 73801 15 74161 15 74521 15 74881 15 75241 15 75601 15 75961 15 76321 15 76681 15 77041 14 77401 14 77761 14 78121 14 78481 14 78841 13 79201 13 79561 13 79921 12 80281 12 80641 11 81001 10 81361 10 81721 9 82081 9 82441 8 82801 7 83161 6 83521 5 83881 4 84241 4 84601 3 84961 2 85321 1
45cc00f2ef95da6698bf590663e319d7c0ed4fb99d42dd3cf4060887da74fb81,115919 2 116277 4 116633 8 116991 10 117349 12 117708 13 118066 15 118425 16 118784 17 119143 18 119502 19 119862 19 120221 20 120580 21 120939 22 121298 23 121658 23 122018 23 122377 24 122737 24 123096 25 123456 25 123816 25 124176 25 124536 25 124896 25 125255 26 125615 26 125975 26 126335 26 126695 26 127055 26 127415 26 127775 26 128135 26 128495 26 128855 26 129215 26 129575 26
45cc00f2ef95da6698bf590663e319d7c0ed4fb99d42dd3cf4060887da74fb81,32512 7 32869 13 33228 16 33586 19 33945 21 34304 23 34663 25 35022 26 35382 27 35741 29 36101 29 36460 31 36820 31 37180 31 37539 33 37899 33 38259 34 38619 35 38979 35 39339 36 39699 36 40058 37 40418 37 40778 37 41138 37 41498 38 41858 38 42218 38 42578 39 42938 39 43298 39 43658 39 44018 39 44378 39 44737 41 45097 41 45457 41 45817 41 46177 40 46537 40 46897 40 47257 40 47617 40 47977 40 48337 40 48697 40 49057 39 49418 37 49778 37 50138 36 50498 36 50858 35 51218 35 51579 33 51939 32 52299 32 52660 30 53021 28 53381 26 53741 25 54102 23 54463 21 54824 19 55184 18 55545 16 55906 14 56268 11 56633 3
45cc00f2ef95da6698bf590663e319d7c0ed4fb99d42dd3cf4060887da74fb81,296 65 655 66 1014 67 1373 68 1732 69 2091 70 2450 71 2809 72 3168 73 3527 74 3886 75 4246 75 4605 76 4964 77 5324 77 5683 78 6043 78 6403 78 6762 78 7122 77 7482 77 7841 78 8201 78 8561 78 8921 78 9281 78 9641 77 10001 77 10361 76 10721 75 11081 74 11441 73 11802 71 12162 70 12522 70 12883 68 13243 67 13604 65 13965 63 14326 61 14687 59 15048 56 15409 54 15770 50 16132 45 16493 43 16856 37 17219 30 17580 25 17942 20 18310 5
45cc00f2ef95da6698bf590663e319d7c0ed4fb99d42dd3cf4060887da74fb81,2668 9 3027 11 3385 15 3744 18 4103 20 4461 23 4820 25 5179 27 5538 28 5897 30 6257 31 6616 32 6975 33 7335 34 7694 35 8053 36 8413 37 8773 37 9132 38 9492 39 9852 39 10211 40 10571 41 10931 41 11290 42 11650 43 12009 44 12369 44 12729 44 13089 44 13449 44 13808 45 14168 45 14528 45 14888 45 15248 44 15608 44 15968 44 16328 45 16688 45 17048 45 17408 45 17768 45 18128 45 18487 46 18847 45 19207 45 19567 44 19927 44 20287 44 20647 44 21007 43 21367 43 21727 42 22087 42 22447 41 22807 41 23167 40 23528 39 23888 39 24248 38 24609 37 24969 36 25330 34 25690 34 26051 32 26411 32 26771 31 27132 30 27493 28 27853 28 28214 27 28575 25 28936 24 29297 22 29658 20 30021 14 30383 10
45cc00f2ef95da6698bf590663e319d7c0ed4fb99d42dd3cf4060887da74fb81,81068 7 81426 13 81783 19 82140 26 82498 29 82855 33 83214 34 83573 36 83931 39 84289 41 84647 44 85005 47 85364 48 85723 50 86081 52 86440 54 86799 55 87158 57 87517 59 87875 61 88234 62 88593 63 88953 63 89312 64 89671 65 90030 66 90390 66 90749 66 91109 66 91468 67 91827 68 92186 69 92546 68 92906 68 93265 69 93624 69 93984 69 94344 68 94703 68 95063 68 95423 67 95783 66 96143 64 96503 63 96863 61 97223 59 97583 58 97944 55 98304 54 98665 49 99026 46 99386 43 99747 40 100108 37 100471 31 100833 26 101195 20 101561 6
45cc00f2ef95da6698bf590663e319d7c0ed4fb99d42dd3cf4060887da74fb81,71639 2 71998 3 72358 3 72717 4 73077 4 73437 4 73796 5 74156 5 74516 5 74876 5 75236 5 75596 5 75956 5 76315 6 76675 6 77035 6 77395 6 77755 6 78115 6 78475 6 78835 6 79195 6 79555 6 79915 6 80275 6 80635 6 80995 6 81355 6 81715 6 82075 6 82435 6 82796 5 83156 5 83516 5 83876 5 84237 4 84597 4 84957 4 85318 3 85678 3 86039 2
45cc00f2ef95da6698bf590663e319d7c0ed4fb99d42dd3cf4060887da74fb81,61863 5 62218 13 62576 18 62932 23 63288 28 63647 30 64005 33 64364 34 64722 37 65081 38 65440 40 65799 41 66157 43 66516 44 66875 46 67234 47 67593 48 67952 49 68311 50 68670 51 69029 52 69388 53 69748 53 70107 54 70467 54 70826 55 71186 55 71545 56 71904 57 72264 57 72623 58 72983 58 73342 59 73702 58 74062 58 74421 59 74781 58 75140 59 75500 59 75860 58 76220 57 76580 57 76940 57 77300 56 77659 56 78019 56 78379 56 78739 56 79099 55 79458 54 79818 53 80178 52 80538 51 80898 50 81258 49 81617 49 81977 48 82337 47 82697 46 83057 45 83418 44 83778 43 84138 40 84499 38 84860 36 85221 33 85582 30 85942 29 86303 26 86664 24 87025 21 87387 18 87749 14 88112 9
45cc00f2ef95da6698bf590663e319d7c0ed4fb99d42dd3cf4060887da74fb81,115820 3 116177 9 116535 12 116892 17 117251 20 117610 22 117969 24 118328 26 118688 26 119047 28 119407 29 119766 30 120126 30 120485 31 120845 32 121205 32 121565 33 121924 34 122284 34 122644 34 123003 36 123363 36 123722 37 124082 37 124442 37 124801 38 125161 38 125521 38 125880 39 126240 39 126600 39 126959 40 127319 40 127679 40 128038 41 128398 41 128758 40 129118 40 129478 39
45cc00f2ef95da6698bf590663e319d7c0ed4fb99d42dd3cf4060887da74fb81,36625 5 36981 14 37339 19 37695 25 38053 28 38411 32 38769 35 39128 37 39486 40 39845 42 40204 44 40562 47 40920 49 41279 51 41637 54 41996 55 42355 56 42714 58 43073 59 43433 59 43792 60 44151 62 44511 62 44870 63 45230 63 45589 65 45949 65 46308 66 46668 66 47028 66 47388 66 47748 66 48107 67 48467 67 48827 67 49187 66 49547 66 49908 64 50268 64 50628 64 50988 63 51348 63 51709 61 52069 60 52429 60 52790 59 53150 59 53510 58 53871 57 54231 57 54592 55 54952 54 55313 52 55674 50 56034 49 56395 47 56756 45 57117 43 57478 41 57839 38 58200 36 58562 33 58923 30 59284 27 59646 24 60008 19 60370 14 60734 8
45cc00f2ef95da6698bf590663e319d7c0ed4fb99d42dd3cf4060887da74fb81,112494 4 112849 14 113208 17 113566 20 113923 25 114282 27 114641 29 115000 31 115359 32 115718 34 116077 35 116437 36 116796 38 117155 39 117514 41 117874 42 118233 43 118593 44 118952 46 119312 47 119672 48 120032 48 120391 50 120751 50 121111 51 121470 52 121830 52 122190 53 122550 53 122909 54 123269 54 123629 54 123989 54 124349 54 124709 54 125069 54 125428 55 125788 55 126148 55 126508 54 126868 54 127228 54 127588 54 127948 53 128308 53 128669 51 129029 51 129389 50
45cc00f2ef95da6698bf590663e319d7c0ed4fb99d42dd3cf4060887da74fb81,112413 17 112441 9 112770 41 113129 43 113488 45 113848 46 114207 51 114566 53 114925 56 115285 57 115644 59 116004 60 116364 61 116724 61 117084 62 117443 64 117803 64 118163 64 118522 66 118882 66 119242 66 119602 66 119962 66 120322 65 120682 65 121042 65 121403 64 121763 64 122123 63 122484 62 122845 60 123205 59 123565 59 123926 58 124286 58 124646 57 125007 56 125367 55 125728 53 126088 53 126449 51 126810 49 127170 49 127531 47 127891 46 128252 44 128614 41 128975 39 129337 33
45cc00f2ef95da6698bf590663e319d7c0ed4fb99d42dd3cf4060887da74fb81,126361 1 126721 3 127081 4 127441 6 127801 8 128161 10 128521 12 128881 13 129241 14
45cc00f2ef95da6698bf590663e319d7c0ed4fb99d42dd3cf4060887da74fb81,74341 9 74700 12 75057 18 75416 20 75775 22 76134 24 76493 26 76852 28 77212 28 77571 30 77931 31 78291 31 78650 33 79010 33 79369 35 79729 36 80089 37 80449 39 80809 41 81168 44 81528 45 81888 47 82248 48 82608 49 82968 50 83328 50 83688 51 84048 51 84408 52 84768 53 85128 53 85488 53 85848 54 86208 54 86568 54 86928 54 87288 54 87648 54 88008 54 88367 55 88727 56 89087 56 89448 55 89808 56 90168 56 90528 56 90888 56 91248 56 91609 55 91969 54 92329 54 92689 54 93049 53 93410 52 93770 52 94130 51 94490 51 94850 51 95211 50 95571 49 95932 47 96292 47 96653 46 97013 45 97374 43 97734 42 98095 41 98455 40 98815 39 99176 37 99536 34 99897 30 100258 23 100619 20 100980 18 101342 13 101704 9
