45f059cf21d85ecfce0eb93260516f1e2443d210e9a52f9ae2271d604aa3fcc5,175 50 430 52 686 53 942 54 1197 56 1453 57 1708 59 1964 59 2220 59 2476 60 2731 62 2987 62 3243 62 3499 61 3755 59 4011 58 4267 57 4523 56 4779 55 5035 54 5291 53 5548 51 5804 51 6060 50 6317 49 6573 48 6829 47 7086 46 7343 44 7600 43 7857 41 8114 39 8371 38 8628 4 8634 31 8891 30 9149 27 9406 26 9662 26 9918 26 10175 24 10431 23 10687 23 10944 22 11200 21 11457 20 11714 19 11973 15 12230 12 12489 8 12746 7
45f059cf21d85ecfce0eb93260516f1e2443d210e9a52f9ae2271d604aa3fcc5,36282 6 36534 12 36785 18 37039 22 37293 26 37542 34 37797 36 38053 38 38308 40 38561 44 38816 47 39072 48 39327 50 39583 52 39839 53 40095 54 40351 54 40607 55 40863 56 41119 57 41375 58 41631 59 41887 60 42144 60 42400 61 42657 61 42913 64 43169 65 43425 66 43682 65 43938 65 44194 65 44450 66 44707 65 44963 66 45219 66 45476 66 45732 67 45988 67 46244 68 46501 67 46757 68 47013 68 47270 68 47527 68 47783 68 48040 67 48296 67 48553 67 48810 66 49066 66 49323 65 49580 64 49836 64 50092 63 50349 62 50606 61 50863 60 51119 59 51376 57 51633 55 51890 53 52147 51 52404 50 52662 47 52919 44 53176 42 53434 39 53691 37 53953 31 54214 25 54476 16 54735 11 54993 2
45f059cf21d85ecfce0eb93260516f1e2443d210e9a52f9ae2271d604aa3fcc5,55892 19 56147 29 56403 31 56659 34 56914 38 57170 41 57425 47 57681 49 57936 51 58192 53 58447 55 58703 57 58958 59 59214 61 59469 63 59725 64 59981 65 60237 66 60493 67 60749 68 61005 69 61261 69 61518 69 61774 69 62031 69 62287 69 62544 69 62801 69 63057 69 63314 69 63571 68 63827 69 64083 69 64340 69 64598 68 64855 67 65112 66 65369 66 65627 65 65884 64 66141 63 66401 59 66659 57 66916 57 67174 55 67431 55 67688 54 67945 53 68205 49 68462 48 68722 43 68980 41 69237 40 69495 38 69752 36 70011 33 70269 31 70528 27 70785 25 71042 22 71302 17 71562 10
45f059cf21d85ecfce0eb93260516f1e2443d210e9a52f9ae2271d604aa3fcc5,2797 15 3049 21 3305 24 3560 25 3814 27 4069 28 4324 29 4579 30 4834 31 5089 32 5344 33 5599 34 5855 34 6110 35 6366 35 6621 36 6876 37 7132 37 7387 38 7643 38 7898 39 8153 40 8409 40 8665 40 8921 40 9176 41 9432 41 9688 41 9944 41 10199 42 10454 43 10710 43 10966 43 11221 44 11477 44 11733 44 11988 45 12242 47 12497 48 12753 48 13008 49 13264 49 13520 49 13777 48 14034 47 14290 47 14547 46 14804 45 15061 44 15318 43 15575 42 15832 41 16090 39 16348 37 16605 36 16862 35 17120 33 17377 32 17634 31 17892 29 18156 21 18413 20 18670 19 18933 12 19191 10 19453 4
45f059cf21d85ecfce0eb93260516f1e2443d210e9a52f9ae2271d604aa3fcc5,16819 9 17073 12 17327 14 17581 17 17835 19 18089 22 18345 24 18600 27 18856 27 19112 27 19368 27 19625 29 19881 30 20137 32 20394 32 20650 32 20906 32 21162 34 21418 34 21674 34 21930 35 22186 35 22443 34 22699 34 22955 34 23212 33 23471 29 23735 20 23991 20 24249 18 24506 17 24762 17 25018 16 25275 15 25532 3 25538 8 25796 3
45f059cf21d85ecfce0eb93260516f1e2443d210e9a52f9ae2271d604aa3fcc5,36705 4 36949 4 36957 9 37204 19 37458 23 37714 25 37969 32 38224 37 38480 39 38735 41 38990 43 39245 45 39501 47 39756 50 40012 52 40267 54 40522 56 40777 59 41034 59 41290 60 41546 60 41802 60 42058 61 42314 62 42570 62 42826 63 43082 64 43338 65 43595 64 43851 65 44107 65 44363 66 44619 67 44876 67 45132 67 45388 68 45644 68 45901 67 46157 68 46414 67 46670 68 46927 69 47184 71 47440 73 47697 73 47953 74 48210 74 48466 75 48723 74 48980 73 49236 73 49492 72 49749 71 50007 69 50265 67 50522 66 50779 65 51037 63 51294 62 51552 59 51812 49 52070 45 52327 36 52585 31 52843 26 53100 23 53358 20 53622 11
45f059cf21d85ecfce0eb93260516f1e2443d210e9a52f9ae2271d604aa3fcc5,22118 9 22373 14 22628 19 22883 26 23138 28 23393 29 23649 30 23905 31 24160 33 24416 35 24672 38 24928 39 25184 40 25440 41 25696 41 25952 40 26208 40 26464 40 26720 40 26976 39 27232 38 27489 36 27745 35 28001 32 28257 12 28513 11 28769 9 29026 5
45f059cf21d85ecfce0eb93260516f1e2443d210e9a52f9ae2271d604aa3fcc5,28033 3 28271 22 28526 26 28778 31 29031 35 29284 39 29539 41 29794 42 30050 43 30306 44 30562 45 30818 46 31074 47 31330 47 31586 48 31842 49 32099 49 32355 50 32611 50 32868 50 33124 51 33381 51 33637 52 33893 53 34150 52 34406 53 34663 53 34920 53 35178 52 35436 51 35693 50 35950 50 36207 50 36464 50 36721 49 36978 49 37235 50 37492 50 37750 47 38008 45 38265 43 38523 38 38780 36 39039 33 39297 30 39555 28 39812 27 40070 25 40330 21 40590 17 40849 14 41108 11 41366 7 41624 4
45f059cf21d85ecfce0eb93260516f1e2443d210e9a52f9ae2271d604aa3fcc5,54950 19 55202 30 55458 32 55713 37 55969 39 56224 43 56479 37 56517 6 56735 44 56780 3 56989 50 57248 50 57504 28 57533 16 57550 4 57760 50 58017 49 58273 49 58529 18 58785 3
45f059cf21d85ecfce0eb93260516f1e2443d210e9a52f9ae2271d604aa3fcc5,37928 15 38183 17 38437 19 38691 22 38943 27 39198 29 39453 31 39709 33 39964 35 40219 38 40475 43 40730 46 40986 47 41241 48 41497 48 41753 48 42009 47 42265 47 42521 47 42777 47 43033 48 43289 48 43545 48 43801 48 44056 49 44312 50 44568 50 44824 50 45081 49 45337 49 45594 49 45850 49 46107 49 46364 48 46620 48 46877 47 47134 46 47390 46 47647 46 47903 46 48160 45 48417 44 48674 43 48930 43 49187 42 49444 40 49701 14 49958 12 50215 10 50472 8
45f059cf21d85ecfce0eb93260516f1e2443d210e9a52f9ae2271d604aa3fcc5,59551 2 59806 5 60062 7 60318 8 60574 9 60830 10 61086 12 61106 2 61109 1 61342 17 61360 9 61598 28 61855 30 62111 31 62368 32 62625 35 62881 37 63138 36 63395 36 63654 35 63910 35 64167 34 64424 31 64680 31 64938 29 65196 27 65453 26 65712 23 65971 19 66233 13 66490 12 66748 9 67004 9 67261 8 67517 8 67774 6 68030 1
45f059cf21d85ecfce0eb93260516f1e2443d210e9a52f9ae2271d604aa3fcc5,68939 3 69194 8 69447 13 69463 23 69699 45 69954 48 70208 52 70462 55 70716 58 70970 61 71225 62 71478 66 71731 70 71984 74 72238 77 72493 79 72746 83 73001 85 73255 88 73510 89 73765 91 74020 92 74274 94 74529 95 74785 95 75040 97 75296 97 75552 97 75808 97 76064 97 76320 97 76575 98 76831 98 77086 99 77342 99 77599 97 77855 97 78112 96 78368 96 78625 94 78881 94 79138 92 79394 91 79651 89 79908 86 80165 84 80423 80 80680 78 80939 73 81196 71 81455 67 81712 23 81749 28
45f059cf21d85ecfce0eb93260516f1e2443d210e9a52f9ae2271d604aa3fcc5,55872 14 56126 17 56379 20 56634 21 56889 21 57143 23 57398 24 57653 24 57908 25 58164 24 58420 24 58677 23 58933 22 59189 22 59445 22 59701 22 59957 21 60213 21 60470 20 60726 19 60983 17 61240 15 61497 13 61754 11 62016 4
45f059cf21d85ecfce0eb93260516f1e2443d210e9a52f9ae2271d604aa3fcc5,73399 4 73636 4 73642 18 73887 31 74139 42 74393 46 74648 48 74901 52 75156 54 75412 57 75668 59 75924 60 76180 62 76436 63 76692 65 76948 66 77204 67 77461 67 77718 67 77974 68 78231 68 78487 69 78744 69 79001 71 79257 72 79514 71 79770 71 80027 70 80284 70 80540 70 80795 72 81051 72 81308 72 81606 30 81863 29
45f059cf21d85ecfce0eb93260516f1e2443d210e9a52f9ae2271d604aa3fcc5,60689 24 60944 28 61200 32 61455 36 61709 39 61964 40 62219 41 62475 42 62730 44 62984 47 63239 49 63493 52 63748 55 64004 56 64259 58 64515 59 64770 60 65026 61 65282 61 65538 62 65794 63 66050 63 66306 64 66562 65 66818 65 67074 65 67330 65 67586 65 67842 65 68098 65 68353 66 68609 66 68865 66 69121 66 69377 66 69633 66 69889 65 70146 62 70403 59 70662 54 70920 50 71178 47 71438 40 71699 32 71958 26 72217 21 72479 14
