4948e3dfe0483c2198b9616612071ead5474dffd223071cf0a567aea9aca0b9e,97141 4 97500 10 97859 12 98215 18 98574 20 98934 21 99293 24 99653 25 100012 26 100371 28 100731 29 101091 29 101451 30 101810 31 102170 32 102530 32 102890 33 103250 33 103609 35 103969 35 104328 36 104687 37 105046 39 105405 40 105765 40 106125 39 106484 39 106844 38 107204 38 107564 39 107924 39 108284 39 108644 38 109004 38 109364 38 109724 37 110083 37 110442 38 110801 38 111161 38 111521 37 111880 38 112240 37 112600 37 112960 36 113320 35 113680 34 114040 33 114400 33 114760 32 115120 31 115481 29 115841 28 116201 27 116562 25 116922 24 117283 21 117645 18 118007 15 118370 11
4948e3dfe0483c2198b9616612071ead5474dffd223071cf0a567aea9aca0b9e,33060 9 33419 13 33777 16 34136 18 34495 20 34854 24 35213 26 35573 26 35933 27 36293 28 36653 28 37013 29 37373 29 37732 31 38092 31 38452 31 38812 32 39172 33 39532 33 39892 33 40252 34 40612 35 40971 36 41331 36 41691 36 42050 37 42409 38 42768 39 43126 40 43485 41 43843 43 44201 44 44560 45 44918 46 45277 46 45636 46 45995 47 46355 46 46715 45 47074 45 47434 44 47794 43 48153 43 48513 42 48873 40 49233 39 49593 35 49953 32 50313 31 50674 29 51034 28 51395 26 51756 24 52117 21 52478 17 52839 15 53201 12 53563 6
4948e3dfe0483c2198b9616612071ead5474dffd223071cf0a567aea9aca0b9e,13768 3 14127 5 14487 5 14847 5 15208 3
4948e3dfe0483c2198b9616612071ead5474dffd223071cf0a567aea9aca0b9e,115571 14 115929 18 116287 21 116644 25 117003 27 117362 29 117721 31 118081 32 118441 33 118801 34 119161 34 119521 35 119881 35 120241 36 120601 37 120961 37 121321 38 121681 38 122041 39 122401 39 122761 40 123121 40 123481 41 123841 41 124201 41 124561 42 124921 42 125281 43 125641 43 126001 43 126361 43 126722 43 127083 42 127443 42 127804 41 128165 41 128526 40 128886 40 129247 39
4948e3dfe0483c2198b9616612071ead5474dffd223071cf0a567aea9aca0b9e,57463 5 57820 13 58177 19 58535 23 58893 26 59252 28 59611 30 59970 32 60330 33 60689 35 61048 37 61408 38 61767 39 62126 41 62485 43 62844 44 63204 45 63563 47 63922 48 64282 49 64641 50 65001 51 65360 52 65720 52 66080 53 66440 53 66800 53 67160 54 67519 55 67879 55 68239 55 68599 55 68959 55 69319 55 69679 54 70039 54 70399 53 70759 53 71119 53 71479 53 71839 53 72199 53 72559 53 72919 53 73279 53 73639 53 73999 53 74359 52 74720 51 75080 50 75441 48 75801 48 76161 48 76521 48 76882 46 77242 46 77603 45 77963 45 78324 44 78685 42 79045 42 79406 41 79767 39 80129 37 80492 33 80853 31 81214 29 81576 25 81938 22 82302 15
4948e3dfe0483c2198b9616612071ead5474dffd223071cf0a567aea9aca0b9e,1306 7 1663 13 2022 15 2379 19 2735 24 3090 30 3445 35 3800 40 4159 42 4518 43 4877 44 5235 46 5594 47 5954 47 6313 48 6672 49 7031 50 7391 50 7751 50 8111 49 8471 49 8830 50 9190 49 9549 49 9909 48 10269 47 10629 47 10989 46 11349 46 11709 45 12069 44 12429 43 12789 42 13150 39 13510 35 13871 32 14233 18 14597 7
4948e3dfe0483c2198b9616612071ead5474dffd223071cf0a567aea9aca0b9e,72677 10 73036 13 73395 15 73754 18 74113 20 74472 23 74831 26 75191 27 75551 28 75910 29 76270 30 76629 33 76989 34 77350 33 77710 34 78070 34 78430 35 78790 35 79150 35 79510 35 79871 34 80231 35 80591 35 80952 34 81312 35 81673 34 82033 34 82394 33 82756 31 83117 30 83477 30 83838 29 84199 28 84559 28 84920 27 85281 26 85641 26 86002 25 86362 25 86723 24 87084 23 87444 23 87805 22 88165 22 88525 22 88885 22 89245 22 89605 23 89965 23 90325 23 90685 23 91045 23 91405 24 91765 24 92125 24 92486 23 92846 24 93206 24 93566 24 93926 24 94286 24 94646 24 95007 24 95367 24 95728 23 96088 23 96449 22 96809 22 97170 21 97530 21 97891 20 98252 19 98613 18 98974 16 99335 14 99698 10 100060 7
4948e3dfe0483c2198b9616612071ead5474dffd223071cf0a567aea9aca0b9e,39749 11 40107 15 40464 20 40822 25 41181 28 41540 31 41899 34 42259 35 42619 37 42978 39 43338 40 43697 41 44057 42 44417 44 44777 45 45137 46 45497 46 45857 46 46217 47 46577 48 46937 49 47297 50 47657 51 48017 52 48378 51 48739 50 49099 51 49459 52 49819 52 50179 53 50540 53 50901 52 51261 52 51622 51 51982 51 52343 50 52704 49 53065 48 53425 48 53785 48 54145 48 54506 46 54867 45 55228 44 55589 42 55950 41 56312 38 56674 35 57035 33 57396 32 57758 29 58121 24 58482 22 58843 20 59204 17 59565 14 59928 9
4948e3dfe0483c2198b9616612071ead5474dffd223071cf0a567aea9aca0b9e,24479 2 24835 6 25194 7 25553 8 25913 8 26272 9 26631 10 26990 11 27350 11 27710 11 28070 11 28429 12 28789 12 29148 13 29507 14 29866 15 30226 15 30585 16 30945 16 31304 17 31664 17 32023 18 32382 19 32741 20 33100 21 33459 22 33818 23 34177 24 34536 25 34895 26 35254 27 35613 28 35973 28 36332 29 36692 29 37052 29 37412 29 37772 29 38133 28 38493 28 38853 28 39213 28 39573 28 39933 28 40294 27 40654 27 41015 26 41376 25 41737 24 42097 24 42458 23 42820 21 43181 20 43543 18 43905 16 44268 13 44639 2
4948e3dfe0483c2198b9616612071ead5474dffd223071cf0a567aea9aca0b9e,13733 5 14088 18 14446 22 14805 27 15162 31 15520 36 15878 41 16237 43 16595 46 16954 49 17313 51 17672 53 18031 55 18390 57 18749 60 19108 62 19468 63 19828 64 20188 65 20548 65 20908 66 21268 67 21628 68 21988 68 22348 68 22708 69 23068 69 23428 69 23789 68 24149 68 24510 67 24870 68 25231 67 25592 66 25953 65 26314 64 26675 63 27038 60 27399 59 27763 55 28124 54 28491 47 28852 46 29213 45 29574 44 29935 42 30298 39 30659 38 31020 36 31381 35 31743 32 32104 30 32466 25 32827 22 33196 2
4948e3dfe0483c2198b9616612071ead5474dffd223071cf0a567aea9aca0b9e,13321 1 13681 1 14041 1 14401 1 14761 1 15121 1 15481 1 15841 2 16201 2 16561 1 16921 1 17281 1 17641 1 18001 1 18361 1 18721 1 19081 1 19441 1 19801 1 20161 1 20521 1 20881 1
4948e3dfe0483c2198b9616612071ead5474dffd223071cf0a567aea9aca0b9e,101730 14 102089 17 102448 21 102806 27 103165 30 103525 32 103884 34 104244 37 104604 39 104964 41 105324 42 105683 45 106043 46 106403 47 106763 48 107124 47 107484 48 107844 48 108204 49 108565 48 108926 48 109287 48 109647 48 110008 48 110369 47 110730 46 111090 47 111451 46 111811 47 112172 46 112532 46 112893 45 113254 44 113615 42 113976 41 114337 40 114698 39 115059 37 115421 34 115782 32 116144 30 116507 26 116868 24 117230 21 117594 15 117956 11 118320 4
4948e3dfe0483c2198b9616612071ead5474dffd223071cf0a567aea9aca0b9e,77502 7 77861 12 78220 17 78578 20 78936 23 79295 25 79653 28 80011 32 80369 35 80713 51 81069 56 81427 58 81785 60 82144 62 82503 64 82862 66 83221 67 83580 68 83939 70 84298 71 84658 71 85018 72 85377 73 85737 74 86097 75 86457 75 86817 76 87177 76 87537 76 87898 75 88258 76 88619 75 88979 75 89339 75 89700 74 90060 74 90421 73 90782 72 91143 70 91504 69 91865 67 92227 65 92589 62 92950 60 93313 56 93675 53 94038 49 94400 46 94763 41 95126 36 95490 29 95856 17
4948e3dfe0483c2198b9616612071ead5474dffd223071cf0a567aea9aca0b9e,44628 11 44987 14 45346 15 45703 18 46062 19 46421 20 46780 21 47140 21 47499 22 47859 22 48218 23 48577 24 48937 24 49296 25 49656 25 50016 25 50376 25 50736 25 51096 25 51456 25 51816 25 52176 25 52537 24 52897 24 53258 23 53619 22 53980 21 54341 20 54702 19 55063 18 55424 17 55785 16 56147 14 56509 12 56872 9 57233 8 57594 7 57955 6 58316 5 58677 4 59039 2
4948e3dfe0483c2198b9616612071ead5474dffd223071cf0a567aea9aca0b9e,111029 4 111382 13 111714 46 112071 51 112428 55 112786 58 113145 60 113503 63 113862 65 114222 65 114582 66 114941 67 115301 67 115660 68 116020 68 116380 68 116740 68 117100 68 117460 68 117820 68 118179 69 118539 69 118899 68 119259 68 119619 67 119979 66 120339 66 120699 65 121059 62 121420 58 121780 56 122140 55 122501 52 122862 48 123223 44 123584 40 123946 33 124307 22 124670 17 125034 11 125398 3
4948e3dfe0483c2198b9616612071ead5474dffd223071cf0a567aea9aca0b9e,65667 9 66023 18 66380 24 66739 27 67098 30 67458 31 67818 33 68177 35 68536 37 68895 39 69255 40 69615 40 69975 41 70334 42 70694 43 71054 43 71414 44 71774 44 72134 44 72495 43 72855 43 73215 44 73576 43 73936 43 74296 43 74655 44 75015 44 75374 44 75733 45 76093 44 76452 45 76812 45 77171 46 77531 46 77891 46 78251 45 78611 45 78971 45 79331 44 79691 44 80051 43 80411 43 80772 42 81133 40 81494 39 81854 39 82215 37 82576 36 82937 34 83298 33 83658 32 84019 30 84380 28 84741 26 85103 23 85464 21 85826 18 86187 16 86549 13 86911 7
4948e3dfe0483c2198b9616612071ead5474dffd223071cf0a567aea9aca0b9e,25921 10 26281 12 26641 15 27001 20 27361 25 27721 30 28081 32 28441 34 28801 35 29161 38 29521 41 29881 44 30241 45 30601 47 30961 48 31321 49 31681 51 32041 52 32401 53 32761 54 33121 54 33481 55 33841 55 34201 56 34561 56 34921 56 35281 57 35641 58 36001 58 36361 58 36721 58 37081 58 37441 58 37801 58 38161 58 38521 57 38881 57 39241 56 39601 56 39961 56 40322 55 40683 53 41044 51 41404 51 41764 50 42124 49 42485 47 42846 45 43207 44 43567 43 43928 41 44289 40 44650 38 45011 36 45371 35 45732 33 46093 31 46454 29 46815 26 47176 24 47537 21 47899 18 48260 15 48624 4
4948e3dfe0483c2198b9616612071ead5474dffd223071cf0a567aea9aca0b9e,122198 7 122553 15 122910 22 123267 28 123624 32 123982 35 124341 37 124699 41 125058 43 125417 45 125776 46 126135 47 126494 49 126854 49 127213 50 127573 50 127933 51 128292 52 128652 52 129011 52 129371 52
4948e3dfe0483c2198b9616612071ead5474dffd223071cf0a567aea9aca0b9e,14978 8 15332 16 15685 24 16044 27 16402 30 16760 34 17119 36 17478 38 17837 39 18197 40 18556 42 18916 43 19275 45 19634 47 19993 49 20353 50 20713 50 21072 51 21432 51 21791 53 22151 53 22511 54 22871 54 23231 54 23591 55 23952 55 24312 55 24672 56 25032 56 25392 56 25752 57 26113 56 26473 56 26833 57 27193 57 27554 57 27914 57 28274 56 28635 55 28995 54 29356 53 29716 52 30077 51 30438 50 30798 49 31159 48 31519 47 31880 45 32241 43 32602 41 32964 38 33325 36 33686 34 34046 33 34406 31 34767 29 35129 25 35490 23 35851 20 36212 18 36573 15 36935 12
4948e3dfe0483c2198b9616612071ead5474dffd223071cf0a567aea9aca0b9e,104 57 464 58 825 57 1185 58 1546 57 1907 56 2268 55 2629 54 2991 52 3352 51 3713 50 4075 48 4439 43 4802 39 5165 36 5526 34 5888 31 6249 29 6610 28 6972 25 7334 22 7696 17 8062 7
4948e3dfe0483c2198b9616612071ead5474dffd223071cf0a567aea9aca0b9e,80998 3 81356 5 81715 6 82074 7 82434 7 82793 8 83153 8 83512 9 83872 9 84232 9 84592 9 84952 9 85312 9 85672 9 86032 9 86392 9 86752 9 87112 9 87472 9 87832 9 88193 8 88554 7 88914 7 89274 7 89635 6 89996 5 90356 5 90717 4 91077 4 91437 4 91798 3 92158 3 92519 2
4948e3dfe0483c2198b9616612071ead5474dffd223071cf0a567aea9aca0b9e,46081 2 46441 5 46801 6 47161 8 47521 9 47881 10 48241 11 48601 12 48961 13 49321 14 49681 14 50041 15 50401 16 50761 17 51121 17 51481 17 51841 17 52201 18 52561 18 52921 18 53281 18 53641 18 54001 18 54361 18 54721 18 55081 18 55441 18 55801 18 56161 18 56521 17 56881 16 57241 16 57601 15 57961 14 58321 13 58681 13 59041 12 59401 11 59761 10 60121 9 60481 9 60841 8 61201 7 61561 6 61921 5 62281 4 62641 1
