49edc2f7715100fb0390916e52b3fd11a921f02e59509dc987f67840a36250fc,19984 9 20499 16 21017 21 21532 28 22051 30 22569 33 23088 36 23607 38 24126 40 24646 40 25166 41 25685 43 26205 43 26725 43 27246 43 27766 43 28286 43 28807 42 29328 41 29849 39 30370 38 30891 37 31412 35 31933 33 32454 31 32974 27 33495 20 34017 5 34024 6
49edc2f7715100fb0390916e52b3fd11a921f02e59509dc987f67840a36250fc,262396 3 262914 7 263432 11 263951 13 264471 14 264990 16 265505 22 266025 23 266545 24 267064 26 267583 27 268102 28 268621 29 269141 29 269661 29 270181 29 270700 30 271220 30 271739 30 272258 31 272778 30 273298 29 273819 28 274340 26 274861 24 275382 22 275904 19 276426 15 276948 8
49edc2f7715100fb0390916e52b3fd11a921f02e59509dc987f67840a36250fc,75355 4 75869 16 76387 19 76899 28 77416 32 77932 36 78449 39 78967 41 79486 42 80005 43 80524 44 81044 43 81564 43 82084 43 82604 42 83124 42 83645 40 84166 37 84687 35 85208 33 85731 28 86253 23 86778 8 86788 3
49edc2f7715100fb0390916e52b3fd11a921f02e59509dc987f67840a36250fc,344383 5 344893 16 345412 19 345931 21 346450 22 346970 23 347490 23 348009 24 348529 24 349049 24 349569 23 350089 23 350609 23 351129 22 351649 21 352170 19 352690 18 353211 15 353731 13 354252 11 354773 9 355297 3
49edc2f7715100fb0390916e52b3fd11a921f02e59509dc987f67840a36250fc,290963 14 291482 20 292001 23 292520 25 293039 27 293559 28 294078 30 294598 30 295118 31 295637 32 296157 32 296677 32 297197 32 297718 31 298238 30 298759 29 299279 29 299800 27 300321 26 300842 24 301363 22 301886 18 302409 12 302934 6 303455 4
49edc2f7715100fb0390916e52b3fd11a921f02e59509dc987f67840a36250fc,169677 5 170196 7 170715 9 171234 11 171754 12 172273 14 172792 16 173312 17 173831 19 174351 19 174871 20 175391 20 175911 21 176431 21 176951 22 177470 23 177990 24 178510 24 179030 24 179550 25 180070 25 180591 24 181111 24 181631 25 182151 25 182671 25 183191 25 183712 25 184232 26 184752 26 185273 25 185793 25 186314 24 186835 23 187355 24 187876 23 188396 24 188916 24 189436 24 189956 24 190475 26 190995 26 191515 26 192036 25 192556 25 193076 25 193597 24 194117 24 194638 22 195159 21 195680 20 196201 19 196722 18 197243 17 197764 15 198284 15 198805 13 199326 12 199847 10 200369 6
49edc2f7715100fb0390916e52b3fd11a921f02e59509dc987f67840a36250fc,76959 2 77478 3 77997 4 78516 5 79035 6 79553 8 80072 9 80591 10 81110 11 81630 11 82150 11 82670 11 83190 11 83710 11 84231 10 84752 9 85274 7 85795 6 86315 6 86836 5 87357 4 87877 4 88397 4 88918 3 89439 2
49edc2f7715100fb0390916e52b3fd11a921f02e59509dc987f67840a36250fc,68755 10 69272 15 69790 18 70309 20 70827 23 71346 25 71865 27 72384 28 72903 29 73422 31 73942 31 74461 32 74980 33 75500 33 76019 34 76539 34 77058 35 77578 35 78097 36 78617 35 79137 35 79657 34 80177 33 80697 32 81217 32 81737 31 82258 28 82778 25 83298 23 83818 21 84339 18 84860 16 85381 13 85903 7
49edc2f7715100fb0390916e52b3fd11a921f02e59509dc987f67840a36250fc,128014 4 128531 9 129050 12 129569 14 130089 15 130609 16 131128 18 131648 18 132168 19 132688 19 133208 20 133728 21 134248 21 134768 22 135288 23 135808 24 136328 24 136848 25 137368 25 137889 25 138409 25 138929 26 139449 26 139970 25 140490 26 141010 26 141531 26 142051 26 142572 25 143092 25 143613 24 144133 25 144654 24 145175 23 145695 23 146216 21 146736 21 147257 20 147778 19 148299 17 148820 15 149341 13 149862 11 150384 8
49edc2f7715100fb0390916e52b3fd11a921f02e59509dc987f67840a36250fc,180920 6 181438 9 181957 12 182476 14 182995 15 183514 17 184033 18 184552 19 185072 20 185591 21 186110 22 186630 22 187149 22 187669 22 188188 23 188707 23 189227 23 189747 22 190266 23 190785 23 191305 22 191824 23 192344 22 192864 21 193384 20 193904 19 194424 19 194945 18 195465 17 195986 14 196507 11 197028 7
49edc2f7715100fb0390916e52b3fd11a921f02e59509dc987f67840a36250fc,332796 5 333314 7 333832 9 334351 10 334870 11 335389 12 335908 13 336428 13 336947 14 337467 14 337987 14 338507 14 339027 14 339547 14 340068 13 340588 13 341109 12 341630 11 342151 10 342672 9 343194 7 343716 5 344239 2
49edc2f7715100fb0390916e52b3fd11a921f02e59509dc987f67840a36250fc,319105 6 319623 10 320140 17 320659 20 321177 24 321696 26 322216 27 322735 29 323255 29 323774 31 324294 32 324813 34 325333 34 325853 35 326373 35 326893 35 327413 35 327933 35 328453 35 328973 35 329494 34 330014 33 330534 32 331055 30 331579 25 332100 23 332621 20 333142 18 333663 15 334190 5
49edc2f7715100fb0390916e52b3fd11a921f02e59509dc987f67840a36250fc,247862 2 248379 8 248898 10 249416 13 249935 15 250453 17 250972 19 251491 20 252009 23 252528 24 253048 24 253567 25 254086 26 254606 26 255125 28 255645 28 256164 29 256684 29 257204 29 257724 29 258244 29 258764 29 259284 28 259804 28 260324 28 260845 26 261365 26 261886 24 262406 23 262927 20 263448 18 263971 12 264493 7
49edc2f7715100fb0390916e52b3fd11a921f02e59509dc987f67840a36250fc,216311 5 216829 9 217347 12 217866 14 218385 16 218905 16 219424 17 219944 17 220463 18 220983 18 221503 18 222023 18 222542 19 223062 19 223582 19 224102 19 224622 19 225143 18 225663 18 226183 18 226703 18 227223 18 227744 17 228264 17 228785 16 229305 16 229826 15 230346 15 230867 14 231388 13 231909 12 232429 12 232950 11 233471 10 233993 8 234514 7
49edc2f7715100fb0390916e52b3fd11a921f02e59509dc987f67840a36250fc,352761 2 353278 9 353796 12 354315 15 354834 17 355354 18 355873 20 356393 21 356912 22 357432 23 357952 24 358472 24 358992 24 359512 24 360032 25 360552 25 361072 25 361592 25
49edc2f7715100fb0390916e52b3fd11a921f02e59509dc987f67840a36250fc,327743 11 328262 13 328781 14 329300 16 329819 18 330339 19 330859 19 331378 20 331898 20 332418 20 332938 21 333459 20 333979 20 334499 21 335019 21 335540 21 336061 20 336581 20 337101 21 337622 21 338142 21 338663 20 339185 17 339708 13 340229 11 340750 8 341271 6
49edc2f7715100fb0390916e52b3fd11a921f02e59509dc987f67840a36250fc,99019 8 99538 11 100056 16 100575 19 101094 21 101613 23 102133 24 102652 26 103172 26 103692 27 104212 27 104732 26 105252 26 105772 26 106293 25 106814 24 107335 23 107857 21 108380 18 108903 15 109424 14 109945 12 110465 12 110985 12 111505 12 112025 12 112545 12 113065 12 113585 12 114105 11 114625 11 115145 10 115666 9 116186 8 116707 6 117228 4
49edc2f7715100fb0390916e52b3fd11a921f02e59509dc987f67840a36250fc,94272 8 94791 10 95310 12 95829 14 96348 16 96867 18 97386 20 97905 22 98424 23 98943 25 99462 26 99982 26 100501 27 101021 28 101541 28 102060 29 102580 29 103100 29 103619 30 104139 30 104659 30 105179 30 105699 30 106219 30 106739 30 107259 30 107779 29 108300 28 108820 28 109340 28 109861 27 110381 26 110902 25 111422 25 111942 25 112463 24 112984 23 113504 22 114024 22 114545 21 115066 20 115587 18 116108 16 116629 15 117150 13 117672 9
49edc2f7715100fb0390916e52b3fd11a921f02e59509dc987f67840a36250fc,259114 7 259633 9 260152 11 260671 13 261190 15 261710 16 262230 17 262750 17 263269 19 263788 20 264308 21 264827 23 265347 23 265867 24 266387 24 266906 25 267426 26 267946 26 268466 26 268986 26 269506 26 270026 26 270547 26 271067 26 271587 26 272107 27 272627 27 273148 26 273668 27 274188 27 274709 26 275229 26 275749 26 276269 26 276790 25 277310 25 277831 24 278351 24 278872 22 279392 22 279913 21 280434 20 280954 20 281475 18 281996 17 282517 16 283038 14 283559 12 284080 10 284603 5
49edc2f7715100fb0390916e52b3fd11a921f02e59509dc987f67840a36250fc,40606 13 41123 18 41642 20 42161 22 42681 23 43200 24 43720 25 44239 26 44759 26 45279 27 45798 28 46318 28 46838 28 47358 28 47878 28 48398 28 48917 29 49437 29 49957 29 50477 29 50996 30 51516 31 52036 31 52556 31 53076 30 53596 30 54116 30 54636 30 55156 29 55676 29 56196 29 56716 29 57236 29 57757 28 58277 28 58797 28 59317 27 59838 26 60358 26 60878 26 61399 24 61919 24 62440 22 62961 20 63482 18 64003 16 64524 14 65046 10 65568 6
49edc2f7715100fb0390916e52b3fd11a921f02e59509dc987f67840a36250fc,338431 3 338944 13 339461 18 339977 23 340494 27 341013 28 341531 31 342050 32 342569 33 343088 34 343607 35 344126 36 344646 36 345165 37 345685 36 346204 37 346724 36 347244 36 347764 35 348284 34 348804 33 349324 32 349843 32 350363 31 350884 29 351404 28 351925 26 352446 23 352967 21 353488 18 354010 12
49edc2f7715100fb0390916e52b3fd11a921f02e59509dc987f67840a36250fc,88446 6 88964 9 89483 12 90002 14 90522 14 91041 16 91560 18 92080 19 92600 20 93120 20 93640 21 94160 21 94680 21 95199 23 95719 23 96239 23 96759 24 97279 24 97799 24 98319 24 98839 25 99359 25 99880 24 100400 24 100920 24 101441 24 101961 24 102482 23 103002 23 103523 22 104043 22 104564 21 105084 21 105605 20 106125 20 106646 19 107167 17 107688 16 108209 15 108729 14 109250 12 109772 9 110294 5
49edc2f7715100fb0390916e52b3fd11a921f02e59509dc987f67840a36250fc,119935 7 120453 12 120971 17 121490 22 122009 28 122529 30 123048 33 123567 37 124087 38 124607 39 125127 40 125647 41 126167 41 126687 41 127206 43 127726 43 128246 43 128766 43 129286 42 129806 41 130326 41 130846 40 131366 39 131886 37 132406 36 132927 34 133448 31 133969 28 134494 21 135016 16 135541 6
49edc2f7715100fb0390916e52b3fd11a921f02e59509dc987f67840a36250fc,174066 5 174583 12 175101 17 175620 20 176140 22 176659 25 177179 27 177699 28 178219 29 178739 31 179260 31 179781 31 180302 31 180823 30 181344 29 181865 28 182387 26 182908 25 183430 23 183952 20 184474 17 184996 14 185519 9
49edc2f7715100fb0390916e52b3fd11a921f02e59509dc987f67840a36250fc,186679 2 187198 3 187717 4 188237 4 188756 5 189276 5 189796 5 190316 5 190836 5 191355 6 191875 6 192395 6 192915 6 193435 6 193955 6 194476 5 194996 5 195516 5 196036 5 196557 4 197078 3 197599 2
49edc2f7715100fb0390916e52b3fd11a921f02e59509dc987f67840a36250fc,3074 6 3592 10 4111 12 4630 15 5149 17 5668 18 6188 18 6707 20 7227 20 7747 20 8267 20 8787 20 9306 21 9824 23 10343 24 10862 24 11381 25 11900 26 12420 26 12939 26 13459 26 13978 27 14498 27 15017 27 15537 27 16057 26 16576 27 17096 26 17616 25 18136 25 18656 24 19176 23 19696 23 20216 22 20737 20 21257 19 21777 18 22298 16 22819 13 23340 10 23862 5
49edc2f7715100fb0390916e52b3fd11a921f02e59509dc987f67840a36250fc,141172 9 141690 13 142209 15 142728 17 143247 19 143766 21 144285 23 144805 24 145324 25 145844 26 146363 27 146883 28 147403 28 147923 28 148443 29 148963 29 149483 29 150003 29 150523 29 151043 29 151563 29 152083 29 152603 29 153123 29 153644 28 154164 28 154684 28 155204 27 155725 26 156245 25 156765 25 157286 23 157806 22 158327 20 158847 19 159368 17 159890 14 160411 8
49edc2f7715100fb0390916e52b3fd11a921f02e59509dc987f67840a36250fc,342433 8 342949 14 343467 18 343983 23 344501 26 345018 30 345537 32 346056 34 346575 36 347094 37 347614 38 348133 39 348653 39 349173 39 349693 39 350214 38 350734 38 351255 36 351775 36 352296 34 352817 31 353339 28 353860 21 354382 18 354904 15
49edc2f7715100fb0390916e52b3fd11a921f02e59509dc987f67840a36250fc,98154 3 98671 10 99190 17 99709 21 100228 27 100748 31 101268 36 101789 39 102309 41 102829 42 103350 42 103871 41 104392 40 104913 38 105435 36 105956 35 106478 32 107000 29 107522 26 108045 21 108572 10
49edc2f7715100fb0390916e52b3fd11a921f02e59509dc987f67840a36250fc,74171 10 74686 21 75204 26 75722 30 76241 33 76760 36 77279 38 77798 40 78317 41 78837 42 79356 44 79876 44 80396 44 80916 44 81436 44 81956 44 82476 44 82997 43 83517 42 84038 40 84559 38 85079 37 85600 34 86121 31 86642 29 87163 26 87686 19 88210 10
49edc2f7715100fb0390916e52b3fd11a921f02e59509dc987f67840a36250fc,273517 4 274033 8 274551 10 275070 11 275588 13 276107 14 276625 16 277143 18 277662 19 278181 20 278699 22 279217 24 279736 25 280255 26 280773 28 281292 29 281811 30 282330 31 282849 32 283369 32 283888 33 284407 34 284926 35 285445 36 285964 37 286483 38 287002 39 287521 40 288040 41 288559 42 289078 43 289597 44 290116 45 290635 46 291155 46 291674 47 292194 47 292713 48 293233 48 293753 48 294273 48 294793 48 295313 46 295833 45 296353 44 296873 43 297393 41 297913 40 298434 37 298955 35 299475 34 299995 32 300516 29 301037 26 301559 22 302081 16 302604 10
49edc2f7715100fb0390916e52b3fd11a921f02e59509dc987f67840a36250fc,150149 7 150667 13 151185 16 151704 17 152223 19 152742 21 153262 21 153781 23 154301 23 154821 24 155341 25 155861 25 156381 26 156901 26 157421 26 157941 26 158461 26 158981 26 159502 25 160022 25 160543 24 161064 23 161585 22 162105 22 162626 20 163147 19 163668 17 164189 15 164710 13 165231 11 165754 6
49edc2f7715100fb0390916e52b3fd11a921f02e59509dc987f67840a36250fc,36278 9 36794 16 37312 19 37830 22 38349 24 38868 26 39387 28 39906 29 40426 30 40945 31 41465 31 41984 33 42504 33 43024 33 43544 33 44064 32 44584 32 45104 32 45623 32 46143 32 46663 31 47183 31 47703 30 48223 30 48743 29 49263 28 49784 26 50304 25 50824 24 51344 22 51865 20 52385 19 52906 16 53427 13 53950 8
49edc2f7715100fb0390916e52b3fd11a921f02e59509dc987f67840a36250fc,190631 5 191149 8 191667 11 192175 23 192690 28 193209 29 193728 30 194248 29 194767 30 195286 30 195805 30 196324 30 196844 29 197364 28 197884 26 198404 24 198924 23 199444 21 199964 19 200485 15 201006 12 201528 9
49edc2f7715100fb0390916e52b3fd11a921f02e59509dc987f67840a36250fc,290592 9 291108 16 291627 18 292145 21 292664 23 293183 25 293703 25 294224 24 294744 24 295264 24 295784 24 296304 24 296824 24 297345 23 297865 22 298385 22 298905 21 299425 20 299945 19 300466 17 300986 15 301507 13 302028 11 302549 9
49edc2f7715100fb0390916e52b3fd11a921f02e59509dc987f67840a36250fc,347844 12 348360 19 348877 24 349395 28 349914 30 350433 32 350952 34 351472 35 351991 36 352511 36 353031 37 353551 37 354071 38 354591 38 355111 38 355631 38 356152 37 356672 37 357192 38 357713 38 358234 37 358755 35 359275 34 359796 33 360317 31 360838 29 361359 27 361880 26
49edc2f7715100fb0390916e52b3fd11a921f02e59509dc987f67840a36250fc,296931 4 297450 10 297969 13 298488 15 299007 17 299527 18 300047 18 300566 20 301086 20 301606 21 302125 22 302645 23 303165 23 303685 23 304205 24 304725 24 305245 24 305765 25 306285 25 306805 26 307325 26 307845 27 308366 26 308886 26 309406 27 309926 27 310447 26 310967 26 311487 26 312007 26 312528 25 313048 25 313569 24 314090 23 314610 22 315131 21 315651 21 316172 19 316693 17 317215 14 317738 9
49edc2f7715100fb0390916e52b3fd11a921f02e59509dc987f67840a36250fc,24252 9 24770 12 25289 15 25808 17 26328 18 26847 19 27366 21 27886 21 28406 22 28926 22 29445 23 29965 23 30485 23 31004 24 31524 24 32043 25 32562 25 33082 25 33601 26 34121 26 34640 27 35160 27 35680 27 36200 27 36719 28 37239 28 37759 28 38279 27 38799 27 39319 27 39840 25 40360 25 40880 25 41400 24 41920 24 42441 22 42961 22 43482 20 44002 20 44523 18 45044 16 45565 13 46089 7
49edc2f7715100fb0390916e52b3fd11a921f02e59509dc987f67840a36250fc,357042 5 357560 9 358079 12 358599 13 359118 15 359637 17 360157 17 360676 18 361196 18 361716 18
49edc2f7715100fb0390916e52b3fd11a921f02e59509dc987f67840a36250fc,277609 10 278127 14 278646 18 279165 21 279684 23 280203 24 280722 26 281242 26 281761 27 282281 27 282802 26 283322 26 283842 26 284362 26 284883 25 285403 24 285923 23 286444 21 286965 20 287486 18 288008 15 288530 12 289052 7
49edc2f7715100fb0390916e52b3fd11a921f02e59509dc987f67840a36250fc,167748 11 168266 15 168785 18 169304 20 169823 23 170343 25 170862 29 171382 31 171902 32 172422 33 172943 33 173463 34 173983 35 174504 34 175025 34 175546 33 176069 31 176590 30 177111 29 177631 29 178151 29 178672 28 179192 27 179713 26 180233 25 180754 23 181275 21 181798 7 181810 4
49edc2f7715100fb0390916e52b3fd11a921f02e59509dc987f67840a36250fc,103472 8 103991 10 104508 13 105027 14 105547 14 106066 15 106586 15 107105 16 107625 16 108145 16 108665 16 109185 16 109705 16 110224 17 110744 17 111265 16 111785 16 112305 16 112826 15 113346 15 113867 14 114387 14 114908 13 115429 12 115949 12 116470 11 116991 10 117513 8 118034 7 118555 6 119077 4 119599 2
49edc2f7715100fb0390916e52b3fd11a921f02e59509dc987f67840a36250fc,216777 12 217296 15 217811 21 218329 24 218848 26 219367 28 219886 30 220406 31 220926 31 221445 33 221965 33 222485 34 223005 34 223525 35 224045 35 224565 35 225085 35 225606 34 226126 34 226647 33 227167 33 227688 31 228210 28 228731 26 229253 23 229776 18 230297 16 230822 8
49edc2f7715100fb0390916e52b3fd11a921f02e59509dc987f67840a36250fc,284811 2 285327 7 285844 12 286363 14 286882 16 287401 17 287920 19 288439 20 288958 21 289477 22 289997 22 290516 23 291035 23 291555 23 292074 24 292594 23 293114 23 293633 24 294153 24 294673 24 295193 24 295713 24 296233 24 296753 24 297272 25 297792 25 298312 25 298832 25 299352 25 299872 25 300392 25 300912 24 301433 23 301953 23 302473 23 302993 23 303514 22 304034 22 304554 22 305075 21 305595 21 306116 20 306636 20 307157 19 307678 18 308199 17 308719 17 309240 15 309761 14 310282 12 310803 10 311324 8 311847 3
49edc2f7715100fb0390916e52b3fd11a921f02e59509dc987f67840a36250fc,292453 7 292970 12 293488 16 294007 18 294526 19 295045 21 295564 22 296083 24 296602 26 297121 27 297641 27 298160 28 298680 27 299200 27 299719 28 300239 27 300759 27 301279 26 301798 27 302318 26 302838 26 303358 25 303878 24 304399 22 304919 21 305439 20 305960 18 306480 17 307001 15 307523 11 308046 7 308568 2
49edc2f7715100fb0390916e52b3fd11a921f02e59509dc987f67840a36250fc,209399 6 209917 11 210436 13 210956 14 211475 15 211994 17 212514 17 213033 18 213553 18 214073 18 214592 19 215112 19 215631 20 216150 21 216669 22 217189 22 217708 22 218227 23 218747 22 219266 23 219786 23 220306 23 220826 22 221346 22 221866 21 222386 20 222907 19 223426 19 223946 18 224466 17 224987 4 224992 10 225508 13 226029 12 226552 7
49edc2f7715100fb0390916e52b3fd11a921f02e59509dc987f67840a36250fc,246199 4 246716 8 247234 11 247752 14 248271 16 248790 18 249309 19 249828 20 250348 21 250867 22 251386 23 251905 24 252425 24 252944 25 253464 25 253983 26 254502 27 255022 27 255542 27 256061 27 256581 27 257101 27 257620 28 258140 28 258660 27 259180 27 259700 26 260221 25 260741 24 261261 24 261782 22 262303 20 262824 17 263345 15 263867 10
49edc2f7715100fb0390916e52b3fd11a921f02e59509dc987f67840a36250fc,76160 3 76680 8 77200 10 77719 16 78237 22 78756 27 79276 28 79795 29 80315 29 80835 30 81355 31 81875 32 82395 33 82916 33 83437 32 83958 31 84479 30 85001 28 85523 26 86045 24 86567 22 87088 20 87609 19 88130 17 88650 16 89170 16 89691 15 90211 15 90731 15 91252 14 91772 13 92292 12 92813 11 93334 9 93855 5
49edc2f7715100fb0390916e52b3fd11a921f02e59509dc987f67840a36250fc,251118 13 251635 18 252154 20 252672 24 253191 26 253709 28 254228 29 254747 30 255267 30 255786 31 256306 31 256826 30 257345 31 257865 30 258385 29 258905 29 259425 28 259944 29 260464 28 260984 28 261504 28 262024 27 262545 25 263066 23 263587 21 264108 19 264631 15 265153 11 265675 7
49edc2f7715100fb0390916e52b3fd11a921f02e59509dc987f67840a36250fc,67337 6 67845 20 68359 27 68877 30 69395 33 69914 34 70433 36 70953 36 71473 37 71993 37 72513 37 73033 37 73554 36 74075 35 74596 34 75117 33 75639 30 76163 25 76688 19 77210 16 77735 11 78259 8 78783 4 79304 2
49edc2f7715100fb0390916e52b3fd11a921f02e59509dc987f67840a36250fc,260292 7 260808 12 261327 14 261845 17 262364 19 262883 20 263402 22 263921 23 264441 23 264961 24 265481 24 266000 25 266519 26 267038 26 267557 26 268076 26 268595 26 269115 26 269634 27 270153 28 270673 27 271192 28 271712 27 272232 26 272752 26 273271 27 273790 28 274309 28 274829 27 275349 26 275869 25 276389 24 276908 24 277428 23 277948 22 278469 20 278989 18 279510 15 280031 12 280552 9
49edc2f7715100fb0390916e52b3fd11a921f02e59509dc987f67840a36250fc,232896 7 233409 18 233925 23 234444 25 234963 27 235483 27 236003 28 236523 29 237043 30 237563 31 238083 31 238603 32 239122 33 239642 33 240162 33 240682 33 241201 34 241721 33 242241 33 242760 33 243280 33 243799 33 244318 33 244838 33 245358 32 245878 31 246398 31 246918 30 247439 27 247959 26 248479 24 249000 21 249521 16 250042 13 250564 9
49edc2f7715100fb0390916e52b3fd11a921f02e59509dc987f67840a36250fc,358128 6 358646 11 359165 14 359684 16 360203 18 360722 20 361242 20 361762 20
49edc2f7715100fb0390916e52b3fd11a921f02e59509dc987f67840a36250fc,28596 4 29111 10 29626 15 30145 16 30662 19 31181 20 31700 21 32219 22 32738 23 33257 24 33776 25 34295 26 34813 28 35332 29 35851 30 36371 30 36891 30 37411 29 37931 28 38451 27 38971 25 39491 23 40011 21 40531 19 41051 17 41571 15 42091 14 42612 10 43134 5
49edc2f7715100fb0390916e52b3fd11a921f02e59509dc987f67840a36250fc,48030 14 48544 22 49063 24 49581 27 50096 33 50615 34 51135 35 51656 34 52176 34 52695 35 53214 36 53734 36 54254 36 54774 36 55294 36 55814 35 56334 35 56855 33 57375 33 57895 32 58416 31 58937 29 59458 27 59979 25 60500 23 61022 20 61545 15 62068 8
49edc2f7715100fb0390916e52b3fd11a921f02e59509dc987f67840a36250fc,133312 4 133830 10 134349 12 134869 13 135388 15 135908 15 136427 17 136947 18 137467 18 137987 18 138507 18 139027 19 139547 19 140067 20 140587 20 141107 20 141627 20 142147 20 142667 21 143187 21 143707 21 144227 21 144747 21 145267 21 145787 21 146308 20 146828 21 147348 21 147868 21 148388 21 148908 21 149429 19 149949 19 150469 19 150990 18 151510 18 152030 18 152550 18 153070 18 153590 17 154111 16 154631 16 155151 15 155672 14 156193 12 156713 11 157234 9 157756 5
49edc2f7715100fb0390916e52b3fd11a921f02e59509dc987f67840a36250fc,304325 9 304843 13 305361 16 305880 18 306398 20 306916 23 307435 24 307954 25 308473 26 308992 27 309511 28 310030 29 310549 30 311068 31 311587 32 312106 33 312625 33 313145 33 313664 33 314183 33 314702 33 315221 33 315741 33 316260 33 316779 33 317299 33 317819 32 318339 30 318859 29 319379 27 319899 26 320419 24 320939 22 321460 20 321981 17 322502 14 323024 9
49edc2f7715100fb0390916e52b3fd11a921f02e59509dc987f67840a36250fc,202167 9 202685 12 203204 14 203723 16 204243 17 204762 19 205281 20 205801 21 206320 22 206840 22 207360 23 207879 24 208399 24 208919 24 209438 25 209958 25 210478 25 210998 25 211517 26 212037 25 212557 25 213077 25 213597 25 214117 24 214638 23 215158 22 215678 22 216198 21 216718 20 217239 19 217759 18 218280 16 218801 11 219322 8 219844 4
49edc2f7715100fb0390916e52b3fd11a921f02e59509dc987f67840a36250fc,149 30 668 32 1188 32 1707 33 2227 33 2746 34 3266 34 3785 35 4305 35 4824 36 5344 35 5864 35 6384 35 6903 36 7423 36 7943 35 8463 35 8983 35 9503 35 10023 34 10543 34 11064 32 11584 32 12104 32 12624 31 13144 31 13665 29 14185 28 14705 27 15226 26 15747 24 16268 21 16789 19 17310 17 17832 12 18354 7
49edc2f7715100fb0390916e52b3fd11a921f02e59509dc987f67840a36250fc,216616 3 217131 11 217649 15 218167 18 218685 21 219204 23 219722 26 220241 27 220760 29 221279 30 221798 31 222317 33 222836 34 223355 34 223875 34 224394 35 224914 34 225434 34 225953 34 226473 33 226993 32 227513 31 228033 30 228553 28 229073 26 229593 24 230114 21 230634 19 231155 15 231676 12 232198 7
49edc2f7715100fb0390916e52b3fd11a921f02e59509dc987f67840a36250fc,281217 4 281734 11 282252 14 282770 17 283288 20 283807 22 284326 24 284845 25 285364 27 285882 29 286399 32 286917 34 287436 35 287955 36 288474 37 288994 36 289513 37 290032 38 290552 38 291072 36 291591 36 292111 34 292631 33 293151 32 293671 32 294192 32 294712 32 295232 32 295753 31 296274 30 296794 30 297315 24 297342 3 297836 22 297863 2 298360 16 298882 13 299404 9 299927 3
49edc2f7715100fb0390916e52b3fd11a921f02e59509dc987f67840a36250fc,103763 9 104281 13 104799 16 105318 18 105837 20 106356 21 106876 21 107395 22 107915 22 108435 22 108955 22 109475 23 109995 23 110515 23 111034 24 111554 24 112074 24 112594 24 113114 24 113635 23 114155 23 114675 22 115195 22 115716 21 116236 20 116756 20 117276 19 117796 18 118317 16 118837 16 119357 15 119877 15 120398 13 120919 11 121440 9 121961 5
49edc2f7715100fb0390916e52b3fd11a921f02e59509dc987f67840a36250fc,191189 9 191706 16 192224 19 192743 21 193261 24 193780 25 194299 26 194818 28 195337 29 195857 29 196376 29 196896 29 197415 30 197935 30 198455 29 198974 30 199494 29 200014 28 200534 27 201055 25 201575 24 202095 23 202616 20 203137 17 203658 14 204179 10 204702 4
49edc2f7715100fb0390916e52b3fd11a921f02e59509dc987f67840a36250fc,233782 11 234300 14 234818 17 235336 20 235855 22 236374 23 236893 25 237412 27 237931 28 238451 29 238970 30 239490 30 240010 30 240529 31 241049 31 241569 30 242090 29 242610 29 243131 28 243652 27 244172 26 244693 24 245214 22 245735 20 246256 17 246777 15 247297 14 247817 12 248337 10 248858 7
49edc2f7715100fb0390916e52b3fd11a921f02e59509dc987f67840a36250fc,80794 10 81311 14 81829 17 82347 20 82866 22 83385 24 83904 25 84423 26 84942 27 85462 27 85982 28 86502 28 87022 28 87542 28 88062 28 88582 28 89102 28 89622 28 90142 28 90663 27 91183 26 91703 26 92224 25 92744 24 93265 23 93786 21 94306 21 94827 19 95348 17 95869 15 96390 14 96911 12 97432 10 97954 7
49edc2f7715100fb0390916e52b3fd11a921f02e59509dc987f67840a36250fc,355677 4 356195 6 356714 7 357233 8 357751 10 358271 10 358790 11 359309 12 359829 12 360348 13 360867 14 361386 15 361906 15
49edc2f7715100fb0390916e52b3fd11a921f02e59509dc987f67840a36250fc,258367 7 258886 11 259406 12 259925 14 260444 16 260963 18 261482 20 262002 22 262521 24 263040 26 263560 27 264080 28 264600 31 265120 33 265640 32 266160 30 266680 29 267201 28 267721 28 268242 27 268763 26 269284 25 269805 23 270328 20 270849 18 271370 16 271891 14 272412 12 272933 9 273454 7
49edc2f7715100fb0390916e52b3fd11a921f02e59509dc987f67840a36250fc,244797 7 245316 9 245835 10 246354 12 246873 13 247392 14 247911 15 248431 16 248951 16 249470 16 249990 16 250510 16 251029 17 251549 17 252068 18 252587 19 253107 19 253626 19 254146 19 254666 19 255186 19 255705 19 256225 19 256745 19 257265 18 257785 18 258304 19 258824 18 259344 18 259864 18 260384 17 260904 17 261424 16 261944 16 262464 15 262984 15 263504 14 264024 14 264544 13 265064 12 265584 12 266105 10 266625 9 267146 7
49edc2f7715100fb0390916e52b3fd11a921f02e59509dc987f67840a36250fc,323699 5 324214 15 324731 20 325248 25 325766 28 326285 30 326803 34 327322 36 327842 36 328361 38 328881 38 329401 39 329920 40 330440 41 330960 41 331480 41 332001 40 332522 39 333043 38 333564 37 334086 34 334609 30 335131 27 335655 22 336179 12
49edc2f7715100fb0390916e52b3fd11a921f02e59509dc987f67840a36250fc,195723 6 196240 14 196758 20 197277 23 197796 26 198315 29 198835 30 199354 32 199874 32 200393 34 200913 34 201433 34 201953 34 202472 36 202992 36 203512 36 204033 35 204553 34 205073 34 205593 34 206113 34 206633 34 207154 32 207675 31 208195 30 208716 28 209237 26 209759 23 210280 20 210802 17 211324 13 211846 9
