4a424e0cb845cf6fd4d9fe62875552c7b89a4e0276cf16ebf46babe4656a794e,4014 3 4269 5 4524 8 4779 10 5034 13 5289 15 5544 16 5800 17 6056 17 6312 17 6568 17 6825 16 7081 16 7338 15 7596 12 7853 9 8110 5
4a424e0cb845cf6fd4d9fe62875552c7b89a4e0276cf16ebf46babe4656a794e,21375 2 21630 6 21885 8 22140 10 22396 11 22652 12 22909 11 23165 11 23421 11 23677 10 23934 9 24191 7
4a424e0cb845cf6fd4d9fe62875552c7b89a4e0276cf16ebf46babe4656a794e,6086 2 6098 3 6340 8 6353 8 6595 10 6608 10 6851 25 7107 26 7363 26 7619 26 7876 25 8133 23 8390 22 8647 21 8904 20 9164 15 9421 10 9678 6 9936 2
4a424e0cb845cf6fd4d9fe62875552c7b89a4e0276cf16ebf46babe4656a794e,33795 8 34050 11 34305 13 34561 14 34817 14 35073 15 35329 15 35585 15 35841 15 36097 15 36353 15 36609 15 36865 14 37121 14 37377 13 37634 11 37891 9 38148 7
4a424e0cb845cf6fd4d9fe62875552c7b89a4e0276cf16ebf46babe4656a794e,43508 5 43762 8 44017 11 44272 13 44527 15 44783 16 45038 19 45293 20 45549 20 45804 21 46059 22 46314 23 46569 24 46824 25 47080 25 47336 25 47592 24 47849 23 48105 22 48362 20 48619 18 48876 16 49133 14 49390 12 49651 6
4a424e0cb845cf6fd4d9fe62875552c7b89a4e0276cf16ebf46babe4656a794e,58836 6 59091 8 59346 10 59601 12 59856 13 60111 14 60367 14 60623 13 60879 13 61135 12 61391 12 61648 11 61905 10
4a424e0cb845cf6fd4d9fe62875552c7b89a4e0276cf16ebf46babe4656a794e,14467 7 14721 10 14976 12 15232 14 15488 15 15743 16 15999 16 16255 16 16510 17 16766 17 17022 18 17278 19 17534 19 17790 19 18047 18 18303 18 18560 17 18817 15 19074 13 19332 7
4a424e0cb845cf6fd4d9fe62875552c7b89a4e0276cf16ebf46babe4656a794e,30089 6 30344 8 30599 10 30854 12 31109 15 31365 16 31621 17 31877 17 32133 17 32389 17 32645 17 32902 16 33159 15 33416 14 33673 12 33930 10 34187 8
4a424e0cb845cf6fd4d9fe62875552c7b89a4e0276cf16ebf46babe4656a794e,27000 7 27255 9 27510 11 27765 12 28021 13 28276 15 28531 16 28786 17 29042 17 29298 17 29554 17 29810 17 30066 16 30322 16 30578 15 30835 14 31092 12 31348 10 31605 6
4a424e0cb845cf6fd4d9fe62875552c7b89a4e0276cf16ebf46babe4656a794e,23744 7 23998 10 24253 12 24508 14 24764 15 25020 16 25276 16 25532 16 25788 16 26044 16 26300 15 26557 13 26814 11 27071 9
4a424e0cb845cf6fd4d9fe62875552c7b89a4e0276cf16ebf46babe4656a794e,12733 3 12988 5 13241 10 13493 15 13742 22 13996 24 14251 25 14506 26 14761 27 15017 27 15272 28 15528 28 15784 28 16040 28 16296 27 16552 20 16809 17 17066 15 17323 9 17580 6 17839 2
4a424e0cb845cf6fd4d9fe62875552c7b89a4e0276cf16ebf46babe4656a794e,51420 3 51426 5 51675 13 51929 16 52184 18 52439 20 52694 22 52950 22 53206 22 53463 20 53719 20 53975 20 54230 21 54485 22 54740 22 54996 22 55252 22 55509 21 55765 20 56022 18 56279 12 56538 8 56795 6
4a424e0cb845cf6fd4d9fe62875552c7b89a4e0276cf16ebf46babe4656a794e,60125 6 60381 7 60636 10 60892 12 61147 14 61403 15 61659 15 61915 16 62171 16 62428 15 62685 14 62942 13 63199 12 63456 11 63713 9 63970 7 64227 2
4a424e0cb845cf6fd4d9fe62875552c7b89a4e0276cf16ebf46babe4656a794e,511 2 764 5 1017 8 1272 9 1527 10 1783 10 2038 11 2293 12 2549 12 2805 12 3061 12 3317 12 3573 12 3829 12 4085 12 4342 11 4599 10 4856 9 5114 7
4a424e0cb845cf6fd4d9fe62875552c7b89a4e0276cf16ebf46babe4656a794e,47497 9 47752 11 48008 11 48263 13 48518 14 48774 14 49030 14 49285 15 49541 15 49797 15 50053 15 50309 14 50566 12 50824 9
4a424e0cb845cf6fd4d9fe62875552c7b89a4e0276cf16ebf46babe4656a794e,60461 6 60716 8 60971 10 61226 12 61482 12 61738 12 61993 13 62249 13 62505 13 62761 13 63017 12 63273 11 63529 11 63785 10 64042 8
4a424e0cb845cf6fd4d9fe62875552c7b89a4e0276cf16ebf46babe4656a794e,10738 8 10992 13 11246 16 11501 18 11757 19 12013 19 12268 20 12524 20 12779 22 13035 22 13291 22 13547 22 13803 22 14059 22 14315 22 14572 21 14828 20 15085 18 15342 16 15599 14 15857 10 16114 8
4a424e0cb845cf6fd4d9fe62875552c7b89a4e0276cf16ebf46babe4656a794e,62357 5 62612 7 62867 8 63123 8 63379 8 63635 9 63892 8 64148 8 64405 6
4a424e0cb845cf6fd4d9fe62875552c7b89a4e0276cf16ebf46babe4656a794e,63900 6 64156 7 64411 8 64666 9 64923 8 65179 8 65436 7
4a424e0cb845cf6fd4d9fe62875552c7b89a4e0276cf16ebf46babe4656a794e,6548 10 6800 15 7055 17 7311 18 7567 18 7823 18 8079 18 8334 19 8589 20 8845 20 9101 20 9357 19 9614 18 9870 17 10126 17 10382 16 10638 15 10894 14 11151 10
4a424e0cb845cf6fd4d9fe62875552c7b89a4e0276cf16ebf46babe4656a794e,61594 6 61849 10 62105 11 62362 10 62619 9 62875 9 63131 9 63387 8 63644 6
4a424e0cb845cf6fd4d9fe62875552c7b89a4e0276cf16ebf46babe4656a794e,54948 2 55202 6 55457 9 55712 11 55967 12 56223 12 56478 13 56734 13 56990 14 57246 15 57502 15 57758 15 58015 14 58272 13 58529 11 58786 9 59043 7 59300 4
4a424e0cb845cf6fd4d9fe62875552c7b89a4e0276cf16ebf46babe4656a794e,53943 7 54198 9 54453 12 54708 14 54963 16 55219 16 55475 17 55731 19 55987 20 56243 21 56499 22 56755 23 57011 23 57268 22 57524 23 57780 23 58037 22 58294 21 58551 20 58808 18 59064 18 59321 17 59577 16 59834 14 60091 12 60348 10 60606 6
4a424e0cb845cf6fd4d9fe62875552c7b89a4e0276cf16ebf46babe4656a794e,50578 2 50833 5 51088 8 51343 10 51597 12 51852 13 52109 13 52365 13 52621 13 52877 13 53133 13 53389 13 53645 12 53901 11 54158 10 54415 8
4a424e0cb845cf6fd4d9fe62875552c7b89a4e0276cf16ebf46babe4656a794e,48040 5 48295 8 48550 10 48804 13 49059 15 49315 15 49570 17 49826 17 50082 17 50338 17 50594 17 50851 16 51107 15 51364 14 51621 12 51878 10 52136 6
4a424e0cb845cf6fd4d9fe62875552c7b89a4e0276cf16ebf46babe4656a794e,135 14 391 13 647 13 904 11 1161 9 1418 7
4a424e0cb845cf6fd4d9fe62875552c7b89a4e0276cf16ebf46babe4656a794e,10839 8 11092 13 11347 15 11602 17 11858 18 12114 18 12369 19 12625 19 12880 21 13135 22 13391 23 13646 24 13902 24 14158 24 14413 24 14669 24 14926 23 15182 22 15439 20 15696 18 15953 16 16210 14 16467 8 16725 5
4a424e0cb845cf6fd4d9fe62875552c7b89a4e0276cf16ebf46babe4656a794e,232 13 488 14 743 15 999 15 1255 15 1511 14 1767 13 2023 12 2280 10 2536 9 2793 6
4a424e0cb845cf6fd4d9fe62875552c7b89a4e0276cf16ebf46babe4656a794e,27418 7 27673 9 27928 10 28183 11 28438 13 28694 13 28950 14 29206 14 29462 13 29719 12 29975 12 30231 12 30487 11 30744 10 31001 8 31258 6
4a424e0cb845cf6fd4d9fe62875552c7b89a4e0276cf16ebf46babe4656a794e,16804 5 17059 7 17314 9 17570 10 17826 11 18081 13 18337 13 18593 14 18849 15 19105 15 19361 15 19617 16 19874 15 20130 15 20387 13 20645 10 20907 2
4a424e0cb845cf6fd4d9fe62875552c7b89a4e0276cf16ebf46babe4656a794e,40599 10 40854 12 41108 15 41363 16 41619 17 41874 18 42130 18 42386 18 42642 18 42898 18 43154 18 43410 17 43666 17 43923 16 44181 13 44438 11 44695 9 44952 7
4a424e0cb845cf6fd4d9fe62875552c7b89a4e0276cf16ebf46babe4656a794e,11662 12 11917 16 12172 18 12427 19 12683 19 12938 20 13194 20 13449 21 13705 21 13961 21 14217 20 14474 19 14731 18 14988 17 15248 12 15507 7
4a424e0cb845cf6fd4d9fe62875552c7b89a4e0276cf16ebf46babe4656a794e,41895 10 42150 12 42405 13 42660 15 42916 15 43172 15 43427 16 43683 16 43939 16 44194 16 44450 15 44706 15 44962 15 45217 16 45473 16 45729 16 45986 14 46244 11 46501 9
4a424e0cb845cf6fd4d9fe62875552c7b89a4e0276cf16ebf46babe4656a794e,35981 5 36236 8 36491 10 36746 11 37001 13 37256 15 37512 15 37768 16 38024 16 38279 17 38535 16 38791 16 39047 16 39304 14 39560 12 39816 11 40073 9 40330 7
4a424e0cb845cf6fd4d9fe62875552c7b89a4e0276cf16ebf46babe4656a794e,60947 3 61202 5 61458 8 61714 9 61970 10 62226 11 62482 12 62738 12 62994 12 63251 11 63507 11 63764 9 64021 7
4a424e0cb845cf6fd4d9fe62875552c7b89a4e0276cf16ebf46babe4656a794e,61626 5 61633 4 61881 15 62136 17 62392 18 62647 19 62902 21 63158 21 63414 22 63671 21 63927 21 64184 19 64441 16 64708 4
4a424e0cb845cf6fd4d9fe62875552c7b89a4e0276cf16ebf46babe4656a794e,29848 6 30103 8 30359 8 30615 9 30871 10 31127 10 31383 10 31639 10 31895 9 32151 8 32408 6
4a424e0cb845cf6fd4d9fe62875552c7b89a4e0276cf16ebf46babe4656a794e,43877 8 44131 11 44386 13 44641 14 44897 14 45153 14 45409 14 45665 14 45921 15 46177 15 46433 14 46690 13 46948 10 47205 8 47463 5
4a424e0cb845cf6fd4d9fe62875552c7b89a4e0276cf16ebf46babe4656a794e,20499 8 20753 11 21008 13 21264 13 21519 15 21775 15 22031 15 22287 15 22543 14 22799 14 23056 12 23312 11 23569 8 23827 3
4a424e0cb845cf6fd4d9fe62875552c7b89a4e0276cf16ebf46babe4656a794e,22949 9 23204 12 23458 15 23713 17 23968 19 24224 19 24479 21 24735 21 24991 21 25247 21 25503 21 25759 21 26016 20 26276 15 26535 3
4a424e0cb845cf6fd4d9fe62875552c7b89a4e0276cf16ebf46babe4656a794e,60276 6 60530 9 60784 12 61039 14 61294 15 61550 15 61805 16 62061 16 62317 16 62573 15 62829 14 63086 12 63343 9 63601 3
4a424e0cb845cf6fd4d9fe62875552c7b89a4e0276cf16ebf46babe4656a794e,85 8 341 10 596 12 851 15 1106 17 1361 18 1616 20 1871 21 2127 21 2382 22 2638 22 2894 22 3150 22 3407 20 3664 19 3921 18 4178 8 4191 3 4435 6 4692 5 4948 5 5205 3
4a424e0cb845cf6fd4d9fe62875552c7b89a4e0276cf16ebf46babe4656a794e,42424 4 42679 6 42933 9 43188 11 43443 13 43699 13 43955 13 44210 14 44465 15 44721 15 44977 15 45233 15 45489 14 45745 12 46002 9 46259 6
4a424e0cb845cf6fd4d9fe62875552c7b89a4e0276cf16ebf46babe4656a794e,167 7 422 9 677 11 932 13 1188 14 1444 14 1700 14 1956 14 2212 14 2469 12 2726 10 2983 8 3241 5
4a424e0cb845cf6fd4d9fe62875552c7b89a4e0276cf16ebf46babe4656a794e,50806 6 51060 9 51315 10 51571 11 51826 13 52082 14 52338 14 52594 14 52850 14 53107 13 53363 12 53620 11 53877 9 54134 6
4a424e0cb845cf6fd4d9fe62875552c7b89a4e0276cf16ebf46babe4656a794e,16593 5 16847 8 17102 10 17357 11 17612 13 17868 13 18124 13 18380 12 18636 12 18891 13 19147 12 19404 10 19661 9 19917 8 20174 6
4a424e0cb845cf6fd4d9fe62875552c7b89a4e0276cf16ebf46babe4656a794e,18665 8 18920 14 19176 24 19432 25 19689 24 19945 24 20201 24 20457 24 20713 24 20969 24 21226 23 21483 22 21740 21 21997 20 22254 19 22511 18 22768 17 23026 14 23291 2
4a424e0cb845cf6fd4d9fe62875552c7b89a4e0276cf16ebf46babe4656a794e,51591 4 51844 8 52099 10 52355 10 52611 10 52867 10 53123 10 53379 10 53635 10 53892 9 54150 6
4a424e0cb845cf6fd4d9fe62875552c7b89a4e0276cf16ebf46babe4656a794e,24301 9 24555 13 24810 15 25065 16 25320 17 25576 17 25831 18 26087 19 26343 19 26599 18 26855 18 27112 16 27368 15 27625 14 27882 12 28139 10 28396 5
4a424e0cb845cf6fd4d9fe62875552c7b89a4e0276cf16ebf46babe4656a794e,20883 8 21137 11 21392 12 21648 12 21904 13 22160 13 22416 13 22672 13 22928 13 23185 12 23442 10 23699 8 23956 5
4a424e0cb845cf6fd4d9fe62875552c7b89a4e0276cf16ebf46babe4656a794e,45002 4 45256 8 45510 11 45765 13 46020 14 46275 15 46530 17 46786 17 47042 17 47298 18 47555 17 47811 17 48067 17 48324 16 48580 16 48837 14 49093 14 49350 12 49607 10 49864 4
4a424e0cb845cf6fd4d9fe62875552c7b89a4e0276cf16ebf46babe4656a794e,58405 5 58657 10 58912 11 59168 11 59423 12 59679 12 59935 12 60191 12 60447 13 60704 12 60960 11 61217 9 61473 9 61729 9 61986 7 62243 6
4a424e0cb845cf6fd4d9fe62875552c7b89a4e0276cf16ebf46babe4656a794e,19643 9 19898 11 20153 13 20408 15 20663 17 20918 18 21173 20 21429 20 21685 20 21941 20 22197 19 22453 19 22710 18 22966 17 23223 14 23479 13 23736 8
