4ae4f936a9ade472764dad80f60f7168e4be067aa66ce9d06d60ebe34951dca4,11275 6 11530 8 11785 9 12041 10 12297 10 12553 11 12810 10 13066 10 13322 10 13578 10 13835 10 14091 10 14347 10 14604 8 14860 8 15117 7 15373 7 15630 6 15887 4
4ae4f936a9ade472764dad80f60f7168e4be067aa66ce9d06d60ebe34951dca4,35670 3 35925 5 36180 7 36436 7 36692 7 36947 8 37203 8 37459 8 37715 7 37971 7 38227 7 38483 7 38738 7 38994 7 39250 7 39506 7 39762 7 40018 6 40274 6 40530 6 40786 6 41042 5 41298 5 41554 5 41811 3
4ae4f936a9ade472764dad80f60f7168e4be067aa66ce9d06d60ebe34951dca4,34547 5 34802 7 35057 9 35313 9 35568 11 35823 12 36079 12 36335 12 36590 13 36846 13 37101 14 37357 14 37612 15 37868 14 38124 14 38379 14 38635 14 38890 14 39146 14 39402 13 39657 13 39913 13 40168 13 40424 13 40679 13 40934 14 41190 13 41446 12 41701 13 41956 13 42212 13 42468 12 42724 12 42979 13 43235 12 43491 12 43746 12 44002 12 44258 12 44514 11 44770 11 45026 10 45282 10 45538 9 45794 9 46051 7 46307 6 46564 4
4ae4f936a9ade472764dad80f60f7168e4be067aa66ce9d06d60ebe34951dca4,63591 2 63845 5 64100 7 64355 8 64611 8 64866 9 65121 9 65376 9 65631 10 65886 11 66141 11 66397 11 66653 11 66908 11 67163 11 67418 12 67673 12 67929 12 68184 13 68439 13 68694 14 68949 14 69204 15 69459 15 69715 14 69970 15 70226 15 70482 15 70737 15 70993 15 71248 15 71504 15 71760 14 72015 15 72271 15 72527 14 72782 15 73038 14 73294 13 73549 14 73805 14 74061 13 74316 13 74572 12 74828 12 75084 11 75339 11 75595 11 75851 10 76106 10 76362 9 76618 9 76873 9 77129 9 77385 8 77641 7 77896 7 78152 6 78408 5 78665 3
4ae4f936a9ade472764dad80f60f7168e4be067aa66ce9d06d60ebe34951dca4,81245 4 81500 8 81755 10
4ae4f936a9ade472764dad80f60f7168e4be067aa66ce9d06d60ebe34951dca4,138 10 394 10 649 12 905 12 1161 12 1417 12 1672 13 1928 13 2184 12 2440 11 2696 10 2952 10 3208 9 3463 10 3719 10 3975 10 4231 9 4487 9 4743 9 4999 9 5254 9 5510 9 5765 10 6021 10 6277 9 6532 10 6788 9 7044 9 7299 9 7555 8 7811 8 8067 8 8323 7 8579 7 8835 6 9092 4 9348 3
4ae4f936a9ade472764dad80f60f7168e4be067aa66ce9d06d60ebe34951dca4,7346 6 7599 10 7854 11 8109 12 8365 13 8620 14 8876 14 9132 14 9388 14 9644 14 9900 14 10156 14 10411 15 10667 16 10923 15 11179 15 11436 15 11692 15 11949 14 12205 14 12461 14 12717 13 12973 13 13229 13 13485 13 13741 13 13997 13 14252 14 14508 13 14764 13 15020 13 15276 13 15532 12 15787 13 16043 14 16299 14 16555 14 16810 14 17066 14 17321 15 17577 15 17834 13 18090 12 18346 11 18602 11 18858 10 19114 10 19370 10 19626 10 19883 9 20139 8 20395 8 20651 8 20907 8 21163 8 21419 7 21675 7 21931 7 22187 7 22443 6 22699 5 22956 3
4ae4f936a9ade472764dad80f60f7168e4be067aa66ce9d06d60ebe34951dca4,54182 5 54437 7 54691 9 54946 11 55201 12 55456 13 55711 14 55967 14 56222 15 56477 15 56733 14 56988 15 57244 14 57499 14 57755 14 58010 14 58266 13 58521 13 58777 13 59033 12 59288 12 59544 12 59800 11 60056 10 60312 10 60568 9 60824 8 61080 7 61336 7 61592 6 61849 4
4ae4f936a9ade472764dad80f60f7168e4be067aa66ce9d06d60ebe34951dca4,65309 2 65563 5 65818 7 66073 9 66329 10 66585 11 66841 11 67097 12 67353 12 67609 12 67865 12 68122 12 68378 12 68634 12 68890 12 69146 13 69403 12 69660 11 69916 11 70171 12 70427 11 70683 11 70939 11 71194 12 71450 12 71706 12 71962 12 72218 12 72473 12 72729 11 72985 11 73241 10 73497 9 73753 8 74010 6 74267 4
4ae4f936a9ade472764dad80f60f7168e4be067aa66ce9d06d60ebe34951dca4,50639 5 50894 7 51150 8 51405 9 51661 10 51916 11 52172 12 52427 13 52682 14 52938 14 53193 15 53449 15 53704 16 53960 16 54215 17 54471 16 54726 17 54981 17 55236 18 55491 18 55747 18 56002 18 56257 18 56512 18 56767 18 57022 19 57277 19 57533 18 57789 17 58045 16 58301 16 58558 14 58815 13 59072 12 59329 10 59586 8 59843 6 60101 1
4ae4f936a9ade472764dad80f60f7168e4be067aa66ce9d06d60ebe34951dca4,63988 2 64243 4 64499 5 64754 6 65010 6 65265 7 65521 7 65776 8 66032 8 66288 7 66544 7 66800 7 67056 7 67312 7 67567 8 67823 8 68078 9 68334 9 68590 9 68846 9 69101 10 69357 9 69613 9 69868 10 70124 10 70380 10 70636 9 70892 9 71147 10 71403 9 71659 9 71915 9 72171 9 72426 9 72682 9 72938 9 73195 8 73451 8 73707 7 73962 8 74218 8 74473 9 74729 8 74985 8 75241 8 75496 8 75752 8 76008 8 76264 7 76520 7 76776 7 77032 6 77287 7 77543 6 77799 6 78055 6 78311 6 78567 5 78823 5 79079 4 79336 3
4ae4f936a9ade472764dad80f60f7168e4be067aa66ce9d06d60ebe34951dca4,37458 1 37713 2 37968 3 38223 4 38478 5 38733 5 38989 5 39244 6 39500 6 39755 7 40011 7 40266 8 40521 9 40777 9 41033 9 41289 9 41545 9 41800 10 42056 10 42312 9 42567 10 42823 9 43079 9 43336 8 43592 8 43848 7 44105 5
4ae4f936a9ade472764dad80f60f7168e4be067aa66ce9d06d60ebe34951dca4,41402 4 41656 7 41911 8 42166 9 42421 10 42677 10 42932 10 43188 10 43443 10 43698 10 43953 11 44208 11 44464 10 44719 10 44975 9 45231 8 45487 7 45743 6 46000 4
4ae4f936a9ade472764dad80f60f7168e4be067aa66ce9d06d60ebe34951dca4,20200 4 20455 6 20710 7 20966 8 21221 9 21476 10 21732 10 21987 11 22243 10 22498 11 22754 11 23010 11 23265 12 23521 12 23776 13 24032 12 24287 13 24542 14 24798 13 25054 13 25310 12 25565 13 25821 13 26076 14 26331 15 26587 15 26843 15 27098 15 27354 15 27610 14 27865 15 28121 14 28377 13 28632 14 28888 13 29143 13 29399 13 29654 13 29910 12 30165 13 30420 13 30676 12 30932 11 31188 11 31444 10 31700 9 31956 8 32213 6
4ae4f936a9ade472764dad80f60f7168e4be067aa66ce9d06d60ebe34951dca4,58652 6 58907 8 59162 10 59417 11 59673 11 59929 11 60185 11 60440 12 60696 12 60951 12 61207 12 61463 12 61719 12 61975 11 62231 11 62487 11 62743 10 62999 9 63255 8 63511 7 63768 6 64024 5 64281 3
4ae4f936a9ade472764dad80f60f7168e4be067aa66ce9d06d60ebe34951dca4,38495 3 38750 4 39005 6 39261 6 39516 7 39769 10 40024 12 40280 12 40536 12 40792 12 41047 13 41303 13 41559 12 41814 13 42069 14 42326 13 42582 12 42838 12 43094 12 43349 13 43605 13 43861 12 44117 12 44373 12 44629 12 44885 12 45141 12 45397 11 45653 11 45909 11 46165 11 46421 10 46677 10 46933 10 47190 9 47446 9 47702 8 47958 7 48215 6 48471 5 48728 3
4ae4f936a9ade472764dad80f60f7168e4be067aa66ce9d06d60ebe34951dca4,75039 3 75294 5 75549 6 75804 7 76060 7 76315 8 76571 8 76827 8 77083 8 77338 9 77594 8 77850 8 78106 8 78361 9 78617 9 78873 9 79129 9 79384 10 79640 9 79896 8 80151 9 80407 9 80663 9 80919 8 81174 9 81430 9 81685 9
4ae4f936a9ade472764dad80f60f7168e4be067aa66ce9d06d60ebe34951dca4,75327 3 75579 8 75834 9 76089 11 76345 11 76600 12 76855 13 77110 13 77365 14 77621 14 77876 15 78132 15 78387 16 78643 15 78899 15 79154 16 79410 16 79665 16 79921 15 80176 16 80432 15 80687 16 80943 15 81199 14 81455 13 81711 13
4ae4f936a9ade472764dad80f60f7168e4be067aa66ce9d06d60ebe34951dca4,49738 2 49992 5 50246 7 50501 7 50756 8 51011 10 51266 12 51521 13 51776 14 52030 16 52285 16 52540 15 52795 15 53050 15 53306 14 53562 13 53817 14 54072 15 54328 14 54584 14 54839 15 55095 14 55351 14 55607 13 55862 14 56118 13 56374 11 56630 10 56887 7 57144 2
4ae4f936a9ade472764dad80f60f7168e4be067aa66ce9d06d60ebe34951dca4,71271 3 71526 4 71782 5 72037 6 72293 6 72548 7 72804 7 73059 7 73315 7 73570 8 73825 9 74080 9 74336 9 74591 10 74846 11 75101 11 75356 12 75612 11 75867 12 76123 12 76378 13 76633 13 76889 12 77144 12 77400 12 77656 11 77912 10 78167 10 78423 10 78678 10 78933 11 79189 11 79444 12 79699 11 79955 10 80211 10 80466 10 80722 10 80977 11 81233 10 81488 10 81743 10
4ae4f936a9ade472764dad80f60f7168e4be067aa66ce9d06d60ebe34951dca4,72749 3 73003 6 73258 7 73513 9 73768 10 74023 11 74279 11 74535 11 74791 11 75047 11 75302 11 75558 10 75814 10 76069 11 76323 12 76579 12 76835 12 77091 12 77347 12 77602 12 77858 12 78114 11 78370 11 78626 11 78882 11 79138 10 79394 10 79649 11 79904 11 80160 11 80416 11 80672 11 80927 11 81183 11 81439 10 81694 11
4ae4f936a9ade472764dad80f60f7168e4be067aa66ce9d06d60ebe34951dca4,76646 5 76901 7 77156 9 77412 9 77667 10 77922 11 78177 12 78433 11 78688 12 78944 12 79200 11 79456 10 79713 8 79969 7 80226 5 80484 2
4ae4f936a9ade472764dad80f60f7168e4be067aa66ce9d06d60ebe34951dca4,46012 3 46267 5 46522 6 46777 7 47032 8 47288 8 47543 9 47798 9 48053 10 48308 11 48563 11 48818 12 49074 12 49329 12 49584 12 49839 13 50094 13 50350 12 50605 13 50861 12 51116 13 51372 12 51627 13 51883 13 52138 13 52394 13 52649 13 52904 13 53160 13 53415 13 53671 13 53927 12 54187 8 54444 6 54700 5 54957 4 55213 3 55469 3 55725 2
4ae4f936a9ade472764dad80f60f7168e4be067aa66ce9d06d60ebe34951dca4,9553 3 9808 4 10063 5 10318 7 10573 8 10829 8 11085 8 11340 9 11596 9 11851 10 12107 10 12362 10 12618 10 12873 11 13129 11 13385 10 13640 11 13896 11 14152 10 14408 10 14664 10 14920 10 15175 11 15431 11 15687 11 15943 11 16199 11 16455 11 16711 11 16967 11 17223 10 17479 9 17736 7 17993 5
4ae4f936a9ade472764dad80f60f7168e4be067aa66ce9d06d60ebe34951dca4,40999 6 41254 8 41509 10 41764 12 42019 13 42275 13 42531 14 42787 14 43043 14 43299 14 43555 14 43811 15 44067 15 44323 15 44578 16 44833 17 45088 18 45343 19 45598 21 45854 21 46110 21 46366 21 46622 20 46879 19 47135 19 47392 18 47648 17 47905 12 48161 11 48417 10 48674 8 48930 7 49187 5 49444 3
4ae4f936a9ade472764dad80f60f7168e4be067aa66ce9d06d60ebe34951dca4,61131 3 61386 5 61641 7 61896 8 62152 8 62407 9 62663 9 62919 8 63174 9 63429 10 63685 10 63941 10 64197 10 64452 10 64708 10 64964 10 65220 10 65476 10 65731 10 65987 10 66243 10 66499 10 66755 9 67010 10 67266 10 67522 10 67778 10 68034 10 68289 11 68545 10 68801 10 69057 10 69313 10 69568 11 69824 11 70080 11 70336 10 70592 10 70848 10 71104 10 71360 9 71616 9 71872 9 72128 9 72384 9 72640 9 72896 9 73152 8 73408 8 73664 8 73920 8 74176 8 74432 7 74688 7 74944 7 75200 7 75456 6 75712 6 75968 5 76224 5 76480 4 76737 2
4ae4f936a9ade472764dad80f60f7168e4be067aa66ce9d06d60ebe34951dca4,31144 6 31399 8 31655 9 31910 10 32166 10 32421 11 32677 12 32932 13 33188 13 33444 13 33699 14 33955 13 34211 13 34467 13 34723 12 34978 13 35234 13 35490 13 35745 14 36001 13 36257 13 36513 13 36768 14 37024 13 37280 13 37536 12 37792 12 38047 13 38303 13 38559 13 38815 12 39070 13 39326 13 39582 13 39837 14 40093 13 40349 13 40605 13 40861 12 41116 12 41372 12 41628 12 41884 11 42140 11 42396 10 42651 10 42907 10 43162 10 43418 10 43673 10 43929 9 44185 9 44441 8 44697 8 44953 8 45210 6 45467 4
4ae4f936a9ade472764dad80f60f7168e4be067aa66ce9d06d60ebe34951dca4,34761 3 35016 5 35271 7 35526 8 35782 8 36037 9 36292 10 36548 10 36803 10 37058 11 37314 10 37569 11 37824 11 38079 12 38334 12 38590 12 38845 12 39101 11 39356 12 39612 12 39867 12 40123 11 40378 11 40634 11 40890 10 41146 10 41406 5 41663 3 41919 3 42175 2
4ae4f936a9ade472764dad80f60f7168e4be067aa66ce9d06d60ebe34951dca4,79344 2 79599 4 79855 4 80111 4 80366 5 80622 6 80878 6 81134 6 81389 7 81645 7 81900 7
4ae4f936a9ade472764dad80f60f7168e4be067aa66ce9d06d60ebe34951dca4,38 10 294 10 550 10 805 10 1061 10 1317 11 1573 11 1829 11 2084 12 2340 12 2596 12 2852 12 3108 12 3364 12 3620 12 3876 12 4131 13 4387 12 4643 12 4899 12 5155 12 5411 12 5667 12 5923 11 6179 11 6435 11 6691 11 6947 11 7203 10 7459 10 7716 9 7974 6
