4cbd6c37f3a55a538d759d440344c287cac66260d3047a83f429e63e7a0f7f20,3975 5 4228 9 4483 11 4738 13 4993 14 5249 14 5504 16 5760 16 6016 16 6272 16 6528 16 6785 15 7041 15 7297 15 7554 14 7812 11 8069 9 8326 7 8584 4
4cbd6c37f3a55a538d759d440344c287cac66260d3047a83f429e63e7a0f7f20,17508 7 17762 10 18017 12 18272 14 18527 16 18782 18 19038 18 19293 19 19549 19 19805 19 20061 19 20317 19 20573 18 20829 18 21085 17 21341 17 21597 16 21854 14 22110 13 22367 11 22624 9 22882 5
4cbd6c37f3a55a538d759d440344c287cac66260d3047a83f429e63e7a0f7f20,65792 1 66046 3 66301 4 66557 4 66812 5 67068 5 67324 5 67580 5 67836 5 68092 5 68348 5 68604 5 68861 4 69118 3
4cbd6c37f3a55a538d759d440344c287cac66260d3047a83f429e63e7a0f7f20,20413 5 20667 8 20921 10 21174 13 21429 13 21684 14 21939 14 22195 14 22450 14 22705 14 22960 14 23215 14 23470 15 23725 15 23980 15 24234 17 24488 18 24743 18 24998 19 25253 19 25509 18 25764 19 26019 19 26273 19 26528 17 26783 16 27038 16 27293 16 27549 16 27804 16 28060 15 28315 16 28571 15 28826 15 29081 15 29336 15 29591 15 29846 14 30101 14 30356 14 30612 13 30868 11 31125 7
4cbd6c37f3a55a538d759d440344c287cac66260d3047a83f429e63e7a0f7f20,39296 3 39548 8 39803 9 40057 11 40311 13 40566 13 40821 14 41077 13 41333 13 41589 13 41845 12 42101 12 42357 12 42613 12 42869 11 43125 11 43381 11 43637 11 43893 10 44150 9 44406 8 44663 6
4cbd6c37f3a55a538d759d440344c287cac66260d3047a83f429e63e7a0f7f20,3733 5 3988 8 4244 10 4499 13 4755 15 5011 16 5267 16 5522 18 5778 18 6034 18 6290 18 6546 18 6802 18 7058 18 7314 18 7570 18 7826 18 8082 18 8338 17 8594 17 8851 15 9107 13 9363 12 9620 9 9877 6
4cbd6c37f3a55a538d759d440344c287cac66260d3047a83f429e63e7a0f7f20,20641 6 20894 10 21148 13 21402 15 21657 16 21911 18 22166 19 22420 21 22675 22 22929 23 23184 23 23439 24 23694 24 23949 24 24204 24 24459 23 24714 23 24970 22 25225 22 25480 21 25736 20 25992 18 26247 18 26503 15 26759 14 27015 11 27271 10 27528 7
4cbd6c37f3a55a538d759d440344c287cac66260d3047a83f429e63e7a0f7f20,15928 2 16183 4 16438 6 16693 7 16949 7 17204 8 17460 8 17716 8 17972 8 18227 9 18483 9 18739 9 18995 9 19251 9 19506 10 19762 9 20018 9 20274 9 20530 9 20786 8 21042 8 21298 8 21554 8 21810 7 22066 7 22323 5 22580 3
4cbd6c37f3a55a538d759d440344c287cac66260d3047a83f429e63e7a0f7f20,72206 9 72461 11 72716 12 72971 13 73226 13 73482 12 73737 12 73993 12 74249 11 74505 10 74760 10 75015 11 75271 10 75526 11 75782 10 76037 11 76293 10 76548 11 76804 11 77060 11 77316 11 77572 10 77829 8 78086 6
4cbd6c37f3a55a538d759d440344c287cac66260d3047a83f429e63e7a0f7f20,77 15 333 15 588 16 843 17 1098 18 1353 19 1608 19 1863 20 2117 22 2372 23 2626 25 2880 26 3135 27 3390 28 3645 29 3901 28 4157 28 4414 27 4670 27 4927 25 5183 25 5440 23 5696 22 5953 20 6210 18 6467 15 6724 13 6981 9
4cbd6c37f3a55a538d759d440344c287cac66260d3047a83f429e63e7a0f7f20,4111 4 4364 8 4619 10 4874 11 5129 12 5385 12 5641 12 5897 12 6153 11 6409 10 6665 10 6922 8 7179 3
4cbd6c37f3a55a538d759d440344c287cac66260d3047a83f429e63e7a0f7f20,53439 10 53694 12 53950 14 54205 16 54461 17 54717 19 54973 20 55229 21 55484 23 55740 24 55996 24 56252 24 56508 25 56764 25 57020 24 57276 23 57533 21 57790 18 58047 16 58305 8
4cbd6c37f3a55a538d759d440344c287cac66260d3047a83f429e63e7a0f7f20,77014 6 77268 9 77523 11 77778 12 78033 13 78288 14 78543 15 78798 16 79052 17 79307 18 79562 19 79817 20 80073 20 80329 19 80585 19 80841 19 81097 19 81353 19 81610 18 81866 18
