4d14a3629b6af6de86d850be236b833a7bfcbf6d8665fd73c6dc339e06c14607,204 14 460 14 717 12 974 10 1231 8
4d14a3629b6af6de86d850be236b833a7bfcbf6d8665fd73c6dc339e06c14607,5156 3 5412 6 5668 11 5924 12 6180 15 6436 17 6692 17 6948 18 7204 19 7460 19 7716 19 7972 19 8228 18 8483 18 8740 17 8997 13 9256 9 9513 4 9770 2
4d14a3629b6af6de86d850be236b833a7bfcbf6d8665fd73c6dc339e06c14607,5 8 262 7 518 7 775 6 1031 6 1288 5 1545 3
4d14a3629b6af6de86d850be236b833a7bfcbf6d8665fd73c6dc339e06c14607,35120 7 35375 10 35630 14 35886 15 36142 16 36398 17 36654 18 36910 19 37167 18 37424 16 37680 16 37937 14 38194 13 38451 12 38707 12 38964 11 39221 10 39478 9 39735 8 39993 6 40250 5 40507 4 40763 2
4d14a3629b6af6de86d850be236b833a7bfcbf6d8665fd73c6dc339e06c14607,56621 1 56876 3 57132 3 57387 4 57643 4 57899 4 58155 4 58411 5 58667 5 58923 5 59179 5 59435 5 59691 4
4d14a3629b6af6de86d850be236b833a7bfcbf6d8665fd73c6dc339e06c14607,10389 2 10644 3 10900 3 11156 4 11412 5 11668 5 11924 6 12180 7 12436 9 12692 14 12948 15 13204 16 13460 17 13716 17 13972 17 14228 18 14485 17 14741 18 14997 18 15253 18 15509 18 15765 19 16021 19 16278 19 16535 18 16791 18 17048 17 17305 16 17562 15 17819 14 18076 12 18334 9 18591 8 18848 6
4d14a3629b6af6de86d850be236b833a7bfcbf6d8665fd73c6dc339e06c14607,33133 7 33385 12 33640 14 33895 15 34151 14 34407 14 34664 13 34920 12 35176 11 35433 9 35690 6
4d14a3629b6af6de86d850be236b833a7bfcbf6d8665fd73c6dc339e06c14607,28924 5 29180 5 29436 5 29692 5 29948 5 30203 6 30459 6 30715 6 30971 6 31227 6 31483 6 31739 6 31995 6 32251 6 32507 6 32763 6 33019 6 33275 6 33531 6 33787 6 34043 6 34299 6 34555 6 34812 5 35068 5 35324 5 35580 5 35836 5 36093 4 36349 4 36606 3 36862 3 37119 2 37375 2 37632 1 37888 1
4d14a3629b6af6de86d850be236b833a7bfcbf6d8665fd73c6dc339e06c14607,36 13 293 13 550 12 806 12 1063 11 1320 10 1578 8 1835 6 2093 3
4d14a3629b6af6de86d850be236b833a7bfcbf6d8665fd73c6dc339e06c14607,23644 6 23899 8 24153 14 24409 15 24665 16 24921 17 25177 18 25433 19 25688 20 25944 20 26200 22 26456 22 26712 22 26968 22 27224 22 27480 22 27736 22 27993 21 28249 20 28506 19 28762 19 29020 16 29277 15 29536 12 29794 11 30051 10 30307 10 30564 9 30821 8 31078 6 31335 4
4d14a3629b6af6de86d850be236b833a7bfcbf6d8665fd73c6dc339e06c14607,37238 6 37493 8 37748 10 38003 11 38259 11 38514 12 38769 13 39024 14 39280 14 39535 15 39791 15 40046 16 40301 16 40557 16 40813 16 41069 16 41324 17 41580 17 41836 16 42092 16 42348 16 42604 15 42860 14 43116 13 43372 12 43628 11 43884 11 44140 10 44396 10 44653 8 44909 7 45165 6 45422 4
4d14a3629b6af6de86d850be236b833a7bfcbf6d8665fd73c6dc339e06c14607,66924 4 67178 7 67433 11 67688 14 67944 15 68200 15 68457 15 68713 15 68970 14 69226 15 69483 14 69739 14 69996 13 70253 12 70510 11 70767 10 71023 10 71279 9 71536 7 71795 3
4d14a3629b6af6de86d850be236b833a7bfcbf6d8665fd73c6dc339e06c14607,29847 3 30102 6 30357 8 30613 13 30868 15 31123 18 31376 22 31629 26 31884 27 32140 27 32396 28 32652 9 32663 17 32908 8 32920 17 33165 6 33176 17 33422 3 33432 17 33688 18 33945 17 34201 17 34458 16 34714 16 34970 17 35226 18 35482 18 35738 19 35994 19 36254 15 36511 14 36768 14 37024 14 37280 14 37537 13 37794 12 38051 11 38307 11 38564 11 38821 10 39078 9 39334 9 39590 9 39847 7
4d14a3629b6af6de86d850be236b833a7bfcbf6d8665fd73c6dc339e06c14607,35277 4 35282 2 35529 13 35784 16 36039 18 36294 20 36550 21 36805 23 37061 24 37316 26 37572 26 37828 27 38084 27 38340 27 38597 26 38855 24 39113 22 39370 21 39633 13 39893 8
4d14a3629b6af6de86d850be236b833a7bfcbf6d8665fd73c6dc339e06c14607,9151 4 9405 9 9660 13 9916 15 10172 16 10428 17 10685 16 10941 16 11197 16 11452 17 11707 17 11962 18 12218 18 12474 17 12731 15 12988 11 13245 7
4d14a3629b6af6de86d850be236b833a7bfcbf6d8665fd73c6dc339e06c14607,15831 2 16086 9 16341 10 16597 11 16853 11 17108 12 17364 12 17620 12 17875 13 18131 13 18387 13 18643 13 18899 13 19154 14 19410 14 19666 14 19922 14 20178 14 20434 14 20690 14 20946 14 21202 14 21458 14 21714 14 21970 14 22226 13 22482 13 22738 13 22995 11 23251 10 23508 9 23764 9 24022 6 24279 5 24535 5 24791 4 25047 4 25304 3 25560 2 25816 2 26072 2
4d14a3629b6af6de86d850be236b833a7bfcbf6d8665fd73c6dc339e06c14607,26307 6 26562 8 26817 9 27072 11 27327 13 27582 15 27837 16 28093 17 28349 19 28605 20 28861 21 29117 21 29373 21 29629 21 29885 21 30141 21 30397 21 30653 22 30909 22 31165 22 31421 22 31677 22 31933 22 32189 22 32445 23 32701 23 32957 24 33213 24 33469 24 33725 24 33982 23 34238 23 34495 22 34752 20 35010 18 35268 9 35281 1 35528 1
4d14a3629b6af6de86d850be236b833a7bfcbf6d8665fd73c6dc339e06c14607,50719 6 50974 7 51229 9 51485 10 51740 12 51995 14 52251 14 52506 15 52761 16 53017 17 53273 17 53529 18 53785 18 54042 17 54299 16 54555 15 54812 14 55068 13 55325 11 55582 9 55838 9 56095 7 56351 5 56608 3
4d14a3629b6af6de86d850be236b833a7bfcbf6d8665fd73c6dc339e06c14607,47110 2 47365 4 47621 5 47877 7 48134 8 48391 8 48648 9 48905 9 49162 8 49420 6 49677 4
4d14a3629b6af6de86d850be236b833a7bfcbf6d8665fd73c6dc339e06c14607,64031 8 64285 11 64540 12 64795 13 65050 13 65306 12 65563 10 65821 3
4d14a3629b6af6de86d850be236b833a7bfcbf6d8665fd73c6dc339e06c14607,61196 12 61451 14 61706 15 61961 16 62216 17 62471 18 62726 19 62982 19 63239 18 63496 16 63753 14 64010 12 64267 11 64525 8 64783 5
4d14a3629b6af6de86d850be236b833a7bfcbf6d8665fd73c6dc339e06c14607,27418 10 27673 12 27929 13 28184 15 28440 16 28696 17 28952 18 29208 19 29464 19 29721 19 29977 19 30234 18 30491 18 30749 17 31006 16 31263 15 31520 15 31777 14 32034 13 32292 11 32549 10 32806 9 33063 7 33322 3
4d14a3629b6af6de86d850be236b833a7bfcbf6d8665fd73c6dc339e06c14607,57862 11 58117 15 58372 18 58627 20 58883 20 59138 21 59394 20 59650 19 59906 17 60162 15 60418 6 60675 4
4d14a3629b6af6de86d850be236b833a7bfcbf6d8665fd73c6dc339e06c14607,73297 12 73550 16 73803 20 74058 21 74314 21 74570 20 74827 18 75084 16 75342 7
4d14a3629b6af6de86d850be236b833a7bfcbf6d8665fd73c6dc339e06c14607,17156 2 17411 4 17667 4 17923 4 18179 4 18435 4 18691 4 18948 2
4d14a3629b6af6de86d850be236b833a7bfcbf6d8665fd73c6dc339e06c14607,29748 4 30003 6 30259 6 30514 8 30770 8 31026 8 31282 10 31538 11 31795 12 32052 11 32309 12 32567 11 32824 12 33081 12 33340 10 33597 10 33855 8 34113 5
4d14a3629b6af6de86d850be236b833a7bfcbf6d8665fd73c6dc339e06c14607,3858 2 4113 4 4368 6 4624 7 4880 7 5136 7 5392 7 5648 8 5904 9 6161 8 6417 8 6673 8 6929 9 7185 9 7441 10 7698 9 7955 9 8211 9 8468 8 8724 8 8981 7 9238 6 9495 4
4d14a3629b6af6de86d850be236b833a7bfcbf6d8665fd73c6dc339e06c14607,19981 3 20236 5 20492 6 20748 7 21005 7 21261 8 21517 8 21773 9 22030 9 22287 9 22543 9 22800 9 23057 8 23313 9 23570 8 23826 9 24083 9 24339 9 24596 9 24852 9 25109 8 25365 9 25621 9 25878 7 26134 6 26391 4 26648 2
4d14a3629b6af6de86d850be236b833a7bfcbf6d8665fd73c6dc339e06c14607,33 3 289 4 546 4 802 4 1058 5 1315 5 1572 6 1828 7 1841 1 2084 9 2096 3 2341 14 2597 14 2853 14 3109 15 3365 16 3622 16 3878 16 4135 14 4393 11 4650 8 4909 4
4d14a3629b6af6de86d850be236b833a7bfcbf6d8665fd73c6dc339e06c14607,16619 5 16874 6 17129 8 17384 9 17639 11 17894 12 18149 13 18405 14 18661 14 18917 14 19172 14 19428 14 19684 14 19940 14 20195 15 20451 15 20706 16 20962 16 21218 16 21474 16 21730 16 21986 16 22242 16 22498 16 22754 16 23010 16 23266 16 23522 16 23778 16 24035 15 24291 15 24547 15 24804 14 25060 14 25316 13 25572 12 25828 11 26085 10 26341 10 26597 9 26853 9 27109 9 27366 8 27623 6
4d14a3629b6af6de86d850be236b833a7bfcbf6d8665fd73c6dc339e06c14607,37440 14 37459 5 37696 25 37951 29 38207 29 38463 29 38719 29 38975 27 39231 26 39487 24 39743 23 39999 21 40255 18 40511 17 40768 7
4d14a3629b6af6de86d850be236b833a7bfcbf6d8665fd73c6dc339e06c14607,16 9 272 9 528 9 784 9 1040 9 1296 9 1553 8 1810 7 2066 7 2323 6 2580 5 2837 3
4d14a3629b6af6de86d850be236b833a7bfcbf6d8665fd73c6dc339e06c14607,47747 3 48002 5 48258 6 48514 7 48770 8 49026 8 49281 9 49536 10 49792 11 50048 11 50304 11 50560 11 50815 12 51071 12 51326 13 51582 13 51838 13 52094 13 52349 14 52605 14 52861 14 53117 14 53373 14 53629 15 53885 15 54141 15 54397 15 54653 15 54909 14 55165 14 55421 14 55677 14 55934 12 56191 10
4d14a3629b6af6de86d850be236b833a7bfcbf6d8665fd73c6dc339e06c14607,47162 5 47413 11 47668 12 47923 13 48178 14 48434 14 48690 14 48946 14 49202 14 49458 13 49714 12 49970 12 50227 10 50483 10 50740 8 50997 6
4d14a3629b6af6de86d850be236b833a7bfcbf6d8665fd73c6dc339e06c14607,55114 3 55369 5 55625 7 55881 10 56137 12 56393 18 56649 19 56905 19 57161 19 57418 17 57674 17 57931 16 58188 14 58444 14 58701 12 58958 10 59215 8 59472 5
4d14a3629b6af6de86d850be236b833a7bfcbf6d8665fd73c6dc339e06c14607,40496 11 40751 12 41006 13 41262 13 41518 14 41774 15 42030 15 42286 15 42542 15 42798 16 43055 15 43311 15 43568 14 43824 14 44081 13 44339 11 44597 9 44853 8 45114 3
4d14a3629b6af6de86d850be236b833a7bfcbf6d8665fd73c6dc339e06c14607,43787 2 44042 4 44298 5 44554 7 44811 8 45067 9 45324 9 45581 9 45838 9 46094 10 46350 10 46606 9 46863 8 47120 6 47379 2
4d14a3629b6af6de86d850be236b833a7bfcbf6d8665fd73c6dc339e06c14607,51211 4 51466 6 51722 7 51978 8 52234 9 52490 9 52746 10 53002 10 53258 10 53515 9 53771 9 54027 9 54283 9 54540 8 54796 8 55053 7 55309 6 55566 5 55823 3
4d14a3629b6af6de86d850be236b833a7bfcbf6d8665fd73c6dc339e06c14607,74406 5 74661 7 74916 9 75171 11 75427 11 75682 12 75938 12 76194 13 76450 13 76706 13 76962 14 77218 14 77474 15 77730 15 77987 14 78244 14 78502 13 78759 12 79016 11 79273 10 79530 8 79788 6 80045 4
4d14a3629b6af6de86d850be236b833a7bfcbf6d8665fd73c6dc339e06c14607,20605 10 20860 12 21116 15 21371 18 21627 18 21882 19 22137 17 22393 17 22648 19 22904 19 23160 19 23417 18 23673 19 23930 18 24186 18 24442 18 24698 18 24954 18 25210 18 25466 18 25722 17 25978 17 26234 16 26490 15 26747 14 27003 13 27259 10 27516 6
4d14a3629b6af6de86d850be236b833a7bfcbf6d8665fd73c6dc339e06c14607,21504 1 21760 1 22015 2 22269 4 22525 4 22781 4 23037 4 23293 4 23549 4 23805 4 24061 4 24317 4 24573 4 24829 4 25086 3 25342 3 25599 2 25855 2 26111 2 26368 1 26624 1 26880 1 27136 1 27392 1
4d14a3629b6af6de86d850be236b833a7bfcbf6d8665fd73c6dc339e06c14607,33517 7 33772 10 34027 12 34283 13 34539 14 34795 14 35051 15 35307 16 35563 16 35819 16 36075 17 36331 18 36587 18 36843 18 37099 19 37355 19 37611 19 37867 20 38124 19 38381 18 38637 18 38893 18 39149 17 39406 16 39662 16 39919 15 40175 15 40432 14 40689 13 40946 12 41202 11 41459 10 41719 5
4d14a3629b6af6de86d850be236b833a7bfcbf6d8665fd73c6dc339e06c14607,38275 3 38530 6 38785 7 39040 8 39295 9 39550 10 39806 10 40062 10 40317 11 40573 11 40829 11 41085 11 41341 11 41597 11 41852 12 42108 12 42364 12 42619 13 42875 13 43131 13 43387 13 43643 13 43898 13 44154 13 44410 12 44666 11 44922 11 45178 11 45434 10 45691 9 45948 7 46204 6 46461 3
4d14a3629b6af6de86d850be236b833a7bfcbf6d8665fd73c6dc339e06c14607,67405 6 67660 8 67916 8 68171 8 68425 10 68678 12 68933 13 69188 13 69443 13 69699 13 69955 13 70211 13 70467 13 70723 13 70979 13 71235 13 71491 13 71747 13 72003 13 72259 12 72515 12 72771 12 73027 12 73284 11 73541 9 73801 2
4d14a3629b6af6de86d850be236b833a7bfcbf6d8665fd73c6dc339e06c14607,7085 4 7340 6 7595 8 7849 11 8104 13 8359 14 8615 14 8872 14 9129 14 9387 12 9644 11 9901 11 10158 10 10415 9 10671 10 10927 10 11184 9 11440 10 11696 10 11951 11 12207 11 12462 12 12717 14 12973 15 13228 17 13482 23 13738 24 13995 24 14251 24 14508 23 14765 22 15022 21 15279 19 15535 19 15792 18 16049 17 16305 17 16562 15 16818 14 17075 11 17332 5
4d14a3629b6af6de86d850be236b833a7bfcbf6d8665fd73c6dc339e06c14607,24012 10 24266 13 24521 14 24777 14 25032 15 25287 17 25542 18 25798 18 26054 18 26313 14 26570 13 26826 13 27083 12 27340 11 27597 10 27853 10 28110 9 28368 6 28625 5 28882 3
4d14a3629b6af6de86d850be236b833a7bfcbf6d8665fd73c6dc339e06c14607,187 16 443 17 699 18 955 19 1213 18 1472 16 1729 16 1986 16 2243 16 2499 17 2755 17 3012 17 3269 16 3526 16 3783 16 4039 16 4295 16 4552 16 4810 15 5067 15 5323 15 5581 13 5837 13 6094 12 6350 11 6607 9
4d14a3629b6af6de86d850be236b833a7bfcbf6d8665fd73c6dc339e06c14607,37819 2 38075 4 38331 5 38586 7 38842 8 39098 8 39355 8 39611 8 39867 9 40124 8 40380 9 40637 16 40894 16 41151 19 41409 18 41666 19 41923 20 42181 19 42438 19 42696 17 42954 14 43212 12 43470 9 43727 8 43985 5
4d14a3629b6af6de86d850be236b833a7bfcbf6d8665fd73c6dc339e06c14607,1052 5 1307 6 1563 7 1819 7 2075 7 2331 8 2586 10 2841 11 3097 11 3353 11 3609 11 3865 11 4121 11 4377 11 4633 11 4889 11 5145 11 5401 11 5657 11 5913 11 6169 11 6425 11 6681 11 6938 10 7194 10 7451 9 7707 9 7964 8 8220 8 8476 7 8732 7 8989 5
4d14a3629b6af6de86d850be236b833a7bfcbf6d8665fd73c6dc339e06c14607,48421 5 48676 7 48932 8 49188 9 49444 10 49700 14 49956 14 50212 15 50468 15 50725 15 50981 16 51238 15 51495 14 51752 13 52009 11 52265 9 52523 5
4d14a3629b6af6de86d850be236b833a7bfcbf6d8665fd73c6dc339e06c14607,41609 4 41864 5 42120 5 42376 6 42632 6 42888 6 43144 6 43400 6 43656 6 43911 8 44167 8 44422 9 44677 10 44933 10 45189 10 45444 11 45700 11 45956 11 46212 11 46468 11 46724 10 46980 10 47236 10 47493 8 47750 7 48007 5 48264 4 48521 3 48778 1
4d14a3629b6af6de86d850be236b833a7bfcbf6d8665fd73c6dc339e06c14607,45688 3 45944 4 46199 5 46454 6 46710 6 46966 6 47222 6 47477 7 47733 7 47988 8 48244 8 48500 8 48756 7 49012 7 49268 7 49523 8 49779 8 50035 8 50291 8 50547 8 50803 8 51059 8 51315 8 51571 8 51827 8 52083 7 52339 6 52595 6 52851 6 53108 4
4d14a3629b6af6de86d850be236b833a7bfcbf6d8665fd73c6dc339e06c14607,48978 2 49233 4 49488 5 49738 11 49993 13 50249 13 50504 14 50760 14 51015 15 51271 15 51527 15 51783 16 52039 16 52295 17 52551 17 52807 18 53063 18 53320 17 53576 17 53832 17 54089 16 54346 15 54603 14 54859 14 55117 12 55374 11 55632 8 55891 2
4d14a3629b6af6de86d850be236b833a7bfcbf6d8665fd73c6dc339e06c14607,23070 4 23325 8 23581 9 23837 10 24093 11 24350 11 24606 11 24863 11 25120 15 25376 16 25633 15 25890 14 26147 13 26404 12 26661 11 26918 10 27175 9 27432 8 27689 7 27946 5
4d14a3629b6af6de86d850be236b833a7bfcbf6d8665fd73c6dc339e06c14607,43446 11 43701 13 43957 13 44213 13 44470 12 44726 13 44982 13 45238 14 45494 14 45750 15 46006 16 46262 16 46518 16 46775 15 47031 15 47288 14 47544 14 47800 14 48057 14 48313 14 48569 14 48826 13 49082 13 49339 12 49595 12 49851 12 50107 12 50363 12 50619 12 50876 11 51132 11 51390 9 51646 8 51904 5
4d14a3629b6af6de86d850be236b833a7bfcbf6d8665fd73c6dc339e06c14607,42132 6 42387 7 42642 9 42898 9 43154 10 43409 11 43664 12 43920 13 44176 13 44432 13 44688 14 44944 14 45200 15 45456 15 45712 16 45968 17 46224 18 46480 18 46736 19 46992 20 47248 20 47504 21 47760 22 48016 22 48272 23 48528 24 48784 25 49041 25 49298 26 49555 28 49812 28 50069 27 50330 22 50587 21 50843 21 51100 20 51357 19 51614 18 51871 17 52128 16 52384 16 52641 15 52898 13 53155 12 53412 11 53670 8 53927 7 54184 5
4d14a3629b6af6de86d850be236b833a7bfcbf6d8665fd73c6dc339e06c14607,32515 3 32770 5 33026 6 33282 7 33538 7 33794 7 34050 7 34306 7 34562 6 34818 6 35075 4
4d14a3629b6af6de86d850be236b833a7bfcbf6d8665fd73c6dc339e06c14607,74335 4 74590 5 74845 6 75100 7 75349 14 75600 19 75855 20 76111 20 76366 21 76622 21 76878 21 77134 21 77389 22 77645 22 77902 21 78158 20 78414 18 78671 16 78928 14 79185 12 79442 9 79700 6
4d14a3629b6af6de86d850be236b833a7bfcbf6d8665fd73c6dc339e06c14607,76743 10 76999 10 77255 12 77509 15 77764 17 78019 18 78274 20 78529 22 78785 22 79041 23 79297 23 79553 24 79810 24 80067 24 80324 24 80581 24 80838 23 81096 22 81354 20 81613 18 81869 18
4d14a3629b6af6de86d850be236b833a7bfcbf6d8665fd73c6dc339e06c14607,3902 5 4157 7 4413 8 4669 8 4926 6
4d14a3629b6af6de86d850be236b833a7bfcbf6d8665fd73c6dc339e06c14607,33814 9 34069 11 34324 13 34580 13 34835 15 35091 15 35347 16 35603 16 35859 16 36115 16 36371 16 36627 16 36883 16 37139 16 37395 16 37651 16 37907 16 38164 16 38420 17 38676 19 38932 21 39188 23 39444 24 39700 24 39956 24 40212 24 40466 21 40722 19 40978 19 41234 19 41490 20 41748 18 42004 18 42260 18 42517 17 42774 16 43030 16 43287 14 43544 13 43801 10
4d14a3629b6af6de86d850be236b833a7bfcbf6d8665fd73c6dc339e06c14607,37386 2 37641 4 37897 5 38152 6 38408 6 38664 6 38921 6 39177 7 39434 6 39690 6 39946 6 40202 6 40458 7 40715 6 40972 4
4d14a3629b6af6de86d850be236b833a7bfcbf6d8665fd73c6dc339e06c14607,24175 2 24430 4 24686 5 24942 5 25198 6 25455 6 25712 5 25968 5 26225 5 26481 5 26737 6 26993 7 27250 7 27508 7 27765 9 28022 9 28278 10 28534 10 28790 9 29047 7 29304 5 29561 2
4d14a3629b6af6de86d850be236b833a7bfcbf6d8665fd73c6dc339e06c14607,177 7 432 9 688 10 944 10 1199 11 1455 11 1711 11 1967 11 2223 12 2479 12 2735 12 2991 12 3247 13 3504 12 3760 12 4016 12 4273 11 4529 11 4786 9 5042 9 5299 8 5555 8 5812 7
4d14a3629b6af6de86d850be236b833a7bfcbf6d8665fd73c6dc339e06c14607,42082 4 42335 8 42590 10 42846 10 43101 11 43357 11 43613 11 43868 12 44123 13 44379 13 44634 14 44890 14 45146 13 45401 14 45657 13 45913 13 46169 12 46425 11 46681 10 46938 7
4d14a3629b6af6de86d850be236b833a7bfcbf6d8665fd73c6dc339e06c14607,36249 5 36504 7 36760 8 37016 8 37272 8 37527 10 37783 11 38039 12 38295 12 38551 13 38807 14 39063 15 39319 15 39576 14 39832 15 40088 17 40344 18 40601 17 40857 18 41114 18 41370 18 41627 18 41883 18 42138 20 42394 21 42651 20 42907 20 43164 19 43420 20 43676 20 43933 20 44189 20 44445 20 44702 20 44958 20 45215 19 45471 20 45728 19 45985 18 46242 18 46498 18 46755 17 47012 16 47268 16 47525 16 47782 15 48038 15 48295 14 48552 13 48809 12 49066 11 49324 8 49583 4
4d14a3629b6af6de86d850be236b833a7bfcbf6d8665fd73c6dc339e06c14607,12550 5 12805 7 13061 8 13317 9 13573 9 13830 9 14086 10 14342 10 14598 11 14855 10 15111 11 15367 12 15623 13 15879 14 16135 14 16391 14 16647 14 16904 13 17160 13 17417 12 17673 12 17929 12 18186 11 18443 10 18700 9 18956 9 19213 8 19470 7 19726 6 19984 3
4d14a3629b6af6de86d850be236b833a7bfcbf6d8665fd73c6dc339e06c14607,59985 6 60239 12 60490 19 60745 21 60999 25 61254 27 61509 29 61764 31 62019 33 62273 36 62528 37 62784 37 63040 38 63295 39 63551 39 63807 39 64063 38 64319 38 64575 38 64831 37 65088 36 65345 34 65603 31 65861 28 66120 23 66377 21 66634 17 66892 14 67149 12 67411 5
4d14a3629b6af6de86d850be236b833a7bfcbf6d8665fd73c6dc339e06c14607,133 8 389 7 646 4 903 2
4d14a3629b6af6de86d850be236b833a7bfcbf6d8665fd73c6dc339e06c14607,159 14 415 14 671 14 926 15 1182 15 1438 15 1693 16 1948 17 2200 21 2456 21 2712 21 2969 20 3226 19 3483 18 3740 17 3997 16 4255 14 4513 12 4771 10 5029 8 5286 7 5546 3
4d14a3629b6af6de86d850be236b833a7bfcbf6d8665fd73c6dc339e06c14607,74085 4 74339 7 74595 8 74851 9 75107 9 75363 10 75619 10 75875 11 76131 12 76387 12 76643 13 76899 13 77155 13 77411 13 77667 14 77923 14 78181 12 78439 9 78696 7 78953 5 79210 4 79467 2
4d14a3629b6af6de86d850be236b833a7bfcbf6d8665fd73c6dc339e06c14607,74458 8 74711 13 74966 16 75222 19 75478 20 75734 21 75990 22 76246 23 76502 24 76758 25 77014 26 77270 26 77526 27 77782 27 78039 27 78295 28 78551 29 78807 29 79064 29 79320 30 79577 29 79834 28 80091 28 80348 28 80605 27 80861 27 81118 26 81374 26 81631 24 81887 23
4d14a3629b6af6de86d850be236b833a7bfcbf6d8665fd73c6dc339e06c14607,44500 4 44753 10 45009 11 45265 12 45518 15 45774 16 46030 16 46286 16 46542 16 46799 14 47056 13 47313 11 47569 9
4d14a3629b6af6de86d850be236b833a7bfcbf6d8665fd73c6dc339e06c14607,23006 4 23261 5 23517 5 23773 5 24028 7 24284 7 24540 7 24795 9 25051 9 25307 9 25562 10 25818 10 26074 11 26330 11 26586 11 26842 11 27097 12 27353 13 27609 13 27865 14 28121 14 28377 14 28633 14 28889 14 29145 14 29401 14 29657 14 29913 14 30169 14 30425 15 30681 15 30938 14 31194 13 31450 12 31707 11 31963 11 32221 9
4d14a3629b6af6de86d850be236b833a7bfcbf6d8665fd73c6dc339e06c14607,6527 7 6782 9 7037 11 7293 12 7549 13 7805 13 8061 13 8317 14 8573 14 8829 15 9085 15 9341 15 9597 16 9853 16 10109 16 10365 16 10622 15 10878 15 11135 14 11391 14 11648 12 11905 10 12162 8 12418 5 12675 2
4d14a3629b6af6de86d850be236b833a7bfcbf6d8665fd73c6dc339e06c14607,53814 3 54069 6 54324 8 54579 9 54835 10 55091 10 55346 12 55602 12 55859 11 56115 11 56371 11 56627 11 56883 11 57140 10 57396 10 57653 8 57911 6 58168 4 58425 2
4d14a3629b6af6de86d850be236b833a7bfcbf6d8665fd73c6dc339e06c14607,2048 1 2304 1 2559 2 2814 3 3069 4 3325 4 3580 5 3835 6 4091 6 4347 6 4603 6 4859 6 5115 6 5372 5 5630 2
4d14a3629b6af6de86d850be236b833a7bfcbf6d8665fd73c6dc339e06c14607,7575 5 7830 8 8086 12 8342 15 8597 18 8853 19 9109 20 9365 22 9621 23 9877 24 10134 24 10391 24 10647 24 10903 24 11160 24 11417 23 11673 23 11930 21 12187 20 12445 17 12706 11 12963 10 13220 8
4d14a3629b6af6de86d850be236b833a7bfcbf6d8665fd73c6dc339e06c14607,59422 10 59677 14 59707 8 59932 19 59960 13 60187 43 60442 45 60698 45 60955 44 61212 42 61469 40 61726 38 61983 36 62240 31 62501 20
4d14a3629b6af6de86d850be236b833a7bfcbf6d8665fd73c6dc339e06c14607,75448 3 75700 8 75955 10 76211 10 76467 11 76723 12 76979 12 77235 13 77491 14 77747 14 78003 14 78259 14 78515 14 78771 14 79028 13 79285 12 79542 11 79798 12 80055 12 80311 13 80568 13 80824 14 81080 14 81336 16 81592 16 81850 14
4d14a3629b6af6de86d850be236b833a7bfcbf6d8665fd73c6dc339e06c14607,14988 2 15243 6 15498 8 15754 9 16010 10 16266 10 16522 10 16778 10 17035 10 17291 10 17547 11 17803 12 18059 12 18315 13 18571 14 18827 16 19083 18 19340 18 19596 19 19853 18 20110 17 20366 17 20622 17 20879 16 21136 15 21392 15 21648 15 21905 14 22161 14 22418 13 22675 12 22932 10 23189 8 23446 6 23703 3
4d14a3629b6af6de86d850be236b833a7bfcbf6d8665fd73c6dc339e06c14607,43972 3 44228 3 44484 4 44740 4 44996 5 45253 5 45509 6 45765 7 46022 6 46278 7 46534 7 46790 8 47046 8 47302 9 47558 9 47814 11 48071 10 48327 10 48583 10 48839 10 49095 10 49351 10 49607 10 49865 7 50122 6
4d14a3629b6af6de86d850be236b833a7bfcbf6d8665fd73c6dc339e06c14607,73974 11 74228 13 74482 15 74737 16 74993 16 75247 18 75503 18 75759 18 76015 18 76271 18 76528 17 76784 17 77040 17 77296 17 77554 15 77811 14 78067 14 78323 14 78580 13 78836 13 79093 12 79350 11 79606 9
4d14a3629b6af6de86d850be236b833a7bfcbf6d8665fd73c6dc339e06c14607,50180 2 50435 4 50691 5 50946 7 51201 8 51457 8 51713 8 51969 8 52225 8 52481 7 52737 7 52993 6 53249 5 53506 2
4d14a3629b6af6de86d850be236b833a7bfcbf6d8665fd73c6dc339e06c14607,32943 4 33198 7 33454 8 33706 3 33710 9 33962 13 34218 13 34474 13 34730 14 34988 12 35244 12 35500 12 35757 12 36013 12 36269 12 36525 13 36782 12 37038 13 37294 13 37550 14 37806 13 38062 13 38318 13 38575 11 38831 11 39087 11 39343 12 39600 11 39856 11 40112 12 40368 12 40625 12 40881 13 41137 14 41394 13 41650 13 41906 13 42163 13 42419 13 42676 12 42932 11 43189 9
4d14a3629b6af6de86d850be236b833a7bfcbf6d8665fd73c6dc339e06c14607,11036 3 11291 7 11546 11 11801 13 12057 14 12313 14 12569 14 12825 15 13083 14 13339 15 13595 15 13852 14 14109 13 14365 14 14622 13 14879 12 15135 13 15392 12 15648 13 15905 12 16162 12 16418 12 16675 11 16931 11 17187 11 17444 10 17701 9 17959 6 18216 4 18473 3
4d14a3629b6af6de86d850be236b833a7bfcbf6d8665fd73c6dc339e06c14607,1210 3 1466 6 1722 7 1978 8 2235 8 2491 8 2747 8 3003 9 3260 9 3516 10 3772 11 4028 11 4284 11 4540 12 4795 15 5051 16 5307 16 5563 18 5819 18 6075 19 6331 19 6587 19 6843 20 7099 20 7355 21 7611 21 7867 21 8124 20 8383 17 8640 16 8897 15 9155 13 9414 9
4d14a3629b6af6de86d850be236b833a7bfcbf6d8665fd73c6dc339e06c14607,1252 4 1507 16 1763 18 2019 19 2275 19 2532 19 2788 19 3045 18 3302 17 3559 15 3817 11 4074 9 4332 4
4d14a3629b6af6de86d850be236b833a7bfcbf6d8665fd73c6dc339e06c14607,22838 5 23093 7 23349 8 23605 9 23861 10 24117 10 24373 11 24629 11 24885 11 25141 12 25398 11 25654 12 25911 14 26168 13 26424 13 26680 13 26936 13 27193 15 27449 16 27706 15 27962 16 28218 17 28474 17 28730 18 28986 19 29242 20 29498 20 29754 20 30010 21 30266 21 30522 21 30778 21 31034 21 31292 19 31549 17 31807 15 32063 15 32321 13 32578 12
4d14a3629b6af6de86d850be236b833a7bfcbf6d8665fd73c6dc339e06c14607,50059 4 50315 5 50571 6 50827 7 51083 8 51339 9 51595 9 51851 10 52107 11 52363 11 52619 11 52875 12 53131 13 53387 13 53644 13 53900 13 54156 14 54412 14 54668 15 54923 16 55179 17 55435 18 55691 18 55950 16 56207 15 56463 15 56720 14 56978 11 57235 10 57493 8 57750 7 58007 5
4d14a3629b6af6de86d850be236b833a7bfcbf6d8665fd73c6dc339e06c14607,65264 17 65519 18 65774 19 66030 19 66287 18 66544 17 66801 16 67058 15 67315 14 67571 14 67827 14 68083 14 68339 14 68595 14 68851 14 69107 14 69364 13 69620 13 69877 12 70134 11 70390 11 70647 10 70904 9 71162 7
4d14a3629b6af6de86d850be236b833a7bfcbf6d8665fd73c6dc339e06c14607,8966 3 9222 4 9478 4 9734 6 9990 7 10246 8 10502 11 10758 14 11015 15 11272 15 11529 14 11786 14 12043 14 12299 14 12555 14 12812 13 13069 14 13326 13 13582 13 13839 13 14096 12 14352 13 14609 13 14865 14 15122 13 15379 13 15636 12 15893 11 16149 11 16405 11 16661 11 16917 12 17173 12 17430 11 17687 10 17943 10 18199 10 18455 10 18711 10 18968 9 19224 8 19480 6 19736 6 19993 5 20250 3
4d14a3629b6af6de86d850be236b833a7bfcbf6d8665fd73c6dc339e06c14607,27301 8 27556 9 27812 10 28068 10 28324 10 28580 11 28836 11 29092 11 29348 11 29604 11 29860 11 30116 11 30372 11 30629 10 30885 10 31141 10 31398 9 31655 8 31911 8 32167 8 32424 7 32680 7 32937 6 33194 4 33450 4 33709 1
4d14a3629b6af6de86d850be236b833a7bfcbf6d8665fd73c6dc339e06c14607,17139 9 17395 11 17650 12 17906 13 18162 13 18419 12 18675 13 18931 14 19186 15 19442 15 19698 15 19954 15 20210 15 20466 15 20722 15 20978 14 21234 14 21490 14 21746 14 22002 13 22258 11 22514 11 22770 11 23026 11 23282 11 23538 11 23794 11 24050 11 24306 11 24562 11 24818 11 25074 10 25329 11 25584 11 25840 10 26096 10 26352 10 26608 9 26864 9 27121 8 27378 7 27634 7 27891 6 28147 6 28403 6 28659 6 28916 5 29174 2
4d14a3629b6af6de86d850be236b833a7bfcbf6d8665fd73c6dc339e06c14607,10287 5 10541 8 10795 12 11050 13 11305 14 11561 13 11816 15 12072 15 12328 15 12585 14 12841 14 13098 13 13355 12 13612 11 13869 9 14125 9 14381 8 14638 7 14896 4
4d14a3629b6af6de86d850be236b833a7bfcbf6d8665fd73c6dc339e06c14607,66772 9 67026 12 67280 15 67535 16 67790 17 68045 18 68300 18 68556 18 68811 19 69067 18 69323 17 69580 15 69837 13 70094 10 70353 3
4d14a3629b6af6de86d850be236b833a7bfcbf6d8665fd73c6dc339e06c14607,20774 3 21029 5 21285 7 21541 8 21797 8 22053 9 22310 8 22566 9 22823 9 23080 8 23336 9 23593 8 23850 7 24107 6 24364 5 24622 2
4d14a3629b6af6de86d850be236b833a7bfcbf6d8665fd73c6dc339e06c14607,17471 2 17725 8 17981 10 18237 11 18493 12 18749 12 19005 12 19261 12 19517 12 19773 13 20029 14 20285 14 20541 15 20797 15 21054 15 21311 14 21568 13 21825 12 22082 12 22339 11 22595 11 22852 10 23109 10 23365 11 23621 11 23878 10 24135 10 24392 10 24648 10 24904 10 25160 11 25417 10 25673 10 25930 10 26186 11 26443 10 26700 9 26957 8 27213 8 27470 7
