4d2cff9a0c8df3a7ef6100fda6f66e865a7670af6a18564767d8019b9ed2fd7b,326457 9 326972 15 327489 19 328007 21 328526 23 329045 25 329564 27 330084 28 330604 29 331125 29 331646 29 332166 30 332686 31 333206 32 333726 33 334247 32 334768 32 335288 33 335809 33 336329 33 336850 33 337370 34 337890 34 338410 34 338930 34 339450 35 339971 34 340492 34 341013 33 341534 32 342055 31 342576 30 343097 29 343618 28 344139 27 344660 26 345182 23 345703 21 346224 19 346747 15 347269 12 347791 9 348313 6
4d2cff9a0c8df3a7ef6100fda6f66e865a7670af6a18564767d8019b9ed2fd7b,119861 5 120374 14 120892 22 121410 25 121928 31 122447 33 122967 35 123486 37 124006 38 124525 39 125045 40 125566 39 126086 39 126606 39 127126 39 127647 37 128168 36 128689 34 129211 32 129732 30 130253 28 130775 25 131301 16 131823 11
4d2cff9a0c8df3a7ef6100fda6f66e865a7670af6a18564767d8019b9ed2fd7b,317396 4 317914 8 318433 10 318952 12 319471 14 319991 14 320510 15 321029 17 321549 17 322068 18 322588 18 323108 18 323628 18 324147 19 324667 19 325187 19 325707 18 326226 19 326746 19 327266 18 327786 18 328306 17 328826 17 329346 16 329865 17 330385 16 330906 15 331426 14 331946 13 332467 11 332987 10 333508 8
4d2cff9a0c8df3a7ef6100fda6f66e865a7670af6a18564767d8019b9ed2fd7b,174419 4 174937 9 175456 12 175974 15 176493 17 177011 19 177530 21 178049 22 178569 23 179089 24 179608 25 180128 25 180648 25 181168 25 181688 25 182208 25 182728 25 183248 25 183768 25 184288 25 184808 24 185328 24 185848 23 186368 22 186889 19 187410 17 187931 14 188452 9 188972 7 189493 5
4d2cff9a0c8df3a7ef6100fda6f66e865a7670af6a18564767d8019b9ed2fd7b,224082 3 224598 13 225116 16 225634 20 226153 22 226672 23 227191 25 227710 26 228230 27 228750 27 229269 28 229789 28 230309 27 230829 27 231349 27 231869 27 232389 26 232909 26 233429 25 233949 25 234469 25 234990 24 235510 24 236031 22 236551 22 237072 21 237592 21 238112 21 238632 20 239152 20 239673 18 240193 18 240714 16 241234 15 241755 13 242276 10 242798 2
4d2cff9a0c8df3a7ef6100fda6f66e865a7670af6a18564767d8019b9ed2fd7b,74837 3 75356 6 75876 7 76395 9 76914 11 77433 12 77950 16 78467 19 78986 20 79506 21 80026 21 80545 23 81065 23 81585 23 82105 23 82624 25 83144 25 83664 25 84185 24 84706 23 85226 23 85747 21 86268 20 86789 18 87312 15 87834 12 88355 11 88877 8
4d2cff9a0c8df3a7ef6100fda6f66e865a7670af6a18564767d8019b9ed2fd7b,153124 11 153643 14 154162 16 154682 18 155202 19 155722 20 156242 21 156762 22 157282 23 157802 24 158322 24 158843 24 159363 25 159884 24 160404 25 160924 25 161445 25 161965 25 162486 24 163007 23 163528 22 164049 21 164570 20 165091 19 165612 18 166132 17 166653 16 167174 14 167696 11 168218 8
4d2cff9a0c8df3a7ef6100fda6f66e865a7670af6a18564767d8019b9ed2fd7b,51481 7 52001 8 52521 9 53041 9 53561 9 54081 10 54601 12 55121 15 55641 16 56161 17 56681 18 57201 18 57721 18 58241 18 58761 18 59281 18 59802 16 60323 14 60844 13 61365 11 61886 9 62407 5
4d2cff9a0c8df3a7ef6100fda6f66e865a7670af6a18564767d8019b9ed2fd7b,327656 14 328173 20 328691 24 329209 27 329727 30 330246 32 330765 34 331284 35 331804 35 332323 36 332843 36 333363 36 333882 37 334402 36 334922 36 335442 35 335962 35 336482 34 337003 32 337524 29 338044 27 338565 23 339087 15 339609 11 340132 5
4d2cff9a0c8df3a7ef6100fda6f66e865a7670af6a18564767d8019b9ed2fd7b,342292 9 342811 12 343329 15 343847 18 344366 19 344885 21 345404 22 345923 24 346442 26 346961 27 347481 28 348001 28 348520 29 349040 29 349560 29 350079 30 350599 30 351119 30 351639 30 352159 30 352678 30 353198 30 353718 29 354239 28 354760 26 355281 5 355293 13 355814 11 356335 8 356857 4
4d2cff9a0c8df3a7ef6100fda6f66e865a7670af6a18564767d8019b9ed2fd7b,307971 7 308490 11 309008 15 309527 17 310046 19 310564 22 311083 24 311603 24 312122 25 312642 25 313162 24 313682 24 314201 25 314721 25 315241 26 315761 26 316281 27 316801 27 317321 28 317841 29 318361 29 318882 29 319402 29 319923 28 320443 28 320963 28 321484 27 322005 26 322526 24 323048 3 323055 15 323576 14 324098 11 324619 9 325142 4
4d2cff9a0c8df3a7ef6100fda6f66e865a7670af6a18564767d8019b9ed2fd7b,218288 6 218804 13 219322 17 219841 19 220360 21 220879 22 221398 23 221918 23 222437 24 222957 25 223477 27 223997 28 224517 28 225037 28 225557 29 226077 29 226598 28 227118 28 227638 28 228158 28 228679 26 229199 26 229720 26 230241 25 230762 24 231282 24 231803 22 232325 19 232847 15 233368 11 233891 6
4d2cff9a0c8df3a7ef6100fda6f66e865a7670af6a18564767d8019b9ed2fd7b,190492 7 191010 10 191529 12 192048 14 192568 14 193087 16 193607 17 194127 18 194647 19 195167 20 195687 21 196207 22 196727 23 197247 25 197767 26 198287 27 198807 28 199327 28 199847 29 200367 29 200888 28 201408 28 201929 27 202449 26 202970 23 203491 21 204012 19 204533 16 205056 10
4d2cff9a0c8df3a7ef6100fda6f66e865a7670af6a18564767d8019b9ed2fd7b,304215 10 304732 17 305250 21 305768 24 306287 26 306804 29 307322 32 307841 33 308361 33 308881 33 309401 33 309921 32 310441 32 310961 31 311481 31 312001 30 312521 29 313041 29 313561 28 314081 27 314601 26 315121 24 315641 23 316161 22 316681 19 317201 18 317721 15 318241 12 318761 10 319281 7 319801 3
4d2cff9a0c8df3a7ef6100fda6f66e865a7670af6a18564767d8019b9ed2fd7b,65167 3 65685 8 66204 10 66723 13 67242 15 67761 17 68280 19 68799 21 69319 22 69838 23 70358 24 70878 24 71398 25 71918 25 72438 25 72958 25 73479 24 73999 24 74520 23 75040 23 75560 23 76080 23 76600 23 77120 23 77640 23 78160 23 78680 22 79200 22 79720 22 80241 21 80762 19 81283 17 81804 15 82325 13 82847 10 83368 8
4d2cff9a0c8df3a7ef6100fda6f66e865a7670af6a18564767d8019b9ed2fd7b,299776 10 300293 15 300811 19 301330 21 301848 24 302367 26 302886 27 303405 29 303925 29 304444 30 304964 30 305484 29 306003 30 306523 29 307043 29 307563 28 308084 25 308604 24 309124 23 309645 20 310166 18 310688 14 311212 8
4d2cff9a0c8df3a7ef6100fda6f66e865a7670af6a18564767d8019b9ed2fd7b,147159 2 147678 3 148197 4 148717 4 149236 5 149756 5 150276 5 150796 5 151316 5 151836 5 152357 4 152877 4 153397 4 153918 3 154438 3 154958 3 155477 4 155996 5 156516 5 157036 5 157557 4 158078 3 158599 2
4d2cff9a0c8df3a7ef6100fda6f66e865a7670af6a18564767d8019b9ed2fd7b,264165 7 264684 10 265201 14 265721 15 266241 15 266761 16 267281 16 267801 16 268321 17 268841 17 269361 17 269881 17 270401 17 270921 17 271441 17 271961 17 272481 17 273001 17 273521 17 274041 17 274561 17 275081 17 275601 16 276121 16 276641 16 277161 16 277681 15 278201 15 278721 14 279241 14 279761 13 280281 13 280801 12 281321 11 281841 10 282361 9 282881 8 283401 7 283921 6
4d2cff9a0c8df3a7ef6100fda6f66e865a7670af6a18564767d8019b9ed2fd7b,132246 15 132762 22 133279 26 133796 30 134315 32 134833 35 135352 36 135871 38 136390 39 136909 40 137429 40 137948 40 138468 40 138988 39 139509 38 140029 37 140550 34 141071 32 141591 31 142112 28 142634 24 143155 21 143677 17 144202 10
4d2cff9a0c8df3a7ef6100fda6f66e865a7670af6a18564767d8019b9ed2fd7b,45 13 565 13 1085 13 1604 13 2120 17 2639 17 3159 11 3678 11 4198 11 4719 9 5242 6 5763 4 6284 2
4d2cff9a0c8df3a7ef6100fda6f66e865a7670af6a18564767d8019b9ed2fd7b,162 32 681 33 1200 33 1719 33 2238 34 2757 35 3277 35 3797 34 4317 33 4837 32 5357 32 5877 31 6397 31 6917 31 7437 30 7957 30 8477 29 8998 27 9519 25 10041 22 10563 19 11084 16 11607 12
4d2cff9a0c8df3a7ef6100fda6f66e865a7670af6a18564767d8019b9ed2fd7b,31687 4 32203 9 32722 11 33241 13 33760 14 34279 15 34798 16 35317 17 35837 17 36356 18 36875 20 37395 20 37914 21 38433 21 38953 21 39472 22 39992 21 40511 22 41031 22 41550 23 42070 23 42590 22 43110 22 43631 21 44151 21 44671 21 45192 19 45712 19 46233 17 46755 15 47276 13 47798 9 48321 4
4d2cff9a0c8df3a7ef6100fda6f66e865a7670af6a18564767d8019b9ed2fd7b,215086 3 215604 9 216122 13 216641 15 217161 17 217680 19 218199 21 218719 22 219238 24 219758 25 220278 26 220798 27 221318 27 221838 28 222357 29 222877 29 223397 29 223917 29 224437 29 224957 29 225477 28 225997 28 226516 29 227036 29 227557 27 228077 27 228597 26 229116 27 229636 26 230157 25 230677 24 231197 23 231718 22 232238 22 232758 21 233279 20 233799 20 234319 19 234840 18 235361 17 235882 15 236403 14 236925 11 237446 10 237966 9 238486 8 239007 5
4d2cff9a0c8df3a7ef6100fda6f66e865a7670af6a18564767d8019b9ed2fd7b,159182 7 159700 11 160218 14 160736 17 161255 19 161775 20 162294 21 162813 23 163333 23 163853 24 164373 25 164893 26 165413 27 165933 27 166453 28 166974 27 167494 27 168014 27 168535 27 169055 27 169576 26 170096 26 170616 25 171137 24 171657 24 172178 23 172699 22 173219 21 173739 20 174260 18 174781 16 175303 11 175827 3
4d2cff9a0c8df3a7ef6100fda6f66e865a7670af6a18564767d8019b9ed2fd7b,165805 3 166322 10 166839 15 167356 19 167875 21 168394 23 168913 25 169433 26 169952 28 170472 29 170992 29 171512 30 172033 29 172553 29 173074 28 173594 27 174114 27 174635 25 175156 23 175677 21 176199 17 176721 14 177243 10 177765 6
4d2cff9a0c8df3a7ef6100fda6f66e865a7670af6a18564767d8019b9ed2fd7b,332091 8 332607 14 333125 17 333643 20 334161 22 334680 23 335199 24 335718 25 336237 26 336756 26 337276 26 337795 26 338314 26 338834 26 339353 26 339872 26 340392 25 340911 24 341431 23 341950 23 342470 21 342990 20 343510 19 344029 19 344549 18 345069 17 345589 16 346109 14 346629 13 347150 11 347670 9 348191 6
4d2cff9a0c8df3a7ef6100fda6f66e865a7670af6a18564767d8019b9ed2fd7b,321291 10 321808 14 322326 18 322844 21 323362 24 323881 26 324400 27 324919 29 325438 30 325957 32 326477 32 326997 33 327516 34 328036 34 328556 34 329076 34 329596 34 330116 34 330636 34 331156 33 331676 33 332196 33 332717 31 333238 29 333759 27 334279 26 334800 24 335321 22 335842 21 336362 20 336883 19 337404 17 337924 17 338445 15 338966 13 339488 10 340009 8
4d2cff9a0c8df3a7ef6100fda6f66e865a7670af6a18564767d8019b9ed2fd7b,57106 6 57623 12 58142 15 58661 17 59180 18 59699 20 60219 21 60738 22 61258 22 61777 23 62297 23 62816 24 63336 24 63855 24 64375 24 64895 23 65415 22 65935 21 66455 19 66975 18 67496 14 68016 11 68536 10 69057 8 69579 3
4d2cff9a0c8df3a7ef6100fda6f66e865a7670af6a18564767d8019b9ed2fd7b,70728 2 71246 5 71765 7 72284 10 72803 12 73323 19 73842 21 74361 23 74881 24 75401 24 75921 25 76441 25 76961 25 77481 25 78001 24 78521 24 79041 23 79561 22 80081 22 80601 21 81121 21 81641 20 82161 20 82681 19 83201 19 83721 18 84242 14 84765 8
4d2cff9a0c8df3a7ef6100fda6f66e865a7670af6a18564767d8019b9ed2fd7b,350154 3 350672 7 351191 9 351710 11 352230 12 352749 13 353267 15 353786 16 354305 17 354825 17 355344 18 355864 18 356383 20 356902 22 357422 22 357941 23 358461 23 358981 23 359501 22 360021 22 360541 22 361060 23 361580 23
4d2cff9a0c8df3a7ef6100fda6f66e865a7670af6a18564767d8019b9ed2fd7b,42927 7 43445 11 43963 15 44482 17 45002 18 45521 21 46041 22 46560 24 47080 24 47600 25 48121 25 48641 25 49161 26 49681 26 50202 26 50722 26 51242 27 51763 26 52284 25 52804 25 53325 25 53846 24 54366 24 54887 23 55408 22 55928 22 56449 22 56970 21 57491 20 58011 19 58532 18 59053 17 59574 16 60095 15 60616 13 61137 11 61659 8 62182 3
4d2cff9a0c8df3a7ef6100fda6f66e865a7670af6a18564767d8019b9ed2fd7b,110135 4 110654 7 111172 10 111691 12 112210 13 112730 14 113249 15 113768 16 114288 16 114798 6 114807 17 115316 27 115834 29 116353 30 116872 31 117391 31 117910 32 118430 32 118949 33 119469 33 119989 32 120510 31 121030 31 121551 30 122072 28 122593 27 123114 26 123635 25 124155 25 124676 24 125197 22 125720 18 126244 9 126767 4
4d2cff9a0c8df3a7ef6100fda6f66e865a7670af6a18564767d8019b9ed2fd7b,259350 5 259869 7 260389 7 260909 7 261430 6 261951 4
4d2cff9a0c8df3a7ef6100fda6f66e865a7670af6a18564767d8019b9ed2fd7b,269081 6 269600 8 270119 9 270638 10 271157 12 271675 14 272188 21 272707 23 273227 23 273746 25 274265 26 274785 26 275305 27 275825 27 276345 27 276866 26 277387 26 277908 25 278428 25 278949 24 279470 23 279991 22 280511 22 281032 21 281552 20 282072 20 282593 19 283113 19 283633 19 284153 18 284673 18 285194 17 285715 15 286236 13 286758 10
4d2cff9a0c8df3a7ef6100fda6f66e865a7670af6a18564767d8019b9ed2fd7b,116388 5 116907 8 117426 11 117945 13 118465 14 118984 16 119504 17 120024 18 120544 18 121064 19 121585 19 122105 18 122626 17 123146 17 123666 17 124185 18 124705 19 125225 20 125745 20 126264 21 126784 21 127305 20 127825 20 128345 20 128865 20 129386 19 129906 19 130426 19 130947 17 131467 17 131988 16 132508 15 133029 14 133549 13 134070 11 134591 9 135113 5
4d2cff9a0c8df3a7ef6100fda6f66e865a7670af6a18564767d8019b9ed2fd7b,176634 2 176638 3 177150 13 177669 17 178189 18 178709 18 179229 19 179748 20 180268 21 180788 21 181308 22 181828 22 182348 22 182869 21 183389 22 183909 22 184429 22 184949 22 185470 21 185990 21 186511 20 187031 20 187552 19 188072 19 188593 18 189114 16 189635 15 190155 15 190676 13 191197 11 191718 9 192241 5
4d2cff9a0c8df3a7ef6100fda6f66e865a7670af6a18564767d8019b9ed2fd7b,19138 3 19655 10 20174 13 20693 17 21212 20 21732 21 22251 24 22771 26 23291 28 23811 29 24331 30 24852 30 25372 31 25892 32 26412 32 26933 32 27453 32 27973 32 28494 32 29015 31 29535 31 30056 29 30577 28 31097 27 31618 26 32139 24 32660 22 33181 19 33704 14 34226 7
4d2cff9a0c8df3a7ef6100fda6f66e865a7670af6a18564767d8019b9ed2fd7b,312855 6 313367 16 313885 19 314404 21 314923 23 315443 23 315962 25 316482 25 317001 26 317521 26 318040 26 318560 26 319080 26 319599 27 320119 27 320639 27 321159 27 321679 27 322198 27 322718 27 323239 25 323759 24 324279 23 324799 21 325320 19 325841 16 326361 8 326882 3
4d2cff9a0c8df3a7ef6100fda6f66e865a7670af6a18564767d8019b9ed2fd7b,255988 5 256503 12 257022 15 257541 17 258059 20 258578 22 259097 23 259617 23 260136 24 260655 25 261175 25 261695 25 262214 26 262734 26 263253 26 263773 26 264292 26 264812 26 265332 25 265852 25 266372 24 266892 24 267412 23 267932 22 268452 21 268972 20 269493 18 270013 17 270534 15 271055 13 271576 9 272097 4
4d2cff9a0c8df3a7ef6100fda6f66e865a7670af6a18564767d8019b9ed2fd7b,211512 4 212028 9 212547 11 213067 12 213587 12 214107 12 214627 8 215148 3
4d2cff9a0c8df3a7ef6100fda6f66e865a7670af6a18564767d8019b9ed2fd7b,127377 5 127893 10 128412 14 128931 16 129450 19 129969 21 130488 22 131007 23 131526 25 132045 27 132565 27 133085 28 133605 28 134125 28 134645 28 135164 29 135684 29 136204 28 136724 28 137244 27 137765 25 138285 24 138806 22 139326 21 139847 19 140367 18 140888 16 141409 14 141931 11 142453 7
4d2cff9a0c8df3a7ef6100fda6f66e865a7670af6a18564767d8019b9ed2fd7b,124146 2 124664 8 125181 16 125700 20 126217 27 126736 31 127256 35 127776 36 128296 38 128816 39 129336 40 129857 40 130378 39 130899 38 131419 38 131940 37 132461 36 132981 37 133502 36 134023 35 134544 34 135065 32 135587 29 136110 25 136632 22 137153 21 137674 19 138195 17 138717 14 139238 12 139759 2
4d2cff9a0c8df3a7ef6100fda6f66e865a7670af6a18564767d8019b9ed2fd7b,359177 5 359694 10 360213 12 360732 14 361251 16 361771 16
4d2cff9a0c8df3a7ef6100fda6f66e865a7670af6a18564767d8019b9ed2fd7b,68 19 588 19 1108 19 1629 18 2149 19 2669 19 3189 19 3709 19 4229 20 4749 20 5269 20 5790 19 6310 19 6830 20 7350 20 7870 20 8390 20 8910 20 9430 21 9949 22 10469 22 10989 22 11509 23 12028 24 12548 24 13067 25 13587 25 14107 26 14627 26 15148 25 15671 22 16192 21 16713 20 17233 20 17754 19 18274 18 18794 18 19315 16 19835 16 20356 14 20877 11 21398 8
4d2cff9a0c8df3a7ef6100fda6f66e865a7670af6a18564767d8019b9ed2fd7b,121086 2 121604 6 122123 8 122643 9 123163 11 123683 12 124203 12 124724 11 125245 10 125768 6 126289 4 126810 2
4d2cff9a0c8df3a7ef6100fda6f66e865a7670af6a18564767d8019b9ed2fd7b,9569 6 10087 12 10606 14 11125 16 11644 17 12163 19 12683 20 13203 21 13723 21 14243 22 14763 22 15282 24 15802 24 16322 25 16842 25 17362 25 17883 24 18403 25 18923 25 19444 24 19965 23 20485 23 21006 22 21527 21 22048 20 22569 18 23090 17 23612 15 24133 13 24654 11 25175 9 25697 5
4d2cff9a0c8df3a7ef6100fda6f66e865a7670af6a18564767d8019b9ed2fd7b,253979 2 254492 14 255008 19 255519 29 256036 33 256554 35 257073 36 257593 36 258112 37 258631 38 259151 37 259671 37 260191 36 260711 35 261232 31 261752 27 262273 25 262794 23 263315 22 263837 19 264358 17 264881 12 265403 6
4d2cff9a0c8df3a7ef6100fda6f66e865a7670af6a18564767d8019b9ed2fd7b,82409 6 82927 10 83446 12 83965 14 84484 16 85003 18 85522 20 86041 21 86561 22 87080 23 87600 24 88119 26 88639 26 89159 27 89678 28 90198 29 90718 29 91238 30 91758 30 92278 30 92798 31 93319 30 93839 31 94360 30 94881 29 95402 28 95923 28 96444 27 96966 25 97488 5 97495 15 98016 14 98537 13 99058 11 99579 9 100101 6
4d2cff9a0c8df3a7ef6100fda6f66e865a7670af6a18564767d8019b9ed2fd7b,185391 6 185910 8 186429 9 186948 10 187467 11 187986 12 188504 14 189021 17 189538 20 190054 24 190572 26 191091 26 191610 27 192130 27 192649 28 193169 27 193689 26 194209 26 194729 25 195249 24 195769 24 196289 23 196809 23 197329 22 197849 21 198370 19 198890 18 199411 16 199931 15 200452 13 200972 12 201493 10 202015 7 202536 4
4d2cff9a0c8df3a7ef6100fda6f66e865a7670af6a18564767d8019b9ed2fd7b,304639 6 305156 13 305673 18 306192 20 306711 23 307230 25 307749 26 308269 27 308788 29 309308 29 309828 29 310347 31 310867 31 311387 31 311908 30 312428 29 312948 29 313469 28 313989 27 314510 25 315031 24 315552 22 316074 18 316596 15 317119 10
4d2cff9a0c8df3a7ef6100fda6f66e865a7670af6a18564767d8019b9ed2fd7b,186825 10 187344 13 187855 23 188373 26 188891 28 189409 30 189928 30 190448 29 190967 28 191487 27 192007 25 192527 24 193048 21 193568 20 194088 18 194609 16 195130 14 195653 9 196175 3
4d2cff9a0c8df3a7ef6100fda6f66e865a7670af6a18564767d8019b9ed2fd7b,85423 7 85940 13 86458 18 86977 21 87496 23 88015 28 88534 31 89053 34 89573 35 90093 36 90613 37 91133 38 91653 38 92173 39 92693 40 93213 40 93734 39 94254 39 94774 39 95294 39 95815 38 96335 38 96856 37 97376 36 97897 35 98418 34 98939 32 99460 31 99980 30 100501 29 101023 26 101544 24 102065 22 102588 18 103110 14 103635 7
4d2cff9a0c8df3a7ef6100fda6f66e865a7670af6a18564767d8019b9ed2fd7b,350013 8 350531 14 351049 20 351567 25 352086 28 352604 31 353123 32 353642 34 354162 34 354682 34 355201 35 355721 34 356241 34 356761 34 357281 33 357801 33 358322 31 358842 30 359362 29 359883 27 360404 25 360925 23 361446 21
4d2cff9a0c8df3a7ef6100fda6f66e865a7670af6a18564767d8019b9ed2fd7b,236768 8 237285 13 237803 17 238322 20 238841 23 239360 28 239879 34 240399 35 240919 36 241439 37 241959 37 242479 37 243000 36 243520 36 244040 36 244561 34 245082 32 245603 30 246126 25 246648 21 247171 16 247697 8
4d2cff9a0c8df3a7ef6100fda6f66e865a7670af6a18564767d8019b9ed2fd7b,73591 6 74108 12 74627 14 75146 17 75665 19 76185 20 76704 22 77224 22 77744 22 78264 23 78784 23 79304 23 79824 23 80344 24 80864 24 81384 24 81905 23 82425 23 82945 23 83466 22 83986 22 84507 21 85027 21 85547 21 86068 20 86588 20 87108 19 87629 17 88149 16 88670 14 89191 12 89712 9 90234 6
4d2cff9a0c8df3a7ef6100fda6f66e865a7670af6a18564767d8019b9ed2fd7b,37090 6 37608 9 38127 11 38645 14 39161 19 39677 24 40195 27 40714 29 41234 30 41753 31 42273 32 42792 34 43312 34 43832 34 44351 35 44871 35 45391 35 45912 34 46432 34 46952 33 47472 33 47993 31 48513 30 49033 29 49554 27 50075 24 50596 22 51117 20 51638 18 52160 15 52682 11
4d2cff9a0c8df3a7ef6100fda6f66e865a7670af6a18564767d8019b9ed2fd7b,244894 5 245411 10 245929 14 246448 16 246967 18 247487 19 248006 21 248525 22 249045 23 249565 24 250084 25 250604 26 251124 26 251644 27 252164 27 252684 28 253204 28 253724 29 254245 28 254765 28 255285 29 255806 28 256326 28 256846 28 257367 28 257887 28 258408 27 258928 27 259449 26 259970 25 260491 24 261012 23 261534 20 262055 19 262577 16 263099 13 263621 9
4d2cff9a0c8df3a7ef6100fda6f66e865a7670af6a18564767d8019b9ed2fd7b,72489 2 73006 9 73525 13 74044 16 74563 18 75081 21 75600 22 76119 23 76637 26 77156 27 77675 28 78195 28 78714 29 79234 29 79754 29 80274 29 80794 29 81314 29 81834 29 82355 28 82875 28 83395 28 83916 27 84436 26 84957 25 85477 25 85998 24 86519 22 87040 21 87561 19 88082 17 88604 14 89125 12 89647 9 90170 2
4d2cff9a0c8df3a7ef6100fda6f66e865a7670af6a18564767d8019b9ed2fd7b,138114 18 138631 23 139150 26 139669 28 140189 29 140709 29 141228 31 141748 32 142268 32 142788 33 143308 33 143829 33 144349 33 144870 32 145390 33 145910 33 146431 32 146951 32 147472 31 147992 31 148513 30 149034 29 149554 29 150075 28 150596 26 151116 26 151637 25 152158 24 152679 22 153200 21 153721 19 154242 17 154764 14 155286 11 155808 7
4d2cff9a0c8df3a7ef6100fda6f66e865a7670af6a18564767d8019b9ed2fd7b,224996 7 225515 9 226034 11 226553 13 227072 15 227591 17 228111 17 228630 18 229150 19 229669 20 230189 20 230709 20 231229 20 231749 20 232269 20 232789 20 233309 20 233829 20 234348 20 234868 20 235388 20 235907 20 236427 20 236946 21 237466 21 237986 21 238505 21 239025 20 239545 20 240065 19 240585 19 241105 18 241626 16 242146 14 242666 13 243187 10 243709 3
4d2cff9a0c8df3a7ef6100fda6f66e865a7670af6a18564767d8019b9ed2fd7b,249487 4 250002 15 250518 21 251036 25 251554 29 252073 31 252593 32 253112 34 253632 34 254151 36 254671 37 255191 37 255711 37 256232 36 256752 36 257273 35 257793 35 258314 34 258835 33 259356 32 259878 29 260399 27 260922 23 261445 18 261969 13 262495 4
4d2cff9a0c8df3a7ef6100fda6f66e865a7670af6a18564767d8019b9ed2fd7b,162748 8 163252 5 163264 14 163770 29 164289 32 164808 33 165328 33 165848 33 166369 32 166890 31 167411 30 167932 29 168452 28 168973 26 169494 25 170016 22 170539 18 171060 16 171580 15 172101 13 172622 9
4d2cff9a0c8df3a7ef6100fda6f66e865a7670af6a18564767d8019b9ed2fd7b,33473 7 33991 12 34510 15 35029 18 35548 21 36068 22 36587 24 37107 26 37627 27 38147 28 38667 29 39187 30 39708 30 40228 31 40748 31 41268 32 41789 31 42309 32 42830 31 43350 31 43871 30 44392 30 44912 30 45433 28 45954 27 46474 27 46995 25 47516 24 48037 22 48558 20 49079 17 49600 14 50122 10
4d2cff9a0c8df3a7ef6100fda6f66e865a7670af6a18564767d8019b9ed2fd7b,70773 3 71291 10 71810 12 72329 15 72848 17 73368 18 73887 20 74406 22 74926 23 75446 24 75965 25 76485 26 77005 27 77525 27 78045 28 78565 28 79085 28 79605 29 80125 29 80646 28 81166 29 81686 29 82207 28 82727 29 83247 29 83768 28 84288 29 84809 28 85329 28 85850 27 86370 27 86890 27 87411 26 87931 26 88451 26 88971 26 89492 25 90012 25 90533 24 91054 22 91576 20 92100 16 92621 15 93142 14 93662 13 94183 11 94705 9 95228 5
4d2cff9a0c8df3a7ef6100fda6f66e865a7670af6a18564767d8019b9ed2fd7b,149108 7 149625 13 150136 23 150652 29 151170 32 151689 34 152208 36 152727 38 153246 40 153766 40 154286 40 154806 40 155326 40 155847 39 156367 38 156888 37 157409 35 157930 33 158451 31 158973 28 159494 25 160017 19 160539 14 161065 2
4d2cff9a0c8df3a7ef6100fda6f66e865a7670af6a18564767d8019b9ed2fd7b,91387 5 91904 9 92423 11 92941 14 93460 15 93979 17 94498 18 95017 19 95536 20 96055 20 96574 21 97094 21 97613 21 98132 22 98652 22 99172 22 99692 22 100212 21 100731 21 101251 20 101771 20 102291 19 102812 17 103333 15 103854 13 104376 10
4d2cff9a0c8df3a7ef6100fda6f66e865a7670af6a18564767d8019b9ed2fd7b,88919 2 89438 3 89957 4 90475 6 90994 7 91513 8 92033 8 92553 8 93073 8 93592 9 94111 10 94631 10 95150 11 95670 11 96189 12 96709 12 97230 11 97750 11 98270 11 98791 10 99312 9 99832 9 100353 8 100874 7 101396 5
4d2cff9a0c8df3a7ef6100fda6f66e865a7670af6a18564767d8019b9ed2fd7b,158115 6 158633 10 159152 12 159671 14 160190 15 160710 16 161229 18 161749 18 162269 19 162789 19 163309 20 163829 20 164349 20 164869 20 165389 21 165909 21 166429 21 166949 22 167470 21 167991 21 168511 21 169031 22 169551 22 170072 21 170592 22 171112 22 171632 22 172153 21 172674 20 173196 18 173717 17 174239 15 174760 13 175281 11 175802 9 176324 4
4d2cff9a0c8df3a7ef6100fda6f66e865a7670af6a18564767d8019b9ed2fd7b,189958 6 190477 8 190995 11 191514 13 192032 16 192551 17 193069 18 193588 19 194106 21 194625 22 195144 23 195662 25 196181 26 196701 26 197221 26 197741 26 198262 25 198782 25 199302 25 199822 25 200343 24 200863 11 200881 5 201384 9 201908 4
4d2cff9a0c8df3a7ef6100fda6f66e865a7670af6a18564767d8019b9ed2fd7b,317310 5 317828 10 318347 14 318866 16 319385 17 319905 18 320425 18 320945 18 321465 19 321985 20 322505 21 323025 23 323545 23 324065 23 324585 23 325105 24 325625 24 326145 24 326665 24 327186 23 327706 23 328226 23 328746 23 329266 23 329786 22 330306 22 330826 22 331346 21 331866 21 332386 20 332907 18 333427 17 333947 16 334468 14 334989 11 335511 8
4d2cff9a0c8df3a7ef6100fda6f66e865a7670af6a18564767d8019b9ed2fd7b,279098 4 279614 10 280133 13 280652 16 281171 19 281690 21 282209 23 282729 23 283248 25 283768 25 284288 25 284808 25 285328 25 285848 25 286368 25 286888 25 287409 24 287929 23 288450 21 288971 19 289492 17 290013 15 290535 11 291057 6
4d2cff9a0c8df3a7ef6100fda6f66e865a7670af6a18564767d8019b9ed2fd7b,323682 5 324199 11 324717 14 325236 16 325755 18 326274 19 326793 21 327313 21 327832 23 328352 23 328871 24 329391 24 329911 24 330431 24 330951 24 331471 24 331991 23 332511 23 333031 23 333551 23 334070 24 334590 25 335109 26 335629 26 336148 27 336668 27 337187 28 337707 28 338227 27 338747 27 339268 25 339788 24 340308 24 340829 22 341349 22 341870 20 342391 17 342913 8 343435 5
4d2cff9a0c8df3a7ef6100fda6f66e865a7670af6a18564767d8019b9ed2fd7b,122297 7 122815 11 123334 13 123853 15 124373 15 124892 17 125411 19 125931 19 126451 19 126970 20 127490 21 128010 21 128529 22 129049 22 129569 22 130089 22 130609 22 131128 23 131648 22 132168 22 132688 22 133208 22 133728 21 134248 21 134768 20 135289 18 135809 18 136329 17 136850 15 137370 15 137891 13 138412 11 138933 9 139454 6
4d2cff9a0c8df3a7ef6100fda6f66e865a7670af6a18564767d8019b9ed2fd7b,275002 6 275519 11 276037 15 276556 18 277075 20 277594 22 278114 23 278633 24 279152 26 279672 26 280192 26 280711 27 281231 27 281751 26 282270 27 282790 26 283310 24 283830 23 284350 22 284870 21 285391 18 285911 17 286431 15 286952 13 287473 10 287995 5
4d2cff9a0c8df3a7ef6100fda6f66e865a7670af6a18564767d8019b9ed2fd7b,313554 5 314070 11 314588 13 315107 14 315626 15 316145 16 316664 17 317184 17 317703 18 318223 18 318743 18 319263 18 319783 18 320303 18 320823 18 321343 18 321863 18 322384 17 322904 17 323424 17 323945 16 324465 16 324986 15 325506 15 326027 14 326548 13 327069 12 327590 11 328111 10 328632 9 329153 8 329675 6
4d2cff9a0c8df3a7ef6100fda6f66e865a7670af6a18564767d8019b9ed2fd7b,20916 6 21434 10 21953 12 22473 13 22993 13 23514 12 24035 11 24555 11 25074 13 25594 13 26113 14 26633 14 27153 14 27673 14 28194 13 28714 12 29235 11 29755 11 30276 9 30797 7 31318 5
4d2cff9a0c8df3a7ef6100fda6f66e865a7670af6a18564767d8019b9ed2fd7b,191962 6 192480 12 192998 15 193516 18 194034 22 194553 26 195073 27 195592 29 196111 31 196631 31 197150 32 197669 34 198187 36 198706 37 199225 37 199745 37 200265 37 200784 38 201304 38 201824 37 202344 37 202865 35 203385 35 203906 33 204427 31 204948 29 205469 27 205992 22 206516 16 207038 11 207561 5
4d2cff9a0c8df3a7ef6100fda6f66e865a7670af6a18564767d8019b9ed2fd7b,150911 9 151430 11 151949 13 152468 15 152987 17 153507 18 154026 19 154546 19 155066 20 155586 21 156105 23 156625 23 157145 23 157665 23 158184 24 158704 24 159224 23 159744 23 160264 23 160784 22 161304 22 161823 22 162343 22 162863 21 163384 19 163904 19 164424 18 164944 17 165464 16 165985 14 166505 13 167026 11 167547 9 168068 6
4d2cff9a0c8df3a7ef6100fda6f66e865a7670af6a18564767d8019b9ed2fd7b,271125 8 271643 12 272161 15 272679 19 273198 21 273716 24 274235 27 274755 30 275274 31 275794 31 276314 31 276834 32 277354 33 277874 34 278394 34 278914 35 279434 36 279954 37 280475 36 280995 37 281516 36 282036 36 282557 36 283078 35 283598 35 284118 35 284639 34 285160 34 285680 34 286201 32 286721 32 287242 30 287762 30 288283 29 288804 27 289324 26 289845 24 290366 22 290887 20 291409 13 291932 8
4d2cff9a0c8df3a7ef6100fda6f66e865a7670af6a18564767d8019b9ed2fd7b,323831 2 324348 8 324866 11 325385 13 325904 14 326424 15 326943 17 327462 19 327982 20 328502 20 329021 22 329541 23 330061 23 330581 23 331100 25 331620 26 332140 26 332660 26 333181 25 333701 25 334221 25 334741 25 335262 23 335783 22 336303 21 336824 20 337345 18 337865 17 338386 15 338908 11 339430 7
4d2cff9a0c8df3a7ef6100fda6f66e865a7670af6a18564767d8019b9ed2fd7b,345006 11 345519 20 346038 22 346556 24 347075 26 347594 27 348113 28 348632 29 349151 30 349670 31 350189 32 350709 32 351228 33 351748 33 352268 32 352788 32 353309 31 353829 31 354350 30 354871 29 355392 27 355913 26 356438 21 356962 16 357484 14 358005 13 358526 11 359047 10 359567 9 360088 7 360609 5
4d2cff9a0c8df3a7ef6100fda6f66e865a7670af6a18564767d8019b9ed2fd7b,84787 3 85306 7 85825 10 86344 17 86863 24 87383 25 87902 26 88421 28 88941 28 89461 28 89981 29 90501 29 91021 29 91541 29 92061 29 92582 28 93104 26 93625 25 94145 24 94666 22 95187 20 95708 17 96229 12 96751 9 97274 4
4d2cff9a0c8df3a7ef6100fda6f66e865a7670af6a18564767d8019b9ed2fd7b,359750 4 360268 10 360786 14 361305 16 361825 16
4d2cff9a0c8df3a7ef6100fda6f66e865a7670af6a18564767d8019b9ed2fd7b,291684 5 292203 8 292722 10 293241 12 293760 14 294279 15 294799 16 295318 17 295837 18 296357 18 296877 19 297396 20 297916 20 298436 20 298956 20 299475 21 299995 21 300515 21 301035 21 301555 21 302075 20 302596 19 303116 18 303636 18 304157 16 304678 14 305199 12 305720 10 306242 6
4d2cff9a0c8df3a7ef6100fda6f66e865a7670af6a18564767d8019b9ed2fd7b,49125 15 49643 19 50161 22 50680 24 51199 25 51718 27 52237 28 52757 28 53276 30 53796 30 54316 30 54836 30 55356 30 55877 29 56397 29 56917 29 57438 28 57959 27 58480 26 59001 25 59522 23 60043 22 60564 21 61086 18 61607 16 62129 13 62651 10
4d2cff9a0c8df3a7ef6100fda6f66e865a7670af6a18564767d8019b9ed2fd7b,223016 4 223533 10 224052 12 224570 15 225089 16 225608 18 226126 20 226645 21 227165 21 227685 21 228204 22 228724 22 229243 23 229763 23 230283 23 230802 24 231322 24 231841 25 232361 25 232880 26 233400 26 233920 26 234440 26 234960 25 235480 24 236000 24 236521 22 237042 20 237564 16 238085 9
4d2cff9a0c8df3a7ef6100fda6f66e865a7670af6a18564767d8019b9ed2fd7b,267103 9 267619 14 268136 18 268652 23 269169 26 269688 27 270206 29 270725 29 271245 29 271764 30 272284 30 272803 30 273323 29 273843 29 274363 28 274883 28 275403 27 275923 26 276443 26 276964 24 277484 23 278005 21 278526 20 279048 17 279569 15 280091 12 280612 10 281135 5
4d2cff9a0c8df3a7ef6100fda6f66e865a7670af6a18564767d8019b9ed2fd7b,136107 3 136617 15 137136 17 137655 19 138174 20 138693 21 139212 21 139731 22 140251 22 140771 22 141290 23 141810 22 142330 22 142851 20 143371 19 143892 16 144413 14 144935 8
4d2cff9a0c8df3a7ef6100fda6f66e865a7670af6a18564767d8019b9ed2fd7b,349848 5 350366 9 350885 12 351404 14 351923 16 352442 17 352962 18 353481 19 354001 19 354521 19 355040 21 355560 21 356080 21 356599 22 357119 22 357639 22 358159 21 358679 21 359199 21 359719 21 360239 21 360759 20 361279 20 361799 20
4d2cff9a0c8df3a7ef6100fda6f66e865a7670af6a18564767d8019b9ed2fd7b,42489 8 43007 12 43525 15 44044 17 44562 19 45080 22 45599 23 46117 25 46635 27 47154 28 47672 30 48191 30 48710 31 49229 32 49749 31 50268 31 50788 30 51308 30 51828 29 52348 27 52868 26 53389 24 53910 21 54432 17 54954 12
4d2cff9a0c8df3a7ef6100fda6f66e865a7670af6a18564767d8019b9ed2fd7b,225599 6 226118 8 226637 8 227156 9 227675 10 228194 10 228713 11 229233 10 229753 10 230273 10 230793 9 231314 8 231834 7 232354 7 232875 5 233398 2
4d2cff9a0c8df3a7ef6100fda6f66e865a7670af6a18564767d8019b9ed2fd7b,191121 4 191640 7 192157 11 192677 12 193196 14 193715 15 194235 15 194754 17 195273 18 195793 19 196312 21 196832 21 197351 23 197870 25 198389 27 198908 28 199427 30 199946 32 200466 32 200986 33 201507 32 202028 31 202557 22 203083 15 203604 13 204125 12 204646 10 205167 8 205688 6 206208 5 206729 3
4d2cff9a0c8df3a7ef6100fda6f66e865a7670af6a18564767d8019b9ed2fd7b,109232 3 109748 10 110267 14 110786 18 111306 20 111825 23 112345 24 112864 27 113384 28 113904 29 114424 30 114945 30 115465 30 115985 30 116506 30 117026 30 117546 30 118067 30 118587 30 119108 29 119628 29 120149 29 120669 29 121190 28 121711 27 122231 27 122752 26 123273 25 123794 24 124315 23 124835 22 125356 21 125877 19 126398 18 126920 15 127441 13 127963 10 128485 6
4d2cff9a0c8df3a7ef6100fda6f66e865a7670af6a18564767d8019b9ed2fd7b,263727 5 264244 10 264762 13 265280 16 265798 19 266317 20 266836 22 267355 23 267874 24 268392 26 268911 27 269430 28 269949 29 270468 30 270987 31 271506 32 272026 31 272546 31 273065 32 273585 32 274104 32 274623 33 275143 32 275663 32 276182 32 276702 31 277222 31 277742 30 278262 29 278783 27 279304 25 279825 23 280346 21 280867 17 281391 8
4d2cff9a0c8df3a7ef6100fda6f66e865a7670af6a18564767d8019b9ed2fd7b,98 28 618 28 1138 28 1658 28 2178 28 2698 29 3218 29 3738 29 4258 29 4778 30 5298 30 5819 29 6339 29 6860 27 7380 27 7900 27 8421 26 8941 25 9462 24 9983 23 10504 22 11024 21 11545 19 12066 18 12588 15 13109 13 13631 10 14154 5
4d2cff9a0c8df3a7ef6100fda6f66e865a7670af6a18564767d8019b9ed2fd7b,183856 10 184375 13 184894 15 185414 15 185933 17 186453 17 186972 18 187491 19 188010 20 188530 20 189049 21 189569 21 190089 20 190608 21 191127 22 191647 22 192168 21 192689 20 193210 19 193730 19 194250 20 194771 19 195291 19 195812 18 196333 17 196853 17 197374 16 197895 15 198416 14 198936 13 199457 12 199978 10 200498 9 201021 5
4d2cff9a0c8df3a7ef6100fda6f66e865a7670af6a18564767d8019b9ed2fd7b,219495 9 220011 14 220529 17 221046 24 221563 30 222082 33 222602 34 223121 36 223641 37 224161 38 224681 39 225201 40 225722 40 226242 40 226763 39 227286 36 227809 33 228334 28 228855 27 229375 27 229895 26 230415 26 230936 25 231457 24 231978 22 232501 18 233024 13 233552 2
4d2cff9a0c8df3a7ef6100fda6f66e865a7670af6a18564767d8019b9ed2fd7b,175108 6 175623 13 176141 17 176660 20 177180 22 177699 24 178219 25 178738 26 179258 27 179779 26 180299 27 180819 27 181339 27 181859 27 182380 25 182901 24 183422 22 183943 20 184464 18 184986 13 185509 7
4d2cff9a0c8df3a7ef6100fda6f66e865a7670af6a18564767d8019b9ed2fd7b,296535 7 297052 11 297570 14 298088 16 298607 18 299125 20 299644 21 300162 22 300680 24 301198 25 301717 25 302236 26 302755 26 303273 27 303792 27 304311 27 304831 26 305350 26 305869 26 306389 24 306908 24 307427 25 307947 24 308467 23 308986 22 309506 21 310026 20 310546 18 311067 16 311587 16 312108 14 312631 6
4d2cff9a0c8df3a7ef6100fda6f66e865a7670af6a18564767d8019b9ed2fd7b,318539 6 319057 9 319576 11 320095 12 320615 13 321134 14 321653 15 322173 15 322692 16 323212 16 323732 16 324252 16 324771 17 325291 17 325810 18 326330 19 326849 20 327368 21 327888 21 328407 22 328926 23 329446 23 329966 23 330485 23 331005 23 331525 22 332046 19 332566 17 333086 16 333607 14 334127 14 334647 13 335168 11 335689 8
4d2cff9a0c8df3a7ef6100fda6f66e865a7670af6a18564767d8019b9ed2fd7b,323 10 842 12 1361 15 1880 17 2400 18 2919 21 3439 22 3959 23 4479 24 4999 25 5519 26 6040 26 6560 27 7080 28 7600 29 8121 29 8641 30 9162 29 9682 30 10203 30 10723 31 11244 30 11765 30 12286 29 12807 28 13328 27 13848 27 14369 27 14890 26 15412 23 15933 22 16454 21 16976 18 17498 15 18020 12 18544 6
4d2cff9a0c8df3a7ef6100fda6f66e865a7670af6a18564767d8019b9ed2fd7b,157318 10 157837 13 158356 17 158876 18 159395 21 159915 22 160435 23 160955 24 161475 26 161996 26 162516 26 163036 27 163556 28 164077 28 164597 28 165117 29 165638 28 166158 29 166679 28 167199 28 167720 28 168240 28 168760 28 169281 28 169802 27 170323 26 170843 26 171364 24 171885 23 172406 22 172928 20 173449 18 173971 16 174494 12 175017 7
4d2cff9a0c8df3a7ef6100fda6f66e865a7670af6a18564767d8019b9ed2fd7b,193920 8 194437 14 194956 17 195475 19 195994 21 196513 23 197032 25 197551 27 198070 28 198590 29 199109 30 199629 31 200148 32 200668 33 201188 33 201708 33 202227 34 202747 34 203267 34 203788 33 204308 32 204828 32 205348 31 205868 29 206388 28 206908 27 207429 24 207950 22 208471 19 208992 16 209515 5
4d2cff9a0c8df3a7ef6100fda6f66e865a7670af6a18564767d8019b9ed2fd7b,44309 3 44320 7 44827 6 44838 11 45346 24 45866 25 46385 27 46904 29 47424 30 47944 31 48464 32 48984 32 49505 32 50026 31 50547 30 51068 30 51589 29 52110 28 52631 27 53152 26 53672 26 54193 26 54713 26 55233 26 55753 26 56273 25 56792 26 57312 26 57832 26 58351 26 58871 26 59391 26 59911 26 60431 25 60950 26 61470 26 61991 24 62511 23 63031 23 63551 22 64072 20 64593 19 65114 17 65635 15 66156 13 66678 9
4d2cff9a0c8df3a7ef6100fda6f66e865a7670af6a18564767d8019b9ed2fd7b,275871 6 276389 10 276908 13 277427 15 277946 17 278465 19 278984 20 279504 20 280023 21 280543 21 281063 21 281583 21 282103 22 282623 23 283144 23 283665 23 284186 23 284706 24 285226 24 285746 24 286266 25 286787 24 287308 22 287829 21 288350 19 288872 16 289394 7
4d2cff9a0c8df3a7ef6100fda6f66e865a7670af6a18564767d8019b9ed2fd7b,355255 5 355773 9 356291 12 356810 13 357329 15 357847 17 358366 18 358885 19 359404 20 359923 21 360443 21 360962 22 361482 22
4d2cff9a0c8df3a7ef6100fda6f66e865a7670af6a18564767d8019b9ed2fd7b,215515 12 216032 18 216550 24 217069 28 217588 31 218107 34 218627 36 219147 37 219666 39 220186 40 220706 41 221227 41 221747 41 222268 41 222789 40 223310 40 223831 39 224353 38 224874 38 225396 36 225919 33 226442 31 226964 29 227488 25 228010 23 228533 19 229056 16 229579 12 230102 8
4d2cff9a0c8df3a7ef6100fda6f66e865a7670af6a18564767d8019b9ed2fd7b,212795 7 213312 15 213831 19 214349 23 214866 27 215385 29 215905 30 216424 32 216943 33 217462 33 217982 33 218501 34 219021 34 219541 34 220061 33 220581 32 221101 31 221621 30 222141 29 222661 27 223181 25 223701 24 224221 24 224742 22 225263 21 225785 18 226306 17 226828 14 227350 11
4d2cff9a0c8df3a7ef6100fda6f66e865a7670af6a18564767d8019b9ed2fd7b,310093 2 310609 10 311128 14 311647 17 312167 18 312686 20 313206 20 313726 21 314246 22 314766 23 315286 23 315806 23 316325 24 316845 24 317364 25 317884 24 318404 24 318924 24 319444 23 319964 23 320483 23 321003 23 321524 21 322044 19 322564 15 323084 12 323605 8 324127 2
4d2cff9a0c8df3a7ef6100fda6f66e865a7670af6a18564767d8019b9ed2fd7b,140331 5 140849 8 141368 11 141887 14 142406 16 142925 18 143444 20 143963 22 144482 24 145001 25 145520 26 146039 27 146558 28 147077 29 147596 30 148116 30 148636 30 149155 30 149675 30 150196 28 150716 27 151237 25 151757 23 152278 13 152799 10 153320 7
4d2cff9a0c8df3a7ef6100fda6f66e865a7670af6a18564767d8019b9ed2fd7b,151494 10 152009 19 152525 24 153043 27 153561 30 154078 34 154596 36 155115 37 155634 38 156153 39 156672 40 157191 40 157710 41 158229 41 158749 40 159268 40 159788 38 160308 37 160828 36 161347 36 161867 35 162387 34 162908 33 163428 34 163464 7 163948 48 164469 49 164990 51 165511 15 165528 34 166032 10 166049 33 166569 34 167088 35 167607 36 168126 36 168645 37 169164 38 169684 38 170203 38 170723 37 171243 36 171764 34 172284 33 172805 31 173327 27 173850 21 174371 16 174895 8
4d2cff9a0c8df3a7ef6100fda6f66e865a7670af6a18564767d8019b9ed2fd7b,346600 7 347118 10 347637 12 348156 14 348675 15 349195 16 349714 17 350233 18 350753 18 351272 19 351791 20 352311 19 352830 20 353349 20 353869 19 354389 17 354908 17 355428 14 355947 13 356467 12 356987 11 357506 11 358025 11 358545 11 359064 11 359584 11 360104 11 360624 11 361143 12 361663 12
4d2cff9a0c8df3a7ef6100fda6f66e865a7670af6a18564767d8019b9ed2fd7b,197498 8 198016 12 198533 16 199051 19 199569 21 200087 23 200606 24 201125 25 201644 26 202163 26 202683 26 203202 27 203722 26 204241 27 204761 26 205280 26 205800 25 206319 26 206839 25 207359 24 207878 25 208398 24 208918 24 209438 24 209958 24 210477 24 210997 24 211517 23 212037 23 212558 21 213079 19 213599 18 214119 17 214639 15 215160 13 215681 9
4d2cff9a0c8df3a7ef6100fda6f66e865a7670af6a18564767d8019b9ed2fd7b,100833 6 101350 14 101869 18 102388 21 102908 22 103428 24 103948 25 104469 26 104989 27 105510 27 106031 27 106552 26 107073 26 107594 26 108115 25 108636 25 109157 25 109678 24 110198 24 110719 24 111240 23 111761 22 112282 21 112802 21 113323 19 113844 18 114366 15 114888 12 115411 7
4d2cff9a0c8df3a7ef6100fda6f66e865a7670af6a18564767d8019b9ed2fd7b,112321 2 112841 3 113361 3 113881 4 114401 4 114921 5 115441 6 115961 6 116481 7 117001 7 117521 7 118041 8 118561 8 119081 8 119601 8 120121 7 120641 7 121161 6
4d2cff9a0c8df3a7ef6100fda6f66e865a7670af6a18564767d8019b9ed2fd7b,9631 7 10148 13 10667 16 11187 18 11706 20 12225 22 12744 24 13264 25 13783 27 14303 28 14823 28 15343 29 15863 29 16383 30 16903 30 17423 30 17943 31 18464 30 18984 30 19505 29 20025 29 20546 28 21066 28 21587 27 22108 26 22630 23 23151 22 23672 20 24193 19 24715 16 25237 12 25760 6
4d2cff9a0c8df3a7ef6100fda6f66e865a7670af6a18564767d8019b9ed2fd7b,62772 6 63284 16 63799 23 64317 26 64836 27 65355 29 65874 30 66393 31 66912 32 67432 32 67952 32 68472 32 68992 31 69512 31 70033 29 70553 28 71074 26 71594 25 72115 23 72636 21 73158 18 73680 14 74202 10
4d2cff9a0c8df3a7ef6100fda6f66e865a7670af6a18564767d8019b9ed2fd7b,83524 5 84041 11 84560 13 85079 15 85598 17 86117 19 86636 21 87156 21 87675 22 88194 23 88714 23 89234 24 89753 25 90273 25 90793 25 91312 27 91832 27 92352 27 92872 27 93392 26 93911 27 94431 26 94951 25 95471 24 95991 23 96511 22 97031 21 97551 20 98071 19 98591 18 99111 17 99631 16 100151 15 100672 14 101194 11
4d2cff9a0c8df3a7ef6100fda6f66e865a7670af6a18564767d8019b9ed2fd7b,234238 8 234755 15 235274 18 235793 21 236312 24 236832 26 237352 28 237872 31 238392 33 238912 35 239432 36 239953 36 240473 37 240993 37 241514 37 242035 36 242556 36 243076 36 243597 36 244117 36 244638 35 245158 35 245679 34 246200 34 246721 33 247243 30 247764 29 248285 28 248806 27 249328 24 249849 22 250377 13 250898 11 251418 10 251939 8 252462 2
