4d40de30a3db3bc4f241cb7f48e8497c11e8f20a99bf55788bdce17242029745,51502 9 51755 14 52010 16 52266 17 52522 17 52777 18 53033 18 53289 18 53545 18 53802 16 54067 4
4d40de30a3db3bc4f241cb7f48e8497c11e8f20a99bf55788bdce17242029745,86 7 341 8 597 9 854 8 1112 6 1369 4
4d40de30a3db3bc4f241cb7f48e8497c11e8f20a99bf55788bdce17242029745,22353 3 22607 7 22862 9 23118 10 23374 11 23630 11 23886 11 24143 10 24400 8 24657 5
4d40de30a3db3bc4f241cb7f48e8497c11e8f20a99bf55788bdce17242029745,1278 3 1533 4 1789 4 2045 4 2301 4 2557 4 2813 3 3069 3 3324 4 3579 4 3835 4 4091 4 4347 4 4602 4 4858 4 5114 4 5370 3 5626 3
4d40de30a3db3bc4f241cb7f48e8497c11e8f20a99bf55788bdce17242029745,6743 5 6996 9 7251 11 7506 13 7762 13 8017 15 8273 15 8529 15 8785 16 9041 16 9297 15 9554 14 9811 12 10070 8 10328 4
4d40de30a3db3bc4f241cb7f48e8497c11e8f20a99bf55788bdce17242029745,35130 7 35382 13 35637 15 35891 18 36146 19 36402 19 36657 20 36913 19 37169 19 37425 19 37681 18 37937 17 38194 9 38451 7
4d40de30a3db3bc4f241cb7f48e8497c11e8f20a99bf55788bdce17242029745,28085 5 28340 7 28594 9 28849 9 29105 9 29360 11 29616 12 29873 11 30130 10 30387 9 30644 7 30901 4
4d40de30a3db3bc4f241cb7f48e8497c11e8f20a99bf55788bdce17242029745,6532 3 6787 5 7041 8 7296 10 7552 10 7808 11 8065 11 8322 12 8578 13 8835 12 9091 12 9348 10 9604 9 9861 6 10118 4
4d40de30a3db3bc4f241cb7f48e8497c11e8f20a99bf55788bdce17242029745,16609 6 16864 12 17120 15 17376 16 17632 16 17888 16 18144 15 18401 13 18658 11 18915 6
4d40de30a3db3bc4f241cb7f48e8497c11e8f20a99bf55788bdce17242029745,24175 2 24429 8 24684 10 24939 12 25195 12 25451 12 25707 12 25962 13 26218 13 26474 14 26730 14 26986 14 27242 13 27499 11 27756 9 28018 2
4d40de30a3db3bc4f241cb7f48e8497c11e8f20a99bf55788bdce17242029745,33574 7 33829 9 34084 10 34340 9 34596 9 34852 8 35108 7 35365 5
4d40de30a3db3bc4f241cb7f48e8497c11e8f20a99bf55788bdce17242029745,19950 6 20206 7 20462 7 20718 7 20974 7 21230 7 21486 7 21742 7 21998 6 22254 5 22511 3
4d40de30a3db3bc4f241cb7f48e8497c11e8f20a99bf55788bdce17242029745,8519 3 8772 7 9024 12 9279 13 9534 15 9790 15 10045 16 10301 16 10557 16 10813 16 11069 15 11326 13 11582 12 11839 9
4d40de30a3db3bc4f241cb7f48e8497c11e8f20a99bf55788bdce17242029745,2391 2 2646 4 2901 5 3157 5 3413 5 3669 4 3926 2
4d40de30a3db3bc4f241cb7f48e8497c11e8f20a99bf55788bdce17242029745,25692 6 25947 8 26202 10 26457 11 26713 11 26969 11 27226 9 27486 4
4d40de30a3db3bc4f241cb7f48e8497c11e8f20a99bf55788bdce17242029745,55352 5 55606 8 55861 9 56116 10 56371 11 56627 11 56883 11 57139 10 57395 9 57652 7 57909 4
4d40de30a3db3bc4f241cb7f48e8497c11e8f20a99bf55788bdce17242029745,19417 3 19672 9 19927 11 20182 13 20437 15 20693 16 20949 17 21205 17 21461 17 21718 16 21974 16 22231 15 22487 14 22744 13 23001 11 23258 10 23515 8 23773 5
4d40de30a3db3bc4f241cb7f48e8497c11e8f20a99bf55788bdce17242029745,33817 4 34072 6 34328 7 34584 7 34840 8 35095 9 35351 9 35608 8 35865 7 36122 5 36379 3
4d40de30a3db3bc4f241cb7f48e8497c11e8f20a99bf55788bdce17242029745,555 2 809 10 1064 14 1319 16 1575 17 1830 18 2086 19 2342 19 2598 19 2854 19 3110 18 3367 17 3623 16 3880 14 4138 11 4396 8
4d40de30a3db3bc4f241cb7f48e8497c11e8f20a99bf55788bdce17242029745,4997 6 5252 9 5507 11 5762 12 6017 13 6273 13 6529 3 6535 6 6785 2 6792 5 7049 3
4d40de30a3db3bc4f241cb7f48e8497c11e8f20a99bf55788bdce17242029745,47131 6 47385 9 47640 11 47895 12 48151 12 48406 13 48662 12 48918 12 49174 12 49430 11 49687 9 49944 7 50201 4
4d40de30a3db3bc4f241cb7f48e8497c11e8f20a99bf55788bdce17242029745,13175 3 13429 6 13684 7 13940 8 14196 8 14452 9 14708 9 14964 9 15220 8 15477 6
4d40de30a3db3bc4f241cb7f48e8497c11e8f20a99bf55788bdce17242029745,9835 3 10089 6 10344 8 10599 9 10854 10 11110 10 11367 9 11624 7 11882 4
4d40de30a3db3bc4f241cb7f48e8497c11e8f20a99bf55788bdce17242029745,23878 4 24133 7 24388 9 24644 10 24899 12 25155 13 25411 13 25668 12 25924 12 26180 12 26437 10 26695 7
4d40de30a3db3bc4f241cb7f48e8497c11e8f20a99bf55788bdce17242029745,27145 4 27400 6 27655 8 27911 8 28167 8 28423 8 28680 6 28937 3
4d40de30a3db3bc4f241cb7f48e8497c11e8f20a99bf55788bdce17242029745,36115 4 36370 6 36626 7 36882 7 37138 8 37394 9 37651 8 37907 8 38163 7 38419 6 38676 4 38933 2
4d40de30a3db3bc4f241cb7f48e8497c11e8f20a99bf55788bdce17242029745,23650 2 23905 4 24160 5 24416 6 24672 6 24928 6 25185 4
4d40de30a3db3bc4f241cb7f48e8497c11e8f20a99bf55788bdce17242029745,24476 9 24731 11 24986 13 25242 13 25497 14 25753 15 26009 15 26265 15 26521 15 26777 15 27033 15 27289 15 27546 14 27802 13 28059 12 28316 10 28573 8
