4d4ebfcae4374165ea6ae7c7e18fd0ba5014c3c860ee2489c59e25ddd45e7a32,45025 7 45278 10 45533 11 45787 14 46042 15 46297 16 46552 17 46807 19 47062 20 47318 20 47574 19 47829 20 48085 19 48341 19 48597 19 48854 18 49110 18 49366 18 49623 17 49881 14 50138 11
4d4ebfcae4374165ea6ae7c7e18fd0ba5014c3c860ee2489c59e25ddd45e7a32,56292 1 56546 3 56550 3 56800 10 57055 11 57067 5 57311 18 57565 21 57820 22 58076 22 58332 22 58588 22 58844 23 59100 23 59356 23 59612 23 59869 22 60126 21 60382 21 60638 21 60895 20 61152 18 61409 16 61667 13 61923 12 62180 10
4d4ebfcae4374165ea6ae7c7e18fd0ba5014c3c860ee2489c59e25ddd45e7a32,46006 3 46261 4 46514 7 46769 8 47024 9 47279 10 47535 10 47791 11 48047 12 48303 13 48559 15 48815 17 49071 17 49327 16 49583 16 49839 14 50096 10 50353 8
4d4ebfcae4374165ea6ae7c7e18fd0ba5014c3c860ee2489c59e25ddd45e7a32,6643 3 6895 10 7150 12 7405 15 7660 17 7915 19 8171 19 8426 21 8682 21 8938 21 9194 21 9450 21 9706 22 9962 22 10218 21 10474 21 10731 20 10987 19 11243 19 11500 17 11757 15 12013 14 12270 11 12528 6
4d4ebfcae4374165ea6ae7c7e18fd0ba5014c3c860ee2489c59e25ddd45e7a32,21137 5 21391 10 21645 13 21900 15 22156 15 22411 17 22666 19 22922 19 23177 21 23433 21 23689 21 23945 21 24201 21 24457 21 24713 21 24970 19 25226 19 25483 17 25740 15 25997 12 26255 9 26512 7
4d4ebfcae4374165ea6ae7c7e18fd0ba5014c3c860ee2489c59e25ddd45e7a32,48329 2 48584 4 48834 10 49088 12 49343 13 49599 13 49853 15 50106 18 50361 19 50617 18 50873 17 51129 16 51385 15 51642 13 51899 12 52155 11 52411 11 52668 9 52926 6
4d4ebfcae4374165ea6ae7c7e18fd0ba5014c3c860ee2489c59e25ddd45e7a32,38580 10 38833 14 39087 17 39342 19 39598 20 39853 22 40108 23 40364 23 40620 24 40876 23 41132 23 41388 23 41644 23 41900 23 42156 22 42413 21 42670 20 42927 19 43185 15 43443 4 43450 2 43701 1
4d4ebfcae4374165ea6ae7c7e18fd0ba5014c3c860ee2489c59e25ddd45e7a32,43966 7 44220 11 44472 18 44727 20 44983 23 45239 24 45495 24 45751 24 46009 22 46265 22 46521 22 46777 22 47033 22 47289 21 47545 20 47802 18 48059 16 48316 13 48574 10 48832 2
4d4ebfcae4374165ea6ae7c7e18fd0ba5014c3c860ee2489c59e25ddd45e7a32,28045 9 28299 12 28554 14 28809 16 29064 17 29319 20 29575 21 29831 21 30086 22 30342 22 30598 23 30854 22 31110 22 31366 22 31622 22 31878 21 32134 18 32390 15 32647 12 32904 10 33162 5
4d4ebfcae4374165ea6ae7c7e18fd0ba5014c3c860ee2489c59e25ddd45e7a32,36472 7 36726 11 36981 12 37237 13 37493 14 37748 16 38003 18 38259 18 38515 18 38771 19 39027 17 39284 14 39540 13 39797 12 40056 9
4d4ebfcae4374165ea6ae7c7e18fd0ba5014c3c860ee2489c59e25ddd45e7a32,28131 2 28385 6 28639 10 28894 16 29150 17 29405 19 29659 22 29914 24 30170 24 30426 24 30682 25 30938 25 31195 24 31451 24 31707 24 31964 23 32221 22 32477 22 32734 20 32995 14 33252 11 33509 9 33768 3 34025 1
4d4ebfcae4374165ea6ae7c7e18fd0ba5014c3c860ee2489c59e25ddd45e7a32,30392 6 30647 8 30902 10 31157 12 31413 13 31668 14 31924 15 32180 15 32437 14 32693 15 32949 22 33206 24 33463 24 33720 24 33979 2 33983 17 34240 16 34496 16 34752 16 35008 16 35265 15 35521 15 35778 14 36036 12 36293 10
4d4ebfcae4374165ea6ae7c7e18fd0ba5014c3c860ee2489c59e25ddd45e7a32,52393 9 52646 15 52901 17 53157 18 53413 19 53669 20 53926 19 54182 19 54438 19 54695 18 54952 17 55209 16 55465 16 55722 14 55978 13 56235 11 56492 9 56749 7
4d4ebfcae4374165ea6ae7c7e18fd0ba5014c3c860ee2489c59e25ddd45e7a32,46851 8 47106 10 47361 11 47617 11 47873 11 48129 11 48385 10 48641 9 48897 9 49153 8 49409 7 49665 7 49921 7 50177 7 50433 7 50689 7 50945 7 51201 7 51457 7 51713 7 51970 5
4d4ebfcae4374165ea6ae7c7e18fd0ba5014c3c860ee2489c59e25ddd45e7a32,40815 4 41068 9 41324 10 41580 11 41836 11 42092 12 42348 12 42604 12 42860 12 43117 11 43373 11 43630 9 43887 8 44146 2
4d4ebfcae4374165ea6ae7c7e18fd0ba5014c3c860ee2489c59e25ddd45e7a32,39414 6 39667 10 39922 13 40177 15 40433 16 40688 17 40944 17 41200 17 41456 17 41712 17 41968 17 42225 16 42482 15 42739 14 42996 13 43252 12 43509 10 43766 8 44024 4
4d4ebfcae4374165ea6ae7c7e18fd0ba5014c3c860ee2489c59e25ddd45e7a32,32989 6 33244 8 33499 10 33753 15 34008 17 34264 18 34520 18 34776 18 35032 18 35288 18 35544 18 35800 18 36056 18 36312 18 36569 17 36825 17 37082 16 37339 15 37595 14 37851 14 38108 12 38365 10 38622 7
4d4ebfcae4374165ea6ae7c7e18fd0ba5014c3c860ee2489c59e25ddd45e7a32,50930 3 51183 6 51437 10 51688 16 51943 18 52198 20 52453 21 52709 22 52965 22 53220 24 53477 22 53732 24 53988 23 54244 23 54500 22 54756 21 55012 21 55269 17 55526 13 55785 10 56043 6 56301 1
4d4ebfcae4374165ea6ae7c7e18fd0ba5014c3c860ee2489c59e25ddd45e7a32,55453 5 55707 8 55962 10 56218 10 56474 10 56730 10 56986 10 57242 10 57498 10 57754 10 58010 11 58266 12 58522 14 58778 16 59034 17 59289 18 59545 19 59801 20 60057 20 60313 20 60569 20 60825 20 61080 21 61336 21 61592 21 61848 20 62104 19 62360 18 62616 17 62873 15 63131 11 63388 8 63645 5
4d4ebfcae4374165ea6ae7c7e18fd0ba5014c3c860ee2489c59e25ddd45e7a32,51145 3 51150 6 51400 15 51655 17 51911 17 52166 18 52422 18 52678 18 52934 18 53189 19 53445 19 53701 19 53957 19 54213 19 54469 19 54725 18 54981 18 55237 18 55493 17 55750 15 56008 12 56266 9
4d4ebfcae4374165ea6ae7c7e18fd0ba5014c3c860ee2489c59e25ddd45e7a32,32663 4 32916 8 33171 9 33424 13 33676 17 33931 18 34187 19 34443 20 34699 20 34955 20 35211 11 35223 8 35467 20 35723 20 35979 20 36236 18 36493 16 36750 15 37007 13 37263 13 37520 11
4d4ebfcae4374165ea6ae7c7e18fd0ba5014c3c860ee2489c59e25ddd45e7a32,48014 3 48267 8 48521 11 48776 13 49031 15 49287 15 49543 15 49799 15 50055 16 50311 16 50568 15 50825 14 51082 12 51339 9
4d4ebfcae4374165ea6ae7c7e18fd0ba5014c3c860ee2489c59e25ddd45e7a32,61941 6 62196 8 62451 10 62706 11 62961 13 63217 13 63473 12 63728 13 63983 14 64239 14 64496 13 64752 12 65008 11 65265 10 65522 9
4d4ebfcae4374165ea6ae7c7e18fd0ba5014c3c860ee2489c59e25ddd45e7a32,39816 4 40071 7 40325 10 40577 14 40833 15 41089 15 41345 15 41600 16 41856 16 42112 17 42368 17 42625 17 42880 18 43136 18 43392 19 43648 19 43904 19 44160 19 44417 18 44674 18 44930 18 45187 17 45443 17 45701 14 45960 11 46217 8 46477 3
4d4ebfcae4374165ea6ae7c7e18fd0ba5014c3c860ee2489c59e25ddd45e7a32,63230 3 63485 4 63741 4 63997 4 64253 4 64509 4 64764 5 65019 6 65275 6 65531 6
4d4ebfcae4374165ea6ae7c7e18fd0ba5014c3c860ee2489c59e25ddd45e7a32,56677 9 56932 14 57187 16 57443 17 57699 18 57955 18 58211 18 58467 19 58723 19 58979 19 59235 19 59491 19 59747 19 60003 18 60260 17 60517 15 60775 12 61033 9
4d4ebfcae4374165ea6ae7c7e18fd0ba5014c3c860ee2489c59e25ddd45e7a32,46589 4 46842 7 47096 9 47351 10 47607 10 47862 11 48118 11 48374 11 48630 11 48887 10 49143 10 49399 10 49656 9 49913 8 50169 8 50426 7 50684 5 50943 2 51200 1 51456 1
4d4ebfcae4374165ea6ae7c7e18fd0ba5014c3c860ee2489c59e25ddd45e7a32,33703 5 33957 8 34212 10 34468 10 34724 12 34980 13 35237 13 35493 14 35749 14 36006 13 36262 12 36519 10 36776 8
4d4ebfcae4374165ea6ae7c7e18fd0ba5014c3c860ee2489c59e25ddd45e7a32,39128 7 39382 11 39637 13 39892 16 40147 18 40402 19 40658 19 40913 21 41169 22 41426 22 41682 22 41939 20 42195 20 42452 18 42709 16 42966 14 43223 12 43480 10 43741 3
4d4ebfcae4374165ea6ae7c7e18fd0ba5014c3c860ee2489c59e25ddd45e7a32,43617 3 43868 11 44123 13 44377 16 44633 18 44888 21 45144 21 45400 22 45655 23 45911 23 46167 23 46423 23 46680 21 46936 21 47193 19 47450 18 47708 16 47967 12 48223 12 48481 8
4d4ebfcae4374165ea6ae7c7e18fd0ba5014c3c860ee2489c59e25ddd45e7a32,27081 3 27334 10 27589 12 27845 13 28100 14 28356 14 28612 15 28868 15 29123 16 29379 15 29635 15 29891 14 30148 13 30405 11 30662 9 30919 7 31176 5
4d4ebfcae4374165ea6ae7c7e18fd0ba5014c3c860ee2489c59e25ddd45e7a32,39683 11 39938 13 40193 15 40449 16 40705 17 40961 18 41217 18 41473 18 41729 18 41985 18 42241 18 42497 17 42753 17 43009 16 43265 15 43521 14 43777 13 44033 12 44290 9
4d4ebfcae4374165ea6ae7c7e18fd0ba5014c3c860ee2489c59e25ddd45e7a32,8122 7 8377 9 8632 11 8888 12 9143 14 9399 14 9654 16 9910 16 10166 16 10422 16 10678 16 10934 15 11190 15 11446 14 11703 13 11959 13 12215 12 12472 11 12729 10 12986 8
4d4ebfcae4374165ea6ae7c7e18fd0ba5014c3c860ee2489c59e25ddd45e7a32,60548 2 60799 7 61053 9 61308 11 61563 13 61817 15 62072 17 62328 18 62584 17 62840 18 63097 16 63353 16 63609 15 63866 14 64124 12 64381 10 64638 7 64896 4
4d4ebfcae4374165ea6ae7c7e18fd0ba5014c3c860ee2489c59e25ddd45e7a32,14227 7 14482 11 14737 13 14992 15 15248 16 15503 17 15759 18 16015 18 16271 19 16527 19 16783 19 17039 19 17295 19 17551 19 17808 18 18065 16 18322 14 18579 12 18837 9 19095 6
4d4ebfcae4374165ea6ae7c7e18fd0ba5014c3c860ee2489c59e25ddd45e7a32,33280 1 33535 2 33790 3 34045 4 34301 4 34557 4 34813 4 35069 4 35325 4 35582 3 35839 2 36096 1
4d4ebfcae4374165ea6ae7c7e18fd0ba5014c3c860ee2489c59e25ddd45e7a32,54662 11 54916 15 55171 17 55427 17 55682 18 55938 18 56193 19 56448 20 56704 20 56960 20 57216 20 57472 20 57728 20 57984 20 58241 19 58498 18 58755 17 59011 16 59268 15 59525 13 59787 5
4d4ebfcae4374165ea6ae7c7e18fd0ba5014c3c860ee2489c59e25ddd45e7a32,12766 4 13018 12 13273 14 13528 16 13783 17 14038 19 14294 20 14549 21 14805 21 15060 22 15316 22 15572 22 15828 22 16084 22 16340 22 16597 20 16853 20 17110 18 17367 16 17625 13 17883 10 18140 7
4d4ebfcae4374165ea6ae7c7e18fd0ba5014c3c860ee2489c59e25ddd45e7a32,47884 7 48140 9 48395 13 48650 15 48906 15 49161 16 49416 17 49672 17 49928 17 50184 17 50440 16 50696 16 50952 16 51208 15 51464 15 51720 14 51975 14 52232 12 52490 9 52747 7
4d4ebfcae4374165ea6ae7c7e18fd0ba5014c3c860ee2489c59e25ddd45e7a32,21424 6 21678 10 21933 12 22188 13 22443 15 22698 18 22954 19 23209 20 23465 20 23721 20 23977 21 24233 21 24489 21 24745 20 25001 20 25258 18 25515 17 25772 15 26030 12 26287 10 26546 5
4d4ebfcae4374165ea6ae7c7e18fd0ba5014c3c860ee2489c59e25ddd45e7a32,49520 3 49773 10 50028 13 50283 15 50537 17 50793 18 51048 19 51305 18 51561 18 51817 17 52073 18 52330 17 52586 17 52843 15 53100 13 53357 12 53613 12 53869 11 54128 3
4d4ebfcae4374165ea6ae7c7e18fd0ba5014c3c860ee2489c59e25ddd45e7a32,6536 4 6790 9 7044 13 7298 16 7553 18 7808 20 8064 20 8319 22 8575 22 8831 22 9087 22 9343 22 9599 22 9855 21 10112 20 10369 19 10625 18 10882 17 11138 17 11395 15 11652 12 11909 10 12168 3
4d4ebfcae4374165ea6ae7c7e18fd0ba5014c3c860ee2489c59e25ddd45e7a32,57783 9 58038 11 58293 13 58548 15 58803 17 59058 19 59314 20 59570 20 59826 21 60082 21 60338 21 60594 21 60850 21 61106 21 61362 21 61617 22 61873 23 62129 23 62386 22 62642 22 62898 22 63155 21 63412 20 63669 19 63926 17 64183 15 64440 13 64697 11 64955 8
4d4ebfcae4374165ea6ae7c7e18fd0ba5014c3c860ee2489c59e25ddd45e7a32,38552 5 38807 8 39062 10 39318 10 39573 12 39829 13 40084 14 40340 14 40595 15 40851 15 41107 15 41364 13 41620 13 41877 13 42134 11 42390 12 42647 11 42904 9 43161 7 43420 4 43678 10 43933 12 44188 14 44443 16 44698 18 44954 18 45210 18 45466 18 45722 18 45978 18 46234 18 46490 18 46746 18 47002 18 47259 17 47515 17 47771 17 48027 16 48283 16 48540 14 48797 12 49053 11 49310 9
4d4ebfcae4374165ea6ae7c7e18fd0ba5014c3c860ee2489c59e25ddd45e7a32,64565 8 64820 10 65076 10 65332 10
4d4ebfcae4374165ea6ae7c7e18fd0ba5014c3c860ee2489c59e25ddd45e7a32,56785 2 57039 6 57293 11 57549 11 57804 14 58060 14 58315 15 58571 15 58826 15 59082 15 59337 16 59593 16 59849 16 60105 16 60362 15 60618 15 60873 16 61130 14 61387 13 61644 12 61900 11 62157 9
4d4ebfcae4374165ea6ae7c7e18fd0ba5014c3c860ee2489c59e25ddd45e7a32,23540 5 23791 13 24046 17 24301 19 24556 20 24812 21 25068 21 25324 21 25580 21 25836 21 26092 21 26348 21 26605 20 26861 20 27117 20 27374 19 27630 19 27887 17 28144 15 28401 12 28658 3
4d4ebfcae4374165ea6ae7c7e18fd0ba5014c3c860ee2489c59e25ddd45e7a32,62562 10 62817 18 63073 19 63328 21 63584 22 63839 24 64095 24 64351 24 64607 24 64863 24 65119 32 65376 31
4d4ebfcae4374165ea6ae7c7e18fd0ba5014c3c860ee2489c59e25ddd45e7a32,14525 7 14779 11 15034 13 15289 15 15544 16 15799 17 16055 18 16311 18 16566 19 16822 19 17078 19 17335 18 17592 17 17849 15 18105 15 18362 14 18620 11 18877 9
