4d4f254f3b8b4408d661df3735591554b2f6587ce1952928d619b48010d55467,24577 2 24833 2 25089 3 25345 3 25601 4 25857 5 26113 5 26369 5 26625 5 26881 5 27137 5 27393 5 27649 5 27905 5 28161 5 28417 4 28673 3 28929 3 29185 3 29441 3 29697 3 29953 3 30209 3 30465 2 30721 2 30977 3 31233 3 31489 3 31745 2
4d4f254f3b8b4408d661df3735591554b2f6587ce1952928d619b48010d55467,25366 4 25621 6 25876 8 26132 8 26387 10 26643 11 26899 11 27154 13 27410 14 27666 15 27922 16 28178 17 28434 18 28690 18 28946 18 29202 18 29458 18 29715 17 29971 17 30227 17 30482 18 30738 18 30994 18 31250 18 31506 18 31762 18 32017 19 32273 19 32529 19 32785 20 33041 20 33297 20 33553 20 33809 19 34066 18 34323 17 34580 16 34836 16 35092 16 35348 16 35604 15 35860 14 36116 13 36372 9 36628 8 36885 6
4d4f254f3b8b4408d661df3735591554b2f6587ce1952928d619b48010d55467,10730 6 10982 14 11237 16 11491 19 11746 21 12001 23 12256 24 12512 24 12768 25 13023 26 13278 27 13533 28 13789 28 14044 29 14300 29 14556 29 14812 30 15068 30 15324 29 15580 29 15836 29 16092 29 16348 29 16604 28 16861 27 17117 27 17373 26 17630 24 17886 24 18143 22 18400 19 18657 17 18914 13 19173 7
4d4f254f3b8b4408d661df3735591554b2f6587ce1952928d619b48010d55467,199 24 454 25 709 26 965 26 1221 26 1477 27 1734 26 1990 27 2247 26 2503 26 2759 26 3015 27 3271 27 3527 26 3783 25 4040 23 4297 21 4553 20 4809 20 5066 18 5323 17 5579 17 5835 17 6092 16 6348 16 6605 15 6861 15 7117 15 7373 15 7629 15 7885 16 8141 16 8398 15 8655 14 8911 14 9167 14 9423 14 9679 13 9935 13 10191 13 10448 11 10704 11 10960 11 11216 11 11472 11 11728 10 11984 10 12240 10 12497 9 12753 9 13009 9 13265 9 13521 9 13777 9 14033 9 14289 9 14546 7 14803 5 15060 3
4d4f254f3b8b4408d661df3735591554b2f6587ce1952928d619b48010d55467,76902 13 77154 25 77409 28 77664 30 77918 33 78173 36 78427 40 78682 42 78937 44 79192 46 79447 48 79703 49 79958 50 80213 51 80468 52 80724 51 80980 51 81235 52 81490 52 81746 51
4d4f254f3b8b4408d661df3735591554b2f6587ce1952928d619b48010d55467,130 14 385 15 641 15 897 14 1152 15 1408 14 1663 15 1919 14 2175 13 2430 13 2686 13 2942 12 3198 11 3453 11 3709 9 3965 8 4221 7 4478 5 4735 2
4d4f254f3b8b4408d661df3735591554b2f6587ce1952928d619b48010d55467,59986 3 60212 2 60239 8 60467 6 60492 12 60722 10 60746 14 60978 13 61000 16 61233 39 61488 40 61743 41 61999 40 62254 41 62510 41 62765 42 63020 43 63276 42 63532 42 63788 42 64044 42 64300 42 64556 42 64812 42 65068 41 65323 42 65579 42 65835 42 66091 42 66347 42 66603 42 66859 41 67116 40 67372 39 67628 39 67884 38 68140 37 68397 35 68653 34 68910 32 69167 29 69423 28 69680 26 69937 23 70194 21 70452 17 70711 12 70968 9
4d4f254f3b8b4408d661df3735591554b2f6587ce1952928d619b48010d55467,15001 2 15255 8 15265 3 15501 24 15756 26 16010 29 16265 31 16520 33 16775 36 17031 37 17286 39 17541 41 17796 43 18051 45 18306 46 18561 47 18817 47 19072 48 19328 49 19583 50 19838 51 20094 52 20350 52 20605 52 20860 53 21116 52 21371 53 21627 53 21883 52 22139 52 22394 52 22650 52 22906 52 23163 50 23419 50 23675 49 23931 49 24187 48 24444 47 24700 47 24957 45 25215 43 25472 41 25729 40 25989 36 26246 34 26503 32 26761 30 27018 28 27275 26 27533 24 27791 21 28048 19 28305 17 28562 15 28819 14 29076 12 29334 5
4d4f254f3b8b4408d661df3735591554b2f6587ce1952928d619b48010d55467,29056 10 29311 12 29566 14 29821 15 30076 17 30331 19 30586 20 30841 21 31096 22 31352 23 31607 24 31862 26 32118 27 32374 28 32629 30 32885 30 33141 31 33397 31 33653 31 33909 31 34165 31 34421 31 34676 32 34932 32 35188 32 35444 32 35700 32 35955 33 36210 34 36465 34 36721 34 36977 34 37232 35 37488 35 37743 36 37999 35 38254 36 38510 35 38766 35 39022 35 39278 34 39534 33 39790 32 40046 31 40302 30 40558 30 40813 30 41069 29 41324 30 41580 29 41836 28 42091 28 42347 28 42603 27 42859 26 43115 26 43372 24 43628 24 43885 23 44141 22 44398 21 44654 20 44910 20 45167 19 45424 17 45681 16 45938 15 46195 13 46451 12 46708 10 46965 9 47225 4
4d4f254f3b8b4408d661df3735591554b2f6587ce1952928d619b48010d55467,10534 5 10789 8 11044 14 11299 18 11553 21 11808 22 12062 25 12317 27 12572 28 12827 30 13082 31 13338 31 13594 31 13849 32 14105 32 14360 33 14615 34 14871 34 15127 34 15383 35 15639 35 15895 35 16150 36 16406 36 16662 36 16919 35 17175 35 17431 34 17687 34 17944 33 18200 33 18456 33 18712 33 18968 33 19225 32 19481 31 19737 31 19993 31 20250 30 20507 29 20764 27 21020 27 21276 26 21533 24 21790 21 22047 19 22304 15 22561 13 22819 9
4d4f254f3b8b4408d661df3735591554b2f6587ce1952928d619b48010d55467,1201 2 1456 12 1709 16 1961 20 2216 22 2471 23 2727 24 2982 26 3238 27 3494 28 3750 29 4006 29 4262 29 4518 29 4774 29 5030 30 5286 31 5543 31 5799 32 6055 32 6311 32 6568 31 6824 31 7080 31 7336 31 7592 32 7848 32 8104 33 8360 33 8616 33 8873 32 9130 31 9386 31 9642 32 9898 32 10154 32 10410 32 10666 32 10922 32 11178 32 11434 32 11690 32 11947 32 12203 32 12459 33 12715 33 12972 32 13228 32 13485 30 13741 30 13997 30 14254 29 14512 26 14769 25 15026 24 15282 24 15539 23 15795 22 16051 22 16307 21 16563 20 16820 18 17076 16 17333 14 17590 12 17847 2 17853 4
4d4f254f3b8b4408d661df3735591554b2f6587ce1952928d619b48010d55467,59 36 314 37 569 37 824 37 1080 36 1336 35 1592 35 1848 34 2104 33 2361 30 2617 29 2874 27 3131 25 3388 23 3645 22 3904 18 4168 2
4d4f254f3b8b4408d661df3735591554b2f6587ce1952928d619b48010d55467,74020 3 74275 5 74531 6 74786 8 75042 9 75297 10 75553 10 75808 12 76064 12 76320 12 76575 14 76831 14 77087 14 77342 15 77598 15 77854 15 78110 14 78366 14 78622 14 78877 15 79133 15 79389 15 79644 16 79899 16 80155 16 80411 16 80667 15 80922 15 81178 14 81434 13 81690 12
4d4f254f3b8b4408d661df3735591554b2f6587ce1952928d619b48010d55467,66819 2 67073 5 67329 6 67585 7 67841 8 68097 8 68353 9 68609 10 68865 10 69121 11 69377 12 69633 15 69889 18 70145 19 70401 19 70657 20 70913 22 71169 23 71425 23 71681 24 71937 24 72193 24 72449 24 72705 24 72961 24 73217 24 73473 24 73729 24 73985 24 74241 24 74497 24 74753 24 75009 24 75265 24 75521 23 75777 23 76033 23 76289 23 76545 23 76801 22 77057 22 77313 21 77569 21 77825 21 78081 21 78337 21 78593 20 78849 20 79105 20 79361 20 79617 20 79873 20 80129 19 80385 19 80641 18 80897 18 81153 18 81409 17 81665 17
4d4f254f3b8b4408d661df3735591554b2f6587ce1952928d619b48010d55467,53357 2 53612 5 53867 7 54122 8 54378 8 54633 10 54889 11 55145 12 55401 13 55657 13 55913 13 56168 15 56424 15 56680 16 56935 17 57191 18 57447 18 57702 19 57957 21 58213 21 58468 23 58724 23 58980 23 59236 23 59491 23 59747 23 60003 22 60259 22 60515 22 60771 23 61027 23 61282 24 61538 24 61794 24 62049 25 62305 26 62561 26 62817 26 63073 26 63329 26 63585 27 63841 27 64097 27 64352 28 64608 28 64864 28 65119 29 65375 29 65631 30 65887 30 66143 30 66400 29 66656 29 66912 29 67168 29 67424 29 67680 28 67936 28 68193 28 68449 28 68705 28 68961 28 69217 28 69473 28 69729 27 69985 27 70241 27 70497 26 70753 26 71009 25 71265 24 71521 23 71778 21 72036 18 72293 17 72551 15 72808 13 73065 12 73322 11 73579 10 73836 9 74093 7 74350 6 74607 5 74864 3
