4dbbb275960ab9e4ec2c66c8d3000f7c70c8dce5112df591b95db84e25efa6e9,309348 4 309864 9 310383 11 310903 12 311422 13 311940 16 312459 17 312978 18 313497 19 314017 19 314536 20 315055 21 315575 21 316094 22 316614 22 317134 21 317653 22 318173 22 318693 21 319213 21 319733 21 320253 20 320772 21 321293 19 321813 19 322333 18 322853 17 323374 16 323895 13 324415 12 324936 10 325459 5
4dbbb275960ab9e4ec2c66c8d3000f7c70c8dce5112df591b95db84e25efa6e9,7158 1 7677 3 8196 4 8716 5 9235 7 9755 8 10274 10 10794 10 11314 10 11834 10 12353 12 12873 12 13393 12 13913 12 14433 12 14952 13 15472 13 15992 13 16512 13 17032 13 17552 13 18072 13 18592 13 19112 13 19632 12 20152 11 20672 10 21192 10 21713 8 22233 7 22757 2
4dbbb275960ab9e4ec2c66c8d3000f7c70c8dce5112df591b95db84e25efa6e9,118354 3 118871 8 119391 9 119910 11 120429 14 120949 16 121469 18 121989 21 122509 22 123029 22 123549 22 124069 22 124590 21 125111 19 125633 16 126156 12 126679 8
4dbbb275960ab9e4ec2c66c8d3000f7c70c8dce5112df591b95db84e25efa6e9,70941 4 71461 4 71981 5 72501 5 73022 4 73542 4 74062 5 74583 4 75103 4 75623 4 76143 5 76651 4 76663 5 77170 18 77690 18 78209 18 78729 18 79248 18 79768 18 80287 19 80807 18 81327 18 81847 17 82367 17 82887 16 83408 14 83928 12 84449 9 84969 7
4dbbb275960ab9e4ec2c66c8d3000f7c70c8dce5112df591b95db84e25efa6e9,64325 7 64844 9 65363 11 65882 12 66402 13 66921 14 67441 14 67962 13 68482 13 69003 12 69524 10 70044 9 70566 5
4dbbb275960ab9e4ec2c66c8d3000f7c70c8dce5112df591b95db84e25efa6e9,243275 5 243794 9 244313 11 244832 14 245351 16 245871 18 246390 20 246910 21 247429 23 247949 24 248470 24 248990 25 249510 26 250030 27 250551 26 251072 25 251592 25 252112 25 252633 25 253153 24 253674 23 254195 21 254716 19 255239 15 255761 12
4dbbb275960ab9e4ec2c66c8d3000f7c70c8dce5112df591b95db84e25efa6e9,121197 8 121716 13 122234 16 122753 18 123273 19 123792 23 124312 26 124832 27 125352 29 125872 26 126392 28 126913 28 127433 30 127953 32 128474 32 128994 32 129515 31 130036 30 130558 27 131078 27 131599 25 132120 24 132642 21 133163 19 133687 13 134210 9
4dbbb275960ab9e4ec2c66c8d3000f7c70c8dce5112df591b95db84e25efa6e9,449 11 970 10 1492 8 2014 6
4dbbb275960ab9e4ec2c66c8d3000f7c70c8dce5112df591b95db84e25efa6e9,131012 2 131531 4 132050 6 132569 7 133089 8 133608 10 134128 9 134647 11 135166 14 135685 16 136203 18 136722 20 137241 22 137761 23 138281 24 138801 25 139321 26 139842 25 140362 25 140882 26 141402 26 141922 26 142442 25 142963 23 143483 22 144004 20 144525 18 145045 16 145566 11 146088 8 146610 2
4dbbb275960ab9e4ec2c66c8d3000f7c70c8dce5112df591b95db84e25efa6e9,87495 8 88012 13 88528 18 89046 20 89563 23 90081 25 90599 27 91116 30 91635 30 92153 31 92671 32 93190 32 93709 32 94229 31 94748 31 95268 30 95788 28 96308 12 96324 10 96828 11 96845 8 97349 9 97365 6 97869 8 97885 3 98390 6 98912 4
4dbbb275960ab9e4ec2c66c8d3000f7c70c8dce5112df591b95db84e25efa6e9,85445 4 85962 9 86481 11 86999 14 87518 15 88038 16 88557 17 89076 18 89596 18 90116 18 90636 17 91156 17 91676 17 92197 15 92718 12
4dbbb275960ab9e4ec2c66c8d3000f7c70c8dce5112df591b95db84e25efa6e9,13481 2 13997 7 14515 9 15035 9 15554 10 16073 12 16593 12 17112 13 17632 13 18151 14 18671 14 19191 14 19711 14 20231 14 20751 13 21271 13 21791 13 22311 13 22830 14 23350 13 23870 13 24390 12 24910 12 25430 12 25951 10 26471 10 26991 8 27513 5
4dbbb275960ab9e4ec2c66c8d3000f7c70c8dce5112df591b95db84e25efa6e9,104496 4 105014 6 105533 7 106052 9 106571 10 107091 11 107610 13 108129 14 108649 14 109169 14 109688 16 110208 16 110728 16 111248 16 111768 16 112288 17 112808 17 113329 17 113849 17 114369 17 114890 17 115411 16 115932 16 116453 15 116974 15 117495 14 118016 13 118538 10 119061 6 119583 2
4dbbb275960ab9e4ec2c66c8d3000f7c70c8dce5112df591b95db84e25efa6e9,80532 1 80534 1 81047 12 81566 14 82086 14 82604 16 83124 16 83644 15 84162 17 84682 17 85202 17 85721 18 85742 6 86240 18 86260 10 86760 17 86779 12 87281 14 87297 15 87800 13 87816 16 87833 1 88321 11 88335 19 88841 7 88855 20 89361 5 89375 20 89881 1 89894 21 90414 20 90934 20 91454 20 91974 20 92495 17 92513 1 93015 17 93535 17 94055 17 94576 15 95096 15 95616 14 96137 13 96657 13 97178 11 97698 10 98220 6
4dbbb275960ab9e4ec2c66c8d3000f7c70c8dce5112df591b95db84e25efa6e9,20825 1 21338 1 21341 8 21857 17 22376 20 22896 21 23415 23 23935 24 24455 24 24975 25 25495 25 26015 25 26535 26 27055 25 27575 25 28095 25 28615 25 29136 24 29656 23 30177 21 30698 20 31218 18 31741 14 32262 11 32783 11 33305 8
4dbbb275960ab9e4ec2c66c8d3000f7c70c8dce5112df591b95db84e25efa6e9,312889 8 313408 11 313927 14 314446 16 314966 16 315485 17 316004 19 316524 19 317044 19 317563 20 318082 21 318602 20 319122 20 319641 20 320161 20 320681 19 321201 19 321721 19 322240 19 322760 19 323280 18 323801 17 324321 16 324841 15 325361 14 325881 13 326401 12 326922 9 327444 5
4dbbb275960ab9e4ec2c66c8d3000f7c70c8dce5112df591b95db84e25efa6e9,253645 6 254162 1 254164 8 254680 13 255199 15 255718 16 256237 18 256757 19 257276 20 257796 21 258315 22 258835 22 259354 23 259874 23 260394 23 260914 23 261434 24 261954 23 262474 23 262993 24 263513 24 264033 24 264554 23 265073 23 265594 22 266114 20 266634 19 267154 18 267675 13 268196 11 268719 6
4dbbb275960ab9e4ec2c66c8d3000f7c70c8dce5112df591b95db84e25efa6e9,131 25 651 25 1171 24 1691 24 2211 23 2731 23 3251 22 3772 20 4292 19 4813 17 5334 14 5858 8
4dbbb275960ab9e4ec2c66c8d3000f7c70c8dce5112df591b95db84e25efa6e9,176425 7 176433 1 176942 15 177461 18 177980 20 178500 21 179019 22 179538 24 180058 25 180578 25 181098 25 181618 25 182138 25 182658 25 183178 25 183699 24 184219 24 184740 22 185261 21 185781 20 186302 18 186823 16 187344 14 187865 12 188386 10 188908 6
4dbbb275960ab9e4ec2c66c8d3000f7c70c8dce5112df591b95db84e25efa6e9,24847 3 25364 8 25884 9 26402 13 26922 15 27441 18 27960 20 28479 21 28999 21 29519 22 30039 22 30559 21 31080 20 31600 18 32121 17 32642 15 33164 12 33685 10 34207 7
4dbbb275960ab9e4ec2c66c8d3000f7c70c8dce5112df591b95db84e25efa6e9,65 19 590 9 1112 4
4dbbb275960ab9e4ec2c66c8d3000f7c70c8dce5112df591b95db84e25efa6e9,124923 3 125439 10 125956 15 126476 17 126994 20 127513 22 128033 22 128552 24 129072 24 129592 25 130112 25 130631 27 131151 27 131671 27 132191 27 132711 27 133230 28 133751 27 134272 26 134793 25 135314 23 135835 21 136356 19 136888 5
4dbbb275960ab9e4ec2c66c8d3000f7c70c8dce5112df591b95db84e25efa6e9,253577 5 254095 8 254614 10 255134 10 255653 12 256173 13 256692 14 257212 14 257732 14 258252 14 258772 14 259292 14 259812 14 260331 15 260851 15 261371 15 261891 15 262411 15 262931 15 263450 16 263970 15 264490 15 265010 15 265530 14 266050 13 266571 12 267091 11 267612 9 268133 6
4dbbb275960ab9e4ec2c66c8d3000f7c70c8dce5112df591b95db84e25efa6e9,120084 3 120602 6 121122 8 121641 9 122161 10 122680 12 123200 12 123720 12 124239 14 124759 14 125279 14 125798 15 126318 15 126838 15 127358 15 127877 16 128397 16 128917 16 129437 16 129956 17 130476 16 130996 16 131516 15 132036 14 132556 13 133076 13 133596 12 134116 12 134636 11 135156 10 135677 8 136197 6 136719 2
4dbbb275960ab9e4ec2c66c8d3000f7c70c8dce5112df591b95db84e25efa6e9,62617 2 63137 5 63657 5 64177 5 64697 6 65217 6 65736 7 66243 4 66256 6 66762 7 66774 8 67281 21 67801 21 68320 22 68840 21 69359 22 69879 21 70399 11 70417 3 70918 11 71438 10 71958 10 72478 10 72998 10 73518 10 74038 11 74559 10 75080 10 75601 9 76122 8
4dbbb275960ab9e4ec2c66c8d3000f7c70c8dce5112df591b95db84e25efa6e9,225861 5 226378 8 226896 10 227415 13 227933 15 228452 17 228971 18 229490 20 230010 20 230530 20 231050 20 231570 20 232090 20 232610 20 233129 21 233649 21 234170 20 234690 20 235210 20 235730 20 236251 19 236771 19 237292 17 237812 17 238332 17 238853 16 239373 16 239894 14 240415 13 240935 12 241456 11 241979 6
4dbbb275960ab9e4ec2c66c8d3000f7c70c8dce5112df591b95db84e25efa6e9,256725 6 257245 7 257764 10 258282 13 258803 12 259322 14 259842 15 260362 17 260882 17 261401 18 261922 18 262443 16 262963 17 263484 16 264003 17 264524 16 265044 15 265564 15 266084 14 266606 1 266608 9 267128 8 267649 7 268169 5 268690 2
4dbbb275960ab9e4ec2c66c8d3000f7c70c8dce5112df591b95db84e25efa6e9,64481 2 65001 4 65521 4 66041 5 66561 6 67081 6 67601 7 68121 7 68641 8 69161 8 69681 9 70201 9 70721 10 71241 10 71761 10 72281 11 72801 11 73321 11 73841 11 74361 11 74881 11 75401 11 75921 10 76441 10 76961 10 77481 9 78001 9 78521 8 79041 7 79561 6 80081 4
4dbbb275960ab9e4ec2c66c8d3000f7c70c8dce5112df591b95db84e25efa6e9,275081 5 275601 7 276121 9 276641 11 277161 13 277681 15 278201 16 278721 16 279241 17 279761 17 280281 18 280801 18 281321 18 281841 18 282361 18 282881 17 283401 17 283923 14 284445 11 284968 6
4dbbb275960ab9e4ec2c66c8d3000f7c70c8dce5112df591b95db84e25efa6e9,274799 7 275317 10 275835 13 276354 15 276872 17 277391 18 277910 19 278429 19 278947 21 279467 20 279987 19 280507 19 281027 17 281547 16 282067 14 282588 12 283108 10 283629 7 284150 3
4dbbb275960ab9e4ec2c66c8d3000f7c70c8dce5112df591b95db84e25efa6e9,24357 2 24876 4 25395 6 25915 8 26434 9 26953 11 27473 11 27992 12 28511 13 29031 14 29550 15 30070 15 30589 16 31109 16 31629 16 32149 16 32669 15 33189 14 33709 14 34229 13 34749 12 35269 11 35790 8 36310 7
4dbbb275960ab9e4ec2c66c8d3000f7c70c8dce5112df591b95db84e25efa6e9,321091 8 321610 11 322129 13 322647 17 323166 19 323686 20 324205 21 324724 22 325244 23 325763 24 326282 25 326802 25 327322 25 327842 25 328362 25 328882 25 329402 24 329923 23 330443 23 330963 22 331483 22 332003 21 332523 21 333043 20 333563 19 334083 18 334605 14 335127 11 335650 5
4dbbb275960ab9e4ec2c66c8d3000f7c70c8dce5112df591b95db84e25efa6e9,330429 7 330948 10 331466 13 331985 15 332505 16 333024 18 333544 18 334063 19 334583 19 335103 19 335623 20 336143 20 336663 20 337183 20 337703 19 338223 19 338743 19 339264 18 339784 17 340305 15 340826 13 341348 10 341870 5
4dbbb275960ab9e4ec2c66c8d3000f7c70c8dce5112df591b95db84e25efa6e9,190727 6 191245 11 191764 14 192283 16 192803 18 193323 19 193843 21 194363 22 194883 23 195403 25 195924 24 196444 25 196964 26 197485 25 198005 26 198526 25 199047 24 199568 23 200088 23 200609 22 201130 21 201651 21 202172 20 202693 19 203214 17 203736 15 204258 11 204781 5
4dbbb275960ab9e4ec2c66c8d3000f7c70c8dce5112df591b95db84e25efa6e9,137514 7 138034 9 138554 11 139075 12 139595 14 140116 14 140636 15 141156 15 141676 15 142196 15 142716 15 143235 16 143754 17 144260 5 144272 18 144780 28 145300 27 145821 24 146341 23 146861 21 147382 17 147906 9
4dbbb275960ab9e4ec2c66c8d3000f7c70c8dce5112df591b95db84e25efa6e9,47673 7 48191 12 48710 15 49229 17 49749 18 50268 20 50787 21 51307 21 51827 21 52346 22 52866 22 53386 22 53905 22 54425 21 54945 20 55465 20 55985 20 56505 19 57026 17 57546 14 58067 10 58588 7 59109 5
4dbbb275960ab9e4ec2c66c8d3000f7c70c8dce5112df591b95db84e25efa6e9,65356 5 65875 6 66394 7 66913 8 67433 8 67952 10 68472 10 68991 12 69511 13 70030 14 70550 15 71070 15 71589 16 72109 17 72629 17 73148 18 73668 18 74188 18 74708 17 75227 18 75747 17 76267 17 76787 17 77307 17 77826 18 78346 17 78867 15 79387 15 79907 14 80427 14 80948 12 81468 11 81988 11 82509 9 83030 7 83551 5
4dbbb275960ab9e4ec2c66c8d3000f7c70c8dce5112df591b95db84e25efa6e9,483 12 1002 14 1522 14 2041 16 2561 16 3080 17 3600 17 4120 17 4641 16 5161 17 5682 16 6202 15 6723 14 7243 13 7765 10 8288 6
4dbbb275960ab9e4ec2c66c8d3000f7c70c8dce5112df591b95db84e25efa6e9,156411 4 156926 11 157445 13 157964 15 158484 16 159003 17 159522 18 160042 18 160562 18 161081 19 161601 19 162121 19 162640 20 163160 20 163680 20 164200 20 164720 19 165240 19 165760 19 166280 19 166800 18 167320 18 167840 18 168360 17 168880 16 169400 16 169920 15 170440 15 170960 14 171481 13 172001 12 172521 11 173042 9 173562 8 174082 7 174603 5 175124 2
4dbbb275960ab9e4ec2c66c8d3000f7c70c8dce5112df591b95db84e25efa6e9,1 8 521 7 1041 5 1561 3
4dbbb275960ab9e4ec2c66c8d3000f7c70c8dce5112df591b95db84e25efa6e9,59296 10 59816 11 60335 13 60855 15 61375 16 61896 16 62416 18 62936 19 63456 20 63976 20 64496 21 65017 21 65537 21 66058 21 66579 21 67100 20 67621 19 68142 18 68663 17 69185 15 69706 14 70227 13 70750 10 71270 10 71791 8 72312 4
4dbbb275960ab9e4ec2c66c8d3000f7c70c8dce5112df591b95db84e25efa6e9,195001 7 195009 1 195521 13 196041 15 196561 16 197081 17 197601 17 198121 18 198641 18 199161 18 199681 18 200201 18 200721 17 201241 17 201761 16 202281 16 202801 16 203321 15 203841 14 204361 14 204881 13 205401 13 205921 12 206441 10 206961 9 207481 7
4dbbb275960ab9e4ec2c66c8d3000f7c70c8dce5112df591b95db84e25efa6e9,128613 8 129130 13 129648 16 130167 18 130687 19 131206 21 131725 22 132245 23 132765 23 133285 23 133805 23 134325 23 134845 23 135365 23 135885 23 136406 22 136927 20 137448 19 137968 18 138489 16 139009 15 139531 12 140052 10 140575 4
4dbbb275960ab9e4ec2c66c8d3000f7c70c8dce5112df591b95db84e25efa6e9,368 10 887 12 1407 13 1926 15 2445 16 2965 16 3485 16 4004 17 4524 17 5044 17 5564 17 6084 17 6604 17 7124 17 7644 17 8164 17 8684 17 9204 17 9724 17 10244 17 10764 17 11284 17 11804 16 12324 16 12844 16 13364 16 13884 16 14404 16 14925 15 15446 14 15966 14 16487 12 17008 11 17529 9 18051 6
4dbbb275960ab9e4ec2c66c8d3000f7c70c8dce5112df591b95db84e25efa6e9,285129 7 285646 12 286165 14 286684 16 287203 17 287722 18 288242 19 288761 20 289280 21 289800 21 290321 20 290841 20 291361 20 291881 20 292401 20 292922 18 293442 18 293962 17 294483 16 295004 14 295525 12 296046 10 296568 7
4dbbb275960ab9e4ec2c66c8d3000f7c70c8dce5112df591b95db84e25efa6e9,135588 3 136106 7 136624 10 137142 13 137661 14 138180 15 138699 16 139217 18 139735 20 140255 19 140774 20 141293 21 141812 21 142331 22 142850 22 143370 22 143889 22 144408 22 144928 22 145448 21 145967 21 146487 21 147007 20 147527 19 148047 17 148567 16 149088 13 149611 6
4dbbb275960ab9e4ec2c66c8d3000f7c70c8dce5112df591b95db84e25efa6e9,230903 1 231421 4 231940 6 232460 6 232979 7 233499 7 234019 7 234539 7 235059 7 235579 7 236100 6 236620 6 237141 5 237661 5 238182 4
4dbbb275960ab9e4ec2c66c8d3000f7c70c8dce5112df591b95db84e25efa6e9,200042 4 200560 8 201078 13 201597 14 202116 16 202635 17 203154 19 203673 20 204193 21 204712 23 205232 23 205751 25 206271 25 206791 25 207311 25 207830 26 208350 26 208870 26 209390 25 209910 25 210430 25 210951 24 211471 23 211991 22 212512 20 213032 19 213553 16 214074 12 214599 1
4dbbb275960ab9e4ec2c66c8d3000f7c70c8dce5112df591b95db84e25efa6e9,213621 6 214139 11 214657 14 215176 17 215695 19 216214 22 216734 24 217254 25 217774 26 218294 27 218814 27 219334 28 219855 28 220375 29 220895 30 221415 31 221936 31 222456 31 222977 30 223497 30 224017 30 224538 29 225058 29 225579 27 226101 25 226622 22 227143 19 227665 15 228187 9
4dbbb275960ab9e4ec2c66c8d3000f7c70c8dce5112df591b95db84e25efa6e9,103018 6 103537 8 104057 10 104577 11 105094 14 105614 16 106134 16 106653 18 107173 18 107693 19 108213 20 108734 19 109254 19 109774 20 110294 20 110814 20 111334 20 111854 20 112375 19 112895 19 113415 19 113935 19 114456 18 114976 18 115496 18 116017 16 116538 14 117059 11 117580 9 118102 7
4dbbb275960ab9e4ec2c66c8d3000f7c70c8dce5112df591b95db84e25efa6e9,69755 8 70272 13 70790 15 71308 16 71827 17 72346 18 72863 20 73382 20 73901 21 74421 19 74942 17 75462 16 75983 13 76503 12 77024 9 77546 4
4dbbb275960ab9e4ec2c66c8d3000f7c70c8dce5112df591b95db84e25efa6e9,253300 10 253816 1 253819 14 254336 20 254856 22 255376 24 255895 25 256413 28 256933 29 257453 29 257971 31 258491 32 259012 30 259532 31 260051 32 260570 33 261090 32 261611 31 262131 30 262652 28 263174 25 263695 22 264217 19 264738 1 264740 13
4dbbb275960ab9e4ec2c66c8d3000f7c70c8dce5112df591b95db84e25efa6e9,115278 8 115796 11 116315 13 116833 15 117352 17 117872 17 118391 19 118911 19 119430 20 119950 20 120469 21 120989 21 121508 22 122027 23 122547 23 123066 24 123585 24 124104 25 124624 24 125143 24 125663 24 126183 23 126703 22 127223 11 127241 3 127743 9 128264 7 128784 6
4dbbb275960ab9e4ec2c66c8d3000f7c70c8dce5112df591b95db84e25efa6e9,305468 8 305987 11 306507 13 307027 14 307547 16 308067 17 308587 18 309107 18 309627 19 310147 20 310667 20 311187 21 311707 21 312227 22 312747 22 313267 22 313787 22 314306 23 314825 24 315345 23 315865 22 316384 22 316903 22 317423 21 317943 20 318462 20 318982 18 319503 16 320023 14 320543 13 321065 9 321588 3
4dbbb275960ab9e4ec2c66c8d3000f7c70c8dce5112df591b95db84e25efa6e9,42265 6 42784 10 43303 13 43822 15 44342 16 44861 18 45381 19 45901 20 46420 22 46940 22 47460 23 47980 24 48501 23 49021 23 49541 24 50061 24 50582 24 51103 23 51624 22 52144 22 52665 21 53186 20 53707 19 54228 18 54750 15 55271 14 55792 12 56314 10 56836 5 56842 1
4dbbb275960ab9e4ec2c66c8d3000f7c70c8dce5112df591b95db84e25efa6e9,274132 8 274647 16 275164 21 275681 26 276200 29 276718 31 277237 32 277755 34 278274 35 278793 35 279312 35 279832 33 280351 33 280871 31 281390 30 281910 29 282430 27 282951 24 283472 19 283993 12 284514 6
4dbbb275960ab9e4ec2c66c8d3000f7c70c8dce5112df591b95db84e25efa6e9,72890 5 73407 10 73925 13 74443 15 74962 16 75479 19 75997 21 76516 21 77034 23 77552 24 78071 25 78590 25 79109 25 79628 25 80147 25 80667 24 81187 22 81707 20 82228 17 82748 15 83268 12 83790 5
4dbbb275960ab9e4ec2c66c8d3000f7c70c8dce5112df591b95db84e25efa6e9,235863 15 236375 1 236378 23 236891 30 237409 33 237928 33 238447 35 238966 35 239486 35 240006 34 240526 33 241048 30 241570 26 242092 21 242613 14 243136 8
4dbbb275960ab9e4ec2c66c8d3000f7c70c8dce5112df591b95db84e25efa6e9,21815 5 22332 9 22851 10 23370 12 23889 13 24408 15 24927 16 25447 16 25965 17 26485 17 27005 16 27524 17 28043 18 28563 17 29082 18 29602 18 30122 18 30642 17 31162 17 31682 17 32202 16 32722 16 33242 15 33763 13 34283 13 34803 13 35324 11 35845 9 36367 5
4dbbb275960ab9e4ec2c66c8d3000f7c70c8dce5112df591b95db84e25efa6e9,171521 6 172031 19 172549 22 173069 23 173589 23 174109 23 174629 24 175149 24 175669 24 176189 24 176709 23 177230 21 177750 21 178270 19 178791 17 179311 16 179832 11 180352 9 180873 6
4dbbb275960ab9e4ec2c66c8d3000f7c70c8dce5112df591b95db84e25efa6e9,289133 5 289650 10 290168 13 290686 15 291204 18 291723 19 292243 19 292761 21 293281 21 293801 21 294321 21 294841 21 295361 21 295881 21 296401 21 296921 21 297441 20 297961 20 298481 20 299001 18 299521 17 300041 16 300561 14 301082 12 301604 8 302126 1 302128 1
4dbbb275960ab9e4ec2c66c8d3000f7c70c8dce5112df591b95db84e25efa6e9,104509 6 105027 10 105546 13 106066 14 106585 15 107104 16 107624 16 108144 16 108663 17 109183 17 109704 16 110224 16 110744 16 111264 16 111784 16 112305 15 112825 15 113346 14 113866 14 114386 14 114907 13 115427 13 115948 12 116469 11 116991 9 117514 6 118036 2
4dbbb275960ab9e4ec2c66c8d3000f7c70c8dce5112df591b95db84e25efa6e9,220074 1 220076 7 220084 1 220592 14 221111 18 221629 21 222148 24 222667 26 223186 28 223706 29 224226 30 224745 31 225265 32 225787 30 226306 32 226826 32 227346 31 227866 31 228389 27 228910 25 229431 23 229954 18 230478 9
4dbbb275960ab9e4ec2c66c8d3000f7c70c8dce5112df591b95db84e25efa6e9,337014 8 337532 13 338050 17 338570 18 339089 21 339608 23 340127 25 340647 26 341167 27 341688 26 342208 26 342728 27 343249 26 343770 25 344290 24 344811 23 345332 22 345852 22 346373 20 346893 20 347414 18 347935 16 348456 15 348978 8
4dbbb275960ab9e4ec2c66c8d3000f7c70c8dce5112df591b95db84e25efa6e9,51994 3 52511 8 53029 11 53548 12 54066 14 54585 15 55104 16 55623 17 56143 17 56662 18 57181 19 57700 20 58220 20 58739 20 59258 21 59778 20 60298 19 60817 18 61337 17 61856 17 62376 16 62896 15 63416 13 63936 12 64456 11 64976 10 65496 8 66017 6 66539 2
4dbbb275960ab9e4ec2c66c8d3000f7c70c8dce5112df591b95db84e25efa6e9,13692 7 14211 9 14729 12 15247 14 15766 16 16285 18 16804 19 17323 20 17842 21 18361 22 18880 22 19399 22 19918 23 20437 23 20955 24 21475 23 21994 23 22513 24 23032 23 23552 22 24071 22 24591 20 25111 18 25631 17 26152 14 26674 10 27195 6
4dbbb275960ab9e4ec2c66c8d3000f7c70c8dce5112df591b95db84e25efa6e9,148157 9 148676 13 149196 16 149716 18 150236 20 150756 21 151276 22 151797 22 152317 23 152837 24 153358 23 153878 24 154399 23 154920 22 155441 21 155962 20 156483 19 157004 18 157526 16 158048 14 158570 12 159092 9 159613 6
4dbbb275960ab9e4ec2c66c8d3000f7c70c8dce5112df591b95db84e25efa6e9,58967 3 59484 8 60003 11 60522 13 61042 14 61562 14 62082 15 62602 15 63122 15 63642 15 64162 15 64683 14 65204 13 65725 11 66247 8 66769 5
4dbbb275960ab9e4ec2c66c8d3000f7c70c8dce5112df591b95db84e25efa6e9,315176 3 315693 7 316212 8 316731 9 317251 9 317770 10 318289 11 318809 11 319328 12 319848 12 320368 12 320888 12 321409 10 321929 10 322450 8 322972 4
4dbbb275960ab9e4ec2c66c8d3000f7c70c8dce5112df591b95db84e25efa6e9,96841 1 97359 5 97878 6 98397 7 98917 7 99436 8 99955 10 100474 11 100994 11 101513 12 102033 12 102553 12 103073 12 103593 12 104113 12 104632 13 105152 13 105673 12 106193 12 106713 12 107234 11 107755 10 108275 8
4dbbb275960ab9e4ec2c66c8d3000f7c70c8dce5112df591b95db84e25efa6e9,294022 12 294540 16 295059 18 295577 21 296096 23 296614 25 297134 25 297653 26 298172 27 298691 28 299210 29 299729 29 300249 29 300768 30 301287 30 301807 30 302326 30 302845 29 303365 29 303885 28 304404 27 304924 26 305445 23 305965 22 306486 19 307008 14 307530 8
4dbbb275960ab9e4ec2c66c8d3000f7c70c8dce5112df591b95db84e25efa6e9,317234 1 317747 9 318266 11 318785 13 319303 15 319822 17 320341 18 320859 20 321378 21 321898 20 322418 20 322937 20 323457 20 323977 19 324496 19 325017 18 325537 17 326057 17 326578 15 327098 13 327619 11 328141 8 328662 5
4dbbb275960ab9e4ec2c66c8d3000f7c70c8dce5112df591b95db84e25efa6e9,136876 12 137393 19 137413 3 137912 27 138432 30 138951 34 139470 35 139990 36 140510 36 141030 37 141550 37 142070 37 142590 36 143110 36 143631 34 144152 32 144674 29 145195 25 145718 19 146240 15
4dbbb275960ab9e4ec2c66c8d3000f7c70c8dce5112df591b95db84e25efa6e9,56438 10 56956 13 57475 15 57993 18 58512 20 59031 22 59549 24 60069 24 60588 25 61107 27 61627 27 62147 27 62666 27 63186 27 63706 27 64226 26 64746 26 65266 26 65786 25 66306 24 66826 24 67346 17 67364 5 67867 15 67885 3 68387 14 68405 3 68908 13 69429 11 69949 10 70470 8 70991 6
4dbbb275960ab9e4ec2c66c8d3000f7c70c8dce5112df591b95db84e25efa6e9,122791 12 123310 16 123830 17 124351 16 124870 18 125390 18 125912 15 126432 16 126952 16 127473 15 127993 15 128514 13 129035 12 129557 3
4dbbb275960ab9e4ec2c66c8d3000f7c70c8dce5112df591b95db84e25efa6e9,468 11 988 10 1509 8 2031 4
4dbbb275960ab9e4ec2c66c8d3000f7c70c8dce5112df591b95db84e25efa6e9,10713 1 10715 4 11231 10 11749 13 12267 15 12786 17 13305 18 13824 20 14343 21 14862 22 15382 22 15902 22 16421 23 16941 23 17462 22 17982 22 18502 22 19022 21 19543 21 20063 20 20584 19 21103 20 21624 18 22143 19 22663 19 23182 20 23702 19 24221 20 24741 20 25261 19 25781 19 26301 18 26821 18 27341 17 27861 16 28382 14 28902 14 29424 11 29944 10 30465 7 30988 3
4dbbb275960ab9e4ec2c66c8d3000f7c70c8dce5112df591b95db84e25efa6e9,112961 14 113476 21 113995 24 114511 29 115031 30 115551 31 116071 32 116591 32 117112 31 117632 30 118152 29 118672 28 119193 26 119713 24 120234 21 120757 16 121278 13 121800 8
4dbbb275960ab9e4ec2c66c8d3000f7c70c8dce5112df591b95db84e25efa6e9,332267 8 332784 13 333303 15 333821 18 334340 20 334858 23 335376 25 335895 26 336414 27 336933 28 337453 28 337972 29 338492 29 339011 29 339531 28 340051 28 340571 27 341091 26 341611 25 342132 22 342653 20 343173 18 343695 13 344217 7
4dbbb275960ab9e4ec2c66c8d3000f7c70c8dce5112df591b95db84e25efa6e9,253537 7 254054 11 254573 12 255092 13 255611 15 256130 16 256649 17 257169 17 257688 18 258207 19 258727 19 259246 19 259766 19 260286 19 260806 19 261325 19 261845 19 262365 19 262885 18 263405 17 263925 17 264446 14 264965 15 265486 12 266007 10 266528 4
4dbbb275960ab9e4ec2c66c8d3000f7c70c8dce5112df591b95db84e25efa6e9,336060 2 336578 9 337097 11 337616 13 338134 16 338652 18 339169 20 339688 21 340208 20 340728 20 341248 19 341769 11 342289 10 342809 8 343333 3
4dbbb275960ab9e4ec2c66c8d3000f7c70c8dce5112df591b95db84e25efa6e9,360097 10 360616 12 361136 12
4dbbb275960ab9e4ec2c66c8d3000f7c70c8dce5112df591b95db84e25efa6e9,127945 4 128464 7 128983 9 129502 11 130021 12 130540 15 131060 15 131580 15 132099 17 132619 17 133139 18 133659 18 134180 17 134700 17 135220 18 135741 17 136261 17 136781 17 137301 17 137821 17 138342 16 138863 15 139383 14 139903 14 140423 14 140944 13 141464 12 141985 11 142505 10 143026 8 143547 6 144068 4 144590 1
4dbbb275960ab9e4ec2c66c8d3000f7c70c8dce5112df591b95db84e25efa6e9,229128 13 229646 21 230166 24 230685 26 231205 28 231725 29 232245 29 232765 30 233285 30 233806 29 234327 28 234849 26 235371 24 235893 21 236416 17 236943 2 236946 4
4dbbb275960ab9e4ec2c66c8d3000f7c70c8dce5112df591b95db84e25efa6e9,36080 3 36597 8 37115 11 37634 13 38154 14 38673 16 39193 16 39712 18 40232 18 40751 19 41271 20 41791 20 42311 20 42831 20 43351 20 43871 20 44391 21 44911 21 45431 21 45951 21 46472 20 46992 20 47512 20 48033 19 48553 17 48571 1 49074 16 49594 15 50114 15 50635 13 51156 12 51676 12 52198 9 52719 7 53241 3
4dbbb275960ab9e4ec2c66c8d3000f7c70c8dce5112df591b95db84e25efa6e9,295253 2 295772 7 296289 11 296808 14 297327 16 297847 17 298366 19 298886 20 299405 21 299925 21 300445 22 300965 22 301485 23 302005 23 302525 23 303045 24 303565 24 304085 24 304605 25 305126 24 305646 24 306167 23 306688 22 307208 21 307729 20 308250 19 308772 17 309294 15 309816 12 310341 4
4dbbb275960ab9e4ec2c66c8d3000f7c70c8dce5112df591b95db84e25efa6e9,146143 2 146146 1 146661 9 147179 12 147699 13 148218 15 148738 16 149258 17 149778 18 150297 20 150817 20 151337 21 151857 21 152377 22 152897 22 153417 23 153938 22 154458 22 154978 23 155498 23 156018 22 156539 20 157059 20 157580 19 158100 19 158621 18 159142 17 159663 15 160184 14 160705 11 161226 10
4dbbb275960ab9e4ec2c66c8d3000f7c70c8dce5112df591b95db84e25efa6e9,330574 8 331090 14 331608 18 332127 19 332645 22 333165 23 333683 25 334202 26 334721 27 335241 27 335760 28 336279 29 336799 29 337319 28 337838 28 338357 28 338877 27 339396 28 339916 27 340436 26 340956 25 341476 24 341997 21 342517 20 343038 17 343559 15 344081 10
4dbbb275960ab9e4ec2c66c8d3000f7c70c8dce5112df591b95db84e25efa6e9,13561 8 14077 15 14595 19 15114 21 15633 23 16153 24 16672 27 17192 28 17712 29 18232 29 18752 30 19272 30 19792 30 20312 29 20832 29 21353 27 21875 25 22398 21 22920 15 23442 6
4dbbb275960ab9e4ec2c66c8d3000f7c70c8dce5112df591b95db84e25efa6e9,36059 3 36575 9 37094 11 37612 15 38132 15 38652 16 39171 17 39691 18 40211 19 40731 19 41251 19 41771 20 42291 20 42811 20 43331 20 43851 20 44371 20 44891 20 45411 20 45932 19 46452 19 46972 18 47492 18 48013 16 48533 16 49053 16 49574 14 50095 13 50615 12 51137 8 51659 3
4dbbb275960ab9e4ec2c66c8d3000f7c70c8dce5112df591b95db84e25efa6e9,236058 10 236577 14 237097 17 237616 20 238134 25 238654 26 239175 25 239695 25 240215 25 240736 24 241256 24 241777 23 242298 22 242819 21 243340 20 243863 16 244385 13
4dbbb275960ab9e4ec2c66c8d3000f7c70c8dce5112df591b95db84e25efa6e9,208734 8 209252 11 209771 13 210289 16 210809 16 211328 18 211848 18 212367 20 212887 21 213407 21 213926 22 214446 22 214966 22 215486 22 216006 21 216526 21 217045 21 217566 19 218086 19 218606 18 219126 18 219647 16 220168 14 220688 13 221210 10 221732 6
4dbbb275960ab9e4ec2c66c8d3000f7c70c8dce5112df591b95db84e25efa6e9,325345 6 325864 8 326383 11 326902 13 327422 13 327942 14 328461 16 328981 16 329501 17 330021 17 330541 17 331061 17 331581 17 332101 17 332621 16 333141 16 333661 16 334181 16 334701 15 335221 15 335741 15 336261 15 336781 14 337301 14 337821 13 338341 13 338861 12 339381 11 339901 11 340421 11 340941 10 341461 10 341981 9 342503 6
4dbbb275960ab9e4ec2c66c8d3000f7c70c8dce5112df591b95db84e25efa6e9,400 8 919 9 1437 13 1957 14 2477 15 2997 15 3517 17 4037 17 4557 18 5077 18 5598 18 6118 18 6638 18 7159 18 7680 17 8200 18 8721 17 9242 16 9763 15 10284 14 10805 13 11326 11 11849 7
4dbbb275960ab9e4ec2c66c8d3000f7c70c8dce5112df591b95db84e25efa6e9,32116 3 32632 10 33150 13 33669 16 34188 18 34707 19 35226 21 35746 21 36265 21 36785 21 37305 20 37825 19 38345 17 38865 16 39386 12 39908 7
4dbbb275960ab9e4ec2c66c8d3000f7c70c8dce5112df591b95db84e25efa6e9,340 9 859 11 1380 11 1900 12 2421 13 2942 14 3463 14 3984 13 4505 13 5026 13 5546 13 6067 13 6588 13 7109 12 7630 12 8151 11 8672 10 9193 8 9716 4
4dbbb275960ab9e4ec2c66c8d3000f7c70c8dce5112df591b95db84e25efa6e9,287180 7 287699 10 288218 12 288737 14 289256 16 289776 17 290296 17 290815 19 291335 19 291855 20 292375 20 292895 21 293415 21 293935 22 294455 22 294976 22 295496 22 296016 23 296537 22 297058 21 297579 21 298100 19 298621 18 299142 17 299663 17 300184 15 300706 13 301227 11 301749 8
4dbbb275960ab9e4ec2c66c8d3000f7c70c8dce5112df591b95db84e25efa6e9,227243 14 227761 16 228281 16 228801 16 229321 16 229841 14 230361 14 230881 14 231401 12 231921 12 232441 8 232961 8
4dbbb275960ab9e4ec2c66c8d3000f7c70c8dce5112df591b95db84e25efa6e9,49957 5 50475 10 50994 14 51512 18 52031 20 52551 21 53071 22 53591 23 54111 24 54632 23 55152 24 55671 25 56192 26 56712 26 57232 27 57753 26 58272 27 58792 27 59313 26 59833 26 60354 24 60875 23 61396 21 61918 15 62441 8
4dbbb275960ab9e4ec2c66c8d3000f7c70c8dce5112df591b95db84e25efa6e9,148939 8 149457 14 149975 17 150493 19 151012 20 151532 20 152049 22 152568 23 153087 23 153606 23 154125 24 154644 25 155163 25 155683 24 156202 24 156722 23 157241 23 157761 21 158281 19 158802 17 159323 13 159843 10 160365 3
4dbbb275960ab9e4ec2c66c8d3000f7c70c8dce5112df591b95db84e25efa6e9,143946 2 144463 7 144982 10 145502 11 146021 13 146541 14 147061 15 147581 16 148100 18 148620 18 149140 19 149659 20 150179 21 150698 21 151218 21 151738 21 152257 22 152777 22 153297 23 153817 23 154336 24 154856 23 155376 23 155896 22 156417 20 156937 20 157458 18 157979 16 158500 14 159020 14 159542 10
4dbbb275960ab9e4ec2c66c8d3000f7c70c8dce5112df591b95db84e25efa6e9,141724 6 142242 9 142761 11 143279 13 143798 14 144317 15 144836 17 145355 18 145874 19 146393 19 146913 19 147432 20 147951 20 148471 20 148990 20 149509 21 150029 21 150548 21 151068 21 151588 20 152108 19 152628 19 153148 18 153668 17 154188 16 154709 14 155230 12 155750 11 156272 6
4dbbb275960ab9e4ec2c66c8d3000f7c70c8dce5112df591b95db84e25efa6e9,300545 4 301063 8 301582 10 302101 12 302620 14 303140 14 303659 16 304179 16 304698 18 305218 18 305738 19 306257 20 306777 20 307297 20 307817 20 308336 22 308856 22 309376 22 309896 22 310416 22 310936 22 311456 22 311976 21 312496 21 313016 21 313536 20 314056 20 314577 18 315097 17 315618 15 316138 15 316659 12 317181 10 317702 7
4dbbb275960ab9e4ec2c66c8d3000f7c70c8dce5112df591b95db84e25efa6e9,247028 2 247031 1 247543 11 248059 16 248577 19 249096 22 249615 25 250134 25 250653 26 251172 27 251692 27 252211 28 252731 27 253250 28 253770 27 254290 27 254810 26 255330 25 255850 24 256371 22 256891 21 257412 19 257933 16 258454 11
4dbbb275960ab9e4ec2c66c8d3000f7c70c8dce5112df591b95db84e25efa6e9,306046 6 306564 10 307082 12 307602 12 308121 14 308640 15 309160 16 309679 16 310199 17 310718 18 311238 18 311757 19 312277 19 312797 18 313317 18 313836 18 314356 18 314876 18 315396 17 315916 17 316436 16 316956 15 317476 15 317996 14 318516 14 319037 12 319557 10 320078 8 320599 5
4dbbb275960ab9e4ec2c66c8d3000f7c70c8dce5112df591b95db84e25efa6e9,187439 1 187953 8 188470 14 188989 14 189508 17 190027 18 190547 19 191067 21 191585 23 192105 23 192624 24 193145 23 193665 23 194184 24 194704 24 195223 26 195744 25 196263 25 196784 25 197304 24 197824 24 198344 24 198865 22 199384 22 199904 22 200425 20 200945 19 201465 18 201986 17 202506 17 203027 15 203548 13 204068 13 204589 10 205110 1 205112 6 205634 1
4dbbb275960ab9e4ec2c66c8d3000f7c70c8dce5112df591b95db84e25efa6e9,159958 6 160475 11 160993 14 161511 17 162029 19 162548 21 163067 21 163586 22 164105 23 164625 23 165144 24 165663 25 166183 24 166703 22 167222 23 167742 21 168262 21 168783 19 169303 18 169823 16 170344 13 170866 8 171388 2
4dbbb275960ab9e4ec2c66c8d3000f7c70c8dce5112df591b95db84e25efa6e9,314665 6 315183 11 315702 13 316221 15 316741 16 317261 16 317780 18 318300 18 318820 18 319340 17 319860 17 320380 17 320900 16 321421 14 321942 12 322463 10 322985 7 323506 3
4dbbb275960ab9e4ec2c66c8d3000f7c70c8dce5112df591b95db84e25efa6e9,296217 5 296735 10 297254 12 297772 16 298291 17 298810 19 299329 20 299848 21 300367 23 300887 23 301406 23 301926 23 302446 23 302965 23 303486 21 304005 21 304525 20 305045 20 305566 18 306086 16 306607 14 307128 12 307649 7
4dbbb275960ab9e4ec2c66c8d3000f7c70c8dce5112df591b95db84e25efa6e9,36681 8 37200 11 37718 13 38237 15 38756 17 39275 19 39795 19 40314 20 40833 21 41353 22 41873 22 42393 22 42913 23 43433 23 43952 24 44473 23 44993 21 45513 21 46033 21 46553 20 47073 20 47594 19 48114 19 48634 18 49154 18 49674 17 50195 15 50716 13 51236 11 51757 7
4dbbb275960ab9e4ec2c66c8d3000f7c70c8dce5112df591b95db84e25efa6e9,124256 8 124775 11 125293 14 125813 15 126333 15 126853 16 127373 16 127893 17 128413 17 128933 18 129453 18 129973 18 130493 18 131014 18 131535 17 132056 16 132576 16 133097 15 133618 14 134137 15 134658 14 135180 12 135701 11 136221 11 136742 10 137263 8 137784 6 138305 4 138826 1
4dbbb275960ab9e4ec2c66c8d3000f7c70c8dce5112df591b95db84e25efa6e9,204796 13 205313 20 205831 25 206349 29 206869 31 207388 34 207908 35 208428 35 208948 35 209468 35 209988 35 210508 35 211029 33 211549 32 212069 31 212590 29 213111 26 213633 23 214156 18 214680 11
4dbbb275960ab9e4ec2c66c8d3000f7c70c8dce5112df591b95db84e25efa6e9,195800 7 196318 11 196836 13 197355 14 197874 15 198391 18 198909 20 199428 21 199947 22 200466 23 200985 24 201504 25 202023 26 202542 27 203062 26 203582 26 204102 26 204622 25 205142 25 205663 23 206183 22 206703 22 207223 20 207744 19 208264 17 208784 16 209305 13 209826 10 210348 6 210869 1
4dbbb275960ab9e4ec2c66c8d3000f7c70c8dce5112df591b95db84e25efa6e9,85260 1 85778 8 86298 10 86817 13 87337 14 87857 15 88376 16 88896 17 89416 17 89936 18 90457 17 90976 19 91497 18 92018 17 92538 18 93059 17 93579 17 94100 17 94620 17 95141 16 95662 14 96183 13 96704 11 97225 10 97747 6 98269 3
4dbbb275960ab9e4ec2c66c8d3000f7c70c8dce5112df591b95db84e25efa6e9,43999 5 44518 10 45037 12 45556 14 46076 15 46596 16 47116 17 47637 17 48158 17 48679 16 49201 16 49723 14 50245 11 50768 8 51289 5
4dbbb275960ab9e4ec2c66c8d3000f7c70c8dce5112df591b95db84e25efa6e9,342620 5 343138 8 343656 11 344175 12 344694 14 345213 15 345732 16 346251 17 346770 18 347289 18 347808 19 348327 19 348845 21 349365 20 349884 20 350403 20 350923 19 351442 19 351961 19 352481 18 353001 17 353521 16 354040 16 354560 16 355080 14 355601 12 356121 11 356642 9 357163 6 357685 1
4dbbb275960ab9e4ec2c66c8d3000f7c70c8dce5112df591b95db84e25efa6e9,17391 7 17909 10 18428 12 18948 13 19467 15 19987 16 20507 16 21027 17 21547 17 22067 18 22587 17 23107 16 23627 16 24147 16 24667 16 25187 16 25707 15 26227 15 26747 15 27267 14 27788 12 28308 11 28828 10 29349 8 29870 6
4dbbb275960ab9e4ec2c66c8d3000f7c70c8dce5112df591b95db84e25efa6e9,45869 3 46386 10 46904 13 47423 15 47942 16 48461 18 48980 20 49499 21 50018 22 50538 23 51058 22 51577 23 52096 25 52616 24 53135 25 53655 25 54175 24 54696 23 55216 22 55737 20 56259 16 56780 13 57301 10 57823 6
4dbbb275960ab9e4ec2c66c8d3000f7c70c8dce5112df591b95db84e25efa6e9,234063 11 234582 16 235099 22 235618 25 236137 29 236656 32 237176 33 237696 34 238216 35 238736 36 239256 37 239777 36 240297 36 240819 34 241339 34 241861 31 242384 27 242906 24 243428 21 243952 13 244475 1 244478 1
4dbbb275960ab9e4ec2c66c8d3000f7c70c8dce5112df591b95db84e25efa6e9,98072 4 98590 7 99109 9 99628 11 100146 13 100665 14 101184 15 101703 15 102222 16 102742 16 103261 16 103781 16 104300 16 104819 17 105339 16 105858 17 106377 18 106897 17 107416 17 107936 17 108455 18 108975 17 109494 18 110014 18 110533 18 111053 17 111573 16 112093 16 112612 16 113132 14 113652 14 114172 13 114692 12 115212 11 115732 9 116253 8 116773 6 117294 4
4dbbb275960ab9e4ec2c66c8d3000f7c70c8dce5112df591b95db84e25efa6e9,208290 6 208807 10 209324 14 209842 16 210359 20 210878 21 211396 23 211915 25 212434 26 212953 27 213472 28 213992 28 214509 31 215028 31 215547 31 216067 31 216587 30 217107 30 217627 29 218147 28 218667 27 219188 25 219709 23 220231 19 220753 16 221275 13 221797 9
4dbbb275960ab9e4ec2c66c8d3000f7c70c8dce5112df591b95db84e25efa6e9,1245 1 1761 8 2278 11 2796 14 3315 14 3833 19 4351 20 4870 21 5390 21 5908 23 6428 23 6947 24 7466 24 7986 23 8506 23 9025 24 9545 24 10065 23 10586 19 11107 16 11628 14 12150 10 12672 5
4dbbb275960ab9e4ec2c66c8d3000f7c70c8dce5112df591b95db84e25efa6e9,111670 6 112188 10 112707 13 113225 16 113744 19 114262 22 114782 22 115301 24 115820 26 116339 27 116859 28 117378 28 117897 29 118416 30 118936 29 119455 30 119975 30 120495 29 121015 28 121535 27 122055 27 122575 26 123097 22 123618 21 124139 18 124661 14 125184 7
4dbbb275960ab9e4ec2c66c8d3000f7c70c8dce5112df591b95db84e25efa6e9,212750 4 213266 12 213783 17 214301 21 214819 25 215339 26 215858 28 216378 28 216898 29 217418 29 217938 29 218457 29 218978 28 219498 27 220019 25 220540 23 221062 20 221587 12
4dbbb275960ab9e4ec2c66c8d3000f7c70c8dce5112df591b95db84e25efa6e9,234206 3 234725 6 235244 8 235763 10 236283 10 236802 12 237322 12 237841 14 238361 15 238880 16 239400 16 239920 16 240440 16 240960 16 241479 17 241999 17 242519 17 243039 17 243559 17 244078 18 244598 18 245118 17 245638 17 246158 17 246678 16 247198 16 247718 15 248239 14 248759 13 249279 12 249801 8 250323 4
4dbbb275960ab9e4ec2c66c8d3000f7c70c8dce5112df591b95db84e25efa6e9,71013 5 71531 8 72049 11 72568 12 73088 12 73607 13 74127 13 74646 14 75166 14 75685 15 76203 16 76721 18 77239 20 77758 20 78277 21 78796 21 79315 21 79835 21 80355 20 80875 19 81395 19 81915 19 82435 18 82955 18 83475 17 83995 16 84515 15 85035 14 85555 13 86076 10 86597 8 87119 4
4dbbb275960ab9e4ec2c66c8d3000f7c70c8dce5112df591b95db84e25efa6e9,138107 1 138109 1 138624 8 139143 11 139662 12 140182 12 140701 13 141220 16 141739 17 142258 18 142778 18 143297 19 143816 20 144336 19 144855 20 145374 21 145893 21 146412 22 146932 21 147452 21 147971 21 148491 21 149010 21 149530 21 150050 20 150570 20 151092 17 151612 15 152133 13 152654 11 153174 10 153695 5 154218 1
4dbbb275960ab9e4ec2c66c8d3000f7c70c8dce5112df591b95db84e25efa6e9,136964 6 137483 9 138003 11 138522 13 139041 15 139561 15 140081 15 140601 15 141122 14 141642 14 142162 14 142683 12 143203 12 143723 12 144243 12 144764 11 145284 10 145805 8 146325 7 146846 6 147367 4
4dbbb275960ab9e4ec2c66c8d3000f7c70c8dce5112df591b95db84e25efa6e9,161115 4 161633 8 162150 13 162669 15 163189 17 163708 19 164228 19 164747 21 165267 21 165786 23 166306 23 166825 24 167343 1 167345 24 167863 1 167865 24 168384 24 168904 24 169425 22 169945 21 170466 19 170988 16 171510 11
4dbbb275960ab9e4ec2c66c8d3000f7c70c8dce5112df591b95db84e25efa6e9,117982 2 118501 7 119020 10 119539 13 120059 14 120579 14 121099 16 121620 16 122140 18 122661 17 123181 18 123702 17 124223 16 124745 13 125269 9 125790 8 126312 4
4dbbb275960ab9e4ec2c66c8d3000f7c70c8dce5112df591b95db84e25efa6e9,87133 7 87653 8 88172 10 88691 11 89211 12 89729 14 90249 14 90769 15 91289 15 91808 16 92328 16 92848 16 93368 16 93887 17 94407 16 94927 16 95447 16 95967 16 96487 15 97007 15 97527 15 98047 14 98566 15 99086 15 99606 14 100126 14 100646 14 101166 14 101687 13 102207 13 102727 13 103247 13 103767 13 104288 11 104809 10 105331 6
4dbbb275960ab9e4ec2c66c8d3000f7c70c8dce5112df591b95db84e25efa6e9,134567 6 135085 9 135603 12 136122 14 136641 16 137160 17 137680 17 138199 18 138718 19 139238 19 139757 20 140277 20 140796 22 141316 22 141835 22 142354 23 142873 24 143393 24 143913 23 144432 24 144952 23 145472 22 145992 21 146513 19 147033 17 147554 16 148074 14 148595 12 149116 9 149637 4
4dbbb275960ab9e4ec2c66c8d3000f7c70c8dce5112df591b95db84e25efa6e9,72680 6 73197 11 73715 15 74233 18 74752 20 75271 21 75790 23 76309 24 76828 25 77348 23 77867 24 78387 23 78906 24 79426 24 79945 24 80465 24 80985 24 81504 24 82024 24 82544 24 83064 24 83584 23 84104 23 84624 23 85144 23 85664 22 86185 20 86705 19 87226 16 87747 14 88268 13 88789 9 89313 1 89315 1
4dbbb275960ab9e4ec2c66c8d3000f7c70c8dce5112df591b95db84e25efa6e9,349 8 870 7 1391 5 1912 4 2434 1
4dbbb275960ab9e4ec2c66c8d3000f7c70c8dce5112df591b95db84e25efa6e9,284008 8 284524 13 285041 17 285559 19 286076 22 286594 24 287113 25 287632 26 288151 27 288671 27 289189 28 289709 27 290228 27 290748 25 291267 26 291787 25 292307 24 292827 23 293347 21 293867 20 294387 19 294908 17 295428 16 295949 13 296469 11 296991 6
4dbbb275960ab9e4ec2c66c8d3000f7c70c8dce5112df591b95db84e25efa6e9,12740 5 13257 10 13775 12 14294 14 14813 15 15332 17 15851 18 16371 18 16890 19 17409 20 17929 20 18448 21 18967 22 19487 22 20006 22 20526 22 21046 21 21565 22 22085 22 22605 21 23125 21 23645 20 24165 20 24685 19 25205 18 25725 18 26245 17 26765 17 27285 16 27805 16 28325 15 28845 14 29366 13 29886 13 30406 12 30927 10 31448 9 31969 6
4dbbb275960ab9e4ec2c66c8d3000f7c70c8dce5112df591b95db84e25efa6e9,181062 6 181580 10 182099 13 182618 14 183137 16 183656 18 184176 19 184695 20 185215 21 185735 21 186255 22 186775 22 187295 22 187815 22 188335 22 188855 22 189376 21 189896 21 190416 21 190937 20 191457 20 191977 20 192498 18 193019 17 193540 15 194060 14 194581 12 195103 8 195625 4
4dbbb275960ab9e4ec2c66c8d3000f7c70c8dce5112df591b95db84e25efa6e9,270729 7 271248 9 271767 11 272287 12 272807 13 273326 14 273846 14 274366 14 274886 14 275406 14 275925 15 276445 15 276965 14 277485 14 278004 15 278524 15 279044 15 279564 14 280084 14 280604 13 281124 13 281644 12 282165 10 282685 10 283206 8 283726 7 284248 3
4dbbb275960ab9e4ec2c66c8d3000f7c70c8dce5112df591b95db84e25efa6e9,268637 6 269155 9 269673 12 270192 13 270711 15 271231 15 271750 16 272270 16 272789 17 273308 18 273828 18 274348 18 274867 19 275387 18 275907 18 276427 18 276948 17 277468 16 277988 16 278508 16 279028 15 279548 15 280068 15 280588 14 281108 14 281628 13 282148 13 282669 11 283189 10 283709 10 284230 8 284751 5
4dbbb275960ab9e4ec2c66c8d3000f7c70c8dce5112df591b95db84e25efa6e9,90363 1 90880 7 91399 9 91916 13 92435 14 92955 15 93474 16 93993 17 94512 18 95032 19 95551 20 96071 20 96590 21 97110 21 97630 21 98150 21 98669 21 99189 21 99709 21 100229 21 100749 21 101268 22 101789 21 102309 20 102829 20 103349 19 103869 19 104389 18 104909 18 105430 17 105950 16 106472 13 106996 9
4dbbb275960ab9e4ec2c66c8d3000f7c70c8dce5112df591b95db84e25efa6e9,32184 5 32700 10 33219 12 33736 15 34255 16 34774 17 35292 19 35811 19 36331 19 36851 18 37371 17 37891 17 38411 16 38931 16 39451 15 39971 14 40492 13 41012 12 41533 10 42054 7
4dbbb275960ab9e4ec2c66c8d3000f7c70c8dce5112df591b95db84e25efa6e9,78775 1 79291 7 79810 9 80330 10 80849 11 81368 13 81887 14 82407 15 82926 16 83445 17 83965 17 84484 19 85004 19 85524 19 86043 20 86563 20 87082 20 87602 20 88122 20 88642 20 89161 20 89681 20 90201 20 90721 20 91241 19 91761 19 92281 19 92801 18 93321 18 93841 18 94361 18 94881 17 95401 17 95921 16 96441 16 96961 15 97481 15 98002 13 98524 10 99044 9 99564 8 100085 6 100605 5 101127 1
4dbbb275960ab9e4ec2c66c8d3000f7c70c8dce5112df591b95db84e25efa6e9,75713 6 76232 8 76751 10 77270 11 77790 12 78309 13 78829 14 79348 15 79868 15 80388 15 80908 15 81428 15 81948 16 82467 17 82987 17 83507 16 84027 16 84546 16 85066 16 85586 16 86105 16 86625 16 87145 15 87665 14 88184 14 88704 13 89224 12 89743 12 90264 9 90784 8 91305 5
4dbbb275960ab9e4ec2c66c8d3000f7c70c8dce5112df591b95db84e25efa6e9,98945 10 99464 13 99982 17 100502 18 101021 20 101540 22 102060 21 102580 22 103100 22 103620 21 104140 20 104660 20 105180 19 105701 16 106221 15 106741 13 107262 10 107783 6
4dbbb275960ab9e4ec2c66c8d3000f7c70c8dce5112df591b95db84e25efa6e9,170559 1 171077 3 171596 4 172115 5 172635 5 173154 6 173673 7 174193 7 174712 8 175232 8 175752 8 176272 8 176792 8 177312 8 177832 8 178352 8 178872 8 179392 8 179912 8 180433 7 180955 5 181476 4 181998 2
4dbbb275960ab9e4ec2c66c8d3000f7c70c8dce5112df591b95db84e25efa6e9,179843 8 180362 11 180881 15 181400 17 181918 21 182437 22 182957 23 183477 24 183997 25 184517 26 185038 25 185558 26 186078 26 186599 25 187119 25 187640 24 188161 24 188681 23 189202 22 189723 20 190244 18 190765 15 191286 12 191807 10 192328 6 192849 2
4dbbb275960ab9e4ec2c66c8d3000f7c70c8dce5112df591b95db84e25efa6e9,120342 5 120860 8 121379 10 121898 12 122417 14 122937 14 123457 15 123976 16 124496 16 125016 17 125536 17 126057 16 126577 16 127098 15 127618 15 128139 14 128660 12 129181 11 129702 9 130224 7 130745 5
4dbbb275960ab9e4ec2c66c8d3000f7c70c8dce5112df591b95db84e25efa6e9,176252 9 176771 13 177290 15 177810 17 178330 18 178851 18 179372 18 179893 18 180413 19 180934 19 181455 19 181976 19 182497 18 183018 18 183538 18 184059 17 184580 16 185101 15 185622 15 186143 15 186663 15 187184 14 187705 12 188225 12 188747 9 189267 8 189789 5 190310 3
4dbbb275960ab9e4ec2c66c8d3000f7c70c8dce5112df591b95db84e25efa6e9,327922 6 328439 10 328958 12 329476 15 329995 17 330514 18 331033 20 331552 21 332072 21 332591 23 333111 23 333630 24 334150 24 334670 24 335189 25 335708 26 336228 26 336748 26 337268 26 337788 25 338308 25 338828 25 339348 25 339868 24 340388 24 340908 24 341429 22 341949 22 342469 21 342990 20 343510 19 344031 17 344551 16 345072 15 345592 14 346113 12 346635 9 347157 5
4dbbb275960ab9e4ec2c66c8d3000f7c70c8dce5112df591b95db84e25efa6e9,50314 2 50318 1 50831 10 51350 12 51869 15 52387 17 52907 18 53426 20 53945 21 54465 20 54984 21 55504 22 56024 21 56543 22 57063 21 57583 21 58102 22 58622 21 59142 20 59662 20 60182 19 60702 18 61222 17 61742 17 62263 15 62783 13 63304 11 63826 7
4dbbb275960ab9e4ec2c66c8d3000f7c70c8dce5112df591b95db84e25efa6e9,248815 10 249333 15 249852 17 250369 21 250889 21 251408 23 251928 23 252448 23 252967 24 253487 23 254007 23 254526 24 255046 23 255565 23 256085 23 256605 23 257125 22 257645 21 258166 19 258686 18 259206 17 259727 16 260247 15 260768 13 261289 10 261810 7
4dbbb275960ab9e4ec2c66c8d3000f7c70c8dce5112df591b95db84e25efa6e9,331443 1 331962 6 332480 11 332999 12 333518 14 334038 14 334557 16 335077 16 335597 16 336117 16 336637 16 337157 16 337677 16 338198 15 338718 15 339238 15 339759 14 340279 13 340800 12 341320 11 341840 11 342361 9 342882 6 343405 3
4dbbb275960ab9e4ec2c66c8d3000f7c70c8dce5112df591b95db84e25efa6e9,327656 2 328172 8 328691 9 329210 11 329728 14 330247 15 330767 15 331286 16 331805 17 332325 17 332845 17 333365 16 333885 16 334406 14 334927 13 335448 11 335969 9 336490 7
4dbbb275960ab9e4ec2c66c8d3000f7c70c8dce5112df591b95db84e25efa6e9,156588 5 157105 10 157624 13 158143 15 158663 16 159182 18 159702 19 160221 21 160741 21 161261 22 161781 22 162301 22 162821 23 163341 23 163861 23 164382 22 164902 22 165422 22 165942 22 166462 22 166983 21 167503 21 168024 20 168544 19 169064 19 169585 18 170105 18 170626 17 171147 15 171667 14 172188 12 172709 9 173232 5
4dbbb275960ab9e4ec2c66c8d3000f7c70c8dce5112df591b95db84e25efa6e9,216839 1 217359 1 217878 2 218398 2 218918 2 219438 2 219958 2 220478 2 220998 2 221518 2 222038 2 222558 2 223078 2 223599 1
4dbbb275960ab9e4ec2c66c8d3000f7c70c8dce5112df591b95db84e25efa6e9,136603 3 137122 5 137642 7 138161 8 138665 1 138680 10 139184 2 139199 11 139704 2 139718 12 140224 3 140238 12 140743 4 140757 13 141263 4 141276 13 141783 24 142303 23 142823 21 143343 19 143863 17 144383 16 144903 14 145424 11 145945 8 146468 3
4dbbb275960ab9e4ec2c66c8d3000f7c70c8dce5112df591b95db84e25efa6e9,194119 1 194121 7 194637 13 195155 16 195673 18 196192 20 196710 23 197229 24 197748 25 198267 26 198787 26 199306 27 199826 27 200346 27 200866 26 201386 25 201906 24 202427 22 202947 21 203468 18 203989 15 204511 10 205035 2
4dbbb275960ab9e4ec2c66c8d3000f7c70c8dce5112df591b95db84e25efa6e9,75817 6 76336 10 76853 14 77371 18 77891 19 78410 21 78930 22 79450 22 79969 24 80489 24 81009 24 81528 25 82048 25 82568 25 83088 25 83608 24 84128 24 84649 23 85169 22 85690 21 86210 20 86731 18 87252 16 87773 14 88295 10 88816 5
4dbbb275960ab9e4ec2c66c8d3000f7c70c8dce5112df591b95db84e25efa6e9,269098 13 269615 19 270133 22 270651 25 271171 26 271690 27 272210 28 272729 29 273249 29 273769 29 274289 28 274809 28 275330 26 275850 24 276371 21 276892 18 277414 13 277936 3 277940 1 277942 1
4dbbb275960ab9e4ec2c66c8d3000f7c70c8dce5112df591b95db84e25efa6e9,229880 3 230399 5 230918 7 231438 7 231958 7 232478 7 232997 8 233517 8 234038 7 234558 7 235078 7 235598 7 236119 6 236640 4
4dbbb275960ab9e4ec2c66c8d3000f7c70c8dce5112df591b95db84e25efa6e9,77581 6 78097 13 78616 17 79134 20 79653 22 80172 23 80691 25 81209 27 81728 28 82247 28 82766 29 83285 30 83804 31 84324 30 84843 30 85363 29 85883 29 86403 28 86923 26 87443 25 87964 24 88484 23 89004 22 89525 19 90045 16 90566 14 91087 11 91608 8
4dbbb275960ab9e4ec2c66c8d3000f7c70c8dce5112df591b95db84e25efa6e9,160681 2 161201 4 161721 5 162241 5 162761 6 163281 6 163801 6 164321 6 164841 6 165361 6 165881 6 166401 6 166921 6 167441 6 167961 6 168481 6 169001 5 169521 4 170041 4 170561 4 171081 2 171601 2
4dbbb275960ab9e4ec2c66c8d3000f7c70c8dce5112df591b95db84e25efa6e9,341804 10 342322 14 342841 17 343360 20 343879 23 344399 25 344919 26 345439 27 345959 29 346480 28 347000 28 347521 28 348041 28 348562 28 349082 28 349603 27 350124 26 350644 26 351165 25 351687 23 352207 23 352728 22 353250 19 353771 16 354293 14 354815 7 355340 1
4dbbb275960ab9e4ec2c66c8d3000f7c70c8dce5112df591b95db84e25efa6e9,3585 5 4104 8 4622 11 5141 13 5660 14 6180 14 6699 15 7219 15 7740 14 8260 14 8780 14 9301 12 9821 11 10342 9 10863 7 11383 5
4dbbb275960ab9e4ec2c66c8d3000f7c70c8dce5112df591b95db84e25efa6e9,28160 8 28677 13 29196 15 29715 16 30233 19 30753 19 31273 19 31793 19 32313 19 32833 20 33353 20 33873 20 34393 21 34913 22 35434 22 35953 23 36474 23 36994 25 37515 24 38036 23 38557 23 39078 22 39599 21 40120 21 40642 19 41163 15 41686 9
4dbbb275960ab9e4ec2c66c8d3000f7c70c8dce5112df591b95db84e25efa6e9,173506 6 174024 10 174543 13 175061 16 175580 17 176099 19 176619 19 177138 20 177657 22 178176 23 178696 23 179216 23 179735 24 180255 24 180775 25 181294 26 181814 26 182334 26 182854 25 183373 26 183893 26 184413 25 184933 25 185453 25 185973 24 186493 24 187013 23 187534 22 188054 21 188575 19 189095 18 189616 16 190136 15 190658 12 191179 9 191704 1
4dbbb275960ab9e4ec2c66c8d3000f7c70c8dce5112df591b95db84e25efa6e9,119791 7 120309 10 120828 13 121347 15 121866 17 122385 18 122905 19 123424 20 123943 21 124463 21 124983 21 125503 21 126023 21 126543 21 127064 20 127584 20 128105 19 128624 19 129145 18 129666 17 130187 15 130708 13 131229 12 131751 9 132272 7
4dbbb275960ab9e4ec2c66c8d3000f7c70c8dce5112df591b95db84e25efa6e9,21505 7 22021 14 22540 16 23057 21 23575 24 24094 26 24613 28 25133 28 25653 28 26173 28 26693 28 27213 28 27733 27 28254 26 28774 25 29295 24 29816 22 30337 21 30858 19 31379 18 31901 15 32423 12 32945 9 33466 6
4dbbb275960ab9e4ec2c66c8d3000f7c70c8dce5112df591b95db84e25efa6e9,134907 2 135426 5 135944 8 136462 11 136982 11 137501 13 138021 13 138540 14 139059 16 139579 16 140099 16 140619 17 141139 17 141659 17 142179 17 142699 17 143219 16 143740 14 144265 7
4dbbb275960ab9e4ec2c66c8d3000f7c70c8dce5112df591b95db84e25efa6e9,70410 7 70929 10 71448 12 71968 13 72488 13 73008 14 73528 14 74049 13 74569 14 75090 13 75611 12 76131 12 76655 8
4dbbb275960ab9e4ec2c66c8d3000f7c70c8dce5112df591b95db84e25efa6e9,336445 2 336961 9 337481 11 338001 12 338521 14 339041 14 339561 15 340081 16 340601 16 341121 17 341641 17 342161 17 342681 17 343201 17 343721 17 344241 17 344761 17 345281 16 345801 16 346321 16 346841 15 347361 14 347881 14 348401 12 348921 7 348929 1
4dbbb275960ab9e4ec2c66c8d3000f7c70c8dce5112df591b95db84e25efa6e9,190786 9 191305 11 191824 14 192343 16 192862 17 193382 18 193902 19 194421 20 194942 19 195462 20 195983 19 196503 19 197024 18 197544 18 198065 17 198586 17 199106 17 199627 16 200147 16 200667 15 201188 14 201709 12 202229 12 202750 10 203271 9
4dbbb275960ab9e4ec2c66c8d3000f7c70c8dce5112df591b95db84e25efa6e9,127234 7 127752 11 128271 12 128790 14 129307 17 129827 17 130347 18 130866 19 131385 20 131906 19 132426 19 132946 19 133466 18 133986 18 134506 18 135025 19 135545 20 136065 20 136585 18 137105 17 137626 16 138146 15 138666 14 139186 13 139706 12 140227 11 140747 10 141267 9
4dbbb275960ab9e4ec2c66c8d3000f7c70c8dce5112df591b95db84e25efa6e9,220228 3 220745 8 221263 12 221781 16 222300 18 222818 20 223337 22 223857 23 224376 24 224895 25 225414 26 225933 27 226453 27 226973 27 227492 28 228012 28 228532 27 229052 26 229572 25 230092 24 230612 23 231132 21 231652 20 232173 18 232694 15 233215 13 233736 10 234257 7
4dbbb275960ab9e4ec2c66c8d3000f7c70c8dce5112df591b95db84e25efa6e9,284367 16 284884 21 285403 23 285922 26 286441 28 286960 29 287480 30 288000 30 288519 32 289040 32 289559 33 290080 32 290600 32 291121 31 291641 31 292162 30 292682 29 293202 28 293723 26 294244 24 294765 23 295287 21 295808 19 296330 16 296853 11
4dbbb275960ab9e4ec2c66c8d3000f7c70c8dce5112df591b95db84e25efa6e9,93826 4 94345 6 94864 7 95383 9 95902 10 96421 12 96941 12 97460 13 97980 13 98499 15 99019 15 99538 16 100057 17 100577 17 101097 17 101616 18 102136 18 102656 18 103175 19 103695 19 104214 19 104734 19 105254 19 105774 19 106294 18 106814 18 107334 18 107854 18 108375 17 108895 16 109415 16 109935 16 110455 15 110976 14 111496 13 112016 13 112537 12 113057 11 113578 10 114099 8 114619 7 115141 4
4dbbb275960ab9e4ec2c66c8d3000f7c70c8dce5112df591b95db84e25efa6e9,120366 4 120884 8 121402 12 121921 13 122441 14 122960 15 123479 17 123999 18 124518 19 125037 20 125557 20 126077 20 126596 21 127115 22 127635 22 128153 1 128155 22 128672 25 129192 24 129711 24 130231 24 130751 23 131271 22 131791 21 132312 18 132832 17 133353 14 133873 12 134397 4
4dbbb275960ab9e4ec2c66c8d3000f7c70c8dce5112df591b95db84e25efa6e9,147781 7 148298 12 148818 14 149337 16 149857 18 150376 20 150896 21 151416 22 151936 23 152456 24 152976 25 153496 26 154016 26 154536 27 155056 27 155577 26 156098 26 156619 25 157140 24 157662 22 158184 20 158704 20 159226 18 159748 15 160270 12 160792 9 161313 7 161836 2
4dbbb275960ab9e4ec2c66c8d3000f7c70c8dce5112df591b95db84e25efa6e9,21138 9 21657 11 22177 11 22696 13 23215 14 23735 15 24254 16 24774 16 25293 17 25813 18 26332 19 26852 19 27371 20 27891 20 28410 22 28930 22 29451 21 29970 22 30491 20 31011 20 31531 19 32051 19 32572 17 33092 17 33612 16 34134 14 34654 12 35175 8
4dbbb275960ab9e4ec2c66c8d3000f7c70c8dce5112df591b95db84e25efa6e9,239064 6 239582 9 240101 12 240620 13 241140 14 241659 15 242179 16 242699 17 243218 18 243738 19 244258 19 244778 19 245298 19 245818 19 246338 20 246858 20 247378 20 247898 20 248419 18 248939 18 249459 18 249980 17 250500 17 251020 16 251541 15 252062 13 252582 13 253103 12 253624 10 254145 7
4dbbb275960ab9e4ec2c66c8d3000f7c70c8dce5112df591b95db84e25efa6e9,47033 7 47551 10 48070 11 48589 13 49108 14 49627 15 50146 16 50665 17 51185 17 51704 18 52224 18 52744 18 53264 18 53784 18 54304 18 54824 18 55344 17 55864 17 56385 16 56905 15 57426 13 57947 12 58467 11 58989 8 59511 4
4dbbb275960ab9e4ec2c66c8d3000f7c70c8dce5112df591b95db84e25efa6e9,460 8 980 8 1490 2 1500 8 2009 5 2020 8 2529 19 3048 19 3568 17 4087 17 4606 16 5126 15 5645 15 6165 15 6685 13 7205 12 7725 11 8245 10 8766 7 9287 4
4dbbb275960ab9e4ec2c66c8d3000f7c70c8dce5112df591b95db84e25efa6e9,222008 8 222527 11 223046 13 223565 16 224084 18 224604 19 225124 20 225644 21 226164 22 226684 23 227204 25 227724 26 228245 26 228765 27 229287 25 229807 26 230327 26 230848 25 231369 24 231889 25 232410 24 232931 23 233452 21 233975 17 234496 16 235019 10
