4e07a653352b30bb95b60ebc6c57afbc7215716224af731c51ff8d430788cd40,1001109 5 1002132 7 1003156 7 1004180 7 1005204 7 1006228 7 1007252 7 1008276 7 1009301 6 1010325 6
4e07a653352b30bb95b60ebc6c57afbc7215716224af731c51ff8d430788cd40,443456 8 444480 10 445504 11 446528 11 447554 9
4e07a653352b30bb95b60ebc6c57afbc7215716224af731c51ff8d430788cd40,291554 5 292577 7 293601 8 294624 10 295647 12 296671 12 297695 13 298718 14 299742 14 300766 14 301790 14 302814 14 303839 13 304863 13 305887 13 306912 12 307936 12 308961 11 309986 4 309991 5 311011 8 312035 8 313060 6 314084 5
4e07a653352b30bb95b60ebc6c57afbc7215716224af731c51ff8d430788cd40,668864 12 669886 15 670909 17 671933 18 672956 19 673980 19 675004 20 676028 21 677052 21 678076 21 679100 21 680124 21 681149 20 682173 20 683197 20 684222 19 685246 18 686271 17 687296 15 688321 13 689346 11
4e07a653352b30bb95b60ebc6c57afbc7215716224af731c51ff8d430788cd40,248978 5 250001 8 251024 11 252048 11 253072 11 254096 12 255120 12 256145 11 257171 9
4e07a653352b30bb95b60ebc6c57afbc7215716224af731c51ff8d430788cd40,525373 3 526395 8 527417 11 528439 14 529462 16 530486 16 531510 16 532534 16 533557 17 534581 16 535606 15 536630 14 537655 12 538680 8 539705 5
4e07a653352b30bb95b60ebc6c57afbc7215716224af731c51ff8d430788cd40,1001123 5 1002147 5 1003171 6 1004195 6 1005219 6 1006244 5 1007268 4
4e07a653352b30bb95b60ebc6c57afbc7215716224af731c51ff8d430788cd40,405249 5 406273 6 407297 6 408320 7 409343 9 410367 9 411391 9 412416 8 413440 8 414465 7 415489 7 416513 5
4e07a653352b30bb95b60ebc6c57afbc7215716224af731c51ff8d430788cd40,92802 4 93824 9 94848 9 95872 9 96896 9 97920 9 98944 8 99968 7 100993 6
4e07a653352b30bb95b60ebc6c57afbc7215716224af731c51ff8d430788cd40,264378 5 265401 6 266424 7 267447 8 268470 6 269494 5 270517 5 271541 4 272565 4
4e07a653352b30bb95b60ebc6c57afbc7215716224af731c51ff8d430788cd40,90382 3 91404 6 92428 6 93452 6 94476 5
4e07a653352b30bb95b60ebc6c57afbc7215716224af731c51ff8d430788cd40,414756 14 415777 18 416798 21 417819 24 418842 25 419864 27 420887 28 421909 29 422932 29 423956 28 424978 28 426002 26 427026 4 427031 19 428050 20 429074 17 430099 11
4e07a653352b30bb95b60ebc6c57afbc7215716224af731c51ff8d430788cd40,54609 6 55632 8 56655 9 57679 9 58704 8 59728 8 60752 7 61775 6 62798 5
4e07a653352b30bb95b60ebc6c57afbc7215716224af731c51ff8d430788cd40,337620 3 338643 4 339666 5 340690 6 341714 6 342738 6 343763 5 344788 4
4e07a653352b30bb95b60ebc6c57afbc7215716224af731c51ff8d430788cd40,165333 3 166356 7 167378 9 168400 12 169423 13 170447 13 171471 13 172495 13 173519 13 174543 12 175568 10 176594 6
4e07a653352b30bb95b60ebc6c57afbc7215716224af731c51ff8d430788cd40,65868 5 66891 7 67915 8 68939 9 69963 9 70988 8 72012 8
4e07a653352b30bb95b60ebc6c57afbc7215716224af731c51ff8d430788cd40,267463 6 268485 8 269509 9 270533 9 271556 10 272580 10 273603 10 274627 10 275651 10 276675 9 277699 8 278724 4
4e07a653352b30bb95b60ebc6c57afbc7215716224af731c51ff8d430788cd40,479229 3 480253 4 481277 4 482300 5 483324 5 484348 5 485372 5 486396 5 487420 5 488445 4 489469 4 490493 4
4e07a653352b30bb95b60ebc6c57afbc7215716224af731c51ff8d430788cd40,261275 5 262297 9 263321 9 264345 9 265369 9 266393 9 267417 9 268442 7
4e07a653352b30bb95b60ebc6c57afbc7215716224af731c51ff8d430788cd40,643423 12 644446 16 645470 18 646494 19 647517 21 648541 22 649565 23 650589 24 651613 24 652637 24 653661 24 654685 24 655710 22 656734 21 657758 20 658782 19 659807 18 660832 16 661857 14 662883 11 663908 9 664934 6
4e07a653352b30bb95b60ebc6c57afbc7215716224af731c51ff8d430788cd40,38702 6 39726 6 40750 6 41774 6 42797 7 43821 7 44845 7 45869 7 46893 7 47917 7 48942 6 49966 6 50990 5
4e07a653352b30bb95b60ebc6c57afbc7215716224af731c51ff8d430788cd40,508756 7 509780 8 510804 9 511828 9 512852 9 513877 8 514902 6
4e07a653352b30bb95b60ebc6c57afbc7215716224af731c51ff8d430788cd40,111995 4 113017 7 114041 7 115065 7 116089 6 117114 5
4e07a653352b30bb95b60ebc6c57afbc7215716224af731c51ff8d430788cd40,327239 6 328262 8 329286 12 330309 14 331332 17 332356 18 333379 20 334403 21 335426 22 336450 22 337474 22 338497 23 339521 23 340545 23 341569 23 342593 23 343617 23 344641 22 345665 21 346689 21 347713 21 348738 19 349762 18 350787 17 351811 16 352836 14 353861 11 354885 8
4e07a653352b30bb95b60ebc6c57afbc7215716224af731c51ff8d430788cd40,138637 6 139660 10 140683 12 141705 14 142729 15 143753 15 144777 15 145801 15 146825 15 147849 15 148873 15 149897 14 150921 14 151946 12 152971 11 153996 9 155021 6
4e07a653352b30bb95b60ebc6c57afbc7215716224af731c51ff8d430788cd40,773679 7 774703 7 775727 7 776751 7 777775 7 778799 7 779823 7 780850 4
4e07a653352b30bb95b60ebc6c57afbc7215716224af731c51ff8d430788cd40,457059 6 458081 9 459102 12 460126 12 461149 13 462172 14 463195 15 464219 15 465242 16 466266 15 467290 15 468314 14 469339 13 470363 12 471387 12 472411 11 473435 10 474460 8 475484 7
4e07a653352b30bb95b60ebc6c57afbc7215716224af731c51ff8d430788cd40,1000105 7 1001129 7 1002153 7 1003177 7 1004201 7 1005225 6 1006249 4
4e07a653352b30bb95b60ebc6c57afbc7215716224af731c51ff8d430788cd40,801502 6 802524 11 803547 15 804570 17 805593 18 806616 20 807640 21 808664 21 809687 23 810711 23 811735 23 812759 23 813783 23 814807 23 815831 23 816856 22 817880 21 818904 21 819929 20 820954 18 821979 17 823004 14 824030 11 825056 7
4e07a653352b30bb95b60ebc6c57afbc7215716224af731c51ff8d430788cd40,268478 5 269501 6 270524 7 271547 8 272570 9 273594 9 274618 9 275642 9 276666 8 277690 8 278714 7 279740 4
4e07a653352b30bb95b60ebc6c57afbc7215716224af731c51ff8d430788cd40,73925 8 74941 16 75960 21 76983 22 78006 23 79030 21 80054 20 81079 16 82104 14 83130 9
4e07a653352b30bb95b60ebc6c57afbc7215716224af731c51ff8d430788cd40,44454 8 45477 12 46501 13 47525 14 48549 14 49573 17 50599 16 51623 17 52648 17 53674 16 54700 15 55726 13 56751 12 57775 12 58801 10 59826 8 60851 7
4e07a653352b30bb95b60ebc6c57afbc7215716224af731c51ff8d430788cd40,46521 6 47545 6 48569 6 49594 4 50619 3
4e07a653352b30bb95b60ebc6c57afbc7215716224af731c51ff8d430788cd40,423549 4 424571 8 425595 8 426619 8 427643 8 428668 5 429692 5
4e07a653352b30bb95b60ebc6c57afbc7215716224af731c51ff8d430788cd40,445501 3 446525 3 447549 4 448573 6 449597 9 450622 9 451646 9 452671 8 453696 7
4e07a653352b30bb95b60ebc6c57afbc7215716224af731c51ff8d430788cd40,627817 4 628840 7 629863 8 630887 8 631911 8 632935 7 633960 5
4e07a653352b30bb95b60ebc6c57afbc7215716224af731c51ff8d430788cd40,507203 7 508226 9 509250 9 510273 12 511296 14 512320 16 513344 16 514368 16 515392 17 516416 17 517434 23 518458 23 519482 23 520507 21 521533 17 522557 16 523581 15 524605 14 525629 13 526653 13 527677 13 528701 12 529725 12 530750 10 531775 8
4e07a653352b30bb95b60ebc6c57afbc7215716224af731c51ff8d430788cd40,641713 6 642735 10 643757 12 644780 13 645803 15 646826 16 647850 17 648873 18 649897 18 650921 18 651945 18 652969 18 653993 19 655017 19 656041 19 657065 19 658089 19 659113 19 660137 19 661161 19 662185 19 663210 17 664234 17 665258 16 666282 4 666287 11 667306 15 668331 12 669356 10 670382 6
4e07a653352b30bb95b60ebc6c57afbc7215716224af731c51ff8d430788cd40,504670 6 505694 6 506718 6 507742 6 508766 6 509790 6 510814 6
4e07a653352b30bb95b60ebc6c57afbc7215716224af731c51ff8d430788cd40,775411 4 776434 6 777457 10 778481 10 779505 10 780529 10 781554 9 782578 8 783605 4 784630 3 785654 3
4e07a653352b30bb95b60ebc6c57afbc7215716224af731c51ff8d430788cd40,269825 6 270848 7 271871 8 272894 9 273918 9 274942 9 275966 9 276990 9 278014 9 279038 8 280062 8 281086 7
4e07a653352b30bb95b60ebc6c57afbc7215716224af731c51ff8d430788cd40,362340 5 363364 7 364387 8 365411 9 366435 9 367459 9 368484 8 369508 8 370532 7 371556 6
4e07a653352b30bb95b60ebc6c57afbc7215716224af731c51ff8d430788cd40,169144 6 170165 12 171187 15 172211 17 173235 18 174259 18 175283 18 176307 18 177332 17 178358 15 179385 10
4e07a653352b30bb95b60ebc6c57afbc7215716224af731c51ff8d430788cd40,529906 2 530928 6 531951 8 532974 10 533997 12 535021 12 536044 13 537068 13 538092 14 539116 14 540140 14 541164 14 542188 14 543212 14 544237 13 545262 11 546288 9 547313 7 548340 1
4e07a653352b30bb95b60ebc6c57afbc7215716224af731c51ff8d430788cd40,164337 3 165359 7 166381 10 167404 11 168427 12 169451 13 170475 13 171499 13 172523 13 173547 14 174571 14 175596 13 176621 12
4e07a653352b30bb95b60ebc6c57afbc7215716224af731c51ff8d430788cd40,775721 4 776743 7 777767 7 778791 7 779815 7 780839 7 781864 5
4e07a653352b30bb95b60ebc6c57afbc7215716224af731c51ff8d430788cd40,445708 9 446730 12 447751 16 448774 18 449797 19 450820 20 451844 20 452868 20 453892 20 454916 20 455940 20 456964 20 457989 18 459014 15 460038 14 461065 7
4e07a653352b30bb95b60ebc6c57afbc7215716224af731c51ff8d430788cd40,943230 8 944253 9 945276 10 946299 11 947323 11 948347 11 949371 11 950395 11 951419 10 952442 11 953466 11 954490 10 955514 9 956538 9 957562 8 958586 7 959611 5
4e07a653352b30bb95b60ebc6c57afbc7215716224af731c51ff8d430788cd40,619628 5 620652 5 621674 7 622697 8 623721 8 624745 8 625769 8 626794 6 627821 2
4e07a653352b30bb95b60ebc6c57afbc7215716224af731c51ff8d430788cd40,931943 5 932966 7 933989 8 935012 9 936036 10 937060 10 938084 10 939108 10 940132 10 941155 11 942179 11 943202 12 944225 12 945248 13 946272 12 947295 12 948318 13 949340 14 950364 13 951388 11 952412 10
4e07a653352b30bb95b60ebc6c57afbc7215716224af731c51ff8d430788cd40,119964 4 120983 11 122005 15 123029 15 124052 17 125076 18 126100 19 127124 20 128148 20 129172 20 130196 20 131221 19 132245 19 133270 19 134294 19 135319 18 136343 18 137368 17 138392 18 139418 16 140443 15 141468 15 142494 12 143519 12 144545 10 145569 10 146595 8 147621 1
4e07a653352b30bb95b60ebc6c57afbc7215716224af731c51ff8d430788cd40,562948 10 563969 15 564991 17 566013 19 567036 20 568059 21 569083 20 570106 21 571130 21 572153 21 573177 20 574201 19 575225 18 576249 16 577273 15 578297 15 579321 13 580345 12 581370 11 582396 8
4e07a653352b30bb95b60ebc6c57afbc7215716224af731c51ff8d430788cd40,172546 17 173567 21 174588 24 175611 25 176635 25 177659 25 178683 23 179707 22 180732 20 181756 19 182780 19 183805 17 184830 16 185854 15 186880 13 187906 10 188931 7
4e07a653352b30bb95b60ebc6c57afbc7215716224af731c51ff8d430788cd40,90744 6 91767 9 92791 9 93815 9 94839 7 95864 6 96888 6 97914 3
4e07a653352b30bb95b60ebc6c57afbc7215716224af731c51ff8d430788cd40,935005 7 936027 9 937051 9 938074 10 939097 11 940121 11 941145 10 942169 10 943193 9 944217 8 945242 5
4e07a653352b30bb95b60ebc6c57afbc7215716224af731c51ff8d430788cd40,365404 6 366428 6 367452 7 368476 7 369500 7 370524 6 371548 6 372572 5 373596 4
4e07a653352b30bb95b60ebc6c57afbc7215716224af731c51ff8d430788cd40,216674 4 217697 5 218721 5 219744 6 220767 7 221790 8 222814 8 223837 9 224860 10 225883 10 226907 10 227931 8 228956 4
4e07a653352b30bb95b60ebc6c57afbc7215716224af731c51ff8d430788cd40,278477 15 279500 19 280523 22 281547 22 282571 23 283595 23 284619 23 285643 23 286667 23 287691 23 288715 22 289739 22 290764 21 291788 20 292812 20 293837 18 294862 17 295886 15 296912 12 297937 9
4e07a653352b30bb95b60ebc6c57afbc7215716224af731c51ff8d430788cd40,105877 3 106901 6 107923 8 108947 8 109971 8 110999 4
4e07a653352b30bb95b60ebc6c57afbc7215716224af731c51ff8d430788cd40,327884 4 328906 7 329930 7 330954 7 331978 7 333002 7 334026 7
4e07a653352b30bb95b60ebc6c57afbc7215716224af731c51ff8d430788cd40,96882 5 97906 8 98930 8 99954 8 100978 8 102002 8 103026 8 104051 7
4e07a653352b30bb95b60ebc6c57afbc7215716224af731c51ff8d430788cd40,10329 8 11351 13 12374 15 13398 15 14421 17 15445 17 16468 19 17492 19 18516 19 19540 19 20564 19 21588 19 22612 19 23636 18 24661 17 25685 16 26710 14 27734 13 28760 11 29786 6
4e07a653352b30bb95b60ebc6c57afbc7215716224af731c51ff8d430788cd40,323827 8 324850 9 325873 10 326897 10 327921 10 328945 10 329969 10 330994 8 332019 6
4e07a653352b30bb95b60ebc6c57afbc7215716224af731c51ff8d430788cd40,500567 6 501590 7 502614 8 503637 9 504661 9 505685 9 506710 7
4e07a653352b30bb95b60ebc6c57afbc7215716224af731c51ff8d430788cd40,160204 5 161226 10 162249 11 163272 12 164295 13 165319 13 166342 14 167366 12 168390 10 169414 9 170439 8 171463 7 172487 7 173512 6 174537 5
4e07a653352b30bb95b60ebc6c57afbc7215716224af731c51ff8d430788cd40,318664 7 319687 9 320711 9 321734 10 322758 10 323781 11 324804 12 325828 11 326852 11 327876 8 328900 6
4e07a653352b30bb95b60ebc6c57afbc7215716224af731c51ff8d430788cd40,418568 7 419590 9 420614 9 421638 9 422662 10 423686 10 424711 9 425737 4
4e07a653352b30bb95b60ebc6c57afbc7215716224af731c51ff8d430788cd40,334068 5 335091 7 336115 8 337139 9 338163 9 339187 9 340211 8 341235 8 342260 4
4e07a653352b30bb95b60ebc6c57afbc7215716224af731c51ff8d430788cd40,296992 4 298013 7 299036 9 300059 10 301082 11 302106 11 303129 12 304153 11 305177 11 306200 11 307224 11 308248 10 309272 9 310296 8 311320 6 312344 5
4e07a653352b30bb95b60ebc6c57afbc7215716224af731c51ff8d430788cd40,46971 7 47995 7 49018 9 50042 10 51066 11 52091 10 53115 11 54140 10 55164 10 56189 9 57214 8 58240 6
4e07a653352b30bb95b60ebc6c57afbc7215716224af731c51ff8d430788cd40,366759 7 367781 12 368804 14 369827 17 370850 20 371874 21 372898 22 373922 22 374945 25 375969 25 376993 26 378017 27 379041 28 380065 28 381089 28 382113 29 383138 28 384162 28 385188 26 386213 25 387240 21 388265 20 389292 17 390319 13 391346 7
4e07a653352b30bb95b60ebc6c57afbc7215716224af731c51ff8d430788cd40,528325 9 529348 12 530371 14 531395 14 532419 15 533443 15 534467 15 535491 15 536516 14 537540 14 538564 14 539588 14 540613 13 541638 11 542664 7
4e07a653352b30bb95b60ebc6c57afbc7215716224af731c51ff8d430788cd40,786497 8 787521 10 788543 13 789566 15 790589 17 791612 18 792635 19 793659 19 794682 18 795706 18 796730 17 797754 16 798778 14 799802 14 800827 12 801851 11 802876 8 803901 5
4e07a653352b30bb95b60ebc6c57afbc7215716224af731c51ff8d430788cd40,335573 6 336597 8 337623 7 338647 8 339671 8 340696 8 341720 8 342744 8 343770 6 344796 4
4e07a653352b30bb95b60ebc6c57afbc7215716224af731c51ff8d430788cd40,166280 6 167303 7 168327 7 169351 7 170377 5
4e07a653352b30bb95b60ebc6c57afbc7215716224af731c51ff8d430788cd40,788712 7 789735 9 790759 9 791783 9 792807 9 793831 9 794855 9 795880 7 796904 6
4e07a653352b30bb95b60ebc6c57afbc7215716224af731c51ff8d430788cd40,322342 8 323363 14 324385 17 325408 20 326431 22 327455 23 328479 23 329503 23 330527 23 331551 24 332575 24 333599 24 334623 24 335647 20 335668 3 336671 24 337695 24 338720 23 339744 23 340769 21 341793 21 342819 18 343844 16 344870 13
4e07a653352b30bb95b60ebc6c57afbc7215716224af731c51ff8d430788cd40,45455 11 46477 13 47499 19 48523 20 49546 21 50570 21 51594 21 52618 21 53643 20 54668 18 55694 14
4e07a653352b30bb95b60ebc6c57afbc7215716224af731c51ff8d430788cd40,43907 5 44931 7 45955 7 46979 8 48003 8 49027 8 50052 7 51077 6 52101 5
4e07a653352b30bb95b60ebc6c57afbc7215716224af731c51ff8d430788cd40,658251 10 659275 10 660299 10 661323 10 662347 9 663371 6 664397 4 665422 3
4e07a653352b30bb95b60ebc6c57afbc7215716224af731c51ff8d430788cd40,162271 5 163294 9 164318 10 165342 10 166365 11 167389 11 168413 11 169437 11 170462 11 171487 10 172511 10 173536 9
4e07a653352b30bb95b60ebc6c57afbc7215716224af731c51ff8d430788cd40,426627 3 427651 3 428673 5 429697 5 430721 5 431745 4
4e07a653352b30bb95b60ebc6c57afbc7215716224af731c51ff8d430788cd40,677315 8 678336 12 679359 14 680381 17 681404 18 682426 20 683449 22 684472 23 685496 23 686520 23 687544 23 688569 21 689593 20 690617 19 691643 15 692667 14 693692 13 694717 11 695743 9
4e07a653352b30bb95b60ebc6c57afbc7215716224af731c51ff8d430788cd40,242514 6 243537 7 244560 8 245583 9 246607 10 247629 12 248652 13 249676 14 250700 14 251724 15 252747 16 253771 16 254795 16 255819 16 256843 16 257867 16 258891 16 259915 15 260939 15 261964 14 262989 12 264014 11 265039 10 266064 9 267090 6 268113 7
4e07a653352b30bb95b60ebc6c57afbc7215716224af731c51ff8d430788cd40,750007 6 751029 9 752051 12 753075 14 754098 15 755121 16 756145 17 757169 17 758193 17 759217 18 760241 18 761265 18 762290 18 763314 18 764338 18 765362 19 766387 18 767411 18 768436 17 769460 17 770485 16 771510 15 772534 15 773560 4 773565 8 774585 11 775609 10 776634 8
4e07a653352b30bb95b60ebc6c57afbc7215716224af731c51ff8d430788cd40,371425 10 372447 14 373471 15 374494 17 375518 17 376542 17 377565 18 378589 18 379613 18 380637 18 381661 18 382686 16 383711 14 384736 13 385762 9
4e07a653352b30bb95b60ebc6c57afbc7215716224af731c51ff8d430788cd40,279744 8 280765 12 281789 12 282813 12 283837 12 284861 11 285886 9 286911 6
4e07a653352b30bb95b60ebc6c57afbc7215716224af731c51ff8d430788cd40,701963 8 702985 11 704007 14 705031 15 706055 15 707079 15 708103 15 709127 16 710152 15 711176 15 712200 15 713225 13 714249 12 715275 9 716301 5
4e07a653352b30bb95b60ebc6c57afbc7215716224af731c51ff8d430788cd40,932624 11 933646 15 934670 16 935693 18 936715 21 937737 23 938760 25 939784 26 940808 26 941832 26 942856 26 943880 26 944904 24 945928 24 946953 23 947978 20 949002 19 950028 15 951053 12 952078 10
4e07a653352b30bb95b60ebc6c57afbc7215716224af731c51ff8d430788cd40,373600 5 374621 9 375644 10 376668 10 377692 10 378716 10 379740 10 380764 10 381789 8
4e07a653352b30bb95b60ebc6c57afbc7215716224af731c51ff8d430788cd40,446522 3 447545 4 448568 5 449591 6 450615 6 451638 7 452662 7 453686 8 454710 8 455734 8 456758 7 457785 4
4e07a653352b30bb95b60ebc6c57afbc7215716224af731c51ff8d430788cd40,275340 5 276364 7 277388 7 278414 6 279438 6 280464 4
4e07a653352b30bb95b60ebc6c57afbc7215716224af731c51ff8d430788cd40,344792 4 345816 6 346840 7 347864 7 348888 7 349913 6
4e07a653352b30bb95b60ebc6c57afbc7215716224af731c51ff8d430788cd40,7435 15 8458 18 9480 21 10503 24 11527 25 12551 25 13574 26 14598 27 15622 27 16646 28 17670 28 18694 26 19718 26 20742 26 21766 26 22790 26 23815 25 24839 24 25865 22 26889 21 27915 18 28943 12 28956 1
4e07a653352b30bb95b60ebc6c57afbc7215716224af731c51ff8d430788cd40,405407 4 406430 5 407453 6 408477 6 409501 6 410525 6 411549 6 412574 5
4e07a653352b30bb95b60ebc6c57afbc7215716224af731c51ff8d430788cd40,867329 2 868353 2 868356 3 869377 6 870401 7 871425 8 872449 9 873473 9 874497 9 875521 9 876545 9 877569 9 878593 10 879617 10 880641 10 881665 10 882689 9 883713 9 884737 8 885761 6 886785 4
4e07a653352b30bb95b60ebc6c57afbc7215716224af731c51ff8d430788cd40,800843 6 801867 7 802891 7 803916 6 804939 7 805962 8 806983 11 808007 11 809031 10 810055 9
4e07a653352b30bb95b60ebc6c57afbc7215716224af731c51ff8d430788cd40,61781 3 62803 7 63826 8 64850 8 65874 8 66898 8 67923 7 68948 6
4e07a653352b30bb95b60ebc6c57afbc7215716224af731c51ff8d430788cd40,2870 11 3892 14 4915 16 5938 17 6961 18 7985 18 9009 18 10033 18 11057 18 12081 17 13105 16 14129 14 15153 11
4e07a653352b30bb95b60ebc6c57afbc7215716224af731c51ff8d430788cd40,411401 5 412425 6 413449 6 414473 6 415497 6 416521 6 417545 4
4e07a653352b30bb95b60ebc6c57afbc7215716224af731c51ff8d430788cd40,1001116 4 1002140 6 1003163 7 1004187 8 1005211 8 1006235 8 1007259 8 1008284 7 1009308 7 1010333 5
4e07a653352b30bb95b60ebc6c57afbc7215716224af731c51ff8d430788cd40,1039591 4 1040613 7 1041634 13 1042657 14 1043679 17 1044703 18 1045727 16 1046751 16 1047777 9
4e07a653352b30bb95b60ebc6c57afbc7215716224af731c51ff8d430788cd40,140657 5 141679 8 142703 8 143727 8 144751 7 145775 7 146802 3
4e07a653352b30bb95b60ebc6c57afbc7215716224af731c51ff8d430788cd40,618595 6 619619 6 620642 7 621665 8 622689 8 623713 8 624737 7 625762 4
4e07a653352b30bb95b60ebc6c57afbc7215716224af731c51ff8d430788cd40,326907 5 327931 6 328955 6 329979 6 331002 7 332025 8 333049 8 334073 8 335098 7 336123 5
4e07a653352b30bb95b60ebc6c57afbc7215716224af731c51ff8d430788cd40,152231 6 153253 9 154276 11 155299 12 156323 13 157347 13 158371 13 159395 13 160419 13 161443 12 162467 12 163492 11 164516 10 165541 9 166566 7
4e07a653352b30bb95b60ebc6c57afbc7215716224af731c51ff8d430788cd40,168855 4 169875 8 170898 9 171921 9 172945 9 173969 9 174993 9 176017 9 177041 10 178065 10 179089 10 180113 10 181137 10 182162 10 183186 10 184211 9 185235 8
4e07a653352b30bb95b60ebc6c57afbc7215716224af731c51ff8d430788cd40,376692 10 377716 10 378740 11 379764 11 380788 11 381812 11 382837 10 383861 10 384886 8 385911 6
4e07a653352b30bb95b60ebc6c57afbc7215716224af731c51ff8d430788cd40,214616 7 215639 10 216661 12 217685 12 218709 12 219733 11 220757 10 221780 10 222804 10 223828 9 224852 8 225877 3
4e07a653352b30bb95b60ebc6c57afbc7215716224af731c51ff8d430788cd40,909720 4 910743 5 911767 5 912790 8 913814 9 914838 9 915861 11 916884 12 917907 13 918930 14 919954 14 920978 14 922002 14 923026 13 924050 13 925074 13 926099 11 927124 9
4e07a653352b30bb95b60ebc6c57afbc7215716224af731c51ff8d430788cd40,1027152 2 1028173 8 1029197 9 1030221 9 1031245 9 1032269 9 1033294 8 1034320 6
4e07a653352b30bb95b60ebc6c57afbc7215716224af731c51ff8d430788cd40,110743 3 111766 6 112790 6 113814 6 114838 6
4e07a653352b30bb95b60ebc6c57afbc7215716224af731c51ff8d430788cd40,987812 6 988834 10 989858 10 990882 10 991906 9 992929 10 993953 10 994977 10 996001 10 997026 8 998051 6
4e07a653352b30bb95b60ebc6c57afbc7215716224af731c51ff8d430788cd40,413600 7 414624 7 415648 7 416672 7 417697 6 418722 4
4e07a653352b30bb95b60ebc6c57afbc7215716224af731c51ff8d430788cd40,36642 7 37665 10 38689 11 39713 12 40737 12 41761 12 42786 11 43810 11 44834 11 45859 10 46884 9 47909 8 48934 8 49960 6 50985 5
4e07a653352b30bb95b60ebc6c57afbc7215716224af731c51ff8d430788cd40,399264 6 400286 9 401310 9 402334 9 403358 9 404382 9 405411 3 406435 3
4e07a653352b30bb95b60ebc6c57afbc7215716224af731c51ff8d430788cd40,333531 6 334555 6 335579 6 336606 3 337630 3
4e07a653352b30bb95b60ebc6c57afbc7215716224af731c51ff8d430788cd40,783598 7 784622 8 785646 8 786670 8 787694 8 788720 6 789745 5 790769 4 791793 3
4e07a653352b30bb95b60ebc6c57afbc7215716224af731c51ff8d430788cd40,366453 7 367476 8 368499 9 369523 9 370547 9 371571 9 372595 9 373619 9
4e07a653352b30bb95b60ebc6c57afbc7215716224af731c51ff8d430788cd40,236365 3 237387 5 238410 6 239432 8 240454 10 241478 10 242502 9 243526 8 244551 6
4e07a653352b30bb95b60ebc6c57afbc7215716224af731c51ff8d430788cd40,627809 5 628832 7 629855 8 630879 8 631903 8 632927 7 633952 4
4e07a653352b30bb95b60ebc6c57afbc7215716224af731c51ff8d430788cd40,411264 5 412287 6 413309 8 414333 9 415357 9 416381 9 417405 8 418431 6
4e07a653352b30bb95b60ebc6c57afbc7215716224af731c51ff8d430788cd40,229185 6 230208 8 231232 8 232256 8 233280 8 234305 7 235329 7 236353 6
4e07a653352b30bb95b60ebc6c57afbc7215716224af731c51ff8d430788cd40,1038362 6 1039384 9 1040407 11 1041430 12 1042454 13 1043478 13 1044503 12 1045527 12
4e07a653352b30bb95b60ebc6c57afbc7215716224af731c51ff8d430788cd40,261642 8 262666 9 263690 11 264714 13 265737 18 266761 19 267785 19 268809 19 269834 18 270858 18 271882 18 272906 18 273931 17 274955 17 275979 17 277004 16 278029 15 279053 15 280077 15 281102 12
4e07a653352b30bb95b60ebc6c57afbc7215716224af731c51ff8d430788cd40,257168 3 258191 12 259215 12 260238 13 261262 13 262286 11 263310 11 264335 9 265360 6
4e07a653352b30bb95b60ebc6c57afbc7215716224af731c51ff8d430788cd40,802706 6 803728 10 804751 12 805774 14 806798 14 807822 14 808845 16 809869 16 810893 16 811918 15 812942 15 813967 13 814992 11 816017 9 817043 5
4e07a653352b30bb95b60ebc6c57afbc7215716224af731c51ff8d430788cd40,850073 7 851094 10 852118 14 853141 16 854164 18 855188 19 856212 20 857236 21 858260 21 859284 23 860308 23 861333 22 862359 18 863385 13
4e07a653352b30bb95b60ebc6c57afbc7215716224af731c51ff8d430788cd40,189780 6 190801 10 191824 12 192848 12 193872 13 194896 13 195920 13 196944 13 197968 13 198992 13 200017 12 201041 12 202066 10 203092 8
4e07a653352b30bb95b60ebc6c57afbc7215716224af731c51ff8d430788cd40,950390 3 951413 6 952436 6 953460 6 954483 7 955507 7 956530 8 957554 8 958578 8 959602 7 960626 7 961650 5
4e07a653352b30bb95b60ebc6c57afbc7215716224af731c51ff8d430788cd40,134560 6 135583 7 136607 7 137631 7 138655 7
4e07a653352b30bb95b60ebc6c57afbc7215716224af731c51ff8d430788cd40,781869 4 782891 7 783914 8 784938 8 785962 8 786986 8 788010 7
4e07a653352b30bb95b60ebc6c57afbc7215716224af731c51ff8d430788cd40,446181 4 447201 8 448224 10 449248 10 450272 10 451296 11 452320 12 453344 12 454368 12 455392 12 456417 12 457441 12 458465 12 459490 11 460515 10 461540 9 462565 8 463590 7 464615 5
4e07a653352b30bb95b60ebc6c57afbc7215716224af731c51ff8d430788cd40,381838 5 382861 7 383885 7 384909 7 385933 7
4e07a653352b30bb95b60ebc6c57afbc7215716224af731c51ff8d430788cd40,811870 8 812893 11 813916 13 814939 14 815963 15 816987 15 818011 15 819035 14 820059 14 821084 13 822108 12 823133 10 824158 8 825184 5
4e07a653352b30bb95b60ebc6c57afbc7215716224af731c51ff8d430788cd40,798792 2 799816 2 800839 3 801862 4 802885 6 803909 6 804933 6 805959 3
