4e92129f4e8066d6f560d6022cd343a2245939aa49d8b06cddbd9bfc7e7eeb0e,35347 12 35603 13 35858 15 36114 15 36370 15 36626 15 36882 14 37138 12 37395 9 37652 6
4e92129f4e8066d6f560d6022cd343a2245939aa49d8b06cddbd9bfc7e7eeb0e,73574 3 73829 6 74084 8 74340 9 74596 10 74852 10 75108 10 75365 9 75621 9 75878 7 76135 5
4e92129f4e8066d6f560d6022cd343a2245939aa49d8b06cddbd9bfc7e7eeb0e,18 14 273 16 529 17 784 18 1040 18 1296 18 1551 19 1807 20 2063 20 2319 19 2575 19 2831 19 3087 18 3343 18 3599 16 3856 15 4114 12 4373 9
4e92129f4e8066d6f560d6022cd343a2245939aa49d8b06cddbd9bfc7e7eeb0e,61471 4 61723 11 61977 15 62231 18 62486 21 62741 22 62997 22 63252 24 63507 25 63762 26 64018 26 64273 27 64527 29 64782 30 65037 30 65293 29 65549 29 65805 27 66061 26 66318 23 66574 21 66831 17 67088 13
4e92129f4e8066d6f560d6022cd343a2245939aa49d8b06cddbd9bfc7e7eeb0e,25580 9 25834 13 26088 16 26344 17 26599 18 26855 19 27110 20 27366 20 27622 21 27878 21 28134 22 28390 22 28646 22 28902 22 29158 23 29414 23 29670 23 29926 23 30183 21 30439 21 30696 18 30952 16 31207 14 31462 14 31717 14 31972 14 32228 13 32484 12 32740 11 32997 9 33254 7
4e92129f4e8066d6f560d6022cd343a2245939aa49d8b06cddbd9bfc7e7eeb0e,68633 5 68886 10 69140 13 69394 16 69649 18 69904 19 70160 20 70416 20 70672 20 70928 20 71184 20 71440 20 71696 20 71952 20 72207 20 72464 19 72720 18 72978 15 73235 12 73493 7
4e92129f4e8066d6f560d6022cd343a2245939aa49d8b06cddbd9bfc7e7eeb0e,16470 9 16725 11 16980 13 17235 14 17490 16 17745 18 18001 19 18256 20 18512 21 18766 23 19022 24 19277 25 19533 25 19789 25 20046 21 20069 1 20302 20 20559 18 20816 16 21073 14 21330 12 21587 10 21844 7 22102 3
4e92129f4e8066d6f560d6022cd343a2245939aa49d8b06cddbd9bfc7e7eeb0e,23844 5 24098 8 24354 9 24609 10 24864 12 25120 12 25376 13 25632 13 25889 13 26146 12 26404 9 26661 7 26920 3
4e92129f4e8066d6f560d6022cd343a2245939aa49d8b06cddbd9bfc7e7eeb0e,50465 5 50720 8 50973 12 51227 15 51481 18 51736 19 51992 20 52246 22 52502 22 52757 23 53012 24 53268 24 53524 24 53779 24 54035 24 54291 24 54547 24 54803 23 55059 23 55316 22 55572 21 55829 20 56085 19 56342 17 56599 15 56856 13 57113 10 57371 6
4e92129f4e8066d6f560d6022cd343a2245939aa49d8b06cddbd9bfc7e7eeb0e,79478 8 79732 12 79986 15 80242 16 80497 18 80752 19 81008 20 81264 20 81520 20 81776 20
4e92129f4e8066d6f560d6022cd343a2245939aa49d8b06cddbd9bfc7e7eeb0e,58369 3 58625 3 58881 4 59137 5 59393 6 59649 7 59905 7 60161 8 60417 8 60673 9 60929 9 61185 9 61441 9 61697 9 61953 9 62209 8 62465 8 62721 7 62977 6 63233 6 63489 5
4e92129f4e8066d6f560d6022cd343a2245939aa49d8b06cddbd9bfc7e7eeb0e,50748 4 51002 9 51257 11 51512 13 51767 15 52023 16 52278 17 52534 18 52790 19 53046 19 53302 21 53556 1 53558 22 53812 24 54068 25 54324 26 54580 27 54836 28 55092 28 55348 28 55604 29 55861 28 56117 29 56373 30 56629 30 56886 29 57142 30 57398 30 57654 31 57910 32 58167 31 58423 32 58680 32 58936 32 59192 33 59449 32 59706 31 59962 31 60219 30 60475 30 60732 29 60988 29 61245 28 61502 27 61759 25 62017 23 62273 22 62531 19 62788 17 63045 14 63304 9 63563 4
4e92129f4e8066d6f560d6022cd343a2245939aa49d8b06cddbd9bfc7e7eeb0e,78092 5 78347 7 78602 9 78857 11 79112 13 79368 14 79624 15 79880 15 80135 17 80391 17 80646 19 80902 20 81157 21 81413 22 81669 22
4e92129f4e8066d6f560d6022cd343a2245939aa49d8b06cddbd9bfc7e7eeb0e,66137 4 66391 9 66645 13 66900 15 67155 17 67411 18 67666 20 67921 21 68177 21 68433 22 68689 22 68945 22 69201 22 69457 22 69714 20 69970 19 70227 17 70484 15 70741 13 70999 9 71258 4
4e92129f4e8066d6f560d6022cd343a2245939aa49d8b06cddbd9bfc7e7eeb0e,23463 2 23718 5 23973 6 24228 9 24484 10 24740 11 24996 13 25252 14 25508 16 25764 23 26021 26 26277 28 26533 29 26789 30 27045 31 27301 32 27557 32 27813 33 28069 33 28325 33 28581 33 28838 32 29095 30 29351 29 29608 28 29865 27 30122 26 30378 26 30635 25 30891 25 31148 24 31404 25 31661 24 31917 24 32173 24 32430 23 32686 23 32943 22 33199 22 33455 22 33711 22 33968 20 34225 19 34481 18 34738 16 34996 6
4e92129f4e8066d6f560d6022cd343a2245939aa49d8b06cddbd9bfc7e7eeb0e,3841 2 4097 3 4353 5 4609 5 4865 6 5121 6 5377 6 5633 6 5889 6 6145 6 6401 6 6657 6 6913 6 7169 6 7425 6 7681 6 7937 6 8193 6 8449 5 8705 5 8961 4 9217 3 9473 3 9729 2 9985 2
4e92129f4e8066d6f560d6022cd343a2245939aa49d8b06cddbd9bfc7e7eeb0e,10738 6 10992 12 11247 16 11503 18 11759 18 12014 19 12270 19 12526 19 12782 19 13038 19 13294 19 13550 19 13805 20 14061 20 14317 20 14573 20 14829 20 15085 20 15341 20 15597 20 15854 19 16111 18 16368 17 16626 15 16884 13 17143 10 17401 8 17661 4
4e92129f4e8066d6f560d6022cd343a2245939aa49d8b06cddbd9bfc7e7eeb0e,12069 8 12324 11 12579 13 12834 16 13090 17 13345 18 13601 19 13857 20 14113 20 14369 20 14626 20 14882 20 15138 20 15395 19 15651 19 15908 16 16165 14 16422 13 16680 10 16938 7 17196 3
4e92129f4e8066d6f560d6022cd343a2245939aa49d8b06cddbd9bfc7e7eeb0e,2888 8 3143 12 3397 14 3651 17 3906 19 4161 20 4415 23 4670 24 4925 26 5181 26 5438 25 5694 25 5951 24 6208 23 6464 23 6724 19 6981 18 7238 17 7494 17 7750 16 8006 15 8263 12 8520 7
4e92129f4e8066d6f560d6022cd343a2245939aa49d8b06cddbd9bfc7e7eeb0e,34560 1 34815 2 35071 2 35327 2 35583 2 35839 2 36095 2 36350 3 36606 3 36863 2 37119 2 37376 1 37632 1
4e92129f4e8066d6f560d6022cd343a2245939aa49d8b06cddbd9bfc7e7eeb0e,53749 4 54001 9 54255 11 54510 12 54765 12 55021 12 55277 12 55533 12 55789 13 56045 14 56301 14 56556 15 56812 15 57069 15 57325 15 57580 17 57834 19 58089 20 58344 21 58600 12 58613 7 58856 11 58869 1 59115 7 59372 1
4e92129f4e8066d6f560d6022cd343a2245939aa49d8b06cddbd9bfc7e7eeb0e,38343 7 38596 13 38851 15 39106 16 39362 16 39617 18 39873 19 40128 21 40384 21 40640 22 40895 23 41151 23 41406 24 41662 25 41918 24 42175 23 42431 22 42688 20 42944 19 43201 16 43458 14 43716 6
4e92129f4e8066d6f560d6022cd343a2245939aa49d8b06cddbd9bfc7e7eeb0e,15924 7 16179 9 16435 10 16690 12 16945 14 17199 16 17455 16 17710 17 17967 15 18223 14 18480 12 18737 7
4e92129f4e8066d6f560d6022cd343a2245939aa49d8b06cddbd9bfc7e7eeb0e,62438 2 62685 13 62938 17 63192 20 63447 21 63701 23 63956 24 64211 25 64465 26 64720 26 64975 26 65231 25 65488 24 65744 23 66001 22 66258 21 66523 12 66781 9 67037 9 67296 5 67553 3
4e92129f4e8066d6f560d6022cd343a2245939aa49d8b06cddbd9bfc7e7eeb0e,13057 3 13313 4 13569 5 13825 6 14081 7 14337 8 14593 8 14849 9 15105 9 15361 9 15617 9 15873 9 16129 9 16385 8 16641 8 16897 7 17153 6 17409 5 17665 3
4e92129f4e8066d6f560d6022cd343a2245939aa49d8b06cddbd9bfc7e7eeb0e,40981 11 41236 14 41490 17 41745 19 42001 19 42256 20 42512 22 42768 24 43024 25 43280 25 43537 24 43794 24 44051 23 44306 25 44562 25 44819 24 45076 23 45333 22 45590 21 45847 21 46105 18 46363 14 46622 9
4e92129f4e8066d6f560d6022cd343a2245939aa49d8b06cddbd9bfc7e7eeb0e,8090 4 8344 9 8599 11 8854 12 9110 12 9365 13 9620 15 9876 15 10132 15 10388 15 10643 15 10900 14 11156 13 11413 10
4e92129f4e8066d6f560d6022cd343a2245939aa49d8b06cddbd9bfc7e7eeb0e,75559 6 75813 10 76068 12 76323 15 76578 16 76833 18 77088 19 77344 19 77600 19 77856 19 78112 19 78368 19 78624 19 78880 20 79137 19 79394 17 79651 16 79908 15 80165 13 80423 10 80682 5
4e92129f4e8066d6f560d6022cd343a2245939aa49d8b06cddbd9bfc7e7eeb0e,4351 2 4602 7 4857 8 5112 9 5367 10 5622 11 5877 12 6132 13 6388 13 6644 13 6899 14 7155 14 7411 14 7667 14 7923 14 8179 14 8435 14 8691 14 8947 14 9204 13 9460 13 9716 13 9972 13 10229 12 10486 11 10744 9 11004 5 11263 2
4e92129f4e8066d6f560d6022cd343a2245939aa49d8b06cddbd9bfc7e7eeb0e,3124 5 3378 12 3632 13 3885 17 4140 18 4395 19 4650 20 4905 20 5160 21 5416 20 5671 21 5927 20 6183 20 6439 20 6695 20 6951 19 7207 18 7463 18 7719 16 7976 15 8232 15 8489 13 8746 11 9004 7
4e92129f4e8066d6f560d6022cd343a2245939aa49d8b06cddbd9bfc7e7eeb0e,27613 6 27867 10 28123 10 28378 12 28633 13 28889 13 29144 14 29400 14 29655 15 29911 15 30167 16 30422 17 30679 16 30935 16 31191 16 31447 15 31704 13 31961 11
4e92129f4e8066d6f560d6022cd343a2245939aa49d8b06cddbd9bfc7e7eeb0e,23185 3 23437 8 23691 12 23946 14 24201 15 24457 15 24713 15 24969 15 25225 15 25482 13 25738 12 25995 10 26252 7
4e92129f4e8066d6f560d6022cd343a2245939aa49d8b06cddbd9bfc7e7eeb0e,63746 9 64002 9 64258 10 64514 10 64770 11 65026 11 65282 11 65538 11 65794 11 66050 11 66306 10 66561 11 66817 10 67073 10 67329 9 67585 8 67841 7 68097 6 68353 6 68609 5 68865 4 69121 3
4e92129f4e8066d6f560d6022cd343a2245939aa49d8b06cddbd9bfc7e7eeb0e,40448 1 40703 2 40958 3 41213 4 41469 4 41724 5 41980 5 42236 5 42492 5 42749 4 43006 2
4e92129f4e8066d6f560d6022cd343a2245939aa49d8b06cddbd9bfc7e7eeb0e,9782 9 10036 12 10291 15 10546 16 10801 18 11056 19 11312 20 11568 20 11824 21 12080 21 12336 21 12593 19 12850 18 13107 16 13363 15 13620 13 13877 11 14134 8
4e92129f4e8066d6f560d6022cd343a2245939aa49d8b06cddbd9bfc7e7eeb0e,4254 4 4505 11 4759 15 5014 17 5269 19 5525 20 5781 21 6037 21 6293 21 6550 20 6807 19 7064 18 7321 17 7579 15 7838 11 8095 9
4e92129f4e8066d6f560d6022cd343a2245939aa49d8b06cddbd9bfc7e7eeb0e,8666 5 8921 7 9176 10 9431 13 9686 15 9941 16 10197 17 10452 19 10707 20 10963 20 11218 20 11473 20 11728 20 11984 19 12239 20 12494 21 12749 22 13003 23 13257 25 13511 27 13766 28 14021 28 14276 29 14533 28 14789 27 15052 19 15309 14 15566 3
4e92129f4e8066d6f560d6022cd343a2245939aa49d8b06cddbd9bfc7e7eeb0e,1142 13 1397 14 1652 15 1908 15 2164 16 2419 18 2674 20 2930 20 3185 22 3440 23 3696 24 3952 24 4207 25 4463 25 4720 24 4976 24 5232 23 5489 22 5747 18 6004 17 6261 14 6519 11 6777 4 6782 2
4e92129f4e8066d6f560d6022cd343a2245939aa49d8b06cddbd9bfc7e7eeb0e,70908 4 71163 6 71419 6 71674 7 71930 7 72185 8 72440 9 72696 9 72952 9 73208 9 73464 9 73721 8 73977 8 74234 7 74491 6 74747 6 75003 6 75258 7 75513 8 75770 7 76027 6 76285 4 76543 2 76800 1
4e92129f4e8066d6f560d6022cd343a2245939aa49d8b06cddbd9bfc7e7eeb0e,30625 8 30878 13 31132 16 31387 17 31643 18 31897 20 32152 21 32408 21 32664 22 32920 22 33176 22 33434 20 33691 18 33947 18 34204 16 34460 15 34716 15 34973 12 35229 11
4e92129f4e8066d6f560d6022cd343a2245939aa49d8b06cddbd9bfc7e7eeb0e,49854 6 50109 10 50363 14 50618 17 50873 19 51128 21 51384 23 51640 24 51896 24 52152 24 52408 24 52664 25 52921 24 53177 25 53434 23 53690 23 53946 23 54202 23 54459 21 54715 20 54972 18 55229 15 55486 10 55744 4
4e92129f4e8066d6f560d6022cd343a2245939aa49d8b06cddbd9bfc7e7eeb0e,21859 7 22114 9 22369 12 22624 15 22879 16 23134 17 23389 18 23645 18 23901 18 24157 18 24414 17 24670 17 24927 15 25184 13 25442 10 25701 3
4e92129f4e8066d6f560d6022cd343a2245939aa49d8b06cddbd9bfc7e7eeb0e,53719 11 53974 13 54229 16 54484 18 54739 20 54995 20 55250 20 55505 20 55761 20 56017 19 56273 18 56529 18 56785 18 57041 18 57297 18 57552 19 57808 19 58061 21 58316 22 58572 21 58827 22 59084 20 59337 22 59593 22 59849 21 60105 5 60111 1 60113 12 60371 11
4e92129f4e8066d6f560d6022cd343a2245939aa49d8b06cddbd9bfc7e7eeb0e,5917 9 6171 11 6426 12 6682 12 6938 12 7195 11 7452 8
4e92129f4e8066d6f560d6022cd343a2245939aa49d8b06cddbd9bfc7e7eeb0e,14726 10 14979 15 15232 19 15484 25 15738 29 15992 32 16247 34 16501 37 16756 39 17011 40 17267 41 17522 42 17777 43 18032 44 18288 44 18543 45 18799 45 19054 46 19310 46 19566 45 19822 45 20078 44 20334 44 20590 43 20846 43 21103 41 21359 41 21615 40 21871 39 22128 37 22384 36 22640 35 22897 33 23153 31 23409 28 23666 25 23923 23 24181 15
4e92129f4e8066d6f560d6022cd343a2245939aa49d8b06cddbd9bfc7e7eeb0e,30465 4 30721 6 30977 7 31233 8 31489 8 31745 8 32001 9 32257 9 32513 10 32769 11 33025 11 33281 11 33537 12 33793 12 34049 11 34305 11 34561 11 34817 11 35073 10 35329 10 35585 8 35841 8 36097 6 36353 2
