50a7ea80dd73232a17f98b5c83f62ec89989e892fe25b79b36f99b3872a7d182,65119 6 65478 9 65837 14 66196 17 66555 22 66915 28 67275 35 67635 37 67995 44 68355 45 68716 44 69077 43 69438 42 69799 41 70160 40 70521 39 70881 39 71241 39 71601 39 71962 38 72322 38 72682 38 73042 38 73402 38 73762 38 74122 38 74482 38 74842 38 75202 38 75561 39 75921 39 76281 39 76641 39 77002 38 77362 38 77723 37 78083 37 78443 37 78803 37 79164 36 79525 35 79886 34 80246 34 80607 32 80970 29 81333 25 81696 20 82059 14
50a7ea80dd73232a17f98b5c83f62ec89989e892fe25b79b36f99b3872a7d182,140 30 500 30 860 29 1221 28 1581 27 1942 25 2302 24 2663 22 3024 20 3385 18 3746 16 4107 14 4470 9 4834 3
50a7ea80dd73232a17f98b5c83f62ec89989e892fe25b79b36f99b3872a7d182,74881 1 75241 1 75601 1 75961 1 76321 1 76681 2 77041 2 77401 2 77761 2 78121 2 78481 2 78841 2 79201 2 79561 3 79921 3 80281 3 80641 3 81001 3 81361 3 81721 3 82081 3 82441 3 82801 3 83161 2 83521 2 83881 2 84241 2 84601 1 84961 1 85321 1
50a7ea80dd73232a17f98b5c83f62ec89989e892fe25b79b36f99b3872a7d182,28975 10 29332 15 29688 20 30047 22 30406 26 30765 28 31124 29 31483 30 31842 31 32201 32 32561 32 32920 33 33279 35 33639 35 33999 35 34358 36 34718 36 35077 37 35436 38 35796 38 36156 38 36516 39 36875 40 37234 41 37593 42 37953 42 38312 43 38671 45 39030 46 39389 47 39748 48 40107 50 40467 50 40827 50 41187 50 41546 51 41906 51 42266 51 42626 51 42986 51 43346 51 43705 52 44065 52 44425 52 44785 52 45145 52 45505 52 45865 52 46226 50 46586 50 46947 48 47307 48 47668 46 48028 46 48389 44 48749 44 49110 43 49470 43 49831 41 50191 41 50551 41 50912 39 51272 39 51633 37 51994 35 52354 35 52715 33 53077 30 53439 25 53801 21 54163 17 54525 3
50a7ea80dd73232a17f98b5c83f62ec89989e892fe25b79b36f99b3872a7d182,90360 1 90719 2 91078 3 91438 3 91797 4 92157 4 92516 5 92876 5 93235 6 93595 6 93955 6 94315 6 94675 6 95035 6 95395 6 95755 6 96116 5 96476 5 96837 4 97197 4 97558 3 97919 2 98280 1
50a7ea80dd73232a17f98b5c83f62ec89989e892fe25b79b36f99b3872a7d182,122973 12 123331 19 123685 27 124043 31 124402 34 124760 38 125119 40 125478 42 125838 43 126197 46 126557 47 126917 48 127277 49 127636 50 127996 51 128357 51 128717 52 129078 51 129438 52
50a7ea80dd73232a17f98b5c83f62ec89989e892fe25b79b36f99b3872a7d182,16163 12 16520 18 16871 29 17224 39 17581 44 17940 46 18298 50 18657 52 19016 54 19374 58 19733 60 20092 62 20451 63 20811 64 21171 64 21530 66 21889 67 22249 67 22609 68 22969 69 23329 72 23689 72 24049 72 24409 72 24769 72 25129 71 25489 70 25850 69 26210 69 26571 68 26932 68 27292 68 27652 68 28012 68 28373 67 28733 67 29093 67 29454 66 29815 65 30175 65 30536 64 30897 63 31257 62 31618 60 31979 59 32340 58 32701 57 33062 55 33423 53 33784 51 34146 48 34507 47 34868 45 35229 42 35590 39 35951 37 36312 35 36674 31 37035 25 37397 21 37758 19 38119 17 38481 12 38843 8
50a7ea80dd73232a17f98b5c83f62ec89989e892fe25b79b36f99b3872a7d182,30 40 389 41 746 45 1105 46 1464 47 1823 48 2183 48 2542 49 2901 50 3261 50 3620 51 3980 51 4339 52 4699 52 5059 52 5419 52 5779 51 6139 50 6499 49 6860 47 7220 45 7580 41 7940 30 8301 28 8662 27 9022 27 9382 27 9743 26 10104 25 10465 24 10826 23 11186 23 11547 21 11908 20 12271 16 12633 13 12996 7
50a7ea80dd73232a17f98b5c83f62ec89989e892fe25b79b36f99b3872a7d182,202 36 562 36 922 36 1282 36 1642 36 2002 35 2363 33 2723 32 3084 31 3444 30 3805 28 4165 28 4526 26 4887 24 5248 21 5609 19 5971 15 6332 12 6694 8 7056 3
50a7ea80dd73232a17f98b5c83f62ec89989e892fe25b79b36f99b3872a7d182,116999 2 117358 3 117718 3 118078 3 118438 3 118797 4 119157 4 119517 4 119877 4 120238 3 120598 3 120958 3 121318 3 121678 3 122039 2 122399 2 122760 1
50a7ea80dd73232a17f98b5c83f62ec89989e892fe25b79b36f99b3872a7d182,47484 11 47843 15 48201 19 48560 24 48920 27 49279 29 49638 32 49998 34 50358 35 50718 36 51078 38 51438 39 51798 39 52158 40 52518 40 52879 40 53239 40 53600 40 53961 40 54321 40 54682 39 55042 39 55403 38 55763 38 56124 37 56484 37 56843 38 57203 38 57563 38 57923 38 58283 38 58643 38 59003 38 59363 38 59724 37 60084 37 60445 36 60805 36 61165 36 61526 35 61887 34 62248 33 62609 32 62970 30 63331 28 63691 27 64052 25 64413 23 64774 21 65137 6 65146 7
50a7ea80dd73232a17f98b5c83f62ec89989e892fe25b79b36f99b3872a7d182,108052 7 108408 14 108765 18 109124 22 109483 25 109842 28 110201 30 110561 31 110920 32 111279 34 111639 35 111999 36 112358 38 112718 39 113078 39 113438 40 113797 41 114157 42 114517 43 114877 43 115236 44 115596 44 115956 44 116316 44 116676 44 117036 44 117397 43 117757 43 118117 43 118477 43 118837 43 119198 42 119559 41 119920 40 120280 41 120640 41 121000 41 121361 40 121721 40 122082 39 122442 39 122802 39 123163 37 123523 37 123884 36 124245 35 124606 34 124966 34 125327 32 125687 32 126048 31 126408 30 126769 29 127130 27 127491 25 127852 24 128213 23 128574 21 128935 19 129297 15
50a7ea80dd73232a17f98b5c83f62ec89989e892fe25b79b36f99b3872a7d182,342 19 701 20 1061 20 1421 20 1781 20 2141 20 2501 20 2862 19 3222 19 3582 19 3942 19 4302 19 4663 18 5024 17 5384 17 5745 16 6106 15 6467 14 6828 13 7189 12
50a7ea80dd73232a17f98b5c83f62ec89989e892fe25b79b36f99b3872a7d182,121124 2 121131 3 121483 13 121842 15 122201 17 122561 18 122921 20 123280 22 123640 23 123999 26 124359 27 124719 28 125079 29 125439 29 125799 29 126158 31 126518 31 126878 31 127237 33 127597 34 127957 35 128317 36 128677 36 129036 37 129396 38
50a7ea80dd73232a17f98b5c83f62ec89989e892fe25b79b36f99b3872a7d182,53837 2 54190 16 54549 20 54908 22 55267 25 55626 28 55985 30 56345 31 56705 31 57064 33 57423 34 57781 36 58140 38 58499 39 58859 39 59219 39 59578 40 59937 42 60297 42 60656 43 61016 43 61376 43 61736 43 62095 44 62455 44 62815 44 63175 44 63535 44 63895 44 64255 44 64615 44 64975 43 65335 42 65695 42 66055 42 66415 42 66775 41 67135 41 67496 40 67856 40 68217 38 68578 37 68938 37 69299 36 69659 35 70019 34 70380 33 70741 31 71102 30 71462 29 71823 27 72184 26 72544 25 72905 23 73266 22 73626 21 73987 18 74350 13 74713 9
50a7ea80dd73232a17f98b5c83f62ec89989e892fe25b79b36f99b3872a7d182,53930 4 54288 7 54646 9 55004 11 55360 15 55719 15 56079 11 56439 4 56446 2 56799 3 57158 4 57518 4 57878 3 58238 3 58599 1
50a7ea80dd73232a17f98b5c83f62ec89989e892fe25b79b36f99b3872a7d182,72047 9 72403 15 72760 19 73118 22 73477 25 73835 28 74194 32 74553 36 74912 41 75271 43 75630 46 75989 49 76348 51 76708 52 77067 54 77426 56 77785 58 78145 59 78504 61 78864 61 79224 61 79584 62 79944 62 80304 62 80664 62 81024 62 81384 62 81744 62 82104 63 82464 63 82824 63 83185 62 83546 61 83906 61 84266 61 84627 60 84987 59 85348 58 85708 57 86069 55 86430 53 86791 51 87152 48 87513 46 87876 42 88245 31 88611 23 88977 14
50a7ea80dd73232a17f98b5c83f62ec89989e892fe25b79b36f99b3872a7d182,49598 2 49604 2 49957 10 50317 10 50677 10 51038 8 51399 6 51761 3
50a7ea80dd73232a17f98b5c83f62ec89989e892fe25b79b36f99b3872a7d182,79 26 439 27 799 27 1159 28 1519 29 1879 29 2239 30 2599 31 2959 32 3318 33 3678 34 4038 34 4398 35 4758 36 5118 36 5477 37 5837 37 6196 38 6556 38 6915 40 7275 40 7635 40 7995 40 8355 40 8714 41 9073 42 9433 41 9792 42 10152 42 10511 43 10871 43 11230 43 11589 43 11948 44 12308 43 12668 43 13027 43 13387 42 13747 41 14107 40 14467 39 14828 36 15188 35 15548 33 15908 32 16269 30 16629 28 16990 26 17350 25 17711 22 18072 20 18433 18 18795 14 19157 11 19520 3
50a7ea80dd73232a17f98b5c83f62ec89989e892fe25b79b36f99b3872a7d182,57016 16 57375 19 57731 26 58090 29 58449 32 58807 35 59166 38 59525 40 59884 42 60244 43 60604 44 60963 45 61322 46 61681 48 62041 48 62401 48 62761 49 63121 49 63481 49 63840 51 64200 51 64560 51 64920 52 65279 53 65639 53 65999 53 66359 53 66719 54 67080 53 67440 53 67801 52 68162 51 68523 50 68885 48 69246 47 69607 46 69968 45 70329 44 70690 42 71051 41 71414 37 71775 36 72136 34 72497 33 72861 28 73223 24 73590 8
50a7ea80dd73232a17f98b5c83f62ec89989e892fe25b79b36f99b3872a7d182,101403 12 101761 17 102119 21 102478 23 102837 25 103197 26 103556 28 103915 31 104275 32 104635 33 104995 33 105355 34 105715 34 106075 35 106435 36 106795 36 107155 36 107515 36 107875 36 108235 36 108595 36 108955 36 109316 35 109676 36 110036 37 110397 37 110757 49 111118 50 111478 52 111839 52 112200 52 112561 52 112921 53 113282 52 113645 50 114006 50 114367 49 114727 49 115088 49 115449 49 115811 47 116173 45 116534 45 116896 43 117257 42 117618 41 117981 38 118343 36 118706 33 119068 30 119430 28 119791 26 120152 24 120516 19 120879 14 121242 9
50a7ea80dd73232a17f98b5c83f62ec89989e892fe25b79b36f99b3872a7d182,35358 6 35715 14 36072 19 36431 22 36789 25 37147 29 37504 33 37863 35 38222 36 38581 38 38940 40 39299 41 39658 43 40017 44 40376 45 40736 46 41095 47 41454 48 41813 49 42173 49 42532 50 42892 50 43251 50 43609 52 43968 53 44328 53 44688 53 45048 53 45408 52 45768 51 46127 52 46486 52 46846 51 47205 51 47564 51 47922 52 48281 52 48640 52 48999 51 49359 50 49719 46 50078 46 50438 45 50798 44 51158 43 51518 43 51878 42 52238 41 52598 39 52959 37 53319 36 53680 34 54040 32 54401 28 54762 26 55123 22 55484 20 55846 16 56209 11
