514ccfc78cb55988a238d3ac9dc83460aa88382c95d56bcc0559962d9fe481ef,114038 8 114396 12 114755 15 115114 17 115473 19 115833 20 116192 23 116551 24 116910 26 117270 27 117630 28 117990 28 118349 30 118709 31 119069 31 119428 32 119788 33 120148 33 120508 33 120867 35 121227 35 121587 36 121947 36 122307 36 122667 36 123026 38 123386 38 123746 38 124106 38 124466 38 124826 38 125186 39 125546 38 125906 38 126265 39 126625 38 126985 38 127344 39 127704 39 128064 38 128424 38 128784 38 129144 37 129504 37
514ccfc78cb55988a238d3ac9dc83460aa88382c95d56bcc0559962d9fe481ef,76321 1 76681 4 77041 5 77401 7 77761 8 78121 9 78481 10 78841 11 79201 12 79561 13 79921 14 80281 15 80641 16 81001 17 81361 17 81721 18 82081 18 82441 19 82801 19 83161 19 83521 19 83881 19 84241 20 84601 20 84961 21 85321 22 85681 22 86041 22 86401 22 86761 23 87121 23 87481 24 87841 24 88201 24 88561 24 88921 24 89281 25 89641 25 90001 25 90361 25 90721 24 91081 24 91441 24 91801 24 92161 24 92521 24 92881 23 93241 23 93601 23 93961 23 94321 23 94681 22 95041 22 95401 22 95761 21 96121 21 96481 21 96841 21 97201 21 97561 21 97921 21 98281 21 98641 20 99001 20 99361 20 99721 20 100081 20 100441 20 100801 20 101161 20 101521 19 101881 19 102241 18 102601 18 102961 17 103321 14 103681 12 104041 11 104401 8
514ccfc78cb55988a238d3ac9dc83460aa88382c95d56bcc0559962d9fe481ef,17729 3 18078 1 18088 7 18435 21 18794 24 19153 26 19512 29 19871 31 20231 32 20590 34 20949 37 21309 39 21669 41 22029 42 22389 43 22749 44 23108 46 23468 47 23828 48 24188 48 24548 49 24908 50 25268 52 25628 55 25988 56 26349 56 26709 57 27069 57 27429 58 27789 58 28150 58 28511 57 28871 56 29232 55 29592 55 29953 54 30314 53 30674 53 31035 51 31395 50 31756 48 32116 47 32476 46 32837 44 33197 43 33558 41 33920 39 34280 39 34643 37 35004 36 35365 35 35726 34 36087 33 36447 32 36808 31 37169 29 37531 27 37892 25 38253 22 38614 18 38975 16 39336 14 39697 12 40059 9 40420 7 40782 3
514ccfc78cb55988a238d3ac9dc83460aa88382c95d56bcc0559962d9fe481ef,113062 14 113416 23 113773 27 114130 31 114488 33 114846 36 115205 37 115563 40 115922 41 116282 41 116641 42 117001 42 117361 42 117721 42 118081 42 118441 41 118801 41 119161 41 119522 39 119882 39 120243 37 120603 37 120963 36 121323 35 121684 33 122044 33 122405 31 122765 30 123126 28 123487 9 123848 7
514ccfc78cb55988a238d3ac9dc83460aa88382c95d56bcc0559962d9fe481ef,206 45 566 46 927 46 1287 47 1647 48 2008 48 2368 49 2728 50 3088 51 3449 50 3810 50 4170 50 4531 50 4892 50 5252 51 5613 50 5974 50 6335 50 6696 50 7057 50 7418 50 7779 49 8141 48 8502 47 8863 47 9223 48 9584 47 9945 47 10305 48 10666 47 11027 47 11387 47 11748 47 12109 46 12470 45 12830 45 13191 44 13552 43 13912 43 14273 42 14634 41 14995 40 15355 40 15716 39 16077 38 16438 37 16800 34 17161 33 17522 31 17883 29 18245 26 18606 24 18967 22 19329 18 19692 14 20056 7
514ccfc78cb55988a238d3ac9dc83460aa88382c95d56bcc0559962d9fe481ef,110995 5 111352 10 111709 15 112065 20 112423 23 112781 26 113140 28 113499 30 113859 31 114218 33 114578 33 114937 34 115297 35 115656 37 116016 38 116376 38 116735 39 117095 40 117455 40 117815 40 118175 41 118535 41 118894 42 119254 42 119614 42 119974 43 120334 43 120694 43 121055 42 121415 42 121775 42 122135 42 122495 42 122855 42 123215 42 123575 42 123935 42 124296 41 124656 40 125016 40 125376 40 125737 39 126097 39 126457 39 126817 39 127178 38 127538 38 127899 37 128259 37 128619 37 128980 36 129340 35
514ccfc78cb55988a238d3ac9dc83460aa88382c95d56bcc0559962d9fe481ef,47521 1 47881 1 48241 1 48601 1 48961 2 49321 2 49681 3 50041 3 50401 4 50761 4 51121 5 51481 5 51841 6 52201 6 52561 7 52921 7 53281 8 53641 9 54001 10 54361 10 54721 10 55081 11 55441 11 55801 11 56161 12 56521 12 56881 12 57241 12 57601 12 57961 12 58321 12 58681 13 59041 13 59401 13 59761 12 60121 12 60481 12 60841 12 61201 11 61561 10 61921 10 62281 9 62641 8 63001 6 63361 5 63721 3
514ccfc78cb55988a238d3ac9dc83460aa88382c95d56bcc0559962d9fe481ef,134 31 494 31 853 34 1213 35 1572 37 1932 38 2292 40 2651 42 3011 43 3370 45 3730 46 4090 47 4450 48 4810 49 5170 49 5530 50 5890 51 6250 52 6610 53 6971 52 7331 53 7691 53 8051 54 8411 54 8771 54 9131 55 9492 54 9852 54 10212 55 10573 54 10933 54 11294 54 11654 54 12015 53 12375 53 12736 52 13097 51 13457 51 13818 50 14179 49 14539 49 14900 48 15261 47 15621 47 15982 46 16342 45 16703 44 17064 43 17425 42 17785 42 18146 41 18507 39 18867 39 19228 38 19589 36 19950 35 20311 33 20672 32 21032 32 21393 30 21754 29 22115 28 22476 26 22838 23 23200 20 23563 16 23924 13 24287 9
514ccfc78cb55988a238d3ac9dc83460aa88382c95d56bcc0559962d9fe481ef,17676 5 18033 12 18390 17 18749 19 19108 22 19466 25 19825 27 20183 29 20542 30 20901 32 21261 32 21620 34 21978 37 22337 38 22696 39 23055 40 23413 43 23772 44 24131 45 24490 46 24849 46 25208 48 25567 48 25927 48 26287 48 26646 48 27006 48 27365 48 27725 47 28084 47 28444 46 28804 46 29164 45 29523 45 29883 44 30243 44 30602 44 30962 43 31322 43 31682 42 32042 41 32402 41 32762 40 33122 40 33482 39 33842 39 34203 38 34563 37 34923 36 35283 35 35644 33 36005 31 36366 29 36727 27 37089 24 37450 22 37811 19 38172 16 38534 13 38896 8
514ccfc78cb55988a238d3ac9dc83460aa88382c95d56bcc0559962d9fe481ef,68865 10 69222 17 69575 26 69933 30 70291 34 70649 37 71006 42 71363 46 71717 53 72074 57 72432 59 72788 64 73146 67 73504 70 73863 71 74222 73 74581 74 74940 75 75299 76 75659 77 76018 78 76378 78 76737 79 77097 79 77457 79 77817 79 78176 80 78536 80 78896 79 79256 79 79616 79 79976 79 80337 77 80697 77 81057 76 81418 74 81778 74 82139 72 82499 71 82860 69 83221 66 83581 65 83942 63 84303 61 84663 59 85024 57 85385 55 85745 53 86107 50 86468 47 86829 44 87191 38 87552 35 87914 31 88276 23 88639 19 89003 11
514ccfc78cb55988a238d3ac9dc83460aa88382c95d56bcc0559962d9fe481ef,28136 9 28494 12 28853 16 29212 18 29572 18 29931 20 30290 21 30649 23 31009 24 31368 26 31727 28 32087 28 32446 30 32806 31 33165 32 33524 34 33884 36 34243 37 34603 40 34963 41 35323 42 35683 43 36043 44 36403 44 36764 44 37124 44 37485 44 37845 45 38206 44 38567 44 38928 44 39289 43 39650 43 40010 44 40370 47 40730 48 41089 50 41449 50 41809 50 42168 51 42528 51 42887 51 43247 51 43606 52 43966 51 44325 51 44685 51 45045 50 45405 49 45765 48 46125 47 46486 45 46846 44 47206 43 47567 41 47927 40 48288 38 48650 35 49011 33 49373 29 49739 20 50100 16 50461 7
514ccfc78cb55988a238d3ac9dc83460aa88382c95d56bcc0559962d9fe481ef,39954 7 40313 8 40670 11 41029 12 41387 14 41745 16 42104 17 42463 18 42823 18 43182 19 43541 20 43900 21 44259 22 44619 22 44979 22 45338 23 45698 23 46057 24 46417 24 46777 24 47136 25 47496 25 47856 25 48216 25 48576 25 48936 25 49296 25 49655 26 50016 25 50376 25 50736 25 51096 25 51456 25 51816 25 52176 25 52537 24 52897 24 53258 23 53618 23 53978 23 54339 22 54699 22 55060 21 55420 21 55781 20 56142 19 56503 18 56865 16 57226 15 57589 12 57950 11 58314 7 58675 6 59039 1
514ccfc78cb55988a238d3ac9dc83460aa88382c95d56bcc0559962d9fe481ef,68260 9 68617 14 68976 16 69334 19 69693 21 70052 23 70411 24 70770 26 71130 26 71490 26 71849 27 72209 27 72569 27 72929 28 72968 5 73288 28 73325 12 73648 28 73682 16 74008 28 74041 18 74368 28 74399 21 74727 54 75087 54 75448 53 75808 54 76168 54 76528 54 76888 55 77248 55 77608 55 77968 55 78328 54 78688 54 79048 55 79408 55 79768 55 80128 55 80488 54 80848 54 81208 54 81568 54 81928 53 82288 53 82648 53 83008 53 83368 52 83728 51 84088 51 84447 52 84807 51 85167 51 85526 52 85886 51 86246 51 86606 50 86966 50 87326 49 87685 50 88045 49 88405 48 88766 46 89126 45 89486 45 89846 44 90207 42 90567 42 90928 40 91288 38 91649 36 92010 34 92370 32 92731 30 93092 28 93453 25 93814 23 94176 20 94538 16 94900 11 95263 5
514ccfc78cb55988a238d3ac9dc83460aa88382c95d56bcc0559962d9fe481ef,119521 1 119881 1 120241 2 120601 2 120961 2 121321 2 121681 3 122041 3 122401 4 122761 4 123121 5 123481 6 123841 7 124201 10 124561 9 124921 8 125281 8 125641 7 126001 6 126361 6 126721 5 127081 5 127441 4 127801 4 128161 3 128521 3 128881 3 129241 2
514ccfc78cb55988a238d3ac9dc83460aa88382c95d56bcc0559962d9fe481ef,63193 8 63549 14 63908 16 64266 19 64624 21 64982 24 65341 25 65699 28 66058 30 66417 32 66776 33 67135 34 67494 35 67853 36 68213 36 68572 37 68931 38 69290 39 69649 40 70008 41 70368 40 70727 41 71087 41 71446 42 71805 42 72165 42 72524 43 72884 43 73243 43 73602 44 73962 43 74322 43 74681 44 75040 45 75400 45 75760 45 76119 46 76479 46 76839 45 77198 46 77558 46 77918 46 78278 47 78638 47 78998 47 79358 47 79718 47 80077 48 80437 48 80797 48 81158 47 81518 47 81878 47 82239 46 82599 46 82960 45 83320 44 83681 43 84042 42 84402 42 84763 41 85124 40 85485 39 85846 38 86206 37 86567 36 86928 35 87288 34 87648 34 88009 32 88370 31 88732 28 89094 25 89455 23 89816 21 90178 18 90540 14 90903 7
514ccfc78cb55988a238d3ac9dc83460aa88382c95d56bcc0559962d9fe481ef,9 57 369 57 730 55 1090 54 1451 52 1811 51 2172 49 2533 47 2894 45 3254 42 3615 39 3976 36 4339 30 4700 26 5063 21 5425 15 5789 7
514ccfc78cb55988a238d3ac9dc83460aa88382c95d56bcc0559962d9fe481ef,55015 7 55372 14 55730 18 56088 21 56447 23 56806 25 57164 27 57523 29 57882 31 58241 32 58601 32 58960 34 59319 35 59678 37 60038 37 60398 37 60757 39 61117 39 61476 40 61836 40 62196 40 62556 41 62916 41 63275 42 63635 43 63995 44 64355 44 64715 44 65075 45 65435 46 65795 46 66155 47 66515 47 66875 47 67235 47 67595 48 67956 47 68316 47 68676 47 69036 48 69396 48 69756 48 70116 48 70476 48 70837 47 71197 47 71557 47 71917 47 72277 47 72638 46 72998 47 73358 47 73718 47 74078 47 74439 45 74799 45 75159 45 75520 44 75880 43 76240 43 76600 43 76961 42 77321 42 77682 41 78042 40 78403 39 78764 37 79124 37 79485 35 79846 34 80207 32 80567 32 80929 29 81290 27 81651 25 82012 23 82374 18 82737 14 83100 10
514ccfc78cb55988a238d3ac9dc83460aa88382c95d56bcc0559962d9fe481ef,104381 13 104740 16 105097 22 105455 26 105813 28 106172 29 106531 30 106890 31 107250 31 107609 32 107968 33 108328 33 108687 34 109047 34 109406 35 109766 35 110125 36 110485 36 110844 37 111204 37 111564 37 111924 37 112283 38 112643 38 113003 38 113363 38 113723 38 114083 38 114443 38 114803 38 115164 37 115524 37 115884 37 116244 37 116604 37 116965 36 117325 36 117685 36 118046 35 118406 35 118766 35 119126 35 119487 34 119847 34 120207 34 120567 34 120927 34 121288 33 121648 33 122009 32 122369 32 122729 32 123090 31 123451 30 123812 29 124173 28 124534 27 124895 26 125256 25 125617 24 125978 23 126340 21 126701 20 127063 15 127426 9
514ccfc78cb55988a238d3ac9dc83460aa88382c95d56bcc0559962d9fe481ef,296 40 656 41 1016 48 1376 50 1736 51 2096 53 2456 54 2816 55 3176 55 3537 55 3897 56 4257 56 4618 55 4979 55 5340 54 5701 53 6062 52 6422 53 6783 52 7144 51 7506 49 7867 48 8229 46 8591 44 8954 41 9318 37 9683 32 10043 32 10404 31 10763 32 11124 31 11484 30 11844 29 12205 28 12565 27 12925 27 13286 25 13646 24 14007 22 14368 20 14729 17 15090 14 15454 8 15817 4
514ccfc78cb55988a238d3ac9dc83460aa88382c95d56bcc0559962d9fe481ef,83465 5 83825 5 84184 7 84544 7 84904 7 85265 6 85625 6 85986 4
514ccfc78cb55988a238d3ac9dc83460aa88382c95d56bcc0559962d9fe481ef,113588 8 113946 12 114305 14 114664 16 115024 17 115383 19 115743 19 116102 21 116462 22 116822 22 117182 22 117542 22 117902 22 118262 23 118622 23 118982 23 119342 23 119702 23 120062 23 120422 23 120782 23 121142 23 121502 23 121862 23 122222 23 122581 23 122941 23 123300 24 123660 23 124020 23 124379 24 124737 25 125096 26 125453 29 125807 35 126165 36 126523 38 126882 38 127241 39 127599 40 127957 42 128316 42 128675 43 129034 44 129394 44
