516a0e20327d6dfcedcf57e3056115e4fb29cdf4cb349003bdfc75c9b7f5c2cf,310 15 670 15 1032 11 1394 8
516a0e20327d6dfcedcf57e3056115e4fb29cdf4cb349003bdfc75c9b7f5c2cf,114435 16 114790 24 115145 32 115502 41 115860 46 116219 48 116578 51 116937 53 117296 56 117655 58 118015 59 118373 62 118733 62 119093 63 119453 63 119813 63 120173 64 120533 63 120893 64 121254 62 121614 62 121975 61 122337 59 122699 57 123061 55 123422 53 123784 51 124145 50 124507 48 124868 47 125228 46 125591 40 125955 34 126316 30 126681 23 127047 15 127412 9 127776 3
516a0e20327d6dfcedcf57e3056115e4fb29cdf4cb349003bdfc75c9b7f5c2cf,100324 6 100682 12 101039 17 101398 19 101757 22 102116 24 102475 27 102834 30 103194 32 103554 33 103914 34 104273 36 104633 38 104993 39 105352 41 105712 42 106072 44 106432 45 106792 46 107152 47 107512 48 107872 48 108232 49 108592 49 108953 49 109313 49 109673 50 110033 50 110394 49 110755 48 111116 47 111476 46 111836 46 112197 44 112557 44 112917 44 113277 43 113637 43 113997 43 114357 42 114717 42 115077 41 115438 40 115798 39 116158 39 116518 38 116879 36 117239 35 117600 34 117961 32 118322 30 118683 28 119044 26 119409 20 119772 15 120133 12 120495 8 120856 6
516a0e20327d6dfcedcf57e3056115e4fb29cdf4cb349003bdfc75c9b7f5c2cf,13747 1 14101 13 14457 20 14813 27 15170 32 15528 35 15886 38 16245 39 16604 41 16963 43 17322 45 17681 46 18040 47 18399 48 18759 48 19118 49 19477 51 19836 51 20195 52 20555 52 20914 53 21274 54 21634 54 21993 55 22353 55 22713 56 23072 58 23432 58 23792 59 24152 59 24512 59 24871 61 25231 61 25591 62 25951 62 26311 62 26671 63 27031 63 27390 65 27751 63 28111 64 28471 64 28832 63 29192 62 29552 62 29912 62 30273 61 30635 58 30996 57 31358 55 31719 54 32080 52 32441 50 32803 47 33165 44 33527 42 33889 38 34251 35 34613 31 34979 24 35343 18 35707 12 36071 1
516a0e20327d6dfcedcf57e3056115e4fb29cdf4cb349003bdfc75c9b7f5c2cf,78828 9 79187 11 79547 13 79906 15 80266 15 80626 15 80986 15 81346 15 81706 15 82066 15 82425 16 82786 15 83146 15 83505 16 83865 16 84225 16 84585 16 84945 16 85305 16 85665 16 86025 16 86385 16 86745 16 87105 16 87465 16 87825 16 88185 16 88545 16 88904 17 89264 17 89624 17 89984 17 90344 17 90704 17 91065 16 91425 16 91784 17 92144 17 92504 17 92864 17 93225 16 93585 16 93945 16 94305 16 94666 15 95026 15 95387 14 95748 13 96109 12 96470 11 96830 11 97191 10 97553 8
516a0e20327d6dfcedcf57e3056115e4fb29cdf4cb349003bdfc75c9b7f5c2cf,20750 5 21109 7 21467 11 21827 12 22186 14 22545 16 22905 16 23265 17 23624 19 23984 19 24344 20 24704 20 25064 21 25424 21 25784 21 26144 21 26504 21 26864 22 27223 24 27583 26 27942 27 28302 27 28662 27 29021 28 29380 29 29739 29 30098 30 30457 31 30817 30 31176 30 31536 30 31896 29 32256 29 32616 28 32976 27 33336 27 33696 27 34056 25 34416 25 34776 25 35137 24 35498 23 35858 22 36218 22 36578 22 36939 21 37300 20 37660 19 38021 18 38381 17 38742 16 39102 15 39463 14 39824 12 40184 10 40545 8
516a0e20327d6dfcedcf57e3056115e4fb29cdf4cb349003bdfc75c9b7f5c2cf,34907 1 35262 14 35619 20 35978 23 36336 25 36696 25 37055 26 37414 27 37773 28 38133 28 38492 29 38851 30 39211 30 39571 30 39930 31 40290 31 40650 31 41010 31 41369 32 41729 32 42089 32 42449 32 42809 32 43168 33 43528 33 43888 33 44248 33 44608 33 44968 33 45328 33 45688 33 46048 33 46408 33 46768 33 47128 33 47488 33 47848 33 48209 32 48569 32 48929 32 49289 32 49650 31 50010 31 50370 31 50731 30 51091 30 51452 29 51812 29 52173 28 52533 28 52894 27 53254 27 53615 26 53975 26 54336 25 54697 24 55057 24 55418 23 55779 22 56139 22 56500 21 56861 20 57222 19 57583 18 57945 16 58307 14 58670 11 59033 8
516a0e20327d6dfcedcf57e3056115e4fb29cdf4cb349003bdfc75c9b7f5c2cf,124701 7 125057 13 125413 19 125771 22 126129 25 126488 27 126847 29 127206 30 127566 31 127925 32 128285 33 128643 35 129002 36 129361 37
516a0e20327d6dfcedcf57e3056115e4fb29cdf4cb349003bdfc75c9b7f5c2cf,83901 1 83903 12 84260 19 84618 22 84975 27 85335 28 85692 33 86052 34 86411 37 86770 39 87129 41 87489 41 87847 44 88207 45 88566 47 88925 48 89284 50 89644 50 90003 51 90363 52 90723 52 91083 52 91442 54 91802 54 92161 56 92521 56 92881 56 93241 56 93601 57 93961 57 94321 58 94681 58 95041 58 95401 59 95761 59 96121 59 96481 60 96841 60 97201 61 97561 62 97921 62 98281 62 98641 62 99001 63 99361 63 99721 63 100082 62 100442 63 100803 62 101163 63 101523 63 101883 63 102243 64 102604 63 102965 62 103325 62 103685 64 104046 63 104406 62 104767 62 105127 63 105487 64 105847 65 106207 65 106568 64 106928 65 107288 66 107649 65 108009 65 108369 65 108729 66 109090 65 109450 66 109811 64 110171 64 110531 65 110892 63 111252 64 111613 63 111974 62 112334 62 112695 61 113056 60 113417 58 113778 56 114140 54 114501 53 114861 53 115222 51 115582 51 115944 48 116305 46 116665 46 117026 44 117387 42 117748 40 118108 40 118469 38 118830 36 119190 34 119551 31 119912 28 120273 26 120635 22 120998 16 121360 10
516a0e20327d6dfcedcf57e3056115e4fb29cdf4cb349003bdfc75c9b7f5c2cf,16830 3 17188 9 17547 13 17906 15 18264 19 18623 21 18982 23 19340 26 19697 30 20055 33 20414 34 20773 36 21132 38 21491 40 21851 41 22210 42 22570 43 22930 44 23290 44 23650 45 24010 45 24370 46 24730 46 25090 47 25450 49 25810 53 25864 1 26171 57 26531 61 26891 62 27252 63 27612 63 27973 63 28334 62 28694 63 29054 63 29414 63 29774 64 30135 63 30495 63 30856 62 31216 63 31576 63 31937 62 32297 62 32658 60 33018 60 33379 59 33739 58 34100 57 34461 22 34493 23 34822 19 34855 20 35184 15 35216 17 35545 12 35580 11 35911 1 35944 2
516a0e20327d6dfcedcf57e3056115e4fb29cdf4cb349003bdfc75c9b7f5c2cf,29893 17 30252 21 30610 25 30969 27 31328 30 31688 31 32047 33 32406 35 32766 37 33126 39 33485 42 33845 44 34204 47 34564 49 34924 51 35284 53 35643 55 36003 57 36363 58 36723 60 37083 61 37443 63 37803 65 38163 66 38523 67 38883 68 39243 69 39603 70 39963 71 40323 72 40683 72 41043 73 41404 72 41764 73 42124 73 42485 73 42846 72 43207 71 43567 71 43928 70 44289 69 44651 67 45012 66 45373 65 45734 63 46095 62 46457 59 46818 58 47180 56 47542 53 47904 51 48266 48 48629 44 48991 41 49352 39 49714 35 50077 31 50440 26 50803 21 51166 17 51530 8
516a0e20327d6dfcedcf57e3056115e4fb29cdf4cb349003bdfc75c9b7f5c2cf,42354 5 42712 10 43071 12 43431 12 43790 14 44150 14 44510 14 44870 14 45230 14 45591 12 45952 10 46313 9 46675 4
516a0e20327d6dfcedcf57e3056115e4fb29cdf4cb349003bdfc75c9b7f5c2cf,120512 7 120864 22 121219 31 121575 38 121933 42 122291 46 122651 48 123010 51 123370 52 123729 55 124089 56 124448 59 124808 60 125167 61 125527 62 125887 63 126247 64 126607 64 126966 66 127326 66 127686 66 128046 66 128406 67 128766 67 129126 67 129487 66
516a0e20327d6dfcedcf57e3056115e4fb29cdf4cb349003bdfc75c9b7f5c2cf,86553 7 86909 14 87264 20 87623 22 87982 24 88340 27 88698 30 89058 30 89416 31 89775 33 90133 35 90489 39 90848 41 91207 42 91563 46 91922 47 92280 49 92638 51 92998 51 93357 51 93716 52 94075 53 94434 53 94793 54 95153 53 95512 53 95871 53 96230 54 96589 54 96949 53 97308 52 97668 51 98028 50 98388 49 98748 47 99108 46 99468 45 99827 45 100188 41 100548 39 100908 38 101268 36 101628 34 101989 32 102349 31 102710 28 103070 27 103431 23 103793 21 104155 16 104517 11 104882 2
516a0e20327d6dfcedcf57e3056115e4fb29cdf4cb349003bdfc75c9b7f5c2cf,85 28 445 28 805 28 1165 27 1525 27 1885 27 2245 27 2605 26 2966 25 3326 25 3686 24 4047 23 4407 22 4768 20 5128 20 5489 17 5850 16 6212 12 6573 10 6935 6
516a0e20327d6dfcedcf57e3056115e4fb29cdf4cb349003bdfc75c9b7f5c2cf,205 32 564 34 924 35 1284 36 1644 36 2004 37 2364 37 2723 38 3083 38 3442 39 3802 39 4162 39 4522 39 4881 40 5241 40 5600 41 5960 41 6320 41 6679 42 7039 42 7398 43 7758 42 8117 42 8477 42 8837 42 9197 42 9557 41 9917 41 10277 41 10637 41 10997 41 11357 41 11717 41 12077 41 12438 40 12798 40 13159 39 13519 39 13880 38 14240 37 14601 36 14962 35 15323 33 15684 32 16044 32 16405 30 16766 28 17126 28 17487 27 17847 25 18208 24 18569 21 18931 18 19292 15 19654 11 20016 3 20020 1
516a0e20327d6dfcedcf57e3056115e4fb29cdf4cb349003bdfc75c9b7f5c2cf,6742 9 7099 16 7458 19 7816 23 8174 27 8533 28 8891 31 9251 32 9610 33 9969 35 10329 35 10688 36 11048 36 11408 36 11768 36 12128 36 12488 36 12848 36 13208 35 13568 35 13928 34 14289 32 14649 30 15009 29 15370 27 15730 25 16091 23 16452 16 16813 12 17174 7
516a0e20327d6dfcedcf57e3056115e4fb29cdf4cb349003bdfc75c9b7f5c2cf,89956 2 89959 8 90311 18 90669 23 91027 27 91385 30 91744 33 92104 34 92463 36 92822 38 93182 39 93540 41 93900 42 94259 43 94618 44 94978 45 95337 46 95697 46 96056 47 96415 48 96775 48 97134 48 97494 48 97853 49 98213 49 98573 48 98933 48 99292 49 99652 48 100012 48 100372 47 100732 46 101092 46 101452 45 101812 45 102172 45 102532 45 102892 44 103252 44 103612 43 103972 43 104332 43 104692 42 105052 42 105412 41 105772 41 106133 39 106493 39 106853 38 107214 36 107574 36 107935 34 108295 33 108655 33 109017 29 109377 29 109737 28 110098 26 110458 26 110820 23 111181 21 111541 20 111902 17 112265 14
516a0e20327d6dfcedcf57e3056115e4fb29cdf4cb349003bdfc75c9b7f5c2cf,125274 7 125631 10 125989 12 126346 15 126704 17 127062 19 127421 20 127779 22 128138 23 128498 23 128858 23 129218 23 129577 24
516a0e20327d6dfcedcf57e3056115e4fb29cdf4cb349003bdfc75c9b7f5c2cf,29709 10 30066 15 30423 23 30781 27 31140 29 31497 34 31855 37 32213 40 32572 43 32931 44 33291 45 33650 46 34010 46 34369 47 34729 47 35088 49 35447 51 35807 51 36166 52 36526 52 36885 54 37245 55 37605 55 37965 55 38324 57 38684 57 39044 57 39404 57 39764 57 40124 58 40484 58 40845 57 41205 57 41565 57 41926 56 42287 55 42647 55 43008 54 43368 53 43729 52 44089 52 44450 50 44811 49 45172 48 45533 46 45895 44 46255 43 46616 42 46978 39 47340 36 47700 36 48062 34 48423 31 48785 29 49146 26 49508 24 49870 19 50231 17 50594 10
516a0e20327d6dfcedcf57e3056115e4fb29cdf4cb349003bdfc75c9b7f5c2cf,1441 1 1801 1 2161 2 2521 2 2881 3 3241 3 3601 3 3961 4 4321 5 4681 7 4689 2 5041 14 5401 16 5761 17 6121 18 6481 19 6841 20 7201 21 7561 21 7921 21 8281 21 8641 22 9001 22 9361 22 9721 22 10081 21 10441 21 10801 20 11161 20 11521 19 11881 19 12241 18 12601 17 12961 16 13321 15 13681 14 14041 12 14401 9 14761 1 14764 2
516a0e20327d6dfcedcf57e3056115e4fb29cdf4cb349003bdfc75c9b7f5c2cf,107474 14 107833 18 108190 23 108546 28 108905 30 109263 32 109619 37 109977 40 110335 42 110693 45 111051 47 111409 50 111767 51 112126 52 112485 54 112844 55 113202 57 113562 57 113921 58 114281 58 114640 59 115000 59 115359 59 115719 60 116079 59 116438 60 116798 60 117158 59 117518 59 117878 58 118238 58 118598 57 118958 56 119319 54 119679 53 120040 51 120400 49 120761 47 121122 45 121483 42 121844 38 122206 30 122568 26 122935 6
