5488e8df5440ee5161fdfae3aeccd2ee396636430065c90e3f1f73870a975991,84975 8 85334 11 85693 14 86052 17 86412 18 86772 19 87132 19 87492 20 87852 20 88212 20 88561 7 88572 20 88921 9 88932 19 89281 10 89293 18 89641 10 89654 16 90001 10 90014 16 90361 11 90375 15 90721 12 90736 14 91081 13 91096 13 91441 28 91801 27 92161 26 92521 24 92881 23 93241 21 93601 20 93961 19 94321 18 94681 17 95041 16 95401 16 95761 16 96121 16 96481 16 96841 15 97201 15 97561 14 97921 13 98281 12 98641 11 99001 9 99365 3
5488e8df5440ee5161fdfae3aeccd2ee396636430065c90e3f1f73870a975991,47639 20 47997 24 48355 33 48714 36 49073 38 49430 42 49789 44 50148 45 50507 47 50866 48 51225 50 51584 51 51944 51 52303 52 52663 52 53022 53 53382 53 53741 54 54100 54 54460 54 54820 53 55180 52 55539 53 55899 53 56259 52 56619 51 56979 50 57338 50 57698 49 58058 48 58418 47 58778 46 59138 46 59498 45 59858 44 60219 42 60580 40 60940 39 61301 37 61661 37 62022 35 62383 34 62744 33 63104 32 63465 31 63826 30 64186 30 64546 30 64907 28 65267 28 65627 28 65987 27 66347 27 66708 25 67069 23 67431 20 67792 18 68154 14 68516 10
5488e8df5440ee5161fdfae3aeccd2ee396636430065c90e3f1f73870a975991,11847 6 12206 9 12565 13 12923 16 13282 18 13641 20 14000 21 14359 23 14718 25 15076 27 15434 29 15792 32 16151 33 16509 35 16868 36 17226 38 17585 39 17944 39 18303 40 18663 39 19022 39 19381 39 19741 38 20100 38 20459 38 20818 34 21178 31 21538 29 21897 28 22257 27 22616 26 22976 24 23336 23 23696 22 24056 21 24416 20 24776 19 25136 18 25496 17 25856 17 26216 17 26577 16 26937 16 27297 16 27658 15 28019 14 28380 13 28741 11 29102 7
5488e8df5440ee5161fdfae3aeccd2ee396636430065c90e3f1f73870a975991,5091 7 5449 10 5808 12 6166 14 6525 16 6885 18 7244 20 7604 20 7964 20 8324 20 8683 21 9043 21 9403 21 9763 21 10123 21 10484 19 10844 19 11204 18 11565 15 11925 13 12285 12 12645 9 13006 6
5488e8df5440ee5161fdfae3aeccd2ee396636430065c90e3f1f73870a975991,29525 7 29883 11 30242 13 30601 15 30961 16 31321 17 31681 19 32041 20 32401 21 32761 21 33121 22 33481 22 33841 23 34201 23 34561 24 34921 24 35281 25 35641 26 36001 26 36361 26 36721 26 37081 27 37441 27 37801 28 38161 28 38521 28 38881 28 39241 28 39601 28 39961 29 40321 29 40681 29 41041 29 41401 29 41761 29 42121 29 42481 29 42841 29 43201 29 43561 29 43921 29 44281 29 44641 29 45001 29 45361 29 45721 29 46081 29 46441 29 46801 29 47161 28 47521 27 47881 27 48241 26 48602 25 48963 23 49324 21 49686 18 50047 16 50411 7
5488e8df5440ee5161fdfae3aeccd2ee396636430065c90e3f1f73870a975991,53648 11 54004 19 54363 22 54722 25 55081 27 55441 29 55801 30 56161 32 56521 33 56881 35 57241 36 57601 37 57961 38 58321 39 58681 39 59041 40 59401 40 59761 41 60121 42 60481 42 60841 43 61201 43 61561 44 61921 44 62281 44 62641 45 63001 45 63361 45 63721 46 64081 46 64441 46 64801 46 65161 46 65521 47 65881 47 66241 47 66601 47 66961 48 67321 48 67681 48 68041 48 68401 48 68761 48 69122 47 69483 46 69844 44 70205 43 70566 42 70927 41 71287 41 71647 41 72008 40 72369 39 72729 39 73090 37 73450 37 73811 36 74172 34 74532 34 74892 33 75253 32 75614 31 75975 29 76336 27 76697 25 77058 24 77419 22 77780 20 78141 18 78503 13
5488e8df5440ee5161fdfae3aeccd2ee396636430065c90e3f1f73870a975991,120067 6 120424 14 120782 18 121141 21 121499 24 121858 27 122217 29 122577 30 122936 32 123295 34 123655 35 124014 37 124374 37 124733 39 125093 40 125453 41 125812 42 126172 43 126532 43 126892 44 127252 44 127612 44 127972 44 128332 44 128692 44 129052 44 129413 43
5488e8df5440ee5161fdfae3aeccd2ee396636430065c90e3f1f73870a975991,20852 8 21209 12 21567 15 21925 18 22284 20 22642 22 23000 24 23359 25 23718 26 24077 27 24436 28 24795 28 25154 28 25513 28 25873 27 26233 25 26593 24 26953 21 27313 19 27673 17 28035 11
5488e8df5440ee5161fdfae3aeccd2ee396636430065c90e3f1f73870a975991,35689 10 36045 16 36403 19 36762 21 37120 24 37479 26 37838 27 38196 30 38555 32 38915 32 39275 33 39635 33 39995 34 40354 36 40714 36 41074 37 41433 39 41792 43 42152 45 42512 47 42872 49 43232 50 43592 50 43952 51 44312 52 44672 52 45032 53 45393 52 45753 53 46113 53 46473 53 46834 52 47194 52 47554 52 47915 51 48276 50 48637 49 48998 48 49359 46 49720 45 50082 43 50443 42 50804 41 51167 37 51529 35 51892 31 52254 28 52616 25 52977 23 53338 21 53700 17 54063 11
5488e8df5440ee5161fdfae3aeccd2ee396636430065c90e3f1f73870a975991,61421 8 61776 18 62132 25 62489 31 62848 33 63207 36 63566 39 63925 41 64284 43 64643 45 65002 46 65361 48 65721 49 66081 49 66441 50 66801 51 67161 52 67522 51 67882 52 68242 53 68603 52 68964 52 69324 53 69686 52 70047 51 70409 50 70770 50 71131 49 71492 49 71853 49 72214 48 72575 47 72937 46 73299 44 73661 42 74022 41 74384 39 74746 37 75108 34 75470 31 75834 25 76198 19 76567 4
5488e8df5440ee5161fdfae3aeccd2ee396636430065c90e3f1f73870a975991,121318 3 121675 6 122033 8 122391 10 122750 11 123109 12 123468 13 123827 14 124186 15 124545 16 124905 16 125264 17 125623 18 125982 19 126342 19 126701 20 127061 20 127420 21 127780 21 128139 22 128499 22 128858 23 129218 23 129578 1 129582 19
5488e8df5440ee5161fdfae3aeccd2ee396636430065c90e3f1f73870a975991,113485 11 113844 16 114203 19 114562 21 114922 22 115281 23 115641 24 116001 24 116361 24 116720 25 117080 25 117439 26 117799 26 118159 26 118519 26 118879 26 119239 26 119599 26 119959 26 120319 25 120680 24 121040 24 121401 22 121761 22 122122 21 122482 20 122842 20 123203 18 123564 16 123924 16 124285 14 124647 11 125008 9
5488e8df5440ee5161fdfae3aeccd2ee396636430065c90e3f1f73870a975991,82661 10 83018 15 83376 19 83735 21 84094 23 84452 26 84811 28 85171 28 85530 29 85890 29 86249 29 86609 29 86969 28 87329 28 87689 27 88049 27 88409 25 88769 23 89130 11 89143 5 89490 10 89850 8
5488e8df5440ee5161fdfae3aeccd2ee396636430065c90e3f1f73870a975991,5924 14 6282 18 6641 20 7000 22 7359 24 7718 25 8078 26 8437 27 8797 28 9156 29 9516 29 9875 30 10235 30 10594 32 10954 32 11314 32 11673 33 12033 33 12393 33 12752 34 13112 35 13472 35 13832 35 14192 35 14553 34 14913 34 15273 34 15633 33 15993 33 16353 33 16713 33 17073 33 17433 33 17793 33 18154 32 18514 32 18874 33 19234 33 19594 33 19954 33 20315 32 20675 32 21035 32 21396 30 21757 29 22117 28 22478 27 22838 26 23199 25 23560 23 23921 21 24282 19 24643 17 25005 13 25367 8
5488e8df5440ee5161fdfae3aeccd2ee396636430065c90e3f1f73870a975991,113867 12 114226 17 114585 20 114944 22 115304 23 115665 23 116025 25 116385 26 116745 27 117105 28 117465 28 117825 29 118185 30 118545 31 118905 32 119265 33 119625 34 119985 36 120344 38 120704 39 121064 39 121423 40 121783 40 122143 40 122502 41 122862 41 123221 41 123580 42 123940 42 124299 42 124658 43 125017 43 125377 40 125737 38 126097 35 126457 32 126817 28 127178 23 127539 6
5488e8df5440ee5161fdfae3aeccd2ee396636430065c90e3f1f73870a975991,75240 1 75599 2 75957 4 76316 5 76676 5 77035 6 77394 7 77753 8 78112 9 78471 10 78831 10 79190 11 79549 12 79909 12 80268 13 80628 13 80988 13 81347 14 81707 14 82067 14 82426 15 82786 15 83146 15 83506 15 83867 14 84227 14 84588 13 84948 13 85309 12 85669 12 86029 12 86390 11 86750 11 87111 10 87471 10 87832 9 88193 8 88554 7 88915 6 89276 5 89638 3 90000 1
5488e8df5440ee5161fdfae3aeccd2ee396636430065c90e3f1f73870a975991,81609 12 81968 14 82328 16 82688 17 83048 18 83408 18 83769 17 84131 15 84493 13 84855 10
5488e8df5440ee5161fdfae3aeccd2ee396636430065c90e3f1f73870a975991,296 31 654 34 1013 36 1372 37 1731 39 2091 39 2451 40 2810 41 3170 42 3530 42 3890 43 4250 44 4610 44 4971 43 5331 44 5691 45 6052 44 6412 45 6773 44 7133 44 7494 43 7854 43 8215 42 8576 40 8936 40 9296 40 9656 39 10016 38 10376 37 10737 34 11097 33 11457 32 11817 30 12177 29 12538 27 12898 25 13258 24 13618 23 13979 21 14339 20 14699 19 15060 16 15420 14 15781 11 16143 8
5488e8df5440ee5161fdfae3aeccd2ee396636430065c90e3f1f73870a975991,106811 7 107168 13 107527 18 107886 22 108245 25 108604 27 108963 29 109322 30 109682 30 110042 31 110402 31 110762 31 111122 32 111482 32 111842 33 112202 34 112562 34 112922 34 113282 34 113642 34 114003 32 114363 32 114724 30 115084 30 115444 29 115804 29 116165 28 116525 28 116886 26 117246 25 117606 24 117966 23 118327 21 118688 18 119049 16 119410 13 119772 10
5488e8df5440ee5161fdfae3aeccd2ee396636430065c90e3f1f73870a975991,83223 7 83581 13 83940 19 84298 24 84657 27 85016 29 85375 32 85734 34 86093 37 86452 40 86811 42 87171 43 87531 45 87890 47 88250 48 88610 50 88970 51 89330 52 89691 52 90051 53 90411 54 90771 54 91131 55 91492 55 91852 55 92212 56 92573 55 92933 55 93294 54 93654 55 94015 54 94376 53 94736 53 95097 52 95458 50 95818 50 96179 49 96540 47 96901 46 97262 44 97623 43 97984 41 98345 39 98706 37 99067 35 99428 34 99789 32 100151 29 100513 26 100875 23 101237 19 101598 17 101960 13
5488e8df5440ee5161fdfae3aeccd2ee396636430065c90e3f1f73870a975991,81914 3 82271 8 82630 11 82989 13 83349 13 83708 15 84067 16 84426 18 84786 18 85146 18 85506 18 85866 18 86226 18 86586 18 86946 18 87307 16 87667 16 88028 14 88389 12 88750 9 89111 5
5488e8df5440ee5161fdfae3aeccd2ee396636430065c90e3f1f73870a975991,88434 3 88792 8 89141 2 89148 14 89500 22 89858 25 90213 30 90573 30 90933 31 91293 31 91651 34 92010 35 92370 35 92729 36 93089 37 93448 38 93809 37 94169 37 94529 36 94889 36 95249 36 95609 36 95969 35 96329 35 96690 33 97050 32 97411 31 97772 29 98134 27 98496 24 98857 20 99217 18 99578 15 99941 8
5488e8df5440ee5161fdfae3aeccd2ee396636430065c90e3f1f73870a975991,20 45 381 43 742 42 1103 41 1465 38 1827 35 2189 32 2550 30 2912 27 3274 23 3636 19 3998 15 4361 10 4723 6
5488e8df5440ee5161fdfae3aeccd2ee396636430065c90e3f1f73870a975991,74453 7 74809 15 75168 19 75527 22 75886 26 76244 30 76603 34 76962 36 77322 37 77681 39 78041 40 78400 42 78760 43 79119 45 79479 45 79839 46 80199 47 80559 47 80919 47 81279 48 81639 48 81999 48 82359 49 82719 50 83079 50 83440 49 83801 48 84161 49 84522 48 84883 47 85244 46 85605 45 85966 44 86327 44 86688 43 87049 42 87411 40 87772 38 88134 35 88495 34 88857 32 89218 30 89580 27 89941 25 90303 21 90665 17 91031 6
5488e8df5440ee5161fdfae3aeccd2ee396636430065c90e3f1f73870a975991,53905 6 54261 12 54619 17 54977 21 55336 23 55695 25 56054 27 56413 28 56772 30 57131 32 57491 32 57850 33 58209 34 58569 34 58928 35 59288 36 59647 37 60007 37 60367 37 60726 39 61086 39 61446 40 61806 40 62166 41 62526 42 62887 41 63247 42 63608 42 63969 41 64330 41 64690 42 65051 41 65412 41 65773 40 66134 39 66495 39 66856 38 67217 37 67578 36 67938 36 68299 35 68660 34 69021 32 69381 32 69742 31 70103 29 70465 27 70825 26 71187 23 71548 21 71909 18 72272 13 72635 8
5488e8df5440ee5161fdfae3aeccd2ee396636430065c90e3f1f73870a975991,127841 13 128198 18 128556 21 128915 24 129275 24
5488e8df5440ee5161fdfae3aeccd2ee396636430065c90e3f1f73870a975991,108 42 467 44 825 47 1184 49 1544 49 1903 51 2262 52 2621 53 2980 54 3339 55 3698 56 4058 56 4417 57 4777 57 5136 58 5495 59 5855 59 6215 59 6574 60 6934 60 7293 61 7653 61 8012 62 8372 62 8731 63 9091 62 9451 62 9810 63 10170 63 10529 64 10889 63 11248 64 11608 64 11968 63 12328 63 12688 62 13048 62 13408 62 13768 61 14128 61 14487 61 14847 60 15207 60 15568 58 15928 56 16289 54 16650 51 17012 47 17373 43 17734 38 18095 35 18456 31 18817 24 19180 14
5488e8df5440ee5161fdfae3aeccd2ee396636430065c90e3f1f73870a975991,10505 10 10863 14 11222 17 11580 20 11938 22 12297 24 12654 28 13012 31 13366 38 13725 39 14084 41 14443 43 14802 45 15160 47 15519 49 15877 51 16236 53 16595 54 16953 56 17312 58 17671 59 18030 61 18389 62 18748 63 19107 64 19466 65 19825 66 20185 67 20544 68 20904 68 21264 67 21624 67 21984 66 22344 66 22703 66 23063 65 23424 64 23784 63 24144 62 24504 62 24865 60 25225 58 25585 57 25946 54 26307 52 26668 49 27029 46 27390 44 27752 41 28114 37 28477 33 28839 29 29202 25 29564 22 29927 17 30291 10
5488e8df5440ee5161fdfae3aeccd2ee396636430065c90e3f1f73870a975991,108667 7 109024 12 109382 17 109740 20 110099 22 110458 24 110817 26 111175 28 111534 30 111893 31 112252 33 112611 34 112969 36 113328 37 113687 38 114044 41 114401 44 114760 45 115119 46 115478 46 115836 48 116195 49 116553 50 116912 51 117271 51 117630 52 117989 52 118348 52 118706 53 119065 53 119423 54 119782 54 120141 54 120501 53 120860 53 121220 53 121579 53 121939 52 122299 51 122659 50 123020 47 123380 45 123741 42 124101 40 124462 38 124822 36 125183 34 125544 31 125905 28 126266 24 126627 20 126990 11
5488e8df5440ee5161fdfae3aeccd2ee396636430065c90e3f1f73870a975991,56952 16 57308 23 57665 27 58022 31 58381 33 58739 37 59097 40 59456 42 59815 43 60175 44 60534 46 60893 47 61253 48 61612 49 61972 50 62332 51 62692 52 63052 52 63411 54 63771 55 64131 55 64491 55 64851 56 65211 56 65571 56 65931 56 66291 56 66651 55 67011 55 67371 54 67731 54 68092 52 68452 51 68812 50 69172 50 69533 48 69893 46 70254 43 70614 40 70974 38 71335 36 71695 34 72056 32 72417 30 72778 27 73139 24 73500 22 73861 19 74222 17 74583 15 74945 11 75309 4
5488e8df5440ee5161fdfae3aeccd2ee396636430065c90e3f1f73870a975991,102163 2 102521 8 102880 11 103239 13 103598 16 103957 18 104316 20 104676 21 105035 23 105394 25 105754 26 106113 27 106473 27 106833 28 107193 28 107552 29 107912 29 108272 29 108632 29 108992 28 109352 28 109712 28 110073 26 110433 25 110793 24 111154 21 111514 20 111875 18 112236 16 112596 15 112956 13 113317 11 113678 9 114039 5
5488e8df5440ee5161fdfae3aeccd2ee396636430065c90e3f1f73870a975991,329 32 689 32 1049 32 1409 32 1770 31 2130 31 2491 30 2851 30 3212 29 3572 29 3933 28 4294 27 4654 27 5014 27 5375 26 5736 25 6096 25 6457 24 6818 23 7179 22 7540 21 7901 20 8262 19 8623 18 8984 17 9345 16 9706 15 10070 11 10433 8 10800 1
5488e8df5440ee5161fdfae3aeccd2ee396636430065c90e3f1f73870a975991,80090 6 80443 17 80801 21 81160 23 81519 25 81878 28 82238 29 82597 32 82956 33 83316 33 83675 33 84035 32 84395 31 84755 31 85115 31 85475 31 85835 31 86196 30 86556 30 86917 29 87277 30 87637 30 87997 31 88357 32 88718 32 89078 32 89438 31 89799 29 90159 28 90520 26 90881 24 91242 22 91604 19 91965 17 92326 15 92688 13 93049 11 93411 7
5488e8df5440ee5161fdfae3aeccd2ee396636430065c90e3f1f73870a975991,27690 8 28048 13 28407 18 28764 24 29121 29 29478 34 29835 38 30194 40 30553 42 30912 44 31271 46 31631 48 31990 49 32350 50 32710 51 33069 52 33429 52 33789 52 34149 52 34509 52 34869 52 35229 52 35589 52 35949 52 36309 52 36670 51 37030 51 37390 51 37751 50 38112 49 38473 48 38834 46 39195 44 39556 42 39917 39 40279 36 40641 32 41003 27 41365 23 41728 18 42092 10
5488e8df5440ee5161fdfae3aeccd2ee396636430065c90e3f1f73870a975991,57941 2 58295 12 58652 17 59011 19 59368 23 59727 24 60086 26 60444 29 60803 31 61162 32 61520 34 61879 35 62229 45 62585 49 62944 50 63304 50 63663 51 64023 51 64382 52 64742 52 65102 51 65462 51 65821 51 66181 50 66541 49 66901 48 67261 47 67621 46 67981 45 68341 44 68701 43 69061 42 69421 41 69782 39 70142 39 70502 38 70862 38 71222 37 71582 36 71942 36 72303 34 72664 32 73025 30 73386 28 73747 26 74108 24 74470 21 74832 17 75193 15
5488e8df5440ee5161fdfae3aeccd2ee396636430065c90e3f1f73870a975991,203 28 563 27 923 26 1283 25 1643 24 2004 22 2364 21 2724 20 3084 19 3445 17 3805 15 4166 13 4527 9
