54fe2d3416951cbc48f8718624c86a7ae58b6022a7fa75591b13f625cf53658b,31152 3 31406 8 31661 10 31916 12 32171 14 32427 15 32683 15 32940 14 33196 13 33453 11 33710 9 33968 6
54fe2d3416951cbc48f8718624c86a7ae58b6022a7fa75591b13f625cf53658b,55245 8 55500 10 55754 12 56009 13 56264 14 56520 14 56777 12 57033 11 57290 9 57548 4
54fe2d3416951cbc48f8718624c86a7ae58b6022a7fa75591b13f625cf53658b,23109 6 23363 9 23618 11 23873 13 24129 14 24385 14 24641 14 24898 12 25155 10
54fe2d3416951cbc48f8718624c86a7ae58b6022a7fa75591b13f625cf53658b,20005 6 20259 9 20514 13 20769 16 21024 17 21279 18 21535 18 21790 18 22046 18 22302 17 22558 16 22814 15 23070 14 23327 11 23584 9 23841 6
54fe2d3416951cbc48f8718624c86a7ae58b6022a7fa75591b13f625cf53658b,35319 5 35574 7 35829 8 36085 8 36340 9 36596 9 36852 9 37107 10 37363 9 37619 9 37875 8 38131 6 38388 4
54fe2d3416951cbc48f8718624c86a7ae58b6022a7fa75591b13f625cf53658b,7300 3 7553 9 7808 12 8063 14 8318 15 8574 15 8830 15 9085 17 9341 17 9597 18 9853 18 10109 17 10366 15 10622 15 10878 15 11135 14 11392 13 11652 8
54fe2d3416951cbc48f8718624c86a7ae58b6022a7fa75591b13f625cf53658b,38783 9 39038 12 39293 14 39548 16 39803 17 40059 17 40315 17 40571 16 40827 15 41083 14 41340 12 41597 10 41855 6
54fe2d3416951cbc48f8718624c86a7ae58b6022a7fa75591b13f625cf53658b,42793 7 43047 12 43302 15 43558 16 43814 16 44070 17 44327 16 44585 14 44844 11 45103 7
54fe2d3416951cbc48f8718624c86a7ae58b6022a7fa75591b13f625cf53658b,33745 8 33999 11 34254 13 34509 14 34765 14 35021 14 35276 15 35532 15 35789 13 36045 12 36301 11 36558 9 36816 5
54fe2d3416951cbc48f8718624c86a7ae58b6022a7fa75591b13f625cf53658b,8396 6 8650 10 8905 12 9161 13 9417 13 9673 13 9930 12 10187 11 10444 10 10702 7
54fe2d3416951cbc48f8718624c86a7ae58b6022a7fa75591b13f625cf53658b,179 16 435 16 691 15 948 14 1205 12 1463 7
54fe2d3416951cbc48f8718624c86a7ae58b6022a7fa75591b13f625cf53658b,4867 3 5121 6 5377 7 5633 7 5889 7 6145 7 6401 7 6657 7 6913 7 7170 5
54fe2d3416951cbc48f8718624c86a7ae58b6022a7fa75591b13f625cf53658b,39918 5 40173 7 40429 8 40684 9 40940 9 41196 9 41452 9 41708 9 41964 9 42220 9 42476 9 42732 8 42989 6
54fe2d3416951cbc48f8718624c86a7ae58b6022a7fa75591b13f625cf53658b,57429 3 57681 9 57936 11 58190 14 58445 16 58700 17 58955 19 59210 19 59466 19 59722 18 59978 17 60234 16 60491 14 60747 13 61004 11 61261 8
54fe2d3416951cbc48f8718624c86a7ae58b6022a7fa75591b13f625cf53658b,62368 5 62623 7 62878 9 63132 11 63387 12 63643 12 63899 11 64155 11 64411 10 64667 9 64924 7
54fe2d3416951cbc48f8718624c86a7ae58b6022a7fa75591b13f625cf53658b,23044 5 23299 7 23553 9 23809 10 24065 10 24321 11 24577 11 24833 10 25089 8 25345 7 25601 4
54fe2d3416951cbc48f8718624c86a7ae58b6022a7fa75591b13f625cf53658b,32795 6 33050 8 33304 10 33558 13 33813 14 34069 14 34325 14 34581 13 34837 12 35094 10 35351 7
54fe2d3416951cbc48f8718624c86a7ae58b6022a7fa75591b13f625cf53658b,21650 6 21905 9 22160 12 22416 14 22672 15 22928 16 23184 16 23440 16 23696 16 23953 15 24210 13 24468 10
54fe2d3416951cbc48f8718624c86a7ae58b6022a7fa75591b13f625cf53658b,9364 4 9615 12 9871 13 10126 14 10381 16 10637 16 10893 16 11149 16 11405 16 11662 9 11920 5
54fe2d3416951cbc48f8718624c86a7ae58b6022a7fa75591b13f625cf53658b,48547 7 48800 14 49055 16 49310 18 49566 18 49823 17 50079 16 50336 14 50593 12 50851 7
54fe2d3416951cbc48f8718624c86a7ae58b6022a7fa75591b13f625cf53658b,20707 6 20961 9 21216 11 21471 12 21726 13 21982 13 22238 12 22495 10 22752 8 23009 6
54fe2d3416951cbc48f8718624c86a7ae58b6022a7fa75591b13f625cf53658b,60736 4 60989 9 61244 11 61499 13 61753 16 62008 17 62263 18 62518 19 62774 18 63029 19 63285 18 63542 16 63798 15 64054 14 64311 12 64568 9 64826 5
54fe2d3416951cbc48f8718624c86a7ae58b6022a7fa75591b13f625cf53658b,14208 5 14462 9 14717 11 14972 12 15228 13 15483 14 15739 14 15995 13 16251 12 16507 11 16764 9 17021 7
54fe2d3416951cbc48f8718624c86a7ae58b6022a7fa75591b13f625cf53658b,17201 7 17455 10 17709 13 17964 14 18220 14 18475 15 18730 16 18986 16 19242 15 19498 15 19754 14 20011 12 20268 10 20527 5
54fe2d3416951cbc48f8718624c86a7ae58b6022a7fa75591b13f625cf53658b,4921 5 5174 9 5429 10 5685 10 5941 10 6197 10 6454 8 6710 7 6967 5
