55f98f43c152aa0dc8bea513f8ba558cc57494b81ae4ee816977816e79629c50,7391 3 7397 3 7647 10 7904 11 8160 12 8416 13 8672 14 8928 15 9183 16 9438 17 9695 16 9952 15 10209 14 10466 13 10724 11 10982 9 11239 8 11496 7 11753 5
55f98f43c152aa0dc8bea513f8ba558cc57494b81ae4ee816977816e79629c50,31695 9 31950 12 32206 14 32462 15 32718 15 32975 15 33231 16 33487 17 33744 17 34001 16 34258 16 34515 16 34772 16 35029 16 35286 15 35543 15 35800 14 36057 14 36314 13 36572 12 36829 11 37086 11 37343 10 37600 10 37857 9 38114 8 38371 7 38628 6 38885 4
55f98f43c152aa0dc8bea513f8ba558cc57494b81ae4ee816977816e79629c50,20323 3 20578 5 20834 6 21090 7 21346 8 21602 8 21858 9 22114 10 22371 9 22627 10 22884 9 23140 10 23397 10 23653 11 23909 11 24166 11 24422 12 24678 13 24934 13 25191 12 25447 13 25704 12 25960 12 26216 13 26472 14 26728 15 26984 16 27241 16 27497 16 27754 15 28010 16 28266 17 28523 16 28779 17 29036 16 29293 15 29550 15 29807 14 30064 13 30321 13 30579 11 30837 9 31094 9 31352 7 31609 6 31867 3
55f98f43c152aa0dc8bea513f8ba558cc57494b81ae4ee816977816e79629c50,40927 4 41182 6 41438 7 41694 8 41949 10 42205 11 42460 13 42716 14 42972 15 43228 16 43484 16 43740 16 43997 15 44253 15 44510 14 44767 13 45023 13 45279 14 45535 15 45792 15 46048 15 46305 15 46561 15 46818 14 47074 14 47331 13 47588 12 47845 11 48102 10 48359 8 48617 5
55f98f43c152aa0dc8bea513f8ba558cc57494b81ae4ee816977816e79629c50,25067 4 25322 10 25337 5 25578 22 25834 23 26090 23 26347 21 26603 20 26860 18 27116 17 27372 16 27629 15 27886 13 28142 13 28399 12 28656 11 28913 10 29170 9 29426 9 29682 9 29939 9 30195 9 30452 8 30710 6 30967 4
55f98f43c152aa0dc8bea513f8ba558cc57494b81ae4ee816977816e79629c50,4560 5 4815 7 5070 9 5326 9 5582 13 5838 14 6094 15 6350 16 6607 15 6863 15 7120 15 7377 14 7634 13 7891 13 8149 11 8406 10 8663 9 8921 7 9179 4
55f98f43c152aa0dc8bea513f8ba558cc57494b81ae4ee816977816e79629c50,62465 2 62721 3 62977 5 63233 6 63489 8 63746 9 64003 10 64260 10 64521 6 64779 5 65037 4 65294 4 65551 4 65808 4 66066 2
55f98f43c152aa0dc8bea513f8ba558cc57494b81ae4ee816977816e79629c50,23513 5 23767 8 24022 11 24278 17 24533 19 24789 19 25045 19 25301 20 25557 21 25814 20 26070 20 26326 21 26583 20 26840 20 27096 20 27353 19 27610 18 27867 17 28123 17 28380 16 28637 14 28895 12 29155 7
55f98f43c152aa0dc8bea513f8ba558cc57494b81ae4ee816977816e79629c50,18161 4 18415 9 18670 12 18925 14 19180 16 19435 18 19690 19 19946 20 20202 20 20458 20 20714 21 20970 21 21227 20 21484 19 21740 19 21997 19 22254 18 22511 17 22768 16 23026 14 23283 13 23540 12 23797 11 24055 8 24313 5
55f98f43c152aa0dc8bea513f8ba558cc57494b81ae4ee816977816e79629c50,6349 1 6605 2 6861 2 7118 2 7375 2 7631 3 7888 3 8145 4 8403 3
55f98f43c152aa0dc8bea513f8ba558cc57494b81ae4ee816977816e79629c50,196 24 452 25 708 26 965 27 1223 26 1479 27 1735 28 1991 29 2247 30 2503 5 2510 24 2759 5 2766 27 3016 3 3022 28 3278 11 3291 16 3534 10 3548 15 3791 9 3805 14 4050 5 4063 12 4320 10 4577 9 4834 7 5090 7 5347 5 5603 5 5859 5 6116 3
55f98f43c152aa0dc8bea513f8ba558cc57494b81ae4ee816977816e79629c50,21222 5 21477 7 21733 7 21989 8 22245 9 22502 9 22758 10 23014 10 23270 9 23526 9 23781 9 24037 9 24295 7 24552 6 24808 6 25064 3 25321 1
55f98f43c152aa0dc8bea513f8ba558cc57494b81ae4ee816977816e79629c50,34816 1 35071 2 35326 3 35582 3 35838 3 36093 4 36349 4 36605 4 36861 4 37118 3 37374 3 37630 3 37887 2 38143 2 38400 1
55f98f43c152aa0dc8bea513f8ba558cc57494b81ae4ee816977816e79629c50,76 29 332 29 588 29 844 29 1100 30 1355 32 1611 32 1867 33 2123 33 2379 32 2412 1 2635 32 2669 2 2892 31 3148 31 3405 30 3661 31 3917 32 4174 31 4430 32 4687 31 4944 31 5200 32 5457 31 5714 30 5971 29 6227 30 6484 29 6740 29 6998 27 7256 25 7513 24 7770 23 8027 21 8284 20 8542 18 8799 17 9056 15 9312 15 9569 14 9827 11 10084 9 10342 6
55f98f43c152aa0dc8bea513f8ba558cc57494b81ae4ee816977816e79629c50,925 6 1179 10 1432 15 1684 21 1939 23 2195 24 2451 25 2708 25 2966 24 3224 22 3481 21 3737 21 3994 20 4250 20 4507 19 4763 19 5020 19 5276 19 5531 20 5787 21 6043 21 6299 21 6555 20 6811 20 7067 20 7323 20 7579 20 7835 19 8091 19 8348 18 8604 17 8861 16 9117 16 9373 16 9630 14
55f98f43c152aa0dc8bea513f8ba558cc57494b81ae4ee816977816e79629c50,10179 7 10426 4 10434 9 10681 7 10690 11 10935 23 11189 26 11444 27 11700 27 11956 27 12213 25 12471 23 12728 21 12985 20 13241 19 13497 19 13753 19 14009 23 14265 25 14521 27 14778 27 15035 27 15292 26 15549 25 15805 25 16062 24 16320 22 16577 21 16834 19 17091 17 17348 15 17606 11 17864 8
55f98f43c152aa0dc8bea513f8ba558cc57494b81ae4ee816977816e79629c50,44311 5 44318 1 44566 10 44822 11 45078 13 45335 13 45592 16 45848 17 46104 19 46361 19 46618 19 46875 19 47131 21 47388 21 47644 25 47901 24 48157 18 48183 3 48413 17 48438 5 48670 15 48694 5 48927 13 48950 5 49183 13 49205 6 49440 12 49462 5 49697 12 49719 4 49954 11 49975 4 50211 11 50230 4 50468 10 50486 4 50725 10 50742 4 50981 11 50998 4 51238 21 51495 21 51752 21 52009 22 52036 4 52266 31 52522 32 52779 31 53036 17 53063 2 53292 16 53549 14 53808 11 53825 2 54065 11 54080 4 54322 19 54579 18 54836 17 55093 16 55350 15 55608 14 55866 13 56123 12 56379 12 56636 11 56893 11 57150 10 57410 7 57667 7 57924 7 58180 7 58437 7 58694 6 58950 7 59207 6 59464 6 59720 6 59977 6 60234 6 60491 5 60748 4 61005 4 61262 3 61519 1
55f98f43c152aa0dc8bea513f8ba558cc57494b81ae4ee816977816e79629c50,157 22 413 23 670 22 931 18 1189 16 1447 14 1705 12 1964 8
55f98f43c152aa0dc8bea513f8ba558cc57494b81ae4ee816977816e79629c50,105 22 361 23 617 24 873 25 1130 25 1387 25 1643 26 1900 26 2156 26 2413 25 2671 23 2928 23 3186 22 3444 20 3702 18 3961 15 4221 11 4479 9 4736 8 4994 6 5251 5 5508 3
55f98f43c152aa0dc8bea513f8ba558cc57494b81ae4ee816977816e79629c50,23734 11 23989 14 24245 15 24500 18 24756 20 25012 22 25268 23 25524 25 25780 27 26037 27 26293 27 26549 28 26806 27 27062 28 27318 28 27575 28 27832 28 28088 28 28345 28 28601 29 28858 29 29114 30 29371 30 29628 32 29884 33 30141 32 30398 31 30655 30 30911 30 31168 28 31425 27 31682 10 31694 1 31704 5 31939 7 31962 3 32220 2 32477 3 32733 4 32990 4 33247 3 33504 3 33761 2 34017 3 34274 3 34531 3 34788 3 35045 16 35301 18 35558 24 35814 24 36071 22 36327 22 36584 21 36840 21 37097 21 37353 21 37610 20 37866 12 37885 2 38125 3 38142 1 38382 1
55f98f43c152aa0dc8bea513f8ba558cc57494b81ae4ee816977816e79629c50,22168 4 22423 6 22679 6 22935 6 23191 6 23447 6 23703 7 23959 8 24215 9 24472 8 24728 8 24985 6 25242 3
55f98f43c152aa0dc8bea513f8ba558cc57494b81ae4ee816977816e79629c50,26623 2 26878 3 27133 4 27388 5 27644 5 27899 6 28155 6 28411 6 28667 6 28923 6 29181 4 29440 1
55f98f43c152aa0dc8bea513f8ba558cc57494b81ae4ee816977816e79629c50,26534 3 26789 5 27043 7 27298 9 27554 9 27810 9 28067 8 28325 6 28582 4
55f98f43c152aa0dc8bea513f8ba558cc57494b81ae4ee816977816e79629c50,24991 2 25245 5 25499 8 25755 9 26011 10 26268 9 26524 10 26781 8 27039 4 27296 2
55f98f43c152aa0dc8bea513f8ba558cc57494b81ae4ee816977816e79629c50,37878 7 38128 14 38383 15 38639 15 38895 14 39151 14 39408 12 39665 11 39922 9 40181 5
55f98f43c152aa0dc8bea513f8ba558cc57494b81ae4ee816977816e79629c50,14310 6 14565 9 14821 10 15077 12 15333 13 15589 14 15846 14 16104 13 16361 12 16618 12 16875 11 17132 11 17389 10 17408 1 17646 9 17663 2 17903 9 17917 4 18160 1 18165 3 18172 5 18424 9 18682 7 18939 6 19196 5 19453 4 19709 4 19966 3 20222 3 20478 3 20735 2 20991 2 21247 2 21503 2 21759 2 22016 1 22272 1 22528 1 22784 1 23040 1 23296 1 23552 1 23808 1 24063 2 24318 3 24570 7 24826 7 25082 7 25342 3 25600 1 26368 1
55f98f43c152aa0dc8bea513f8ba558cc57494b81ae4ee816977816e79629c50,9361 12 9615 15 9870 18 10125 20 10381 21 10636 23 10892 24 11148 25 11404 25 11660 26 11916 26 12172 27 12428 13 12443 13 12685 11 12700 12 12943 4 12956 13 13213 13 13470 13 13731 9 13988 8 14245 8 14502 8 14759 7 15016 6 15272 7 15528 8 15784 8 16039 9 16293 11 16548 12 16803 13 17057 15 17307 21 17562 22 17817 22 18072 22 18327 21 18583 19 18839 18 19096 17 19352 17 19609 16 19867 14 20125 12 20386 8 20643 9 20900 10 21157 10 21414 9 21671 8 21928 6
