564fa390d9a9c26f986bf860d9091cbd84244bc1c8e3c9369f2f2e5b5fd99b92,27262 2 27517 5 27772 7 28028 8 28284 8 28540 9 28796 9 29052 9 29308 9 29565 7 29822 5
564fa390d9a9c26f986bf860d9091cbd84244bc1c8e3c9369f2f2e5b5fd99b92,8578 3 8833 6 9088 8 9344 9 9600 10 9856 11 10113 11 10369 11 10626 10 10883 9 11140 7 11398 3
564fa390d9a9c26f986bf860d9091cbd84244bc1c8e3c9369f2f2e5b5fd99b92,33300 4 33555 8 33810 10 34065 12 34320 14 34575 15 34831 15 35086 16 35342 15 35598 15 35854 14 36111 12 36369 9 36626 5
564fa390d9a9c26f986bf860d9091cbd84244bc1c8e3c9369f2f2e5b5fd99b92,10829 5 11084 7 11340 8 11595 9 11851 10 12107 10 12363 10 12619 10 12875 10 13132 9 13388 8 13645 6
564fa390d9a9c26f986bf860d9091cbd84244bc1c8e3c9369f2f2e5b5fd99b92,44597 4 44852 6 45107 7 45363 7 45619 7 45875 7 46131 7 46388 5
564fa390d9a9c26f986bf860d9091cbd84244bc1c8e3c9369f2f2e5b5fd99b92,24944 6 25199 8 25454 9 25709 10 25965 10 26220 11 26476 11 26732 10 26988 10 27244 10 27500 9 27757 7 28014 3
564fa390d9a9c26f986bf860d9091cbd84244bc1c8e3c9369f2f2e5b5fd99b92,6511 2 6766 3 7021 4 7275 7 7531 8 7787 8 8043 8 8299 6 8556 4
564fa390d9a9c26f986bf860d9091cbd84244bc1c8e3c9369f2f2e5b5fd99b92,14717 7 14972 9 15227 11 15482 13 15737 15 15993 14 16249 12 16505 11 16761 9 17018 7 17274 7 17530 7 17789 3
564fa390d9a9c26f986bf860d9091cbd84244bc1c8e3c9369f2f2e5b5fd99b92,30199 3 30454 5 30709 7 30964 8 31219 9 31474 10 31730 9 31987 8 32244 6
564fa390d9a9c26f986bf860d9091cbd84244bc1c8e3c9369f2f2e5b5fd99b92,21830 3 22085 5 22340 6 22595 7 22851 7 23106 8 23362 9 23618 9 23874 9 24130 10 24386 10 24643 9 24899 9 25156 7
564fa390d9a9c26f986bf860d9091cbd84244bc1c8e3c9369f2f2e5b5fd99b92,47261 4 47516 6 47772 6 48028 6 48284 5 48541 4 48797 4 49053 4 49310 2
564fa390d9a9c26f986bf860d9091cbd84244bc1c8e3c9369f2f2e5b5fd99b92,5162 3 5417 6 5672 8 5927 10 6183 11 6439 11 6695 11 6951 12 7207 12 7463 12 7719 12 7976 10 8233 8 8490 6
564fa390d9a9c26f986bf860d9091cbd84244bc1c8e3c9369f2f2e5b5fd99b92,16770 2 17025 4 17281 5 17292 1 17537 7 17547 3 17792 14 18048 14 18304 14 18560 14 18817 12 19074 10 19332 6
564fa390d9a9c26f986bf860d9091cbd84244bc1c8e3c9369f2f2e5b5fd99b92,17749 3 18001 8 18256 10 18512 10 18768 10 19025 9 19282 8 19539 6
564fa390d9a9c26f986bf860d9091cbd84244bc1c8e3c9369f2f2e5b5fd99b92,48549 5 48804 7 49059 9 49315 10 49570 11 49826 11 50082 11 50337 11 50593 10 50849 9 51106 7
564fa390d9a9c26f986bf860d9091cbd84244bc1c8e3c9369f2f2e5b5fd99b92,51072 4 51327 6 51582 7 51838 8 52094 8 52350 8 52606 7 52863 5 53120 2
564fa390d9a9c26f986bf860d9091cbd84244bc1c8e3c9369f2f2e5b5fd99b92,58920 5 59175 7 59430 9 59685 10 59941 10 60197 10 60453 10 60710 9 60966 9 61222 8 61479 6
564fa390d9a9c26f986bf860d9091cbd84244bc1c8e3c9369f2f2e5b5fd99b92,15673 6 15928 8 16184 10 16440 11 16696 12 16952 12 17208 12 17464 12 17721 10 17979 7 18238 3
564fa390d9a9c26f986bf860d9091cbd84244bc1c8e3c9369f2f2e5b5fd99b92,27667 9 27922 11 28177 12 28432 14 28688 14 28944 14 29200 14 29457 13 29714 11 29971 10 30228 8
564fa390d9a9c26f986bf860d9091cbd84244bc1c8e3c9369f2f2e5b5fd99b92,47145 4 47400 6 47656 7 47912 8 48169 7 48426 6 48683 5 48940 3
564fa390d9a9c26f986bf860d9091cbd84244bc1c8e3c9369f2f2e5b5fd99b92,31489 4 31745 5 32001 5 32257 5 32513 5 32769 5 33025 4 33281 3
564fa390d9a9c26f986bf860d9091cbd84244bc1c8e3c9369f2f2e5b5fd99b92,28232 6 28486 9 28741 11 28997 12 29253 12 29509 12 29766 11 30022 12 30279 11 30535 11 30791 10 31047 10 31304 8 31561 6
564fa390d9a9c26f986bf860d9091cbd84244bc1c8e3c9369f2f2e5b5fd99b92,58881 2 59137 4 59393 5 59649 6 59905 6 60161 6 60417 7 60673 7 60929 7 61185 7 61441 7 61697 7 61953 7 62209 7 62465 6 62721 5 62977 4 63233 2
564fa390d9a9c26f986bf860d9091cbd84244bc1c8e3c9369f2f2e5b5fd99b92,61290 2 61544 5 61800 4 62056 3 62312 3 62567 4 62823 5 63079 6 63334 10 63589 11 63846 9 64103 8 64360 2
564fa390d9a9c26f986bf860d9091cbd84244bc1c8e3c9369f2f2e5b5fd99b92,47 7 302 9 558 9 813 10 1069 10 1326 9 1582 9 1839 7 2096 5
564fa390d9a9c26f986bf860d9091cbd84244bc1c8e3c9369f2f2e5b5fd99b92,54677 3 54932 5 55187 7 55443 7 55699 7 55955 7 56212 5
564fa390d9a9c26f986bf860d9091cbd84244bc1c8e3c9369f2f2e5b5fd99b92,5471 2 5726 7 5982 8 6238 8 6495 7 6751 7 7007 6 7264 2 7521 1
564fa390d9a9c26f986bf860d9091cbd84244bc1c8e3c9369f2f2e5b5fd99b92,10497 4 10753 10 11012 15 11269 15 11525 15 11781 15 12037 15 12292 16 12547 7 12560 4 12803 6 12817 3 13060 5 13073 3 13317 4 13329 3 13574 4 13585 2 13831 4 14088 2
564fa390d9a9c26f986bf860d9091cbd84244bc1c8e3c9369f2f2e5b5fd99b92,23089 5 23344 7 23599 8 23854 9 24109 9 24364 10 24620 9 24875 8 25131 7 25387 7 25643 6 25900 4
564fa390d9a9c26f986bf860d9091cbd84244bc1c8e3c9369f2f2e5b5fd99b92,64362 6 64617 8 64873 9 65129 9 65385 9
564fa390d9a9c26f986bf860d9091cbd84244bc1c8e3c9369f2f2e5b5fd99b92,52728 4 52983 6 53238 8 53494 8 53750 8 54006 8 54262 8 54519 6
564fa390d9a9c26f986bf860d9091cbd84244bc1c8e3c9369f2f2e5b5fd99b92,43318 9 43573 11 43829 12 44085 13 44341 14 44601 10 44858 9 45114 9 45370 8 45629 2
564fa390d9a9c26f986bf860d9091cbd84244bc1c8e3c9369f2f2e5b5fd99b92,18469 4 18724 6 18980 7 19235 9 19491 9 19747 9 20002 10 20258 10 20514 10 20770 10 21026 9 21282 9 21537 10 21793 10 22050 8 22306 7 22563 5
564fa390d9a9c26f986bf860d9091cbd84244bc1c8e3c9369f2f2e5b5fd99b92,45583 3 45837 7 46092 9 46347 11 46603 11 46858 12 47114 12 47370 11 47626 11 47882 11 48138 10 48395 8 48653 5
564fa390d9a9c26f986bf860d9091cbd84244bc1c8e3c9369f2f2e5b5fd99b92,33528 2 33783 4 34038 5 34293 7 34549 7 34805 7 35061 7 35318 5
564fa390d9a9c26f986bf860d9091cbd84244bc1c8e3c9369f2f2e5b5fd99b92,21500 4 21755 6 22011 6 22266 7 22522 7 22778 7 23034 7 23289 8 23545 8 23801 8 24057 8 24313 8 24569 8 24826 6 25083 4 25340 2
564fa390d9a9c26f986bf860d9091cbd84244bc1c8e3c9369f2f2e5b5fd99b92,44580 5 44835 7 45090 8 45345 9 45601 9 45857 8 46113 6 46370 3
564fa390d9a9c26f986bf860d9091cbd84244bc1c8e3c9369f2f2e5b5fd99b92,14593 5 14849 6 15105 7 15361 7 15617 7 15873 6 16129 6 16385 5
564fa390d9a9c26f986bf860d9091cbd84244bc1c8e3c9369f2f2e5b5fd99b92,60 8 316 8 573 6 830 4
564fa390d9a9c26f986bf860d9091cbd84244bc1c8e3c9369f2f2e5b5fd99b92,55578 7 55833 10 56088 12 56344 12 56600 13 56856 13 57112 13 57369 12 57627 9 57884 7 58141 4
564fa390d9a9c26f986bf860d9091cbd84244bc1c8e3c9369f2f2e5b5fd99b92,11045 6 11300 8 11556 9 11811 10 12067 10 12323 10 12580 9 12836 9 13092 8 13348 7 13604 6 13861 4
564fa390d9a9c26f986bf860d9091cbd84244bc1c8e3c9369f2f2e5b5fd99b92,11009 3 11265 4 11521 4 11777 4 12033 4 12289 3 12545 2
564fa390d9a9c26f986bf860d9091cbd84244bc1c8e3c9369f2f2e5b5fd99b92,11627 3 11880 7 12135 8 12390 9 12646 9 12902 9 13158 8 13414 7 13670 5 13927 2
564fa390d9a9c26f986bf860d9091cbd84244bc1c8e3c9369f2f2e5b5fd99b92,30567 5 30822 7 31078 9 31334 10 31590 11 31847 10 32104 9 32361 7
564fa390d9a9c26f986bf860d9091cbd84244bc1c8e3c9369f2f2e5b5fd99b92,61279 8 61534 10 61790 10 62046 10 62302 10 62558 9 62814 9 63070 9 63326 8 63582 7 63839 4
564fa390d9a9c26f986bf860d9091cbd84244bc1c8e3c9369f2f2e5b5fd99b92,51814 5 52069 7 52325 8 52580 10 52836 10 53093 8 53349 7 53605 6 53862 4 54119 2
564fa390d9a9c26f986bf860d9091cbd84244bc1c8e3c9369f2f2e5b5fd99b92,3073 3 3329 4 3585 5 3841 5 4097 5 4353 5 4609 5 4865 5 5121 5 5377 4
564fa390d9a9c26f986bf860d9091cbd84244bc1c8e3c9369f2f2e5b5fd99b92,33374 2 33629 5 33884 7 34139 8 34394 10 34650 10 34905 11 35160 12 35416 11 35672 9 35929 7
564fa390d9a9c26f986bf860d9091cbd84244bc1c8e3c9369f2f2e5b5fd99b92,48887 5 49142 7 49397 8 49653 8 49908 9 50164 9 50420 9 50677 8 50934 6 51191 4
564fa390d9a9c26f986bf860d9091cbd84244bc1c8e3c9369f2f2e5b5fd99b92,25361 6 25616 9 25871 11 26126 13 26381 14 26637 14 26894 12 27150 12 27407 11 27663 4 27920 2
564fa390d9a9c26f986bf860d9091cbd84244bc1c8e3c9369f2f2e5b5fd99b92,12554 6 12809 8 13065 8 13321 8 13578 7 13835 5
564fa390d9a9c26f986bf860d9091cbd84244bc1c8e3c9369f2f2e5b5fd99b92,57425 2 57680 4 57934 7 58189 9 58444 10 58699 11 58955 11 59210 11 59466 11 59722 11 59978 10 60235 9 60492 7 60749 5 61007 2
564fa390d9a9c26f986bf860d9091cbd84244bc1c8e3c9369f2f2e5b5fd99b92,22091 4 22346 6 22602 6 22858 6 23114 6 23371 5 23627 5 23883 5 24140 4 24396 3
564fa390d9a9c26f986bf860d9091cbd84244bc1c8e3c9369f2f2e5b5fd99b92,42282 2 42532 10 42787 12 43043 12 43299 12 43555 12 43812 11 44068 10 44324 9 44585 3 44842 1
564fa390d9a9c26f986bf860d9091cbd84244bc1c8e3c9369f2f2e5b5fd99b92,34355 2 34610 5 34865 7 35120 8 35375 10 35631 10 35887 10 36143 10 36398 11 36654 11 36911 10 37167 9 37423 9 37680 7 37937 5
564fa390d9a9c26f986bf860d9091cbd84244bc1c8e3c9369f2f2e5b5fd99b92,51708 5 51963 6 52218 7 52474 7 52732 5 52989 4 53246 3 53502 3
564fa390d9a9c26f986bf860d9091cbd84244bc1c8e3c9369f2f2e5b5fd99b92,2066 4 2321 6 2576 8 2831 9 3087 9 3342 10 3598 10 3854 9 4111 7 4368 5 4625 3
564fa390d9a9c26f986bf860d9091cbd84244bc1c8e3c9369f2f2e5b5fd99b92,34 6 289 7 544 9 800 9 1056 9 1312 8 1569 5 1826 3
564fa390d9a9c26f986bf860d9091cbd84244bc1c8e3c9369f2f2e5b5fd99b92,61294 5 61549 7 61804 8 62059 9 62315 9 62571 9 62828 7 63085 5
564fa390d9a9c26f986bf860d9091cbd84244bc1c8e3c9369f2f2e5b5fd99b92,17011 7 17266 8 17522 8 17777 10 18033 10 18289 10 18546 8 18803 6 19060 3
564fa390d9a9c26f986bf860d9091cbd84244bc1c8e3c9369f2f2e5b5fd99b92,16007 5 16261 8 16516 9 16772 9 17029 8 17286 6 17544 3
564fa390d9a9c26f986bf860d9091cbd84244bc1c8e3c9369f2f2e5b5fd99b92,38664 3 38919 5 39174 7 39429 9 39684 10 39939 10 40195 9 40451 8 40708 6
564fa390d9a9c26f986bf860d9091cbd84244bc1c8e3c9369f2f2e5b5fd99b92,36185 7 36440 9 36696 9 36952 9 37208 8 37464 8 37720 7 37977 4
564fa390d9a9c26f986bf860d9091cbd84244bc1c8e3c9369f2f2e5b5fd99b92,223 8 479 9 735 9 992 8 1249 6 1506 3
564fa390d9a9c26f986bf860d9091cbd84244bc1c8e3c9369f2f2e5b5fd99b92,21857 4 22111 8 22366 10 22622 11 22878 11 23134 11 23390 11 23646 11 23902 11 24158 10 24414 9 24671 7 24928 4
