56d0da5b663ddd49955478c00ca03118c367ff7dd6a646b8c875b0acb207d1c5,124527 6 124886 10 125243 16 125602 18 125961 21 126320 23 126680 23 127038 26 127397 28 127757 30 128116 32 128475 34 128835 34 129194 35 129554 35
56d0da5b663ddd49955478c00ca03118c367ff7dd6a646b8c875b0acb207d1c5,1801 1 2161 1 2521 1 2881 1 3241 1 3601 1 3961 1 4321 2 4681 3 5041 3 5401 3 5761 4 6121 4 6481 4 6841 4 7201 4 7561 4 7921 4 8281 4 8641 4 9001 4 9361 4 9721 3 10081 3 10441 3 10801 2 11161 2 11521 2 11881 2 12241 1 12601 1
56d0da5b663ddd49955478c00ca03118c367ff7dd6a646b8c875b0acb207d1c5,69706 13 70064 16 70423 19 70781 23 71140 25 71500 26 71859 29 72219 30 72579 31 72939 32 73299 36 73658 39 74018 43 74378 45 74738 47 75097 53 75457 54 75817 57 76177 60 76538 60 76898 61 77258 62 77618 62 77978 63 78339 62 78699 62 79059 63 79420 62 79780 63 80141 62 80501 62 80861 63 81222 62 81583 62 81945 60 82306 59 82667 58 83028 57 83389 56 83750 55 84111 54 84472 53 84834 51 85195 50 85556 49 85916 49 86276 49 86637 48 86999 45 87361 42 87722 41 88083 40 88446 36 88807 34 89169 31 89531 28 89893 25 90254 22 90615 17 90976 14
56d0da5b663ddd49955478c00ca03118c367ff7dd6a646b8c875b0acb207d1c5,14330 2 14686 12 15044 15 15401 21 15757 26 16114 31 16469 38 16828 40 17187 43 17547 44 17906 47 18266 48 18625 50 18984 52 19344 53 19704 54 20064 55 20425 54 20785 55 21145 56 21505 56 21865 57 22226 57 22586 57 22946 58 23306 58 23667 57 24028 56 24388 56 24749 55 25110 54 25470 54 25831 53 26192 52 26553 51 26915 49 27277 46 27639 44 28003 39 28367 34 28730 30 29092 27 29453 24 29815 21 30179 15
56d0da5b663ddd49955478c00ca03118c367ff7dd6a646b8c875b0acb207d1c5,93541 15 93900 23 94258 26 94616 30 94975 32 95335 34 95694 36 96053 38 96413 39 96772 42 97132 44 97492 45 97852 46 98212 47 98571 49 98931 50 99291 52 99651 53 100011 54 100371 55 100731 56 101091 57 101451 60 101811 61 102171 62 102532 62 102893 62 103253 62 103613 63 103973 64 104333 64 104693 65 105054 65 105414 65 105775 64 106135 64 106495 64 106855 64 107216 63 107577 62 107938 61 108299 60 108659 59 109020 58 109381 57 109743 55 110104 53 110465 52 110828 48 111189 45 111554 38 111916 35 112278 31 112640 28 113001 24 113363 18 113725 15 114087 12 114450 5 114811 2
56d0da5b663ddd49955478c00ca03118c367ff7dd6a646b8c875b0acb207d1c5,83168 6 83525 12 83883 15 84241 19 84601 20 84961 21 85321 21 85681 21 86041 22 86401 23 86761 23 87121 23 87481 24 87841 24 88201 24 88561 25 88921 25 89281 25 89641 25 90001 25 90361 25 90721 25 91081 25 91441 25 91801 25 92161 25 92521 26 92881 26 93241 26 93601 26 93961 26 94321 27 94681 27 95041 28 95401 29 95761 29 96121 30 96481 31 96841 31 97201 32 97561 33 97921 34 98281 35 98641 35 99001 36 99361 36 99721 36 100081 37 100441 37 100801 38 101161 38 101521 39 101881 39 102241 39 102601 40 102961 41 103321 41 103681 41 104041 41 104401 41 104761 41 105121 41 105481 42 105841 42 106201 42 106561 42 106921 42 107281 42 107641 41 108002 40 108363 38 108724 37 109084 36 109445 34 109808 30 110170 27 110533 23 110896 19 111257 16 111619 12 111983 5
56d0da5b663ddd49955478c00ca03118c367ff7dd6a646b8c875b0acb207d1c5,35917 14 36274 24 36630 33 36988 38 37345 43 37704 47 38063 50 38422 52 38781 55 39140 57 39499 59 39859 61 40218 63 40577 65 40937 66 41297 67 41657 68 42017 69 42377 69 42737 70 43097 71 43457 71 43817 71 44177 72 44537 72 44898 72 45259 71 45619 71 45979 71 46340 70 46701 69 47061 68 47422 67 47783 65 48144 63 48505 62 48866 60 49227 59 49588 57 49950 54 50311 51 50673 48 51035 45 51399 40 51761 34 52122 31 52485 21 52852 6
56d0da5b663ddd49955478c00ca03118c367ff7dd6a646b8c875b0acb207d1c5,198 53 558 54 918 55 1278 56 1639 55 1999 55 2359 55 2720 54 3080 54 3440 54 3801 54 4161 54 4522 52 4882 52 5242 52 5603 51 5963 51 6324 50 6684 49 7045 48 7405 48 7766 46 8126 46 8487 44 8848 43 9208 42 9569 40 9930 38 10290 37 10651 35 11012 34 11372 33 11733 31 12093 29 12454 27 12815 25 13176 22 13538 19 13901 14 14262 4 14623 2
56d0da5b663ddd49955478c00ca03118c367ff7dd6a646b8c875b0acb207d1c5,127188 7 127545 16 127903 20 128261 24 128620 27 128979 29 129339 29
56d0da5b663ddd49955478c00ca03118c367ff7dd6a646b8c875b0acb207d1c5,49735 2 50089 9 50445 15 50804 18 51163 23 51522 25 51881 28 52241 30 52600 32 52959 34 53318 36 53678 37 54037 39 54396 41 54756 42 55115 44 55474 45 55833 47 56193 47 56553 47 56912 49 57272 49 57631 50 57991 50 58351 50 58711 51 59070 52 59430 52 59790 52 60150 52 60510 52 60870 51 61231 50 61591 50 61951 50 62311 50 62671 50 63031 50 63391 50 63751 50 64111 50 64471 50 64832 49 65192 49 65552 49 65912 49 66272 49 66633 48 66993 48 67353 48 67713 48 68074 46 68435 45 68796 44 69156 44 69517 43 69878 42 70238 41 70599 40 70960 39 71321 37 71681 37 72042 35 72403 34 72763 33 73124 32 73485 30 73847 27 74208 25 74570 21 74931 19 75293 13 75657 7
56d0da5b663ddd49955478c00ca03118c367ff7dd6a646b8c875b0acb207d1c5,30600 1 30959 2 31318 3 31677 4 32037 4 32396 5 32756 5 33116 5 33476 5 33836 5 34196 5 34556 5 34916 5 35276 5 35637 4 35997 4 36357 4 36717 4 37077 4 37437 4 37798 3 38158 3 38518 3 38878 3 39238 3 39598 3 39958 3 40318 3 40678 3 41038 3 41398 3 41757 4 42117 4 42477 4 42836 5 43196 5 43556 5 43915 6 44275 6 44634 7 44994 7 45354 7 45714 7 46074 7 46434 7 46795 6 47155 6 47515 6 47876 5 48237 4 48598 3 48959 2
56d0da5b663ddd49955478c00ca03118c367ff7dd6a646b8c875b0acb207d1c5,88191 10 88550 11 88909 12 89268 13 89628 13 89987 14 90346 15 90705 16 91065 16 91425 16 91785 16 92145 16 92505 16 92865 16 93225 16 93585 16 93946 15 94306 15 94667 14 95028 13 95388 13 95748 13 96109 12 96470 11 96831 10 97192 9 97554 7 97915 6 98276 5 98638 3
56d0da5b663ddd49955478c00ca03118c367ff7dd6a646b8c875b0acb207d1c5,85552 2 85907 8 86266 10 86625 12 86985 13 87345 13 87705 14 88065 16 88425 18 88784 20 89144 21 89504 23 89863 25 90223 26 90583 28 90943 31 91303 34 91663 35 92022 39 92382 44 92742 45 93102 46 93462 47 93822 47 94182 48 94541 50 94901 50 95260 51 95619 51 95979 51 96339 51 96699 51 97059 51 97419 52 97778 53 98138 54 98498 55 98858 56 99218 57 99578 57 99939 57 100299 57 100660 56 101020 56 101381 54 101741 54 102102 52 102463 50 102823 50 103184 48 103545 47 103906 45 104266 44 104627 43 104987 42 105348 40 105708 40 106070 37 106431 36 106792 34 107152 33 107513 31 107874 30 108235 29 108596 27 108957 25 109319 22 109682 18 110049 10 110411 7 110774 3 111135 1
56d0da5b663ddd49955478c00ca03118c367ff7dd6a646b8c875b0acb207d1c5,105602 2 105953 13 106308 21 106663 29 107022 32 107381 35 107740 39 108099 41 108459 42 108818 44 109178 46 109537 48 109897 49 110257 51 110617 52 110977 53 111337 54 111698 53 112058 53 112419 53 112779 53 113140 53 113500 55 113861 55 114222 55 114583 55 114944 55 115304 55 115664 56 116025 56 116386 55 116747 55 117109 54 117470 53 117831 52 118191 52 118552 51 118913 50 119273 49 119633 49 119994 48 120355 46 120716 45 121078 43 121439 42 121800 40 122161 38 122525 34 122886 32 123248 28 123617 16
56d0da5b663ddd49955478c00ca03118c367ff7dd6a646b8c875b0acb207d1c5,55079 2 55438 3 55796 5 56155 6 56514 7 56873 8 57232 9 57592 9 57951 10 58310 11 58670 11 59029 12 59389 12 59748 13 60108 13 60468 13 60828 13 61188 13 61548 13 61908 13 62268 13 62628 13 62988 13 63348 13 63709 12 64069 12 64430 11 64790 11 65151 10 65511 10 65872 9 66233 8 66594 7 66955 6 67315 6 67676 5 68038 3 68399 2
56d0da5b663ddd49955478c00ca03118c367ff7dd6a646b8c875b0acb207d1c5,90065 7 90423 10 90782 12 91141 14 91501 15 91860 17 92220 17 92580 17 92940 18 93300 18 93661 17 94021 17 94381 17 94742 16 95103 14 95464 12 95824 11 96185 7
56d0da5b663ddd49955478c00ca03118c367ff7dd6a646b8c875b0acb207d1c5,126412 8 126766 17 127123 21 127481 25 127839 28 128198 30 128557 32 128916 34 129276 34
56d0da5b663ddd49955478c00ca03118c367ff7dd6a646b8c875b0acb207d1c5,15951 5 16308 13 16665 20 17024 22 17383 24 17742 26 18101 28 18460 30 18820 31 19180 32 19539 34 19899 35 20259 35 20619 36 20980 36 21340 37 21700 37 22060 37 22420 38 22780 39 23141 39 23501 40 23861 40 24221 41 24581 42 24941 42 25301 43 25661 43 26021 44 26381 45 26741 45 27101 45 27461 46 27821 46 28181 47 28542 46 28902 46 29263 45 29624 44 29984 44 30345 43 30706 42 31067 41 31427 40 31788 24 31820 6 32149 21 32509 20 32870 18 33231 16 33592 14 33953 11 34315 8
56d0da5b663ddd49955478c00ca03118c367ff7dd6a646b8c875b0acb207d1c5,98075 6 98433 11 98789 18 99146 23 99505 25 99864 28 100223 30 100582 32 100942 33 101302 34 101661 36 102021 37 102381 38 102741 40 103101 41 103461 43 103821 45 104181 48 104541 49 104901 51 105262 51 105622 52 105983 52 106343 53 106703 54 107063 54 107424 53 107784 54 108145 54 108506 53 108866 54 109227 54 109588 53 109949 52 110310 51 110671 51 111031 51 111392 50 111754 48 112115 47 112475 47 112836 46 113198 44 113560 41 113923 38 114285 36 114647 33 115009 31 115372 27 115733 25 116094 23 116456 20 116818 17 117184 9
56d0da5b663ddd49955478c00ca03118c367ff7dd6a646b8c875b0acb207d1c5,81817 3 82173 13 82531 16 82890 18 83249 20 83609 22 83968 25 84328 26 84688 27 85047 30 85407 31 85766 33 86126 34 86486 36 86847 36 87207 37 87567 37 87927 38 88287 39 88648 39 89008 40 89369 40 89729 41 90089 42 90450 42 90810 42 91171 42 91531 42 91892 41 92252 41 92613 40 92974 40 93334 40 93695 40 94056 39 94417 38 94778 37 95139 36 95500 36 95861 35 96222 34 96583 33 96944 32 97305 31 97666 29 98028 27 98390 25 98751 23 99113 20 99475 16 99836 14 100199 8
56d0da5b663ddd49955478c00ca03118c367ff7dd6a646b8c875b0acb207d1c5,155 39 515 39 875 39 1235 39 1595 39 1954 40 2314 40 2673 41 3032 43 3391 45 3751 46 4110 47 4467 51 4826 53 5185 54 5544 56 5903 58 6262 60 6621 62 6980 63 7340 63 7700 63 8059 64 8419 64 8779 64 9139 64 9499 64 9858 66 10218 66 10578 66 10938 66 11298 66 11657 67 12017 67 12377 67 12738 65 13098 65 13458 65 13818 65 14178 65 14538 64 14898 63 15258 63 15618 62 15978 61 16339 58 16699 52 17059 41 17419 34 17780 32 18141 30 18502 28 18863 26 19224 24 19586 21 19947 20 20308 18 20671 8
56d0da5b663ddd49955478c00ca03118c367ff7dd6a646b8c875b0acb207d1c5,120848 11 121206 16 121564 20 121923 22 122282 24 122642 25 123001 27 123361 28 123721 30 124080 32 124440 33 124800 34 125160 35 125521 35 125881 36 126241 38 126601 39 126961 40 127322 39 127682 40 128042 40 128402 41 128763 40 129123 41 129483 41
56d0da5b663ddd49955478c00ca03118c367ff7dd6a646b8c875b0acb207d1c5,5792 3 6148 13 6507 16 6865 20 7222 24 7581 28 7940 30 8300 31 8659 33 9019 35 9378 37 9738 38 10097 40 10457 40 10817 41 11177 42 11537 42 11897 43 12257 44 12617 45 12977 45 13337 45 13697 46 14057 47 14417 47 14777 47 15137 48 15497 48 15857 49 16217 49 16577 49 16937 49 17298 49 17658 49 18018 49 18378 49 18738 49 19099 48 19459 49 19818 50 20178 50 20538 50 20899 49 21259 48 21619 48 21979 48 22340 47 22700 47 23061 46 23421 46 23782 45 24143 44 24503 44 24864 43 25224 43 25585 41 25945 41 26306 40 26667 39 27027 38 27388 37 27748 36 28109 34 28470 33 28831 31 29192 29 29553 26 29915 23 30276 20 30638 16 31000 8
56d0da5b663ddd49955478c00ca03118c367ff7dd6a646b8c875b0acb207d1c5,38266 5 38625 9 38980 15 39338 19 39697 21 40056 23 40415 25 40774 27 41133 29 41492 31 41851 32 42211 33 42571 34 42930 35 43290 35 43650 35 44010 36 44370 37 44731 36 45091 36 45450 37 45810 37 46170 37 46531 36 46891 36 47250 37 47610 37 47970 37 48331 36 48691 35 49052 34 49413 33 49773 33 50133 33 50493 33 50854 32 51214 32 51574 32 51935 31 52295 31 52655 32 53015 32 53375 32 53736 31 54097 31 54458 30 54819 29 55180 28 55541 27 55903 25 56264 24 56625 23 56986 21 57346 20 57707 19 58068 17 58430 14 58792 11 59155 5
