573e1480b500c395f8d3f1800e1998bf553af0d3d43039333d33cf37d08f64e5,25319 6 25572 10 25827 11 26082 12 26338 12 26594 12 26850 12 27106 12 27362 11 27618 11 27874 10 28131 8 28388 6
573e1480b500c395f8d3f1800e1998bf553af0d3d43039333d33cf37d08f64e5,14733 9 14988 12 15244 13 15499 15 15755 16 16011 16 16267 16 16523 17 16780 16 17036 16 17293 15 17550 14 17808 12 18068 6
573e1480b500c395f8d3f1800e1998bf553af0d3d43039333d33cf37d08f64e5,26132 7 26387 9 26643 11 26899 12 27155 12 27411 12 27667 12 27923 12 28179 12 28437 9 28694 8
573e1480b500c395f8d3f1800e1998bf553af0d3d43039333d33cf37d08f64e5,35897 8 36152 10 36407 12 36663 12 36919 12 37175 12 37431 12 37687 12 37943 12 38199 12 38456 10 38714 7
573e1480b500c395f8d3f1800e1998bf553af0d3d43039333d33cf37d08f64e5,2377 5 2631 10 2886 12 3141 15 3396 16 3652 17 3908 17 4164 18 4420 18 4676 18 4933 17 5190 16 5447 15 5705 12 5965 7
573e1480b500c395f8d3f1800e1998bf553af0d3d43039333d33cf37d08f64e5,51406 9 51661 10 51917 11 52172 12 52428 12 52684 12 52940 12 53196 12 53452 12 53708 12 53964 11 54220 11 54477 10 54734 7
573e1480b500c395f8d3f1800e1998bf553af0d3d43039333d33cf37d08f64e5,48289 5 48543 9 48797 12 49051 15 49305 17 49561 17 49817 17 50072 18 50328 18 50583 19 50839 17 51095 14 51351 13 51607 13 51863 12 52119 11 52375 10 52634 5
573e1480b500c395f8d3f1800e1998bf553af0d3d43039333d33cf37d08f64e5,48722 6 48978 6 49233 8 49489 9 49744 10 50000 10 50256 11 50512 11 50768 11 51024 11 51280 11 51537 10 51794 8 52051 6
573e1480b500c395f8d3f1800e1998bf553af0d3d43039333d33cf37d08f64e5,30553 6 30806 10 31062 12 31317 13 31573 14 31829 14 32085 15 32341 15 32597 15 32853 16 33109 16 33365 16 33621 16 33877 16 34133 16 34390 15 34646 15 34903 14 35159 12 35416 11 35674 7
573e1480b500c395f8d3f1800e1998bf553af0d3d43039333d33cf37d08f64e5,23666 6 23921 10 24176 12 24432 13 24688 13 24944 13 25200 13 25456 13 25712 12 25969 10
573e1480b500c395f8d3f1800e1998bf553af0d3d43039333d33cf37d08f64e5,2474 5 2726 9 2980 12 3235 13 3490 14 3746 14 4002 13 4259 10 4516 7
573e1480b500c395f8d3f1800e1998bf553af0d3d43039333d33cf37d08f64e5,10067 8 10322 11 10578 12 10834 13 11090 13 11346 13 11602 13 11860 11 12119 7
