58406ed8ef944831c413c3424dc2b07e59aef13eb1ff16acbb3402b38b5de0bd,90475 7 90832 11 91190 15 91549 18 91909 20 92269 21 92628 23 92988 24 93348 24 93708 25 94068 26 94428 27 94788 28 95148 29 95509 28 95869 29 96229 30 96589 30 96949 31 97310 31 97670 32 98031 33 98391 34 98751 35 99111 35 99472 35 99832 36 100192 36 100553 36 100913 37 101273 38 101633 38 101994 38 102354 39 102715 38 103076 37 103436 37 103796 38 104156 39 104517 38 104877 38 105238 37 105598 37 105959 36 106320 36 106680 37 107041 36 107401 37 107762 37 108122 37 108483 37 108843 37 109204 36 109565 35 109925 35 110286 34 110647 33 111008 32 111369 31 111730 30 112091 28 112452 27 112813 26 113175 23 113536 21 113897 19 114258 16 114621 12
58406ed8ef944831c413c3424dc2b07e59aef13eb1ff16acbb3402b38b5de0bd,122239 15 122596 19 122955 22 123314 24 123673 26 124032 29 124392 30 124751 32 125111 33 125471 34 125831 36 126191 37 126551 38 126911 38 127271 38 127632 38 127992 39 128352 40 128713 39 129073 40 129434 39
58406ed8ef944831c413c3424dc2b07e59aef13eb1ff16acbb3402b38b5de0bd,89639 2 89996 5 90354 7 90713 8 91072 9 91431 10 91790 11 92150 11 92509 12 92868 13 93227 14 93587 14 93947 14 94307 14 94667 14 95027 14 95386 15 95746 15 96106 15 96467 14 96827 14 97187 14 97547 14 97907 14 98267 14 98627 14 98987 14 99348 13 99708 13 100069 12 100429 12 100789 12 101149 12 101509 12 101869 12 102229 12 102589 12 102949 12 103310 11 103670 11 104030 11 104390 11 104750 11 105110 11 105470 11 105830 11 106190 11 106550 11 106910 11 107270 11 107630 11 107990 11 108350 11 108710 11 109070 11 109430 11 109790 11 110151 10 110511 10 110871 10 111232 9 111593 8 111954 7 112315 6 112676 5 113037 4
58406ed8ef944831c413c3424dc2b07e59aef13eb1ff16acbb3402b38b5de0bd,60120 1 60479 2 60838 3 61198 3 61558 3 61917 4 62277 4 62637 4 62997 4 63357 4 63717 4 64077 4 64437 4 64797 4 65158 3 65518 3 65879 2 66239 2 66600 1 66960 1
58406ed8ef944831c413c3424dc2b07e59aef13eb1ff16acbb3402b38b5de0bd,83532 11 83888 19 84247 24 84606 27 84965 30 85325 31 85684 34 86042 37 86401 39 86761 40 87121 41 87481 42 87841 42 88201 43 88561 43 88921 44 89281 45 89641 45 90001 46 90361 46 90721 46 91081 47 91441 47 91801 47 92161 48 92521 48 92881 49 93241 49 93601 49 93961 49 94321 50 94681 50 95041 50 95401 50 95761 50 96121 50 96481 50 96841 50 97201 50 97561 50 97921 50 98281 50 98641 50 99002 48 99364 46 99730 40 100093 36 100454 34 100815 32 101177 29 101538 28 101899 26 102261 23 102622 21 102984 18 103345 14 103707 10
58406ed8ef944831c413c3424dc2b07e59aef13eb1ff16acbb3402b38b5de0bd,2114 16 2469 26 2827 33 3184 39 3543 42 3902 45 4261 48 4620 51 4979 53 5338 55 5698 56 6057 58 6416 60 6776 61 7136 62 7495 64 7855 65 8215 66 8575 66 8935 66 9295 66 9655 66 10015 66 10375 66 10735 66 11095 66 11456 65 11816 65 12176 65 12537 64 12897 64 13258 63 13618 63 13979 62 14340 61 14701 60 15063 58 15424 57 15785 56 16145 56 16506 55 16867 53 17228 51 17590 48 17952 45 18314 41 18677 35 19041 27 19404 21 19767 14 20133 5
58406ed8ef944831c413c3424dc2b07e59aef13eb1ff16acbb3402b38b5de0bd,25562 8 25921 17 26281 21 26641 23 27001 24 27361 26 27721 27 28081 27 28441 28 28801 28 29161 28 29521 28 29881 28 30241 28 30601 28 30961 28 31321 28 31681 28 32041 28 32401 28 32761 28 33121 28 33481 27 33841 27 34201 27 34561 26 34921 26 35281 25 35641 25 36001 24 36361 24 36721 23 37081 23 37441 22 37801 20 38161 19 38521 18 38881 17 39241 15 39601 13 39961 11 40321 9 40681 8 41043 4
58406ed8ef944831c413c3424dc2b07e59aef13eb1ff16acbb3402b38b5de0bd,113377 5 113736 8 114094 11 114450 16 114805 23 115163 26 115521 30 115880 32 116239 34 116598 37 116957 39 117317 40 117676 41 118036 41 118395 42 118755 42 119115 42 119474 43 119834 43 120194 43 120554 43 120914 43 121274 43 121634 43 121994 43 122355 41 122715 41 123075 41 123436 40 123796 41 124157 40 124517 41 124877 41 125237 42 125597 42 125957 42 126317 42 126677 42 127036 44 127396 44 127756 44 128116 43 128476 43 128836 42 129196 42 129556 42
58406ed8ef944831c413c3424dc2b07e59aef13eb1ff16acbb3402b38b5de0bd,121071 12 121429 17 121788 19 122146 22 122504 25 122863 27 123222 30 123581 32 123940 35 124300 36 124659 39 125018 41 125377 43 125736 46 126096 48 126456 49 126816 50 127175 51 127535 52 127894 54 128254 55 128614 56 128975 56 129336 55
58406ed8ef944831c413c3424dc2b07e59aef13eb1ff16acbb3402b38b5de0bd,74035 13 74392 19 74749 25 75108 29 75466 32 75825 35 76184 38 76543 41 76902 44 77261 46 77620 49 77979 52 78339 53 78699 54 79058 56 79418 57 79778 58 80138 59 80498 59 80858 59 81218 60 81578 61 81938 61 82298 62 82658 62 83018 62 83379 61 83739 62 84100 61 84460 61 84821 60 85182 60 85543 59 85904 58 86265 57 86626 56 86987 55 87348 54 87709 53 88070 53 88432 51 88793 50 89154 49 89515 48 89877 46 90238 45 90600 42 90961 41 91323 39 91684 38 92046 35 92408 33 92769 32 93130 30 93492 27 93854 24 94216 21 94578 17 94941 12
58406ed8ef944831c413c3424dc2b07e59aef13eb1ff16acbb3402b38b5de0bd,35415 10 35772 17 36131 19 36490 22 36849 25 37208 27 37567 29 37927 30 38286 32 38646 33 39006 33 39366 34 39726 34 40086 34 40445 35 40805 35 41165 35 41524 36 41884 36 42243 37 42602 38 42961 39 43320 40 43680 39 44039 40 44398 41 44757 42 45117 41 45477 40 45837 40 46197 39 46557 38 46917 38 47277 37 47637 37 47997 37 48358 36 48718 35 49079 34 49439 33 49800 32 50160 32 50521 30 50881 29 51242 27 51603 25 51964 23 52325 19 52687 15 53050 8
58406ed8ef944831c413c3424dc2b07e59aef13eb1ff16acbb3402b38b5de0bd,19670 12 20029 19 20388 22 20747 26 21106 28 21466 47 21826 53 22185 56 22545 59 22905 62 23265 63 23624 65 23984 66 24345 66 24705 67 25066 67 25426 68 25787 68 26148 67 26509 66 26870 66 27231 65 27593 64 27954 63 28316 61 28677 61 29039 59 29400 59 29761 58 30122 57 30484 55 30846 52 31207 51 31568 49 31930 46 32291 44 32653 41 33015 38 33376 36 33738 33 34099 31 34463 26 34827 20 35192 13
58406ed8ef944831c413c3424dc2b07e59aef13eb1ff16acbb3402b38b5de0bd,90558 2 90917 4 91276 5 91634 7 91992 9 92347 2 92351 11 92706 16 93066 17 93426 18 93446 2 93785 24 94145 24 94506 24 94858 4 94866 29 95217 6 95225 32 95577 42 95938 42 96300 40 96661 39 97021 39 97381 39 97740 40 98097 44 98143 3 98456 51 98816 51 99177 50 99537 49 99897 49 100256 50 100616 50 100976 49 101335 49 101695 48 102054 49 102410 52 102769 53 103129 52 103490 51 103851 49 104213 47 104576 43 104937 42 105298 40 105658 39 106019 34 106379 30 106739 28 107098 28 107456 30 107815 31 108175 31 108536 29 108897 28 109257 28 109617 27 109976 25 110336 23 110696 13 111057 11
58406ed8ef944831c413c3424dc2b07e59aef13eb1ff16acbb3402b38b5de0bd,41 31 402 28 763 26 1125 23 1488 18 1851 13 2215 8
58406ed8ef944831c413c3424dc2b07e59aef13eb1ff16acbb3402b38b5de0bd,27718 3 28075 6 28433 8 28791 10 29149 12 29507 14 29866 15 30224 17 30583 18 30943 18 31302 19 31661 20 32020 21 32380 21 32739 22 33099 22 33458 23 33818 23 34177 24 34537 24 34897 24 35256 25 35616 25 35975 26 36335 26 36695 26 37054 27 37414 27 37774 27 38133 28 38493 28 38853 28 39213 28 39573 28 39933 28 40293 28 40653 28 41014 27 41374 27 41734 27 42094 27 42455 26 42815 26 43176 25 43537 24 43898 23 44259 22 44620 21 44982 19 45343 18 45705 16 46066 15 46427 14 46789 12 47150 11 47512 9 47875 6 48239 2
58406ed8ef944831c413c3424dc2b07e59aef13eb1ff16acbb3402b38b5de0bd,46503 11 46858 22 47216 27 47572 33 47930 36 48289 37 48648 38 49007 40 49366 42 49724 45 50083 47 50442 49 50801 51 51160 53 51520 54 51879 56 52238 58 52598 58 52957 60 53317 61 53677 61 54037 62 54397 62 54757 63 55116 64 55476 64 55836 65 56196 65 56557 64 56917 64 57277 64 57637 63 57998 62 58358 62 58718 61 59079 59 59440 58 59801 56 60162 54 60523 52 60884 51 61245 49 61606 43 61968 29 62330 24 62691 21 63054 15 63418 8
58406ed8ef944831c413c3424dc2b07e59aef13eb1ff16acbb3402b38b5de0bd,215 45 577 42 938 38 1302 33 1663 28 2027 19 2390 13
58406ed8ef944831c413c3424dc2b07e59aef13eb1ff16acbb3402b38b5de0bd,21741 9 22097 14 22454 18 22811 25 23168 30 23525 36 23882 40 24241 42 24600 44 24959 45 25318 47 25677 49 26036 50 26395 52 26755 52 27114 53 27474 53 27833 54 28193 54 28552 55 28912 55 29272 55 29632 55 29992 55 30352 55 30712 54 31073 53 31433 52 31793 51 32154 49 32515 47 32876 45 33237 43 33598 40 33959 38 34323 10 34336 18 34686 5
