5953af5080d981b554529971903d8bee9871457a4361b51f04ba04f43793dd8f,32100 7 32355 9 32604 17 32859 19 33113 21 33368 22 33623 23 33879 23 34135 23 34391 23 34647 22 34903 22 35159 19 35415 18 35671 18 35927 17 36184 16 36442 13 36699 11
5953af5080d981b554529971903d8bee9871457a4361b51f04ba04f43793dd8f,18444 8 18698 11 18954 12 19209 14 19465 14 19720 16 19976 17 20231 18 20486 20 20742 21 20997 23 21252 24 21508 25 21764 25 22020 26 22276 26 22533 25 22789 25 23046 24 23302 24 23558 24 23815 23 24071 23 24328 22 24585 20 24842 19 25099 17 25357 14 25615 11 25873 7
5953af5080d981b554529971903d8bee9871457a4361b51f04ba04f43793dd8f,2066 4 2320 9 2574 12 2830 14 3085 16 3341 16 3596 18 3852 18 4108 18 4364 18 4620 18 4876 18 5132 18 5388 17 5645 16 5901 15 6158 13 6415 11 6672 8
5953af5080d981b554529971903d8bee9871457a4361b51f04ba04f43793dd8f,211 17 468 15
5953af5080d981b554529971903d8bee9871457a4361b51f04ba04f43793dd8f,17017 5 17271 9 17526 11 17781 13 18036 14 18292 14 18547 15 18803 15 19059 15 19315 15 19571 15 19827 15 20083 15 20339 15 20595 15 20851 14 21107 14 21363 14 21619 14 21875 14 22132 13 22389 12 22645 12 22902 11 23159 10 23415 10 23672 9 23929 8 24185 8 24442 6
5953af5080d981b554529971903d8bee9871457a4361b51f04ba04f43793dd8f,39502 1 39757 3 40012 6 40268 7 40523 10 40779 11 41034 13 41290 14 41546 15 41801 17 42057 17 42313 18 42569 18 42825 19 43081 19 43337 20 43593 20 43850 20 44106 21 44363 21 44620 21 44877 19 45134 17 45392 14 45650 10
5953af5080d981b554529971903d8bee9871457a4361b51f04ba04f43793dd8f,20284 1 20289 2 20540 11 20795 14 21050 16 21306 17 21562 17 21817 19 22073 19 22328 20 22584 20 22839 21 23095 21 23350 22 23606 21 23861 22 24116 23 24372 23 24629 21 24885 19 25142 17 25398 2
5953af5080d981b554529971903d8bee9871457a4361b51f04ba04f43793dd8f,4526 12 4780 17 5034 20 5289 23 5544 24 5799 26 6054 28 6309 29 6565 29 6821 30 7077 30 7332 31 7588 31 7844 31 8100 31 8357 30 8613 30 8869 30 9125 30 9382 28 9638 28 9894 27 10151 25 10408 23 10665 21 10922 19 11179 16 11437 12 11696 5
5953af5080d981b554529971903d8bee9871457a4361b51f04ba04f43793dd8f,17798 12 18053 14 18308 15 18563 17 18819 18 19074 20 19330 20 19586 21 19842 21 20098 21 20354 21 20610 14 20625 6 20866 14 20881 6 21122 21 21378 20 21634 20 21891 18 22148 16 22405 14 22661 13 22918 11
5953af5080d981b554529971903d8bee9871457a4361b51f04ba04f43793dd8f,18533 2 18788 6 19043 8 19299 10 19555 11 19810 12 20064 14 20319 15 20574 16 20830 16 21086 16 21342 16 21598 16 21853 18 22109 18 22364 20 22620 20 22875 21 23129 24 23384 25 23638 28 23893 29 24147 31 24402 32 24658 33 24915 32 25171 32 25427 32 25682 33 25939 33 26196 32 26453 30 26710 29 26969 26 27226 25 27483 23 27740 22 27998 19 28255 17 28513 15 28770 13 29027 10 29284 8 29541 5 29798 2
5953af5080d981b554529971903d8bee9871457a4361b51f04ba04f43793dd8f,37203 6 37215 6 37458 24 37714 29 37969 31 38225 31 38481 31 38737 31 38993 30 39249 29 39505 29 39762 27 40019 26 40276 24 40534 22 40792 20 41049 19 41305 18 41562 15 41819 6 41830 2 42077 3
5953af5080d981b554529971903d8bee9871457a4361b51f04ba04f43793dd8f,12431 10 12685 13 12940 16 13196 17 13451 19 13706 20 13962 21 14217 22 14473 22 14729 23 14985 23 15241 23 15497 23 15753 23 16009 22 16266 21 16523 20 16780 18 17037 16 17294 14 17551 12 17810 6 18067 3
5953af5080d981b554529971903d8bee9871457a4361b51f04ba04f43793dd8f,30338 8 30589 14 30844 15 31097 19 31351 21 31606 22 31861 23 32117 23 32373 23 32628 24 32883 25 33139 25 33395 25 33651 25 33907 25 34163 25 34419 25 34675 25 34932 7 34940 16 35189 22 35445 9 35455 13 35702 22 35959 10 35970 10 36216 19 36473 18 36730 16 36989 11 37246 9
5953af5080d981b554529971903d8bee9871457a4361b51f04ba04f43793dd8f,16683 10 16938 13 17193 15 17448 16 17704 16 17959 17 18214 18 18470 18 18726 18 18981 19 19237 19 19493 19 19749 19 20005 19 20261 19 20517 19 20773 19 21029 18 21285 18 21542 17 21799 15 22057 13 22314 11 22572 7
5953af5080d981b554529971903d8bee9871457a4361b51f04ba04f43793dd8f,26174 10 26423 26 26678 28 26934 32 27190 33 27447 33 27703 34 27959 34 28216 13 28230 20 28473 33 28730 33 28987 32 29245 31 29502 33 29760 32 30017 32 30276 30 30533 29 30790 28 31047 26 31303 26 31560 24 31817 21 32073 20 32328 17 32584 16 32840 14 33097 12 33355 8 33612 5
5953af5080d981b554529971903d8bee9871457a4361b51f04ba04f43793dd8f,13070 7 13324 11 13579 13 13834 15 14090 16 14345 17 14601 18 14857 18 15113 18 15368 19 15624 19 15881 18 16137 18 16393 17 16651 15 16911 10
5953af5080d981b554529971903d8bee9871457a4361b51f04ba04f43793dd8f,244 13 500 13 756 13 1012 13 1268 13 1524 13 1780 13 2036 13 2292 13 2549 12 2805 12 3062 11 3319 10 3576 9 3835 6
5953af5080d981b554529971903d8bee9871457a4361b51f04ba04f43793dd8f,17654 1 17905 10 18159 14 18414 16 18669 18 18924 19 19179 21 19435 21 19691 21 19947 22 20203 22 20459 22 20715 22 20971 22 21227 22 21484 21 21740 20 21997 19 22254 17 22511 15 22768 13 23026 10 23285 4
5953af5080d981b554529971903d8bee9871457a4361b51f04ba04f43793dd8f,27679 5 27932 10 28187 13 28442 16 28697 18 28952 20 29208 20 29464 20 29719 21 29975 21 30231 21 30487 21 30743 21 30999 21 31256 19 31512 19 31768 19 32025 18 32281 18 32538 17 32795 16 33053 13 33311 9
5953af5080d981b554529971903d8bee9871457a4361b51f04ba04f43793dd8f,15194 9 15449 11 15704 12 15959 13 16214 14 16469 15 16725 14 16981 14 17236 14 17492 14 17748 14 18003 15 18259 15 18515 14 18771 13 19027 12 19284 10 19542 5
5953af5080d981b554529971903d8bee9871457a4361b51f04ba04f43793dd8f,8187 5 8439 10 8692 13 8947 14 9201 16 9457 16 9712 17 9968 17 10223 18 10479 18 10735 18 10991 18 11247 18 11503 18 11759 18 12016 17 12272 17 12528 17 12785 16 13041 16 13298 15 13555 14 13812 13 14069 12 14326 11 14584 9 14843 5
5953af5080d981b554529971903d8bee9871457a4361b51f04ba04f43793dd8f,29237 3 29493 4 29748 9 30004 10 30259 13 30514 15 30769 17 31025 18 31280 20 31536 21 31792 22 32048 22 32305 21 32561 21 32818 20 33074 20 33331 18 33588 17 33845 16 34102 15 34359 14 34616 12 34875 7
5953af5080d981b554529971903d8bee9871457a4361b51f04ba04f43793dd8f,15617 1 15873 3 16129 4 16385 5 16641 6 16897 6 17153 6 17409 5 17665 5 17921 4 18177 4 18433 3 18689 3 18945 2 19201 2 19457 1 19713 1
5953af5080d981b554529971903d8bee9871457a4361b51f04ba04f43793dd8f,10968 6 11220 13 11475 15 11729 18 11984 20 12240 20 12496 20 12752 20 13008 20 13264 20 13521 19 13777 19 14034 18 14291 17 14547 17 14804 16 15060 16 15316 15 15572 14 15829 13 16085 13 16342 11
5953af5080d981b554529971903d8bee9871457a4361b51f04ba04f43793dd8f,37749 8 38004 17 38259 19 38514 20 38770 21 39025 22 39281 23 39537 23 39793 23 40049 24 40305 24 40561 24 40817 24 41073 23 41330 22 41586 22 41843 21 42100 19 42356 19 42614 16 42871 14 43129 11 43387 8
5953af5080d981b554529971903d8bee9871457a4361b51f04ba04f43793dd8f,6535 4 6788 9 7043 12 7298 14 7553 16 7808 17 8064 18 8320 18 8575 20 8831 20 9087 20 9343 20 9600 19 9856 18 10112 18 10369 16 10626 15 10883 13 11140 11 11398 7
5953af5080d981b554529971903d8bee9871457a4361b51f04ba04f43793dd8f,35874 5 36128 10 36382 13 36637 15 36892 17 37147 19 37402 20 37658 21 37913 22 38169 22 38425 22 38681 22 38937 22 39193 22 39450 21 39706 20 39963 19 40220 17 40477 15 40734 14 40991 11 41249 8
5953af5080d981b554529971903d8bee9871457a4361b51f04ba04f43793dd8f,18766 5 19021 6 19277 7 19532 10 19788 14 20044 15 20300 15 20556 15 20812 15 21068 15 21324 15 21580 15 21836 15 22092 15 22349 13 22605 12 22862 10 23119 7 23376 5
5953af5080d981b554529971903d8bee9871457a4361b51f04ba04f43793dd8f,12740 3 12994 8 13248 11 13503 13 13758 15 14014 16 14269 18 14525 19 14780 21 15036 22 15291 24 15547 25 15803 26 16059 26 16315 27 16571 28 16827 28 17083 28 17339 28 17596 28 17852 28 18108 28 18365 27 18621 27 18878 26 19135 25 19391 24 19648 23 19905 21 20162 20 20419 18 20676 16 20934 13
5953af5080d981b554529971903d8bee9871457a4361b51f04ba04f43793dd8f,107 25 363 25 620 23 877 21 1133 21 1390 19 1648 16 1905 13 2163 10 2421 5
5953af5080d981b554529971903d8bee9871457a4361b51f04ba04f43793dd8f,1759 7 2014 10 2264 17 2520 18 2775 20 3030 22 3286 23 3541 25 3797 25 4052 26 4308 27 4564 27 4820 27 5076 27 5332 27 5588 27 5844 27 6101 25 6357 25 6614 24 6871 22 7128 21 7385 19 7642 17 7899 15 8157 12 8414 9 8673 4
