5afcbfd0dd64392aa1e233b996d0bfb4354ee7119f30ae111c33d0fe4df11590,18080 12 18436 18 18794 22 19153 24 19511 27 19869 30 20228 32 20586 37 20945 39 21304 40 21663 41 22022 43 22381 45 22740 46 23099 47 23458 48 23817 49 24176 50 24536 50 24895 51 25254 52 25613 53 25972 54 26332 53 26691 54 27051 54 27410 55 27770 54 28129 55 28488 56 28847 56 29207 56 29566 56 29926 56 30285 56 30645 56 31004 56 31364 56 31724 55 32083 56 32443 56 32802 56 33162 56 33522 56 33882 56 34241 56 34601 56 34961 56 35321 55 35681 55 36041 54 36401 53 36761 53 37121 53 37481 52 37841 52 38202 51 38562 51 38922 50 39282 50 39643 48 40003 47 40363 47 40723 46 41083 45 41444 43 41804 43 42164 42 42525 40 42885 40 43245 39 43606 37 43966 36 44327 32 44687 31 45048 29 45409 27 45771 23 46132 20 46494 16 46856 12 47220 3
5afcbfd0dd64392aa1e233b996d0bfb4354ee7119f30ae111c33d0fe4df11590,64457 7 64814 16 65171 21 65529 24 65888 26 66247 28 66606 29 66965 31 67325 32 67684 34 68044 34 68403 36 68762 38 69121 39 69481 39 69841 40 70201 40 70561 41 70921 41 71281 41 71641 41 72001 42 72361 42 72721 42 73081 42 73441 42 73801 43 74161 43 74521 43 74881 43 75241 43 75601 43 75961 43 76321 43 76681 43 77041 43 77401 43 77761 43 78121 43 78481 43 78841 42 79201 42 79561 42 79921 42 80281 42 80641 41 81001 41 81361 41 81721 40 82081 40 82441 40 82801 39 83161 39 83521 38 83881 38 84241 37 84601 37 84961 36 85321 35 85681 34 86041 33 86401 32 86761 31 87121 29 87482 27 87843 25 88204 23 88566 20 88927 16 89288 14 89650 10
5afcbfd0dd64392aa1e233b996d0bfb4354ee7119f30ae111c33d0fe4df11590,94664 12 95020 21 95376 25 95734 27 96091 30 96450 31 96810 31 97169 32 97527 34 97886 35 98245 36 98602 39 98961 40 99321 40 99680 41 100040 41 100399 42 100759 42 101119 42 101479 42 101839 42 102198 43 102558 43 102919 42 103279 42 103639 42 103999 42 104359 42 104720 41 105080 41 105440 41 105801 40 106161 40 106522 39 106883 38 107244 37 107605 36 107966 35 108328 33 108690 31 109054 26 109421 15
5afcbfd0dd64392aa1e233b996d0bfb4354ee7119f30ae111c33d0fe4df11590,24603 11 24961 14 25319 17 25678 20 26037 22 26397 24 26756 26 27116 27 27476 28 27835 30 28195 31 28555 32 28914 34 29274 36 29634 37 29994 38 30354 39 30713 41 31073 42 31433 43 31793 44 32153 44 32513 45 32873 46 33233 47 33593 48 33954 47 34314 48 34674 48 35035 47 35395 47 35755 47 36116 45 36477 44 36838 43 37199 42 37559 42 37920 41 38281 40 38642 38 39003 36 39365 33 39726 31 40087 28 40448 26 40808 25 41169 23 41530 21 41892 17 42255 6
5afcbfd0dd64392aa1e233b996d0bfb4354ee7119f30ae111c33d0fe4df11590,74125 13 74482 18 74839 22 75197 26 75555 29 75913 31 76271 34 76628 38 76984 42 77343 44 77700 48 78059 51 78418 53 78777 55 79135 58 79494 59 79852 61 80211 62 80570 63 80929 64 81288 65 81648 65 82007 65 82366 66 82726 66 83085 67 83445 67 83804 67 84164 66 84523 67 84883 66 85243 64 85602 63 85962 62 86322 61 86682 59 87042 57 87403 52 87763 51 88124 48 88484 45 88845 41 89207 34 89568 28 89930 25
5afcbfd0dd64392aa1e233b996d0bfb4354ee7119f30ae111c33d0fe4df11590,103015 9 103372 15 103730 19 104089 21 104448 23 104807 25 105166 27 105525 28 105885 29 106244 31 106604 31 106964 31 107324 32 107684 32 108044 32 108403 34 108763 34 109123 35 109483 35 109842 36 110202 36 110562 37 110922 37 111281 38 111641 38 112001 38 112361 38 112721 38 113081 38 113440 39 113800 39 114160 39 114520 39 114880 39 115240 39 115600 39 115961 38 116321 38 116681 38 117041 37 117402 36 117762 35 118122 35 118483 34 118843 34 119203 34 119564 33 119924 33 120285 32 120646 31 121007 30 121368 28 121729 26 122089 26 122450 24 122811 23 123173 20 123534 17 123896 14 124259 6
5afcbfd0dd64392aa1e233b996d0bfb4354ee7119f30ae111c33d0fe4df11590,57417 5 57776 10 58135 14 58493 17 58852 20 59211 23 59570 26 59929 28 60288 31 60647 34 61007 36 61367 38 61407 4 61727 44 62086 45 62446 44 62806 43 63165 43 63525 42 63885 41 64245 40 64605 39 64965 38 65325 37 65685 36 66045 35 66405 34 66766 32 67127 30 67488 28 67848 27 68209 24 68570 22 68930 21 69291 18 69651 17 70012 14 70373 12 70735 7
5afcbfd0dd64392aa1e233b996d0bfb4354ee7119f30ae111c33d0fe4df11590,126970 9 127326 15 127684 19 128043 21 128401 24 128760 27 129119 29 129478 31
5afcbfd0dd64392aa1e233b996d0bfb4354ee7119f30ae111c33d0fe4df11590,96694 15 97052 18 97410 22 97768 25 98126 28 98485 29 98844 30 99203 32 99562 34 99921 36 100280 37 100638 39 100997 40 101356 41 101715 42 102074 43 102433 44 102792 45 103150 47 103509 48 103868 49 104227 50 104586 51 104945 52 105304 52 105663 53 106022 54 106381 55 106741 54 107100 55 107459 55 107818 56 108178 56 108537 56 108897 56 109257 55 109617 55 109977 55 110336 55 110696 54 111056 53 111416 52 111776 50 112136 48 112496 46 112857 43 113218 39 113579 25 113940 20 114302 16 114664 12
5afcbfd0dd64392aa1e233b996d0bfb4354ee7119f30ae111c33d0fe4df11590,9577 3 9934 12 10293 15 10652 17 11010 20 11369 22 11728 24 12087 26 12447 27 12806 29 13165 30 13524 32 13883 33 14243 33 14603 34 14962 35 15321 36 15681 36 16040 38 16400 38 16760 38 17120 38 17479 40 17839 40 18199 40 18558 41 18918 41 19278 41 19637 42 19997 42 20357 42 20716 43 21076 43 21436 42 21796 42 22155 43 22515 42 22875 42 23235 42 23595 41 23955 40 24315 40 24675 39 25035 38 25395 38 25755 37 26115 36 26475 35 26835 34 27195 33 27555 32 27916 30 28276 29 28637 27 28998 25 29359 23 29720 20 30081 17 30443 12 30805 5
5afcbfd0dd64392aa1e233b996d0bfb4354ee7119f30ae111c33d0fe4df11590,35202 13 35559 19 35917 24 36275 29 36634 31 36993 33 37351 37 37710 39 38069 41 38428 42 38787 44 39146 46 39506 47 39865 48 40225 48 40584 50 40943 51 41303 51 41662 52 42021 53 42380 54 42740 54 43100 54 43460 54 43819 55 44179 54 44538 55 44897 56 45256 56 45616 56 45975 56 46334 56 46693 57 47053 56 47412 57 47772 57 48132 56 48491 56 48851 55 49211 54 49570 54 49930 53 50290 52 50650 51 51010 49 51370 47 51730 46 52090 45 52450 43 52810 41 53171 39 53532 36 53893 34 54254 32 54615 30 54977 26 55338 23 55700 18 56062 13
5afcbfd0dd64392aa1e233b996d0bfb4354ee7119f30ae111c33d0fe4df11590,115503 6 115861 11 116220 13 116579 16 116936 20 117295 22 117654 24 118013 26 118372 28 118732 29 119091 30 119450 32 119809 33 120168 35 120526 37 120884 39 121242 41 121601 43 121960 44 122319 46 122678 47 123037 49 123396 50 123756 50 124116 51 124476 51 124836 51 125196 51 125556 51 125916 51 126276 51 126636 51 126997 50 127357 50 127717 50 128077 50 128438 49 128798 49 129158 48 129518 48
5afcbfd0dd64392aa1e233b996d0bfb4354ee7119f30ae111c33d0fe4df11590,125085 10 125443 15 125802 18 126161 20 126520 24 126879 26 127239 27 127598 29 127957 32 128317 33 128676 35 129035 36 129395 37
5afcbfd0dd64392aa1e233b996d0bfb4354ee7119f30ae111c33d0fe4df11590,9346 8 9706 9 10065 11 10424 13 10784 14 11143 15 11503 16 11862 18 12220 20 12578 22 12937 23 13295 25 13654 26 14013 27 14371 28 14730 29 15089 29 15448 30 15808 29 16167 29 16526 30 16884 31 17243 31 17602 31 17961 31 18319 31 18677 32 19036 32 19396 31 19756 30 20116 29 20475 28 20834 28 21194 26 21554 25 21914 24 22274 23 22635 21 22995 18 23355 17 23716 15 24080 7
5afcbfd0dd64392aa1e233b996d0bfb4354ee7119f30ae111c33d0fe4df11590,55885 3 56241 10 56600 13 56959 15 57318 16 57677 18 58036 20 58395 21 58755 22 59114 23 59473 24 59833 25 60192 26 60551 28 60910 29 61270 29 61629 30 61988 31 62347 32 62706 33 63065 34 63425 34 63784 35 64143 36 64503 35 64862 36 65222 36 65581 36 65940 37 66300 37 66659 38 67018 39 67378 39 67738 38 68097 39 68457 39 68817 39 69177 39 69537 39 69896 40 70256 40 70616 39 70975 40 71335 40 71696 39 72056 39 72416 38 72776 38 73136 38 73496 37 73856 37 74216 36 74577 34 74938 33 75298 32 75658 31 76019 29 76379 28 76740 26 77101 24 77461 23 77822 21 78184 18 78545 16 78907 11
5afcbfd0dd64392aa1e233b996d0bfb4354ee7119f30ae111c33d0fe4df11590,17640 1 17999 2 18355 6 18713 8 19071 10 19430 11 19788 13 20145 16 20503 18 20862 19 21220 21 21579 22 21938 23 22297 24 22656 25 23015 26 23375 26 23735 26 24094 27 24453 28 24813 28 25173 28 25533 28 25893 28 26253 28 26613 28 26973 28 27333 28 27694 27 28054 27 28414 27 28774 27 29135 26 29495 26 29855 26 30216 25 30576 25 30936 25 31297 24 31658 23 32018 23 32379 22 32739 22 33100 21 33460 21 33820 21 34181 20 34541 20 34901 20 35261 20 35621 20 35982 19 36342 18 36703 16 37063 14 37424 12 37786 9 38147 7
5afcbfd0dd64392aa1e233b996d0bfb4354ee7119f30ae111c33d0fe4df11590,45490 10 45849 13 46205 19 46561 25 46920 27 47279 29 47638 31 47996 34 48355 36 48715 37 49074 39 49434 39 49793 40 50152 41 50512 41 50871 42 51231 42 51590 43 51950 42 52310 42 52670 41 53029 42 53389 41 53749 41 54109 41 54469 40 54829 40 55189 39 55549 38 55909 38 56269 37 56629 37 56989 37 57349 36 57709 36 58068 37 58428 36 58788 35 59148 35 59508 34 59867 35 60227 35 60587 34 60947 33 61307 33 61667 32 62028 30 62388 29 62748 29 63108 29 63469 27 63829 27 64190 25 64551 24 64911 24 65272 22 65633 18 65994 16 66355 13 66716 11 67077 8
5afcbfd0dd64392aa1e233b996d0bfb4354ee7119f30ae111c33d0fe4df11590,72194 22 72548 30 72902 37 73260 40 73618 43 73976 46 74333 50 74691 52 75050 54 75409 55 75768 57 76127 58 76487 58 76846 59 77206 59 77566 59 77926 59 78286 58 78646 58 79005 58 79365 57 79725 55 80085 53 80445 51 80806 49 81166 48 81527 46 81887 43 82248 41 82608 40 82968 40 83329 39 83690 38 84051 37 84412 36 84772 36 85133 35 85494 34 85855 33 86216 32 86577 31 86939 28 87301 25 87662 23 88024 20 88386 17 88753 7
5afcbfd0dd64392aa1e233b996d0bfb4354ee7119f30ae111c33d0fe4df11590,50030 8 50387 14 50742 19 51100 21 51459 22 51818 23 52177 24 52537 24 52896 25 53255 26 53615 26 53975 26 54335 26 54694 27 55054 27 55414 27 55774 27 56134 27 56494 27 56854 27 57214 27 57574 27 57935 26 58295 26 58655 26 59015 26 59375 26 59735 26 60095 26 60456 25 60816 25 61176 25 61537 24 61897 24 62257 24 62618 23 62978 23 63338 23 63698 23 64059 22 64419 22 64779 22 65140 21 65500 20 65861 19 66221 19 66581 19 66942 18 67302 18 67663 16 68024 14 68385 12 68746 10
5afcbfd0dd64392aa1e233b996d0bfb4354ee7119f30ae111c33d0fe4df11590,59263 13 59620 18 59978 21 60336 23 60693 27 61052 28 61411 29 61771 29 62131 29 62490 31 62849 32 63208 33 63567 34 63926 35 64285 36 64644 38 65003 39 65362 40 65721 41 66080 42 66439 42 66799 41 67159 39 67518 39 67877 38 68237 37 68598 34 68960 30 69322 23 69685 14
5afcbfd0dd64392aa1e233b996d0bfb4354ee7119f30ae111c33d0fe4df11590,126475 5 126834 7 127193 11 127552 14 127911 18 128271 22 128630 26 128989 29 129348 31
5afcbfd0dd64392aa1e233b996d0bfb4354ee7119f30ae111c33d0fe4df11590,72 28 431 30 789 33 1148 35 1506 38 1865 39 2223 42 2582 43 2941 44 3300 45 3659 46 4017 48 4376 49 4735 50 5094 50 5453 51 5813 51 6173 51 6532 52 6891 53 7250 54 7610 53 7969 53 8328 54 8688 54 9047 54 9407 53 9766 54 10126 53 10486 52 10846 52 11206 51 11565 51 11925 50 12285 49 12645 47 13006 45 13366 44 13726 42 14086 40 14447 37 14808 34 15168 33 15529 30 15890 28 16251 26 16612 23 16974 20 17335 17 17699 10
5afcbfd0dd64392aa1e233b996d0bfb4354ee7119f30ae111c33d0fe4df11590,11324 9 11679 16 12036 20 12394 23 12753 25 13112 26 13471 27 13831 27 14190 28 14549 30 14908 31 15268 32 15627 33 15986 35 16346 35 16706 36 17065 37 17425 37 17785 37 18145 37 18505 38 18865 38 19225 38 19585 39 19945 39 20305 39 20665 39 21025 40 21385 40 21746 39 22106 39 22466 40 22827 39 23187 40 23548 39 23908 39 24268 39 24629 38 24989 37 25350 36 25711 35 26072 33 26433 32 26794 31 27155 30 27516 28 27877 26 28239 23 28601 20 28963 17 29324 2 29331 4
5afcbfd0dd64392aa1e233b996d0bfb4354ee7119f30ae111c33d0fe4df11590,112812 16 113168 23 113526 26 113885 28 114244 31 114602 34 114961 36 115320 38 115678 41 116037 43 116397 43 116756 45 117115 46 117474 48 117833 49 118193 50 118553 50 118913 50 119273 50 119633 50 119993 50 120353 50 120713 50 121073 50 121433 50 121793 50 122153 50 122513 49 122873 48 123234 47 123594 46 123955 44 124315 43 124676 41 125036 41 125397 39 125758 37 126119 36 126480 34 126841 32 127204 28 127566 25 127929 21 128293 16 128656 5
5afcbfd0dd64392aa1e233b996d0bfb4354ee7119f30ae111c33d0fe4df11590,5368 6 5724 14 6083 18 6438 24 6797 26 7156 28 7514 30 7873 31 8232 33 8591 34 8950 36 9309 37 9668 38 10027 38 10387 37 10746 38 11106 37 11465 38 11825 37 12184 36 12544 34 12904 33 13263 32 13623 31 13983 30 14343 28 14702 28 15062 27 15422 26 15783 25 16144 23 16504 22 16865 19 17226 17 17587 15 17948 13 18308 11 18668 9 19029 7 19389 7 19749 7 20110 6 20470 5 20830 4 21191 3
5afcbfd0dd64392aa1e233b996d0bfb4354ee7119f30ae111c33d0fe4df11590,116281 12 116641 13 117001 14 117361 14 117721 15 118081 16 118441 17 118801 17 119161 18 119521 18 119881 19 120241 19 120601 20 120961 20 121321 20 121681 21 122041 21 122401 22 122761 22 123121 23 123481 23 123841 23 124201 23 124561 24 124921 24 125281 24 125641 24 126001 24 126361 24 126721 24 127081 24 127441 24 127801 24 128161 24 128521 24 128881 24 129241 24
5afcbfd0dd64392aa1e233b996d0bfb4354ee7119f30ae111c33d0fe4df11590,59666 9 60024 14 60382 18 60738 23 61096 26 61455 27 61814 29 62174 29 62533 31 62892 33 63251 35 63610 37 63970 38 64330 39 64689 42 65049 43 65408 45 65768 46 66128 46 66488 47 66847 48 67207 49 67567 50 67926 52 68286 52 68646 52 69006 52 69366 52 69726 52 70086 52 70447 51 70807 50 71167 50 71527 50 71887 49 72247 48 72607 48 72967 47 73328 45 73688 44 74048 43 74408 42 74768 41 75128 40 75488 39 75848 38 76208 37 76568 36 76928 35 77288 34 77648 32 78008 31 78369 29 78729 28 79090 26 79451 23 79811 22 80172 20 80533 18 80895 14 81256 10 81621 3
