5b12df18e4ae4df5af06052584cf0e6bef58ee2a220653890636eef88a944e14,12482 6 12737 7 12991 9 13246 10 13497 15 13753 16 14009 16 14265 16 14522 15 14778 15 15033 16 15288 17 15544 17 15800 17 16056 17 16312 17 16568 8 16579 5 16824 7 17080 6
5b12df18e4ae4df5af06052584cf0e6bef58ee2a220653890636eef88a944e14,25271 1 25524 7 25779 9 26035 10 26290 12 26546 12 26801 14 27057 14 27313 15 27570 15 27826 14 28082 14 28339 12 28595 12 28852 10 29109 9 29366 6
5b12df18e4ae4df5af06052584cf0e6bef58ee2a220653890636eef88a944e14,14941 4 15197 5 15453 5 15709 5 15965 5
5b12df18e4ae4df5af06052584cf0e6bef58ee2a220653890636eef88a944e14,26166 5 26421 7 26676 9 26932 9 27187 10 27443 10 27698 11 27954 11 28210 11 28466 11 28722 11 28978 11 29234 10 29491 8 29748 6
5b12df18e4ae4df5af06052584cf0e6bef58ee2a220653890636eef88a944e14,32012 2 32266 6 32521 8 32776 10 33032 11 33287 13 33543 13 33799 13 34055 13 34312 12 34568 12 34824 12 35081 11 35338 10 35595 9 35853 6
5b12df18e4ae4df5af06052584cf0e6bef58ee2a220653890636eef88a944e14,13230 7 13486 9 13742 10 13998 11 14254 11 14510 11 14767 9 15025 7
5b12df18e4ae4df5af06052584cf0e6bef58ee2a220653890636eef88a944e14,58278 6 58532 10 58787 13 59042 14 59298 14 59553 16 59809 16 60064 17 60320 17 60576 17 60831 17 61087 17 61343 17 61599 16 61856 14 62112 13 62369 11 62625 10 62883 6 63141 1
5b12df18e4ae4df5af06052584cf0e6bef58ee2a220653890636eef88a944e14,48526 3 48781 6 49036 8 49292 8 49547 9 49802 11 50058 11 50314 11 50570 10 50826 10 51081 11 51337 11 51593 11 51849 10 52105 10 52361 10 52617 10 52873 9 53129 8 53386 7 53643 5 53900 2
5b12df18e4ae4df5af06052584cf0e6bef58ee2a220653890636eef88a944e14,51306 7 51561 10 51816 12 52071 14 52327 14 52583 15 52839 15 53095 16 53351 16 53607 16 53863 16 54119 16 54376 15 54632 15 54888 14 55145 13 55402 12 55659 10 55920 4
5b12df18e4ae4df5af06052584cf0e6bef58ee2a220653890636eef88a944e14,1153 4 1408 6 1663 8 1919 8 2174 10 2430 10 2685 10 2941 10 3197 10 3453 10 3710 8 3966 7 4223 5 4481 2
5b12df18e4ae4df5af06052584cf0e6bef58ee2a220653890636eef88a944e14,2302 3 2558 3 2814 3 3070 3 3325 4 3581 4 3837 4 4093 4 4349 4 4605 4 4862 3 5118 3 5374 3
5b12df18e4ae4df5af06052584cf0e6bef58ee2a220653890636eef88a944e14,18007 6 18261 11 18516 12 18771 14 19026 15 19281 17 19537 17 19792 18 20048 19 20304 19 20559 20 20815 19 21071 19 21327 19 21582 20 21838 19 22095 17 22351 17 22607 16 22863 15 23120 13 23377 9 23635 5
5b12df18e4ae4df5af06052584cf0e6bef58ee2a220653890636eef88a944e14,15282 5 15538 6 15794 6 16050 6 16306 6 16562 6
5b12df18e4ae4df5af06052584cf0e6bef58ee2a220653890636eef88a944e14,37498 5 37754 6 38009 8 38264 9 38519 10 38775 11 39031 11 39287 11 39543 11 39799 11 40055 10 40312 9 40568 8 40825 6 41083 2
5b12df18e4ae4df5af06052584cf0e6bef58ee2a220653890636eef88a944e14,1794 5 2049 7 2305 8 2561 9 2817 9 3073 10 3329 10 3585 10 3841 9 4097 9 4353 9 4609 9 4865 8 5121 8 5377 7 5634 4
