5bda829acd824821bc1f3f6573cf065d364653d5322f033a4af943f7a6170566,57370 7 57728 14 58085 19 58446 20 58804 23 59163 26 59522 28 59880 31 60240 32 60599 33 60958 36 61318 37 61678 38 62037 39 62397 40 62756 42 63116 43 63476 43 63835 45 64195 45 64555 46 64914 48 65274 48 65634 49 65994 48 66354 49 66714 50 67073 51 67433 51 67793 52 68153 52 68513 52 68873 53 69233 53 69594 53 69954 53 70314 53 70674 53 71034 54 71395 53 71755 53 72115 54 72475 54 72835 54 73196 53 73557 52 73917 52 74277 52 74637 52 74998 52 75359 51 75720 49 76080 50 76441 48 76801 48 77163 46 77523 46 77884 44 78245 43 78606 41 78968 39 79329 37 79690 35 80052 32 80413 29 80775 27 81136 24 81496 22 81857 17 82221 12 82584 1
5bda829acd824821bc1f3f6573cf065d364653d5322f033a4af943f7a6170566,61495 5 61849 18 62207 22 62566 28 62925 32 63284 35 63643 38 64002 41 64362 42 64722 44 65082 46 65442 46 65802 48 66162 49 66521 51 66882 51 67242 51 67602 53 67962 54 68322 54 68682 55 69043 54 69403 55 69764 54 70125 53 70486 52 70847 52 71208 51 71569 50 71930 49 72291 48 72651 47 73011 47 73371 47 73734 43 74095 42 74458 38 74819 37 75181 35 75541 33 75903 31 76265 28 76627 24 76991 18 77010 1 77356 12
5bda829acd824821bc1f3f6573cf065d364653d5322f033a4af943f7a6170566,119884 4 120242 8 120602 10 120961 12 121321 13 121681 14 122041 15 122401 15 122761 17 123121 18 123481 18 123841 19 124201 19 124561 19 124921 19 125281 19 125641 20 126001 20 126361 20 126721 20 127081 20 127441 20 127801 20 128161 20 128521 19 128881 17 129241 11
5bda829acd824821bc1f3f6573cf065d364653d5322f033a4af943f7a6170566,11440 1 11796 12 12154 17 12513 20 12871 24 12896 3 13231 29 13590 34 13949 36 14308 39 14668 40 15028 43 15387 45 15747 46 16106 48 16466 50 16826 50 17185 52 17545 52 17905 54 18265 55 18625 55 18985 56 19346 56 19706 57 20067 56 20427 57 20788 57 21148 52 21201 4 21508 58 21869 58 22229 58 22590 57 22950 57 23311 56 23671 56 24032 55 24392 55 24753 54 25113 54 25474 53 25834 53 26195 52 26556 51 26917 50 27278 49 27639 48 27999 48 28362 44 28724 42 29085 41 29447 38 29809 36 30171 33 30533 30 30895 26 31262 13 31626 7
5bda829acd824821bc1f3f6573cf065d364653d5322f033a4af943f7a6170566,112621 5 112979 8 113339 8 113699 9 114059 9 114419 9 114779 9 115140 8
5bda829acd824821bc1f3f6573cf065d364653d5322f033a4af943f7a6170566,98594 10 98954 13 99308 23 99667 27 100021 33 100378 39 100737 40 101095 44 101454 46 101813 48 102173 49 102532 51 102892 52 103252 53 103610 55 103970 56 104330 57 104690 58 105049 59 105409 59 105769 59 106129 59 106489 59 106849 59 107209 59 107569 59 107929 59 108289 58 108650 56 109010 56 109372 53 109733 51 110093 50 110454 48 110815 46 111177 34 111541 4 111551 15
5bda829acd824821bc1f3f6573cf065d364653d5322f033a4af943f7a6170566,82311 10 82668 20 83027 23 83386 28 83745 31 84104 35 84464 37 84824 40 85183 44 85543 46 85903 48 86263 52 86623 53 86983 54 87343 55 87703 57 88064 56 88424 56 88784 59 89145 59 89505 59 89866 58 90226 58 90586 58 90946 58 91306 57 91668 55 92031 52 92393 50 92754 49 93115 48 93477 45 93839 43 94200 42 94563 38 94925 36 95288 32 95650 28 96012 26 96376 15 96742 5
5bda829acd824821bc1f3f6573cf065d364653d5322f033a4af943f7a6170566,10149 1 10153 3 10505 14 10862 19 11220 22 11578 24 11938 25 12296 28 12655 30 13015 31 13374 33 13733 36 14092 37 14451 39 14810 41 15170 41 15529 43 15889 43 16249 44 16608 45 16968 46 17328 46 17688 47 18047 47 18407 47 18767 47 19126 49 19486 49 19846 49 20206 49 20566 49 20926 49 21286 49 21646 49 22007 49 22367 49 22727 49 23087 49 23447 49 23808 48 24168 48 24529 47 24888 48 25249 47 25609 47 25970 46 26331 45 26691 44 27051 44 27412 43 27772 43 28133 41 28494 40 28854 39 29213 40 29573 39 29933 39 30294 38 30654 37 31014 37 31374 36 31735 35 32095 34 32456 33 32816 32 33178 30 33539 28 33900 27 34262 24 34623 20 34984 19 35346 13 35709 8
5bda829acd824821bc1f3f6573cf065d364653d5322f033a4af943f7a6170566,94246 3 94605 5 94965 5 95325 5 95685 5 96045 5
5bda829acd824821bc1f3f6573cf065d364653d5322f033a4af943f7a6170566,97924 28 98283 34 98643 38 99003 42 99363 44 99723 45 100081 1 100084 46 100441 50 100801 50 101161 51 101521 52 101881 52 102241 53 102601 53 102961 53 103321 54 103681 54 104041 54 104401 55 104761 55 105121 55 105481 55 105841 55 106201 55 106561 55 106921 55 107281 55 107641 55 108001 55 108361 54 108721 53 109081 52 109441 51 109801 50 110161 49 110521 48 110881 47 111241 47 111601 46 111961 44 112322 42 112682 41 113042 40 113404 37 113768 32 114130 30 114493 24 114856 20 115218 15 115582 5
5bda829acd824821bc1f3f6573cf065d364653d5322f033a4af943f7a6170566,124183 18 124542 19 124900 21 125259 22 125618 23 125977 24 126335 26 126695 26 127054 27 127413 28 127771 30 128131 30 128490 31 128850 31 129210 31 129570 31
5bda829acd824821bc1f3f6573cf065d364653d5322f033a4af943f7a6170566,7413 8 7772 10 8132 11 8492 14 8852 18 9212 21 9572 23 9932 25 10292 28 10652 30 11012 31 11373 31 11733 32 12093 34 12454 34 12815 34 13175 35 13535 36 13896 37 14256 38 14616 39 14977 41 15337 42 15697 43 16058 42 16418 42 16777 43 17127 54 17486 55 17844 57 18202 10 18214 47 18561 60 18921 60 19280 61 19640 61 19999 61 20359 61 20719 62 21079 61 21439 61 21799 61 22159 61 22519 60 22880 59 23241 58 23603 56 23964 54 24325 53 24686 52 25048 50 25410 47 25770 47 26130 47 26492 45 26854 42 27215 41 27577 39 27939 36 28301 34 28663 31 29025 28 29388 22 29764 1
5bda829acd824821bc1f3f6573cf065d364653d5322f033a4af943f7a6170566,3225 8 3582 13 3941 16 4300 19 4659 22 5018 23 5377 24 5736 25 6096 25 6455 26 6815 26 7174 27 7534 27 7893 28 8253 28 8612 29 8972 29 9331 30 9690 31 10050 31 10409 32 10769 32 11129 32 11488 33 11848 33 12208 33 12567 34 12927 34 13287 34 13647 34 14007 34 14367 34 14727 34 15087 34 15447 34 15807 34 16167 34 16527 34 16887 34 17247 34 17607 34 17967 34 18328 33 18688 33 19048 33 19408 33 19768 33 20128 33 20488 33 20848 33 21209 32 21569 32 21930 31 22290 31 22651 30 23012 29 23373 28 23734 27 24094 26 24455 24 24816 22 25178 19 25539 17 25901 14 26261 12 26624 5
5bda829acd824821bc1f3f6573cf065d364653d5322f033a4af943f7a6170566,9504 3 9860 10 10219 14 10576 18 10934 22 11292 26 11650 29 12009 31 12368 33 12727 35 13087 36 13445 40 13805 40 14164 42 14523 43 14883 44 15242 45 15602 46 15962 46 16321 48 16681 48 17041 49 17400 50 17760 50 18120 51 18480 51 18839 52 19199 52 19559 52 19920 51 20280 51 20640 52 21000 52 21360 52 21720 52 22080 52 22440 53 22801 52 23161 52 23521 52 23882 51 24241 52 24602 51 24962 51 25322 51 25682 51 26042 51 26403 50 26763 50 27123 50 27484 49 27844 49 28204 49 28565 48 28926 47 29286 46 29647 45 30007 45 30368 43 30729 42 31089 41 31451 38 31811 38 32172 36 32533 34 32894 31 33255 29 33617 26 33978 23 34340 19 34702 15 35063 13
5bda829acd824821bc1f3f6573cf065d364653d5322f033a4af943f7a6170566,84959 2 85317 4 85674 7 86033 8 86391 10 86749 12 87108 13 87468 13 87827 14 88186 15 88546 15 88905 16 89264 17 89624 17 89983 18 90343 18 90702 19 91062 19 91421 20 91781 20 92140 21 92500 21 92860 21 93220 21 93580 21 93940 21 94300 21 94660 21 95020 21 95380 21 95740 21 96100 21 96460 21 96820 21 97180 21 97540 21 97901 20 98261 20 98622 19 98982 19 99344 17 99705 16 100066 14 100427 8
5bda829acd824821bc1f3f6573cf065d364653d5322f033a4af943f7a6170566,244 45 604 46 965 45 1325 46 1685 46 2046 46 2406 46 2766 47 3126 47 3487 46 3847 46 4208 45 4569 44 4930 43 5290 43 5650 43 6012 41 6373 40 6734 38 7097 35 7461 30 7823 28 8186 25 8549 19
5bda829acd824821bc1f3f6573cf065d364653d5322f033a4af943f7a6170566,72723 9 73081 1 73083 12 73441 17 73801 20 74161 21 74521 24 74881 25 75241 27 75601 30 75961 32 76321 34 76681 36 77041 37 77401 38 77761 39 78121 39 78481 39 78841 39 79201 40 79561 41 79921 41 80281 42 80641 42 81001 42 81361 42 81721 42 82081 41 82441 41 82801 41 83161 40 83521 40 83881 39 84241 39 84601 38 84961 38 85321 37 85681 36 86041 36 86401 35 86761 34 87121 33 87481 32 87841 30 88205 24 88565 22 88928 18 89290 12
5bda829acd824821bc1f3f6573cf065d364653d5322f033a4af943f7a6170566,97478 3 97838 4 98198 4 98558 4 98918 4 99278 3 99638 3
5bda829acd824821bc1f3f6573cf065d364653d5322f033a4af943f7a6170566,118214 9 118570 15 118929 18 119286 24 119646 25 120005 27 120363 30 120723 31 121082 33 121442 34 121801 35 122161 35 122520 37 122880 36 123240 37 123599 39 123959 39 124319 40 124679 40 125038 41 125398 42 125758 42 126118 42 126478 42 126838 42 127197 43 127558 42 127917 44 128277 44 128637 44 128997 44 129358 44
5bda829acd824821bc1f3f6573cf065d364653d5322f033a4af943f7a6170566,73159 1 73161 7 73518 15 73875 21 74233 26 74592 28 74951 32 75311 33 75670 36 76029 40 76390 40 76750 43 77109 47 77469 50 77829 51 78189 52 78549 55 78909 56 79269 56 79629 59 79989 59 80349 59 80710 58 81070 61 81431 60 81791 62 82151 63 82511 64 82872 63 83232 65 83593 65 83954 64 84314 65 84674 65 85035 65 85395 66 85756 65 86117 64 86477 65 86838 64 87199 64 87559 65 87920 64 88280 65 88642 63 89003 62 89363 63 89725 61 90085 62 90446 61 90807 61 91169 59 91529 59 91891 57 92252 57 92613 55 92974 55 93335 54 93696 53 94057 52 94419 50 94779 50 95140 49 95501 48 95862 46 96223 45 96585 42 96946 41 97307 39 97669 36 98031 32 98396 1 98398 24 98765 14 99130 5
