5c235b945b25b9905b9b0429ce59f1db51d0d0c7d48c2c21ab9f3ca54b0715e6,95213 6 95570 13 95928 21 96287 24 96646 26 97005 29 97364 33 97723 39 98082 42 98442 43 98801 47 99161 48 99520 50 99880 51 100239 53 100599 54 100959 55 101319 55 101679 56 102040 56 102400 56 102760 56 103120 57 103480 57 103840 57 104201 57 104561 57 104922 56 105283 55 105644 55 106004 55 106365 54 106726 53 107086 52 107447 51 107808 49 108170 47 108531 45 108892 43 109253 41 109615 39 109977 36 110338 34 110699 32 111060 30 111421 27 111783 24 112144 21 112506 17 112867 15
5c235b945b25b9905b9b0429ce59f1db51d0d0c7d48c2c21ab9f3ca54b0715e6,64914 11 65272 17 65631 19 65990 20 66349 22 66709 23 67069 24 67428 26 67788 27 68147 29 68507 30 68866 33 69226 34 69586 35 69945 37 70305 38 70664 40 71023 42 71383 43 71742 45 72099 49 72457 52 72816 54 73175 55 73534 56 73893 58 74252 59 74612 59 74972 59 75331 60 75691 60 76050 61 76410 61 76770 61 77129 62 77489 62 77849 61 78209 61 78569 61 78929 60 79289 59 79649 59 80009 59 80369 58 80730 56 81090 56 81451 55 81811 54 82171 53 82532 51 82892 51 83253 49 83613 48 83974 46 84335 44 84696 43 85057 41 85419 38 85780 36 86145 29 86509 24 86871 21
5c235b945b25b9905b9b0429ce59f1db51d0d0c7d48c2c21ab9f3ca54b0715e6,46328 7 46685 13 47044 17 47402 20 47761 23 48120 25 48479 27 48838 29 49197 30 49555 33 49914 35 50273 36 50632 37 50991 39 51350 40 51709 41 52068 42 52427 43 52786 44 53145 45 53504 46 53863 47 54223 47 54582 47 54942 46 55301 46 55660 47 56019 47 56378 47 56738 46 57097 47 57457 46 57816 46 58176 45 58535 45 58895 44 59255 43 59615 42 59975 41 60335 40 60695 39 61055 38 61415 37 61775 35 62136 32 62496 30 62856 29 63217 27 63580 19 63942 11
5c235b945b25b9905b9b0429ce59f1db51d0d0c7d48c2c21ab9f3ca54b0715e6,18720 1 19080 1 19440 1 19800 1 20159 2 20519 2 20879 2 21239 2 21599 2 21959 2 22319 2 22679 2 23040 1 23400 1
5c235b945b25b9905b9b0429ce59f1db51d0d0c7d48c2c21ab9f3ca54b0715e6,22023 13 22382 15 22741 17 23100 19 23459 21 23817 24 24176 26 24535 28 24894 30 25254 30 25614 31 25974 32 26334 33 26693 35 27053 36 27413 37 27772 39 28132 39 28492 39 28852 40 29211 41 29571 42 29931 42 30291 43 30650 44 31010 44 31370 44 31730 44 32090 44 32450 44 32810 44 33170 43 33530 43 33889 44 34249 44 34609 44 34969 44 35329 43 35689 43 36049 43 36409 43 36769 43 37129 42 37489 42 37849 42 38209 42 38569 41 38929 41 39289 40 39650 39 40010 39 40370 38 40730 37 41091 36 41451 35 41812 33 42172 32 42533 30 42894 28 43254 27 43615 25 43976 23 44337 21 44699 18 45062 12
5c235b945b25b9905b9b0429ce59f1db51d0d0c7d48c2c21ab9f3ca54b0715e6,16682 20 17039 31 17398 34 17757 40 18116 43 18476 45 18835 49 19194 51 19553 53 19913 54 20273 55 20633 57 20993 58 21353 59 21713 60 22073 61 22433 62 22793 62 23153 63 23514 62 23874 63 24235 62 24596 61 24957 60 25317 60 25678 59 26038 59 26399 58 26761 55 27123 53 27484 51 27846 48 28209 45 28570 43 28931 41 29294 37 29656 33 30019 28 30384 8
5c235b945b25b9905b9b0429ce59f1db51d0d0c7d48c2c21ab9f3ca54b0715e6,14657 13 15016 15 15374 19 15733 22 16092 25 16451 28 16811 29 17170 32 17530 33 17889 34 18249 35 18609 36 18969 37 19329 38 19689 39 20049 40 20409 40 20769 41 21129 42 21489 43 21849 44 22209 45 22569 47 22930 47 23290 48 23650 49 24011 48 24371 48 24732 48 25093 48 25453 48 25814 47 26175 47 26535 48 26896 47 27257 47 27617 47 27978 46 28338 46 28699 45 29060 44 29421 43 29781 43 30142 42 30503 41 30864 39 31225 38 31586 37 31947 35 32308 33 32669 32 33031 29 33392 27 33753 25 34114 22 34476 19 34837 17 35198 14 35560 10
5c235b945b25b9905b9b0429ce59f1db51d0d0c7d48c2c21ab9f3ca54b0715e6,123180 7 123536 13 123894 18 124253 22 124612 24 124971 27 125330 30 125689 32 126049 33 126408 36 126767 38 127127 39 127487 40 127847 41 128207 42 128567 43 128927 43 129287 43
5c235b945b25b9905b9b0429ce59f1db51d0d0c7d48c2c21ab9f3ca54b0715e6,61594 6 61950 13 62309 16 62669 17 63028 20 63387 22 63747 22 64106 24 64465 26 64823 28 65182 30 65542 30 65901 31 66261 32 66620 33 66980 34 67339 35 67699 35 68058 36 68418 36 68777 37 69131 3 69136 38 69490 44 69849 45 70208 46 70567 47 70926 47 71285 48 71643 50 72001 51 72361 51 72721 51 73081 51 73441 51 73801 51 74161 50 74521 50 74881 49 75241 48 75601 48 75961 47 76321 46 76681 46 77041 45 77401 44 77761 44 78121 43 78481 42 78841 42 79208 34 79573 27 79935 4 79941 16 80308 7
5c235b945b25b9905b9b0429ce59f1db51d0d0c7d48c2c21ab9f3ca54b0715e6,87954 9 88312 16 88671 21 89030 24 89389 27 89748 30 90108 31 90467 33 90826 35 91186 35 91546 36 91906 36 92266 36 92626 36 92985 38 93345 38 93704 39 94064 39 94424 40 94784 40 95144 39 95504 39 95863 40 96222 41 96582 40 96942 40 97301 41 97661 41 98020 42 98380 42 98740 42 99099 42 99458 43 99818 43 100177 43 100537 42 100897 42 101257 41 101616 41 101976 40 102336 38 102696 36 103057 28 103417 27 103777 26 104138 20 104498 19 104859 17 105221 14 105583 11
5c235b945b25b9905b9b0429ce59f1db51d0d0c7d48c2c21ab9f3ca54b0715e6,115717 12 116076 15 116432 21 116791 24 117147 29 117505 32 117864 34 118222 37 118581 39 118941 39 119301 40 119661 40 120021 41 120381 41 120740 42 121100 42 121460 42 121820 42 122180 42 122539 43 122899 43 123259 43 123619 43 123979 43 124338 43 124698 42 125058 41 125418 41 125777 42 126137 41 126497 40 126857 39 127217 38 127578 36 127938 35 128299 33 128659 32 129020 30 129380 30
5c235b945b25b9905b9b0429ce59f1db51d0d0c7d48c2c21ab9f3ca54b0715e6,78010 7 78367 13 78726 15 79083 19 79442 21 79802 22 80162 22 80521 24 80880 26 81240 27 81600 27 81960 28 82320 29 82679 31 83038 32 83396 35 83753 39 84112 41 84471 43 84830 45 85189 46 85548 48 85907 49 86267 49 86626 50 86985 51 87344 52 87704 51 88064 51 88424 51 88783 51 89143 50 89503 48 89863 44 90223 33 90583 32 90943 31 91303 31 91663 30 92023 30 92383 29 92744 28 93104 28 93464 27 93824 26 94185 25 94545 24 94906 22 95268 19 95630 16 95993 11
5c235b945b25b9905b9b0429ce59f1db51d0d0c7d48c2c21ab9f3ca54b0715e6,109 50 469 50 829 50 1189 50 1549 50 1909 49 2267 50 2627 48 2985 48 3343 48 3703 46 4063 43 4422 42 4782 41 5141 42 5501 41 5861 39 6220 39 6580 38 6940 36 7300 36 7660 34 8020 34 8381 33 8741 31 9104 28 9465 26 9831 16
5c235b945b25b9905b9b0429ce59f1db51d0d0c7d48c2c21ab9f3ca54b0715e6,102735 7 103093 14 103447 21 103805 25 104161 30 104520 31 104879 33 105238 35 105596 39 105955 41 106314 43 106673 45 107032 46 107392 47 107751 49 108111 50 108471 50 108831 50 109190 51 109549 52 109909 51 110269 51 110629 52 110989 52 111349 52 111709 52 112069 52 112430 50 112790 50 113151 49 113511 48 113872 47 114232 46 114593 44 114954 42 115314 41 115675 38 116036 32 116397 24 116760 15 117121 9
5c235b945b25b9905b9b0429ce59f1db51d0d0c7d48c2c21ab9f3ca54b0715e6,36578 3 36935 7 37292 10 37651 11 38010 12 38368 14 38727 15 39087 14 39446 13 39805 13 40165 13 40525 13 40885 12 41245 11 41605 10 41965 10 42326 9 42687 8 43052 2
5c235b945b25b9905b9b0429ce59f1db51d0d0c7d48c2c21ab9f3ca54b0715e6,67614 7 67971 11 68329 14 68688 16 69047 18 69405 20 69764 22 70123 23 70482 24 70842 24 71201 25 71560 26 71919 27 72277 29 72636 30 72994 32 73352 34 73711 35 74069 37 74428 38 74786 41 75145 42 75505 42 75865 42 76224 43 76584 43 76944 44 77304 44 77665 43 78025 42 78385 42 78745 42 79105 42 79466 40 79827 38 80187 37 80548 36 80909 34 81270 32 81630 31 81991 29 82352 26 82713 22 83074 19 83435 17 83797 14 84158 11 84520 6 84882 2
5c235b945b25b9905b9b0429ce59f1db51d0d0c7d48c2c21ab9f3ca54b0715e6,1243 8 1599 19 1958 22 2317 25 2675 28 3033 32 3391 35 3749 38 4106 41 4464 44 4823 45 5183 46 5542 47 5900 49 6259 50 6618 51 6976 53 7336 53 7696 52 8056 52 8416 52 8776 52 9136 52 9496 52 9857 51 10218 50 10578 50 10939 49 11300 48 11661 47 12022 46 12384 44 12748 40 13120 28 13483 25 13844 22 14206 20 14567 18 14928 16 15289 14
5c235b945b25b9905b9b0429ce59f1db51d0d0c7d48c2c21ab9f3ca54b0715e6,48028 4 48382 11 48740 14 49099 17 49458 19 49817 20 50176 21 50535 23 50894 25 51253 27 51612 28 51972 28 52332 29 52691 30 53051 31 53410 32 53769 33 54129 33 54488 34 54848 34 55208 35 55568 35 55928 36 56288 36 56648 36 57008 36 57368 36 57728 36 58088 36 58448 36 58808 36 59168 36 59528 37 59888 37 60248 37 60608 37 60968 37 61328 37 61688 37 62049 36 62409 36 62769 36 63129 36 63490 35 63850 35 64211 34 64571 34 64931 34 65291 34 65652 32 66012 32 66373 31 66733 30 67093 29 67454 28 67815 26 68176 25 68537 23 68899 20 69260 17 69623 9 69984 7 70345 4
5c235b945b25b9905b9b0429ce59f1db51d0d0c7d48c2c21ab9f3ca54b0715e6,39960 1 40317 4 40676 5 41035 6 41394 7 41753 8 42112 9 42471 10 42830 11 43190 11 43549 12 43909 12 44268 13 44628 13 44988 13 45347 14 45707 14 46067 14 46427 14 46787 14 47147 14 47506 15 47866 15 48226 15 48586 15 48946 15 49306 15 49666 15 50026 15 50386 15 50746 15 51106 15 51467 14 51827 14 52187 14 52547 14 52907 14 53267 14 53627 14 53988 13 54348 13 54709 12 55069 12 55430 11 55790 11 56151 10 56511 10 56872 9 57233 8 57594 7 57954 7 58315 6 58676 5 59037 4 59400 1
5c235b945b25b9905b9b0429ce59f1db51d0d0c7d48c2c21ab9f3ca54b0715e6,100444 15 100803 18 101161 27 101521 29 101881 31 102241 33 102601 35 102961 36 103321 36 103681 37 104041 37 104401 38 104761 38 105121 39 105481 39 105841 39 106201 39 106561 39 106921 40 107281 40 107641 40 108001 41 108361 41 108721 41 109081 42 109441 42 109801 42 110161 41 110521 41 110881 41 111241 40 111601 39 111961 39 112321 39 112681 39 113041 38 113401 38 113761 38 114121 38 114481 38 114841 38 115201 38 115561 38 115921 38 116281 38 116641 37 117001 37 117361 37 117721 36 118081 36 118441 35 118801 34 119161 34 119521 33 119881 32 120241 31 120601 30 120961 29 121321 27 121682 15 122044 10 122408 2
5c235b945b25b9905b9b0429ce59f1db51d0d0c7d48c2c21ab9f3ca54b0715e6,125602 12 125959 18 126317 21 126675 25 127033 28 127391 31 127750 33 128108 36 128466 38 128825 40 129184 41 129544 41
5c235b945b25b9905b9b0429ce59f1db51d0d0c7d48c2c21ab9f3ca54b0715e6,108597 3 108946 18 109301 26 109660 29 110018 32 110377 34 110736 36 111095 37 111454 39 111813 40 112172 42 112531 43 112891 44 113250 45 113610 46 113970 46 114329 47 114689 47 115049 47 115409 47 115769 48 116129 48 116490 46 116850 46 117211 45 117571 45 117932 43 118292 43 118653 42 119014 41 119375 39 119736 38 120097 37 120459 36 120822 33 121185 30 121547 27 121908 26 122269 25 122631 22 122993 20 123356 16 123719 12 124080 9
5c235b945b25b9905b9b0429ce59f1db51d0d0c7d48c2c21ab9f3ca54b0715e6,91800 1 92157 4 92513 8 92871 10 93229 12 93585 16 93944 17 94303 18 94662 19 95022 19 95381 20 95741 20 96101 20 96461 20 96821 20 97181 20 97541 20 97901 20 98262 19 98623 18 98983 18 99343 18 99704 17 100065 16 100425 16 100786 15 101146 15 101507 14 101868 13 102230 11 102591 10 102952 9 103314 7 103676 5 104038 3
5c235b945b25b9905b9b0429ce59f1db51d0d0c7d48c2c21ab9f3ca54b0715e6,77756 5 78112 9 78471 10 78828 13 79186 15 79545 16 79904 17 80262 19 80621 20 80979 22 81338 23 81697 24 82056 25 82415 26 82774 27 83133 28 83493 28 83852 29 84212 29 84571 30 84931 30 85291 30 85651 30 86011 30 86371 30 86731 30 87091 30 87451 30 87812 29 88173 28 88536 25 88901 20 89267 14
5c235b945b25b9905b9b0429ce59f1db51d0d0c7d48c2c21ab9f3ca54b0715e6,254 31 615 30 975 30 1336 29 1697 27 2058 26 2420 24 2781 22 3142 20 3506 14 3868 11 4230 6
5c235b945b25b9905b9b0429ce59f1db51d0d0c7d48c2c21ab9f3ca54b0715e6,14761 5 15121 9 15481 10 15841 14 16201 17 16561 21 16921 23 17281 25 17641 27 18001 28 18361 29 18721 30 19081 31 19441 32 19801 32 20161 33 20521 34 20881 34 21241 34 21601 34 21961 34 22321 34 22681 34 23041 35 23401 35 23761 35 24121 35 24481 35 24841 35 25201 35 25561 35 25921 35 26281 35 26641 35 27001 34 27361 34 27721 34 28081 34 28441 33 28801 33 29161 32 29521 31 29881 30 30241 29 30601 28 30961 27 31321 26 31681 24 32041 23 32401 21 32761 19 33121 16 33486 7
5c235b945b25b9905b9b0429ce59f1db51d0d0c7d48c2c21ab9f3ca54b0715e6,122240 9 122597 13 122955 17 123313 21 123672 23 124031 26 124390 28 124750 29 125109 31 125469 32 125829 33 126188 35 126548 36 126908 37 127268 38 127628 39 127988 40 128348 40 128708 41 129069 40 129429 40
5c235b945b25b9905b9b0429ce59f1db51d0d0c7d48c2c21ab9f3ca54b0715e6,1 38 361 37 721 37 1081 36 1441 35 1801 35 2161 35 2521 34 2881 31 3241 30 3601 29 3961 28 4321 28 4681 27 5041 26 5401 26 5761 25 6121 25 6481 24 6841 23 7201 23 7561 22 7921 21 8281 21 8641 20 9001 20 9361 19 9721 18 10081 17 10442 14 10804 11 11166 6
5c235b945b25b9905b9b0429ce59f1db51d0d0c7d48c2c21ab9f3ca54b0715e6,291 36 651 36 1012 34 1372 33 1733 31 2093 30 2454 28 2815 26 3176 24 3537 20 3897 19 4258 17 4619 15 4980 13 5343 9
