5c6eb9a47852754d4e45eceb9a696c64c7cfe304afc5ea491cdfef11d55c17f3,58199 6 58453 11 58708 14 58963 16 59219 17 59475 17 59731 17 59987 18 60243 19 60499 21 60755 22 61011 22 61268 21 61525 20 61782 19 62039 17 62297 14 62554 12 62812 8
5c6eb9a47852754d4e45eceb9a696c64c7cfe304afc5ea491cdfef11d55c17f3,67000 10 67252 19 67507 21 67762 23 68018 25 68274 26 68530 27 68786 27 69042 28 69298 29 69554 31 69811 30 70068 29 70327 26 70599 10
5c6eb9a47852754d4e45eceb9a696c64c7cfe304afc5ea491cdfef11d55c17f3,65171 7 65426 10 65680 14 65935 16 66190 19 66445 21 66701 22 66957 22 67213 23 67469 24 67725 24 67981 25 68237 26 68494 25 68751 24 69008 24 69265 23 69522 22 69780 21 70038 19 70298 15 70557 12 70816 9 71072 10 71330 8 71586 8 71843 7 72100 6 72356 6 72613 5 72869 5 73125 5 73381 5 73637 5 73893 5 74149 5 74405 5 74661 5 74916 6 75172 7 75428 7 75664 4 75684 7 75920 6 75939 8 76176 27 76432 27 76689 26 76947 24 77204 23 77462 21 77720 19 77978 17 78236 15 78494 12 78753 9 79010 7
5c6eb9a47852754d4e45eceb9a696c64c7cfe304afc5ea491cdfef11d55c17f3,2728 13 2743 6 2978 29 3231 35 3485 38 3741 38 3995 40 4250 41 4506 41 4762 41 5019 40 5275 40 5534 36 5803 23 6063 19 6322 16 6583 11
5c6eb9a47852754d4e45eceb9a696c64c7cfe304afc5ea491cdfef11d55c17f3,49079 8 49335 12 49591 13 49848 13 50105 13 50362 13 50618 14 50874 15 51130 15 51387 15 51644 14 51900 15 52157 14 52414 14 52670 14 52927 14 53183 14 53440 14 53696 14 53953 14 54210 13 54466 14 54723 13 54979 13 55236 12 55492 12 55749 11 56005 9 56261 5
5c6eb9a47852754d4e45eceb9a696c64c7cfe304afc5ea491cdfef11d55c17f3,29884 9 30140 11 30395 12 30651 13 30906 14 31162 14 31417 15 31673 15 31928 16 32183 17 32439 17 32695 17 32951 17 33209 14 33466 13 33724 10 33981 7 34238 5 34495 3
5c6eb9a47852754d4e45eceb9a696c64c7cfe304afc5ea491cdfef11d55c17f3,35073 4 35329 4 35585 4 35841 4 36097 4 36353 4 36609 4 36865 4 37121 4 37377 3 37633 3 37889 4 38145 5 38401 6 38657 7 38913 8 39169 8 39425 8 39681 8 39937 8 40193 8 40449 1 40705 1 40961 1 41217 1 41473 1 41729 1
5c6eb9a47852754d4e45eceb9a696c64c7cfe304afc5ea491cdfef11d55c17f3,22211 2 22465 6 22720 8 22975 11 23231 12 23486 14 23742 16 23998 17 24254 19 24510 20 24766 21 25023 22 25280 22 25537 21 25794 20 26051 19 26308 17 26565 16 26822 14 27079 13 27335 13 27592 11 27849 9 28106 8 28363 6 28619 6 28876 4 29133 3
5c6eb9a47852754d4e45eceb9a696c64c7cfe304afc5ea491cdfef11d55c17f3,44058 19 44312 25 44567 30 44823 31 45078 32 45334 32 45590 32 45846 32 46102 31 46358 31 46614 30 46870 29 47126 28 47383 27 47639 26 47896 24 48153 22 48410 19 48669 14
5c6eb9a47852754d4e45eceb9a696c64c7cfe304afc5ea491cdfef11d55c17f3,5270 5 5521 13 5775 17 6029 23 6285 23 6540 24 6796 24 7051 25 7307 25 7563 25 7819 24 8075 24 8332 22 8588 21 8844 21 9101 19 9357 19 9614 17 9871 16 10129 13 10388 9
5c6eb9a47852754d4e45eceb9a696c64c7cfe304afc5ea491cdfef11d55c17f3,41990 7 42244 12 42499 14 42754 16 43010 17 43266 17 43521 19 43777 19 44033 20 44289 21 44545 21 44801 21 45057 21 45313 21 45569 21 45825 21 46081 21 46337 21 46593 1 46595 19 46849 21 47105 21 47361 20 47617 19 47873 18 48129 17 48386 15 48643 13 48901 10
5c6eb9a47852754d4e45eceb9a696c64c7cfe304afc5ea491cdfef11d55c17f3,15764 12 16018 18 16273 19 16528 20 16783 21 17039 22 17295 23 17551 24 17807 25 18064 25 18320 26 18576 27 18833 27 19090 27 19347 27 19605 26 19863 24 20123 20 20383 15 20642 8
5c6eb9a47852754d4e45eceb9a696c64c7cfe304afc5ea491cdfef11d55c17f3,72528 9 72783 12 73039 13 73295 16 73551 17 73807 17 74063 18 74320 17 74578 16 74835 15 75093 13 75351 11 75608 10 75865 9 76123 7
5c6eb9a47852754d4e45eceb9a696c64c7cfe304afc5ea491cdfef11d55c17f3,60166 10 60420 13 60675 15 60931 15 61186 16 61441 18 61697 18 61953 18 62209 18 62465 18 62721 18 62977 18 63233 18 63489 18 63745 18 64001 18 64257 18 64513 18 64769 18 65025 17 65281 17 65537 17 65793 17 66049 16 66305 16 66561 15 66821 11 67079 8 67336 7 67593 6 67850 4 68106 4 68362 4
5c6eb9a47852754d4e45eceb9a696c64c7cfe304afc5ea491cdfef11d55c17f3,47011 7 47266 10 47521 13 47777 15 48032 17 48288 19 48544 21 48799 23 49055 24 49311 24 49566 25 49822 26 50078 27 50334 28 50590 28 50846 28 51102 28 51358 29 51615 29 51871 29 52127 30 52384 30 52640 30 52896 31 53153 30 53409 31 53665 31 53922 31 54178 31 54435 31 54692 31 54949 30 55206 30 55462 30 55719 30 55977 28 56234 27 56492 25 56749 24 57006 23 57263 22 57520 21 57777 19 58035 16 58293 12 58552 6
5c6eb9a47852754d4e45eceb9a696c64c7cfe304afc5ea491cdfef11d55c17f3,75243 14 75498 19 75754 20 76010 22 76267 21 76523 22 76780 21 77038 19 77299 13
5c6eb9a47852754d4e45eceb9a696c64c7cfe304afc5ea491cdfef11d55c17f3,8293 6 8549 7 8804 9 9060 9 9316 10 9572 10 9827 12 10083 12 10339 12 10595 13 10852 12 11108 12 11365 11 11622 10 11882 6
5c6eb9a47852754d4e45eceb9a696c64c7cfe304afc5ea491cdfef11d55c17f3,80858 8 81109 18 81364 20 81617 26 81873 26
5c6eb9a47852754d4e45eceb9a696c64c7cfe304afc5ea491cdfef11d55c17f3,79269 3 79524 7 79780 7 80036 9 80291 11 80547 12 80803 13 81059 14 81315 15 81571 16 81827 9 81837 6
5c6eb9a47852754d4e45eceb9a696c64c7cfe304afc5ea491cdfef11d55c17f3,55250 6 55506 9 55762 12 56018 15 56273 19 56529 22 56785 26 57041 28 57297 30 57554 30 57811 31 58068 31 58325 29 58583 26 58842 21 59101 16 59365 9
5c6eb9a47852754d4e45eceb9a696c64c7cfe304afc5ea491cdfef11d55c17f3,179 18 435 18 691 17 947 15
5c6eb9a47852754d4e45eceb9a696c64c7cfe304afc5ea491cdfef11d55c17f3,27143 3 27398 5 27653 6 27909 7 28164 8 28420 8 28676 8 28933 7
5c6eb9a47852754d4e45eceb9a696c64c7cfe304afc5ea491cdfef11d55c17f3,18888 6 19142 9 19397 12 19651 16 19905 21 20161 23 20417 24 20673 24 20929 25 21186 24 21442 25 21699 24 21956 24 22213 23 22471 21 22728 20 22986 18 23243 17 23500 15 23758 13 24015 12 24273 10 24530 9 24788 6
5c6eb9a47852754d4e45eceb9a696c64c7cfe304afc5ea491cdfef11d55c17f3,76638 5 76892 8 77147 10 77402 11 77657 13 77913 13 78169 14 78425 14 78681 15 78937 15 79193 15 79449 15 79705 15 79961 15 80217 15 80473 15 80730 14 80986 14 81242 14 81498 14 81756 11
5c6eb9a47852754d4e45eceb9a696c64c7cfe304afc5ea491cdfef11d55c17f3,12426 8 12680 10 12934 12 13188 14 13443 15 13698 16 13953 17 14208 18 14463 18 14719 18 14974 18 15230 18 15486 17 15742 15 15998 13 16254 12 16510 10 16765 9 17021 8 17277 7 17533 6 17789 6 18045 5 18301 4 18557 3 18813 3
5c6eb9a47852754d4e45eceb9a696c64c7cfe304afc5ea491cdfef11d55c17f3,30209 1 30465 2 30721 2 30977 3 31233 3 31489 3 31745 3 32001 3 32257 3 32513 3 32769 3 33025 3 33281 3 33537 2 33793 1
5c6eb9a47852754d4e45eceb9a696c64c7cfe304afc5ea491cdfef11d55c17f3,3042 6 3297 9 3552 11 3807 13 4062 14 4316 17 4571 19 4825 21 5081 22 5337 22 5595 20 5851 21 6107 21 6363 21 6619 21 6875 21 7132 21 7388 21 7644 21 7901 20 8157 20 8414 19 8671 18 8928 17 9185 16 9443 14 9700 13 9958 11 10214 11 10470 11 10727 9 10983 9 11239 9 11495 8 11753 4
5c6eb9a47852754d4e45eceb9a696c64c7cfe304afc5ea491cdfef11d55c17f3,61651 12 61905 17 62160 20 62415 24 62670 26 62925 29 63181 30 63436 33 63692 34 63948 35 64203 37 64459 38 64715 39 64971 39 65227 39 65483 40 65739 40 65995 40 66252 39 66508 39 66764 39 67020 39 67277 38 67533 38 67790 36 68046 36 68302 36 68559 34 68816 32 69074 29 69331 27 69588 25 69846 21 70104 16
5c6eb9a47852754d4e45eceb9a696c64c7cfe304afc5ea491cdfef11d55c17f3,40646 9 40902 11 41157 13 41412 16 41667 18 41922 20 42177 22 42431 25 42687 26 42943 27 43199 28 43456 27 43712 28 43969 27 44226 27 44483 26 44740 25 44997 24 45254 23 45511 22 45769 19 46027 17 46285 13 46544 7
5c6eb9a47852754d4e45eceb9a696c64c7cfe304afc5ea491cdfef11d55c17f3,17639 9 17894 13 18149 15 18404 16 18660 16 18916 16 19171 17 19427 17 19683 17 19939 17 20195 17 20451 17 20707 16 20963 16 21220 15 21476 15 21732 15 21988 14 22244 14 22500 14 22757 13 23013 12 23269 12 23526 11 23782 10 24039 9 24296 7 24552 6 24809 5
5c6eb9a47852754d4e45eceb9a696c64c7cfe304afc5ea491cdfef11d55c17f3,21655 6 21908 12 22162 16 22417 20 22672 22 22927 25 23182 27 23438 28 23694 29 23950 30 24206 30 24462 31 24718 31 24974 31 25230 31 25486 31 25742 31 25999 29 26256 28 26512 27 26769 24 27026 23 27283 21 27541 17 27799 15 28058 11 28316 7
5c6eb9a47852754d4e45eceb9a696c64c7cfe304afc5ea491cdfef11d55c17f3,26070 5 26325 6 26581 6 26836 7 27092 8 27348 8 27603 9 27858 10 28114 10 28369 12 28625 12 28880 13 29136 13 29388 18 29643 19 29899 19 30155 19 30411 19 30667 20 30923 20 31179 20 31435 20 31691 20 31947 20 32204 19 32460 19 32717 18 32973 18 33230 17 33486 17 33743 15 33999 15 34256 14 34513 12 34770 11 35029 7
5c6eb9a47852754d4e45eceb9a696c64c7cfe304afc5ea491cdfef11d55c17f3,78834 12 79089 15 79344 17 79599 18 79854 19 80110 19 80366 19 80622 19 80878 19 81134 19 81390 19 81646 19 81903 18
5c6eb9a47852754d4e45eceb9a696c64c7cfe304afc5ea491cdfef11d55c17f3,131 26 387 26 643 27 901 26 1157 27 1415 25 1672 25 1930 23 2188 21 2451 14 2714 7
5c6eb9a47852754d4e45eceb9a696c64c7cfe304afc5ea491cdfef11d55c17f3,75016 7 75270 11 75525 13 75780 15 76035 17 76290 18 76545 20 76801 20 77057 20 77313 20 77569 20 77825 20 78081 20 78337 20 78593 20 78849 20 79105 20 79361 20 79617 20 79873 20 80129 19 80385 19 80641 19 80897 19 81153 18 81409 18 81665 17
5c6eb9a47852754d4e45eceb9a696c64c7cfe304afc5ea491cdfef11d55c17f3,79465 5 79721 6 79976 9 80232 10 80488 11 80744 11 81000 11 81256 11 81512 11 81769 11
5c6eb9a47852754d4e45eceb9a696c64c7cfe304afc5ea491cdfef11d55c17f3,79901 7 80155 10 80410 13 80665 15 80921 16 81176 18 81432 20 81688 20
5c6eb9a47852754d4e45eceb9a696c64c7cfe304afc5ea491cdfef11d55c17f3,70167 10 70420 14 70675 16 70930 17 71186 17 71442 17 71698 17 71956 15 72215 10 72474 5
5c6eb9a47852754d4e45eceb9a696c64c7cfe304afc5ea491cdfef11d55c17f3,80246 6 80499 12 80755 14 81011 16 81267 16 81523 17 81780 17
5c6eb9a47852754d4e45eceb9a696c64c7cfe304afc5ea491cdfef11d55c17f3,75846 5 76099 9 76355 11 76611 13 76867 15 77123 16 77379 17 77635 17 77891 18 78147 18 78403 18 78659 18 78915 18 79171 18 79428 17 79685 16 79941 17 80197 12 80210 5 80453 19 80710 18 80966 19 81222 19 81479 18 81736 17
5c6eb9a47852754d4e45eceb9a696c64c7cfe304afc5ea491cdfef11d55c17f3,63838 4 64092 9 64347 12 64602 14 64856 18 65111 19 65367 20 65623 21 65879 21 66135 22 66391 22 66647 23 66903 23 67159 24 67415 24 67671 24 67927 25 68183 25 68439 25 68696 24 68952 25 69208 25 69465 24 69721 24 69978 23 70234 23 70491 22 70747 22 71003 22 71261 20 71518 19 71775 18 72032 17 72289 15 72546 14 72806 9 73064 6
5c6eb9a47852754d4e45eceb9a696c64c7cfe304afc5ea491cdfef11d55c17f3,32949 2 33204 5 33459 7 33714 10 33970 11 34224 14 34478 17 34734 18 34990 18 35246 19 35502 20 35759 19 36015 20 36271 20 36528 20 36784 20 37041 19 37297 20 37553 20 37810 19 38066 20 38322 20 38579 19 38835 20 39091 20 39348 19 39604 19 39861 18 40117 18 40373 19 40631 15 40887 15 41144 13 41400 12 41657 10 41914 8 42171 6 42428 3
5c6eb9a47852754d4e45eceb9a696c64c7cfe304afc5ea491cdfef11d55c17f3,3414 5 3668 10 3924 11 4179 12 4434 14 4690 14 4946 15 5202 15 5458 15 5714 16 5971 15 6228 14 6484 14 6740 14 6996 14 7252 14 7508 14 7764 14 8020 14 8277 13 8534 12 8790 11 9047 9 9304 6
5c6eb9a47852754d4e45eceb9a696c64c7cfe304afc5ea491cdfef11d55c17f3,60904 11 61157 17 61411 21 61666 23 61922 25 62180 24 62439 22 62696 23 62954 21 63211 21 63469 20 63726 19 63983 18 64240 17 64497 16 64754 15 65010 15 65266 15 65523 14 65779 14 66035 14 66291 14 66547 14 66803 14 67059 14 67315 14 67571 14 67826 15 68082 15 68338 15 68593 16 68848 17 69103 18 69358 19 69613 20 69867 22 70123 21 70379 22 70636 21 70893 20 71150 19 71407 18 71665 16 71922 15 72179 13 72437 12 72694 11 72952 9 73209 8 73466 7 73723 6 73981 4 74238 3 74495 2
5c6eb9a47852754d4e45eceb9a696c64c7cfe304afc5ea491cdfef11d55c17f3,3012 4 3267 6 3523 7 3779 8 4035 9 4291 11 4547 13 4803 16 5059 20 5315 20 5570 21 5826 21 6082 20 6338 20 6594 20 6849 20 7105 20 7361 20 7617 20 7873 19 8129 19 8385 19 8641 14 8656 3 8897 18 9153 13 9167 4 9409 17 9666 16 9922 15 10178 15 10434 14 10690 14 10947 12 11203 11 11460 9 11717 8 11973 7 12230 4
5c6eb9a47852754d4e45eceb9a696c64c7cfe304afc5ea491cdfef11d55c17f3,73686 4 73939 9 74193 12 74448 14 74703 17 74958 19 75214 19 75470 20 75726 21 75983 21 76240 20 76497 19 76754 18 77011 17 77268 16 77526 14 77783 13 78041 11 78300 6
5c6eb9a47852754d4e45eceb9a696c64c7cfe304afc5ea491cdfef11d55c17f3,25599 2 25855 2 26111 2 26366 3 26622 3 26877 4 27133 4 27389 4 27645 4 27901 4 28157 4 28413 4 28669 4 28925 4 29181 4 29438 3 29694 3 29951 2 30207 2 30463 2
5c6eb9a47852754d4e45eceb9a696c64c7cfe304afc5ea491cdfef11d55c17f3,157 22 414 21 671 20 928 17 1185 15 1441 12
5c6eb9a47852754d4e45eceb9a696c64c7cfe304afc5ea491cdfef11d55c17f3,66817 4 67073 6 67329 7 67585 8 67841 9 68097 9 68353 9 68609 10 68865 10 69121 10 69377 10 69633 10 69889 10 70145 10 70401 10 70657 10 70913 10 71169 10 71425 10 71681 10 71937 10 72193 10 72449 10 72705 10 72961 9 73217 9 73473 9 73729 8 73985 8 74241 7 74497 7 74753 6 75009 6 75265 5 75521 4 75777 3 76033 2 76289 1
5c6eb9a47852754d4e45eceb9a696c64c7cfe304afc5ea491cdfef11d55c17f3,79508 9 79761 13 80016 15 80272 16 80528 16 80784 16 81040 17 81298 15 81554 15 81810 11 81822 5
5c6eb9a47852754d4e45eceb9a696c64c7cfe304afc5ea491cdfef11d55c17f3,23219 7 23473 12 23728 14 23983 15 24239 15 24494 16 24750 16 25006 17 25262 18 25518 19 25775 19 26032 19 26291 17 26549 16 26806 15 27063 14 27320 13 27576 12 27833 9
5c6eb9a47852754d4e45eceb9a696c64c7cfe304afc5ea491cdfef11d55c17f3,8879 4 9132 7 9387 10 9642 12 9898 12 10153 14 10409 15 10665 15 10921 16 11177 17 11433 18 11690 17 11946 17 12203 16 12459 16 12716 15 12973 14 13230 13 13487 12 13744 11 14001 10 14258 8 14515 7 14773 4
5c6eb9a47852754d4e45eceb9a696c64c7cfe304afc5ea491cdfef11d55c17f3,25054 10 25309 13 25564 15 25819 18 26075 19 26331 20 26587 21 26843 22 27100 22 27356 23 27612 23 27868 24 28124 25 28381 24 28637 24 28893 25 29149 25 29406 24 29662 24 29918 24 30174 24 30430 24 30687 23 30943 23 31200 22 31456 22 31713 21 31969 21 32226 19 32482 19 32739 17 32996 15 33254 12 33511 10
5c6eb9a47852754d4e45eceb9a696c64c7cfe304afc5ea491cdfef11d55c17f3,69928 7 70183 10 70438 12 70693 14 70948 16 71204 17 71459 19 71715 19 71971 20 72227 20 72482 22 72738 22 72994 22 73249 24 73505 24 73761 24 74017 24 74272 26 74528 26 74784 26 75040 26 75296 26 75553 26 75809 26 76065 26 76322 25 76578 25 76835 24 77091 23 77347 23 77604 22 77860 22 78116 22 78373 20 78630 19 78886 19 79143 18 79400 16 79658 14 79915 12 80172 11 80429 9
5c6eb9a47852754d4e45eceb9a696c64c7cfe304afc5ea491cdfef11d55c17f3,17542 9 17796 11 18051 13 18306 14 18560 16 18816 17 19072 18 19328 19 19584 21 19840 23 20096 27 20352 28 20608 28 20864 28 21120 28 21376 27 21632 23 21888 20 22145 17 22401 16 22658 14 22915 12 23172 10 23429 9 23687 7 23945 5
5c6eb9a47852754d4e45eceb9a696c64c7cfe304afc5ea491cdfef11d55c17f3,14757 12 15012 18 15268 21 15524 23 15780 25 16036 26 16292 28 16548 30 16804 31 17061 32 17318 32 17575 32 17832 32 18089 31 18346 30 18603 29 18860 28 19117 25 19374 23 19631 20 19889 16
5c6eb9a47852754d4e45eceb9a696c64c7cfe304afc5ea491cdfef11d55c17f3,26028 4 26284 7 26539 10 26793 13 27049 14 27304 16 27558 18 27814 19 28069 21 28323 23 28578 24 28833 26 29089 26 29345 26 29601 26 29857 26 30113 26 30370 25 30626 25 30882 24 31138 24 31394 23 31650 23 31906 22 32162 21 32418 21 32674 21 32931 18 33187 17 33443 16 33699 15 33955 15 34211 13 34468 10 34724 10 34981 9 35237 7
5c6eb9a47852754d4e45eceb9a696c64c7cfe304afc5ea491cdfef11d55c17f3,45534 9 45789 11 46044 13 46300 16 46556 18 46812 18 47068 20 47324 21 47581 21 47837 22 48093 23 48350 23 48606 23 48863 24 49120 24 49378 22 49635 22 49892 21 50149 21 50406 20 50663 20 50920 19 51177 19 51435 17 51691 18 51948 17 52205 17 52461 17 52718 16 52976 14 53233 13 53491 11 53748 9 54005 7 54262 5
5c6eb9a47852754d4e45eceb9a696c64c7cfe304afc5ea491cdfef11d55c17f3,247 10 503 10 759 10 1015 10 1271 10 1527 10 1783 9 2039 8 2295 8 2551 7 2807 7 3064 5 3320 5 3576 4 3833 3
5c6eb9a47852754d4e45eceb9a696c64c7cfe304afc5ea491cdfef11d55c17f3,197 28 453 29 708 30 963 32 1219 32 1475 32 1732 31 1988 31 2245 29 2502 28 2759 27 3016 25 3273 24 3530 22 3787 20 4044 18 4302 14 4560 11
