5cc036b65f7f2d5480e2be111a561f3713ac021683a9a9138dc49492a29ce856,59069 8 59322 14 59577 16 59832 19 60088 19 60343 21 60599 21 60855 22 61111 22 61367 23 61623 23 61879 23 62135 23 62392 22 62648 23 62904 23 63161 21 63417 21 63673 21 63930 19 64187 18 64445 15 64706 9
5cc036b65f7f2d5480e2be111a561f3713ac021683a9a9138dc49492a29ce856,62016 5 62270 10 62524 15 62780 16 63035 17 63291 18 63546 20 63802 20 64058 20 64313 21 64568 22 64824 22 65080 22 65336 19
5cc036b65f7f2d5480e2be111a561f3713ac021683a9a9138dc49492a29ce856,59137 1 59393 2 59649 6 59905 8 60161 9 60417 10 60673 11 60929 12 61185 14 61441 15 61697 16 61953 17 62209 18 62465 18 62721 19 62977 19 63233 19 63489 20 63745 20 64001 21 64257 22 64513 23 64769 24 65025 25 65281 26
5cc036b65f7f2d5480e2be111a561f3713ac021683a9a9138dc49492a29ce856,64389 7 64642 11 64897 13 65153 16 65408 19
5cc036b65f7f2d5480e2be111a561f3713ac021683a9a9138dc49492a29ce856,55425 9 55679 11 55934 13 56189 15 56445 18 56700 19 56955 21 57211 21 57467 21 57723 22 57979 22 58235 22 58491 22 58747 23 59004 22 59261 21 59517 21 59773 20 60030 19 60287 17 60543 15 60800 12
5cc036b65f7f2d5480e2be111a561f3713ac021683a9a9138dc49492a29ce856,13334 3 13587 9 13841 13 14095 16 14349 18 14604 20 14860 20 15115 22 15371 22 15626 23 15882 23 16138 23 16394 22 16651 21 16907 21 17163 20 17420 18 17676 17 17933 15 18190 13 18447 11 18705 7
5cc036b65f7f2d5480e2be111a561f3713ac021683a9a9138dc49492a29ce856,54029 16 54283 20 54539 21 54794 23 55049 25 55305 27 55561 29 55817 29 56074 28 56330 29 56586 30 56842 31 57099 29 57355 29 57612 28 57869 28 58125 28 58382 27 58639 25 58896 24 59153 23 59410 22 59667 21 59924 19 60181 17 60438 16 60696 11 60954 2
5cc036b65f7f2d5480e2be111a561f3713ac021683a9a9138dc49492a29ce856,60320 6 60574 10 60825 17 61080 20 61335 23 61591 23 61847 23 62102 24 62358 24 62613 25 62869 25 63125 25 63381 25 63637 24 63894 23 64150 22 64407 21 64664 19 64923 14 65180 12 65436 12
5cc036b65f7f2d5480e2be111a561f3713ac021683a9a9138dc49492a29ce856,3834 7 4088 9 4342 11 4597 12 4852 13 5107 14 5362 15 5618 15 5873 16 6129 16 6384 17 6640 17 6896 17 7152 17 7408 17 7663 18 7919 18 8176 17 8432 17 8688 17 8944 17 9200 17 9457 16 9714 15 9970 15 10227 14 10484 13 10741 12 10999 10 11256 9 11515 5
5cc036b65f7f2d5480e2be111a561f3713ac021683a9a9138dc49492a29ce856,49193 4 49445 9 49700 11 49955 12 50211 13 50466 14 50722 14 50977 16 51232 18 51488 19 51744 19 52000 20 52257 19 52513 19 52771 16 53029 12 53286 10 53543 5
5cc036b65f7f2d5480e2be111a561f3713ac021683a9a9138dc49492a29ce856,22037 5 22292 10 22548 11 22804 11 23060 11 23317 9
5cc036b65f7f2d5480e2be111a561f3713ac021683a9a9138dc49492a29ce856,41286 5 41538 16 41794 17 42049 19 42305 19 42560 21 42815 23 43070 24 43326 24 43582 25 43838 25 44094 25 44350 25 44606 26 44862 26 45118 26 45374 26 45631 25 45887 24 46143 24 46399 24 46655 24 46911 22 47168 20 47424 20 47681 19 47938 18 48194 18 48451 14 48708 9 48965 7 49221 4 49478 1
5cc036b65f7f2d5480e2be111a561f3713ac021683a9a9138dc49492a29ce856,1 10 257 9 513 8 769 7 1025 4
5cc036b65f7f2d5480e2be111a561f3713ac021683a9a9138dc49492a29ce856,46613 7 46866 12 47119 16 47373 18 47628 19 47883 19 48139 19 48395 19 48650 19 48906 18 49162 18 49418 18 49674 17 49930 17 50186 16 50442 15 50699 13 50957 10 51214 8 51474 3
5cc036b65f7f2d5480e2be111a561f3713ac021683a9a9138dc49492a29ce856,43628 9 43882 13 44136 16 44391 19 44646 21 44901 23 45156 25 45412 25 45667 27 45923 28 46179 28 46434 30 46690 30 46945 31 47201 31 47457 32 47713 32 47969 32 48225 32 48481 32 48737 32 48993 32 49249 32 49505 31 49761 31 50017 31 50273 31 50530 30 50786 29 51043 28 51299 27 51555 27 51812 25 52069 23 52327 20 52584 17 52842 13 53101 4
5cc036b65f7f2d5480e2be111a561f3713ac021683a9a9138dc49492a29ce856,50252 6 50507 8 50763 8 51019 8 51276 7 51533 5
