5d2c98fd6fda3c7d739461c3b3d4a0c7f8456121a14519dc5955a1775227b053,57960 6 58215 9 58471 11 58727 12 58983 13 59240 13 59496 14 59752 14 60009 13 60267 11 60524 9 60781 7
5d2c98fd6fda3c7d739461c3b3d4a0c7f8456121a14519dc5955a1775227b053,27784 3 28039 5 28295 5 28551 5 28808 3
5d2c98fd6fda3c7d739461c3b3d4a0c7f8456121a14519dc5955a1775227b053,111 1 359 11 615 11 871 11 1127 11 1383 11 1640 10 1896 10 2154 8 2411 6
5d2c98fd6fda3c7d739461c3b3d4a0c7f8456121a14519dc5955a1775227b053,28 12 284 12 540 12 797 10 1054 8 1312 4
5d2c98fd6fda3c7d739461c3b3d4a0c7f8456121a14519dc5955a1775227b053,38475 7 38730 11 38985 14 39241 15 39497 16 39753 16 40010 16 40266 16 40523 15 40780 14 41037 13 41295 10 41552 8
5d2c98fd6fda3c7d739461c3b3d4a0c7f8456121a14519dc5955a1775227b053,16815 4 17070 6 17325 8 17581 8 17837 9 18093 10 18349 10 18606 10 18862 10 19119 10 19375 10 19632 10 19888 10 20145 9 20402 8 20658 8 20915 7 21172 6 21429 5 21686 3
5d2c98fd6fda3c7d739461c3b3d4a0c7f8456121a14519dc5955a1775227b053,22478 8 22733 10 22988 12 23244 13 23500 13 23756 13 24012 13 24268 13 24525 12 24782 11 25038 11 25295 10 25552 9 25809 7 26066 4
5d2c98fd6fda3c7d739461c3b3d4a0c7f8456121a14519dc5955a1775227b053,45100 5 45355 9 45610 11 45865 14 46121 15 46377 16 46633 16 46890 15 47147 14 47404 12 47661 11 47919 8
5d2c98fd6fda3c7d739461c3b3d4a0c7f8456121a14519dc5955a1775227b053,31121 8 31376 11 31631 13 31887 14 32143 15 32399 15 32656 14 32912 14 33169 12 33427 9
5d2c98fd6fda3c7d739461c3b3d4a0c7f8456121a14519dc5955a1775227b053,41111 5 41365 9 41620 11 41875 12 42130 13 42385 14 42640 15 42895 15 43151 14 43407 13 43663 12 43920 10 44177 7
5d2c98fd6fda3c7d739461c3b3d4a0c7f8456121a14519dc5955a1775227b053,21214 4 21468 7 21723 9 21979 9 22234 10 22490 10 22745 11 23001 11 23257 11 23513 11 23769 11 24025 11 24281 10 24538 9 24795 8 25051 7 25308 5
5d2c98fd6fda3c7d739461c3b3d4a0c7f8456121a14519dc5955a1775227b053,63260 7 63515 9 63771 10 64026 12 64282 13 64538 14 64795 14 65052 13 65309 11
5d2c98fd6fda3c7d739461c3b3d4a0c7f8456121a14519dc5955a1775227b053,30838 4 31092 7 31347 9 31602 10 31858 10 32113 11 32369 11 32624 12 32880 12 33136 12 33392 11 33649 10 33905 9 34162 7 34419 5
5d2c98fd6fda3c7d739461c3b3d4a0c7f8456121a14519dc5955a1775227b053,1773 1 2027 4 2282 4 2537 5 2793 5 3049 5 3304 6 3559 7 3814 8 4070 8 4325 9 4581 9 4837 9 5093 9 5349 9 5605 9 5861 9 6117 8 6374 7 6631 5 6888 3
5d2c98fd6fda3c7d739461c3b3d4a0c7f8456121a14519dc5955a1775227b053,27443 3 27698 7 27952 12 28207 15 28463 16 28718 18 28974 19 29231 18 29487 19 29743 19 30000 17 30258 15 30516 13 30773 11 31030 7
5d2c98fd6fda3c7d739461c3b3d4a0c7f8456121a14519dc5955a1775227b053,49802 6 50057 8 50312 10 50567 12 50822 14 51077 15 51332 16 51587 17 51843 17 52099 16 52355 16 52611 15 52867 14 53123 13 53380 11 53638 7
5d2c98fd6fda3c7d739461c3b3d4a0c7f8456121a14519dc5955a1775227b053,4559 4 4814 6 5069 8 5325 9 5580 10 5836 10 6092 11 6348 11 6604 11 6860 11 7116 11 7372 10 7629 9 7886 7 8143 5
5d2c98fd6fda3c7d739461c3b3d4a0c7f8456121a14519dc5955a1775227b053,77 5 333 9 589 10 847 7
5d2c98fd6fda3c7d739461c3b3d4a0c7f8456121a14519dc5955a1775227b053,15254 7 15509 9 15764 11 16020 12 16276 12 16532 13 16788 13 17044 14 17300 14 17557 14 17813 14 18069 14 18325 14 18582 13 18839 12 19096 11 19353 10 19610 8 19867 6 20125 3
5d2c98fd6fda3c7d739461c3b3d4a0c7f8456121a14519dc5955a1775227b053,346 12 602 12 858 12 1115 11 1371 11 1629 8 1887 6
5d2c98fd6fda3c7d739461c3b3d4a0c7f8456121a14519dc5955a1775227b053,14811 4 15066 6 15321 8 15576 9 15831 11 16087 11 16343 11 16599 11 16855 11 17111 11 17368 10 17625 8 17883 5
5d2c98fd6fda3c7d739461c3b3d4a0c7f8456121a14519dc5955a1775227b053,24184 9 24438 15 24693 17 24948 19 25204 20 25460 20 25716 20 25972 20 26228 20 26485 18 26742 15 26999 13 27257 7
5d2c98fd6fda3c7d739461c3b3d4a0c7f8456121a14519dc5955a1775227b053,56603 8 56858 11 57113 14 57369 15 57625 15 57881 16 58138 15 58395 14 58652 12 58911 8
5d2c98fd6fda3c7d739461c3b3d4a0c7f8456121a14519dc5955a1775227b053,45420 11 45674 15 45929 17 46185 18 46441 18 46697 18 46953 18 47210 16 47468 13
5d2c98fd6fda3c7d739461c3b3d4a0c7f8456121a14519dc5955a1775227b053,51137 5 51390 9 51645 11 51899 13 52154 14 52410 14 52666 14 52921 15 53177 15 53433 14 53690 12 53946 11 54203 9 54461 5
5d2c98fd6fda3c7d739461c3b3d4a0c7f8456121a14519dc5955a1775227b053,16164 4 16415 11 16670 14 16926 15 17182 16 17437 18 17693 19 17949 19 18206 18 18463 17 18720 16 18977 15 19235 13 19493 10 19751 7
5d2c98fd6fda3c7d739461c3b3d4a0c7f8456121a14519dc5955a1775227b053,29736 5 29990 10 30245 13 30501 15 30756 17 31012 18 31268 19 31524 19 31780 19 32037 18 32294 17 32551 16 32809 13 33067 10
5d2c98fd6fda3c7d739461c3b3d4a0c7f8456121a14519dc5955a1775227b053,1949 3 2204 5 2459 7 2715 7 2970 9 3226 9 3482 10 3738 10 3994 10 4251 9 4507 9 4763 9 5020 8 5276 8 5533 6 5790 4
5d2c98fd6fda3c7d739461c3b3d4a0c7f8456121a14519dc5955a1775227b053,1776 6 2031 8 2286 9 2542 9 2798 9 3054 9 3310 9 3566 9 3822 9 4078 9 4334 9 4590 9 4846 9 5102 9 5359 8 5616 7 5873 5
5d2c98fd6fda3c7d739461c3b3d4a0c7f8456121a14519dc5955a1775227b053,57437 2 57691 7 57946 10 58202 11 58457 13 58713 14 58970 13 59226 14 59483 13 59740 12 59998 9 60255 7
5d2c98fd6fda3c7d739461c3b3d4a0c7f8456121a14519dc5955a1775227b053,64497 5 64751 8 65006 10 65261 11 65516 12
5d2c98fd6fda3c7d739461c3b3d4a0c7f8456121a14519dc5955a1775227b053,60354 5 60609 8 60864 10 61120 10 61376 11 61631 12 61887 12 62143 12 62399 12 62655 12 62912 11 63168 11 63425 10 63683 7
5d2c98fd6fda3c7d739461c3b3d4a0c7f8456121a14519dc5955a1775227b053,3209 5 3462 9 3717 10 3973 11 4229 12 4485 13 4741 14 4997 14 5254 14 5510 14 5767 14 6023 14 6280 13 6536 13 6793 12 7049 12 7306 10 7563 8
5d2c98fd6fda3c7d739461c3b3d4a0c7f8456121a14519dc5955a1775227b053,42730 5 42984 8 43239 10 43494 12 43749 13 44004 14 44260 14 44515 15 44771 14 45027 14 45283 13 45540 11 45797 8 46054 5
5d2c98fd6fda3c7d739461c3b3d4a0c7f8456121a14519dc5955a1775227b053,41057 9 41311 13 41566 15 41821 16 42077 16 42333 16 42589 16 42845 15 43102 14 43359 12 43617 9
5d2c98fd6fda3c7d739461c3b3d4a0c7f8456121a14519dc5955a1775227b053,34461 9 34716 12 34971 14 35227 14 35483 14 35739 14 35996 13 36252 13 36509 12 36766 10
5d2c98fd6fda3c7d739461c3b3d4a0c7f8456121a14519dc5955a1775227b053,21689 2 21942 7 22197 9 22453 10 22708 11 22964 11 23220 11 23476 11 23731 12 23987 11 24243 11 24500 9 24756 8 25013 6 25270 4
5d2c98fd6fda3c7d739461c3b3d4a0c7f8456121a14519dc5955a1775227b053,50446 6 50701 8 50956 10 51212 11 51468 12 51724 13 51980 13 52237 12 52494 11 52751 10 53008 8 53266 5
5d2c98fd6fda3c7d739461c3b3d4a0c7f8456121a14519dc5955a1775227b053,1722 7 1977 9 2233 10 2489 11 2744 12 3000 12 3256 13 3512 13 3768 14 4024 14 4280 14 4536 14 4792 14 5048 14 5305 12 5561 12 5818 10 6075 8 6332 6 6590 2
5d2c98fd6fda3c7d739461c3b3d4a0c7f8456121a14519dc5955a1775227b053,36737 6 36990 11 37245 14 37500 16 37756 17 38012 18 38268 18 38524 18 38780 18 39036 18 39293 17 39550 15 39807 13 40065 10
