5d58600efa0c2667ec85595bf456a54e2bd6e6e9a5c0dff42d807bc9fe2b822e,193930 3 194949 11 195971 14 196994 16 198017 19 199040 20 200063 21 201087 22 202112 21 203136 22 204161 21 205185 22 206210 21 207234 22 208258 22 209282 22 210305 22 211329 22 212353 21 213377 20 214402 17 215427 15 216453 12 217477 11 218503 8
5d58600efa0c2667ec85595bf456a54e2bd6e6e9a5c0dff42d807bc9fe2b822e,682648 5 683671 7 684694 9 685718 9 686742 9 687766 9 688791 8 689817 6 690843 3
5d58600efa0c2667ec85595bf456a54e2bd6e6e9a5c0dff42d807bc9fe2b822e,681679 6 682700 15 683722 18 684745 21 685768 23 686792 24 687816 25 688840 26 689864 26 690888 27 691912 28 692936 28 693960 28 694984 28 696010 26 697034 26 698059 25 699084 23 700109 22 701135 20 702161 17 703186 16 704212 13 705240 7
5d58600efa0c2667ec85595bf456a54e2bd6e6e9a5c0dff42d807bc9fe2b822e,308653 13 309677 14 310701 15 311725 16 312749 20 313774 20 314798 20 315822 21 316846 22 317871 22 318895 22 319919 22 320943 22 321968 21 322992 20 324017 18 325042 17 326066 17 327091 16 328116 11 329141 10 330167 8 331192 1 331194 5 332219 3 333244 2
5d58600efa0c2667ec85595bf456a54e2bd6e6e9a5c0dff42d807bc9fe2b822e,666974 4 667993 10 669015 12 670040 12 671063 13 672087 14 673110 15 674134 16 675158 16 676182 17 677206 17 678230 18 679254 18 680278 18 681302 19 682326 19 683350 19 684374 20 685398 20 686423 19 687448 19 688473 18 689499 15 690525 12 691552 8 692577 6 693602 2
5d58600efa0c2667ec85595bf456a54e2bd6e6e9a5c0dff42d807bc9fe2b822e,324805 4 325827 7 326851 7 327875 7 328899 7 329924 4
5d58600efa0c2667ec85595bf456a54e2bd6e6e9a5c0dff42d807bc9fe2b822e,529100 7 530123 9 531146 12 532169 14 533192 15 534216 15 535240 16 536263 18 537287 18 538311 19 539335 19 540359 19 541383 19 542407 19 543431 19 544455 19 545480 18 546504 18 547528 18 548553 17 549578 15 550604 12 551629 11 552655 8 553680 5
5d58600efa0c2667ec85595bf456a54e2bd6e6e9a5c0dff42d807bc9fe2b822e,219459 4 220483 5 221507 6 222531 6 223556 6 224580 6 225604 6 226628 6 226638 7 227652 6 227659 10 228682 12 229706 12 230730 12 231754 12 232782 8 233807 6
5d58600efa0c2667ec85595bf456a54e2bd6e6e9a5c0dff42d807bc9fe2b822e,205108 5 206131 6 207155 6 208179 6 209203 6 210227 6 211251 6 212275 4
5d58600efa0c2667ec85595bf456a54e2bd6e6e9a5c0dff42d807bc9fe2b822e,340634 5 341656 11 342678 15 343700 18 344722 20 345745 22 346769 22 347793 23 348816 24 349840 25 350865 24 351889 24 352913 24 353937 24 354961 24 355986 23 357010 22 358035 19 359060 17 360087 13 361112 11 362138 6
5d58600efa0c2667ec85595bf456a54e2bd6e6e9a5c0dff42d807bc9fe2b822e,469620 3 470642 6 471664 9 472686 11 473709 12 474732 12 475756 12 476779 13 477802 14 478825 14 479849 14 480873 13 481896 14 482920 14 483943 14 484967 14 485991 13 487014 14 488038 13 489062 13 490086 12 491110 11 492134 10 493158 9 494182 6
5d58600efa0c2667ec85595bf456a54e2bd6e6e9a5c0dff42d807bc9fe2b822e,468618 9 469640 13 470663 15 471686 17 472709 18 473732 19 474755 21 475777 23 476800 24 477824 24 478848 24 479872 23 480895 23 481919 22 482943 22 483967 22 484991 21 486015 21 487039 20 488063 20 489087 19 490111 18 491136 16 492160 15 493185 13 494210 11
5d58600efa0c2667ec85595bf456a54e2bd6e6e9a5c0dff42d807bc9fe2b822e,768460 1 769477 12 770500 15 771523 17 772546 18 773570 18 774594 19 775617 21 776641 21 777665 21 778689 22 779712 23 780736 23 781759 24 782783 24 783808 23 784832 23 785857 22 786881 21 787906 20 788930 19 789956 17 790981 15 792006 13 793032 10 794058 5
5d58600efa0c2667ec85595bf456a54e2bd6e6e9a5c0dff42d807bc9fe2b822e,548149 6 549172 8 550196 9 551219 11 552243 12 553267 12 554291 12 555315 12 556338 13 557362 13 558386 13 559410 12 560434 8 561458 8 562482 7
5d58600efa0c2667ec85595bf456a54e2bd6e6e9a5c0dff42d807bc9fe2b822e,698048 7 699071 12 700095 14 701118 17 702141 20 703165 20 704189 23 705213 26 706237 28 707261 29 708285 30 709309 31 710333 31 711357 31 712381 31 713405 31 714430 30 715454 29 716479 27 717504 25 718529 23 719553 21 720579 17
5d58600efa0c2667ec85595bf456a54e2bd6e6e9a5c0dff42d807bc9fe2b822e,657777 6 658801 6 659825 6 660849 6 661874 5 662898 5 663923 4
5d58600efa0c2667ec85595bf456a54e2bd6e6e9a5c0dff42d807bc9fe2b822e,643444 3 644468 4 645491 6 646515 6 647539 6 648564 5
5d58600efa0c2667ec85595bf456a54e2bd6e6e9a5c0dff42d807bc9fe2b822e,188662 6 189685 7 190708 9 191732 9 192756 9 193780 9 194804 9 195829 8 196853 7 197878 5
5d58600efa0c2667ec85595bf456a54e2bd6e6e9a5c0dff42d807bc9fe2b822e,813081 3 814102 9 815125 12 816147 15 817171 16 818194 17 819218 18 820241 19 821265 20 822288 22 823311 23 824335 24 825359 24 826383 24 827407 24 828431 25 829455 25 830479 25 831504 25 832528 24 833552 24 834576 24 835601 23 836625 23 837650 21 838675 20 839701 17 840728 14 841755 11 842781 7
5d58600efa0c2667ec85595bf456a54e2bd6e6e9a5c0dff42d807bc9fe2b822e,894033 8 895052 17 896076 19 897100 20 898123 22 899147 23 900172 23 901197 22 902222 22 903247 20 904273 18 905299 16 906324 15 907351 10 908379 1
5d58600efa0c2667ec85595bf456a54e2bd6e6e9a5c0dff42d807bc9fe2b822e,70 2 76 6 1093 19 2116 21 3139 23 4162 24 5185 26 6209 27 7233 28 8257 28 9279 30 10303 30 11329 28 12354 26 13379 25 14403 25 15428 23 16452 22 17477 20 18503 18 19528 16 20555 13 21585 7 22610 6 23634 2
5d58600efa0c2667ec85595bf456a54e2bd6e6e9a5c0dff42d807bc9fe2b822e,519307 10 520330 12 521354 13 522377 14 523401 14 524424 16 525448 16 526472 16 527496 16 528520 16 529544 16 530568 17 531592 17 532616 17 533640 17 534664 17 535689 15 536713 15 537738 14 538764 12 539789 8 540814 1
5d58600efa0c2667ec85595bf456a54e2bd6e6e9a5c0dff42d807bc9fe2b822e,335406 3 336428 7 337451 9 338473 13 339495 16 340518 18 341542 19 342566 19 343590 19 344613 20 345637 20 346661 20 347685 19 348709 18 349734 16 350759 13 351784 11 352809 9 353836 4
5d58600efa0c2667ec85595bf456a54e2bd6e6e9a5c0dff42d807bc9fe2b822e,545521 8 546542 14 547563 21 548586 23 549610 24 550633 26 551656 27 552680 28 553703 29 554727 29 555751 29 556775 29 557799 28 558824 27 559848 27 560874 24 561899 23 562925 20 563952 16 564978 13 566003 10 567029 7 568054 1
5d58600efa0c2667ec85595bf456a54e2bd6e6e9a5c0dff42d807bc9fe2b822e,419562 7 420585 10 421608 12 422631 14 423654 16 424677 17 425700 19 426723 21 427747 21 428771 21 429795 22 430819 22 431843 22 432867 22 433891 22 434915 23 435939 23 436963 23 437987 23 439011 23 440036 21 441060 21 442084 21 443109 19 444133 19 445158 17 446182 16 447208 14 448233 11 449258 9 450285 4
5d58600efa0c2667ec85595bf456a54e2bd6e6e9a5c0dff42d807bc9fe2b822e,912623 1 913639 10 914661 12 915684 13 916707 15 917730 17 918753 19 919776 20 920800 20 921824 21 922847 22 923871 22 924895 22 925918 23 926942 23 927966 23 928990 23 930014 23 931038 23 932062 23 933086 22 934111 21 935135 20 936160 19 937185 17 938209 16 939234 14 940259 12 941284 9 942308 1 942310 5
5d58600efa0c2667ec85595bf456a54e2bd6e6e9a5c0dff42d807bc9fe2b822e,174364 6 175385 11 176407 15 177429 19 178451 21 179474 22 180498 23 181521 25 182544 26 183568 26 184591 27 185615 27 186639 26 187664 25 188687 26 189711 26 190735 26 191759 26 192783 27 193808 26 194833 23 195857 22 196882 20 197906 18 198932 14 199959 10 200986 4 202011 1
5d58600efa0c2667ec85595bf456a54e2bd6e6e9a5c0dff42d807bc9fe2b822e,332993 4 334017 4 335039 6 336063 6 337087 6 338111 5 339135 5 340159 5 341184 4
5d58600efa0c2667ec85595bf456a54e2bd6e6e9a5c0dff42d807bc9fe2b822e,729782 10 730804 15 731826 19 732850 22 733874 23 734898 24 735921 26 736946 25 737970 25 738994 25 740018 25 741043 24 742068 23 743093 22 744118 21 745143 20 746167 20 747193 17 748217 16 749242 14 750267 7 751293 2
5d58600efa0c2667ec85595bf456a54e2bd6e6e9a5c0dff42d807bc9fe2b822e,159054 6 160078 7 161102 7 162126 7 163150 8 164174 8 165198 8 166222 8 167246 8 168272 3
5d58600efa0c2667ec85595bf456a54e2bd6e6e9a5c0dff42d807bc9fe2b822e,670359 4 671382 5 672405 9 673428 10 674452 8 675476 8 676500 6
5d58600efa0c2667ec85595bf456a54e2bd6e6e9a5c0dff42d807bc9fe2b822e,224473 5 225496 7 226520 7 227544 7 228568 7 229593 6 230617 3
5d58600efa0c2667ec85595bf456a54e2bd6e6e9a5c0dff42d807bc9fe2b822e,331961 4 332983 6 334007 6 335029 8 336053 8 337077 8 338101 6 339125 6
5d58600efa0c2667ec85595bf456a54e2bd6e6e9a5c0dff42d807bc9fe2b822e,496032 6 497054 9 498076 12 499100 12 500120 16 501144 16 502167 17 503190 18 504215 17 505239 16 506263 16 507288 14 508312 13 509337 10 510364 7
5d58600efa0c2667ec85595bf456a54e2bd6e6e9a5c0dff42d807bc9fe2b822e,47553 3 48575 9 49598 11 50621 13 51645 13 52669 14 53692 18 54716 18 55740 18 56763 19 57787 19 58810 20 59834 18 60858 17 61882 17 62906 17 63930 16 64954 15 65978 15 67002 15 68027 13 69053 9 70079 4
5d58600efa0c2667ec85595bf456a54e2bd6e6e9a5c0dff42d807bc9fe2b822e,912940 4 913962 7 914985 9 916008 10 917032 10 918056 10 919080 10 920105 8 921130 4 922156 1
5d58600efa0c2667ec85595bf456a54e2bd6e6e9a5c0dff42d807bc9fe2b822e,855217 2 856239 7 857262 10 858285 12 859309 13 860332 14 861356 15 862379 16 863403 15 864427 15 865451 15 866476 14 867500 13 868524 13 869548 13 870573 12 871598 10 872623 8 873649 5
5d58600efa0c2667ec85595bf456a54e2bd6e6e9a5c0dff42d807bc9fe2b822e,674460 3 675484 4 676506 7 677530 8 678554 8 679579 7 680603 7
5d58600efa0c2667ec85595bf456a54e2bd6e6e9a5c0dff42d807bc9fe2b822e,862501 3 863522 6 864546 7 865569 9 866592 10 867615 11 868639 12 869663 12 870687 12 871711 12 872735 12 873760 10 874785 8 875810 6 876836 3
5d58600efa0c2667ec85595bf456a54e2bd6e6e9a5c0dff42d807bc9fe2b822e,501409 2 502431 8 503453 12 504476 14 505500 15 506524 16 507548 17 508570 19 509592 21 510616 21 511639 23 512663 23 513687 23 514711 23 515736 22 516760 22 517784 21 518809 20 519833 20 520857 19 521881 19 522906 18 523930 17 524955 15 525980 14 527005 11 528031 8 529056 5
5d58600efa0c2667ec85595bf456a54e2bd6e6e9a5c0dff42d807bc9fe2b822e,643451 4 644474 6 645498 6 646521 7 647545 7 648569 7 649594 6
5d58600efa0c2667ec85595bf456a54e2bd6e6e9a5c0dff42d807bc9fe2b822e,872460 4 873480 16 874503 17 875526 19 876550 20 877573 22 878596 24 879620 25 880644 25 881667 26 882691 26 883715 26 884739 27 885764 26 886789 25 887814 24 888839 22 889864 21 890889 18 891915 15 892941 12 893965 9 894989 6
5d58600efa0c2667ec85595bf456a54e2bd6e6e9a5c0dff42d807bc9fe2b822e,398917 5 399937 11 400959 17 401981 20 403003 26 404026 27 405049 28 406072 29 407096 29 408121 28 409145 27 410170 25 411194 24 412219 21 413244 18 414269 9 415296 4
5d58600efa0c2667ec85595bf456a54e2bd6e6e9a5c0dff42d807bc9fe2b822e,612722 4 613745 6 614769 6 615793 6 616817 6 617841 6 618866 4
5d58600efa0c2667ec85595bf456a54e2bd6e6e9a5c0dff42d807bc9fe2b822e,623279 6 624296 15 625317 20 626340 22 627363 24 628386 25 629409 27 630433 27 631456 28 632480 28 633503 29 634527 29 635551 29 636575 29 637599 28 638623 28 639648 26 640673 24 641698 22 642724 19 643751 13 644780 5
5d58600efa0c2667ec85595bf456a54e2bd6e6e9a5c0dff42d807bc9fe2b822e,503680 3 504701 9 505724 12 506747 14 507769 17 508793 18 509816 19 510839 20 511863 21 512886 22 513910 22 514934 22 515958 22 516982 22 518006 22 519029 23 520053 23 521077 23 522101 22 523126 21 524150 21 525174 20 526198 19 527223 18 528247 17 529271 17 530296 15 531321 13 532346 11 533371 9 534397 6 535423 3
5d58600efa0c2667ec85595bf456a54e2bd6e6e9a5c0dff42d807bc9fe2b822e,41355 7 42376 13 43399 17 44422 19 45444 21 46467 22 47490 24 48514 24 49537 25 50561 25 51585 25 52609 25 53632 26 54656 26 55680 26 56704 26 57728 25 58752 25 59776 24 60801 23 61825 21 62849 21 63874 19 64898 18 65923 16 66948 13 67973 10
5d58600efa0c2667ec85595bf456a54e2bd6e6e9a5c0dff42d807bc9fe2b822e,435830 7 436853 9 437875 12 438898 13 439922 13 440945 15 441968 16 442992 16 444016 15 445040 15 446064 15 447088 13 448112 13 449136 12 450160 11 451185 9 452211 5
5d58600efa0c2667ec85595bf456a54e2bd6e6e9a5c0dff42d807bc9fe2b822e,1037464 4 1038486 8 1039509 10 1040531 12 1041555 13 1042579 13 1043604 14 1044628 14 1045652 14 1046679 11 1047706 8
5d58600efa0c2667ec85595bf456a54e2bd6e6e9a5c0dff42d807bc9fe2b822e,195818 10 196839 14 197862 16 198885 18 199908 19 200931 22 201954 23 202977 25 204000 26 205023 27 206046 28 207070 28 208094 28 209118 28 210142 28 211166 28 212190 26 213214 25 214239 24 215264 22 216289 20 217313 18 218339 14 219367 7
5d58600efa0c2667ec85595bf456a54e2bd6e6e9a5c0dff42d807bc9fe2b822e,377999 4 379019 10 380042 12 381064 16 382088 17 383111 18 384135 18 385159 18 386183 18 387207 17 388232 14 389258 11 390284 8 391310 4
5d58600efa0c2667ec85595bf456a54e2bd6e6e9a5c0dff42d807bc9fe2b822e,334023 6 335047 6 336071 6 337095 6 338119 6 339143 6
5d58600efa0c2667ec85595bf456a54e2bd6e6e9a5c0dff42d807bc9fe2b822e,1001250 2 1002273 3 1002277 1 1003294 12 1004317 15 1005339 18 1006363 18 1007385 21 1008408 22 1009432 23 1010455 24 1011479 24 1012503 24 1013526 25 1014549 26 1015573 25 1016598 24 1017622 24 1018646 23 1019670 23 1020694 22 1021719 21 1022743 20 1023768 18 1024792 16 1025818 13 1026842 11 1027869 6
5d58600efa0c2667ec85595bf456a54e2bd6e6e9a5c0dff42d807bc9fe2b822e,651640 3 652664 4 653688 4 654712 4 655737 3 656761 3
5d58600efa0c2667ec85595bf456a54e2bd6e6e9a5c0dff42d807bc9fe2b822e,175847 6 176868 12 177891 14 178914 15 179937 17 180961 17 181984 19 183007 20 184031 20 185055 20 186079 21 187103 22 188126 23 189151 22 190175 22 191200 21 192224 21 193248 21 194272 20 195296 20 196321 18 197346 16 198370 15 199395 12 200421 9 201449 4
5d58600efa0c2667ec85595bf456a54e2bd6e6e9a5c0dff42d807bc9fe2b822e,800232 4 800237 4 801256 11 802278 15 803301 17 804324 19 805348 20 806372 21 807395 23 808419 23 809443 24 810466 26 811490 27 812514 28 813539 27 814563 26 815588 25 816612 25 817637 22 818661 21 819687 17 820713 13 821740 8
5d58600efa0c2667ec85595bf456a54e2bd6e6e9a5c0dff42d807bc9fe2b822e,215370 3 216391 7 217415 8 218439 8 219463 8 220489 6 221513 6 222537 5
5d58600efa0c2667ec85595bf456a54e2bd6e6e9a5c0dff42d807bc9fe2b822e,225924 6 226948 7 227971 10 228995 12 230019 14 231043 15 232067 16 233091 17 234116 17 235140 18 236165 17 237189 18 238214 17 239238 18 240263 17 241288 17 242313 16 243337 16 244362 15 245388 13 246414 11 247439 10 248466 7 249493 2
5d58600efa0c2667ec85595bf456a54e2bd6e6e9a5c0dff42d807bc9fe2b822e,205113 5 206137 6 207161 8 208185 8 209209 8 210233 8 211257 7 212282 5
5d58600efa0c2667ec85595bf456a54e2bd6e6e9a5c0dff42d807bc9fe2b822e,863100 10 864120 19 865143 23 866165 25 867189 25 868212 26 869235 27 870259 26 871283 26 872307 26 873331 26 874355 25 875379 24 876403 23 877430 17 878457 12 879485 3
5d58600efa0c2667ec85595bf456a54e2bd6e6e9a5c0dff42d807bc9fe2b822e,650609 6 651633 6 652657 7 653681 7 654705 7 655729 6
5d58600efa0c2667ec85595bf456a54e2bd6e6e9a5c0dff42d807bc9fe2b822e,228653 5 229675 7 230699 8 231722 10 232746 10 233770 10 234794 10 235818 10 236842 9 237866 8
5d58600efa0c2667ec85595bf456a54e2bd6e6e9a5c0dff42d807bc9fe2b822e,677522 5 678546 5 679570 5 680594 5 681618 4
5d58600efa0c2667ec85595bf456a54e2bd6e6e9a5c0dff42d807bc9fe2b822e,724611 8 725634 11 726656 14 727678 17 728701 18 729725 18 730748 20 731772 21 732796 21 733819 23 734843 23 735867 23 736891 23 737915 23 738940 22 739964 22 740989 21 742013 20 743037 20 744061 22 745086 21 746111 18 746130 1 747135 17 748160 16 749186 12 750213 6
5d58600efa0c2667ec85595bf456a54e2bd6e6e9a5c0dff42d807bc9fe2b822e,1033242 8 1034263 13 1035286 15 1036309 17 1037332 18 1038355 20 1039379 21 1040401 23 1041423 25 1042447 26 1043469 28 1044493 28 1045517 28 1046541 28 1047572 21
5d58600efa0c2667ec85595bf456a54e2bd6e6e9a5c0dff42d807bc9fe2b822e,401085 5 402106 10 403130 10 404153 12 405177 11 406200 12 407224 12 408248 12 409273 11 410297 10 411321 9 412346 7
5d58600efa0c2667ec85595bf456a54e2bd6e6e9a5c0dff42d807bc9fe2b822e,238887 11 239911 11 240935 11 241959 11 242983 11 244008 6
5d58600efa0c2667ec85595bf456a54e2bd6e6e9a5c0dff42d807bc9fe2b822e,206152 4 207175 6 208199 6 209223 6 210247 6 211272 5 212296 5 213321 4
5d58600efa0c2667ec85595bf456a54e2bd6e6e9a5c0dff42d807bc9fe2b822e,340154 3 341177 4 342201 8 343225 8 344249 8 345274 6
5d58600efa0c2667ec85595bf456a54e2bd6e6e9a5c0dff42d807bc9fe2b822e,466613 2 467635 8 468658 9 469681 11 470705 11 471730 11 472754 11 473779 10 474804 8
5d58600efa0c2667ec85595bf456a54e2bd6e6e9a5c0dff42d807bc9fe2b822e,203086 4 204109 6 205133 6 206157 6 207181 6 208205 6 209229 6 210253 6 211278 5
5d58600efa0c2667ec85595bf456a54e2bd6e6e9a5c0dff42d807bc9fe2b822e,664965 6 665988 8 667012 8 668036 8 669060 8 670084 8 671109 6
5d58600efa0c2667ec85595bf456a54e2bd6e6e9a5c0dff42d807bc9fe2b822e,536239 5 537261 8 538282 13 539304 16 540327 17 541351 17 542374 19 543396 21 544420 22 545444 22 546467 23 547491 23 548515 22 549539 23 550563 22 551587 21 552611 21 553636 20 554660 19 555685 17 556710 14 557735 11 558763 4
5d58600efa0c2667ec85595bf456a54e2bd6e6e9a5c0dff42d807bc9fe2b822e,272119 6 273140 13 274163 15 275187 15 276210 17 277233 18 278256 20 279280 20 280303 21 281326 22 282350 22 283373 23 284397 23 285421 23 286445 23 287469 23 288493 23 289517 23 290541 22 291565 21 292590 19 293614 19 294639 17 295664 16 296688 15 297716 10
5d58600efa0c2667ec85595bf456a54e2bd6e6e9a5c0dff42d807bc9fe2b822e,103399 4 104422 5 105446 5 106469 8 107493 9 108517 9 109541 10 110565 10 111589 10 112613 10 113638 9 114662 9 115688 6
5d58600efa0c2667ec85595bf456a54e2bd6e6e9a5c0dff42d807bc9fe2b822e,375070 9 376092 12 377115 14 378138 15 379161 17 380184 18 381206 21 382230 21 383254 21 384278 21 385302 20 386326 20 387351 19 388378 14 389405 8
5d58600efa0c2667ec85595bf456a54e2bd6e6e9a5c0dff42d807bc9fe2b822e,633917 5 634940 11 635961 16 636984 18 638007 20 639030 23 640053 25 641077 26 642101 27 643125 28 644149 28 645174 27 646198 28 647222 28 648247 27 649271 27 650295 27 651320 26 652345 25 653370 24 654395 23 655420 21 656445 19 657471 16 658496 15 659523 9
5d58600efa0c2667ec85595bf456a54e2bd6e6e9a5c0dff42d807bc9fe2b822e,1019996 2 1021017 9 1022040 12 1023062 14 1024085 16 1025108 18 1026132 19 1027156 20 1028179 22 1029202 24 1030226 24 1031249 25 1032273 25 1033296 26 1034320 26 1035344 25 1036368 25 1037392 25 1038416 24 1039440 24 1040464 23 1041488 22 1042513 20 1043539 17 1044564 15 1045590 12 1046617 5
5d58600efa0c2667ec85595bf456a54e2bd6e6e9a5c0dff42d807bc9fe2b822e,876861 7 877882 14 878904 18 879927 19 880949 23 881973 24 882996 26 884020 27 885043 29 886067 30 887091 30 888115 30 889140 30 890165 29 891190 28 892215 27 893240 26 894266 24 895292 21 896324 12 897349 9 898373 1
5d58600efa0c2667ec85595bf456a54e2bd6e6e9a5c0dff42d807bc9fe2b822e,201023 6 202047 6 203071 6 204095 6 205119 6 206143 6
5d58600efa0c2667ec85595bf456a54e2bd6e6e9a5c0dff42d807bc9fe2b822e,609004 1 610022 10 610035 2 611045 17 612068 20 613091 23 614114 25 615138 25 616162 25 617186 25 618210 24 619234 24 620258 24 621283 23 622307 22 623332 20 624357 18 625382 16 626407 15 627443 1
5d58600efa0c2667ec85595bf456a54e2bd6e6e9a5c0dff42d807bc9fe2b822e,810233 7 811255 11 812278 14 813300 17 814323 18 815346 20 816370 20 817393 21 818416 23 819439 24 820463 24 821486 25 822510 24 823533 24 824558 22 825583 21 826607 20 827632 17 828657 14 829681 14 830705 14 831730 10 832755 6
5d58600efa0c2667ec85595bf456a54e2bd6e6e9a5c0dff42d807bc9fe2b822e,855074 5 856098 5 857122 6 858146 6 859170 6 860194 6
