5d75a63972ef643efd7c42f20668b167f2af43635d6263962d84e62e7609ab51,27844 11 28099 13 28353 16 28608 18 28863 19 29118 21 29374 21 29630 21 29887 20 30143 19 30400 18 30656 18 30913 16 31171 13
5d75a63972ef643efd7c42f20668b167f2af43635d6263962d84e62e7609ab51,4136 4 4388 12 4643 14 4899 14 5154 15 5409 16 5665 16 5920 17 6176 17 6432 17 6688 16 6944 15 7201 14 7457 13 7714 5
5d75a63972ef643efd7c42f20668b167f2af43635d6263962d84e62e7609ab51,27682 8 27937 11 28190 14 28445 16 28700 18 28955 19 29211 19 29467 20 29723 20 29979 20 30235 20 30492 19 30748 18 31005 16 31261 15 31518 14 31776 11 32034 8 32291 6
5d75a63972ef643efd7c42f20668b167f2af43635d6263962d84e62e7609ab51,62759 4 63010 11 63265 13 63520 16 63775 18 64030 21 64286 23 64542 24 64798 24 65054 25 65310 26 65566 26 65822 26 66078 26 66334 26 66590 25 66845 23 67101 22 67357 22 67613 22 67870 20 68127 19 68383 19 68639 18 68896 17 69153 15 69410 13 69666 11 69923 8 70181 5 70438 3
5d75a63972ef643efd7c42f20668b167f2af43635d6263962d84e62e7609ab51,53641 3 53895 8 54150 11 54405 14 54660 16 54916 17 55172 18 55428 19 55685 19 55941 20 56198 19 56455 18 56715 14 56975 10 57232 9 57490 7 57750 2
5d75a63972ef643efd7c42f20668b167f2af43635d6263962d84e62e7609ab51,37157 2 37410 6 37660 13 37915 15 38171 16 38427 16 38683 17 38938 18 39194 18 39449 19 39705 19 39961 18 40217 17 40473 16 40730 14 40987 13 41244 11 41501 9
5d75a63972ef643efd7c42f20668b167f2af43635d6263962d84e62e7609ab51,11066 4 11321 6 11576 9 11831 11 12087 11 12342 12 12597 13 12853 14 13109 14 13365 14 13620 15 13875 16 14130 17 14385 18 14636 22 14890 24 15144 26 15399 26 15655 25 15911 25 16167 24 16423 23 16679 23 16935 22 17191 21 17447 21 17704 19 17960 17 18217 14 18474 12
5d75a63972ef643efd7c42f20668b167f2af43635d6263962d84e62e7609ab51,36851 3 37105 7 37360 9 37616 10 37872 10 38128 11 38384 11 38640 11 38896 11 39152 11 39408 11 39664 11 39920 10 40177 8
5d75a63972ef643efd7c42f20668b167f2af43635d6263962d84e62e7609ab51,115 23 371 23 627 22 883 21 1139 20 1396 19 1652 18 1908 18 2164 17 2420 17 2677 16 2933 15 3190 14 3447 12 3703 11 3959 11 4216 9 4473 7
5d75a63972ef643efd7c42f20668b167f2af43635d6263962d84e62e7609ab51,60309 13 60562 17 60814 21 61069 23 61325 23 61581 22 61837 22 62093 21 62349 20 62606 19 62862 18 63119 16 63376 15 63634 12 63891 10 64148 7
5d75a63972ef643efd7c42f20668b167f2af43635d6263962d84e62e7609ab51,61367 5 61622 14 61877 16 62132 18 62388 18 62644 19 62900 19 63156 19 63412 19 63669 18 63926 16 64183 15 64439 15 64695 14 64952 12 65208 12 65464 11 65721 9 65978 7
5d75a63972ef643efd7c42f20668b167f2af43635d6263962d84e62e7609ab51,30471 5 30726 7 30981 9 31237 10 31493 10 31750 9 32007 8 32264 6
5d75a63972ef643efd7c42f20668b167f2af43635d6263962d84e62e7609ab51,12746 2 12750 4 13001 12 13256 14 13511 15 13767 15 14022 16 14278 16 14534 16 14789 17 15044 17 15300 16 15556 16 15812 15 16068 14 16325 12 16582 10 16839 8 17099 2
5d75a63972ef643efd7c42f20668b167f2af43635d6263962d84e62e7609ab51,8564 4 8819 6 9075 7 9330 9 9586 10 9842 11 10097 13 10352 15 10608 15 10864 16 11121 15 11377 15 11634 13 11892 11 12150 8 12407 4
5d75a63972ef643efd7c42f20668b167f2af43635d6263962d84e62e7609ab51,4353 3 4609 4 4865 5 5121 5 5377 5 5633 6 5889 6 6145 7 6401 7 6657 8 6913 8 7169 8 7425 8 7681 8 7937 9 8193 9 8449 9 8705 8 8961 7 9217 6 9473 6 9729 6 9985 7 10241 7 10497 6 10753 6 11011 3
5d75a63972ef643efd7c42f20668b167f2af43635d6263962d84e62e7609ab51,40786 2 41040 5 41294 10 41549 12 41803 15 42058 16 42314 16 42570 16 42826 16 43082 16 43338 16 43594 15 43850 14 44107 12 44364 9
5d75a63972ef643efd7c42f20668b167f2af43635d6263962d84e62e7609ab51,3392 7 3647 9 3902 10 4157 11 4411 13 4666 14 4921 15 5177 15 5432 16 5687 17 5943 17 6199 17 6455 17 6711 17 6967 17 7223 16 7480 14 7737 13 7994 11
5d75a63972ef643efd7c42f20668b167f2af43635d6263962d84e62e7609ab51,45715 6 45969 10 46223 13 46478 15 46733 16 46989 17 47244 19 47500 21 47755 23 48011 24 48267 24 48523 25 48779 25 49036 24 49293 23 49549 23 49805 23 50061 23 50317 22 50574 21 50830 20 51087 19 51344 17 51601 15 51858 13 52115 11 52373 7
5d75a63972ef643efd7c42f20668b167f2af43635d6263962d84e62e7609ab51,22 21 278 21 534 20 790 18 1047 15 1303 14 1560 11 1816 10 2073 7 2331 3
5d75a63972ef643efd7c42f20668b167f2af43635d6263962d84e62e7609ab51,25497 2 25750 6 26002 11 26257 12 26512 13 26766 16 27021 17 27276 17 27531 18 27786 18 28042 17 28298 16 28555 9
5d75a63972ef643efd7c42f20668b167f2af43635d6263962d84e62e7609ab51,55729 5 55982 9 56237 11 56492 13 56747 14 57003 15 57258 17 57514 17 57770 18 58026 18 58282 18 58538 18 58794 18 59050 17 59306 17 59562 16 59818 15 60074 14 60330 13 60587 8 60844 4
5d75a63972ef643efd7c42f20668b167f2af43635d6263962d84e62e7609ab51,26870 7 27124 10 27379 11 27635 11 27891 11 28148 11 28406 9 28664 7 28922 4
5d75a63972ef643efd7c42f20668b167f2af43635d6263962d84e62e7609ab51,70769 4 71021 9 71276 10 71531 11 71787 10 72043 10 72299 10 72556 8
5d75a63972ef643efd7c42f20668b167f2af43635d6263962d84e62e7609ab51,65677 3 65932 5 66187 8 66442 10 66698 11 66953 13 67208 14 67463 16 67718 17 67973 18 68228 19 68484 19 68739 20 68994 20 69249 21 69504 21 69760 21 70015 21 70271 20 70526 20 70782 20 71038 19 71295 17 71551 16 71807 15 72064 13 72328 3
5d75a63972ef643efd7c42f20668b167f2af43635d6263962d84e62e7609ab51,29094 7 29343 15 29596 19 29850 21 30104 23 30356 26 30610 28 30865 29 31121 28 31376 29 31632 29 31888 28 32144 27 32401 22 32658 18 32915 15 33172 13 33429 11 33689 6 33947 3
5d75a63972ef643efd7c42f20668b167f2af43635d6263962d84e62e7609ab51,12171 3 12426 8 12681 10 12936 12 13192 13 13447 17 13703 18 13959 18 14215 19 14470 20 14726 20 14982 20 15239 19 15495 19 15751 19 16007 18 16264 17 16520 16 16777 14 17033 14 17289 13 17545 12 17801 11 18058 5
5d75a63972ef643efd7c42f20668b167f2af43635d6263962d84e62e7609ab51,16475 7 16730 10 16986 11 17241 14 17497 15 17753 17 18010 17 18266 18 18522 18 18779 18 19036 18 19293 17 19550 16 19806 16 20062 16 20319 15 20576 14 20833 13 21090 12 21347 10 21604 8
5d75a63972ef643efd7c42f20668b167f2af43635d6263962d84e62e7609ab51,57053 3 57307 7 57562 9 57817 11 58073 11 58329 11 58586 10 58843 8 59102 4
5d75a63972ef643efd7c42f20668b167f2af43635d6263962d84e62e7609ab51,78590 3 78845 4 79101 4 79357 4 79613 4 79869 4 80125 4 80380 5 80636 5 80892 5 81147 6 81402 7 81658 7 81914 7
5d75a63972ef643efd7c42f20668b167f2af43635d6263962d84e62e7609ab51,8646 3 8898 8 9153 10 9408 11 9663 12 9917 15 10172 17 10427 18 10683 18 10939 18 11195 18 11450 19 11706 19 11961 20 12217 20 12473 19 12729 17 12986 15 13243 13 13499 12 13756 11 14013 9 14270 7 14527 3
5d75a63972ef643efd7c42f20668b167f2af43635d6263962d84e62e7609ab51,50753 11 51008 13 51262 15 51517 17 51771 19 52026 20 52281 21 52537 21 52793 21 53049 21 53304 22 53560 21 53816 21 54072 21 54328 20 54584 19 54840 19 55096 18 55353 17 55610 15 55868 13 56125 11 56382 8 56642 2
5d75a63972ef643efd7c42f20668b167f2af43635d6263962d84e62e7609ab51,17846 8 18101 10 18356 12 18610 16 18865 18 19118 21 19372 23 19625 27 19880 28 20136 28 20392 28 20648 27 20904 26 21160 26 21416 25 21673 24 21930 22 22186 20 22443 17 22702 6
5d75a63972ef643efd7c42f20668b167f2af43635d6263962d84e62e7609ab51,34189 6 34444 8 34700 9 34955 11 35210 13 35466 14 35722 14 35978 15 36235 14 36492 12 36749 9 37006 7 37263 5
5d75a63972ef643efd7c42f20668b167f2af43635d6263962d84e62e7609ab51,4258 6 4512 10 4766 14 5021 16 5276 18 5531 20 5787 21 6042 22 6297 23 6553 23 6809 23 7064 24 7320 23 7576 22 7832 21 8088 21 8345 20 8601 19 8857 19 9113 19 9369 19 9626 17 9882 16 10139 13 10395 10 10651 8 10908 5
5d75a63972ef643efd7c42f20668b167f2af43635d6263962d84e62e7609ab51,6218 5 6473 7 6728 10 6984 11 7240 12 7496 13 7751 15 8007 23 8263 24 8519 25 8775 26 9031 26 9287 27 9544 26 9800 26 10057 24 10313 23 10570 21 10827 18 11084 16 11341 11 11598 7
5d75a63972ef643efd7c42f20668b167f2af43635d6263962d84e62e7609ab51,73208 3 73463 5 73719 5 73975 5 74230 6 74486 6 74742 6 74999 5 75256 3
5d75a63972ef643efd7c42f20668b167f2af43635d6263962d84e62e7609ab51,51933 3 52188 5 52443 7 52699 7 52954 8 53210 8 53465 9 53721 9 53977 8 54233 8 54490 6
5d75a63972ef643efd7c42f20668b167f2af43635d6263962d84e62e7609ab51,39442 3 39697 5 39952 6 40207 7 40463 7 40719 7 40974 8 41230 8 41485 9 41740 10 41995 11 42251 10 42507 10 42762 11 43018 12 43274 13 43529 14 43785 14 44041 14 44296 15 44551 16 44807 16 45063 16 45319 16 45574 17 45830 16 46086 15 46341 14 46597 6 46853 5 47109 5 47366 3
5d75a63972ef643efd7c42f20668b167f2af43635d6263962d84e62e7609ab51,31066 5 31320 8 31575 9 31829 11 32084 12 32339 13 32595 13 32850 14 33105 15 33361 15 33616 16 33871 17 34125 19 34380 20 34637 19 34893 18 35149 18 35405 17 35662 16 35918 15 36174 14 36430 12 36686 10 36942 6 37199 3
5d75a63972ef643efd7c42f20668b167f2af43635d6263962d84e62e7609ab51,2634 8 2889 10 3145 10 3401 10 3657 10 3914 8 4174 3
5d75a63972ef643efd7c42f20668b167f2af43635d6263962d84e62e7609ab51,58102 2 58356 5 58611 7 58866 8 59122 9 59377 10 59632 11 59888 11 60144 11 60400 11 60655 12 60910 13 61165 13 61420 13 61675 14 61930 14 62186 13 62442 11 62699 8 62960 2
5d75a63972ef643efd7c42f20668b167f2af43635d6263962d84e62e7609ab51,44526 4 44779 9 45034 11 45289 13 45545 14 45800 15 46056 15 46311 16 46567 16 46823 15 47079 15 47335 15 47591 14 47847 12 48103 11 48360 9
5d75a63972ef643efd7c42f20668b167f2af43635d6263962d84e62e7609ab51,17694 6 17946 11 18200 14 18454 17 18709 19 18965 19 19220 20 19475 21 19730 22 19985 23 20240 24 20496 23 20752 23 21008 22 21265 20 21523 18 21781 15 22038 13 22296 9
5d75a63972ef643efd7c42f20668b167f2af43635d6263962d84e62e7609ab51,54114 4 54369 6 54377 6 54624 16 54880 17 55136 17 55391 18 55647 18 55903 17 56158 18 56414 18 56670 17 56926 17 57183 15 57440 14 57697 12 57954 4
5d75a63972ef643efd7c42f20668b167f2af43635d6263962d84e62e7609ab51,33294 4 33549 6 33804 7 34060 7 34316 7 34572 8 34828 8 35085 2
5d75a63972ef643efd7c42f20668b167f2af43635d6263962d84e62e7609ab51,45366 12 45619 16 45874 18 46129 19 46385 19 46640 19 46896 19 47152 18 47408 18 47664 19 47921 18 48178 16 48435 15 48692 14 48949 12
5d75a63972ef643efd7c42f20668b167f2af43635d6263962d84e62e7609ab51,59604 6 59859 8 60114 10 60369 12 60624 14 60880 15 61135 17 61390 18 61646 19 61901 20 62157 20 62413 20 62669 20 62925 19 63181 18 63437 17 63694 15 63953 11
5d75a63972ef643efd7c42f20668b167f2af43635d6263962d84e62e7609ab51,68180 6 68434 9 68689 10 68944 11 69198 14 69451 17 69706 18 69961 19 70217 19 70472 20 70728 19 70984 18 71241 15 71497 14 71754 11 72011 9 72268 6
5d75a63972ef643efd7c42f20668b167f2af43635d6263962d84e62e7609ab51,38615 4 38869 8 39124 10 39380 11 39635 13 39891 14 40147 14 40402 16 40657 18 40912 18 41166 20 41420 22 41675 23 41930 24 42186 25 42441 26 42697 26 42952 27 43208 27 43464 27 43720 27 43976 27 44232 27 44488 27 44744 27 45000 26 45257 25 45513 25 45769 25 46026 24 46282 24 46539 23 46796 22 47053 20 47310 17 47566 16 47823 15 48081 12 48338 11 48595 10 48852 9 49108 9 49365 8 49622 7 49881 3
5d75a63972ef643efd7c42f20668b167f2af43635d6263962d84e62e7609ab51,63818 3 64073 6 64328 8 64583 9 64839 9 65094 11 65349 13 65605 13 65861 12 66117 12 66373 11 66629 11 66886 9 67142 8 67399 7 67656 6 67913 4 68170 2
5d75a63972ef643efd7c42f20668b167f2af43635d6263962d84e62e7609ab51,23165 6 23420 14 23675 17 23930 19 24185 21 24441 21 24697 21 24953 21 25209 20 25465 20 25721 20 25978 18 26234 18 26491 16 26747 16 27003 15 27260 13 27517 10 27774 4
5d75a63972ef643efd7c42f20668b167f2af43635d6263962d84e62e7609ab51,24619 3 24858 2 24873 6 25110 26 25365 28 25621 29 25877 29 26133 29 26390 27 26647 26 26905 23 27164 19 27423 14 27681 1 27690 2
5d75a63972ef643efd7c42f20668b167f2af43635d6263962d84e62e7609ab51,60765 2 61020 16 61276 18 61531 23 61787 24 62042 27 62298 28 62554 28 62810 29 63066 29 63322 29 63579 28 63835 28 64092 27 64349 26 64606 24 64863 23 65119 23 65376 21 65632 19 65889 17 66146 15 66403 13 66660 11 66918 8
5d75a63972ef643efd7c42f20668b167f2af43635d6263962d84e62e7609ab51,21762 4 22017 6 22273 6 22529 5 22785 4 23041 3 23297 2 23553 1
5d75a63972ef643efd7c42f20668b167f2af43635d6263962d84e62e7609ab51,11292 5 11541 13 11796 15 12051 18 12307 19 12562 20 12817 21 13072 21 13328 20 13584 19 13841 18 14098 17 14355 16 14612 14 14871 10 15128 8
5d75a63972ef643efd7c42f20668b167f2af43635d6263962d84e62e7609ab51,34149 3 34404 5 34659 6 34913 8 35168 10 35424 11 35679 12 35934 14 36189 16 36445 17 36701 17 36956 19 37211 20 37467 21 37723 22 37979 23 38235 23 38491 24 38747 24 39003 24 39259 24 39515 24 39772 23 40028 23 40285 22 40541 22 40797 22 41053 22 41309 21 41565 21 41822 20 42078 20 42334 19 42591 18 42847 17 43104 16 43361 15 43618 14 43875 12 44133 10 44391 7
5d75a63972ef643efd7c42f20668b167f2af43635d6263962d84e62e7609ab51,79196 3 79447 9 79702 10 79956 12 80210 14 80463 17 80718 17 80973 17 81227 19 81481 21 81734 23
5d75a63972ef643efd7c42f20668b167f2af43635d6263962d84e62e7609ab51,32565 7 32820 9 33076 10 33331 12 33587 12 33842 14 34098 14 34354 15 34610 15 34866 15 35122 14 35378 14 35634 13 35890 13 36147 11 36404 10 36662 7
5d75a63972ef643efd7c42f20668b167f2af43635d6263962d84e62e7609ab51,48879 10 49134 12 49389 13 49644 15 49899 16 50155 17 50410 18 50665 20 50921 20 51177 21 51433 21 51689 21 51945 20 52202 19 52459 17 52716 15 52973 13 53231 10 53488 7 53745 4
5d75a63972ef643efd7c42f20668b167f2af43635d6263962d84e62e7609ab51,38817 7 39072 11 39327 14 39583 15 39839 16 40096 17 40353 17 40610 17 40866 17 41122 17 41379 16 41635 16 41892 15 42154 8 42411 3
5d75a63972ef643efd7c42f20668b167f2af43635d6263962d84e62e7609ab51,49439 6 49692 10 49945 13 50200 14 50456 14 50712 13 50969 11
5d75a63972ef643efd7c42f20668b167f2af43635d6263962d84e62e7609ab51,3857 9 4112 11 4367 12 4622 13 4878 13 5133 14 5389 14 5644 15 5900 15 6156 15 6412 15 6668 15 6924 14 7179 15 7435 15 7691 15 7948 13
5d75a63972ef643efd7c42f20668b167f2af43635d6263962d84e62e7609ab51,35087 5 35341 9 35596 11 35851 12 36107 13 36362 14 36618 14 36874 14 37131 12 37388 11 37645 9 37902 5
5d75a63972ef643efd7c42f20668b167f2af43635d6263962d84e62e7609ab51,63760 3 64015 5 64271 5 64527 5 64784 3
5d75a63972ef643efd7c42f20668b167f2af43635d6263962d84e62e7609ab51,34272 5 34527 7 34783 10 35039 11 35295 13 35550 15 35806 16 36062 17 36317 18 36572 19 36828 19 37084 19 37341 18 37598 17 37854 17 38110 17 38365 18 38621 18 38877 18 39134 17 39391 16 39648 15 39905 14 40161 14 40418 3 40426 4
5d75a63972ef643efd7c42f20668b167f2af43635d6263962d84e62e7609ab51,14766 5 15015 13 15270 16 15526 17 15782 18 16038 19 16294 19 16550 19 16806 19 17062 19 17319 17 17576 15 17834 12 18093 5
5d75a63972ef643efd7c42f20668b167f2af43635d6263962d84e62e7609ab51,65531 3 65786 5 66040 7 66295 8 66551 8 66807 8 67063 8 67319 8 67575 8 67831 8 68087 8 68343 8 68599 8 68855 8 69111 9 69367 10 69623 10 69880 9 70136 9 70392 9 70648 9 70905 8 71162 7 71418 7 71675 5
5d75a63972ef643efd7c42f20668b167f2af43635d6263962d84e62e7609ab51,34115 7 34370 10 34625 12 34881 12 35136 13 35392 13 35647 15 35903 15 36158 16 36414 16 36669 17 36926 16 37183 16 37440 16 37697 14 37954 12 38211 10
5d75a63972ef643efd7c42f20668b167f2af43635d6263962d84e62e7609ab51,33478 5 33732 8 33987 11 34242 13 34497 15 34752 17 35007 18 35263 18 35519 18 35775 18 36031 18 36287 18 36543 18 36800 16 37057 13 37314 11 37570 10 37827 7
5d75a63972ef643efd7c42f20668b167f2af43635d6263962d84e62e7609ab51,78629 3 78884 5 79139 7 79395 7 79650 9 79905 10 80159 13 80414 15 80670 15 80926 16 81182 16 81439 15 81695 15
5d75a63972ef643efd7c42f20668b167f2af43635d6263962d84e62e7609ab51,12289 1 12545 3 12801 8 13057 9 13313 9 13569 9 13825 9 14081 8 14337 8 14593 8 14849 8 15105 8 15361 8 15617 8 15873 7 16129 7 16385 6 16641 6 16897 5
5d75a63972ef643efd7c42f20668b167f2af43635d6263962d84e62e7609ab51,212 19 467 20 723 19 978 20 1234 19 1490 18 1746 17 2003 15 2260 13 2518 8 2776 3
5d75a63972ef643efd7c42f20668b167f2af43635d6263962d84e62e7609ab51,29759 4 30013 8 30268 10 30524 10 30780 10 31036 10 31293 9 31549 9 31805 9 32061 9 32318 8 32575 6 32831 6 33088 5 33344 5 33601 3 33858 2
5d75a63972ef643efd7c42f20668b167f2af43635d6263962d84e62e7609ab51,55634 4 55888 7 56143 9 56399 9 56654 11 56906 15 57161 16 57417 16 57672 17 57928 17 58184 17 58440 17 58696 16 58952 15 59208 14 59465 12 59721 9 59978 7
5d75a63972ef643efd7c42f20668b167f2af43635d6263962d84e62e7609ab51,51494 2 51743 10 51998 12 52251 15 52506 16 52762 17 53017 18 53273 18 53529 18 53785 18 54041 18 54297 18 54553 18 54810 16 55066 16 55323 14 55580 13 55838 10
5d75a63972ef643efd7c42f20668b167f2af43635d6263962d84e62e7609ab51,62952 8 63207 11 63462 14 63717 16 63971 19 64226 20 64482 20 64738 20 64994 20 65250 20 65507 18 65765 14 66023 10 66281 4
5d75a63972ef643efd7c42f20668b167f2af43635d6263962d84e62e7609ab51,14675 4 14930 6 15186 6 15441 7 15696 8 15951 9 16207 8 16462 9 16717 10 16973 10 17229 9 17485 9 17741 8 17997 7 18254 5
5d75a63972ef643efd7c42f20668b167f2af43635d6263962d84e62e7609ab51,51913 9 52167 12 52422 14 52677 15 52932 17 53187 19 53443 19 53699 19 53954 20 54210 20 54466 20 54722 19 54979 18 55235 18 55492 16 55749 13 56005 12 56262 10 56519 8 56776 6
5d75a63972ef643efd7c42f20668b167f2af43635d6263962d84e62e7609ab51,5097 4 5348 10 5602 12 5855 15 6109 18 6364 19 6619 20 6874 21 7130 21 7385 22 7641 22 7897 22 8153 22 8410 20 8666 19 8923 18 9179 17 9436 15 9693 14 9949 14 10206 12 10462 12 10719 10 10976 7
5d75a63972ef643efd7c42f20668b167f2af43635d6263962d84e62e7609ab51,16883 7 17138 9 17393 10 17648 12 17904 12 18159 14 18414 17 18668 20 18923 21 19179 21 19434 21 19690 21 19946 21 20202 21 20457 22 20713 22 20969 21 21224 21 21479 19 21735 18 21991 18 22247 18 22503 18 22759 17 23016 16 23272 15 23529 13 23785 12 24042 11 24299 10 24558 6 24815 4
5d75a63972ef643efd7c42f20668b167f2af43635d6263962d84e62e7609ab51,64 16 319 18 575 19 831 19 1088 18 1346 15 1604 12 1861 11 2118 9 2376 6
5d75a63972ef643efd7c42f20668b167f2af43635d6263962d84e62e7609ab51,70243 2 70497 6 70752 8 71007 9 71262 10 71518 10 71774 9 72031 7 72288 5 72545 3
5d75a63972ef643efd7c42f20668b167f2af43635d6263962d84e62e7609ab51,26216 11 26471 13 26725 18 26980 23 27235 25 27491 26 27747 27 28003 27 28259 27 28515 27 28770 28 29026 28 29283 27 29539 27 29795 27 30051 26 30307 24 30563 23 30819 21 31076 19 31333 14 31589 13 31846 7 32104 3
5d75a63972ef643efd7c42f20668b167f2af43635d6263962d84e62e7609ab51,2914 3 3168 6 3423 8 3678 10 3933 11 4188 13 4442 15 4697 17 4952 18 5207 19 5461 21 5716 22 5972 22 6227 23 6483 23 6739 23 6995 22 7252 18 7509 16 7766 12
5d75a63972ef643efd7c42f20668b167f2af43635d6263962d84e62e7609ab51,12029 3 12284 5 12539 6 12794 7 13049 8 13305 8 13561 8 13817 8 14073 8 14329 8 14585 8 14841 8 15097 8 15353 8 15609 8 15866 7 16123 6 16379 6 16636 5 16893 3
5d75a63972ef643efd7c42f20668b167f2af43635d6263962d84e62e7609ab51,37527 6 37781 9 38036 10 38291 12 38546 13 38801 14 39057 14 39313 14 39569 14 39825 14 40081 13 40338 11 40596 8 40853 6 41111 3
5d75a63972ef643efd7c42f20668b167f2af43635d6263962d84e62e7609ab51,8996 9 9251 11 9507 11 9763 11 10019 10 10276 8 10534 6 10791 5 11048 3
5d75a63972ef643efd7c42f20668b167f2af43635d6263962d84e62e7609ab51,18253 1 18505 10 18760 11 19015 13 19270 15 19525 17 19780 19 20035 20 20290 21 20546 21 20801 22 21057 23 21313 23 21569 23 21825 23 22080 24 22335 25 22590 26 22845 27 23101 27 23357 27 23613 27 23869 27 24125 26 24382 24 24640 21 24898 17 25158 12 25416 7
