5ddbfba2519484316e4b7ccabfa605e6e6fd96c3d87ac8cdfd2c134571a15311,40968 5 41223 6 41478 8 41733 10 41989 10 42245 11 42501 11 42757 11 43014 9 43271 7 43528 4
5ddbfba2519484316e4b7ccabfa605e6e6fd96c3d87ac8cdfd2c134571a15311,22510 5 22765 7 23020 9 23277 8 23533 8 23544 4 23788 9 23799 7 24043 10 24054 8 24299 9 24309 10 24555 9 24565 9 24811 8 24821 8 25068 7 25077 8 25333 8 25342 1 25590 7 25598 1 25847 8 26104 4
5ddbfba2519484316e4b7ccabfa605e6e6fd96c3d87ac8cdfd2c134571a15311,18146 5 18401 7 18656 8 18912 8 19168 8 19423 9 19678 10 19934 9 20189 10 20446 8 20703 5
5ddbfba2519484316e4b7ccabfa605e6e6fd96c3d87ac8cdfd2c134571a15311,58042 5 58297 7 58553 7 58809 7 59065 7 59321 7 59577 7 59833 7 60089 7 60346 6 60602 6 60858 6 61115 4
5ddbfba2519484316e4b7ccabfa605e6e6fd96c3d87ac8cdfd2c134571a15311,45996 6 46250 9 46505 11 46761 12 47017 12 47272 13 47529 11 47785 11 48042 9 48300 6
5ddbfba2519484316e4b7ccabfa605e6e6fd96c3d87ac8cdfd2c134571a15311,21219 3 21473 6 21728 8 21982 10 22238 10 22495 9 22751 10 23008 7
5ddbfba2519484316e4b7ccabfa605e6e6fd96c3d87ac8cdfd2c134571a15311,58816 2 59072 5 59328 6 59584 8 59840 9 60096 9 60352 9 60608 10 60864 10 61120 10 61376 10 61632 9 61888 7 62145 6
5ddbfba2519484316e4b7ccabfa605e6e6fd96c3d87ac8cdfd2c134571a15311,55245 4 55500 6 55756 7 56012 9 56269 9 56526 8 56782 9 57038 9 57295 8 57550 9 57806 9 58063 8 58319 7 58575 6
5ddbfba2519484316e4b7ccabfa605e6e6fd96c3d87ac8cdfd2c134571a15311,2041 5 2294 9 2549 10 2804 12 3060 13 3316 13 3572 13 3828 13 4084 13 4340 13 4597 12 4854 11 5111 10 5369 6
5ddbfba2519484316e4b7ccabfa605e6e6fd96c3d87ac8cdfd2c134571a15311,60656 5 60911 8 61166 10 61422 11 61678 11 61934 11 62192 9 62450 6 62458 7 62706 5 62712 9 62964 2 62967 10 63223 10 63478 11 63733 12 63989 12 64245 12 64501 12 64757 12 65013 12 65269 12 65525 12
5ddbfba2519484316e4b7ccabfa605e6e6fd96c3d87ac8cdfd2c134571a15311,3305 3 3560 5 3816 5 4072 5 4328 5 4585 4
5ddbfba2519484316e4b7ccabfa605e6e6fd96c3d87ac8cdfd2c134571a15311,21210 4 21464 7 21719 9 21975 7 22231 7 22487 8 22744 6
5ddbfba2519484316e4b7ccabfa605e6e6fd96c3d87ac8cdfd2c134571a15311,57780 2 58034 5 58289 8 58544 9 58800 9 59055 10 59311 10 59566 11 59822 11 60078 10 60334 9 60591 8 60848 7 61105 4
5ddbfba2519484316e4b7ccabfa605e6e6fd96c3d87ac8cdfd2c134571a15311,29135 5 29390 7 29646 7 29902 8 30158 8 30415 7 30671 7 30928 6
5ddbfba2519484316e4b7ccabfa605e6e6fd96c3d87ac8cdfd2c134571a15311,16272 3 16526 6 16781 9 17036 10 17292 10 17548 10 17804 11 18060 11 18316 11 18572 11 18829 10 19086 8 19345 5
5ddbfba2519484316e4b7ccabfa605e6e6fd96c3d87ac8cdfd2c134571a15311,47639 5 47894 7 48150 8 48405 10 48661 10 48917 10 49173 10 49429 10 49686 9 49944 5
5ddbfba2519484316e4b7ccabfa605e6e6fd96c3d87ac8cdfd2c134571a15311,40999 5 41254 7 41510 7 41765 8 42021 8 42277 8 42532 9 42789 8 43045 7 43302 4
5ddbfba2519484316e4b7ccabfa605e6e6fd96c3d87ac8cdfd2c134571a15311,56199 6 56454 8 56709 9 56964 11 57220 11 57476 11 57732 11 57988 10 58244 9 58500 9 58757 7
5ddbfba2519484316e4b7ccabfa605e6e6fd96c3d87ac8cdfd2c134571a15311,16861 4 17114 6 17369 9 17624 11 17880 11 18136 10 18392 9 18648 8 18904 7 19160 8 19417 6 19677 1 19933 1
5ddbfba2519484316e4b7ccabfa605e6e6fd96c3d87ac8cdfd2c134571a15311,15856 6 16111 7 16367 8 16622 9 16879 8 17135 7 17392 6
5ddbfba2519484316e4b7ccabfa605e6e6fd96c3d87ac8cdfd2c134571a15311,27391 2 27645 4 27900 5 28156 5 28411 6 28667 6 28923 6 29179 6 29436 5 29694 3
5ddbfba2519484316e4b7ccabfa605e6e6fd96c3d87ac8cdfd2c134571a15311,46115 6 46370 8 46626 9 46881 11 47137 11 47393 11 47649 11 47906 10 48162 9 48420 6
5ddbfba2519484316e4b7ccabfa605e6e6fd96c3d87ac8cdfd2c134571a15311,56007 3 56262 6 56518 7 56774 7 57029 8 57285 9 57541 9 57797 9 58053 10 58309 10 58565 10 58821 10 59077 9 59334 6
