5e263abff938acba1c0cff698261c7c00c23d7376e3ceacc3d5d4a655216b16d,682769 3 683787 9 684811 9 685834 10 686858 9 687882 8 688906 7
5e263abff938acba1c0cff698261c7c00c23d7376e3ceacc3d5d4a655216b16d,8188 4 9211 6 10234 7 11257 8 12280 9 13304 9 14328 9 15352 9 16376 9 17400 9 18424 8
5e263abff938acba1c0cff698261c7c00c23d7376e3ceacc3d5d4a655216b16d,484888 7 485910 11 486932 14 487955 16 488978 17 490002 18 491026 18 492049 20 493073 20 494096 21 495120 21 496144 21 497168 21 498192 21 499216 21 500240 21 501264 21 502288 21 503312 21 504337 20 505361 19 506386 18 507411 17 508435 16 509460 14 510485 12 511510 10 512536 6
5e263abff938acba1c0cff698261c7c00c23d7376e3ceacc3d5d4a655216b16d,873638 8 874660 11 875679 16 876702 17 877724 18 878747 19 879769 20 880792 21 881815 21 882839 21 883863 20 884887 20 885911 19 886935 18 887960 16 888984 16 890011 6 890020 4
5e263abff938acba1c0cff698261c7c00c23d7376e3ceacc3d5d4a655216b16d,496198 7 497223 6 498247 6 499271 5 500294 6 501318 6 502343 5
5e263abff938acba1c0cff698261c7c00c23d7376e3ceacc3d5d4a655216b16d,571112 7 572135 9 573157 12 574180 14 575203 15 576226 17 577250 17 578274 18 579297 19 580322 18 581346 19 582370 19 583394 18 584418 18 585442 19 586466 19 587491 18 588515 18 589540 16 590565 15 591590 13 592615 12 593641 9 594666 7 595692 3
5e263abff938acba1c0cff698261c7c00c23d7376e3ceacc3d5d4a655216b16d,676614 9 677638 9 678662 10 679686 10 680711 9 681735 9 682759 9 683783 4 684807 4 685831 3
5e263abff938acba1c0cff698261c7c00c23d7376e3ceacc3d5d4a655216b16d,511658 3 512679 7 513702 9 514726 9 515750 9 516774 9 517798 9 518822 7
5e263abff938acba1c0cff698261c7c00c23d7376e3ceacc3d5d4a655216b16d,572000 5 573023 6 574047 6 575069 9 576093 8 577117 8 578141 8 579165 7 580192 3
5e263abff938acba1c0cff698261c7c00c23d7376e3ceacc3d5d4a655216b16d,303869 3 304883 14 305906 17 306929 18 307951 20 308974 22 309998 23 311022 23 312046 23 313070 24 314095 23 315121 21 316146 19 317170 18 318194 18 319219 19 320244 18 321269 16 322294 14 323319 13 324344 10 325369 7
5e263abff938acba1c0cff698261c7c00c23d7376e3ceacc3d5d4a655216b16d,543367 6 544388 13 545411 17 546434 20 547457 21 548480 22 549504 22 550528 22 551552 22 552576 22 553600 22 554624 22 555648 9 555658 12 556672 22 557696 22 558720 21 559745 19 560770 17 561796 14 562822 10
5e263abff938acba1c0cff698261c7c00c23d7376e3ceacc3d5d4a655216b16d,668425 6 669448 7 670472 7 671496 7 672520 6 673544 6 674568 6
5e263abff938acba1c0cff698261c7c00c23d7376e3ceacc3d5d4a655216b16d,42299 3 43322 5 44346 5 45366 10 46387 14 47409 16 48431 18 49455 18 50478 19 51501 20 52525 21 53549 22 54573 22 55597 22 56621 21 57645 20 58669 20 59693 19 60717 19 61741 18 62766 17 63790 16 64815 14 65840 11 66865 8 67889 8 68914 6 69940 3
5e263abff938acba1c0cff698261c7c00c23d7376e3ceacc3d5d4a655216b16d,484935 6 485958 8 486981 9 488004 11 489027 12 490051 12 491075 12 492098 13 493122 13 494146 12 495173 6 495181 1
5e263abff938acba1c0cff698261c7c00c23d7376e3ceacc3d5d4a655216b16d,945200 3 946223 6 947245 10 948268 11 949292 12 950316 13 951340 14 952364 15 953387 17 954411 17 955435 17 956459 17 957483 17 958507 17 959531 16 960555 11 961579 9 962603 8 963628 6
5e263abff938acba1c0cff698261c7c00c23d7376e3ceacc3d5d4a655216b16d,787262 10 788284 14 789308 16 790331 19 791354 21 792378 22 793402 23 794425 25 795449 25 796473 26 797497 27 798522 26 799546 27 800571 26 801596 26 802620 26 803645 25 804670 24 805695 23 806720 22 807745 21 808770 20 809796 18 810821 16 811847 13 812873 9 813900 2 813903 2
5e263abff938acba1c0cff698261c7c00c23d7376e3ceacc3d5d4a655216b16d,595583 4 596607 4 597629 8 598653 9 599677 9 600701 9 601728 5 602753 3
5e263abff938acba1c0cff698261c7c00c23d7376e3ceacc3d5d4a655216b16d,551540 11 552561 15 553583 17 554605 19 555629 19 556653 19 557677 19 558701 19 559725 20 560749 21 561773 23 562798 24 563822 25 564847 24 565872 23 566897 22 567923 20 568948 19 569973 18 570999 16 572025 13 573055 7
5e263abff938acba1c0cff698261c7c00c23d7376e3ceacc3d5d4a655216b16d,494247 4 495269 7 496293 8 497317 8 498341 8 499366 7 500391 6
5e263abff938acba1c0cff698261c7c00c23d7376e3ceacc3d5d4a655216b16d,892027 1 893044 10 894065 15 895088 17 896110 19 897132 21 898155 22 899179 22 900202 23 901226 23 902250 23 903274 22 904298 21 905322 19 906345 18 907369 18 908394 16 909419 12 910447 5
5e263abff938acba1c0cff698261c7c00c23d7376e3ceacc3d5d4a655216b16d,505507 4 506527 10 507550 11 508574 11 509598 11 510623 9 511649 7 512674 5
5e263abff938acba1c0cff698261c7c00c23d7376e3ceacc3d5d4a655216b16d,923704 3 924725 8 925749 8 926773 8 927797 8 928821 8 929846 7 930870 6
5e263abff938acba1c0cff698261c7c00c23d7376e3ceacc3d5d4a655216b16d,582023 13 583047 14 584070 16 585094 16 586118 16 587142 16 588166 16 589189 16 590213 16 591237 16 592260 18 593285 17 594310 15 595335 14 596360 13 597385 11 598409 11 599434 9
5e263abff938acba1c0cff698261c7c00c23d7376e3ceacc3d5d4a655216b16d,917547 5 918570 6 919594 6 920618 6 921642 6 922666 6 923690 6 924714 6
5e263abff938acba1c0cff698261c7c00c23d7376e3ceacc3d5d4a655216b16d,321606 5 322629 9 323653 11 324677 11 325700 12 326724 10 327748 10 328772 10 329797 9 330821 9 331845 9 332870 8 333895 4
5e263abff938acba1c0cff698261c7c00c23d7376e3ceacc3d5d4a655216b16d,443567 7 444589 12 445613 14 446635 17 447658 19 448681 21 449704 22 450726 24 451749 25 452773 25 453796 26 454820 25 455844 25 456868 25 457890 26 458915 24 459939 23 460964 21 461989 20 463014 18 464042 10 464055 1
5e263abff938acba1c0cff698261c7c00c23d7376e3ceacc3d5d4a655216b16d,69677 8 70699 13 71722 14 72745 16 73769 17 74793 18 75816 20 76840 20 77864 21 78888 22 79913 22 80937 22 81961 23 82986 22 84010 22 85035 21 86060 20 87085 19 88109 18 89135 16 90160 13 91186 10 92216 1
5e263abff938acba1c0cff698261c7c00c23d7376e3ceacc3d5d4a655216b16d,308045 4 309068 7 310091 9 311114 10 312137 11 313160 12 314183 14 315206 15 316230 15 317253 16 318276 16 319300 16 320323 16 321346 16 322370 15 323393 15 324417 14 325441 13 326464 13 327488 11 328512 9 329536 7 330561 3
5e263abff938acba1c0cff698261c7c00c23d7376e3ceacc3d5d4a655216b16d,563796 9 564819 11 565842 13 566866 13 567890 14 568914 14 569938 14 570962 14 571986 14 573010 13 574034 13 575060 9 576085 8 577109 7 578135 4
5e263abff938acba1c0cff698261c7c00c23d7376e3ceacc3d5d4a655216b16d,976236 5 977260 5 978284 5 979308 5 980332 5 981356 4 982380 4
5e263abff938acba1c0cff698261c7c00c23d7376e3ceacc3d5d4a655216b16d,137262 8 138284 12 139307 14 140330 16 141354 18 142377 19 143400 21 144424 21 145448 21 146472 21 147496 21 148520 22 149544 22 150568 22 151592 22 152617 21 153642 19 154667 17 155693 15 156718 13 157743 11 158769 9
5e263abff938acba1c0cff698261c7c00c23d7376e3ceacc3d5d4a655216b16d,552196 10 553218 14 554240 16 555263 17 556286 19 557309 22 558333 22 559356 23 560380 23 561402 26 562426 26 563450 26 564474 26 565498 26 566522 25 567546 25 568570 25 569594 24 570618 23 571642 22 572667 20 573692 17 574716 16 575741 14 576765 12 577790 9 578816 4
5e263abff938acba1c0cff698261c7c00c23d7376e3ceacc3d5d4a655216b16d,846621 8 847644 11 848665 15 849688 18 850711 20 851736 20 852760 20 853783 22 854808 22 855832 23 856857 22 857883 20 858907 21 859931 21 860955 21 861979 22 863002 23 864026 22 865051 21 866076 20 867102 18 868126 18 869152 15 870178 13 871204 8
5e263abff938acba1c0cff698261c7c00c23d7376e3ceacc3d5d4a655216b16d,776300 5 777323 6 778346 7 779370 7 780394 8 781418 9 782442 9 783466 9 784490 9 785514 8 786540 5
5e263abff938acba1c0cff698261c7c00c23d7376e3ceacc3d5d4a655216b16d,244060 9 245084 10 246107 13 247131 14 248154 15 249178 16 250202 17 251226 17 252249 19 253273 19 254297 20 255322 20 256346 20 257371 19 258396 18 259421 18 260445 18 261470 18 262495 18 263521 15 264545 15 265571 12 266595 12 267620 11 268645 10 269671 7
5e263abff938acba1c0cff698261c7c00c23d7376e3ceacc3d5d4a655216b16d,150352 9 151374 13 152396 17 153419 18 154442 20 155465 21 156488 21 157512 21 158535 22 159558 22 160581 23 161605 23 162628 23 163651 23 164675 22 165699 21 166723 18 167748 12 168774 7
5e263abff938acba1c0cff698261c7c00c23d7376e3ceacc3d5d4a655216b16d,774498 8 775521 10 776544 12 777568 13 778592 14 779616 14 780640 15 781664 16 782688 16 783713 15 784737 15 785762 15 786787 14 787811 14 788836 12 789861 11 790887 9 791912 7
5e263abff938acba1c0cff698261c7c00c23d7376e3ceacc3d5d4a655216b16d,775957 7 776980 9 778002 12 779025 14 780049 15 781072 16 782095 18 783119 18 784142 19 785166 20 786190 20 787213 21 788237 22 789261 22 790285 21 791309 22 792333 21 793357 21 794381 21 795405 21 796429 21 797453 20 798477 20 799501 20 800526 18 801550 18 802574 17 803599 15 804623 15 805648 13 806672 12 807698 8
5e263abff938acba1c0cff698261c7c00c23d7376e3ceacc3d5d4a655216b16d,207267 5 208287 10 209309 14 210332 16 211355 18 212378 20 213401 21 214425 21 215448 22 216472 22 217496 22 218520 22 219544 22 220568 22 221592 22 222616 22 223640 22 224664 21 225688 21 226713 19 227737 18 228761 17 229787 14 230812 12 231838 8 232863 6
5e263abff938acba1c0cff698261c7c00c23d7376e3ceacc3d5d4a655216b16d,576785 5 577809 5 578833 5 579857 5 580882 4
5e263abff938acba1c0cff698261c7c00c23d7376e3ceacc3d5d4a655216b16d,40957 3 41980 5 43002 7 44026 7 45049 8 46072 9 47095 10 48119 10 49142 11 50166 11 51190 11 52213 12 53237 12 54261 12 55284 13 56308 13 57332 13 58356 13 59380 13 60404 13 61429 12 62453 12 63477 12 64501 12 65526 11 66550 11 67575 10 68600 9 69624 9 70649 8 71675 5
5e263abff938acba1c0cff698261c7c00c23d7376e3ceacc3d5d4a655216b16d,113698 4 114721 7 115744 12 116767 14 117790 15 118810 18 119833 19 120855 21 121879 20 122902 21 123925 22 124949 22 125972 23 126996 22 128020 23 129044 23 130068 23 131093 20 132117 19 133141 18 134166 15 135190 14 136215 12
5e263abff938acba1c0cff698261c7c00c23d7376e3ceacc3d5d4a655216b16d,980303 4 981326 7 982347 10 983360 3 983369 12 984383 22 985406 23 986430 22 987454 22 988477 22 989501 21 990525 21 991550 20 992574 19 993598 18 994622 13 995647 8
5e263abff938acba1c0cff698261c7c00c23d7376e3ceacc3d5d4a655216b16d,980328 3 981350 5 982374 6 983398 7 984422 7 985446 7 986472 4
5e263abff938acba1c0cff698261c7c00c23d7376e3ceacc3d5d4a655216b16d,855827 5 856850 7 857874 9 858897 10 859921 10 860945 10 861969 10 862993 9 864018 7
5e263abff938acba1c0cff698261c7c00c23d7376e3ceacc3d5d4a655216b16d,968713 1 969735 7 970757 11 971780 13 972804 14 973828 14 974853 13 975878 12 976904 10 977933 5
5e263abff938acba1c0cff698261c7c00c23d7376e3ceacc3d5d4a655216b16d,828147 5 829170 7 830193 10 831216 12 832239 15 833262 16 834286 16 835310 17 836334 17 837358 17 838381 19 839405 19 840429 19 841452 19 842476 19 843500 19 844524 19 845549 18 846573 18 847597 17 848621 17 849646 16 850670 16 851694 15 852719 13 853743 12 854768 11 855793 9 856818 7
5e263abff938acba1c0cff698261c7c00c23d7376e3ceacc3d5d4a655216b16d,986466 5 987490 6 988514 7 989538 7 990562 7 991586 7 992611 4
5e263abff938acba1c0cff698261c7c00c23d7376e3ceacc3d5d4a655216b16d,913459 6 914482 8 915506 8 916530 8 917554 8 918578 8 919603 7
5e263abff938acba1c0cff698261c7c00c23d7376e3ceacc3d5d4a655216b16d,498328 5 499352 5 500376 5 501400 5 502424 5 503448 5
5e263abff938acba1c0cff698261c7c00c23d7376e3ceacc3d5d4a655216b16d,583797 6 584820 8 585842 11 586865 12 587888 14 588911 15 589934 16 590958 16 591982 15 593006 15 594030 15 595054 14 596079 13 597103 13 598127 13 599150 13 600174 12 601198 11 602222 9 603246 8 604271 6
5e263abff938acba1c0cff698261c7c00c23d7376e3ceacc3d5d4a655216b16d,661721 1 662743 6 662750 1 663766 10 664789 14 665813 15 666837 15 667860 17 668884 18 669908 18 670932 19 671956 19 672980 19 674005 18 675029 19 676054 18 677078 17 678103 16 679127 16 680152 15 681177 13 682203 10 683230 6
5e263abff938acba1c0cff698261c7c00c23d7376e3ceacc3d5d4a655216b16d,177419 4 178441 9 179463 13 180485 16 181508 17 182531 19 183555 20 184578 22 185602 22 186625 23 187649 23 188673 24 189697 24 190721 24 191745 24 192769 24 193793 24 194817 23 195842 22 196866 22 197891 20 198916 19 199941 17 200967 15 201993 11 203018 9
5e263abff938acba1c0cff698261c7c00c23d7376e3ceacc3d5d4a655216b16d,498334 7 499358 7 500382 7 501405 8 502429 8 503453 8 504478 5
5e263abff938acba1c0cff698261c7c00c23d7376e3ceacc3d5d4a655216b16d,934949 3 935971 7 936995 7 938019 8 939043 8 940067 8 941091 8 942116 5
5e263abff938acba1c0cff698261c7c00c23d7376e3ceacc3d5d4a655216b16d,365015 3 366037 9 367060 12 368082 15 369104 19 370127 22 371150 24 372173 25 373196 27 374220 28 375244 28 376268 29 377293 29 378317 29 379342 27 380367 26 381392 25 382417 23 383442 22 384467 21 385491 21 386515 21 387540 19 388564 19 389589 18 390613 17 391638 15 392663 14 393691 7
5e263abff938acba1c0cff698261c7c00c23d7376e3ceacc3d5d4a655216b16d,409124 6 410147 8 411170 13 412193 15 413216 17 414240 18 415263 19 416287 20 417311 20 418334 21 419358 22 420382 22 421406 22 422430 23 423455 21 424479 21 425503 21 426528 20 427552 20 428577 19 429601 18 430626 16 431651 15 432677 13 433703 10 434727 9 435753 5
5e263abff938acba1c0cff698261c7c00c23d7376e3ceacc3d5d4a655216b16d,746231 7 747254 9 748277 11 749300 12 750323 14 751346 15 752369 17 753393 18 754416 19 755440 20 756464 21 757488 21 758511 21 759535 21 760559 21 761583 21 762607 21 763631 20 764655 20 765679 20 766704 19 767728 18 768752 17 769777 16 770801 16 771825 15 772850 13 773875 11 774900 8 775926 5
5e263abff938acba1c0cff698261c7c00c23d7376e3ceacc3d5d4a655216b16d,506541 8 507565 8 508589 8 509613 6
5e263abff938acba1c0cff698261c7c00c23d7376e3ceacc3d5d4a655216b16d,365058 4 366082 4 367106 5 368130 5 369153 6 370177 6 371200 7 372224 7 373248 7 374272 8 375295 9 376319 9 377343 9 378367 9 379390 10 380414 10 381437 11 382461 11 383484 12 384508 12 385530 14 386553 15 387575 16 388598 17 389621 18 390644 19 391666 21 392690 21 393710 3 393714 22 394734 19 394754 6 395758 27 396782 27 397806 27 398832 26 399856 27 400880 27 401905 26 402930 25 403954 25 404978 26 406002 26 407027 25 408051 25 409076 25 410100 25 411125 24 412148 25 413173 22 414197 23 415222 21 416246 20 417271 19 418295 18 419319 18 420344 16 421369 15 422394 14 423419 12 424445 10 425469 2 425472 7
5e263abff938acba1c0cff698261c7c00c23d7376e3ceacc3d5d4a655216b16d,437414 3 438437 7 439461 7 440485 7 441509 7 442533 7 443557 7 444581 7 445606 5
5e263abff938acba1c0cff698261c7c00c23d7376e3ceacc3d5d4a655216b16d,442525 7 443548 9 444572 9 445596 10 446621 9 447645 9 448670 7 449695 6
5e263abff938acba1c0cff698261c7c00c23d7376e3ceacc3d5d4a655216b16d,745487 6 746511 7 747535 7 748559 7 749583 7 750607 7 751632 6 752657 5
5e263abff938acba1c0cff698261c7c00c23d7376e3ceacc3d5d4a655216b16d,690596 8 691619 12 692643 13 693667 17 694691 19 695714 22 696738 24 697762 25 698786 25 699810 25 700834 25 701858 25 702882 25 703906 24 704931 22 705955 21 706980 19 708005 16 709030 13 710057 9 711086 4
5e263abff938acba1c0cff698261c7c00c23d7376e3ceacc3d5d4a655216b16d,639356 4 640373 14 641394 18 642417 20 643438 23 644460 25 645483 26 646507 25 647531 25 648556 24 649580 24 650604 23 651628 23 652652 23 653677 21 654702 19 655726 16 656752 10 657780 4
5e263abff938acba1c0cff698261c7c00c23d7376e3ceacc3d5d4a655216b16d,486052 5 487075 7 488098 8 489122 8 490146 8 491170 6 492194 5
5e263abff938acba1c0cff698261c7c00c23d7376e3ceacc3d5d4a655216b16d,16850 1 17873 2 18893 13 19916 16 20939 19 21963 20 22987 20 24011 21 25035 22 26059 22 27083 22 28108 21 29132 21 30156 21 31181 20 32207 18 33235 7 33243 5 34261 4
5e263abff938acba1c0cff698261c7c00c23d7376e3ceacc3d5d4a655216b16d,29908 4 30931 7 31953 14 32975 17 33998 19 35022 19 36045 20 37068 21 38091 22 39115 22 40138 22 41162 22 42187 20 43211 20 44235 19 45259 18 46283 18 47307 17 48332 16 49356 15 50380 15 51404 15 52428 15 53452 12 54477 8 55503 3
5e263abff938acba1c0cff698261c7c00c23d7376e3ceacc3d5d4a655216b16d,768106 6 769129 8 770153 8 771177 9 772201 9 773225 9 774249 9 775276 6
5e263abff938acba1c0cff698261c7c00c23d7376e3ceacc3d5d4a655216b16d,345838 3 346860 7 347882 10 348905 14 349929 15 350952 18 351975 21 352999 22 354022 25 355045 26 356069 26 357093 25 358117 25 359142 24 360166 25 361191 24 362216 23 363241 21 364266 16 364283 1 365290 11 366317 3
5e263abff938acba1c0cff698261c7c00c23d7376e3ceacc3d5d4a655216b16d,314444 6 315467 7 316490 9 317514 9 318538 9 319562 9 320586 9 321612 6
5e263abff938acba1c0cff698261c7c00c23d7376e3ceacc3d5d4a655216b16d,750032 16 751054 19 752076 21 753098 23 754121 24 755143 25 756167 25 757191 25 758215 25 759238 25 760262 25 761286 24 762309 23 763333 21 764357 19 765383 16 766410 10 767436 3
5e263abff938acba1c0cff698261c7c00c23d7376e3ceacc3d5d4a655216b16d,615710 9 616733 12 617756 14 618779 16 619803 16 620826 18 621850 18 622873 19 623897 19 624921 19 625945 19 626969 19 627993 19 629018 18 630043 15 631067 14 632093 11 633119 7
5e263abff938acba1c0cff698261c7c00c23d7376e3ceacc3d5d4a655216b16d,363 24 1386 25 2410 26 3433 27 4456 29 5479 30 6502 31 7527 30 8550 31 9574 31 10598 31 11622 31 12646 31 13671 29 14695 28 15719 28 16743 27 17768 25 18793 23 19818 19 20844 15 21869 12 22896 6
5e263abff938acba1c0cff698261c7c00c23d7376e3ceacc3d5d4a655216b16d,923682 5 924704 7 925728 7 926752 7 927776 7 928800 7 929824 7 930849 5
5e263abff938acba1c0cff698261c7c00c23d7376e3ceacc3d5d4a655216b16d,598649 4 599672 5 600696 5 601720 6 602744 7 603768 7 604792 7
5e263abff938acba1c0cff698261c7c00c23d7376e3ceacc3d5d4a655216b16d,590929 9 591951 11 592974 12 593996 15 595019 16 596043 17 597066 18 598090 18 599114 18 600139 17 601163 17 602188 16 603213 14 604238 13 605264 10 606290 6
5e263abff938acba1c0cff698261c7c00c23d7376e3ceacc3d5d4a655216b16d,176134 7 177157 9 178181 9 179205 9 180229 9 181253 9 182278 8
