6034456567632f4b48dc3dfbb98534b5953c151990f4235df6c912c0a9c08397,55793 7 56048 9 56302 12 56558 12 56813 13 57069 13 57325 12 57581 12 57838 9 58095 7
6034456567632f4b48dc3dfbb98534b5953c151990f4235df6c912c0a9c08397,64207 7 64462 9 64716 12 64972 12 65227 13 65483 13
6034456567632f4b48dc3dfbb98534b5953c151990f4235df6c912c0a9c08397,45984 5 46238 8 46493 11 46748 13 47004 13 47260 14 47516 14 47772 15 48028 15 48285 14 48541 14 48799 12 49056 10 49315 4
6034456567632f4b48dc3dfbb98534b5953c151990f4235df6c912c0a9c08397,60239 5 60494 7 60749 9 61004 10 61259 11 61514 11 61770 11 62026 10 62282 10 62539 8 62796 5
6034456567632f4b48dc3dfbb98534b5953c151990f4235df6c912c0a9c08397,4778 5 5033 8 5289 10 5545 11 5800 13 6055 15 6311 16 6566 20 6822 20 7078 19 7335 18 7592 16 7848 16 8105 15 8363 12 8621 9 8879 7
6034456567632f4b48dc3dfbb98534b5953c151990f4235df6c912c0a9c08397,8752 6 9007 8 9262 10 9518 10 9773 11 10029 11 10285 11 10541 11 10796 11 11053 10 11309 9 11565 9 11822 7 12079 4
6034456567632f4b48dc3dfbb98534b5953c151990f4235df6c912c0a9c08397,48907 3 49162 6 49417 7 49672 8 49928 9 50184 9 50440 9 50696 8 50952 8 51208 8 51465 6 51722 4
6034456567632f4b48dc3dfbb98534b5953c151990f4235df6c912c0a9c08397,34873 6 35127 9 35382 11 35637 12 35893 12 36149 12 36404 12 36660 12 36915 13 37171 12 37427 11 37684 9 37940 9 38196 8 38454 4
6034456567632f4b48dc3dfbb98534b5953c151990f4235df6c912c0a9c08397,22145 4 22400 9 22656 10 22912 11 23168 11 23424 11 23681 10 23937 11 24194 10 24451 9 24708 7 24965 5 25223 2
6034456567632f4b48dc3dfbb98534b5953c151990f4235df6c912c0a9c08397,49250 5 49505 8 49759 11 50015 12 50270 13 50526 13 50782 13 51038 13 51295 11 51551 9 51809 6 52066 3
6034456567632f4b48dc3dfbb98534b5953c151990f4235df6c912c0a9c08397,30180 5 30436 6 30691 8 30947 8 31203 9 31458 10 31714 10 31970 10 32226 10 32482 10 32738 9 32995 8 33251 7
6034456567632f4b48dc3dfbb98534b5953c151990f4235df6c912c0a9c08397,31414 3 31665 13 31919 17 32174 19 32429 21 32685 21 32940 22 33196 22 33453 21 33709 21 33966 19 34223 16 34480 14 34739 8
6034456567632f4b48dc3dfbb98534b5953c151990f4235df6c912c0a9c08397,37476 8 37731 9 37986 11 38241 12 38496 13 38752 13 39008 13 39265 11 39521 11 39779 1 39781 6
6034456567632f4b48dc3dfbb98534b5953c151990f4235df6c912c0a9c08397,7942 9 8197 11 8452 13 8708 13 8964 13 9219 14 9475 14 9730 15 9986 15 10242 15 10497 15 10753 15 11009 14 11265 14 11521 13 11777 12 12033 12 12289 11 12545 10 12801 8 13057 4 13314 3
6034456567632f4b48dc3dfbb98534b5953c151990f4235df6c912c0a9c08397,57498 6 57753 8 58009 8 58264 9 58519 10 58775 10 59030 11 59286 11 59543 9 59799 7 60057 3
6034456567632f4b48dc3dfbb98534b5953c151990f4235df6c912c0a9c08397,44140 5 44393 11 44648 12 44903 13 45159 13 45415 12 45671 12 45928 10 46184 8
6034456567632f4b48dc3dfbb98534b5953c151990f4235df6c912c0a9c08397,46840 3 47092 9 47346 13 47601 14 47856 16 48112 16 48368 16 48624 15 48880 15 49137 13 49394 10 49652 6
6034456567632f4b48dc3dfbb98534b5953c151990f4235df6c912c0a9c08397,34598 9 34853 13 35108 15 35364 15 35619 18 35875 18 36131 18 36387 17 36643 17 36899 16 37155 16 37412 14 37669 13 37927 11
6034456567632f4b48dc3dfbb98534b5953c151990f4235df6c912c0a9c08397,4201 7 4456 9 4710 12 4964 14 5220 14 5475 15 5730 15 5986 15 6241 15 6497 13 6753 13 7009 11 7266 8 7523 5
