608ff81c8a0c8b622f6648a9c7f935d85f0c503f515ef2ac3728387be1953ee8,58272 7 58527 9 58783 10 59037 13 59292 14 59547 15 59803 15 60059 15 60315 15 60571 15 60827 15 61083 14 61339 14 61596 13 61852 13 62110 11 62367 9 62624 7
608ff81c8a0c8b622f6648a9c7f935d85f0c503f515ef2ac3728387be1953ee8,13002 3 13259 3 13514 5 13770 6 14026 6 14282 6 14537 7 14794 6 15050 6 15307 2
608ff81c8a0c8b622f6648a9c7f935d85f0c503f515ef2ac3728387be1953ee8,13543 4 13798 7 14053 9 14309 9 14565 10 14821 10 15078 10 15335 9 15593 7 15853 3
608ff81c8a0c8b622f6648a9c7f935d85f0c503f515ef2ac3728387be1953ee8,19210 3 19466 4 19722 6 19978 6 20234 6 20489 7 20745 7 21002 6
608ff81c8a0c8b622f6648a9c7f935d85f0c503f515ef2ac3728387be1953ee8,18696 1 18950 4 19205 5 19461 5 19717 5 19973 5 20229 5 20486 3
608ff81c8a0c8b622f6648a9c7f935d85f0c503f515ef2ac3728387be1953ee8,2837 4 3092 8 3347 11 3602 12 3857 13 4113 13 4369 13 4626 11 4883 9 5140 8 5400 4
608ff81c8a0c8b622f6648a9c7f935d85f0c503f515ef2ac3728387be1953ee8,17163 7 17418 9 17674 9 17929 11 18184 12 18440 12 18697 11 18954 10 19213 6 19470 3
608ff81c8a0c8b622f6648a9c7f935d85f0c503f515ef2ac3728387be1953ee8,252 5 507 6 763 6 1018 7 1273 8 1529 8 1785 8 2041 8 2297 8 2553 8 2810 7 3066 7 3322 7
608ff81c8a0c8b622f6648a9c7f935d85f0c503f515ef2ac3728387be1953ee8,50 23 306 23 562 23 819 21 1075 21 1332 19 1589 18 1846 16 2103 14 2361 10 2619 7
608ff81c8a0c8b622f6648a9c7f935d85f0c503f515ef2ac3728387be1953ee8,2196 5 2450 9 2704 11 2959 13 3214 14 3469 14 3724 15 3980 15 4236 14 4492 14 4748 13 5004 11 5261 9 5518 7
608ff81c8a0c8b622f6648a9c7f935d85f0c503f515ef2ac3728387be1953ee8,11180 5 11435 7 11691 7 11946 8 12202 8 12458 8 12715 7 12973 4
608ff81c8a0c8b622f6648a9c7f935d85f0c503f515ef2ac3728387be1953ee8,56498 1 56751 8 57005 11 57260 13 57516 15 57772 15 58028 15 58284 16 58540 16 58796 16 59052 16 59308 17 59564 16 59820 17 60076 17 60332 17 60588 17 60844 16 61100 16 61355 17 61611 17 61867 17 62123 16 62379 15 62635 14 62891 13 63149 10 63406 8
608ff81c8a0c8b622f6648a9c7f935d85f0c503f515ef2ac3728387be1953ee8,2586 5 2841 8 3100 6 3358 5 3614 6 3870 7 4126 7 4383 6 4637 8 4892 9 5148 8 5404 7 5661 5
608ff81c8a0c8b622f6648a9c7f935d85f0c503f515ef2ac3728387be1953ee8,20999 3 21254 9 21511 9 21767 9 22023 9 22280 7 22537 5
608ff81c8a0c8b622f6648a9c7f935d85f0c503f515ef2ac3728387be1953ee8,4351 2 4606 3 4861 4 5115 6 5371 6 5626 7 5881 8 6137 8 6393 8 6649 8 6905 8 7161 8 7418 7 7675 6 7932 5 8190 3 8446 3
