61dc249314d7b965eb4561ec739eab9b0f60af55c97b25ced8cb2a42a0be128e,46417 2 46935 9 47453 12 47971 15 48490 16 49008 19 49526 21 50045 22 50564 23 51083 24 51602 24 52121 25 52639 27 53158 27 53677 28 54197 28 54716 29 55236 28 55756 27 56275 28 56795 27 57315 26 57835 26 58355 25 58875 25 59395 24 59916 22 60437 19 60958 15 61482 3
61dc249314d7b965eb4561ec739eab9b0f60af55c97b25ced8cb2a42a0be128e,351524 4 352041 8 352051 9 352561 21 353081 22 353601 25 354121 26 354641 26 355161 27 355681 28 356201 28 356721 28 357241 28 357761 28 358281 28 358801 28 359321 28 359841 27 360361 27 360881 26 361401 25
61dc249314d7b965eb4561ec739eab9b0f60af55c97b25ced8cb2a42a0be128e,58238 3 58757 4 59276 5 59795 6 60314 7 60833 8 61353 8 61872 9 62392 9 62911 10 63431 10 63951 10 64470 11 64990 11 65509 12 66029 12 66549 12 67068 13 67588 13 68108 13 68627 14 69147 14 69667 14 70187 14 70706 15 71226 15 71747 14 72267 14 72787 14 73307 14 73828 12 74348 11 74869 8
61dc249314d7b965eb4561ec739eab9b0f60af55c97b25ced8cb2a42a0be128e,214529 5 215048 7 215566 10 216085 11 216604 13 217124 13 217643 14 218162 15 218681 15 219201 15 219720 16 220240 16 220759 17 221279 16 221798 17 222318 16 222838 16 223357 16 223877 16 224396 16 224916 16 225435 16 225955 16 226474 16 226994 15 227514 15 228033 16 228553 15 229072 15 229592 15 230112 14 230631 15 231151 14 231670 15 232190 14 232710 14 233230 13 233750 12 234270 12 234790 11 235311 9 235832 7 236354 4
61dc249314d7b965eb4561ec739eab9b0f60af55c97b25ced8cb2a42a0be128e,207183 4 207700 9 208219 11 208738 13 209257 15 209776 16 210296 16 210815 17 211334 19 211854 19 212373 20 212892 21 213412 21 213931 22 214451 22 214971 22 215490 23 216010 23 216529 24 217049 24 217569 24 218089 24 218608 25 219128 25 219648 25 220167 26 220687 26 221207 26 221727 26 222247 26 222767 25 223287 25 223807 25 224328 24 224848 24 225368 24 225888 23 226409 22 226929 22 227450 20 227971 19 228492 17 229013 16 229535 13 230056 12 230577 10 231099 6
61dc249314d7b965eb4561ec739eab9b0f60af55c97b25ced8cb2a42a0be128e,261549 11 262068 13 262587 14 263106 15 263626 15 264146 15 264666 15 265186 15 265706 15 266226 15 266746 15 267267 14 267787 14 268308 13 268829 12 269350 11 269871 10 270392 9 270914 7 271438 3
61dc249314d7b965eb4561ec739eab9b0f60af55c97b25ced8cb2a42a0be128e,113517 9 114035 14 114553 18 115072 20 115591 22 116111 23 116630 24 117150 24 117670 24 118190 23 118711 21 119232 20 119753 19 120276 14 120801 7
61dc249314d7b965eb4561ec739eab9b0f60af55c97b25ced8cb2a42a0be128e,164835 6 165353 8 165871 10 166390 11 166909 12 167428 13 167947 14 168466 15 168985 16 169504 17 170023 18 170542 19 171061 20 171580 21 172099 22 172619 22 173138 23 173657 24 174177 24 174696 25 175216 25 175735 26 176255 26 176774 27 177294 27 177814 27 178334 27 178854 27 179374 27 179894 26 180415 24 180935 23 181456 21 181977 19 182499 16 183020 13 183542 7
61dc249314d7b965eb4561ec739eab9b0f60af55c97b25ced8cb2a42a0be128e,168382 6 168900 13 169419 19 169937 22 170456 24 170975 25 171494 27 172014 27 172533 28 173052 29 173571 29 174091 29 174610 30 175130 29 175650 29 176169 29 176689 28 177209 27 177729 27 178249 26 178769 25 179289 24 179809 23 180330 19 180852 16 181373 13
61dc249314d7b965eb4561ec739eab9b0f60af55c97b25ced8cb2a42a0be128e,69099 6 69601 3 69608 21 70118 32 70634 37 71152 40 71671 42 72190 43 72710 42 73229 43 73748 44 74266 45 74785 46 75304 46 75823 47 76343 47 76864 46 77384 46 77904 45 78425 44 78950 38 79473 34 80002 24 80527 15 81053 4
61dc249314d7b965eb4561ec739eab9b0f60af55c97b25ced8cb2a42a0be128e,313480 6 313998 13 314516 18 315035 21 315554 24 316073 26 316592 28 317110 30 317629 31 318148 32 318668 32 319188 31 319708 30 320229 29 320749 28 321268 29 321788 28 322308 27 322828 25 323349 23 323869 21 324389 20 324909 18 325430 15 325950 12 326471 10 326992 7 327513 2
61dc249314d7b965eb4561ec739eab9b0f60af55c97b25ced8cb2a42a0be128e,194121 2 194638 7 195157 9 195676 11 196195 13 196715 13 197234 15 197754 15 198274 15 198793 17 199313 17 199833 17 200353 18 200872 19 201392 19 201912 19 202432 20 202951 21 203471 21 203991 21 204511 21 205031 21 205551 21 206072 19 206592 19 207112 19 207632 19 208152 19 208673 18 209193 18 209713 18 210234 17 210754 17 211275 15 211795 15 212316 14 212836 14 213356 13 213877 12 214397 12 214918 11 215438 10 215959 8 216480 6
61dc249314d7b965eb4561ec739eab9b0f60af55c97b25ced8cb2a42a0be128e,84852 11 85367 20 85879 30 86395 35 86913 38 87432 39 87950 42 88469 43 88989 44 89508 45 90027 46 90547 46 91067 46 91587 46 92107 46 92627 46 93147 45 93668 44 94188 43 94709 42 95230 41 95751 39 96272 37 96793 35 97315 32 97838 27 98363 19 98887 14 99411 7
61dc249314d7b965eb4561ec739eab9b0f60af55c97b25ced8cb2a42a0be128e,287726 3 288245 13 288764 15 289283 17 289803 17 290323 18 290842 19 291362 20 291881 21 292401 21 292921 22 293441 22 293961 23 294481 23 295001 23 295521 24 296041 24 296561 24 297081 24 297601 24 298121 24 298641 23 299161 23 299682 21 300202 21 300722 20 301243 19 301763 18 302284 16 302805 14 303326 11 303847 9 304370 3
61dc249314d7b965eb4561ec739eab9b0f60af55c97b25ced8cb2a42a0be128e,228865 5 229383 9 229902 11 230421 13 230941 14 231461 15 231981 16 232501 16 233021 17 233541 18 234061 19 234581 20 235102 19 235622 20 236142 21 236662 21 237182 22 237703 22 238224 21 238744 22 239264 22 239785 21 240305 22 240826 21 241347 20 241867 21 242388 20 242908 21 243428 21 243949 21 244470 20 244990 21 245511 20 246032 19 246552 20 247073 19 247594 18 248115 18 248635 18 249156 17 249677 15 250198 14 250719 13 251240 11 251762 9 252283 7
61dc249314d7b965eb4561ec739eab9b0f60af55c97b25ced8cb2a42a0be128e,314602 5 315121 10 315641 12 315664 8 316161 32 316681 34 317201 35 317721 35 318241 35 318761 35 319281 36 319801 36 320321 36 320841 36 321361 36 321881 36 322401 36 322921 36 323441 35 323961 34 324481 32 325001 30 325522 27 326044 23 326566 20 327089 14
61dc249314d7b965eb4561ec739eab9b0f60af55c97b25ced8cb2a42a0be128e,247375 6 247889 16 248408 19 248927 23 249446 26 249966 28 250486 29 251006 30 251527 30 252047 31 252568 31 253089 31 253609 31 254130 31 254651 31 255172 30 255693 29 256215 28 256736 27 257258 25 257779 24 258300 23 258823 19 259345 16 259868 12 260390 9
61dc249314d7b965eb4561ec739eab9b0f60af55c97b25ced8cb2a42a0be128e,323333 7 323852 9 324371 11 324890 12 325409 14 325928 15 326447 16 326966 18 327485 19 328005 19 328524 20 329043 21 329562 22 330082 22 330601 22 331120 22 331639 22 332158 23 332678 22 333198 21 333718 19 334237 19 334757 17 335277 16 335798 12 336319 9 336840 5
61dc249314d7b965eb4561ec739eab9b0f60af55c97b25ced8cb2a42a0be128e,249078 3 249597 4 250116 5 250635 6 251154 7 251673 8 252193 8 252713 8 253232 9 253752 9 254272 9 254792 9 255312 9 255833 8 256353 8 256872 9 257392 9 257912 9 258432 9 258952 9 259473 8 259993 8 260514 7 261035 6 261560 1
61dc249314d7b965eb4561ec739eab9b0f60af55c97b25ced8cb2a42a0be128e,282723 7 283241 10 283760 13 284279 15 284799 15 285319 16 285838 18 286358 18 286879 18 287399 18 287919 18 288440 17 288960 17 289481 16 290001 15 290522 13 291042 13 291563 11 292083 10 292604 7 293127 2
61dc249314d7b965eb4561ec739eab9b0f60af55c97b25ced8cb2a42a0be128e,14324 5 14842 8 15361 10 15881 10 16400 12 16919 14 17439 16 17959 17 18478 18 18997 19 19516 20 20036 20 20556 20 21076 20 21596 20 22117 18 22638 17 23159 15 23681 13 24202 11 24723 8 25244 4
61dc249314d7b965eb4561ec739eab9b0f60af55c97b25ced8cb2a42a0be128e,319237 6 319755 9 320273 12 320791 15 321309 17 321827 19 322346 20 322864 22 323383 22 323902 23 324421 24 324940 24 325459 25 325978 25 326497 26 327016 26 327535 27 328054 27 328573 27 329092 27 329611 27 330130 28 330650 27 331169 27 331688 27 332208 26 332728 25 333247 25 333767 24 334287 23 334806 23 335326 22 335846 20 336366 19 336886 18 337406 17 337927 14 338447 13 338968 11 339490 6
61dc249314d7b965eb4561ec739eab9b0f60af55c97b25ced8cb2a42a0be128e,280734 10 281252 13 281770 16 282288 18 282807 20 283326 21 283845 22 284364 23 284883 24 285402 24 285920 26 286439 26 286958 27 287477 28 287996 28 288515 28 289034 28 289553 29 290072 29 290591 29 291110 29 291630 28 292149 28 292668 28 293188 27 293708 26 294227 25 294747 24 295266 24 295786 22 296306 21 296827 18 297347 17 297868 13 298389 10 298911 6
61dc249314d7b965eb4561ec739eab9b0f60af55c97b25ced8cb2a42a0be128e,106224 7 106742 10 107259 14 107777 15 108296 16 108815 16 109334 17 109854 17 110374 16 110894 16 111414 16 111934 16 112454 15 112974 15 113494 15 114014 15 114535 14 115056 12
61dc249314d7b965eb4561ec739eab9b0f60af55c97b25ced8cb2a42a0be128e,336465 13 336981 18 337498 22 338015 26 338534 28 339053 30 339573 30 340092 32 340611 33 341131 33 341651 33 342171 33 342691 33 343212 31 343732 31 344252 30 344773 29 345294 27 345816 24 346337 22
61dc249314d7b965eb4561ec739eab9b0f60af55c97b25ced8cb2a42a0be128e,142516 2 142520 4 143031 15 143550 17 144068 20 144587 22 145106 23 145625 24 146145 24 146664 25 147183 25 147702 26 148222 26 148741 26 149260 27 149780 26 150299 27 150818 27 151338 26 151857 26 152377 25 152897 24 153417 23 153937 22 154457 20 154978 18 155498 16 156019 13 156540 9 157062 2
61dc249314d7b965eb4561ec739eab9b0f60af55c97b25ced8cb2a42a0be128e,125094 6 125612 9 126131 10 126649 13 127168 15 127687 16 128206 17 128726 17 129245 18 129764 19 130284 18 130803 19 131323 18 131843 17 132362 18 132882 17 133402 16 133921 17 134441 16 134960 16 135480 15 135999 15 136519 14 137038 15 137558 14 138078 13 138597 13 139116 14 139636 13 140155 13 140674 13 141193 13 141712 13 142232 12 142751 12 143271 11 143791 10 144311 10 144831 9 145352 6 145873 2
61dc249314d7b965eb4561ec739eab9b0f60af55c97b25ced8cb2a42a0be128e,256018 7 256537 10 257057 11 257577 12 258097 12 258616 14 259136 14 259656 15 260176 15 260696 16 261216 17 261736 18 262256 18 262776 19 263296 20 263816 21 264336 22 264857 22 265377 22 265896 23 266416 24 266936 24 267456 24 267977 22 268497 22 269017 22 269538 20 270058 20 270578 20 271099 18 271619 18 272140 16 272660 16 273181 14 273701 14 274222 12 274743 9 275265 5
61dc249314d7b965eb4561ec739eab9b0f60af55c97b25ced8cb2a42a0be128e,41782 4 42301 7 42820 9 43339 11 43858 13 44377 14 44897 15 45417 15 45936 17 46456 17 46976 18 47496 18 48015 19 48535 19 49055 19 49575 20 50095 20 50615 20 51135 20 51654 22 52174 22 52694 22 53214 22 53734 22 54254 21 54774 21 55294 21 55815 20 56335 19 56855 19 57375 19 57895 19 58416 18 58936 18 59457 16 59978 15 60498 15 61019 13 61540 11 62062 9 62583 7 63105 2
61dc249314d7b965eb4561ec739eab9b0f60af55c97b25ced8cb2a42a0be128e,30785 7 31303 10 31821 13 32340 14 32859 16 33378 17 33897 18 34416 19 34936 19 35455 20 35974 21 36493 22 37013 22 37532 22 38052 22 38571 23 39091 23 39611 24 40131 24 40650 25 41170 25 41690 25 42210 25 42730 25 43250 25 43770 25 44290 25 44811 24 45333 21 45855 19 46376 17 46897 15 47420 11 47941 8 48462 5
61dc249314d7b965eb4561ec739eab9b0f60af55c97b25ced8cb2a42a0be128e,165564 5 166083 7 166601 10 167120 12 167639 13 168159 13 168678 15 169197 16 169717 17 170236 18 170756 18 171276 18 171796 18 172315 19 172835 20 173355 20 173875 20 174394 21 174914 21 175434 21 175954 21 176474 21 176994 21 177513 22 178033 22 178553 22 179073 21 179593 21 180113 21 180634 20 181154 20 181673 20 182192 21 182712 20 183232 20 183752 19 184272 19 184792 18 185312 18 185832 17 186353 16 186873 16 187393 15 187913 15 188434 13 188954 12 189475 10 189996 8 190518 5
61dc249314d7b965eb4561ec739eab9b0f60af55c97b25ced8cb2a42a0be128e,250979 8 251497 12 252016 14 252535 17 253055 18 253574 20 254094 22 254614 23 255134 23 255654 24 256174 25 256694 26 257214 27 257735 27 258255 28 258775 29 259296 28 259816 29 260337 28 260857 29 261378 28 261899 28 262420 27 262941 26 263463 24 263984 22 264506 20 265028 17 265550 14 266073 10 266596 3
61dc249314d7b965eb4561ec739eab9b0f60af55c97b25ced8cb2a42a0be128e,286201 5 286717 12 287232 19 287751 21 288270 23 288789 25 289308 27 289827 28 290347 28 290866 29 291386 29 291906 29 292425 30 292945 31 293465 31 293986 30 294506 30 295026 30 295547 28 296067 27 296588 25 297108 24 297629 22 298150 20 298671 17 299192 13 299717 7
61dc249314d7b965eb4561ec739eab9b0f60af55c97b25ced8cb2a42a0be128e,283103 6 283621 9 284140 11 284659 13 285179 14 285698 16 286217 18 286737 18 287257 18 287776 20 288296 20 288816 21 289335 22 289855 22 290375 22 290895 22 291415 23 291935 23 292455 23 292976 22 293496 22 294016 22 294536 22 295056 22 295576 22 296096 22 296616 22 297137 21 297657 21 298178 20 298698 20 299219 19 299740 18 300260 18 300781 17 301303 15 301824 13 302345 12 302866 10 303388 7
61dc249314d7b965eb4561ec739eab9b0f60af55c97b25ced8cb2a42a0be128e,190450 5 190968 8 191487 10 192006 12 192525 14 193045 14 193564 15 194084 15 194603 17 195123 17 195642 18 196162 18 196682 18 197202 18 197721 20 198241 20 198761 20 199280 21 199800 21 200320 21 200840 21 201360 21 201880 21 202400 21 202919 21 203439 21 203959 21 204480 19 205001 17 205521 16 206041 15 206562 13 207082 12 207603 10 208124 8 208645 6
61dc249314d7b965eb4561ec739eab9b0f60af55c97b25ced8cb2a42a0be128e,246965 5 247482 11 248000 15 248518 18 249037 20 249556 22 250074 25 250593 26 251112 27 251632 27 252151 28 252671 28 253190 29 253710 29 254230 29 254749 29 255269 29 255789 29 256309 28 256830 26 257350 26 257871 24 258391 23 258911 22 259432 19 259955 15 260476 12 260997 9
61dc249314d7b965eb4561ec739eab9b0f60af55c97b25ced8cb2a42a0be128e,187725 3 188244 5 188762 8 189281 10 189801 10 190321 10 190841 10 191361 10 191881 9 192401 8 192921 7 193441 5 193961 3 194481 2
61dc249314d7b965eb4561ec739eab9b0f60af55c97b25ced8cb2a42a0be128e,54494 2 54498 13 55007 29 55524 34 56041 38 56560 39 57079 41 57598 43 58117 45 58637 45 59157 45 59677 44 60198 43 60718 43 61239 42 61760 40 62282 37 62803 35 63325 32 63846 29 64367 26 64891 8 64904 6
61dc249314d7b965eb4561ec739eab9b0f60af55c97b25ced8cb2a42a0be128e,278326 9 278844 12 279363 14 279882 16 280401 17 280920 18 281439 19 281958 20 282477 21 282997 21 283516 22 284035 23 284554 24 285073 25 285593 25 286112 26 286631 26 287150 27 287670 27 288189 28 288709 28 289228 28 289748 28 290268 28 290788 27 291308 27 291828 27 292348 27 292867 27 293387 27 293907 27 294427 27 294948 25 295468 24 295988 24 296508 23 297029 22 297549 21 298069 20 298589 19 299110 17 299630 16 300151 14 300672 12 301193 10 301714 7
61dc249314d7b965eb4561ec739eab9b0f60af55c97b25ced8cb2a42a0be128e,278589 6 279108 9 279627 11 280146 12 280665 13 281184 14 281704 14 282223 15 282743 15 283263 15 283783 14 284303 14 284823 14 285344 13 285865 11 286385 11 286906 9 287428 6
61dc249314d7b965eb4561ec739eab9b0f60af55c97b25ced8cb2a42a0be128e,312833 8 313352 11 313871 14 314390 17 314909 19 315428 21 315948 22 316467 24 316987 25 317506 26 318026 27 318546 27 319065 29 319585 29 320105 29 320625 30 321145 30 321665 30 322185 30 322705 30 323224 32 323744 32 324264 32 324784 32 325304 32 325824 32 326344 32 326864 32 327384 32 327904 32 328424 32 328944 32 329464 31 329984 31 330504 31 331025 29 331545 29 332065 29 332586 28 333106 27 333627 26 334147 25 334668 23 335188 23 335709 21 336230 19 336751 17 337272 15 337793 13 338314 9 338836 2
61dc249314d7b965eb4561ec739eab9b0f60af55c97b25ced8cb2a42a0be128e,98305 6 98823 9 99342 11 99861 14 100380 16 100900 17 101420 18 101940 19 102460 20 102980 20 103500 21 104019 22 104539 22 105059 23 105578 24 106098 25 106618 25 107138 25 107658 26 108178 26 108698 26 109217 27 109737 27 110257 27 110777 27 111297 27 111817 27 112337 27 112857 26 113377 26 113896 26 114416 26 114936 25 115457 23 115977 21 116497 19 117017 16 117538 13 118058 11 118579 8 119100 5
61dc249314d7b965eb4561ec739eab9b0f60af55c97b25ced8cb2a42a0be128e,107273 1 107792 5 108312 7 108831 9 109351 9 109871 10 110390 11 110910 11 111430 11 111950 11 112469 11 112989 10 113509 8 114029 6 114549 4 115071 1
61dc249314d7b965eb4561ec739eab9b0f60af55c97b25ced8cb2a42a0be128e,40815 6 41334 11 41853 13 42372 15 42892 18 43412 19 43932 21 44452 22 44973 22 45493 23 46013 24 46533 25 47054 24 47574 25 48095 25 48615 26 49136 25 49656 26 50177 25 50697 26 51218 25 51739 24 52260 24 52781 23 53302 22 53823 21 54343 22 54864 21 55385 21 55906 20 56427 19 56948 18 57469 17 57990 16 58511 15 59032 14 59554 11 60075 9 60597 6
61dc249314d7b965eb4561ec739eab9b0f60af55c97b25ced8cb2a42a0be128e,176363 11 176879 19 177397 23 177916 25 178434 28 178953 30 179472 32 179991 34 180511 34 181030 35 181549 37 182068 38 182588 37 183107 38 183626 39 184145 39 184664 40 185184 39 185703 39 186223 38 186742 38 187262 38 187782 37 188302 35 188822 34 189342 32 189862 31 190382 30 190903 28 191424 25 191945 23 192466 19 192988 16 193511 8
61dc249314d7b965eb4561ec739eab9b0f60af55c97b25ced8cb2a42a0be128e,123952 4 124471 10 124990 13 125508 17 126026 20 126543 23 127061 25 127578 28 128097 29 128616 30 129136 29 129656 28 130176 26 130697 20 131218 16 131739 12 132265 4
61dc249314d7b965eb4561ec739eab9b0f60af55c97b25ced8cb2a42a0be128e,300237 13 300756 17 301276 20 301795 22 302315 23 302834 25 303353 27 303873 27 304394 26 304914 27 305434 27 305955 25 306475 25 306996 23 307516 21 308036 20 308556 17 309076 16 309596 15 310116 15 310636 15 311157 13 311678 10 312200 6
61dc249314d7b965eb4561ec739eab9b0f60af55c97b25ced8cb2a42a0be128e,211636 2 212154 7 212671 10 213190 11 213708 13 214226 15 214745 16 215264 17 215783 18 216302 19 216821 20 217340 21 217859 22 218378 23 218898 23 219417 24 219936 25 220456 25 220975 26 221494 26 222014 24 222533 24 223053 23 223573 22 224092 22 224612 21 225132 20 225651 20 226171 19 226690 20 227210 19 227730 19 228250 18 228771 16 229291 14 229812 12 230335 7
61dc249314d7b965eb4561ec739eab9b0f60af55c97b25ced8cb2a42a0be128e,311150 3 311669 6 312188 8 312707 10 313227 10 313747 11 314266 12 314786 12 315305 13 315825 14 316344 15 316864 15 317383 16 317903 16 318422 17 318942 17 319461 18 319980 18 320499 19 321019 19 321538 18 322058 17 322578 16 323098 15 323618 14 324139 12 324660 10 325180 8 325701 6 326222 4
61dc249314d7b965eb4561ec739eab9b0f60af55c97b25ced8cb2a42a0be128e,65008 10 65526 15 66045 17 66564 19 67083 20 67603 21 68122 22 68642 23 69162 23 69682 23 70202 23 70722 23 71242 23 71762 24 72282 24 72803 23 73323 23 73844 22 74364 22 74884 22 75405 21 75925 20 76445 20 76966 19 77486 18 78006 18 78527 16 79048 14 79568 14 80089 12 80611 9 81132 7
61dc249314d7b965eb4561ec739eab9b0f60af55c97b25ced8cb2a42a0be128e,191210 10 191728 14 192246 17 192765 19 193284 21 193803 23 194323 24 194842 25 195361 26 195881 26 196401 26 196920 27 197439 28 197958 28 198477 29 198997 28 199517 27 200036 27 200556 26 201076 25 201596 25 202116 24 202636 23 203156 23 203676 22 204197 20 204717 18 205238 15 205759 7
61dc249314d7b965eb4561ec739eab9b0f60af55c97b25ced8cb2a42a0be128e,121615 10 122134 14 122653 16 123172 17 123691 19 124210 23 124730 24 125250 25 125770 26 126290 27 126810 28 127331 28 127852 28 128372 29 128892 29 129413 29 129934 30 130454 31 130975 30 131496 30 132017 31 132538 31 133059 31 133580 30 134101 29 134622 29 135143 28 135665 26 136186 25 136707 24 137229 22 137751 20 138273 18 138797 13 139319 10 139843 4
61dc249314d7b965eb4561ec739eab9b0f60af55c97b25ced8cb2a42a0be128e,315201 4 315717 9 316236 14 316755 17 317274 19 317794 21 318313 23 318833 24 319353 25 319873 26 320394 26 320914 27 321434 27 321953 28 322473 29 322993 29 323513 29 324034 29 324554 29 325075 29 325596 28 326117 27 326640 23 327161 22 327682 21 328203 20 328725 18 329246 16 329767 14 330289 12 330812 8
61dc249314d7b965eb4561ec739eab9b0f60af55c97b25ced8cb2a42a0be128e,122029 12 122546 17 123064 20 123582 23 124100 26 124619 28 125137 30 125656 31 126176 31 126695 32 127214 33 127733 34 128252 34 128771 34 129290 35 129809 35 130328 35 130847 35 131366 35 131885 34 132405 33 132924 33 133444 32 133963 32 134483 30 135003 29 135522 29 136042 28 136562 27 137082 24 137602 22 138123 19 138643 17 139163 15 139684 11 140206 7
61dc249314d7b965eb4561ec739eab9b0f60af55c97b25ced8cb2a42a0be128e,46295 5 46811 11 47330 13 47848 16 48366 19 48885 20 49404 22 49923 23 50441 26 50961 26 51481 26 52001 26 52521 26 53041 25 53561 25 54081 24 54601 24 55121 23 55641 22 56161 20 56681 17 57201 13 57721 10 58244 4
61dc249314d7b965eb4561ec739eab9b0f60af55c97b25ced8cb2a42a0be128e,236646 3 237164 7 237683 10 238202 12 238721 14 239241 15 239760 17 240280 18 240800 19 241320 20 241840 21 242360 22 242880 22 243400 23 243920 24 244441 23 244961 24 245481 25 246002 24 246522 25 247043 24 247563 25 248083 25 248603 26 249124 26 249644 27 250165 26 250686 26 251207 25 251728 25 252248 25 252769 25 253290 24 253811 23 254331 24 254852 23 255373 22 255894 21 256416 19 256937 18 257458 17 257979 16 258500 14 259022 12 259544 9
61dc249314d7b965eb4561ec739eab9b0f60af55c97b25ced8cb2a42a0be128e,227617 8 228132 16 228648 23 229165 28 229683 33 230202 36 230721 38 231241 39 231760 41 232279 43 232799 44 233319 44 233839 44 234359 44 234879 44 235400 43 235921 42 236442 41 236963 39 237485 36 238007 33 238529 28 239053 23 239582 11
61dc249314d7b965eb4561ec739eab9b0f60af55c97b25ced8cb2a42a0be128e,124890 11 125407 18 125924 22 126442 25 126961 27 127480 29 128000 30 128519 32 129038 33 129558 33 130077 35 130597 35 131117 35 131636 35 132156 35 132676 34 133196 34 133716 33 134237 32 134757 31 135278 29 135799 27 136321 11 136334 10 136843 5
61dc249314d7b965eb4561ec739eab9b0f60af55c97b25ced8cb2a42a0be128e,270566 4 271084 8 271603 11 272123 12 272642 14 273162 15 273681 16 274201 16 274721 17 275241 17 275761 17 276281 17 276801 17 277321 17 277841 18 278362 17 278882 17 279402 18 279922 18 280442 18 280962 18 281483 17 282004 16 282524 16 283045 15 283565 15 284086 14 284606 14 285126 13 285647 11 286168 10 286688 9 287208 9 287729 7
61dc249314d7b965eb4561ec739eab9b0f60af55c97b25ced8cb2a42a0be128e,197022 3 197540 6 198058 10 198577 12 199096 14 199615 15 200134 17 200653 18 201172 20 201691 21 202210 22 202729 23 203249 23 203768 24 204287 25 204807 25 205326 25 205846 25 206365 26 206885 25 207404 26 207924 25 208444 25 208963 25 209483 25 210002 26 210522 25 211041 26 211561 25 212081 25 212601 24 213121 23 213642 21 214163 19 214685 15 215206 13 215727 10 216248 7
61dc249314d7b965eb4561ec739eab9b0f60af55c97b25ced8cb2a42a0be128e,330569 7 331087 10 331605 13 332123 16 332641 18 333159 21 333678 22 334197 23 334716 24 335235 25 335754 25 336273 26 336792 27 337311 27 337831 27 338350 27 338870 26 339389 27 339909 26 340428 26 340947 26 341467 26 341986 26 342506 25 343025 25 343545 24 344065 23 344584 23 345104 22 345624 21 346144 20 346664 19 347185 17 347705 15 348226 13 348747 10 349269 6
61dc249314d7b965eb4561ec739eab9b0f60af55c97b25ced8cb2a42a0be128e,276117 4 276633 8 277151 10 277669 12 278187 14 278705 16 279224 17 279743 18 280262 19 280781 20 281301 20 281821 20 282341 20 282860 21 283380 21 283900 21 284420 21 284941 20 285461 20 285981 20 286501 20 287021 20 287540 21 288059 22 288577 24 289096 25 289616 25 290135 26 290654 27 291174 27 291694 27 292214 27 292734 27 293254 27 293775 26 294295 26 294815 26 295336 23 295857 20 296379 15 296900 7
61dc249314d7b965eb4561ec739eab9b0f60af55c97b25ced8cb2a42a0be128e,341867 15 342385 18 342904 19 343421 22 343940 24 344459 25 344979 24 345498 25 346018 25 346538 25 347058 24 347578 24 348097 25 348617 25 349137 24 349657 24 350176 25 350696 24 351216 24 351736 23 352256 22 352776 22 353295 23 353815 22 354335 21 354855 21 355375 20 355895 20 356415 19 356934 19 357454 18 357975 16 358495 15 359015 14 359536 12 360057 10 360579 4
61dc249314d7b965eb4561ec739eab9b0f60af55c97b25ced8cb2a42a0be128e,163132 8 163650 11 164169 13 164688 14 165206 16 165725 17 166244 18 166763 19 167282 19 167801 20 168321 20 168840 21 169359 21 169878 22 170398 22 170917 23 171437 23 171956 23 172475 24 172995 24 173514 25 174034 25 174553 25 175073 24 175592 25 176112 24 176631 24 177151 24 177670 24 178190 23 178710 22 179230 21 179750 21 180270 20 180791 18 181311 17 181832 15 182354 12 182876 7
61dc249314d7b965eb4561ec739eab9b0f60af55c97b25ced8cb2a42a0be128e,245572 12 246089 18 246607 22 247125 25 247644 27 248162 30 248681 31 249201 31 249720 32 250239 33 250758 34 251278 34 251797 35 252317 34 252837 34 253356 34 253876 34 254396 33 254916 33 255436 32 255956 31 256476 30 256997 28 257517 27 258038 24 258559 22 259080 19 259601 16 260123 11 260646 5
61dc249314d7b965eb4561ec739eab9b0f60af55c97b25ced8cb2a42a0be128e,245354 2 245871 8 246389 12 246908 15 247427 17 247946 19 248465 20 248985 21 249504 22 250024 22 250544 23 251063 24 251583 24 252103 24 252623 24 253143 24 253663 23 254183 23 254703 23 255223 23 255744 22 256264 21 256784 21 257304 21 257825 19 258345 19 258866 18 259387 16 259907 16 260428 15 260949 13 261470 11 261992 6
61dc249314d7b965eb4561ec739eab9b0f60af55c97b25ced8cb2a42a0be128e,213301 7 213820 11 214339 14 214858 16 215377 19 215897 20 216417 21 216937 22 217457 23 217977 24 218498 24 219018 25 219538 26 220059 25 220579 26 221099 27 221620 27 222140 27 222661 27 223182 27 223702 27 224223 27 224743 27 225264 26 225785 25 226306 24 226827 24 227348 23 227869 21 228390 20 228911 19 229433 17 229955 15 230476 13 231000 8 231523 3
61dc249314d7b965eb4561ec739eab9b0f60af55c97b25ced8cb2a42a0be128e,14242 4 14759 9 15278 11 15797 12 16315 15 16834 16 17354 17 17873 18 18393 18 18913 18 19432 19 19952 19 20472 19 20992 19 21511 20 22031 20 22550 20 23070 20 23590 20 24110 20 24630 20 25150 19 25670 19 26190 19 26711 17 27231 17 27752 15 28272 14 28791 14 29311 13 29831 13 30351 13 30871 12 31391 12 31911 12 32432 11 32952 10 33473 9 33994 7 34515 4
61dc249314d7b965eb4561ec739eab9b0f60af55c97b25ced8cb2a42a0be128e,1536 3 2052 9 2570 13 3089 15 3608 17 4127 18 4646 19 5165 21 5684 22 6203 23 6722 25 7241 26 7760 27 8279 28 8799 28 9318 29 9837 30 10356 30 10875 31 11395 31 11914 32 12433 32 12953 32 13472 32 13992 31 14511 31 15031 30 15551 29 16071 28 16592 25 17112 23 17632 22 18153 19 18674 16 19195 12 19717 9 20240 3
61dc249314d7b965eb4561ec739eab9b0f60af55c97b25ced8cb2a42a0be128e,117175 5 117694 9 118213 12 118732 15 119252 17 119772 18 120293 18 120813 19 121334 18 121854 18 122375 17 122895 17 123415 17 123935 17 124455 16 124975 15 125496 12 126017 9 126538 5 127058 3
61dc249314d7b965eb4561ec739eab9b0f60af55c97b25ced8cb2a42a0be128e,263162 3 263680 8 264199 11 264718 14 265237 16 265756 18 266276 20 266796 21 267316 22 267836 23 268356 24 268877 24 269397 25 269917 26 270438 26 270958 27 271479 27 271999 28 272520 28 273040 28 273561 28 274082 27 274603 27 275123 27 275644 26 276165 26 276686 25 277207 24 277728 23 278249 22 278770 21 279292 19 279813 18 280335 15 280857 12 281380 8
61dc249314d7b965eb4561ec739eab9b0f60af55c97b25ced8cb2a42a0be128e,90351 11 90867 18 91385 28 91903 33 92422 37 92941 39 93461 41 93980 43 94499 45 95019 46 95539 47 96059 48 96580 48 97100 48 97620 49 98141 48 98662 47 99182 47 99703 46 100225 44 100748 40 101269 39 101791 36 102317 29 102841 24 103368 15 103892 9
61dc249314d7b965eb4561ec739eab9b0f60af55c97b25ced8cb2a42a0be128e,75026 5 75544 8 76063 10 76582 12 77101 13 77620 15 78140 16 78659 17 79178 19 79698 19 80217 21 80737 21 81257 22 81776 24 82296 25 82816 26 83336 27 83856 28 84376 29 84896 30 85416 31 85936 32 86456 33 86976 33 87497 32 88017 33 88538 32 89058 32 89579 31 90099 30 90620 29 91141 27 91662 25 92184 21 92706 18 93230 12
61dc249314d7b965eb4561ec739eab9b0f60af55c97b25ced8cb2a42a0be128e,174486 4 175003 9 175522 11 176041 13 176560 15 177079 17 177599 18 178118 19 178637 20 179156 22 179676 22 180195 23 180715 23 181234 24 181754 24 182274 24 182793 25 183313 25 183832 26 184352 26 184871 27 185391 27 185911 26 186430 27 186949 28 187469 28 187989 27 188508 28 189028 28 189548 27 190067 28 190587 27 191107 27 191626 28 192146 27 192666 27 193186 26 193706 26 194225 26 194745 26 195266 24 195786 23 196306 23 196826 22 197346 21 197867 19 198388 16 198909 14 199429 12 199950 10 200473 2
61dc249314d7b965eb4561ec739eab9b0f60af55c97b25ced8cb2a42a0be128e,136391 6 136909 11 137428 14 137948 16 138467 18 138986 20 139505 23 140025 25 140545 26 141065 27 141585 28 142105 29 142624 31 143144 31 143664 32 144185 31 144705 32 145225 32 145746 31 146267 30 146788 29 147309 28 147830 26 148351 25 148873 22 149395 19 149916 17 150439 14 150964 8
61dc249314d7b965eb4561ec739eab9b0f60af55c97b25ced8cb2a42a0be128e,112081 12 112596 18 113112 23 113630 25 114148 28 114666 30 115185 31 115703 33 116221 34 116739 36 117258 36 117776 37 118295 37 118813 38 119332 38 119851 38 120370 37 120889 37 121408 37 121928 36 122447 36 122966 36 123485 36 124005 34 124524 34 125044 33 125564 31 126084 29 126604 28 127124 27 127644 26 128165 23 128685 22 129206 18 129727 15 130249 11 130772 6 131293 2
61dc249314d7b965eb4561ec739eab9b0f60af55c97b25ced8cb2a42a0be128e,324996 5 325515 6 326034 7 326553 8 327072 9 327590 11 328109 12 328628 13 329147 14 329666 15 330185 16 330704 17 331224 17 331743 18 332262 19 332782 19 333301 20 333820 21 334340 21 334859 22 335379 22 335898 23 336418 23 336938 23 337458 23 337978 23 338499 22 339020 21 339541 20 340061 20 340582 18 341103 15 341624 10
61dc249314d7b965eb4561ec739eab9b0f60af55c97b25ced8cb2a42a0be128e,156124 12 156638 22 157155 29 157673 32 158191 34 158709 37 159228 40 159747 42 160266 44 160786 45 161305 47 161825 47 162345 48 162865 48 163385 49 163906 48 164426 48 164947 47 165469 45 165991 43 166514 39 167038 35 167564 28 168088 23 168612 18 169139 9
61dc249314d7b965eb4561ec739eab9b0f60af55c97b25ced8cb2a42a0be128e,235867 7 236386 10 236905 12 237424 14 237944 15 238463 17 238983 17 239503 18 240022 19 240542 19 241061 20 241581 20 242100 21 242619 22 243139 22 243658 23 244177 24 244696 25 245215 26 245734 26 246253 27 246772 28 247292 28 247811 28 248331 28 248851 27 249371 27 249891 27 250411 26 250932 25 251452 24 251972 23 252492 23 253013 21 253534 19 254055 17 254576 15 255098 12 255622 5
61dc249314d7b965eb4561ec739eab9b0f60af55c97b25ced8cb2a42a0be128e,276921 8 277440 10 277959 13 278479 14 278998 16 279517 18 280037 19 280557 20 281076 21 281596 22 282116 23 282636 23 283157 23 283677 24 284197 24 284717 25 285238 24 285758 25 286278 26 286799 26 287319 27 287840 26 288360 27 288881 26 289402 26 289922 26 290443 26 290964 25 291485 25 292005 25 292525 25 293045 25 293566 25 294087 24 294608 23 295129 22 295650 21 296171 19 296692 18 297214 15 297736 13 298258 10 298780 6
61dc249314d7b965eb4561ec739eab9b0f60af55c97b25ced8cb2a42a0be128e,244643 4 245162 6 245680 8 246199 9 246718 10 247238 11 247758 11 248277 12 248796 13 249316 13 249835 14 250355 15 250874 16 251394 17 251914 17 252433 18 252953 18 253473 19 253993 19 254512 20 255032 20 255552 20 256072 20 256592 20 257112 20 257632 20 258152 20 258672 20 259192 20 259712 20 260232 20 260752 20 261272 20 261793 19 262313 18 262834 17 263354 17 263874 16 264395 15 264916 13 265437 12 265957 11 266478 9 266999 7 267521 3
61dc249314d7b965eb4561ec739eab9b0f60af55c97b25ced8cb2a42a0be128e,61596 7 62114 11 62633 14 63152 16 63671 18 64190 20 64710 20 65230 21 65749 22 66269 22 66789 22 67309 23 67829 23 68348 24 68867 25 69386 25 69906 25 70426 25 70946 25 71466 25 71986 25 72506 24 73026 24 73546 24 74066 23 74586 22 75106 21 75627 19 76147 19 76668 17 77190 14 77711 11 78232 9
61dc249314d7b965eb4561ec739eab9b0f60af55c97b25ced8cb2a42a0be128e,336592 6 337111 9 337630 12 338149 16 338669 17 339189 18 339708 21 340227 24 340746 26 341266 28 341786 29 342307 29 342827 30 343348 29 343868 30 344388 30 344909 29 345431 27 345953 25 346475 24 346996 23 347517 22 348039 19 348561 16 349086 10 349609 2
61dc249314d7b965eb4561ec739eab9b0f60af55c97b25ced8cb2a42a0be128e,126781 5 127300 7 127818 10 128337 12 128856 15 129376 16 129896 16 130415 18 130934 20 131454 21 131974 22 132494 23 133014 24 133534 25 134054 26 134574 27 135094 27 135614 27 136134 27 136654 27 137174 27 137694 27 138215 26 138735 26 139255 26 139775 26 140296 25 140816 24 141337 23 141858 22 142378 21 142899 19 143419 18 143940 16 144461 13 144982 11 145505 6
61dc249314d7b965eb4561ec739eab9b0f60af55c97b25ced8cb2a42a0be128e,341750 4 342265 15 342783 18 343302 20 343821 22 344341 23 344861 24 345381 24 345901 25 346421 25 346941 26 347461 26 347981 26 348502 25 349022 25 349542 25 350062 25 350583 24 351104 22 351625 20 352146 19 352667 17 353189 14
61dc249314d7b965eb4561ec739eab9b0f60af55c97b25ced8cb2a42a0be128e,113 26 633 26 1153 26 1673 25 2193 24 2713 23 3233 22 3753 21 4273 19 4794 17 5316 13 5839 7
61dc249314d7b965eb4561ec739eab9b0f60af55c97b25ced8cb2a42a0be128e,260261 2 260780 4 261296 9 261815 10 262335 11 262855 11 263374 12 263893 14 264413 14 264932 15 265452 16 265973 15 266493 15 267012 16 267532 16 268053 15 268573 15 269092 16 269612 16 270132 17 270652 17 271172 18 271693 17 272213 17 272734 16 273254 16 273775 15 274296 14 274816 14 275337 13 275857 12 276378 11 276899 9 277423 3
61dc249314d7b965eb4561ec739eab9b0f60af55c97b25ced8cb2a42a0be128e,21589 4 21595 1 22107 10 22625 13 23144 15 23664 17 24183 19 24703 20 25224 20 25744 20 26264 19 26784 19 27304 19 27824 20 28345 19 28865 19 29386 18 29907 16 30428 15 30949 13 31470 11
61dc249314d7b965eb4561ec739eab9b0f60af55c97b25ced8cb2a42a0be128e,54144 4 54661 10 55180 14 55699 16 56218 18 56737 20 57257 21 57777 22 58297 23 58817 23 59337 24 59857 24 60377 25 60897 25 61417 26 61938 25 62458 25 62978 25 63498 26 64019 25 64539 25 65060 24 65580 24 66101 23 66622 22 67142 22 67663 21 68184 20 68705 18 69226 17 69748 14 70270 11 70793 7
61dc249314d7b965eb4561ec739eab9b0f60af55c97b25ced8cb2a42a0be128e,321038 8 321556 11 322075 14 322594 16 323113 19 323632 22 324151 24 324670 26 325188 28 325707 29 326226 30 326744 32 327264 32 327784 32 328303 32 328823 32 329343 31 329862 31 330382 19 330407 4 330902 17 331423 15 331943 15 332463 14 332984 13 333505 11 334026 10 334547 8
61dc249314d7b965eb4561ec739eab9b0f60af55c97b25ced8cb2a42a0be128e,358181 11 358695 21 359211 27 359726 33 360245 35 360765 35 361285 35 361805 35
61dc249314d7b965eb4561ec739eab9b0f60af55c97b25ced8cb2a42a0be128e,335999 7 336516 13 337034 16 337553 18 338072 19 338591 21 339110 23 339630 23 340149 24 340669 25 341188 26 341708 26 342228 27 342748 27 343268 27 343788 27 344308 26 344828 26 345348 25 345869 23 346389 22 346910 20 347431 17 347952 9 348477 3
61dc249314d7b965eb4561ec739eab9b0f60af55c97b25ced8cb2a42a0be128e,10921 3 11441 5 11961 6 12481 7 13001 8 13521 8 14041 9 14561 9 15081 9 15601 8 16121 8 16641 7 17161 6 17681 5 18201 4 18721 2
61dc249314d7b965eb4561ec739eab9b0f60af55c97b25ced8cb2a42a0be128e,25025 9 25542 14 26058 19 26575 23 27094 24 27613 26 28132 27 28651 28 29170 30 29690 30 30210 30 30729 30 31249 30 31768 31 32288 31 32807 31 33327 31 33846 31 34366 30 34886 29 35406 29 35926 28 36446 27 36966 26 37487 24 38008 22 38528 20 39049 17 39570 14 40092 10 40614 5
61dc249314d7b965eb4561ec739eab9b0f60af55c97b25ced8cb2a42a0be128e,255841 3 256361 5 256881 6 257401 7 257921 7 258441 7 258961 8 259481 8 260001 8 260521 8 261041 7 261561 7 262081 7 262601 7 263121 7 263641 6 264161 6 264681 5 265201 4 265721 4 266241 3 266761 2
61dc249314d7b965eb4561ec739eab9b0f60af55c97b25ced8cb2a42a0be128e,87618 4 88118 26 88633 32 89150 36 89667 39 90185 41 90703 43 91222 44 91741 44 92260 44 92780 44 93299 44 93819 42 94340 40 94861 38 95382 35 95903 32 96426 25
61dc249314d7b965eb4561ec739eab9b0f60af55c97b25ced8cb2a42a0be128e,11605 3 12120 11 12638 14 13156 17 13674 20 14192 23 14711 24 15230 25 15749 27 16268 28 16788 27 17307 28 17826 29 18346 28 18865 29 19385 28 19904 28 20424 28 20944 29 21464 29 21984 29 22504 29 23024 29 23544 28 24064 27 24584 25 25105 23 25625 23 26146 21 26667 18 27188 16 27710 13 28232 9
61dc249314d7b965eb4561ec739eab9b0f60af55c97b25ced8cb2a42a0be128e,64817 2 65330 2 65336 8 65849 17 66369 19 66888 21 67408 22 67927 24 68447 25 68967 26 69487 27 70006 28 70526 29 71046 29 71566 30 72086 30 72606 30 73126 31 73646 31 74166 31 74686 31 75206 32 75726 32 76246 32 76766 31 77286 31 77807 30 78328 28 78849 27 79370 26 79891 24 80413 21 80934 19 81455 17 81976 14 82499 10
61dc249314d7b965eb4561ec739eab9b0f60af55c97b25ced8cb2a42a0be128e,141792 4 142310 8 142829 10 143347 13 143866 14 144384 17 144903 18 145422 18 145941 19 146460 19 146979 20 147498 20 148017 20 148536 20 149055 21 149573 22 150092 22 150610 23 151129 24 151648 24 152167 25 152686 25 153205 25 153725 24 154245 22 154764 22 155283 22 155802 22 156322 21 156843 19 157364 16 157885 12 158406 9 158930 4
61dc249314d7b965eb4561ec739eab9b0f60af55c97b25ced8cb2a42a0be128e,292818 16 293332 26 293850 31 294369 33 294888 35 295407 37 295927 38 296447 39 296966 41 297486 41 298007 41 298527 41 299048 40 299569 39 300090 38 300611 36 301132 35 301654 32 302175 31 302697 28 303220 23 303743 18 304268 11
61dc249314d7b965eb4561ec739eab9b0f60af55c97b25ced8cb2a42a0be128e,159678 6 160196 9 160713 13 161230 17 161749 18 162267 20 162786 21 163305 22 163823 24 164342 25 164860 26 165379 27 165898 27 166417 27 166937 27 167456 27 167976 26 168496 24 169017 22 169538 18 170059 13 170580 8
