623cf6987b3fac8f384c09f40d98c5e739c097aa9a9627054542aa27f7d38db1,58252 5 58506 9 58761 12 59016 14 59271 15 59526 16 59781 17 60037 18 60293 18 60549 18 60805 18 61061 19 61317 20 61573 20 61830 18 62086 18 62343 16 62600 15 62858 13 63118 8
623cf6987b3fac8f384c09f40d98c5e739c097aa9a9627054542aa27f7d38db1,11456 5 11710 9 11964 12 12219 14 12474 15 12729 17 12985 17 13240 18 13496 18 13751 19 14006 19 14262 19 14518 19 14774 18 15029 18 15285 17 15542 15 15799 13 16056 11 16313 7 16571 3
623cf6987b3fac8f384c09f40d98c5e739c097aa9a9627054542aa27f7d38db1,3766 7 4019 11 4274 13 4530 14 4785 16 5040 17 5296 18 5552 19 5807 20 6063 20 6319 21 6575 21 6831 21 7087 20 7344 19 7601 18 7857 18 8114 16 8371 14 8628 12 8885 10
623cf6987b3fac8f384c09f40d98c5e739c097aa9a9627054542aa27f7d38db1,14041 2 14296 5 14551 8 14805 13 15059 16 15314 17 15570 17 15825 18 16081 18 16337 18 16593 18 16849 18 17104 19 17360 19 17617 18 17873 17 18130 15 18387 13 18644 12 18901 10 19163 3
623cf6987b3fac8f384c09f40d98c5e739c097aa9a9627054542aa27f7d38db1,37551 8 37806 12 38061 14 38317 15 38572 16 38828 17 39084 18 39340 18 39596 18 39852 18 40108 19 40364 19 40620 19 40877 17 41134 16 41390 15 41647 14 41905 11 42164 7
623cf6987b3fac8f384c09f40d98c5e739c097aa9a9627054542aa27f7d38db1,9728 1 9981 4 10236 5 10490 7 10745 8 10997 12 11252 13 11508 13 11764 13 12021 12 12277 12 12534 11 12790 11 13046 11 13302 11 13559 10 13816 9 14073 8 14330 7 14588 3
623cf6987b3fac8f384c09f40d98c5e739c097aa9a9627054542aa27f7d38db1,47068 6 47323 9 47578 11 47834 11 48089 13 48345 14 48600 15 48856 15 49112 15 49367 16 49623 16 49879 16 50135 15 50391 15 50647 15 50904 14 51161 12 51417 11 51674 8 51931 6
623cf6987b3fac8f384c09f40d98c5e739c097aa9a9627054542aa27f7d38db1,41232 4 41486 9 41740 12 41995 14 42250 16 42505 17 42761 18 43016 19 43272 20 43527 21 43783 21 44039 21 44295 21 44551 20 44808 19 45064 19 45321 17 45578 15 45834 15 46091 13
623cf6987b3fac8f384c09f40d98c5e739c097aa9a9627054542aa27f7d38db1,63215 10 63470 12 63725 14 63981 15 64236 16 64492 16 64748 17 65004 17 65260 17 65516 17
623cf6987b3fac8f384c09f40d98c5e739c097aa9a9627054542aa27f7d38db1,1023 2 1278 3 1532 5 1787 6 2043 6 2299 6 2554 7 2810 7 3066 7 3323 6 3580 5 3837 4 4094 3 4351 2
623cf6987b3fac8f384c09f40d98c5e739c097aa9a9627054542aa27f7d38db1,62680 2 62935 4 63189 9 63444 11 63698 14 63953 15 64209 16 64464 17 64720 17 64976 17 65232 17 65488 17
623cf6987b3fac8f384c09f40d98c5e739c097aa9a9627054542aa27f7d38db1,11377 2 11629 7 11884 8 12140 9 12395 10 12650 12 12905 14 13160 15 13416 14 13672 13 13929 11 14186 10 14443 8 14700 7 14957 6 15214 4 15471 2
623cf6987b3fac8f384c09f40d98c5e739c097aa9a9627054542aa27f7d38db1,59641 8 59895 10 60150 11 60405 12 60661 12 60918 11 61175 10 61432 9 61690 7 61947 6 62204 5
623cf6987b3fac8f384c09f40d98c5e739c097aa9a9627054542aa27f7d38db1,199 14 455 15 711 16 967 17 1223 18 1478 19 1734 19 1990 19 2246 19 2502 19 2758 19 3014 19 3271 17 3527 17 3784 15 4041 14 4298 12 4556 9
623cf6987b3fac8f384c09f40d98c5e739c097aa9a9627054542aa27f7d38db1,23961 5 24216 8 24471 10 24725 13 24980 14 25236 14 25492 14 25748 14 26004 14 26260 13 26516 13 26772 13 27029 11 27286 9 27543 6
623cf6987b3fac8f384c09f40d98c5e739c097aa9a9627054542aa27f7d38db1,42127 7 42382 10 42637 12 42892 14 43147 15 43403 16 43658 17 43913 17 44169 17 44425 17 44682 16 44938 16 45194 15 45450 15 45706 15 45962 14 46219 12 46476 10 46733 6
623cf6987b3fac8f384c09f40d98c5e739c097aa9a9627054542aa27f7d38db1,5852 3 6106 7 6361 13 6617 14 6872 16 7127 18 7382 19 7638 20 7894 20 8150 20 8406 20 8662 20 8918 19 9174 19 9430 19 9686 18 9943 17 10200 15 10458 13 10715 11 10972 9 11229 6
623cf6987b3fac8f384c09f40d98c5e739c097aa9a9627054542aa27f7d38db1,58393 1 58648 3 58899 9 59154 11 59409 18 59664 20 59690 1 59920 28 60176 28 60432 28 60689 26 60946 25 61203 23 61459 23 61716 22 61972 21 62229 18 62486 15 62742 14 62998 13 63255 11 63512 7
623cf6987b3fac8f384c09f40d98c5e739c097aa9a9627054542aa27f7d38db1,51701 8 51955 14 52210 15 52465 16 52720 17 52976 17 53232 17 53489 16 53745 16 54001 16 54257 16 54513 16 54769 16 55025 16 55281 15 55538 13
623cf6987b3fac8f384c09f40d98c5e739c097aa9a9627054542aa27f7d38db1,55069 4 55320 12 55575 18 55830 20 56086 20 56343 20 56600 19 56856 20 57113 19 57369 19 57626 18 57882 17 58138 17 58394 17 58651 16 58908 15 59165 14 59427 8 59684 6
623cf6987b3fac8f384c09f40d98c5e739c097aa9a9627054542aa27f7d38db1,5876 4 6131 9 6386 11 6641 13 6896 15 7152 15 7407 17 7663 17 7919 17 8175 18 8431 18 8687 18 8943 18 9199 18 9455 18 9711 17 9967 14 10224 12 10481 9 10738 7 10996 1
623cf6987b3fac8f384c09f40d98c5e739c097aa9a9627054542aa27f7d38db1,54967 2 55220 8 55473 13 55727 16 55982 18 56237 20 56493 20 56748 21 57003 23 57259 24 57515 25 57771 25 58027 25 58282 26 58538 26 58794 26 59050 25 59307 24 59563 23 59819 23 60075 22 60332 21 60588 21 60845 19 61101 17 61358 13
623cf6987b3fac8f384c09f40d98c5e739c097aa9a9627054542aa27f7d38db1,54906 8 55161 14 55416 16 55672 17 55928 17 56184 17 56440 18 56696 18 56952 18 57209 17 57465 17 57721 16 57978 14 58234 12 58491 10 58751 4 59008 2
