648636ee314d7bdba3ab2fc0fe49a863de35c3e2caf619039f678df67b526868,11946 6 12201 8 12457 9 12713 10 12969 11 13225 11 13481 11 13737 11 13993 11 14250 9 14507 6
648636ee314d7bdba3ab2fc0fe49a863de35c3e2caf619039f678df67b526868,2686 7 2940 10 3196 10 3451 12 3707 11 3964 10 4221 9 4480 3
648636ee314d7bdba3ab2fc0fe49a863de35c3e2caf619039f678df67b526868,186 5 441 11 697 12 953 12 1210 11 1468 9 1729 3
648636ee314d7bdba3ab2fc0fe49a863de35c3e2caf619039f678df67b526868,40773 6 41027 9 41283 8 41539 8 41795 8 42051 8 42308 7 42565 6 42822 5 43079 3
648636ee314d7bdba3ab2fc0fe49a863de35c3e2caf619039f678df67b526868,44394 9 44648 11 44903 13 45159 14 45414 15 45671 14 45928 12
648636ee314d7bdba3ab2fc0fe49a863de35c3e2caf619039f678df67b526868,13986 5 14241 7 14496 8 14752 8 15008 8 15264 8 15521 6
648636ee314d7bdba3ab2fc0fe49a863de35c3e2caf619039f678df67b526868,13497 5 13753 6 14009 7 14264 9 14520 9 14776 10 15032 10 15289 10 15547 8 15804 8 16062 5 16319 4
648636ee314d7bdba3ab2fc0fe49a863de35c3e2caf619039f678df67b526868,25802 5 26056 8 26311 9 26567 10 26822 11 27078 11 27334 10 27590 10 27847 8 28103 7 28360 5
648636ee314d7bdba3ab2fc0fe49a863de35c3e2caf619039f678df67b526868,7080 3 7334 7 7589 9 7844 11 8100 11 8356 12 8611 13 8867 12 9123 11 9380 10 9636 10 9892 10 10149 8 10407 6
648636ee314d7bdba3ab2fc0fe49a863de35c3e2caf619039f678df67b526868,675 6 931 7 1186 8 1441 10 1698 10 1953 11 2209 11 2464 12 2719 13 2975 13 3231 12 3487 11 3743 9 3999 8 4256 6
648636ee314d7bdba3ab2fc0fe49a863de35c3e2caf619039f678df67b526868,8021 8 8277 10 8533 12 8789 13 9045 14 9301 14 9558 13 9816 8 9825 2 10074 5
648636ee314d7bdba3ab2fc0fe49a863de35c3e2caf619039f678df67b526868,105 9 361 8 618 7 874 6 1131 3
648636ee314d7bdba3ab2fc0fe49a863de35c3e2caf619039f678df67b526868,10095 5 10350 7 10605 9 10861 11 11117 12 11373 13 11629 13 11885 13 12142 12 12399 10 12656 5
648636ee314d7bdba3ab2fc0fe49a863de35c3e2caf619039f678df67b526868,64167 6 64422 9 64678 9 64933 11 65190 10 65447 9
648636ee314d7bdba3ab2fc0fe49a863de35c3e2caf619039f678df67b526868,36569 6 36825 6 37080 7 37336 8 37591 10 37848 8 38104 9 38362 7 38617 6 38874 4
648636ee314d7bdba3ab2fc0fe49a863de35c3e2caf619039f678df67b526868,19906 3 20157 2 20161 4 20413 8 20668 9 20924 9 21180 9 21437 7 21694 6
648636ee314d7bdba3ab2fc0fe49a863de35c3e2caf619039f678df67b526868,62228 5 62481 9 62736 10 62993 9 63249 9 63505 9 63761 9 64017 9 64273 9 64535 2
648636ee314d7bdba3ab2fc0fe49a863de35c3e2caf619039f678df67b526868,53916 5 54171 7 54426 8 54682 9 54938 9 55194 9 55450 8 55707 7 55965 4
648636ee314d7bdba3ab2fc0fe49a863de35c3e2caf619039f678df67b526868,50603 1 50857 5 51111 10 51366 12 51621 13 51877 13 52133 13 52388 14 52644 14 52900 14 53156 14 53413 11 53670 9 53928 5
648636ee314d7bdba3ab2fc0fe49a863de35c3e2caf619039f678df67b526868,55962 3 56217 8 56473 9 56729 9 56985 9 57241 9 57497 9 57753 8 58010 4
648636ee314d7bdba3ab2fc0fe49a863de35c3e2caf619039f678df67b526868,58275 8 58530 10 58785 12 59040 13 59296 13 59551 14 59807 14 60064 12 60320 12 60577 10 60834 5
648636ee314d7bdba3ab2fc0fe49a863de35c3e2caf619039f678df67b526868,34887 6 35142 8 35397 9 35653 10 35909 10 36165 10 36422 10 36678 10 36934 9 37193 6 37452 2
648636ee314d7bdba3ab2fc0fe49a863de35c3e2caf619039f678df67b526868,64471 7 64726 8 64982 8 65238 8 65494 8 65503 1
648636ee314d7bdba3ab2fc0fe49a863de35c3e2caf619039f678df67b526868,19620 5 19875 6 20130 7 20385 7 20641 7 20897 7 21153 7 21410 6 21667 5
648636ee314d7bdba3ab2fc0fe49a863de35c3e2caf619039f678df67b526868,37377 3 37633 4 37889 5 38145 5 38401 5 38657 5 38913 4
648636ee314d7bdba3ab2fc0fe49a863de35c3e2caf619039f678df67b526868,37965 6 38220 8 38476 8 38732 9 38988 9 39244 9 39500 9 39757 7 40014 5
648636ee314d7bdba3ab2fc0fe49a863de35c3e2caf619039f678df67b526868,16286 5 16541 6 16796 7 17052 7 17306 9 17561 10 17817 9 18073 9 18329 9 18585 9 18841 8 19098 6 19355 1
648636ee314d7bdba3ab2fc0fe49a863de35c3e2caf619039f678df67b526868,5177 4 5432 6 5688 7 5944 7 6200 8 6456 8 6713 7 6971 5 7227 5 7483 5 7739 5 7995 5 8252 3
648636ee314d7bdba3ab2fc0fe49a863de35c3e2caf619039f678df67b526868,9949 1 10204 4 10460 5 10716 6 10971 8 11227 8 11484 7 11741 5
648636ee314d7bdba3ab2fc0fe49a863de35c3e2caf619039f678df67b526868,19639 5 19894 7 20150 7 20405 8 20661 7 20917 7 21172 8 21428 8 21684 7 21940 7 22197 6 22454 4
648636ee314d7bdba3ab2fc0fe49a863de35c3e2caf619039f678df67b526868,56183 4 56438 6 56694 7 56949 8 57204 10 57461 9 57717 9 57973 9 58229 9 58485 9 58743 7 59000 5
648636ee314d7bdba3ab2fc0fe49a863de35c3e2caf619039f678df67b526868,55442 4 55697 6 55952 7 56208 6 56464 4 56720 3
648636ee314d7bdba3ab2fc0fe49a863de35c3e2caf619039f678df67b526868,49263 4 49518 8 49773 10 50029 11 50286 11 50542 11 50799 11 51055 11 51311 12 51568 11 51825 10 52081 10 52340 6 52598 3
648636ee314d7bdba3ab2fc0fe49a863de35c3e2caf619039f678df67b526868,32396 5 32651 8 32907 8 33163 9 33419 9 33675 9 33931 9 34187 9 34444 8 34701 6 34958 4
648636ee314d7bdba3ab2fc0fe49a863de35c3e2caf619039f678df67b526868,237 6 492 8 748 8 1004 8 1260 8 1517 7 1775 5 2031 5 2288 3
648636ee314d7bdba3ab2fc0fe49a863de35c3e2caf619039f678df67b526868,6645 5 6900 7 7156 8 7412 8 7667 9 7923 9 8179 9 8434 10 8690 10 8946 10 9201 12 9457 12 9713 12 9969 12 10225 12 10481 12 10738 11 10995 9 11252 6 11509 4
648636ee314d7bdba3ab2fc0fe49a863de35c3e2caf619039f678df67b526868,16307 6 16562 8 16817 9 17073 9 17329 9 17585 8 17841 8 18098 6
648636ee314d7bdba3ab2fc0fe49a863de35c3e2caf619039f678df67b526868,20178 5 20432 8 20688 10 20944 11 21200 11 21457 11 21713 11 21971 9 22229 7 22488 2
648636ee314d7bdba3ab2fc0fe49a863de35c3e2caf619039f678df67b526868,57302 7 57557 10 57813 10 58069 11 58325 11 58582 9 58840 7 59096 6
648636ee314d7bdba3ab2fc0fe49a863de35c3e2caf619039f678df67b526868,57789 3 58044 6 58299 8 58554 9 58809 11 59065 11 59321 12 59577 12 59833 12 60089 12 60347 10 60603 10 60859 9 61116 7 61374 4
648636ee314d7bdba3ab2fc0fe49a863de35c3e2caf619039f678df67b526868,9157 2 9411 6 9666 8 9922 8 10178 9 10434 10 10690 10 10946 10 11203 9 11459 10 11716 9 11973 8 12229 8 12486 6 12744 4
648636ee314d7bdba3ab2fc0fe49a863de35c3e2caf619039f678df67b526868,64926 7 65181 9 65437 9
648636ee314d7bdba3ab2fc0fe49a863de35c3e2caf619039f678df67b526868,61909 10 62165 11 62421 11 62679 9 62940 4
648636ee314d7bdba3ab2fc0fe49a863de35c3e2caf619039f678df67b526868,41237 2 41490 7 41745 9 42001 10 42257 10 42513 11 42769 12 43025 12 43281 12 43537 12 43793 12 44049 12 44305 12 44561 11 44818 9 45075 7 45332 3
648636ee314d7bdba3ab2fc0fe49a863de35c3e2caf619039f678df67b526868,3439 3 3691 9 3945 11 4201 11 4456 12 4712 12 4968 12 5225 10 5481 9 5740 3
648636ee314d7bdba3ab2fc0fe49a863de35c3e2caf619039f678df67b526868,8159 8 8414 10 8669 11 8925 12 9181 12 9437 12 9693 12 9950 11 10208 9 10467 6 10723 6 10979 5 11236 3
648636ee314d7bdba3ab2fc0fe49a863de35c3e2caf619039f678df67b526868,38348 8 38603 10 38858 11 39114 11 39371 9
648636ee314d7bdba3ab2fc0fe49a863de35c3e2caf619039f678df67b526868,58764 3 59018 6 59273 8 59529 8 59784 10 60039 11 60295 11 60551 11 60807 10 61063 10 61319 10 61576 8 61834 4
648636ee314d7bdba3ab2fc0fe49a863de35c3e2caf619039f678df67b526868,32340 3 32344 3 32595 9 32851 9 33107 9 33363 9 33620 8 33876 6 34132 5 34389 4 34646 1
648636ee314d7bdba3ab2fc0fe49a863de35c3e2caf619039f678df67b526868,29112 3 29367 5 29623 5 29877 7 30132 8 30387 9 30642 9 30898 9 31154 9 31410 8 31667 5
648636ee314d7bdba3ab2fc0fe49a863de35c3e2caf619039f678df67b526868,9335 3 9588 6 9843 8 10100 7 10357 7 10614 6 10872 4 11129 3 11386 2
648636ee314d7bdba3ab2fc0fe49a863de35c3e2caf619039f678df67b526868,23219 4 23474 6 23730 7 23986 7 24242 7 24498 7 24754 6 25010 6 25267 4
648636ee314d7bdba3ab2fc0fe49a863de35c3e2caf619039f678df67b526868,27827 4 28082 6 28337 7 28593 7 28848 8 29103 8 29359 8 29615 7 29871 6 30128 4 30386 1
648636ee314d7bdba3ab2fc0fe49a863de35c3e2caf619039f678df67b526868,19118 5 19373 7 19626 10 19881 11 20137 11 20392 12 20648 12 20904 12 21160 12 21416 12 21672 11 21928 11 22185 9 22442 6
648636ee314d7bdba3ab2fc0fe49a863de35c3e2caf619039f678df67b526868,43340 5 43595 7 43850 9 44106 10 44362 10 44618 11 44874 11 45130 11 45386 11 45642 11 45898 11 46154 11 46411 10 46668 8 46925 5 47183 1
648636ee314d7bdba3ab2fc0fe49a863de35c3e2caf619039f678df67b526868,43315 1 43568 6 43823 8 44078 10 44333 11 44588 12 44844 12 45100 12 45356 12 45612 11 45868 11 46125 8 46382 7
648636ee314d7bdba3ab2fc0fe49a863de35c3e2caf619039f678df67b526868,51038 4 51291 8 51546 11 51803 11 52058 14 52314 14 52571 13 52828 12 53085 11 53342 9 53599 7 53858 2
648636ee314d7bdba3ab2fc0fe49a863de35c3e2caf619039f678df67b526868,12922 4 13178 4 13433 5 13688 6 13944 5
648636ee314d7bdba3ab2fc0fe49a863de35c3e2caf619039f678df67b526868,4061 6 4316 8 4572 9 4826 11 5082 11 5337 12 5594 11 5851 9 6108 8 6365 6
648636ee314d7bdba3ab2fc0fe49a863de35c3e2caf619039f678df67b526868,28113 3 28368 5 28623 6 28878 7 29134 7 29389 8 29645 8 29901 8 30157 8 30414 6 30671 5
648636ee314d7bdba3ab2fc0fe49a863de35c3e2caf619039f678df67b526868,146 4 402 4 656 6 912 6 1169 5 1425 4 1680 5 1938 3 2194 2
648636ee314d7bdba3ab2fc0fe49a863de35c3e2caf619039f678df67b526868,55073 7 55328 10 55583 11 55839 11 56095 11 56351 11 56607 11 56863 11 57119 10 57376 9 57633 6 57890 2
648636ee314d7bdba3ab2fc0fe49a863de35c3e2caf619039f678df67b526868,25818 5 26073 6 26328 8 26584 8 26840 8 27096 8 27352 8 27608 8 27864 8 28120 8 28377 7 28634 4
648636ee314d7bdba3ab2fc0fe49a863de35c3e2caf619039f678df67b526868,49085 4 49340 6 49596 7 49851 8 50108 8 50364 8 50621 7 50877 7 51133 7 51390 7 51647 5 51903 5 52160 4 52416 3
648636ee314d7bdba3ab2fc0fe49a863de35c3e2caf619039f678df67b526868,14558 2 14810 10 15066 11 15321 13 15576 14 15831 15 16087 15 16343 15 16600 14 16856 13 17113 12 17370 10 17627 8 17884 5
648636ee314d7bdba3ab2fc0fe49a863de35c3e2caf619039f678df67b526868,48942 4 49197 6 49452 7 49708 7 49964 6 50220 5 50476 5 50733 3
648636ee314d7bdba3ab2fc0fe49a863de35c3e2caf619039f678df67b526868,13953 4 14209 4 14465 4 14721 5 14977 5
648636ee314d7bdba3ab2fc0fe49a863de35c3e2caf619039f678df67b526868,60001 5 60256 7 60511 8 60767 9 61023 9 61279 9 61536 8 61793 8 62049 8 62305 8 62561 7 62817 6 63074 4
648636ee314d7bdba3ab2fc0fe49a863de35c3e2caf619039f678df67b526868,31163 9 31418 11 31672 14 31928 14 32184 14 32440 14 32696 13 32952 10 33209 6
648636ee314d7bdba3ab2fc0fe49a863de35c3e2caf619039f678df67b526868,11683 4 11938 6 12194 7 12450 7 12706 7 12962 6 13218 6 13475 4
648636ee314d7bdba3ab2fc0fe49a863de35c3e2caf619039f678df67b526868,32964 4 33215 10 33470 11 33726 11 33979 14 34234 15 34490 14 34746 10 35003 6
648636ee314d7bdba3ab2fc0fe49a863de35c3e2caf619039f678df67b526868,2518 1 2771 4 3025 7 3278 10 3534 10 3789 11 4045 11 4301 11 4558 9 4814 9 5072 6 5330 1
648636ee314d7bdba3ab2fc0fe49a863de35c3e2caf619039f678df67b526868,61826 4 62080 8 62335 11 62591 11 62846 12 63102 13 63358 12 63615 10 63871 9 64129 4
648636ee314d7bdba3ab2fc0fe49a863de35c3e2caf619039f678df67b526868,33882 3 34137 5 34393 6 34647 9 34902 10 35158 10 35414 10 35670 10 35927 8 36186 4
648636ee314d7bdba3ab2fc0fe49a863de35c3e2caf619039f678df67b526868,53467 5 53722 6 53978 7 54234 8 54490 9 54747 8 55003 8 55259 8 55516 7 55773 6 56031 4
648636ee314d7bdba3ab2fc0fe49a863de35c3e2caf619039f678df67b526868,154 8 409 10 664 11 920 11 1176 10 1432 9 1688 10 1944 9 2200 9 2456 8 2712 7 2968 7 3225 6 3482 4
648636ee314d7bdba3ab2fc0fe49a863de35c3e2caf619039f678df67b526868,62525 2 62780 4 63036 5 63292 6 63549 5 63806 5 64062 5 64319 4 64577 2
648636ee314d7bdba3ab2fc0fe49a863de35c3e2caf619039f678df67b526868,228 9 485 7 741 7 998 6 1254 6 1510 6 1766 9 2023 6 2280 4
648636ee314d7bdba3ab2fc0fe49a863de35c3e2caf619039f678df67b526868,16811 5 17066 7 17321 8 17576 9 17831 10 18087 10 18343 10 18599 9 18855 8 19111 7 19368 5
648636ee314d7bdba3ab2fc0fe49a863de35c3e2caf619039f678df67b526868,16251 4 16506 6 16761 8 17016 9 17272 9 17528 9 17783 10 18039 10 18295 10 18551 10 18807 10 19064 8 19321 4
648636ee314d7bdba3ab2fc0fe49a863de35c3e2caf619039f678df67b526868,39991 6 40246 8 40502 8 40757 10 41013 10 41269 10 41525 10 41781 9 42038 7 42295 5
648636ee314d7bdba3ab2fc0fe49a863de35c3e2caf619039f678df67b526868,56945 1 57198 6 57453 8 57709 8 57964 9 58220 9 58476 9 58732 9 58988 8 59245 6 59502 3
648636ee314d7bdba3ab2fc0fe49a863de35c3e2caf619039f678df67b526868,92 7 348 6 604 6 860 5 1117 2
648636ee314d7bdba3ab2fc0fe49a863de35c3e2caf619039f678df67b526868,44701 4 44956 6 45210 9 45465 11 45720 12 45975 13 46231 13 46486 14 46742 13 46998 13 47254 12 47510 12 47767 10 48023 8
648636ee314d7bdba3ab2fc0fe49a863de35c3e2caf619039f678df67b526868,22728 4 22983 6 23237 9 23493 10 23748 11 24004 12 24260 11 24517 10 24773 9 25030 6 25287 4
648636ee314d7bdba3ab2fc0fe49a863de35c3e2caf619039f678df67b526868,60667 6 60922 7 61177 8 61433 8 61689 8 61945 8 62201 8 62458 7 62714 7 62971 6 63228 5 63486 3 63744 1
