66236902b874b7e4b3891db63a69f6d56f6edcec6aca7ba3c6871d73e7b4c34f,27005 5 27361 13 27721 15 28081 17 28441 18 28801 19 29161 20 29521 21 29881 22 30241 23 30601 23 30961 24 31321 25 31681 26 32041 27 32401 27 32761 27 33121 27 33481 27 33841 28 34201 28 34561 28 34921 28 35281 28 35641 28 36001 28 36361 28 36721 28 37081 28 37441 28 37801 28 38161 27 38521 27 38881 27 39241 27 39601 27 39961 26 40321 26 40681 25 41041 25 41401 24 41761 24 42121 23 42481 23 42841 23 43201 22 43561 22 43921 22 44281 21 44641 21 45001 20 45361 19 45721 18 46081 17 46441 15 46801 14 47161 12 47521 11 47881 9
66236902b874b7e4b3891db63a69f6d56f6edcec6aca7ba3c6871d73e7b4c34f,38117 2 38476 4 38835 5 39194 7 39553 8 39912 10 40272 10 40631 11 40991 11 41351 11 41712 10 42072 9 42432 8 42793 3
66236902b874b7e4b3891db63a69f6d56f6edcec6aca7ba3c6871d73e7b4c34f,288 43 648 43 1008 43 1367 44 1727 44 2087 44 2446 45 2805 46 3164 47 3523 48 3882 49 4242 49 4601 50 4960 50 5320 50 5680 50 6040 49 6400 49 6760 48 7120 47 7480 47 7840 46 8199 46 8558 46 8918 45 9279 39 9639 38 9999 38 10359 37 10719 36 11080 34 11441 32 11801 31 12162 29 12523 27 12883 26 13244 24 13605 22 13966 20 14327 17 14690 13
66236902b874b7e4b3891db63a69f6d56f6edcec6aca7ba3c6871d73e7b4c34f,19595 10 19952 15 20311 18 20670 21 21029 23 21388 25 21747 28 22107 29 22466 31 22825 33 23184 35 23543 37 23903 38 24263 39 24622 41 24982 41 25341 43 25701 43 26061 43 26421 43 26781 44 27141 44 27501 44 27861 44 28221 44 28582 43 28942 43 29302 43 29662 43 30022 43 30382 42 30742 42 31103 41 31463 40 31823 39 32183 39 32543 39 32903 38 33264 36 33624 35 33984 35 34344 34 34704 33 35064 32 35425 30 35785 29 36145 28 36506 25 36866 24 37227 22 37588 20 37949 18 38310 16 38671 14 39033 10 39395 7
66236902b874b7e4b3891db63a69f6d56f6edcec6aca7ba3c6871d73e7b4c34f,12839 15 13193 22 13547 28 13884 14 13905 31 14242 55 14601 57 14960 58 15320 59 15679 60 16038 61 16398 61 16758 61 17118 61 17477 61 17837 61 18197 61 18557 61 18917 61 19277 61 19637 61 19997 61 20358 60 20718 60 21079 59 21439 58 21799 57 22159 56 22520 54 22880 53 23241 52 23602 50 23963 48 24325 46 24688 42 25050 39 25413 35 25775 32 26136 29 26499 22 26861 19 27225 11
66236902b874b7e4b3891db63a69f6d56f6edcec6aca7ba3c6871d73e7b4c34f,9361 1 9721 1 10081 2 10441 3 10801 3 11161 3 11521 3 11881 3 12241 3 12601 3 12961 3 13321 3 13681 3 14041 3 14401 3 14761 2 15121 2 15481 1
66236902b874b7e4b3891db63a69f6d56f6edcec6aca7ba3c6871d73e7b4c34f,49349 7 49704 16 50063 20 50422 23 50780 26 51139 28 51497 31 51856 32 52215 33 52575 34 52934 35 53293 37 53652 38 54011 39 54370 41 54730 42 55089 43 55448 44 55807 46 56166 47 56525 48 56885 48 57244 49 57604 49 57963 50 58322 51 58682 51 59041 52 59401 52 59761 52 60121 52 60481 52 60841 52 61201 52 61561 52 61921 52 62281 53 62641 53 63001 53 63361 53 63721 53 64081 53 64441 53 64801 53 65161 53 65521 53 65881 53 66241 53 66601 53 66961 52 67322 51 67682 51 68043 49 68403 49 68764 47 69125 46 69486 45 69847 43 70208 42 70570 40 70931 38 71293 35 71656 31 72018 28 72380 25 72742 20 73107 12 73469 8
66236902b874b7e4b3891db63a69f6d56f6edcec6aca7ba3c6871d73e7b4c34f,115452 5 115811 8 116168 13 116526 16 116885 18 117245 20 117604 23 117964 24 118324 25 118684 26 119044 27 119404 28 119764 29 120124 30 120484 31 120844 32 121204 33 121564 34 121924 35 122284 36 122644 37 123005 38 123365 39 123726 39 124086 39 124446 40 124807 40 125167 41 125528 40 125888 40 126249 40 126609 40 126970 39 127331 38 127692 38 128053 44 128414 44 128775 43 129137 41 129498 40
66236902b874b7e4b3891db63a69f6d56f6edcec6aca7ba3c6871d73e7b4c34f,124 20 483 22 843 23 1202 24 1562 25 1922 26 2282 27 2642 28 3002 30 3363 31 3723 35 4083 37 4444 38 4804 39 5164 40 5525 41 5885 42 6245 43 6605 44 6965 44 7325 45 7685 45 8045 46 8405 46 8765 46 9126 45 9486 45 9846 45 10206 45 10567 43 10928 42 11289 40 11650 39 12011 37 12372 35 12734 32 13095 30 13456 27 13817 25 14178 23 14540 20 14902 16 15263 14 15625 8
66236902b874b7e4b3891db63a69f6d56f6edcec6aca7ba3c6871d73e7b4c34f,113944 9 114303 11 114662 13 115022 14 115381 16 115741 17 116100 18 116460 19 116820 20 117179 22 117538 24 117897 25 118256 26 118615 27 118975 27 119334 28 119693 28 120053 25 120413 23 120772 22 121132 21 121492 20 121852 19 122212 18 122572 17 122932 16 123293 15 123654 13 124015 12 124375 11 124735 10
66236902b874b7e4b3891db63a69f6d56f6edcec6aca7ba3c6871d73e7b4c34f,48690 6 49042 21 49400 25 49758 28 50117 31 50475 35 50833 38 51192 42 51551 44 51910 46 52269 48 52629 49 52988 51 53348 52 53707 54 54067 54 54426 56 54786 57 55146 57 55506 57 55865 59 56225 59 56585 59 56945 59 57305 60 57665 60 58025 60 58385 60 58745 60 59105 60 59465 60 59826 59 60186 59 60546 59 60906 60 61266 60 61626 60 61986 60 62346 59 62707 58 63067 58 63428 57 63788 57 64149 56 64511 53 64872 52 65233 51 65595 48 65956 47 66317 46 66678 44 67039 43 67400 41 67761 40 68122 38 68482 37 68843 35 69204 32 69565 29 69927 26 70290 21 70652 16
66236902b874b7e4b3891db63a69f6d56f6edcec6aca7ba3c6871d73e7b4c34f,38138 10 38497 13 38855 16 39214 19 39573 21 39932 22 40292 23 40651 25 41010 27 41369 28 41729 28 42088 28 42448 28 42807 29 43164 32 43519 37 43878 38 44237 39 44595 40 44954 41 45313 42 45672 42 46031 42 46391 42 46750 42 47109 43 47468 43 47828 42 48187 42 48547 41 48907 40 49266 40 49626 40 49985 40 50345 40 50704 41 51064 40 51424 40 51783 40 52143 40 52503 40 52863 39 53223 39 53583 39 53943 38 54303 37 54664 36 55024 35 55385 33 55746 31 56107 27 56468 25 56829 8
66236902b874b7e4b3891db63a69f6d56f6edcec6aca7ba3c6871d73e7b4c34f,56837 27 57189 36 57548 39 57907 41 58265 45 58623 48 58982 50 59341 52 59700 54 60059 55 60418 57 60778 58 61137 59 61496 60 61855 61 62214 63 62574 63 62934 63 63293 64 63653 64 64013 64 64373 64 64733 64 65093 64 65453 63 65813 63 66173 62 66533 62 66893 61 67253 60 67613 59 67973 56 68334 37 68694 34 69055 31 69416 29 69777 26 70140 21 70502 18 70864 15 71226 11 71589 7
66236902b874b7e4b3891db63a69f6d56f6edcec6aca7ba3c6871d73e7b4c34f,28286 12 28642 17 29000 21 29358 24 29717 26 30076 29 30435 31 30793 34 31152 36 31511 38 31871 39 32230 41 32589 43 32948 45 33308 46 33668 47 34028 47 34387 48 34747 49 35107 49 35467 49 35827 49 36187 49 36547 49 36907 49 37267 49 37627 49 37987 49 38347 48 38707 48 39067 47 39427 47 39788 46 40148 46 40508 46 40868 46 41228 47 41588 47 41949 46 42309 46 42669 47 43030 46 43391 46 43751 47 44112 46 44473 45 44833 45 45193 45 45553 45 45913 45 46273 45 46633 45 46993 45 47353 45 47713 45 48073 45 48433 45 48793 45 49153 45 49513 45 49873 44 50234 43 50594 43 50954 43 51314 43 51675 41 52035 40 52396 39 52756 38 53116 38 53476 37 53836 36 54197 35 54558 33 54919 31 55280 29 55641 27 56003 24 56364 21 56726 18 57090 11
66236902b874b7e4b3891db63a69f6d56f6edcec6aca7ba3c6871d73e7b4c34f,52 55 412 55 771 56 1130 57 1490 57 1849 58 2208 59 2568 58 2928 58 3288 58 3648 57 4007 58 4366 59 4726 58 5085 59 5444 59 5803 60 6163 60 6522 60 6882 59 7241 59 7601 58 7961 57 8321 56 8681 55 9041 54 9401 53 9761 52 10121 51 10481 50 10841 50 11201 49 11561 48 11921 45 12282 43 12642 42 13003 39 13363 37 13724 34 14086 30 14447 26 14811 19 15175 12
66236902b874b7e4b3891db63a69f6d56f6edcec6aca7ba3c6871d73e7b4c34f,82020 12 82376 18 82734 22 83092 25 83451 28 83810 30 84169 32 84528 34 84887 36 85246 37 85605 39 85965 39 86324 41 86684 41 87043 43 87403 43 87763 43 88122 45 88482 45 88842 45 89201 46 89560 47 89920 47 90280 47 90640 47 91000 48 91359 49 91719 49 92079 49 92439 49 92799 49 93159 49 93519 49 93879 49 94239 49 94599 49 94958 49 95318 49 95678 49 96038 49 96398 50 96758 50 97118 50 97478 50 97839 49 98199 49 98559 49 98920 48 99280 47 99640 47 100001 45 100361 44 100722 43 101082 43 101443 41 101804 39 102164 39 102525 37 102886 36 103247 34 103608 32 103969 30 104330 28 104691 26 105055 21 105417 17
66236902b874b7e4b3891db63a69f6d56f6edcec6aca7ba3c6871d73e7b4c34f,39147 8 39504 13 39863 16 40222 19 40580 22 40939 24 41298 26 41657 28 42016 30 42375 32 42734 33 43093 35 43452 37 43811 40 44170 42 44529 44 44889 44 45248 46 45608 46 45967 48 46327 49 46687 49 47047 50 47406 51 47766 52 48126 53 48486 53 48846 54 49206 54 49566 54 49926 55 50286 55 50646 55 51006 55 51366 55 51727 54 52087 54 52447 54 52808 53 53168 53 53528 53 53888 52 54249 51 54609 50 54969 50 55330 48 55690 48 56051 47 56411 47 56772 45 57133 44 57493 43 57853 43 58214 42 58574 42 58935 41 59296 39 59657 38 60019 36 60381 34 60742 33 61103 32 61464 31 61825 30 62186 28 62548 24 62912 17
66236902b874b7e4b3891db63a69f6d56f6edcec6aca7ba3c6871d73e7b4c34f,105539 15 105896 24 106255 30 106614 33 106973 36 107333 39 107692 43 108052 45 108412 47 108771 49 109130 51 109489 53 109848 54 110208 54 110567 56 110927 56 111286 57 111646 57 112005 58 112365 58 112724 58 113083 59 113442 60 113802 60 114161 61 114521 61 114880 62 115240 63 115600 63 115960 63 116320 63 116680 63 117040 63 117400 62 117761 60 118121 60 118481 60 118842 59 119203 57 119563 56 119924 53 120285 49 120646 45 121008 40 121370 32 121732 21 122097 12
66236902b874b7e4b3891db63a69f6d56f6edcec6aca7ba3c6871d73e7b4c34f,88922 4 89281 16 89641 19 90001 21 90361 23 90721 24 91081 25 91441 26 91801 27 92161 27 92521 28 92881 28 93241 29 93601 30 93961 30 94321 31 94681 31 95041 32 95401 32 95761 32 96121 33 96481 33 96841 34 97201 34 97561 34 97921 34 98281 34 98641 34 99001 35 99361 35 99721 35 100081 35 100441 35 100801 35 101161 35 101521 35 101881 35 102241 35 102601 35 102961 36 103321 36 103681 36 104041 36 104401 35 104761 35 105121 35 105481 35 105841 35 106201 34 106561 34 106921 33 107281 33 107641 32 108001 31 108361 30 108721 29 109081 28 109441 26 109801 25 110161 25 110521 24 110881 23 111241 22 111601 22 111961 21 112321 20 112681 18 113042 14 113407 7
66236902b874b7e4b3891db63a69f6d56f6edcec6aca7ba3c6871d73e7b4c34f,83596 5 83949 19 84306 25 84664 35 85022 38 85381 41 85739 44 86097 48 86456 50 86815 52 87174 53 87533 54 87892 56 88252 56 88612 57 88971 58 89330 59 89690 59 90050 59 90410 59 90770 59 91130 59 91490 59 91850 59 92211 58 92572 57 92932 57 93293 56 93656 52 94017 50 94379 47 94740 45 95101 43 95463 40 95824 38 96185 36 96546 34 96907 32 97269 29 97630 27 97992 24 98353 22 98714 20 99076 17 99437 15 99799 12 100160 10
66236902b874b7e4b3891db63a69f6d56f6edcec6aca7ba3c6871d73e7b4c34f,58910 11 59269 13 59629 15 59989 17 60349 18 60709 19 61068 21 61422 28 61767 44 62121 50 62480 52 62839 53 63197 56 63556 57 63915 58 64274 59 64633 60 64992 62 65352 63 65712 63 66072 64 66432 65 66792 65 67151 67 67508 71 67867 73 68226 74 68586 75 68946 75 69306 76 69666 76 70026 76 70386 77 70746 77 71106 78 71466 78 71826 78 72186 79 72546 79 72907 79 73267 79 73627 79 73988 78 74349 77 74709 77 75070 76 75431 75 75792 74 76153 73 76515 71 76876 70 77237 68 77599 66 77964 61 78328 57 78694 51 79057 48 79419 45 79781 42 80142 41 80503 39 80866 35 81230 30 81593 26 81954 25 82316 22 82677 19 83038 17 83400 12 83762 8
66236902b874b7e4b3891db63a69f6d56f6edcec6aca7ba3c6871d73e7b4c34f,121097 9 121450 23 121804 31 122162 34 122520 37 122878 41 123236 44 123594 46 123953 48 124312 50 124671 51 125030 53 125389 54 125749 55 126108 57 126468 57 126828 58 127187 60 127547 60 127907 61 128267 62 128627 63 128987 64 129347 64
66236902b874b7e4b3891db63a69f6d56f6edcec6aca7ba3c6871d73e7b4c34f,124232 19 124587 29 124945 32 125304 34 125660 39 126018 43 126377 45 126736 47 127095 49 127453 52 127811 55 128170 57 128529 59 128888 61 129248 61
66236902b874b7e4b3891db63a69f6d56f6edcec6aca7ba3c6871d73e7b4c34f,115424 7 115782 10 116140 13 116498 16 116856 18 117215 20 117573 22 117931 24 118289 26 118647 28 119005 31 119362 34 119721 35 120078 38 120436 40 120794 42 121153 43 121512 44 121871 45 122230 46 122589 47 122948 48 123308 48 123667 49 124027 48 124386 49 124745 50 125105 49 125464 50 125824 50 126183 51 126543 50 126903 50 127263 50 127623 49 127984 47 128345 45 128705 45 129066 42 129427 39
66236902b874b7e4b3891db63a69f6d56f6edcec6aca7ba3c6871d73e7b4c34f,91064 9 91420 16 91438 3 91779 22 92137 24 92496 25 92856 25 93216 25 93575 26 93934 27 94293 28 94652 29 95012 29 95372 29 95732 29 96091 30 96450 31 96810 31 97170 31 97529 32 97888 33 98248 33 98608 33 98968 33 99327 34 99687 34 100047 34 100407 34 100766 35 101125 36 101485 36 101845 36 102204 37 102564 37 102924 37 103284 37 103644 37 104004 37 104364 37 104724 37 105051 4 105084 37 105408 9 105444 37 105760 28 105804 37 106117 31 106164 37 106476 32 106523 38 106834 35 106883 38 107193 37 107243 38 107552 40 107603 38 107911 43 107963 38 108271 44 108324 37 108630 47 108684 37 108990 48 109045 36 109349 51 109405 36 109709 52 109765 36 110069 53 110124 37 110429 92 110789 92 111149 92 111509 92 111869 92 112230 91 112590 91 112950 91 113311 90 113671 57 113730 31 114032 55 114091 29 114393 54 114452 27 114754 53 114813 25 115115 52 115177 19 115476 51 115539 15 115837 50 115901 8 116199 47 116560 46 116923 43 117284 41 117645 40 118007 37 118369 35 118730 33 119093 29 119456 25 119818 21 120180 18 120543 13 120905 9
