66612c188d73e931e1863af2c99d2af782c32f65fd97d224abb40bbadb87263f,11579 1 11834 2 12089 5 12344 6 12599 8 12854 9 13110 10 13366 10 13622 10 13878 10 14134 10 14390 10 14647 7 14904 4
66612c188d73e931e1863af2c99d2af782c32f65fd97d224abb40bbadb87263f,194 16 456 9
66612c188d73e931e1863af2c99d2af782c32f65fd97d224abb40bbadb87263f,38479 1 38730 7 38983 12 39237 16 39492 18 39747 20 40002 21 40257 23 40512 24 40768 24 41024 24 41280 23 41537 22 41794 21 42050 21 42306 21 42562 20 42820 18 43077 16 43335 13 43593 8
66612c188d73e931e1863af2c99d2af782c32f65fd97d224abb40bbadb87263f,223 19 479 20 735 20 992 19 1248 19 1505 18 1761 17 2018 16 2275 14 2531 14 2787 2 2790 10 3048 7
66612c188d73e931e1863af2c99d2af782c32f65fd97d224abb40bbadb87263f,21721 6 21972 13 22226 16 22481 17 22736 18 22991 19 23247 20 23502 21 23758 21 24014 21 24271 20 24526 20 24783 19 25040 18 25297 16 25555 13 25811 12 26069 8
66612c188d73e931e1863af2c99d2af782c32f65fd97d224abb40bbadb87263f,18739 7 18993 11 19248 13 19503 14 19759 15 20014 16 20270 16 20526 16 20782 16 21038 15 21295 14 21552 12 21811 8 22070 3
66612c188d73e931e1863af2c99d2af782c32f65fd97d224abb40bbadb87263f,40629 8 40883 12 41139 14 41393 17 41648 18 41903 20 42159 20 42414 21 42670 21 42926 21 43181 22 43437 22 43693 22 43950 20 44206 19 44463 17 44720 15 44977 12 45239 4
66612c188d73e931e1863af2c99d2af782c32f65fd97d224abb40bbadb87263f,25868 8 26122 12 26377 14 26632 16 26887 18 27143 18 27399 18 27654 19 27910 19 28166 19 28422 19 28678 18 28934 17 29191 14 29448 10 29705 8 29962 6
66612c188d73e931e1863af2c99d2af782c32f65fd97d224abb40bbadb87263f,7172 13 7426 16 7681 18 7937 19 8193 19 8449 19 8705 19 8961 20 9217 19 9473 18 9729 18 9985 15 10241 12 10255 1 10499 10 10755 10 11017 6
66612c188d73e931e1863af2c99d2af782c32f65fd97d224abb40bbadb87263f,13215 4 13468 11 13723 12 13978 14 14233 14 14488 15 14744 16 15000 16 15256 16 15511 18 15767 18 16023 17 16279 17 16535 17 16792 16 17048 16 17306 14 17562 13 17820 10 18078 4
66612c188d73e931e1863af2c99d2af782c32f65fd97d224abb40bbadb87263f,17514 5 17767 11 18022 12 18277 14 18532 16 18788 17 19044 18 19299 19 19555 20 19811 20 20067 20 20324 19 20580 19 20836 19 21093 18 21349 17 21607 13 21864 10 22122 6
66612c188d73e931e1863af2c99d2af782c32f65fd97d224abb40bbadb87263f,15071 4 15324 9 15579 12 15834 13 16090 14 16345 15 16601 16 16856 17 17112 17 17368 17 17624 17 17880 17 18136 17 18393 16 18649 16 18906 14 19163 12 19419 11 19678 6
66612c188d73e931e1863af2c99d2af782c32f65fd97d224abb40bbadb87263f,53323 10 53575 15 53830 17 54085 18 54340 21 54595 22 54851 22 55106 23 55362 23 55618 23 55874 23 56131 22 56388 21 56644 21 56901 20 57158 18 57415 16 57672 14 57929 12 58187 7
66612c188d73e931e1863af2c99d2af782c32f65fd97d224abb40bbadb87263f,33964 4 34218 9 34473 11 34728 13 34984 14 35240 14 35496 15 35752 15 36008 16 36264 15 36519 16 36775 16 37031 16 37287 16 37544 15 37800 15 38057 14 38314 12 38571 11 38829 7
66612c188d73e931e1863af2c99d2af782c32f65fd97d224abb40bbadb87263f,159 5 415 6 672 5 929 4 1187 2 1444 1
