670ebd9d674be236b9bf0b28650ad3f68e1891b06e16a9021fd069ca7ef32b78,80868 4 81226 8 81586 10 81945 11 82304 13 82665 13 83024 15 83385 15 83745 15 84105 17 84465 17 84825 18 85185 19 85545 20 85906 20 86266 20 86626 22 86986 22 87347 22 87707 24 88067 25 88428 25 88788 27 89148 27 89508 28 89868 29 90229 28 90589 29 90948 33 91308 34 91668 34 92028 35 92388 36 92748 36 93108 36 93468 37 93829 36 94189 36 94549 36 94909 37 95269 37 95629 37 95989 36 96349 37 96709 37 97069 37 97430 36 97790 35 98150 36 98510 36 98870 36 99230 36 99590 36 99950 35 100310 36 100670 35 101031 34 101391 34 101751 33 102111 33 102471 33 102831 32 103191 32 103552 30 103913 28 104273 27 104634 25 104995 23 105356 20 105717 18 106079 14 106446 2
670ebd9d674be236b9bf0b28650ad3f68e1891b06e16a9021fd069ca7ef32b78,331 30 691 30 1049 32 1409 32 1768 33 2127 34 2487 34 2847 34 3206 35 3566 35 3926 35 4286 35 4645 36 5005 36 5365 36 5725 36 6085 36 6445 36 6805 36 7165 36 7526 35 7886 35 8247 34 8607 34 8967 34 9328 33 9688 33 10049 32 10410 31 10770 31 11131 30 11491 30 11853 28 12214 27 12575 26 12936 25 13299 22 13660 21 14022 19 14388 1 14390 11 14755 6 15120 1
670ebd9d674be236b9bf0b28650ad3f68e1891b06e16a9021fd069ca7ef32b78,119305 8 119665 13 120024 15 120383 19 120742 22 121102 23 121462 24 121821 27 122181 36 122541 40 122901 44 123261 46 123621 47 123981 48 124341 50 124701 50 125062 51 125422 52 125782 52 126142 53 126502 54 126863 53 127223 54 127583 54 127944 53 128304 53 128664 53 129025 52 129385 52
670ebd9d674be236b9bf0b28650ad3f68e1891b06e16a9021fd069ca7ef32b78,108810 7 109168 12 109526 18 109885 21 110244 23 110603 25 110962 27 111320 31 111680 32 112039 34 112398 35 112758 36 113117 37 113477 37 113837 37 114197 38 114557 38 114917 38 115277 39 115637 39 115997 39 116357 40 116717 40 117077 40 117437 40 117797 40 118157 40 118517 40 118878 39 119238 40 119598 40 119958 40 120318 40 120678 41 121038 41 121399 40 121759 40 122119 40 122479 40 122839 41 123199 41 123559 41 123920 40 124280 40 124640 40 125000 40 125360 40 125720 40 126080 41 126441 40 126801 40 127161 40 127521 40 127881 40 128242 39 128602 39 128962 39 129323 38
670ebd9d674be236b9bf0b28650ad3f68e1891b06e16a9021fd069ca7ef32b78,121612 6 121969 11 122328 14 122688 15 123047 17 123407 18 123766 19 124126 20 124485 22 124845 22 125204 24 125564 25 125924 26 126284 26 126643 28 127003 28 127362 29 127722 30 128082 30 128441 31 128801 31 129161 32 129521 32
670ebd9d674be236b9bf0b28650ad3f68e1891b06e16a9021fd069ca7ef32b78,31880 7 32234 17 32592 20 32950 24 33309 26 33668 29 34028 30 34388 32 34747 34 35107 34 35467 35 35826 37 36186 38 36545 40 36905 40 37265 42 37625 43 37985 43 38346 44 38706 44 39066 45 39426 45 39786 46 40146 47 40506 48 40866 49 41227 48 41588 48 41948 48 42309 48 42669 48 43031 47 43391 47 43752 46 44113 45 44474 44 44835 43 45196 42 45558 40 45919 39 46280 38 46641 37 47003 34 47364 33 47725 32 48086 31 48447 29 48808 26 49169 23 49530 20 49891 16 50253 11
670ebd9d674be236b9bf0b28650ad3f68e1891b06e16a9021fd069ca7ef32b78,66156 4 66514 9 66872 14 67230 17 67589 19 67948 21 68307 23 68667 24 69026 26 69386 27 69745 28 70104 31 70464 31 70824 32 71183 34 71543 35 71903 35 72262 37 72622 38 72982 38 73341 40 73701 41 74061 41 74420 43 74780 43 75140 44 75500 44 75860 45 76219 46 76579 46 76939 46 77299 46 77659 46 78019 47 78378 47 78738 48 79098 47 79458 47 79818 47 80179 46 80539 46 80899 46 81259 46 81620 45 81980 45 82340 45 82701 43 83061 43 83422 42 83782 41 84142 41 84503 39 84864 37 85224 37 85586 34 85946 33 86308 30 86668 29 87029 28 87392 23 87754 19 88115 17 88482 1 88485 1
670ebd9d674be236b9bf0b28650ad3f68e1891b06e16a9021fd069ca7ef32b78,72721 2 73081 2 73441 4 73801 7 74161 7 74521 8 74881 9 75241 10 75601 11 75961 12 76321 13 76681 14 77041 14 77401 15 77761 15 78121 15 78481 16 78841 17 79201 16 79561 17 79921 17 80281 17 80641 18 81001 18 81361 18 81721 18 82081 18 82441 17 82801 18 83161 17 83521 17 83881 17 84241 17 84601 16 84961 16 85321 15 85681 15 86041 14 86401 13 86761 12 87121 11 87481 9 87841 9 88201 8 88561 8 88921 8 89281 7 89641 8 90001 8 90361 8 90721 8 91081 9 91441 9 91801 10 92161 10 92521 12 92881 12 93241 12 93601 13 93961 14 94321 14 94681 15 95041 15 95401 16 95761 16 96121 16 96481 17 96841 16 97201 17 97561 17 97921 17 98281 17 98641 16 99001 16 99361 16 99721 16 100081 15 100441 15 100801 14 101161 14 101521 14 101881 13 102241 13 102601 12 102961 11 103321 10 103681 9 104041 7 104401 5 104761 3
670ebd9d674be236b9bf0b28650ad3f68e1891b06e16a9021fd069ca7ef32b78,92465 1 92470 2 92821 12 93177 20 93534 25 93892 29 94252 29 94610 31 94970 33 95329 34 95686 37 96047 36 96406 37 96766 38 97125 39 97484 41 97844 41 98203 43 98562 44 98922 44 99281 46 99641 46 100000 47 100359 48 100719 48 101079 48 101438 49 101798 49 102158 49 102518 49 102877 49 103237 49 103597 49 103957 49 104316 49 104676 49 105036 48 105397 47 105756 48 106117 46 106477 46 106837 45 107197 45 107557 44 107917 43 108278 42 108638 41 108998 41 109360 38 109720 38 110081 36 110442 34 110803 32 111168 26 111529 24 111893 18 112256 13 112619 8
670ebd9d674be236b9bf0b28650ad3f68e1891b06e16a9021fd069ca7ef32b78,234 38 594 38 954 39 1314 39 1674 40 2034 40 2394 41 2755 40 3115 40 3475 40 3835 40 4196 39 4556 40 4916 39 5276 40 5636 40 5995 40 6355 40 6715 40 7074 41 7434 40 7794 40 8154 39 8514 39 8874 38 9234 38 9594 38 9954 37 10315 36 10675 35 11036 33 11397 32 11758 29 12118 28 12479 25 12841 22 13204 15 13567 6 13574 1
670ebd9d674be236b9bf0b28650ad3f68e1891b06e16a9021fd069ca7ef32b78,164 32 523 33 887 28 1249 25 1611 22 1972 20 2338 13
670ebd9d674be236b9bf0b28650ad3f68e1891b06e16a9021fd069ca7ef32b78,35561 4 35920 7 36280 7 36640 7 37000 7 37361 4
670ebd9d674be236b9bf0b28650ad3f68e1891b06e16a9021fd069ca7ef32b78,34142 9 34499 13 34857 16 35215 19 35574 21 35932 23 36291 24 36619 5 36649 27 36976 13 37007 29 37335 17 37365 32 37695 19 37722 35 38054 23 38078 39 38414 63 38774 63 39133 64 39493 64 39853 64 40213 64 40573 64 40933 64 41293 64 41653 64 42013 64 42374 63 42734 63 43094 63 43454 63 43814 63 44175 61 44536 60 44896 60 45257 59 45618 58 45980 55 46341 54 46702 52 47063 50 47425 47 47787 44 48148 43 48510 39 48872 34 49234 31 49596 27 49959 20 50324 8
670ebd9d674be236b9bf0b28650ad3f68e1891b06e16a9021fd069ca7ef32b78,117257 4 117614 10 117972 14 118330 17 118688 20 119047 21 119406 23 119766 23 120125 25 120485 25 120844 26 121204 27 121563 28 121923 28 122283 28 122643 29 123003 29 123363 29 123723 30 124082 31 124442 31 124801 32 125160 33 125519 34 125879 34 126239 34 126598 35 126958 36 127318 36 127677 37 128037 37 128397 37 128757 37 129116 38 129476 37
670ebd9d674be236b9bf0b28650ad3f68e1891b06e16a9021fd069ca7ef32b78,111210 6 111565 14 111924 17 112283 19 112641 22 113000 24 113359 26 113719 26 114078 29 114438 29 114797 30 115156 32 115516 32 115876 33 116235 34 116595 34 116955 34 117314 36 117674 36 118034 36 118394 37 118754 37 119113 39 119473 38 119833 39 120193 39 120553 39 120913 39 121273 40 121633 40 121993 39 122353 40 122713 40 123073 41 123433 41 123793 41 124153 41 124513 42 124873 42 125233 42 125593 41 125953 41 126314 40 126674 40 127034 39 127394 39 127755 37 128115 36 128476 35 128837 33 129197 32 129558 30
670ebd9d674be236b9bf0b28650ad3f68e1891b06e16a9021fd069ca7ef32b78,49643 9 50001 14 50359 18 50717 21 51075 26 51434 28 51793 30 52152 33 52510 35 52869 38 53227 40 53586 42 53945 44 54305 44 54663 47 55023 47 55383 48 55742 49 56101 50 56460 51 56820 51 57179 52 57539 52 57899 52 58259 52 58619 52 58979 51 59338 52 59698 52 60058 51 60418 51 60778 50 61138 49 61498 48 61859 46 62219 46 62579 45 62939 45 63300 43 63660 43 64020 42 64380 42 64740 42 65101 40 65462 39 65822 38 66184 35 66545 33 66906 31 67266 29 67628 26 67990 22 68352 18 68715 14 69074 12
670ebd9d674be236b9bf0b28650ad3f68e1891b06e16a9021fd069ca7ef32b78,43962 7 44317 14 44675 18 45033 21 45392 24 45752 25 46110 27 46469 29 46828 30 47187 32 47546 34 47906 34 48265 35 48625 35 48985 35 49344 36 49704 36 50064 36 50423 37 50783 37 51142 38 51501 39 51861 39 52220 40 52579 41 52939 41 53298 42 53657 43 54017 43 54377 43 54736 43 55096 43 55456 43 55815 43 56175 43 56535 42 56895 42 57255 42 57615 42 57975 40 58335 40 58695 39 59055 38 59415 37 59775 36 60135 36 60495 35 60856 34 61216 33 61578 30 61938 30 62299 28 62659 28 63021 25 63384 21 63746 18 64108 15 64470 11 64834 1 64836 2
670ebd9d674be236b9bf0b28650ad3f68e1891b06e16a9021fd069ca7ef32b78,44008 10 44365 15 44722 20 45081 22 45439 25 45798 27 46157 30 46516 31 46875 33 47235 34 47594 35 47953 37 48313 37 48672 39 49031 40 49391 41 49751 41 50110 43 50470 44 50830 44 51189 46 51549 46 51909 46 52269 46 52629 46 52989 46 53348 47 53708 46 54068 45 54428 45 54788 45 55148 44 55508 44 55868 44 56228 43 56588 42 56948 43 57308 42 57668 41 58028 40 58389 38 58749 36 59109 35 59469 33 59830 31 60190 30 60551 28 60911 27 61272 25 61633 22 61994 20 62356 16 62718 13
670ebd9d674be236b9bf0b28650ad3f68e1891b06e16a9021fd069ca7ef32b78,73923 16 74280 24 74638 29 74997 32 75355 36 75714 38 76073 41 76433 42 76791 45 77150 47 77510 49 77869 52 78228 53 78588 55 78948 55 79307 58 79667 58 80027 59 80387 59 80746 61 81106 62 81466 63 81826 63 82186 64 82546 64 82905 66 83265 66 83625 66 83985 67 84345 67 84704 69 85064 69 85424 70 85784 70 86144 71 86504 71 86865 70 87225 70 87585 70 87945 70 88305 70 88666 69 89026 69 89387 67 89747 67 90108 66 90468 66 90829 64 91190 63 91551 61 91911 60 92272 58 92633 57 92994 55 93354 53 93715 50 94075 47 94437 42 94797 40 95158 35 95519 31 95881 26 96242 22 96605 18 96968 10 97331 6
670ebd9d674be236b9bf0b28650ad3f68e1891b06e16a9021fd069ca7ef32b78,28947 13 29306 16 29664 21 30023 23 30381 26 30740 28 31100 29 31459 31 31818 33 32177 34 32537 35 32896 37 33256 37 33615 38 33974 39 34334 40 34693 41 35053 41 35412 43 35772 43 36131 44 36490 45 36850 45 37209 46 37569 46 37928 48 38287 49 38646 50 39005 51 39365 51 39725 51 40084 53 40444 53 40803 54 41163 54 41522 55 41882 55 42242 55 42602 55 42961 56 43321 56 43681 56 44040 57 44400 57 44760 56 45120 56 45480 56 45841 54 46200 55 46560 55 46920 54 47281 52 47641 51 48001 50 48362 49 48722 49 49082 47 49443 46 49803 45 50164 43 50525 41 50885 39 51246 38 51606 35 51967 31 52328 26 52689 24 53050 21 53412 15 53773 10 54138 1
