6aa7dd0c88bec4f96cdd497f9c37779733033d9ec6513307461302d36bd32ac7,6098 4 6350 8 6605 9 6860 10 7116 10 7372 10 7628 10 7884 10 8140 9 8397 8 8654 5 8910 5 9167 2
6aa7dd0c88bec4f96cdd497f9c37779733033d9ec6513307461302d36bd32ac7,4488 9 4741 14 4996 16 5252 17 5508 18 5764 19 6019 20 6275 20 6531 20 6786 21 7043 20 7299 20 7555 19 7811 18 8067 17 8323 16 8581 13 8838 11 9095 9 9352 7 9610 4
6aa7dd0c88bec4f96cdd497f9c37779733033d9ec6513307461302d36bd32ac7,12746 5 13001 9 13256 10 13512 11 13767 12 14023 13 14279 13 14535 13 14791 12 15047 12 15304 11 15560 11 15817 9
6aa7dd0c88bec4f96cdd497f9c37779733033d9ec6513307461302d36bd32ac7,25076 9 25331 11 25585 14 25841 14 26097 14 26352 16 26608 16 26864 16 27120 16 27377 15 27633 14 27889 14 28146 12 28403 10 28660 8
6aa7dd0c88bec4f96cdd497f9c37779733033d9ec6513307461302d36bd32ac7,18071 5 18325 9 18579 12 18834 13 19088 15 19343 16 19598 17 19853 18 20109 18 20364 19 20620 19 20876 19 21132 19 21388 19 21644 19 21900 19 22158 16 22415 13 22672 11 22930 6
6aa7dd0c88bec4f96cdd497f9c37779733033d9ec6513307461302d36bd32ac7,7605 3 7859 7 8114 9 8370 10 8626 10 8882 10 9138 10 9395 9 9651 8 9909 4
6aa7dd0c88bec4f96cdd497f9c37779733033d9ec6513307461302d36bd32ac7,58625 1 58881 2 59137 3 59393 4 59649 4 59905 4 60161 5 60417 4 60673 4 60929 4 61185 4 61441 3 61697 3 61953 2 62209 2 62465 1
6aa7dd0c88bec4f96cdd497f9c37779733033d9ec6513307461302d36bd32ac7,6267 6 6522 8 6778 8 7033 10 7288 11 7544 11 7800 11 8056 11 8312 11 8568 11 8824 11 9080 11 9336 11 9592 11 9849 10 10105 9 10362 8 10619 6
6aa7dd0c88bec4f96cdd497f9c37779733033d9ec6513307461302d36bd32ac7,30089 1 30343 6 30597 10 30853 11 31108 13 31364 13 31619 14 31875 15 32131 15 32387 15 32643 14 32900 13 33156 13 33413 12 33669 11 33927 8 34186 1 34188 1
6aa7dd0c88bec4f96cdd497f9c37779733033d9ec6513307461302d36bd32ac7,184 19 440 20 694 22 948 24 1204 25 1459 26 1715 26 1972 25 2228 25 2485 24 2741 23 2997 23 3254 21 3511 20 3769 17 4027 14 4286 11 4545 6
