6ab24e7e1f6c9fdd371c5edae1bbb20abeeb976811f8ab2375880b4483860f4d,32154 4 32405 11 32660 18 32915 20 33170 22 33425 25 33681 26 33936 29 34190 33 34445 38 34699 48 34953 54 35208 59 35463 61 35719 61 35975 62 36231 62 36487 63 36743 63 36999 63 37255 64 37511 64 37768 64 38024 64 38280 64 38536 65 38793 64 39049 64 39305 65 39561 65 39817 66 40073 66 40330 65 40586 66 40842 66 41099 65 41355 65 41612 64 41868 63 42124 63 42381 62 42637 62 42894 61 43150 61 43406 61 43663 59 43919 59 44176 58 44433 57 44690 55 44947 54 45204 53 45461 52 45720 49 45977 47 46235 44 46492 42 46750 39 47008 36 47266 33 47530 23 47789 19 48046 14 48303 10 48560 4
6ab24e7e1f6c9fdd371c5edae1bbb20abeeb976811f8ab2375880b4483860f4d,93 39 349 39 605 38 862 37 1119 36 1376 35 1632 35 1889 34 2146 33 2402 32 2658 32 2915 30 3172 29 3429 28 3685 27 3942 24 4200 21 4458 18 4715 16 4973 12
6ab24e7e1f6c9fdd371c5edae1bbb20abeeb976811f8ab2375880b4483860f4d,67010 9 67264 12 67514 18 67769 20 68025 20 68280 21 68536 21 68791 21 69047 21 69303 20 69559 20 69815 20 70071 20 70326 20 70581 21 70837 20 71093 19 71349 18 71605 17 71861 16 72117 15 72373 14 72630 8 72886 6 73142 4 73399 2
6ab24e7e1f6c9fdd371c5edae1bbb20abeeb976811f8ab2375880b4483860f4d,60150 5 60401 16 60654 19 60909 20 61164 21 61419 22 61674 23 61929 24 62184 25 62440 25 62696 25 62951 26 63206 27 63461 28 63717 28 63972 29 64228 29 64483 30 64739 30 64994 31 65250 31 65505 32 65761 32 66017 32 66273 32 66529 32 66785 32 67041 32 67297 32 67553 32 67809 32 68065 32 68321 32 68577 32 68834 31 69090 31 69346 31 69602 31 69858 31 70115 30 70371 30 70627 30 70883 30 71140 29 71396 29 71652 29 71908 29 72165 28 72421 28 72677 28 72934 27 73190 27 73446 27 73703 26 73960 25 74216 25 74473 24 74729 24 74986 23 75243 22 75499 22 75755 22 76011 22 76268 21 76524 21 76781 20 77037 20 77293 20 77549 20 77805 20 78062 19 78318 19 78575 18 78831 18 79088 17 79344 17 79601 16 79857 16 80114 15 80370 15 80627 14 80884 13 81141 12 81398 11 81655 10 81911 10
6ab24e7e1f6c9fdd371c5edae1bbb20abeeb976811f8ab2375880b4483860f4d,54504 9 54759 11 55014 13 55270 14 55525 16 55781 16 56036 18 56292 19 56548 19 56803 20 57059 21 57316 20 57572 21 57828 22 58085 21 58341 21 58597 21 58854 20 59112 17 59369 16 59625 16 59882 15 60139 11 60396 5
6ab24e7e1f6c9fdd371c5edae1bbb20abeeb976811f8ab2375880b4483860f4d,32264 11 32518 17 32771 22 33025 26 33281 29 33537 32 33793 34 34049 35 34305 37 34561 38 34817 38 35073 37 35329 36 35585 35 35841 34 36097 33 36353 32 36609 31 36865 30 37121 30 37377 30 37633 30 37889 29 38145 29 38401 29 38657 29 38913 28 39169 28 39425 28 39681 28 39937 27 40193 27 40449 27 40705 27 40961 26 41217 26 41473 26 41729 26 41985 25 42241 25 42498 24 42755 22 43012 21 43269 20 43526 19 43783 17 44040 16 44297 15 44555 13 44812 11 45069 10 45326 9 45583 7 45840 6 46097 5 46354 4 46611 2
6ab24e7e1f6c9fdd371c5edae1bbb20abeeb976811f8ab2375880b4483860f4d,240 16 496 17 751 18 1007 18 1262 19 1519 18 1775 18 2032 17 2288 17 2544 17 2800 17 3056 17 3313 16 3569 16 3826 15 4083 14 4340 13 4597 12 4854 11 5111 10 5368 9 5625 8 5882 7 6139 6 6396 5 6653 4 6910 3 7167 2
6ab24e7e1f6c9fdd371c5edae1bbb20abeeb976811f8ab2375880b4483860f4d,53505 2 53761 4 54017 5 54273 6 54529 7 54785 8 55041 9 55297 10 55553 10 55809 10 56065 11 56321 12 56577 12 56833 12 57089 13 57345 13 57601 13 57857 13 58113 13 58369 14 58625 14 58881 14 59137 14 59393 14 59649 14 59905 14 60161 14 60417 14 60673 14 60929 14 61185 14 61441 15 61697 15 61953 15 62209 15 62465 15 62721 14 62977 14 63233 14 63489 14 63745 14 64001 14 64257 13 64513 13 64769 12 65025 12 65281 12 65537 11 65793 10 66049 10 66305 9 66561 8 66817 8 67073 7 67329 6 67585 4 67841 3 68097 1
6ab24e7e1f6c9fdd371c5edae1bbb20abeeb976811f8ab2375880b4483860f4d,49760 5 50007 17 50262 19 50517 20 50773 21 51028 23 51283 25 51538 27 51793 28 52049 29 52305 29 52561 30 52817 31 53072 33 53327 34 53583 34 53838 35 54094 36 54350 36 54605 37 54861 37 55116 38 55372 38 55627 39 55883 39 56139 39 56394 40 56650 40 56906 39 57161 40 57417 40 57673 40 57929 40 58185 40 58440 41 58695 42 58951 43 59207 43 59463 43 59719 43 59975 42 60231 42 60487 41 60742 41 60998 41 61254 41 61510 41 61766 40 62022 40 62278 40 62534 39 62790 39 63046 39 63302 38 63558 38 63814 38 64070 37 64326 37 64582 36 64838 36 65095 34 65351 33 65607 33 65864 31 66120 31 66376 30 66632 30 66889 28 67146 25 67403 23 67662 19 67920 14 68180 5
6ab24e7e1f6c9fdd371c5edae1bbb20abeeb976811f8ab2375880b4483860f4d,20737 1 20993 1 21249 1 21505 1 21761 1 22017 2 22273 2 22529 3 22785 3 23041 3 23297 4 23553 4 23809 4 24065 4 24321 5 24577 5 24833 5 25089 5 25345 6 25601 6 25857 6 26113 6 26369 6 26625 6 26881 6 27137 6 27393 6 27649 6 27905 6 28161 5
6ab24e7e1f6c9fdd371c5edae1bbb20abeeb976811f8ab2375880b4483860f4d,74696 5 74951 8 75207 10 75462 13 75718 14 75973 15 76229 16 76485 17 76741 18 76997 19 77253 20 77509 20 77764 21 78020 21 78276 21 78531 22 78787 23 79043 23 79299 23 79555 23 79811 23 80066 24 80322 25 80578 25 80834 25 81090 25 81346 26 81601 27 81857 27
6ab24e7e1f6c9fdd371c5edae1bbb20abeeb976811f8ab2375880b4483860f4d,39533 9 39788 13 40043 15 40298 16 40553 17 40808 19 41064 19 41320 19 41576 20 41832 20 42088 20 42344 21 42600 21 42856 21 43112 22 43368 23 43624 23 43880 24 44136 25 44392 26 44648 26 44904 27 45160 27 45417 26 45673 27 45929 27 46185 28 46441 28 46697 29 46953 29 47209 29 47465 29 47721 28 47977 27 48233 25 48489 24 48746 23 49002 22 49258 22 49514 21 49771 20 50028 18 50285 17 50541 16 50798 15 51054 14 51310 14 51567 12 51824 10 52081 8 52337 8 52594 6 52851 4 53108 2
6ab24e7e1f6c9fdd371c5edae1bbb20abeeb976811f8ab2375880b4483860f4d,2855 8 3103 17 3358 19 3613 21 3868 23 4123 24 4378 26 4634 27 4889 29 5145 30 5400 32 5656 33 5911 34 6167 34 6422 36 6678 37 6934 37 7189 38 7445 39 7700 40 7955 41 8211 42 8467 42 8723 43 8979 43 9234 44 9489 46 9745 46 10001 45 10256 46 10512 46 10768 46 11024 46 11280 46 11536 46 11792 46 12049 45 12305 45 12562 44 12818 44 13075 43 13332 41 13589 40 13845 41 14101 41 14357 41 14613 41 14869 41 15126 40 15382 40 15639 39 15896 38 16153 37 16410 36 16666 35 16923 34 17180 33 17437 31 17694 30 17951 29 18208 28 18466 26 18723 24 18981 21 19239 18 19499 12
6ab24e7e1f6c9fdd371c5edae1bbb20abeeb976811f8ab2375880b4483860f4d,12388 6 12639 12 12894 13 13149 15 13404 17 13659 20 13913 23 14168 24 14423 25 14678 27 14933 28 15189 28 15446 27 15702 27 15958 27 16214 27 16470 26 16726 26 16983 25 17241 23 17498 22 17756 20 18013 19 18269 18 18526 17 18783 16 19040 14 19297 12 19554 5 19562 2
6ab24e7e1f6c9fdd371c5edae1bbb20abeeb976811f8ab2375880b4483860f4d,17987 4 18242 6 18498 6 18753 7 19009 7 19264 7 19520 7 19776 7 19793 5 20032 7 20048 8 20288 7 20304 10 20544 7 20560 11 20800 7 20816 13 21056 7 21072 14 21313 6 21328 16 21569 6 21583 19 21825 7 21837 23 22081 8 22092 26 22337 38 22593 39 22849 39 23105 40 23361 41 23618 41 23874 42 24131 41 24388 41 24644 41 24901 41 25158 40 25414 41 25670 41 25926 42 26183 41 26439 42 26695 42 26951 41 27208 40 27464 40 27721 40 27977 40 28233 41 28489 41 28746 40 29002 40 29259 39 29515 40 29771 40 30028 39 30284 39 30540 40 30797 39 31053 39 31310 38 31567 36 31824 35 32081 34 32337 34 32594 32 32851 31 33108 31 33365 30 33623 28 33880 28 34136 28 34393 27 34650 26 34907 24 35164 23 35421 22 35678 21 35935 20 36192 19 36449 18 36705 17 36962 15 37219 13 37477 10
6ab24e7e1f6c9fdd371c5edae1bbb20abeeb976811f8ab2375880b4483860f4d,151 33 406 35 661 37 916 40 1172 41 1427 43 1683 45 1939 46 2194 47 2449 49 2704 51 2960 52 3215 54 3471 55 3727 56 3982 58 4237 60 4492 63 4748 64 5003 66 5258 67 5514 68 5770 68 6026 69 6281 70 6536 72 6791 73 7047 74 7302 75 7557 76 7813 77 8069 77 8325 77 8581 77 8837 78 9093 78 9349 78 9605 79 9861 79 10118 78 10375 78 10631 78 10887 78 11144 77 11401 76 11657 76 11914 75 12170 44 12229 16 12426 43 12486 15 12683 38 12743 13 12940 35 13000 12 13197 32 13257 11 13454 30 13515 8 13711 28 13772 6 13968 27 14226 24 14483 23 14740 22 14997 21 15255 19 15513 17 15772 14 16029 13 16286 12 16546 8
6ab24e7e1f6c9fdd371c5edae1bbb20abeeb976811f8ab2375880b4483860f4d,48008 3 48263 7 48517 11 48772 15 49028 17 49283 21 49538 25 49794 27 50049 31 50305 33 50560 35 50815 37 51071 38 51327 39 51583 40 51839 42 52095 43 52351 44 52607 46 52863 48 53119 49 53375 51 53631 52 53887 53 54143 54 54399 54 54655 54 54911 54 55168 54 55424 54 55680 54 55936 54 56192 54 56448 54 56704 55 56960 55 57216 55 57472 55 57728 55 57984 55 58240 55 58496 55 58752 55 59008 54 59265 53 59521 53 59777 53 60034 52 60290 51 60546 51 60803 50 61059 50 61315 49 61572 47 61828 46 62084 45 62341 43 62597 42 62854 40 63110 39 63367 37 63624 34 63880 33 64137 30 64393 29 64650 27 64906 25 65163 23 65420 18 65677 15 65935 12 66193 8
6ab24e7e1f6c9fdd371c5edae1bbb20abeeb976811f8ab2375880b4483860f4d,55865 13 56117 18 56371 20 56626 21 56878 25 57132 27 57387 28 57641 30 57895 32 58150 33 58405 34 58659 36 58913 38 59168 39 59423 40 59678 41 59933 42 60189 42 60444 43 60700 42 60955 43 61211 43 61467 43 61723 43 61979 43 62235 43 62491 42 62747 41 63003 41 63259 40 63515 40 63771 40 64027 40 64283 40 64539 40 64796 39 65052 39 65308 39 65564 38 65820 38 66076 37 66333 36 66590 34 66847 32 67104 31 67361 29 67619 26 67876 22 68134 19 68394 13
6ab24e7e1f6c9fdd371c5edae1bbb20abeeb976811f8ab2375880b4483860f4d,36916 9 37169 15 37424 19 37678 22 37933 24 38188 27 38443 29 38697 32 38952 33 39208 34 39464 36 39719 38 39974 40 40229 42 40484 43 40740 44 40996 45 41252 45 41508 46 41764 46 42020 47 42275 48 42530 50 42786 50 43041 51 43297 51 43553 52 43808 53 44064 53 44320 53 44575 55 44831 55 45087 55 45343 55 45599 55 45855 55 46112 54 46368 54 46624 54 46880 54 47136 53 47392 53 47649 52 47905 52 48161 51 48417 51 48673 50 48930 49 49187 48 49444 47 49700 47 49956 47 50212 46 50469 45 50725 44 50981 44 51238 42 51495 40 51751 39 52008 38 52264 37 52521 35 52778 34 53034 33 53291 31 53549 28 53806 26 54064 22 54324 11
6ab24e7e1f6c9fdd371c5edae1bbb20abeeb976811f8ab2375880b4483860f4d,12471 5 12723 13 12978 17 13233 21 13487 26 13742 28 13997 34 14252 36 14508 37 14764 38 15019 40 15274 42 15530 43 15786 45 16042 46 16298 47 16554 48 16810 49 17066 50 17322 52 17578 54 17834 55 18091 55 18347 56 18603 57 18859 58 19115 60 19372 60 19628 61 19884 62 20141 62 20398 62 20655 62 20912 62 21169 63 21426 63 21682 64 21939 63 22196 63 22455 61 22712 61 22969 61 23226 60 23484 58 23741 57 23998 56 24256 54 24513 53 24770 53 25028 51 25285 50 25542 49 25799 48 26057 46 26314 45 26571 44 26829 41 27086 40 27343 39 27600 38 27858 35 28115 34 28372 32 28633 26 28895 18 29157 11
