6af82abb29539000be4696884fc822d3cafcb2105906dc7582c92dccad8948c5,31897 4 32152 6 32408 7 32664 7 32919 7 33174 8 33429 9 33685 9 33941 9 34197 9 34454 9 34711 9 34967 10 35223 10 35480 8 35739 4
6af82abb29539000be4696884fc822d3cafcb2105906dc7582c92dccad8948c5,183 13 440 11 697 10 953 10 1210 9 1466 8 1723 6
6af82abb29539000be4696884fc822d3cafcb2105906dc7582c92dccad8948c5,1577 3 1831 6 2086 8 2342 8 2598 8 2854 7 3111 6 3368 4
6af82abb29539000be4696884fc822d3cafcb2105906dc7582c92dccad8948c5,1515 3 1770 5 2023 8 2278 9 2533 9 2789 9 3046 8 3302 8 3558 8 3814 8 4070 8 4326 7 4582 7 4838 7 5095 5 5352 3
6af82abb29539000be4696884fc822d3cafcb2105906dc7582c92dccad8948c5,6091 4 6345 7 6600 9 6855 11 7110 12 7366 12 7621 13 7877 12 8133 11 8389 6 8645 4 8902 2
6af82abb29539000be4696884fc822d3cafcb2105906dc7582c92dccad8948c5,7919 3 8172 8 8426 11 8681 13 8936 15 9192 16 9449 16 9710 11 9967 10 10224 9 10481 7
6af82abb29539000be4696884fc822d3cafcb2105906dc7582c92dccad8948c5,10591 5 10845 9 11100 11 11355 12 11611 12 11867 12 12123 13 12380 12 12636 12 12893 10 13150 9 13407 7 13664 5
6af82abb29539000be4696884fc822d3cafcb2105906dc7582c92dccad8948c5,38016 7 38269 12 38524 14 38779 15 39034 17 39290 17 39546 16 39801 16 40057 8 40313 6 40569 5 40826 3
6af82abb29539000be4696884fc822d3cafcb2105906dc7582c92dccad8948c5,36826 3 37080 6 37334 9 37588 12 37842 14 38097 15 38352 16 38607 17 38863 16 39119 16 39375 15 39631 14 39888 13 40145 11 40402 8
6af82abb29539000be4696884fc822d3cafcb2105906dc7582c92dccad8948c5,9342 4 9597 7 9853 8 10109 8 10365 9 10621 9 10878 9 11134 9 11391 8 11647 8 11903 8 12159 8 12416 6 12673 4
6af82abb29539000be4696884fc822d3cafcb2105906dc7582c92dccad8948c5,44343 3 44596 7 44851 9 45106 10 45362 10 45618 10 45873 11 46128 11 46384 11 46640 10 46895 10 47151 9 47407 8 47664 4
6af82abb29539000be4696884fc822d3cafcb2105906dc7582c92dccad8948c5,23211 5 23466 8 23721 10 23974 13 24229 15 24485 16 24741 16 24997 16 25253 17 25510 16 25766 16 26023 15 26280 13 26537 12 26794 10 27052 6
6af82abb29539000be4696884fc822d3cafcb2105906dc7582c92dccad8948c5,39489 5 39744 7 40000 9 40256 10 40513 11 40769 12 41025 13 41281 13 41537 12 41794 8
6af82abb29539000be4696884fc822d3cafcb2105906dc7582c92dccad8948c5,23526 4 23781 7 24036 9 24291 10 24547 10 24803 10 25059 10 25315 10 25571 10 25828 8 26085 4
6af82abb29539000be4696884fc822d3cafcb2105906dc7582c92dccad8948c5,1753 5 2007 8 2262 9 2517 10 2772 11 3027 11 3283 11 3540 9 3799 4
6af82abb29539000be4696884fc822d3cafcb2105906dc7582c92dccad8948c5,2398 2 2653 7 2909 10 3165 11 3421 12 3677 12 3933 11 4189 11 4446 9 4704 2
6af82abb29539000be4696884fc822d3cafcb2105906dc7582c92dccad8948c5,32824 3 33079 5 33335 5 33591 6 33847 8 34103 9 34360 8 34616 8 34872 7 35128 6 35384 6 35641 5 35898 3
6af82abb29539000be4696884fc822d3cafcb2105906dc7582c92dccad8948c5,1286 2 1539 6 1794 8 2050 8 2305 9 2561 8 2817 7 3073 7 3329 7 3585 7 3841 7 4097 7 4353 7 4609 7 4865 7 5122 6 5380 3
6af82abb29539000be4696884fc822d3cafcb2105906dc7582c92dccad8948c5,40627 6 40881 11 41136 13 41392 13 41648 13 41905 11
6af82abb29539000be4696884fc822d3cafcb2105906dc7582c92dccad8948c5,17868 5 18123 7 18378 9 18634 9 18889 10 19145 10 19402 8 19658 8 19915 6
6af82abb29539000be4696884fc822d3cafcb2105906dc7582c92dccad8948c5,51325 3 51580 5 51835 6 52090 8 52345 9 52599 11 52854 12 53109 12 53365 11 53621 8 53877 7 54134 5
6af82abb29539000be4696884fc822d3cafcb2105906dc7582c92dccad8948c5,99 4 354 8 609 10 865 10 1121 10 1377 10 1633 10 1890 8 2150 3
6af82abb29539000be4696884fc822d3cafcb2105906dc7582c92dccad8948c5,7276 5 7531 8 7787 9 8043 10 8299 11 8554 12 8809 13 9065 13 9321 12 9577 11 9834 9
6af82abb29539000be4696884fc822d3cafcb2105906dc7582c92dccad8948c5,38453 5 38708 8 38963 10 39219 10 39475 10 39732 9 39989 8 40246 7 40503 5
6af82abb29539000be4696884fc822d3cafcb2105906dc7582c92dccad8948c5,64137 6 64392 8 64648 9 64904 10 65160 10 65416 10
6af82abb29539000be4696884fc822d3cafcb2105906dc7582c92dccad8948c5,37304 2 37559 4 37814 7 38070 8 38326 9 38581 10 38836 11 39092 10 39348 10 39605 8 39862 5
6af82abb29539000be4696884fc822d3cafcb2105906dc7582c92dccad8948c5,23487 3 23742 5 23997 7 24252 8 24507 9 24763 9 25019 9 25275 9 25532 7 25789 5 26046 3
6af82abb29539000be4696884fc822d3cafcb2105906dc7582c92dccad8948c5,42493 3 42740 4 42747 6 42995 14 43250 15 43505 16 43761 16 44017 16 44273 16 44529 16 44786 15 45042 15 45299 14 45557 5 45565 4
6af82abb29539000be4696884fc822d3cafcb2105906dc7582c92dccad8948c5,59982 9 60237 12 60492 14 60748 14 61004 14 61260 14 61517 13 61777 8 62034 4
6af82abb29539000be4696884fc822d3cafcb2105906dc7582c92dccad8948c5,43973 4 44228 6 44483 8 44738 9 44994 9 45251 8 45507 9 45764 8 46020 7 46277 5
6af82abb29539000be4696884fc822d3cafcb2105906dc7582c92dccad8948c5,56207 3 56462 5 56718 5 56973 6 57228 8 57483 9 57735 12 57990 13 58246 12 58502 11 58759 9 59016 7 59273 5
6af82abb29539000be4696884fc822d3cafcb2105906dc7582c92dccad8948c5,48779 6 49034 8 49289 10 49544 12 49799 13 50054 14 50310 14 50565 15 50821 15 51077 14 51333 14 51589 14 51845 13 52101 12 52358 10 52616 6 52873 4
6af82abb29539000be4696884fc822d3cafcb2105906dc7582c92dccad8948c5,36973 2 37228 4 37484 4 37739 6 37995 8 38251 13 38508 13 38765 12 39022 10
6af82abb29539000be4696884fc822d3cafcb2105906dc7582c92dccad8948c5,6919 4 7173 7 7428 8 7684 8 7939 10 8194 11 8449 12 8705 12 8961 12 9217 5 9224 5 9473 4 9481 3 9729 4 9985 3
6af82abb29539000be4696884fc822d3cafcb2105906dc7582c92dccad8948c5,37780 4 38035 6 38291 7 38547 8 38803 8 39059 9 39315 9 39570 10 39827 9 40084 8 40341 6 40598 4
6af82abb29539000be4696884fc822d3cafcb2105906dc7582c92dccad8948c5,14828 4 15082 7 15337 9 15593 9 15849 9 16105 9 16361 9 16617 9 16874 8 17131 6 17389 3
6af82abb29539000be4696884fc822d3cafcb2105906dc7582c92dccad8948c5,3454 6 3709 8 3964 10 4220 10 4475 11 4731 11 4988 10 5244 9 5501 7 5758 5
6af82abb29539000be4696884fc822d3cafcb2105906dc7582c92dccad8948c5,39822 5 40077 7 40333 8 40590 8 40846 8 41102 8 41359 7 41616 5 41873 3
6af82abb29539000be4696884fc822d3cafcb2105906dc7582c92dccad8948c5,40492 8 40746 11 41001 13 41257 13 41513 13 41769 13 42025 12 42282 10
6af82abb29539000be4696884fc822d3cafcb2105906dc7582c92dccad8948c5,30912 6 31167 8 31422 10 31677 12 31932 13 32188 13 32444 13 32700 12 32957 10 33214 6
6af82abb29539000be4696884fc822d3cafcb2105906dc7582c92dccad8948c5,42084 6 42339 8 42595 9 42850 11 43105 12 43361 12 43617 11 43872 11 44127 11 44383 10 44639 9 44896 7 45154 4
6af82abb29539000be4696884fc822d3cafcb2105906dc7582c92dccad8948c5,14787 5 15041 8 15296 10 15552 10 15807 11 16063 11 16319 11 16575 10 16832 9 17088 8 17344 6 17601 3
6af82abb29539000be4696884fc822d3cafcb2105906dc7582c92dccad8948c5,44393 1 44648 8 44903 10 45158 11 45413 12 45669 12 45925 13 46180 14 46436 14 46692 14 46949 12 47206 10 47466 5
6af82abb29539000be4696884fc822d3cafcb2105906dc7582c92dccad8948c5,29318 4 29570 9 29825 11 30080 12 30335 13 30591 13 30848 11
6af82abb29539000be4696884fc822d3cafcb2105906dc7582c92dccad8948c5,33584 7 33839 8 34094 9 34350 10 34606 10 34862 10 35118 10 35374 10 35630 11 35887 10 36143 9 36399 8 36656 6 36913 4
