6b72b61b80060a9e79a4747f9c5d5af135af9db466681c2d1086f784c7130699,156725 5 157243 11 157762 14 158282 15 158801 17 159321 19 159840 21 160360 23 160880 24 161400 25 161921 25 162441 26 162962 26 163482 27 164002 27 164522 28 165043 27 165565 26 166086 25 166606 25 167126 26 167647 25 168168 24 168689 23 169210 22 169731 21 170252 20 170773 19 171295 16 171817 13 172340 9
6b72b61b80060a9e79a4747f9c5d5af135af9db466681c2d1086f784c7130699,272518 8 273035 12 273554 14 274074 15 274594 15 275113 17 275633 17 276153 18 276673 18 277192 20 277712 20 278233 20 278753 20 279273 20 279793 20 280313 21 280833 21 281353 21 281874 20 282394 20 282914 20 283435 18 283955 18 284475 18 284996 16 285517 13 286040 9 286562 4
6b72b61b80060a9e79a4747f9c5d5af135af9db466681c2d1086f784c7130699,139855 2 140373 8 140892 10 141411 11 141931 12 142450 13 142969 15 143488 17 144008 20 144528 21 145048 22 145568 22 146088 23 146609 23 147129 23 147649 23 148170 23 148690 23 149211 22 149732 21 150253 20 150773 20 151293 20 151813 20 152333 19 152854 18 153374 15 153895 12 154416 8 154938 3
6b72b61b80060a9e79a4747f9c5d5af135af9db466681c2d1086f784c7130699,157989 5 158504 12 159022 16 159538 21 160056 23 160573 27 161092 28 161610 30 162129 31 162648 32 163167 33 163686 34 164205 35 164725 35 165244 35 165764 34 166284 34 166804 33 167324 32 167844 31 168364 30 168885 28 169405 27 169926 25 170447 22 170968 18 171490 14
6b72b61b80060a9e79a4747f9c5d5af135af9db466681c2d1086f784c7130699,81706 6 82222 10 82741 12 83260 14 83779 16 84298 21 84817 23 85337 28 85857 28 86376 30 86896 30 87416 30 87936 31 88457 30 88977 30 89498 29 90018 28 90539 26 91060 24 91581 22 92102 19 92623 17 93144 15 93665 13 94186 11 94707 10 95229 7
6b72b61b80060a9e79a4747f9c5d5af135af9db466681c2d1086f784c7130699,249604 9 250123 11 250641 14 251161 15 251681 15 252201 16 252721 16 253241 16 253761 17 254281 17 254801 17 255321 18 255841 18 256361 18 256881 18 257401 18 257921 18 258441 18 258961 18 259481 18 260001 17 260521 17 261041 17 261561 17 262082 15 262603 14 263124 12 263645 11 264167 8 264688 4
6b72b61b80060a9e79a4747f9c5d5af135af9db466681c2d1086f784c7130699,93813 3 94330 8 94849 10 95367 14 95886 16 96406 17 96925 20 97444 22 97964 23 98484 25 99004 26 99523 28 100043 29 100563 30 101083 30 101603 31 102124 30 102644 31 103165 30 103686 29 104207 28 104728 26 105249 25 105770 23 106292 20 106815 16
6b72b61b80060a9e79a4747f9c5d5af135af9db466681c2d1086f784c7130699,231312 7 231830 14 232347 20 232866 23 233386 24 233906 25 234425 26 234944 27 235464 27 235984 27 236504 28 237025 27 237546 26 238067 25 238588 23 239109 20 239630 18 240150 16 240671 14 241192 13 241712 13 242233 12 242753 12 243274 10 243795 8 244316 6
6b72b61b80060a9e79a4747f9c5d5af135af9db466681c2d1086f784c7130699,45291 6 45810 9 46329 14 46848 20 47367 22 47887 24 48407 25 48927 26 49447 26 49968 26 50488 26 51008 27 51528 27 52048 27 52569 26 53089 26 53610 25 54131 24 54652 22 55173 21 55695 18 56217 16 56739 13 57261 10 57785 3
6b72b61b80060a9e79a4747f9c5d5af135af9db466681c2d1086f784c7130699,165717 3 166234 9 166752 14 167270 19 167789 21 168308 26 168827 28 169346 29 169865 31 170384 33 170903 34 171422 36 171942 36 172462 36 172982 36 173502 36 174022 36 174542 36 175062 36 175582 36 176102 35 176622 34 177142 33 177662 32 178184 29 178705 27 179225 25 179746 22 180268 17 180789 14 181310 10
6b72b61b80060a9e79a4747f9c5d5af135af9db466681c2d1086f784c7130699,231980 6 232497 10 233015 14 233534 16 234053 18 234572 20 235092 21 235612 21 236132 22 236652 23 237173 22 237693 22 238214 22 238735 21 239255 21 239776 20 240297 19 240819 17 241340 16 241861 14 242382 13 242903 12 243424 10 243945 8
6b72b61b80060a9e79a4747f9c5d5af135af9db466681c2d1086f784c7130699,216262 15 216780 20 217298 24 217817 26 218336 28 218856 29 219375 31 219895 32 220415 32 220935 33 221455 33 221975 33 222495 34 223015 34 223536 33 224057 32 224578 31 225099 29 225620 27 226141 25 226662 23 227184 19 227706 14 228230 7
6b72b61b80060a9e79a4747f9c5d5af135af9db466681c2d1086f784c7130699,62170 3 62687 9 63206 11 63725 13 64244 15 64763 17 65283 17 65802 18 66322 19 66841 21 67359 22 67877 23 68395 25 68913 27 69432 27 69951 28 70470 28 70989 29 71509 28 72029 27 72549 27 73069 27 73590 26 74110 25 74631 23 75151 23 75671 22 76192 21 76713 20 77234 18 77756 14 78278 9
6b72b61b80060a9e79a4747f9c5d5af135af9db466681c2d1086f784c7130699,84385 3 84903 8 85422 12 85941 15 86460 19 86980 20 87500 21 88020 22 88540 23 89061 23 89581 23 90101 23 90621 24 91141 24 91662 23 92182 23 92702 24 93222 24 93742 24 94261 25 94781 25 95301 25 95821 25 96341 24 96861 24 97380 24 97900 23 98421 22 98941 21 99461 20 99982 18 100503 16 101025 12 101549 2
6b72b61b80060a9e79a4747f9c5d5af135af9db466681c2d1086f784c7130699,196500 7 197018 12 197536 17 198055 19 198574 21 199093 23 199613 24 200133 25 200652 27 201172 28 201691 30 202211 30 202730 32 203250 33 203770 33 204290 33 204811 32 205331 32 205852 31 206373 30 206895 27 207419 22 207942 18 208465 5 208474 3
6b72b61b80060a9e79a4747f9c5d5af135af9db466681c2d1086f784c7130699,148788 4 149305 10 149824 14 150343 17 150862 20 151381 22 151901 23 152421 24 152941 26 153461 27 153982 27 154502 28 155022 29 155542 30 156063 30 156583 31 157104 31 157624 31 158145 31 158665 31 159186 31 159707 30 160228 30 160749 29 161270 28 161792 26 162313 25 162835 23 163356 22 163877 20 164399 18 164920 17 165441 15 165963 12 166484 10 167006 6
6b72b61b80060a9e79a4747f9c5d5af135af9db466681c2d1086f784c7130699,321400 1 321916 6 322435 8 322954 10 322966 3 323472 18 323986 24 324504 27 325023 28 325541 30 326059 32 326578 33 327097 34 327616 35 328135 36 328654 36 329174 36 329694 36 330214 35 330734 35 331254 34 331774 33 332294 32 332814 30 333334 29 333855 24 334376 20
6b72b61b80060a9e79a4747f9c5d5af135af9db466681c2d1086f784c7130699,104889 7 105408 12 105927 15 106445 19 106963 22 107482 24 108002 24 108521 26 109041 26 109561 26 110081 26 110601 26 111121 26 111640 27 112160 27 112680 27 113200 26 113720 26 114240 25 114760 24 115280 23 115801 20 116321 18 116842 16 117364 12 117885 8
6b72b61b80060a9e79a4747f9c5d5af135af9db466681c2d1086f784c7130699,241667 12 242185 16 242703 22 243221 26 243740 28 244259 31 244778 34 245298 36 245818 37 246339 37 246859 38 247379 39 247900 39 248420 40 248940 40 249460 40 249981 39 250503 37 251024 36 251545 35 252066 34 252588 31 253109 30 253630 28 254151 26 254672 23 255193 19 255721 9
6b72b61b80060a9e79a4747f9c5d5af135af9db466681c2d1086f784c7130699,220010 3 220529 8 221046 13 221565 15 222084 18 222603 20 223123 20 223643 21 224163 22 224683 22 225203 22 225723 21 226243 21 226763 21 227283 20 227804 19 228324 18 228845 16 229365 14 229886 12 230406 10 230927 7 231448 4
6b72b61b80060a9e79a4747f9c5d5af135af9db466681c2d1086f784c7130699,315084 4 315600 11 316119 13 316638 15 317157 17 317676 19 318195 20 318714 21 319234 21 319753 22 320273 22 320792 23 321311 24 321831 23 322351 23 322871 23 323391 23 323911 22 324431 21 324952 20 325473 18 325993 17 326514 14 327035 7
6b72b61b80060a9e79a4747f9c5d5af135af9db466681c2d1086f784c7130699,306571 7 307090 11 307609 13 308128 15 308647 17 309166 19 309686 20 310205 21 310725 22 311245 23 311764 24 312284 25 312804 25 313324 25 313844 26 314364 26 314884 26 315404 26 315924 26 316444 26 316965 26 317485 26 318005 26 318525 26 319046 25 319566 25 320087 23 320608 22 321128 22 321649 21 322169 20 322690 19 323211 18 323732 16 324253 15 324774 13 325295 11 325816 9 326340 3
6b72b61b80060a9e79a4747f9c5d5af135af9db466681c2d1086f784c7130699,104193 5 104712 9 105232 12 105751 14 106271 14 106792 13 107313 13 107833 14 108353 14 108872 15 109392 15 109912 14 110432 14 110952 14 111472 14 111992 14 112512 14 113032 14 113551 16 114071 16 114591 16 115111 16 115631 16 116151 16 116671 16 117191 16 117712 15 118233 14 118754 12 119274 12 119795 11 120318 7 120842 2
6b72b61b80060a9e79a4747f9c5d5af135af9db466681c2d1086f784c7130699,227332 6 227848 11 228364 16 228882 19 229399 22 229917 25 230435 27 230954 29 231474 29 231993 30 232513 30 233033 30 233553 30 234073 30 234593 29 235113 26 235633 23 236154 20 236675 16 237196 14 237717 11 238238 9 238759 7
6b72b61b80060a9e79a4747f9c5d5af135af9db466681c2d1086f784c7130699,307422 2 307939 9 308458 11 308977 14 309496 16 310015 18 310535 19 311054 20 311573 22 312092 23 312611 24 313131 24 313651 24 314170 25 314690 24 315210 24 315729 24 316249 24 316769 23 317289 22 317809 21 318329 20 318849 19 319369 18 319889 17 320410 14 320930 13 321451 10 321972 8
6b72b61b80060a9e79a4747f9c5d5af135af9db466681c2d1086f784c7130699,28884 7 29403 10 29922 12 30441 14 30458 4 30961 22 31481 25 32001 26 32521 26 33041 27 33561 27 34081 28 34602 27 35122 27 35642 27 36162 27 36682 26 37203 24 37724 22 38245 20 38766 18 39287 15 39809 12
6b72b61b80060a9e79a4747f9c5d5af135af9db466681c2d1086f784c7130699,278104 9 278620 15 279138 19 279657 21 280176 23 280696 24 281216 25 281735 27 282255 28 282774 29 283294 30 283814 31 284334 32 284854 32 285374 32 285895 30 286415 30 286935 31 287455 31 287975 31 288495 31 289015 31 289535 31 290055 31 290575 31 291096 29 291616 28 292136 28 292656 27 293177 25 293697 24 294218 22 294739 19 295261 14 295787 4
6b72b61b80060a9e79a4747f9c5d5af135af9db466681c2d1086f784c7130699,202655 9 203174 11 203691 16 204210 18 204729 19 205249 20 205769 20 206289 20 206808 21 207328 21 207847 21 208367 20 208887 20 209408 19 209929 18 210449 19 210969 19 211488 20 212008 20 212528 20 213049 19 213569 19 214089 19 214610 18 215131 17 215652 16 216172 16 216692 16 217213 14 217734 13 218255 11 218776 9 219301 2
6b72b61b80060a9e79a4747f9c5d5af135af9db466681c2d1086f784c7130699,38617 15 39135 19 39654 24 40173 26 40692 28 41212 30 41732 31 42251 33 42771 34 43291 35 43811 35 44331 36 44852 36 45372 36 45892 36 46412 36 46933 35 47453 35 47974 34 48494 34 49015 33 49536 31 50057 30 50579 27 51101 25 51623 23 52146 19 52668 16 53190 14 53711 12 54233 9
6b72b61b80060a9e79a4747f9c5d5af135af9db466681c2d1086f784c7130699,107337 15 107856 17 108374 20 108893 21 109412 22 109932 22 110452 22 110971 23 111491 23 112011 23 112531 23 113051 23 113571 23 114091 23 114611 23 115131 23 115651 23 116171 23 116691 22 117212 21 117733 19 118253 18 118777 13 119299 8
6b72b61b80060a9e79a4747f9c5d5af135af9db466681c2d1086f784c7130699,68 27 588 27 1108 27 1628 26 2148 25 2668 25 3189 23 3710 17 4232 9 4753 3
6b72b61b80060a9e79a4747f9c5d5af135af9db466681c2d1086f784c7130699,70053 9 70568 15 71087 17 71605 20 72124 22 72643 23 73163 23 73682 25 74201 26 74721 26 75240 27 75760 27 76280 27 76800 27 77320 27 77840 27 78361 26 78882 24 79403 22 79925 19 80447 16 80969 10
6b72b61b80060a9e79a4747f9c5d5af135af9db466681c2d1086f784c7130699,411 17 930 19 1449 20 1968 21 2487 22 3006 24 3525 25 4045 25 4564 26 5083 27 5603 28 6123 28 6643 28 7162 29 7682 29 8202 29 8722 29 9242 29 9762 28 10283 27 10803 27 11323 26 11844 23 12365 20 12888 16 13418 3
6b72b61b80060a9e79a4747f9c5d5af135af9db466681c2d1086f784c7130699,306837 2 307349 11 307866 14 308385 15 308904 17 309423 18 309941 21 310460 22 310980 23 311500 23 312020 23 312540 23 313060 23 313580 23 314100 23 314620 23 315140 23 315660 22 316181 21 316701 21 317221 21 317741 20 318261 20 318782 18 319302 17 319823 16 320343 17 320863 17 321384 16 321905 11 322426 9 322947 7 323468 4
6b72b61b80060a9e79a4747f9c5d5af135af9db466681c2d1086f784c7130699,11698 12 12216 15 12735 17 13254 19 13773 20 14292 22 14811 23 15331 23 15850 24 16369 24 16889 23 17408 23 17928 22 18447 22 18967 22 19486 22 20006 21 20525 22 21045 21 21565 20 22085 18 22605 17 23125 16 23645 15 24165 14 24685 13 25205 12 25726 9 26247 6
6b72b61b80060a9e79a4747f9c5d5af135af9db466681c2d1086f784c7130699,125599 7 126117 11 126636 14 127155 16 127674 18 128193 20 128713 20 129232 22 129751 24 130271 25 130791 25 131310 27 131830 27 132350 28 132870 28 133390 28 133910 29 134430 29 134950 29 135470 30 135990 30 136511 29 137031 29 137552 28 138072 28 138593 26 139114 25 139635 23 140157 19 140678 12
6b72b61b80060a9e79a4747f9c5d5af135af9db466681c2d1086f784c7130699,327337 7 327853 13 328371 16 328890 17 329408 19 329926 21 330445 22 330964 23 331484 24 332003 25 332522 26 333042 26 333561 27 334080 28 334600 27 335119 28 335638 28 336158 28 336677 28 337197 27 337716 28 338236 27 338755 27 339275 26 339794 26 340314 25 340834 25 341354 24 341874 23 342394 22 342914 21 343434 20 343954 19 344475 18 344995 17 345516 14 346037 11 346559 6
6b72b61b80060a9e79a4747f9c5d5af135af9db466681c2d1086f784c7130699,254997 4 255515 9 256027 18 256544 22 257063 24 257581 26 258100 28 258619 31 259139 33 259658 36 260177 39 260697 40 261217 41 261737 41 262257 41 262777 40 263297 40 263817 39 264337 39 264857 38 265378 36 265898 34 266418 32 266939 29 267461 25 267983 21 268508 9
6b72b61b80060a9e79a4747f9c5d5af135af9db466681c2d1086f784c7130699,267792 7 268308 13 268826 15 269345 16 269863 18 270382 19 270901 20 271421 20 271940 21 272460 21 272979 22 273499 22 274019 22 274539 22 275059 22 275579 22 276099 22 276620 21 277140 21 277660 21 278181 19 278702 17 279223 13 279746 6
6b72b61b80060a9e79a4747f9c5d5af135af9db466681c2d1086f784c7130699,53569 4 54088 7 54605 13 55124 15 55644 16 56164 16 56684 17 57205 17 57725 17 58245 18 58765 18 59285 19 59806 18 60327 17 60847 18 61367 18 61887 17 62407 17 62927 16 63447 16 63967 16 64487 16 65006 18 65526 18 66045 19 66565 18 67085 17 67606 15 68127 8 68648 5
6b72b61b80060a9e79a4747f9c5d5af135af9db466681c2d1086f784c7130699,181900 4 182415 13 182932 18 183449 22 183968 24 184487 26 185005 28 185524 29 186043 30 186562 31 187081 32 187600 33 188119 34 188638 34 189158 34 189678 33 190198 33 190718 32 191238 31 191758 30 192279 28 192801 25 193322 21 193843 18 194364 16 194889 3
6b72b61b80060a9e79a4747f9c5d5af135af9db466681c2d1086f784c7130699,308537 7 309054 13 309570 18 310087 22 310604 25 311122 27 311640 29 312159 30 312677 32 313195 34 313714 35 314232 36 314751 36 315270 37 315789 37 316308 37 316827 37 317346 37 317866 36 318385 36 318904 36 319424 35 319944 34 320464 33 320983 32 321503 30 322024 28 322544 27 323065 25 323585 16 324105 15 324626 12 325148 8
6b72b61b80060a9e79a4747f9c5d5af135af9db466681c2d1086f784c7130699,270990 7 271508 11 272026 14 272544 17 273063 19 273583 20 274102 22 274622 23 275141 24 275661 25 276181 25 276702 25 277222 25 277742 25 278262 25 278782 25 279302 25 279823 25 280343 25 280864 25 281384 25 281904 25 282425 24 282945 24 283465 24 283986 23 284507 21 285028 20 285548 20 286069 18 286590 16 287111 13 287633 10 288154 7
6b72b61b80060a9e79a4747f9c5d5af135af9db466681c2d1086f784c7130699,294372 5 294889 9 295408 11 295927 13 296447 13 296966 14 297486 15 298005 16 298525 17 299045 17 299565 17 300085 17 300605 17 301124 18 301644 18 302165 17 302685 17 303205 17 303725 17 304245 16 304765 16 305286 15 305806 15 306327 14 306847 14 307367 13 307887 11 308407 10 308928 8 309448 7 309969 5 310490 4 311012 1
6b72b61b80060a9e79a4747f9c5d5af135af9db466681c2d1086f784c7130699,267 22 786 24 1305 26 1824 27 2343 29 2862 30 3382 31 3901 32 4421 32 4940 33 5460 33 5980 33 6501 32 7021 31 7541 31 8061 30 8582 29 9103 27 9624 25 10145 23 10666 21 11187 3 11194 10
6b72b61b80060a9e79a4747f9c5d5af135af9db466681c2d1086f784c7130699,307380 6 307898 9 308417 11 308936 12 309455 14 309974 16 310494 16 311013 18 311532 19 312051 21 312571 22 313090 23 313610 24 314129 25 314649 25 315169 26 315689 26 316209 26 316729 26 317250 25 317771 24 318292 23 318812 23 319332 22 319853 21 320374 20 320895 18 321416 17 321937 15 322458 14 322980 11 323501 8 324022 5
6b72b61b80060a9e79a4747f9c5d5af135af9db466681c2d1086f784c7130699,348262 5 348776 13 349294 16 349811 20 350330 21 350848 24 351367 25 351886 27 352406 28 352925 29 353444 30 353964 30 354484 30 355004 30 355524 30 356044 31 356564 31 357084 31 357604 31 358124 31 358644 30 359164 30 359684 29 360205 27 360725 26 361245 24 361766 22
6b72b61b80060a9e79a4747f9c5d5af135af9db466681c2d1086f784c7130699,201122 7 201637 14 202156 17 202676 18 203196 20 203715 22 204235 22 204754 24 205273 25 205793 26 206313 26 206833 26 207352 27 207872 27 208392 28 208912 28 209432 28 209951 29 210471 29 210992 27 211512 27 212032 28 212553 28 213074 27 213596 25 214119 22 214641 20 215162 18 215683 17 216204 16 216726 13 217250 7
6b72b61b80060a9e79a4747f9c5d5af135af9db466681c2d1086f784c7130699,167989 7 168506 12 169024 16 169543 18 170062 21 170581 23 171101 24 171620 26 172140 26 172660 27 173179 29 173699 32 174219 32 174738 34 175258 34 175778 34 176298 34 176819 33 177339 33 177860 32 178381 30 178902 28 179423 26 179944 24 180466 20 180991 2 180999 3
6b72b61b80060a9e79a4747f9c5d5af135af9db466681c2d1086f784c7130699,45999 7 46517 11 47036 13 47555 16 48075 17 48594 18 49114 19 49634 20 50154 20 50674 21 51193 22 51713 23 52233 24 52753 24 53273 25 53793 25 54314 25 54834 25 55354 25 55875 24 56395 24 56916 23 57437 22 57957 22 58478 21 58999 19 59520 18 60041 16 60562 14 61086 9
6b72b61b80060a9e79a4747f9c5d5af135af9db466681c2d1086f784c7130699,278319 5 278837 9 279356 11 279875 13 280394 15 280913 17 281432 18 281951 20 282471 20 282990 22 283510 23 284030 24 284549 25 285069 26 285589 26 286109 27 286629 27 287149 28 287668 29 288188 29 288709 28 289229 28 289750 27 290270 27 290791 25 291311 25 291832 23 292352 22 292873 20 293394 18 293915 16 294436 14 294957 11 295478 7
6b72b61b80060a9e79a4747f9c5d5af135af9db466681c2d1086f784c7130699,88927 8 89444 13 89963 16 90483 17 90504 2 91002 26 91521 28 92041 29 92561 29 93081 30 93601 30 94121 30 94641 29 95161 29 95681 28 96201 27 96721 25 97241 23 97761 21 98281 20 98801 19 99321 18 99841 17 100362 15 100883 13 101404 12 101925 10 102446 8 102969 3
6b72b61b80060a9e79a4747f9c5d5af135af9db466681c2d1086f784c7130699,174806 9 175325 13 175840 20 176359 22 176878 24 177398 25 177917 27 178437 28 178957 28 179477 29 179997 29 180517 30 181038 29 181559 28 182079 29 182599 29 183119 29 183640 28 184163 25 184684 25 185205 24 185726 23 186246 22 186767 21 187288 20 187809 19 188331 16 188852 15 189373 14 189894 13 190415 11 190938 7 191461 3
6b72b61b80060a9e79a4747f9c5d5af135af9db466681c2d1086f784c7130699,46376 7 46894 10 47413 12 47933 13 48452 15 48972 16 49492 17 50012 17 50531 19 51050 20 51570 21 52090 21 52609 22 53129 23 53649 23 54169 24 54689 25 55209 25 55729 26 56249 27 56770 27 57290 28 57810 28 58330 29 58851 28 59371 29 59892 28 60412 28 60933 27 61454 26 61975 25 62496 24 63017 22 63538 21 64059 19 64580 18 65102 15 65625 12 66148 8 66669 6
6b72b61b80060a9e79a4747f9c5d5af135af9db466681c2d1086f784c7130699,29558 5 30077 10 30596 12 31115 15 31635 17 32154 19 32674 19 33193 21 33713 21 34232 22 34752 23 35272 23 35792 23 36312 22 36832 22 37352 21 37873 20 38393 19 38913 19 39434 18 39955 17 40476 15 40997 14 41517 13 42038 12 42559 10
6b72b61b80060a9e79a4747f9c5d5af135af9db466681c2d1086f784c7130699,326748 7 327266 10 327785 12 328303 15 328821 17 329340 18 329859 19 330378 20 330897 21 331416 22 331935 23 332455 23 332974 24 333493 25 334013 25 334532 25 335051 26 335570 26 336090 26 336609 26 337129 26 337649 26 338169 26 338689 25 339210 24 339730 23 340251 21 340771 21 341292 19 341813 17 342334 15 342855 12 343377 9 343899 3
6b72b61b80060a9e79a4747f9c5d5af135af9db466681c2d1086f784c7130699,62343 2 62861 7 63379 10 63898 12 64417 13 64936 15 65455 16 65974 17 66494 17 67013 18 67532 18 68051 19 68571 19 69090 21 69610 21 70130 21 70649 22 71169 22 71689 22 72209 22 72729 22 73249 22 73768 22 74288 22 74808 22 75328 21 75848 21 76368 21 76889 19 77409 18 77929 18 78449 17 78970 16 79490 15 80010 15 80531 13 81052 11 81573 8
6b72b61b80060a9e79a4747f9c5d5af135af9db466681c2d1086f784c7130699,137627 4 138144 11 138662 16 139181 19 139700 22 140220 23 140739 25 141259 26 141778 28 142298 29 142818 29 143338 29 143857 30 144376 31 144895 32 145415 32 145934 32 146454 32 146974 32 147494 31 148014 31 148535 30 149055 29 149575 29 150095 29 150616 27 151137 25 151657 25 152178 23 152699 21 153220 20 153741 18 154263 14 154786 9
6b72b61b80060a9e79a4747f9c5d5af135af9db466681c2d1086f784c7130699,64267 3 64785 7 65304 9 65823 10 66343 11 66862 13 67381 17 67900 19 68420 20 68940 20 69459 22 69979 22 70498 23 71018 23 71537 24 72056 25 72576 25 73096 25 73616 25 74135 25 74654 26 75174 25 75693 25 76213 24 76733 22 77252 21 77772 20 78293 17 78813 15 79333 13 79853 12 80373 11 80893 10 81414 8 81935 4
6b72b61b80060a9e79a4747f9c5d5af135af9db466681c2d1086f784c7130699,44686 6 45204 9 45723 11 46242 13 46760 15 47279 17 47798 18 48317 19 48837 20 49356 21 49876 21 50395 21 50915 21 51434 22 51954 22 52474 21 52993 22 53513 21 54032 22 54552 22 55072 21 55591 22 56111 22 56631 21 57150 21 57670 21 58190 21 58710 20 59230 19 59750 19 60270 18 60791 16 61311 16 61831 16 62352 14 62872 13 63393 11 63915 8 64436 6
6b72b61b80060a9e79a4747f9c5d5af135af9db466681c2d1086f784c7130699,107883 4 108401 7 108920 10 109440 12 109960 15 110480 16 111000 17 111520 18 112040 19 112559 21 113079 21 113599 21 114120 21 114640 21 115161 20 115682 19 116202 18 116723 17 117244 15 117765 13 118288 9
6b72b61b80060a9e79a4747f9c5d5af135af9db466681c2d1086f784c7130699,226319 13 226837 19 227356 22 227875 25 228394 28 228913 31 229432 33 229952 34 230472 35 230993 35 231513 35 232033 35 232554 34 233074 35 233594 36 234114 36 234635 35 235155 34 235676 33 236197 31 236718 29 237239 27 237760 25 238281 22 238803 18 239325 13
6b72b61b80060a9e79a4747f9c5d5af135af9db466681c2d1086f784c7130699,147387 3 147906 5 148425 7 148944 9 149463 11 149979 16 150495 20 151014 21 151533 23 152052 24 152572 24 153092 24 153613 23 154134 22 154655 21 155176 20 155697 19 156217 19 156736 20 157256 20 157776 20 158297 19 158818 19 159340 17 159861 16 160383 14 160904 13 161425 12 161946 11 162467 10 162988 8 163509 6 164029 6 164550 4 165070 3
6b72b61b80060a9e79a4747f9c5d5af135af9db466681c2d1086f784c7130699,338116 2 338634 7 339153 11 339672 13 340191 14 340710 16 341230 16 341749 17 342269 17 342788 18 343308 17 343827 17 344345 16 344863 17 345382 16 345901 15 346420 14 346939 13 347459 12 347978 12 348498 12 349018 12 349539 7 350063 2
6b72b61b80060a9e79a4747f9c5d5af135af9db466681c2d1086f784c7130699,144 21 664 21 1184 20 1704 19 2224 17 2744 15 3265 13 3785 12 4306 10 4827 8
6b72b61b80060a9e79a4747f9c5d5af135af9db466681c2d1086f784c7130699,9591 9 10106 15 10624 18 11141 22 11660 23 12179 24 12697 26 13216 27 13735 28 14254 29 14774 29 15293 30 15813 30 16332 30 16852 30 17371 30 17891 30 18411 29 18931 28 19451 27 19971 26 20492 24 21012 23 21533 19 22055 13 22579 7
6b72b61b80060a9e79a4747f9c5d5af135af9db466681c2d1086f784c7130699,324459 5 324978 9 325496 12 326015 14 326535 15 327054 18 327573 20 328093 20 328612 21 329132 22 329652 22 330172 22 330692 22 331212 22 331732 22 332252 22 332771 22 333291 22 333811 21 334331 20 334851 20 335372 18 335892 17 336413 15 336934 14 337455 12 337977 9 338498 6
6b72b61b80060a9e79a4747f9c5d5af135af9db466681c2d1086f784c7130699,118773 4 119293 6 119812 15 120331 17 120851 18 121370 19 121890 20 122410 20 122929 21 123449 21 123969 20 124489 20 125009 20 125529 19 126049 19 126569 20 127089 26 127610 27 128130 28 128650 29 129171 29 129691 30 130212 31 130734 30 131255 29 131777 27 132299 25 132820 24 133341 22 133862 12 134383 10 134904 7 135426 4
6b72b61b80060a9e79a4747f9c5d5af135af9db466681c2d1086f784c7130699,283339 10 283857 17 284370 25 284886 31 285406 32 285925 34 286445 34 286966 33 287486 34 288006 34 288526 35 289046 35 289566 35 290086 35 290606 35 291126 35 291647 34 292167 33 292688 32 293209 31 293731 29 294252 27 294774 25 295297 3 295302 16 295826 11 296348 7
6b72b61b80060a9e79a4747f9c5d5af135af9db466681c2d1086f784c7130699,138339 10 138853 18 139370 22 139889 24 140408 25 140927 27 141447 28 141967 28 142486 29 143006 29 143526 29 144046 29 144566 29 145086 29 145606 29 146126 29 146646 29 147166 29 147687 28 148207 28 148727 27 149247 26 149768 24 150289 22 150810 19 151331 16 151852 14 152373 12 152894 9 153417 4
6b72b61b80060a9e79a4747f9c5d5af135af9db466681c2d1086f784c7130699,364 11 884 11 1405 9 1926 7 2449 3
6b72b61b80060a9e79a4747f9c5d5af135af9db466681c2d1086f784c7130699,239674 3 240191 8 240709 11 241227 13 241734 25 242253 26 242772 27 243292 27 243812 26 244332 21 244852 20 245372 20 245892 21 246412 21 246932 22 247453 21 247974 20 248495 20 249019 16 249540 15 250060 15 250580 15 251100 14 251620 14 252141 12 252662 11 253184 8
6b72b61b80060a9e79a4747f9c5d5af135af9db466681c2d1086f784c7130699,305131 9 305649 12 306165 17 306683 20 307202 21 307721 23 308239 25 308758 26 309276 28 309795 29 310313 31 310832 32 311351 33 311870 34 312390 33 312909 33 313428 33 313947 33 314467 33 314986 33 315506 32 316026 32 316546 32 317066 32 317586 32 318106 32 318626 28 319146 26 319666 25 320186 24 320707 21 321228 18 321749 15 322270 11 322792 7
6b72b61b80060a9e79a4747f9c5d5af135af9db466681c2d1086f784c7130699,8240 9 8759 11 9278 13 9797 14 10317 15 10837 15 11357 16 11878 15 12398 15 12918 15 13438 15 13958 15 14479 14 14999 14 15520 14 16040 16 16560 17 17080 18 17600 18 18120 18 18640 18 19160 18 19679 18 20198 19 20717 19 21236 19 21755 20 22275 19 22794 19 23314 18 23833 19 24353 18 24873 17 25393 16 25913 15 26433 14 26953 12 27474 9 27996 6
6b72b61b80060a9e79a4747f9c5d5af135af9db466681c2d1086f784c7130699,130666 7 131183 11 131702 14 132222 16 132742 17 133262 17 133783 17 134303 19 134823 20 135343 20 135863 20 136384 19 136905 18 137426 17 137947 16 138468 15 138989 14 139509 14 140029 14 140549 14 141069 14 141590 13 142110 12 142630 12 143150 12 143670 12 144190 12 144710 12 145230 11 145750 11 146270 11 146790 10 147310 9 147831 7 148354 2
6b72b61b80060a9e79a4747f9c5d5af135af9db466681c2d1086f784c7130699,300554 3 301071 9 301590 11 302109 12 302629 12 303148 13 303668 13 304188 13 304708 13 305227 14 305747 14 306267 14 306787 14 307307 14 307827 14 308347 14 308866 15 309386 15 309906 15 310426 15 310946 15 311465 16 311985 16 312504 17 313024 17 313544 17 314064 17 314584 17 315105 16 315626 4 315634 2
6b72b61b80060a9e79a4747f9c5d5af135af9db466681c2d1086f784c7130699,118431 4 118950 8 119469 13 119988 15 120508 16 121027 18 121547 18 122066 19 122585 20 123105 21 123624 22 124144 22 124663 23 125183 23 125703 23 126223 23 126743 22 127264 21 127784 21 128305 20 128826 19 129347 18 129868 17 130389 15 130911 13 131432 11 131955 7 132476 5
6b72b61b80060a9e79a4747f9c5d5af135af9db466681c2d1086f784c7130699,141009 10 141528 12 142047 14 142566 15 143085 17 143605 17 144124 18 144644 18 145164 18 145684 18 146204 18 146724 17 147245 16 147766 14 148286 12 148807 8 149328 4
6b72b61b80060a9e79a4747f9c5d5af135af9db466681c2d1086f784c7130699,133821 11 134340 14 134859 17 135378 19 135897 22 136416 24 136936 25 137456 25 137975 27 138495 27 139016 26 139536 26 140056 26 140576 26 141096 26 141617 25 142137 25 142657 25 143177 25 143697 25 144218 24 144738 24 145259 23 145770 3 145779 22 146286 9 146299 22 146805 11 146818 22 147324 35 147843 34 148362 33 148882 32 149401 33 149921 32 150440 32 150960 25 150987 4 151479 25 151998 26 152518 26 153038 26 153557 27 154077 27 154597 27 155117 27 155637 26 156157 26 156676 26 157196 26 157716 25 158237 24 158757 23 159277 22 159798 20 160319 19 160840 17 161361 14 161882 12 162403 9 162925 6
6b72b61b80060a9e79a4747f9c5d5af135af9db466681c2d1086f784c7130699,23 28 543 28 1063 28 1584 27 2104 27 2624 27 3145 25 3665 25 4186 24 4706 23 5227 22 5748 20 6269 18 6794 3 6799 7
6b72b61b80060a9e79a4747f9c5d5af135af9db466681c2d1086f784c7130699,331156 3 331674 6 332193 8 332712 12 333232 14 333752 16 334272 17 334792 18 335312 18 335832 18 336352 18 336873 17 337395 15 337916 14 338437 13 338958 11 339480 8 340002 6 340524 3
6b72b61b80060a9e79a4747f9c5d5af135af9db466681c2d1086f784c7130699,168753 6 169272 9 169791 12 170310 14 170829 16 171349 18 171868 20 172388 22 172908 23 173428 24 173948 24 174468 25 174988 25 175509 24 176029 24 176549 24 177070 23 177590 22 178111 21 178631 20 179152 18 179673 16 180194 13 180715 10 181236 6
6b72b61b80060a9e79a4747f9c5d5af135af9db466681c2d1086f784c7130699,15949 6 16467 9 16986 11 17506 12 18026 14 18546 15 19066 16 19586 17 20106 18 20627 17 21147 17 21667 17 22187 17 22707 17 23227 17 23747 17 24267 17 24787 16 25307 16 25827 15 26347 15 26867 15 27387 14 27908 13 28428 12 28948 11 29469 9 29990 7
6b72b61b80060a9e79a4747f9c5d5af135af9db466681c2d1086f784c7130699,46625 11 47142 16 47661 18 48180 20 48698 23 49217 24 49737 25 50256 26 50776 26 51296 26 51815 28 52335 28 52855 28 53374 29 53894 29 54414 29 54934 28 55454 28 55974 28 56494 27 57014 27 57534 27 58054 26 58574 25 59094 24 59615 22 60135 21 60656 19 61177 17 61698 14 62221 8
6b72b61b80060a9e79a4747f9c5d5af135af9db466681c2d1086f784c7130699,71481 7 71996 2 72000 9 72514 16 73032 19 73551 21 74069 24 74588 26 75107 27 75626 29 76145 30 76665 31 77185 31 77705 31 78225 31 78745 31 79265 31 79785 31 80306 30 80826 30 81347 29 81868 28 82389 27 82910 25 83431 24 83952 24 84473 24 84995 22 85517 8 85533 3
6b72b61b80060a9e79a4747f9c5d5af135af9db466681c2d1086f784c7130699,142388 4 142903 11 143418 17 143937 19 144452 25 144969 29 145488 31 146007 32 146526 33 147045 34 147564 35 148084 36 148604 36 149124 36 149644 36 150163 36 150683 35 151203 34 151724 32 152244 31 152765 28 153286 25 153808 21 154329 17 154853 10
6b72b61b80060a9e79a4747f9c5d5af135af9db466681c2d1086f784c7130699,122047 5 122565 9 123083 14 123601 17 124120 19 124640 19 125159 21 125678 22 126197 23 126717 23 127236 24 127756 24 128276 24 128796 23 129316 23 129836 23 130356 22 130876 22 131396 21 131916 20 132437 18 132957 18 133477 17 133998 15 134519 13 135040 10
6b72b61b80060a9e79a4747f9c5d5af135af9db466681c2d1086f784c7130699,30489 5 31007 8 31524 12 32041 16 32560 18 33079 19 33598 21 34117 23 34634 26 35153 27 35672 28 36191 29 36710 30 37229 31 37749 30 38268 29 38788 28 39308 16 39828 15 40348 14 40869 12 41389 12 41910 10 42431 7 42952 5 43474 2
6b72b61b80060a9e79a4747f9c5d5af135af9db466681c2d1086f784c7130699,148836 3 149352 10 149871 12 150390 14 150909 16 151429 17 151949 18 152469 19 152989 19 153509 20 154029 21 154549 21 155069 22 155589 22 156109 23 156629 23 157149 24 157669 24 158190 24 158710 24 159230 24 159750 24 160270 24 160790 24 161311 23 161831 23 162351 23 162872 22 163393 21 163913 21 164434 20 164956 18 165478 16 165999 15 166520 14 167041 12 167562 11 168084 8
6b72b61b80060a9e79a4747f9c5d5af135af9db466681c2d1086f784c7130699,287588 6 288105 13 288623 16 289141 19 289660 21 290179 23 290699 24 291219 25 291739 25 292260 23 292780 23 293300 22 293821 21 294341 21 294862 19 295384 17 295905 15 296426 13 296946 12 297467 10 297988 8 298509 5
6b72b61b80060a9e79a4747f9c5d5af135af9db466681c2d1086f784c7130699,4149 8 4668 10 5187 12 5705 15 6224 17 6743 18 7263 18 7783 18 8302 19 8822 19 9342 19 9862 19 10381 20 10901 20 11420 21 11940 21 12460 21 12979 22 13499 22 14019 22 14539 22 15059 22 15579 22 16099 22 16619 22 17139 22 17659 22 18179 22 18699 22 19219 22 19740 21 20260 21 20780 21 21300 19 21821 17 22341 16 22862 14 23383 12 23904 10 24426 7
6b72b61b80060a9e79a4747f9c5d5af135af9db466681c2d1086f784c7130699,43689 4 44204 10 44721 15 45241 17 45761 18 46281 18 46801 19 47321 19 47841 18 48361 18 48881 17 49401 17 49921 17 50441 17 50961 16 51481 14 52001 13 52521 12 53041 12 53561 8 54081 7 54601 4 55122 2
6b72b61b80060a9e79a4747f9c5d5af135af9db466681c2d1086f784c7130699,236691 3 237210 14 237728 19 238247 21 238766 24 239284 27 239803 28 240322 29 240841 29 241361 28 241880 28 242399 25 242919 23 243439 22 243959 19 244479 16 245000 13 245520 10 246041 6
6b72b61b80060a9e79a4747f9c5d5af135af9db466681c2d1086f784c7130699,234537 7 235056 10 235575 13 236090 19 236609 21 237128 23 237648 24 238167 26 238686 28 239205 29 239725 30 240245 30 240765 30 241285 30 241805 30 242326 29 242846 29 243367 29 243887 29 244408 28 244930 25 245454 21 245976 19 246499 15 247021 12 247545 6
6b72b61b80060a9e79a4747f9c5d5af135af9db466681c2d1086f784c7130699,62452 8 62970 11 63489 13 64008 15 64527 17 65046 18 65565 20 66084 21 66603 22 67122 23 67641 24 68160 25 68679 26 69199 25 69719 25 70239 25 70759 25 71279 24 71799 24 72319 23 72840 22 73361 20 73882 19 74402 18 74922 18 75443 16 75964 14 76486 11 77010 6
6b72b61b80060a9e79a4747f9c5d5af135af9db466681c2d1086f784c7130699,149761 3 150281 3 150801 4 151321 5 151841 7 152361 8 152881 10 153401 11 153921 12 154441 12 154961 12 155481 13 156001 13 156521 14 157041 14 157561 13 158081 13 158601 12 159121 12 159641 11 160161 10 160681 9 161201 6 161721 4 162241 2
6b72b61b80060a9e79a4747f9c5d5af135af9db466681c2d1086f784c7130699,87975 2 88491 12 89010 14 89527 17 90046 19 90565 21 91084 22 91603 24 92121 26 92640 27 93159 28 93678 28 94197 28 94717 28 95236 29 95756 28 96277 25 96797 24 97317 24 97837 24 98358 23 98879 22 99400 21 99921 20 100443 18 100964 17 101486 15 102008 13 102529 12 103051 9 103573 4
6b72b61b80060a9e79a4747f9c5d5af135af9db466681c2d1086f784c7130699,291547 4 292062 11 292580 16 293099 19 293618 23 294135 28 294654 30 295173 32 295692 34 296211 35 296731 36 297251 36 297771 37 298291 37 298811 37 299331 37 299851 37 300371 36 300892 35 301413 34 301934 32 302455 30 302976 28 303497 27 304019 24 304540 21 305063 17 305586 12 306108 4
6b72b61b80060a9e79a4747f9c5d5af135af9db466681c2d1086f784c7130699,80283 5 80802 7 81321 9 81841 10 82360 11 82880 11 83399 13 83918 14 84438 14 84957 15 85476 16 85994 18 86513 19 87033 18 87553 18 88072 19 88592 19 89112 19 89632 18 90152 17 90672 17 91192 16 91712 15 92232 14 92752 13 93272 12 93792 11 94312 10 94833 7
6b72b61b80060a9e79a4747f9c5d5af135af9db466681c2d1086f784c7130699,172 21 692 21 1212 20 1732 20 2252 20 2771 21 3291 21 3811 21 4331 20 4851 20 5371 19 5892 18 6412 18 6933 17 7454 15 7974 14 8495 13 9017 10
6b72b61b80060a9e79a4747f9c5d5af135af9db466681c2d1086f784c7130699,241031 6 241547 14 242064 19 242583 22 243102 25 243622 27 244141 29 244661 31 245181 32 245701 33 246221 34 246741 35 247261 35 247781 36 248301 37 248821 38 249341 38 249862 37 250382 37 250903 36 251424 35 251945 34 252466 33 252987 32 253508 31 254029 29 254550 28 255072 26 255595 23 256117 20 256639 17 257161 14 257683 11
6b72b61b80060a9e79a4747f9c5d5af135af9db466681c2d1086f784c7130699,285252 3 285767 11 286285 15 286804 17 287323 19 287842 21 288361 23 288880 24 289400 25 289919 26 290439 27 290959 27 291479 27 291999 28 292518 29 293038 29 293558 29 294078 29 294598 29 295118 29 295638 29 296159 28 296679 28 297199 28 297720 27 298240 27 298761 25 299282 24 299803 22 300324 21 300845 19 301367 16 301888 14 302411 9 302934 4
6b72b61b80060a9e79a4747f9c5d5af135af9db466681c2d1086f784c7130699,344053 4 344569 9 345088 12 345606 16 346125 18 346645 18 347164 20 347683 22 348203 22 348722 24 349241 25 349761 25 350280 26 350800 26 351320 26 351839 27 352359 27 352879 27 353399 27 353918 28 354438 28 354958 28 355478 28 355998 27 356518 27 357038 27 357559 25 358079 25 358599 24 359120 23 359640 22 360160 21 360681 20 361202 18 361723 16
6b72b61b80060a9e79a4747f9c5d5af135af9db466681c2d1086f784c7130699,276853 10 277371 13 277890 16 278409 21 278928 23 279446 27 279965 29 280485 31 281005 32 281524 34 282044 35 282563 36 283083 36 283603 35 284123 34 284643 33 285163 32 285684 25 286205 21 286726 19 287247 17 287768 14 288289 11 288812 6
6b72b61b80060a9e79a4747f9c5d5af135af9db466681c2d1086f784c7130699,16960 4 17479 7 17999 8 18518 10 19038 11 19557 13 20077 14 20597 15 21116 17 21635 19 22155 20 22675 20 23194 21 23713 22 24232 23 24751 24 25271 24 25790 25 26310 25 26830 25 27350 24 27870 22 28391 18 28912 13 29433 9 29954 6
6b72b61b80060a9e79a4747f9c5d5af135af9db466681c2d1086f784c7130699,333263 8 333782 10 334300 13 334819 15 335337 17 335856 18 336375 19 336893 21 337412 22 337931 23 338450 24 338969 25 339488 26 340008 25 340527 25 341045 26 341565 25 342084 26 342603 26 343122 27 343642 27 344162 26 344681 26 345201 25 345720 25 346240 24 346760 24 347279 24 347799 24 348319 23 348839 23 349358 23 349878 23 350398 23 350919 21 351439 20 351959 19 352480 16 353001 14 353522 12 354044 9 354566 6
6b72b61b80060a9e79a4747f9c5d5af135af9db466681c2d1086f784c7130699,154997 10 155516 12 156035 14 156555 15 157074 17 157593 19 158113 20 158632 21 159152 22 159672 23 160191 24 160711 25 161232 24 161753 24 162274 23 162794 24 163315 24 163835 24 164355 24 164876 24 165396 24 165915 25 166435 25 166955 26 167475 26 167996 25 168518 23 169040 21 169561 20 170083 18 170604 17 171125 16 171646 15 172166 14 172687 12 173208 9
6b72b61b80060a9e79a4747f9c5d5af135af9db466681c2d1086f784c7130699,356771 4 357288 9 357807 12 358326 14 358845 17 359364 19 359883 21 360403 21 360923 22 361443 22
6b72b61b80060a9e79a4747f9c5d5af135af9db466681c2d1086f784c7130699,113310 8 113827 12 114345 15 114864 17 115383 19 115901 21 116419 23 116939 23 117459 23 117979 23 118499 23 119019 23 119539 23 120058 23 120578 22 121097 22 121617 21 122137 21 122656 22 123176 22 123696 22 124216 22 124736 22 125257 20 125777 20 126298 19 126819 17 127340 16 127861 14 128382 12 128903 10 129426 5
6b72b61b80060a9e79a4747f9c5d5af135af9db466681c2d1086f784c7130699,278362 5 278369 2 278879 14 279398 16 279918 17 280438 17 280958 18 281477 19 281997 20 282516 21 283034 23 283553 25 284072 26 284591 27 285111 28 285630 29 286149 31 286667 34 287186 36 287706 36 288225 37 288744 38 289263 38 289783 37 290303 24 290334 4 290822 23 291342 22 291861 22 292381 21 292900 21 293420 20 293940 19 294460 19 294980 18 295499 18 296019 18 296539 17 297059 16 297579 16 298100 14 298620 13 299140 12 299661 10 300182 8 300703 5
6b72b61b80060a9e79a4747f9c5d5af135af9db466681c2d1086f784c7130699,255414 6 255933 9 256452 12 256971 15 257490 17 258009 19 258528 21 259048 22 259567 23 260087 23 260606 25 261126 25 261645 27 262165 27 262685 27 263205 27 263725 27 264245 26 264765 25 265285 25 265806 24 266326 23 266847 21 267368 18 267888 17 268409 16 268930 14 269452 11 269975 7
6b72b61b80060a9e79a4747f9c5d5af135af9db466681c2d1086f784c7130699,346088 4 346605 10 347124 14 347643 17 348162 19 348681 22 349200 24 349720 24 350239 26 350759 27 351279 27 351798 29 352318 29 352838 29 353358 29 353878 29 354398 29 354917 30 355437 30 355957 29 356477 29 356997 28 357517 27 358037 26 358557 25 359077 25 359597 24 360117 24 360637 24 361157 23 361677 23
6b72b61b80060a9e79a4747f9c5d5af135af9db466681c2d1086f784c7130699,118718 7 119236 10 119755 12 120274 14 120793 15 121310 18 121829 19 122347 20 122866 21 123385 23 123904 24 124424 24 124944 24 125464 24 125984 24 126504 23 127024 22 127544 22 128064 21 128584 20 129105 18 129626 16 130147 13 130673 6 131194 5 131716 2
6b72b61b80060a9e79a4747f9c5d5af135af9db466681c2d1086f784c7130699,92965 4 93483 9 94002 11 94521 13 95040 15 95559 16 96078 17 96598 18 97117 19 97636 20 98156 20 98675 21 99195 22 99715 22 100234 23 100753 24 101272 24 101792 24 102312 24 102831 24 103351 24 103871 24 104391 23 104911 23 105430 23 105950 23 106470 22 106990 21 107510 21 108031 19 108551 19 109071 18 109592 17 110112 16 110633 15 111153 15 111674 13 112195 12 112715 11 113236 9 113759 4
6b72b61b80060a9e79a4747f9c5d5af135af9db466681c2d1086f784c7130699,169323 4 169841 9 170359 21 170878 23 171397 25 171916 26 172436 26 172956 26 173476 26 173996 26 174515 27 175035 27 175555 27 176075 27 176595 27 177115 27 177635 27 178155 27 178675 27 179195 26 179716 25 180238 22 180764 15 181286 12 181807 10
6b72b61b80060a9e79a4747f9c5d5af135af9db466681c2d1086f784c7130699,83902 2 84421 5 84940 8 85459 10 85979 12 86498 15 87017 16 87537 16 88056 16 88576 16 89096 16 89616 16 90136 16 90656 16 91177 15 91700 12 92222 10 92743 9 93264 8 93785 5
6b72b61b80060a9e79a4747f9c5d5af135af9db466681c2d1086f784c7130699,7138 9 7657 11 8176 14 8695 19 9214 22 9733 24 10253 24 10773 25 11293 25 11812 26 12332 26 12852 26 13372 26 13892 26 14412 26 14933 25 15453 25 15973 25 16493 25 17013 25 17533 25 18054 24 18575 23 19096 22 19616 23 20137 22 20659 20 21181 18 21702 16 22225 12 22746 10 23268 7
6b72b61b80060a9e79a4747f9c5d5af135af9db466681c2d1086f784c7130699,270417 5 270936 8 271455 10 271974 12 272494 12 273013 14 273532 15 274052 16 274572 16 275091 17 275611 17 276130 19 276650 19 277169 21 277688 22 278208 22 278728 22 279248 22 279768 22 280288 22 280808 22 281328 21 281849 19 282369 16 282890 13 283411 11 283933 7
6b72b61b80060a9e79a4747f9c5d5af135af9db466681c2d1086f784c7130699,61065 12 61580 18 62096 23 62615 25 63134 26 63654 27 64173 28 64693 28 65213 29 65733 29 66253 29 66773 29 67293 29 67813 29 68333 28 68853 28 69373 28 69893 27 70414 25 70934 24 71454 23 71975 21 72496 18 73017 15 73538 13 74060 9
6b72b61b80060a9e79a4747f9c5d5af135af9db466681c2d1086f784c7130699,52883 10 53403 12 53923 14 54443 15 54962 17 55482 18 56002 19 56521 21 57041 22 57561 23 58080 24 58601 24 59121 24 59642 23 60163 23 60684 22 61205 21 61726 20 62246 20 62767 19 63287 19 63807 19 64327 19 64848 17 65368 16 65888 16 66409 14 66930 12 67454 6
6b72b61b80060a9e79a4747f9c5d5af135af9db466681c2d1086f784c7130699,325599 6 326114 14 326632 18 327151 20 327670 21 328189 22 328708 23 329227 24 329746 25 330266 25 330785 26 331305 25 331824 26 332344 25 332863 26 333383 25 333903 24 334423 23 334943 22 335463 21 335984 19 336504 18 337024 17 337544 16 338065 13 338586 10 339108 6
6b72b61b80060a9e79a4747f9c5d5af135af9db466681c2d1086f784c7130699,101458 6 101977 8 102496 10 103016 11 103535 13 104055 13 104574 14 105094 15 105613 16 106132 18 106652 18 107171 19 107691 19 108210 20 108730 20 109250 20 109770 20 110290 20 110810 20 111330 20 111850 20 112370 20 112890 20 113411 18 113931 18 114451 18 114971 18 115492 17 116013 15 116533 14 117054 13 117576 10
6b72b61b80060a9e79a4747f9c5d5af135af9db466681c2d1086f784c7130699,20128 5 20647 8 21166 11 21684 14 22204 15 22724 15 23244 16 23764 16 24284 16 24803 18 25323 18 25842 19 26362 19 26882 19 27403 18 27923 18 28442 19 28962 18 29482 18 30002 18 30522 17 31042 17 31561 18 32081 18 32601 18 33121 17 33641 17 34161 17 34681 17 35202 15 35723 13 36244 11 36765 9 37287 6
6b72b61b80060a9e79a4747f9c5d5af135af9db466681c2d1086f784c7130699,221406 10 221918 23 222436 26 222952 31 223470 34 223989 36 224508 37 225027 38 225546 39 226066 39 226586 39 227106 39 227626 39 228145 39 228664 38 229184 37 229705 34 230225 33 230746 30 231267 28 231789 24 232312 17 232837 5
6b72b61b80060a9e79a4747f9c5d5af135af9db466681c2d1086f784c7130699,3212 1 3727 8 4241 15 4756 22 5273 26 5792 27 6312 28 6831 29 7351 29 7870 30 8389 30 8909 30 9428 30 9948 29 10468 28 10988 27 11508 25 12029 23 12549 22 13070 17 13591 12 14112 9
6b72b61b80060a9e79a4747f9c5d5af135af9db466681c2d1086f784c7130699,114503 8 115022 10 115541 12 116060 14 116579 16 117098 18 117618 18 118137 20 118657 21 119177 21 119697 22 120217 22 120737 23 121257 23 121777 23 122297 23 122817 24 123337 24 123857 24 124377 25 124897 25 125417 25 125938 24 126458 24 126978 24 127499 23 128020 22 128541 21 129061 21 129581 21 130101 21 130622 20 131142 20 131663 19 132183 18 132704 17 133224 17 133745 15 134265 15 134785 14 135306 12 135827 8
6b72b61b80060a9e79a4747f9c5d5af135af9db466681c2d1086f784c7130699,213488 8 214006 12 214524 15 215042 19 215561 21 216081 22 216600 24 217120 26 217640 27 218161 26 218681 27 219201 27 219722 26 220243 25 220764 24 221286 23 221807 22 222330 19 222851 17 223373 15 223895 12 224417 9 224939 5
6b72b61b80060a9e79a4747f9c5d5af135af9db466681c2d1086f784c7130699,36954 7 37472 11 37991 13 38508 16 39027 18 39546 19 40065 20 40584 21 41104 21 41623 22 42143 22 42663 21 43183 21 43703 20 44223 20 44743 20 45263 20 45783 20 46304 19 46824 19 47345 17 47865 17 48386 15 48907 14 49427 13 49948 10 50470 5
6b72b61b80060a9e79a4747f9c5d5af135af9db466681c2d1086f784c7130699,21897 7 22415 10 22934 12 23453 14 23972 15 24491 17 25009 19 25528 20 26047 20 26566 21 27086 21 27605 22 28125 23 28645 23 29165 23 29685 24 30205 24 30725 24 31245 23 31766 20 32287 18 32808 16 33330 13 33854 3
6b72b61b80060a9e79a4747f9c5d5af135af9db466681c2d1086f784c7130699,6893 3 7411 8 7929 12 8448 14 8967 16 9486 18 10006 19 10525 21 11045 21 11565 22 12085 23 12605 24 13125 25 13645 25 14166 25 14686 25 15207 24 15730 21 16251 21 16772 20 17292 20 17812 20 18332 20 18852 20 19371 21 19890 22 20409 23 20928 24 21445 26 21964 26 22484 26 23003 26 23523 26 24043 25 24563 24 25084 23 25604 22 26124 21 26645 19 27166 17 27687 15 28208 13 28730 9 29251 7
6b72b61b80060a9e79a4747f9c5d5af135af9db466681c2d1086f784c7130699,242424 7 242942 10 243461 12 243981 12 244501 13 245021 13 245542 12 246062 12 246582 11 247102 11 247622 10 248142 9 248663 3
6b72b61b80060a9e79a4747f9c5d5af135af9db466681c2d1086f784c7130699,306201 5 306720 9 307236 15 307753 19 308272 20 308790 23 309309 25 309828 26 310347 27 310866 28 311385 29 311904 30 312423 31 312942 32 313461 32 313980 33 314500 32 315019 33 315538 33 316058 32 316578 32 317098 31 317618 31 318138 30 318658 29 319178 28 319698 27 320218 26 320738 25 321258 24 321779 21 322301 18 322822 16 323344 13
6b72b61b80060a9e79a4747f9c5d5af135af9db466681c2d1086f784c7130699,47764 5 48281 9 48793 18 49310 22 49829 24 50349 24 50868 26 51388 26 51908 26 52428 26 52947 27 53467 27 53987 27 54507 27 55028 25 55548 25 56068 25 56589 23 57109 23 57630 21 58151 19 58672 17 59193 15 59715 12 60237 9
6b72b61b80060a9e79a4747f9c5d5af135af9db466681c2d1086f784c7130699,306 19 826 19 1346 18 1866 18 2386 17 2906 16 3426 16 3947 14 4467 13 4988 11 5511 7 6033 3
6b72b61b80060a9e79a4747f9c5d5af135af9db466681c2d1086f784c7130699,104448 3 104966 8 105485 10 106004 12 106523 14 107042 16 107561 17 108080 19 108599 20 109118 21 109637 22 110157 22 110677 22 111196 23 111716 23 112236 23 112755 24 113275 24 113795 24 114315 24 114835 24 115355 24 115875 24 116395 24 116915 24 117435 24 117955 24 118475 24 118995 24 119515 24 120035 23 120555 23 121076 21 121596 21 122117 20 122637 19 123157 19 123678 18 124198 17 124719 15 125240 13 125762 9 126286 3
6b72b61b80060a9e79a4747f9c5d5af135af9db466681c2d1086f784c7130699,201754 3 202273 6 202792 9 203312 9 203831 10 204351 10 204871 10 205390 11 205910 11 206430 11 206950 11 207470 11 207990 11 208510 11 209030 11 209550 11 210070 11 210591 10 211111 10 211631 10 212152 9 212672 9 213193 8 213713 8 214234 7 214755 6 215275 6 215796 5 216317 4 216838 3 217359 2
6b72b61b80060a9e79a4747f9c5d5af135af9db466681c2d1086f784c7130699,358181 5 358691 19 359209 22 359727 25 360246 26 360766 26 361285 28 361805 28
6b72b61b80060a9e79a4747f9c5d5af135af9db466681c2d1086f784c7130699,179921 2 180441 3 180961 4 181481 5 182001 6 182521 6 183041 7 183561 7 184081 7 184601 7 185121 7 185641 7 186161 7 186681 7 187201 7 187721 6 188241 6 188761 5 189281 5 189801 4 190321 3 190841 2
6b72b61b80060a9e79a4747f9c5d5af135af9db466681c2d1086f784c7130699,306535 8 307048 17 307564 23 308082 26 308600 29 309118 31 309637 33 310156 34 310675 35 311194 36 311714 36 312234 36 312753 36 313273 36 313793 35 314313 34 314833 33 315353 32 315873 31 316394 29 316914 28 317434 27 317955 24 318476 22 318997 19 319520 13
6b72b61b80060a9e79a4747f9c5d5af135af9db466681c2d1086f784c7130699,9538 6 10057 8 10575 10 11093 13 11612 14 12130 17 12649 18 13168 19 13687 20 14206 21 14724 23 15243 24 15762 25 16281 26 16800 26 17320 26 17839 27 18358 27 18877 28 19396 28 19916 28 20436 28 20956 27 21476 27 21997 25 22518 23 23039 21 23565 14 24093 2
6b72b61b80060a9e79a4747f9c5d5af135af9db466681c2d1086f784c7130699,32700 11 33218 14 33737 16 34256 17 34775 18 35295 19 35815 19 36334 21 36854 21 37373 22 37893 21 38412 22 38932 21 39452 21 39972 21 40491 23 41011 24 41530 25 42050 24 42569 24 43088 25 43608 25 44128 25 44648 25 45169 23 45690 22 46210 22 46731 20 47252 18 47773 16 48293 15 48814 13 49334 12 49855 9 50377 5
6b72b61b80060a9e79a4747f9c5d5af135af9db466681c2d1086f784c7130699,252240 5 252758 8 253277 10 253796 13 254316 14 254835 16 255355 17 255875 17 256395 18 256915 19 257435 19 257955 20 258475 20 258995 20 259515 21 260035 21 260555 21 261075 21 261595 21 262116 20 262636 20 263157 19 263678 18 264198 17 264719 16 265239 16 265760 14 266282 11 266803 10 267325 7 267846 5
6b72b61b80060a9e79a4747f9c5d5af135af9db466681c2d1086f784c7130699,66637 6 67155 9 67673 12 68192 14 68711 16 69230 18 69749 20 70269 20 70788 22 71308 22 71828 23 72347 24 72867 24 73387 24 73907 24 74427 25 74948 24 75468 25 75988 26 76508 26 77028 27 77548 27 78068 27 78589 26 79109 26 79630 25 80150 25 80671 24 81191 24 81712 23 82232 23 82753 22 83274 20 83795 18 84319 13 84840 10
6b72b61b80060a9e79a4747f9c5d5af135af9db466681c2d1086f784c7130699,339580 4 340096 13 340614 17 341131 21 341650 22 342170 23 342689 24 343208 25 343727 26 344246 27 344765 28 345284 29 345803 30 346323 29 346843 29 347363 29 347883 28 348403 28 348922 28 349441 28 349961 26 350481 25 351001 24 351521 23 352041 5 352049 13 352561 4 352572 7 353081 4 353601 4 354121 4 354641 4 355161 4 355681 4 356201 4 356721 4 357241 4 357761 4 358281 4 358801 4 359321 4 359841 4 360361 4 360881 4 361401 4
6b72b61b80060a9e79a4747f9c5d5af135af9db466681c2d1086f784c7130699,238862 6 239379 13 239897 16 240416 19 240935 21 241454 23 241973 25 242492 27 243011 29 243531 30 244050 31 244570 31 245090 32 245610 32 246130 32 246650 31 247170 31 247690 31 248210 30 248730 30 249251 29 249771 28 250292 26 250813 24 251334 22 251855 20 252376 18 252897 14 253417 11 253938 3
6b72b61b80060a9e79a4747f9c5d5af135af9db466681c2d1086f784c7130699,40854 7 41371 11 41887 17 42405 20 42924 22 43444 23 43963 24 44482 25 45002 25 45521 27 46041 27 46561 28 47081 28 47601 28 48121 28 48642 27 49163 26 49684 25 50206 22 50733 15 51255 12 51779 7
6b72b61b80060a9e79a4747f9c5d5af135af9db466681c2d1086f784c7130699,90291 5 90809 14 91328 17 91848 18 92367 19 92887 20 93406 21 93926 22 94446 22 94966 22 95486 22 96006 22 96526 22 97046 22 97566 22 98086 22 98607 22 99127 22 99647 22 100167 22 100687 22 101207 22 101727 22 102248 20 102768 20 103288 19 103808 18 104328 17 104849 14 105370 10 105891 8 106413 3
6b72b61b80060a9e79a4747f9c5d5af135af9db466681c2d1086f784c7130699,26780 12 27298 16 27816 22 28335 24 28854 26 29373 27 29893 28 30413 28 30933 28 31453 28 31974 27 32494 27 33015 26 33536 25 34057 24 34579 23 35100 22 35621 21 36142 20 36664 18 37185 16 37707 13 38230 9 38753 3
6b72b61b80060a9e79a4747f9c5d5af135af9db466681c2d1086f784c7130699,191717 5 192236 8 192755 11 193274 13 193793 15 194312 16 194831 17 195350 18 195869 20 196389 20 196908 21 197428 21 197947 21 198467 21 198987 21 199507 20 200027 20 200547 20 201067 20 201587 20 202108 18 202628 18 203148 17 203669 15 204191 12 204712 10 205234 6
6b72b61b80060a9e79a4747f9c5d5af135af9db466681c2d1086f784c7130699,184100 2 184617 9 185135 14 185654 18 186173 21 186693 22 187213 24 187733 26 188252 29 188772 30 189292 31 189812 32 190332 33 190852 34 191373 33 191893 33 192413 33 192934 32 193454 32 193975 31 194495 30 195016 29 195537 27 196059 24 196580 22 197102 19 197629 11
6b72b61b80060a9e79a4747f9c5d5af135af9db466681c2d1086f784c7130699,345248 7 345766 11 346285 13 346804 15 347323 17 347842 18 348361 20 348880 21 349400 21 349919 22 350438 23 350957 24 351476 25 351995 26 352514 27 353034 26 353553 26 354073 25 354592 25 355112 24 355632 23 356152 20 356671 20 357191 17 357712 13 358232 10 358753 7
6b72b61b80060a9e79a4747f9c5d5af135af9db466681c2d1086f784c7130699,4096 5 4614 10 5133 12 5652 14 6172 15 6692 16 7212 17 7731 20 8251 21 8771 22 9291 23 9811 24 10332 24 10852 24 11373 24 11893 24 12413 25 12933 25 13453 25 13973 26 14493 26 15013 26 15534 25 16056 23 16577 22 17098 21 17618 21 18138 21 18660 19 19181 17 19702 15 20223 13 20745 9 21266 6
6b72b61b80060a9e79a4747f9c5d5af135af9db466681c2d1086f784c7130699,32761 2 32767 2 33281 9 33801 10 34321 11 34841 11 35361 11 35881 11 36401 11 36921 11 37441 11 37961 10 38481 9 39001 8 39523 3
6b72b61b80060a9e79a4747f9c5d5af135af9db466681c2d1086f784c7130699,26681 4 27200 6 27720 7 28239 9 28758 10 29275 14 29794 16 30313 17 30833 17 31353 17 31874 16 32395 16 32916 16 33436 17 33956 20 34476 21 34997 21 35518 21 36038 21 36558 22 37078 22 37599 21 38120 20 38642 18 39163 16 39683 15 40204 13 40725 10 41247 5
6b72b61b80060a9e79a4747f9c5d5af135af9db466681c2d1086f784c7130699,195 28 715 28 1236 27 1756 26 2277 24 2799 21 3321 17 3845 12 4370 4
6b72b61b80060a9e79a4747f9c5d5af135af9db466681c2d1086f784c7130699,113361 2 113881 3 114401 4 114921 4 115441 5 115961 6 116481 6 117001 7 117521 8 118041 8 118561 8 119081 9 119601 10 120121 10 120641 11 121161 11 121681 12 122201 12 122721 12 123241 12 123761 12 124281 12 124801 12 125321 11 125841 11 126361 10 126881 9 127401 6
6b72b61b80060a9e79a4747f9c5d5af135af9db466681c2d1086f784c7130699,218747 4 219266 9 219784 12 220303 22 220823 24 221342 26 221861 27 222381 28 222901 28 223421 29 223942 28 224462 29 224983 28 225503 29 226024 28 226544 29 227064 29 227585 29 228105 29 228626 28 229147 27 229668 26 230188 26 230709 25 231229 25 231749 25 232270 24 232790 24 233311 23 233831 23 234352 22 234873 20 235394 19 235915 17 236436 15 236958 12 237483 6
6b72b61b80060a9e79a4747f9c5d5af135af9db466681c2d1086f784c7130699,176968 6 177487 8 178006 10 178521 16 179040 18 179559 19 180078 21 180597 25 181117 27 181637 28 182157 29 182677 30 183197 31 183717 32 184237 32 184757 32 185277 32 185796 34 186315 35 186835 35 187355 35 187875 35 188395 35 188915 34 189435 33 189955 33 190476 31 190997 29 191518 25 192040 19
6b72b61b80060a9e79a4747f9c5d5af135af9db466681c2d1086f784c7130699,61236 6 61754 9 62273 11 62792 12 63312 13 63831 15 64351 16 64871 16 65390 17 65910 18 66430 18 66950 18 67470 18 67990 18 68510 18 69030 18 69550 18 70070 18 70590 18 71110 18 71631 17 72151 18 72671 18 73191 18 73712 17 74232 17 74752 17 75273 16 75793 16 76313 16 76834 15 77354 15 77874 15 78395 13 78915 13 79435 13 79956 12 80477 10 80998 9 81519 7
6b72b61b80060a9e79a4747f9c5d5af135af9db466681c2d1086f784c7130699,115748 3 115761 2 116267 19 116786 22 117306 24 117826 25 118346 26 118866 27 119386 28 119907 28 120428 27 120948 27 121468 26 121988 25 122509 23 123029 23 123550 22 124070 22 124591 20 125112 16 125633 14 126157 7 126678 4
6b72b61b80060a9e79a4747f9c5d5af135af9db466681c2d1086f784c7130699,192733 8 193252 10 193771 11 194290 12 194809 13 195328 14 195846 16 196365 18 196883 21 197401 24 197921 25 198441 26 198961 26 199481 26 200001 26 200522 25 201044 22 201565 20 202086 19 202607 18 203128 16 203649 15 204169 15 204690 14 205210 13 205731 12 206252 10 206773 8 207298 2
6b72b61b80060a9e79a4747f9c5d5af135af9db466681c2d1086f784c7130699,59987 8 60505 12 61024 14 61543 16 62061 19 62580 20 63099 22 63618 23 64137 24 64656 25 65176 25 65695 27 66215 27 66735 27 67255 27 67776 27 68296 27 68817 26 69338 25 69859 24 70380 23 70901 21 71422 20 71943 18 72464 16 72985 14 73506 11 74027 9 74548 7 75069 2
6b72b61b80060a9e79a4747f9c5d5af135af9db466681c2d1086f784c7130699,69703 6 70221 13 70737 18 71253 23 71772 26 72291 28 72810 30 73329 32 73848 34 74368 34 74888 34 75408 35 75928 35 76449 34 76969 35 77490 34 78011 33 78543 21 79064 20 79585 19 80106 18 80627 17 81147 17 81667 17 82188 15 82708 14 83228 13 83749 12 84270 10 84792 4
6b72b61b80060a9e79a4747f9c5d5af135af9db466681c2d1086f784c7130699,77462 5 77979 10 78498 13 79017 15 79535 18 80054 19 80574 19 81093 21 81612 22 82132 22 82651 24 83171 24 83690 25 84210 25 84730 25 85250 25 85769 26 86289 26 86809 25 87329 25 87849 25 88369 25 88889 25 89408 26 89928 26 90448 26 90968 25 91488 25 92009 23 92529 22 93049 22 93570 20 94090 19 94610 18 95131 16 95652 14 96173 12 96694 9
6b72b61b80060a9e79a4747f9c5d5af135af9db466681c2d1086f784c7130699,190922 9 191440 13 191958 16 192477 18 192996 20 193515 22 194034 23 194553 25 195072 26 195591 28 196111 29 196630 30 197150 30 197670 31 198189 32 198709 32 199229 32 199748 33 200268 33 200788 33 201308 33 201828 33 202347 34 202867 34 203387 33 203907 33 204427 32 204947 31 205468 30 205988 29 206508 28 207029 26 207549 24 208070 22 208591 19 209111 18 209632 16 210153 14 210674 12 211195 9
6b72b61b80060a9e79a4747f9c5d5af135af9db466681c2d1086f784c7130699,264104 8 264620 14 265138 19 265657 21 266176 23 266695 25 267214 27 267734 28 268253 29 268772 30 269292 30 269812 30 270332 30 270852 31 271372 31 271892 30 272413 29 272934 28 273455 26 273976 24 274497 22 275019 18 275540 15 276063 8
6b72b61b80060a9e79a4747f9c5d5af135af9db466681c2d1086f784c7130699,341792 9 342311 11 342829 14 343348 16 343867 18 344386 20 344906 21 345425 22 345945 23 346465 24 346984 25 347504 26 348023 27 348543 27 349062 29 349582 29 350102 29 350622 29 351142 29 351662 28 352181 29 352701 28 353221 27 353741 26 354261 25 354780 25 355300 24 355820 23 356340 21 356860 20 357380 20 357900 20 358421 18 358941 17 359462 16 359983 15 360511 7 361032 6 361552 6
6b72b61b80060a9e79a4747f9c5d5af135af9db466681c2d1086f784c7130699,177281 18 177799 21 178317 25 178836 27 179355 29 179874 31 180393 32 180912 33 181432 34 181952 34 182472 34 182992 34 183511 34 184031 34 184551 33 185072 31 185592 30 186113 28 186634 26 187155 23 187678 17
6b72b61b80060a9e79a4747f9c5d5af135af9db466681c2d1086f784c7130699,190075 7 190593 10 191109 15 191627 17 192146 19 192664 21 193183 22 193703 22 194222 23 194741 24 195261 24 195780 25 196300 24 196820 24 197339 24 197859 24 198379 23 198899 22 199419 22 199939 21 200459 20 200979 18 201500 15 202021 12 202542 9 203064 4
6b72b61b80060a9e79a4747f9c5d5af135af9db466681c2d1086f784c7130699,129571 8 130090 11 130609 13 131128 14 131648 15 132169 14 132689 15 133209 15 133729 16 134249 16 134770 15 135291 14 135812 12 136334 8 136857 3
6b72b61b80060a9e79a4747f9c5d5af135af9db466681c2d1086f784c7130699,106172 11 106690 16 107209 18 107729 18 108249 19 108769 19 109289 19 109809 19 110330 17 110850 16 111370 15 111890 14 112410 14 112929 14 113448 13 113966 14 114482 18 114999 21 115518 22 116037 23 116557 22 117077 21 117597 21 118117 20 118637 20 119158 19 119679 6 119687 10 120208 9 120729 8 121251 6
6b72b61b80060a9e79a4747f9c5d5af135af9db466681c2d1086f784c7130699,155776 2 156292 9 156809 15 157328 17 157847 19 158366 20 158886 21 159405 22 159925 22 160444 23 160964 22 161484 22 162004 22 162524 21 163044 21 163565 20 164085 20 164606 18 165127 16 165648 14 166169 12 166691 9
6b72b61b80060a9e79a4747f9c5d5af135af9db466681c2d1086f784c7130699,140921 2 141441 3 141961 3 142481 3 143001 4 143521 5 144041 5 144561 5 145081 5 145601 5 146121 5 146641 5 147161 5 147681 6 148201 6 148721 5 149241 3
6b72b61b80060a9e79a4747f9c5d5af135af9db466681c2d1086f784c7130699,344146 2 344663 8 345181 11 345700 15 346219 17 346739 18 347259 18 347780 17 348301 16 348822 15 349343 14 349863 13 350384 4 350391 4 350905 2
6b72b61b80060a9e79a4747f9c5d5af135af9db466681c2d1086f784c7130699,208521 4 209041 8 209561 10 210081 11 210601 12 211121 13 211641 14 212161 15 212681 15 213201 16 213721 16 214241 16 214761 17 215281 17 215801 17 216321 17 216841 17 217361 17 217881 17 218401 17 218921 17 219441 17 219961 17 220481 17 221001 16 221521 16 222041 15 222561 15 223081 14 223601 14 224121 13 224643 10 225165 6
6b72b61b80060a9e79a4747f9c5d5af135af9db466681c2d1086f784c7130699,199705 10 200223 14 200741 17 201260 20 201779 23 202298 27 202818 28 203338 29 203858 30 204378 31 204898 32 205418 32 205939 31 206459 31 206979 31 207500 29 208021 28 208542 26 209063 24 209584 22 210109 15 210634 8
6b72b61b80060a9e79a4747f9c5d5af135af9db466681c2d1086f784c7130699,246082 20 246601 24 247120 26 247638 29 248157 32 248676 34 249195 36 249714 38 250233 39 250753 40 251273 40 251793 41 252313 42 252833 43 253353 43 253873 43 254394 43 254914 43 255435 41 255955 41 256476 39 256998 36 257520 33 258044 8 258067 4
6b72b61b80060a9e79a4747f9c5d5af135af9db466681c2d1086f784c7130699,345921 6 346438 11 346957 13 347476 14 347995 15 348514 16 349030 19 349546 22 350065 23 350584 23 351103 22 351623 21 352142 21 352662 19 353182 18 353702 16 354223 13 354743 12 355264 9 355785 7 356307 3
6b72b61b80060a9e79a4747f9c5d5af135af9db466681c2d1086f784c7130699,153389 9 153907 13 154424 17 154941 20 155459 22 155978 23 156496 25 157015 26 157534 27 158054 27 158574 27 159094 27 159614 27 160135 26 160655 26 161176 25 161696 25 162217 24 162738 13 162753 8 163260 6 163274 6
6b72b61b80060a9e79a4747f9c5d5af135af9db466681c2d1086f784c7130699,225662 6 226181 8 226700 10 227219 12 227738 14 228257 16 228776 18 229295 21 229814 23 230334 27 230854 27 231374 27 231894 27 232414 27 232934 27 233455 26 233975 26 234496 25 235017 24 235538 23 236059 22 236580 21 237101 20 237622 19 238143 18 238664 17 239185 16 239707 14 240229 12 240750 11 241273 8
6b72b61b80060a9e79a4747f9c5d5af135af9db466681c2d1086f784c7130699,31928 4 32444 12 32961 19 33480 22 33999 24 34518 26 35037 28 35556 30 36075 32 36595 32 37115 32 37634 33 38154 33 38674 33 39194 33 39714 33 40234 33 40754 32 41275 31 41796 29 42316 27 42837 12 43358 9
6b72b61b80060a9e79a4747f9c5d5af135af9db466681c2d1086f784c7130699,250624 4 251139 13 251657 16 252176 19 252695 22 253214 24 253734 25 254253 27 254772 29 255291 30 255810 31 256329 32 256848 33 257367 34 257886 35 258406 35 258925 36 259445 36 259965 36 260485 36 261005 36 261525 36 262045 26 262566 23 263086 21 263607 18 264129 13 264652 5
6b72b61b80060a9e79a4747f9c5d5af135af9db466681c2d1086f784c7130699,25886 3 26401 12 26917 17 27434 21 27952 24 28470 27 28989 28 29508 30 30027 31 30547 31 31066 32 31586 32 32106 31 32625 32 33145 31 33665 30 34185 29 34705 28 35225 27 35745 26 36265 25 36785 23 37306 20 37826 18 38347 15 38869 11 39392 3
6b72b61b80060a9e79a4747f9c5d5af135af9db466681c2d1086f784c7130699,95409 5 95924 11 96443 12 96963 13 97482 15 97499 4 98002 22 98522 23 99042 23 99562 24 100082 25 100602 25 101122 25 101642 24 102162 23 102682 21 103202 19 103722 18 104242 17 104762 16 105283 14 105804 11 106325 8
6b72b61b80060a9e79a4747f9c5d5af135af9db466681c2d1086f784c7130699,56679 2 57198 3 57718 3 58237 4 58756 5 59275 6 59795 6 60315 6 60834 7 61353 8 61872 9 62392 9 62912 9 63431 10 63951 10 64471 10 64990 11 65510 11 66030 11 66550 11 67070 11 67590 11 68110 11 68630 11 69150 11 69671 10 70193 8 70715 6 71236 5 71757 4
6b72b61b80060a9e79a4747f9c5d5af135af9db466681c2d1086f784c7130699,68468 6 68986 11 69505 13 70022 17 70541 18 71060 19 71579 21 72098 22 72618 22 73137 24 73657 25 74178 23 74698 23 75219 21 75739 21 76260 20 76780 20 77301 18 77822 16 78342 15 78863 14 79383 14 79903 14 80424 13 80944 13 81465 12 81986 11 82507 10 83028 8 83550 5
6b72b61b80060a9e79a4747f9c5d5af135af9db466681c2d1086f784c7130699,231 18 751 18 1271 17 1791 16 2312 14 2833 12 3355 7
6b72b61b80060a9e79a4747f9c5d5af135af9db466681c2d1086f784c7130699,205593 8 206108 17 206626 22 207142 29 207660 34 208179 36 208697 40 209216 42 209735 44 210254 47 210773 49 211292 50 211811 52 212330 54 212850 54 213369 56 213889 56 214409 57 214929 57 215449 57 215968 58 216488 58 217008 58 217529 57 218050 55 218570 55 219091 54 219612 52 220133 51 220653 51 221174 49 221695 48 222216 46 222738 42 223260 39 223783 35 224306 30 224831 22 225356 12
6b72b61b80060a9e79a4747f9c5d5af135af9db466681c2d1086f784c7130699,3997 6 4514 11 5032 15 5551 17 6070 19 6589 21 7109 21 7628 22 8148 23 8668 23 9188 24 9708 25 10228 25 10749 24 11270 23 11791 21 12312 20 12833 19 13355 17 13882 9 14404 5
6b72b61b80060a9e79a4747f9c5d5af135af9db466681c2d1086f784c7130699,182329 8 182832 5 182848 10 183351 7 183367 11 183870 10 183886 13 184390 29 184909 30 185429 30 185949 29 186469 28 186989 28 187509 28 188030 26 188550 26 189071 25 189592 24 190113 23 190634 22 191155 20 191676 18 192197 17 192717 16 193237 15 193757 14 194277 13 194797 12 195317 11 195837 9 196358 7 196879 4
6b72b61b80060a9e79a4747f9c5d5af135af9db466681c2d1086f784c7130699,86168 4 86679 18 87196 23 87715 26 88234 28 88753 30 89273 31 89792 32 90312 33 90832 33 91352 33 91872 33 92393 32 92913 32 93433 32 93953 31 94473 31 94993 30 95514 27 96034 13 96053 7 96555 10 97078 5
