6c67b78e8164801059375ed9a607f61e67a7ae347e92e36a7f20514224541d56,77186 3 77441 5 77696 6 77951 6 78206 6 78462 6 78717 7 78973 6 79228 6 79484 6 79739 6 79995 5 80251 5 80507 5 80763 5 81019 5 81276 4 81532 4 81788 4
6c67b78e8164801059375ed9a607f61e67a7ae347e92e36a7f20514224541d56,47701 14 47957 15 48213 15 48469 15 48725 14 48980 15 49236 15 49491 16 49746 16 50000 17 50254 17 50509 17 50764 14 51019 10 51276 7
6c67b78e8164801059375ed9a607f61e67a7ae347e92e36a7f20514224541d56,38055 7 38310 9 38565 11 38821 11 39077 11 39332 12 39588 12 39843 13 40099 12 40355 11 40611 11 40866 11 41122 10 41378 10 41634 10 41890 9 42146 9 42403 7 42660 5
6c67b78e8164801059375ed9a607f61e67a7ae347e92e36a7f20514224541d56,34676 4 34931 7 35187 8 35443 9 35699 10 35955 11 36211 12 36467 13 36724 15 36981 15 37239 15 37496 15 37752 15 38009 14 38268 11 38526 8 38783 7 39040 6 39297 4
6c67b78e8164801059375ed9a607f61e67a7ae347e92e36a7f20514224541d56,57715 6 57970 8 58225 9 58478 12 58731 15 58985 17 59237 21 59492 22 59745 25 60000 25 60254 27 60508 28 60763 28 61018 28 61273 28 61526 30 61781 31 62036 31 62291 31 62547 30 62803 29 63058 29 63313 28 63569 27 63825 25 64081 23 64337 22 64594 20 64851 17 65108 11
6c67b78e8164801059375ed9a607f61e67a7ae347e92e36a7f20514224541d56,61097 2 61352 4 61608 4 61864 4 62120 4 62376 4 62632 4 62888 4 63144 4 63400 4 63656 4 63912 4 64168 4 64424 4 64681 2
6c67b78e8164801059375ed9a607f61e67a7ae347e92e36a7f20514224541d56,43507 3 43762 5 44017 6 44273 6 44528 7 44784 7 45040 7 45296 7 45551 8 45807 8 46062 9 46318 9 46574 9 46830 9 47085 10 47341 10 47596 11 47852 11 48108 11 48364 11 48620 12 48876 13 49132 13 49388 13 49644 13 49901 12 50157 12 50413 12 50669 13 50925 13 51181 13 51438 12 51694 12 51951 11 52208 10 52466 7 52723 5
6c67b78e8164801059375ed9a607f61e67a7ae347e92e36a7f20514224541d56,40395 10 40649 13 40903 15 41156 18 41411 19 41666 20 41921 21 42177 21 42432 21 42688 20 42944 20 43200 20 43456 19 43712 18 43968 17 44225 6
6c67b78e8164801059375ed9a607f61e67a7ae347e92e36a7f20514224541d56,20245 8 20499 11 20751 17 21004 21 21258 24 21513 26 21765 30 22020 31 22275 32 22529 34 22785 34 23041 33 23297 33 23553 33 23809 32 24065 30 24321 29 24578 27 24835 25 25092 22 25349 19
6c67b78e8164801059375ed9a607f61e67a7ae347e92e36a7f20514224541d56,27990 7 28245 9 28501 9 28757 10 29013 10 29270 10 29526 10 29782 10 30037 11 30292 12 30547 13 30803 13 31060 11
6c67b78e8164801059375ed9a607f61e67a7ae347e92e36a7f20514224541d56,29076 3 29330 8 29583 12 29838 14 30093 16 30349 17 30605 18 30862 17 31119 15 31377 12 31635 8
6c67b78e8164801059375ed9a607f61e67a7ae347e92e36a7f20514224541d56,25586 4 25840 7 26093 10 26348 11 26603 12 26858 13 27112 14 27366 15 27620 16 27872 19 28127 19 28381 19 28636 18 28891 18 29144 19 29399 18 29654 17 29910 15 30166 14 30423 10 30679 8 30936 2
6c67b78e8164801059375ed9a607f61e67a7ae347e92e36a7f20514224541d56,79452 4 79706 7 79961 8 80216 9 80470 11 80725 12 80980 12 81234 14 81489 14 81745 13
6c67b78e8164801059375ed9a607f61e67a7ae347e92e36a7f20514224541d56,64943 2 65198 4 65454 4 65710 4 65966 4 66222 4 66478 4 66733 5 66989 5 67245 5 67501 5 67757 5 68013 5 68269 5 68525 5 68781 5 69037 4 69293 3 69549 3 69806 1
6c67b78e8164801059375ed9a607f61e67a7ae347e92e36a7f20514224541d56,14592 1 14847 2 15101 4 15355 6 15610 7 15866 7 16122 7 16379 6 16637 4
6c67b78e8164801059375ed9a607f61e67a7ae347e92e36a7f20514224541d56,72600 2 72855 4 73110 5 73366 5 73621 6 73877 6 74133 6 74389 5 74644 6 74900 6 75155 7 75410 7 75666 7 75921 8 76177 7 76433 6 76689 6 76945 5 77200 6 77456 5 77712 4 77968 4 78224 3 78480 3 78736 3
6c67b78e8164801059375ed9a607f61e67a7ae347e92e36a7f20514224541d56,51921 2 52176 4 52432 4 52688 4 52944 4 53199 5 53454 6 53710 6 53965 7 54220 8 54476 8 54731 9 54987 9 55243 9 55499 9 55755 9 56011 9 56267 9 56524 8 56780 7 57037 6 57294 5 57551 3
6c67b78e8164801059375ed9a607f61e67a7ae347e92e36a7f20514224541d56,15592 8 15847 10 16101 12 16356 13 16612 12 16868 12 17123 12 17379 12 17635 11 17891 10 18147 9 18402 8 18657 8 18913 6 19170 4
6c67b78e8164801059375ed9a607f61e67a7ae347e92e36a7f20514224541d56,59070 2 59325 4 59581 4 59837 5 60092 6 60347 7 60603 7 60859 7 61115 7 61371 7 61627 7 61883 7 62139 7 62395 7 62651 7 62907 7 63163 7 63419 8 63675 8 63931 8 64188 7 64444 7 64700 6 64956 6 65213 5 65470 3
6c67b78e8164801059375ed9a607f61e67a7ae347e92e36a7f20514224541d56,11153 4 11408 6 11664 7 11919 8 12175 8 12430 9 12686 9 12942 9 13198 9 13454 9 13711 8 13968 7 14225 5 14483 2
6c67b78e8164801059375ed9a607f61e67a7ae347e92e36a7f20514224541d56,12144 4 12399 6 12655 7 12911 8 13166 11 13422 12 13678 13 13934 14 14190 14 14446 14 14702 14 14959 13 15217 11 15474 10 15731 9 15988 8 16245 6 16503 3
6c67b78e8164801059375ed9a607f61e67a7ae347e92e36a7f20514224541d56,80 7 337 7 593 7 849 7 1105 8 1361 8 1618 8 1874 8 2130 8 2387 7 2643 7 2900 5
6c67b78e8164801059375ed9a607f61e67a7ae347e92e36a7f20514224541d56,47409 8 47664 10 47919 11 48175 10 48431 10 48687 9 48943 8 49199 7 49455 6 49711 6 49967 5 50224 3
6c67b78e8164801059375ed9a607f61e67a7ae347e92e36a7f20514224541d56,72317 3 72572 5 72827 6 73083 6 73338 7 73594 7 73849 7 74104 8 74359 9 74615 8 74870 8 75125 9 75380 9 75636 8 75891 8 76147 8 76403 7 76659 5 76916 2
6c67b78e8164801059375ed9a607f61e67a7ae347e92e36a7f20514224541d56,27601 14 27854 18 28109 18 28364 17 28620 16 28876 15 29133 9 29390 7 29649 3
6c67b78e8164801059375ed9a607f61e67a7ae347e92e36a7f20514224541d56,6581 4 6836 6 7092 6 7347 6 7603 5 7860 3
6c67b78e8164801059375ed9a607f61e67a7ae347e92e36a7f20514224541d56,1 9 257 8 513 8 769 7 1025 6 1281 5 1537 5 1793 4 2049 3
6c67b78e8164801059375ed9a607f61e67a7ae347e92e36a7f20514224541d56,5894 7 6148 10 6403 11 6658 12 6913 13 7169 12 7425 11 7681 8 7937 6 8193 5 8449 4 8705 4 8961 4 9217 4 9473 3
6c67b78e8164801059375ed9a607f61e67a7ae347e92e36a7f20514224541d56,50778 5 51029 13 51056 9 51283 16 51311 11 51539 17 51566 12 51795 39 52051 39 52307 39 52563 39 52818 7 52830 28 53073 6 53087 27 53328 6 53344 25 53580 9 53601 23 53836 8 53857 22 54092 7 54113 20 54349 6 54369 19 54606 5 54624 18 54865 1 54880 17 55136 10
6c67b78e8164801059375ed9a607f61e67a7ae347e92e36a7f20514224541d56,14096 10 14351 15 14606 17 14860 20 15115 21 15371 21 15627 22 15883 23 16139 23 16394 24 16650 24 16906 24 17162 24 17418 24 17674 24 17930 24 18186 23 18443 21 18700 19 18957 17 19214 16 19473 12
6c67b78e8164801059375ed9a607f61e67a7ae347e92e36a7f20514224541d56,78189 3 78444 5 78699 6 78954 7 79208 9 79463 10 79718 11 79973 12 80229 12 80485 11 80740 12 80996 11 81252 10 81508 6 81764 5
6c67b78e8164801059375ed9a607f61e67a7ae347e92e36a7f20514224541d56,15502 2 15757 6 16012 9 16267 11 16523 11 16779 12 17034 14 17290 14 17545 15 17801 15 18057 16 18314 15 18570 15 18827 14 19083 14 19339 14 19596 13 19853 12 20109 11 20366 9 20623 7
6c67b78e8164801059375ed9a607f61e67a7ae347e92e36a7f20514224541d56,42310 5 42563 14 42814 19 43069 21 43324 22 43579 23 43833 22 44088 20 44343 18 44598 18 44853 17 45109 16 45365 16 45621 16 45877 16 46133 16 46389 16 46646 9
6c67b78e8164801059375ed9a607f61e67a7ae347e92e36a7f20514224541d56,42844 9 43097 13 43348 18 43602 20 43855 23 44108 26 44361 29 44616 30 44870 32 45125 33 45381 32 45637 31 45893 28 46149 23 46405 19 46661 15
6c67b78e8164801059375ed9a607f61e67a7ae347e92e36a7f20514224541d56,77461 4 77716 6 77972 6 78227 7 78483 7 78739 7 78995 7 79251 7 79507 7 79763 7 80019 7 80274 8 80529 9 80785 9 81040 9 81295 10 81550 10 81806 10
6c67b78e8164801059375ed9a607f61e67a7ae347e92e36a7f20514224541d56,51270 6 51525 14 51777 18 52029 22 52282 25 52534 29 52789 29 53044 29 53299 29 53554 26 53810 25 54066 23 54322 22 54578 20 54835 16 55091 13 55348 11
6c67b78e8164801059375ed9a607f61e67a7ae347e92e36a7f20514224541d56,7780 2 8035 6 8291 8 8547 9 8803 10 9060 10 9317 9 9573 9 9829 9 10085 9 10341 9 10598 8 10854 8 11111 6 11368 4
6c67b78e8164801059375ed9a607f61e67a7ae347e92e36a7f20514224541d56,12895 5 13150 8 13406 10 13663 10 13919 11 14176 10 14433 9 14689 10 14946 9 15204 7 15461 6 15718 5 15975 4 16232 2
6c67b78e8164801059375ed9a607f61e67a7ae347e92e36a7f20514224541d56,46568 2 46823 4 47078 5 47334 5 47590 5 47845 6 48100 7 48356 7 48612 7 48868 7 49123 8 49379 8 49635 8 49891 8 50147 8 50402 9 50658 9 50914 9 51170 9 51426 9 51682 10 51938 10 52194 11 52450 11 52706 12 52963 12 53219 13 53476 12 53733 11 53990 9 54247 7
6c67b78e8164801059375ed9a607f61e67a7ae347e92e36a7f20514224541d56,66984 2 67239 4 67495 4 67751 4 68006 5 68262 5 68518 5 68774 5 69029 6 69285 6 69540 7 69796 7 70052 7 70308 7 70563 8 70819 8 71075 8 71331 8 71587 7 71843 7 72099 7 72355 7 72611 6 72867 6 73123 5 73379 4 73635 3
6c67b78e8164801059375ed9a607f61e67a7ae347e92e36a7f20514224541d56,8910 4 9165 6 9421 7 9677 7 9933 6 10190 5 10447 3
6c67b78e8164801059375ed9a607f61e67a7ae347e92e36a7f20514224541d56,9430 5 9684 8 9939 10 10195 11 10450 12 10705 13 10961 13 11216 14 11472 14 11727 15 11983 14 12239 13 12495 13 12751 12 13008 9
6c67b78e8164801059375ed9a607f61e67a7ae347e92e36a7f20514224541d56,21492 13 21745 16 22000 17 22255 18 22511 18 22767 18 23023 18 23279 18 23536 16 23796 9
6c67b78e8164801059375ed9a607f61e67a7ae347e92e36a7f20514224541d56,70591 3 70846 5 71101 6 71357 7 71613 7 71869 7 72125 7 72381 7 72637 7 72894 6 73151 4
6c67b78e8164801059375ed9a607f61e67a7ae347e92e36a7f20514224541d56,71839 3 72094 5 72350 5 72606 5 72862 5 73117 6 73373 6 73629 6 73885 5 74140 6 74396 6 74652 6 74907 7 75163 7 75419 7 75675 7 75931 7 76187 7 76443 6 76699 6 76955 6 77211 6 77467 5 77723 5 77979 5 78235 5 78491 4 78747 4 79004 2
6c67b78e8164801059375ed9a607f61e67a7ae347e92e36a7f20514224541d56,32142 6 32397 13 32652 15 32908 16 33163 18 33419 19 33675 19 33932 18 34189 17 34446 16 34704 14 34961 12 35219 9
6c67b78e8164801059375ed9a607f61e67a7ae347e92e36a7f20514224541d56,70344 2 70599 4 70855 5 71111 6 71367 6 71623 6 71879 6 72135 6 72391 6 72647 6 72903 5 73160 2
6c67b78e8164801059375ed9a607f61e67a7ae347e92e36a7f20514224541d56,65900 3 66153 7 66408 8 66664 7 66919 8 67174 9 67429 10 67684 10 67939 10 68194 11 68450 10 68705 11 68961 10 69216 10 69471 10 69727 10 69983 9 70238 10 70494 9 70750 8 71005 9 71261 9 71517 9 71773 8 72028 8 72283 9 72539 9 72794 10 73050 10 73305 10 73561 10 73817 10 74073 9 74329 8 74585 8 74841 7 75097 6 75353 6 75609 5 75865 5 76121 4 76378 2
6c67b78e8164801059375ed9a607f61e67a7ae347e92e36a7f20514224541d56,27139 14 27393 19 27649 20 27905 23 28161 25 28417 26 28673 26 28929 26 29185 26 29441 26 29697 25 29953 23 30209 17
6c67b78e8164801059375ed9a607f61e67a7ae347e92e36a7f20514224541d56,74930 3 75185 5 75440 6 75695 7 75951 7 76207 7 76463 7 76718 8 76974 8 77230 8 77485 9 77741 9 77997 9 78253 9 78509 9 78765 9 79021 9 79278 7 79535 5
6c67b78e8164801059375ed9a607f61e67a7ae347e92e36a7f20514224541d56,75174 2 75429 4 75685 5 75941 5 76196 6 76452 6 76708 6 76964 6 77219 7 77475 7 77731 7 77987 7 78243 7 78499 7 78755 7 79011 7 79267 7 79523 7 79779 7 80035 6 80291 6 80548 5 80805 3
6c67b78e8164801059375ed9a607f61e67a7ae347e92e36a7f20514224541d56,47980 7 48234 10 48489 12 48744 14 48998 16 49253 17 49507 18 49763 18 50019 17 50274 17 50530 17 50786 16 51042 14 51299 12 51556 10
6c67b78e8164801059375ed9a607f61e67a7ae347e92e36a7f20514224541d56,22232 2 22487 4 22742 5 22997 5 23252 5 23507 5 23761 6 24016 6 24271 6 24525 7 24780 7 25032 10 25285 11 25540 11 25796 9 26053 6
6c67b78e8164801059375ed9a607f61e67a7ae347e92e36a7f20514224541d56,2909 3 3164 6 3420 7 3676 8 3932 9 4188 10 4445 10 4701 10 4957 11 5214 10 5470 10 5727 9 5984 8 6241 7 6500 3
6c67b78e8164801059375ed9a607f61e67a7ae347e92e36a7f20514224541d56,11136 4 11391 8 11647 9 11903 10 12159 10 12415 11 12671 11 12927 11 13183 11 13440 10 13696 10 13952 10 14209 9 14465 9 14721 9 14978 8 15235 7 15492 6 15749 4
6c67b78e8164801059375ed9a607f61e67a7ae347e92e36a7f20514224541d56,19334 2 19589 4 19845 5 20101 7 20357 8 20613 9 20870 9 21126 10 21382 11 21639 11 21896 10 22153 10 22410 9 22668 6 22926 3
6c67b78e8164801059375ed9a607f61e67a7ae347e92e36a7f20514224541d56,9884 5 10139 7 10394 8 10649 9 10905 9 11161 9 11417 9 11673 8 11930 5 12187 3
6c67b78e8164801059375ed9a607f61e67a7ae347e92e36a7f20514224541d56,17523 2 17778 4 18034 5 18290 6 18547 6 18803 6 19059 6 19315 7 19571 8 19827 8 20084 8 20340 8 20596 8 20853 7 21109 6 21366 5 21623 3
6c67b78e8164801059375ed9a607f61e67a7ae347e92e36a7f20514224541d56,8323 3 8578 11 8833 13 9089 14 9345 14 9602 13 9859 12 10116 11 10373 10 10630 8 10889 3
6c67b78e8164801059375ed9a607f61e67a7ae347e92e36a7f20514224541d56,34087 6 34340 10 34590 17 34844 19 35086 33 35341 34 35597 34 35853 34 36109 34 36365 33 36621 31 36878 28 37136 20 37393 18 37651 13
6c67b78e8164801059375ed9a607f61e67a7ae347e92e36a7f20514224541d56,6258 2 6513 5 6769 8 7026 8 7283 8 7540 8 7797 7 8054 6 8311 4
6c67b78e8164801059375ed9a607f61e67a7ae347e92e36a7f20514224541d56,61877 2 62132 4 62388 5 62644 5 62900 5 63156 5 63412 5 63668 5 63924 5 64180 5 64436 5 64692 5 64948 5 65205 3
6c67b78e8164801059375ed9a607f61e67a7ae347e92e36a7f20514224541d56,72819 2 73074 4 73330 4 73585 5 73840 5 74095 6 74350 7 74604 8 74859 9 75114 10 75370 10 75625 11 75881 10 76136 10 76392 9 76648 9 76903 9 77159 8 77415 7 77670 7 77926 6 78181 5 78436 5 78692 4 78949 2
6c67b78e8164801059375ed9a607f61e67a7ae347e92e36a7f20514224541d56,8817 5 9072 7 9328 8 9584 9 9840 10 10096 11 10353 11 10609 11 10866 10 11123 9 11379 9 11635 9 11891 9 12148 8 12405 7 12662 6 12919 5 13177 2
6c67b78e8164801059375ed9a607f61e67a7ae347e92e36a7f20514224541d56,58444 9 58699 11 58954 13 59208 15 59463 16 59718 18 59972 20 60227 20 60482 21 60737 22 60992 23 61247 24 61501 25 61756 25 62011 25 62267 24 62522 24 62777 24 63032 24 63288 23 63544 21 63800 20 64056 17 64312 15 64569 11 64827 6
6c67b78e8164801059375ed9a607f61e67a7ae347e92e36a7f20514224541d56,11935 3 12190 5 12445 6 12700 8 12955 9 13211 9 13467 9 13723 9 13979 9 14234 10 14490 10 14746 10 15002 10 15258 11 15514 11 15770 11 16027 10 16283 10 16539 10 16795 10 17051 10 17308 9 17564 9 17821 7 18078 5
6c67b78e8164801059375ed9a607f61e67a7ae347e92e36a7f20514224541d56,46916 15 47170 18 47423 22 47677 24 47930 27 48185 28 48441 28 48696 29 48951 29 49206 30 49461 30 49717 29 49973 27 50229 25 50485 24 50741 23 50998 21 51257 5 51265 3
6c67b78e8164801059375ed9a607f61e67a7ae347e92e36a7f20514224541d56,38453 10 38703 17 38958 19 39211 22 39463 26 39717 28 39972 28 40227 28 40481 29 40735 30 40990 27 41244 28 41500 26 41755 25 42011 24 42267 22 42523 21 42780 19 43037 11
6c67b78e8164801059375ed9a607f61e67a7ae347e92e36a7f20514224541d56,26624 1 26879 2 27133 4 27388 5 27644 5 27899 6 28154 7 28409 8 28664 9 28918 11 29173 12 29428 11 29684 10 29941 8
6c67b78e8164801059375ed9a607f61e67a7ae347e92e36a7f20514224541d56,7865 10 8120 12 8375 13 8631 13 8887 13 9143 13 9399 12 9655 12 9911 11 10167 11 10424 9 10680 8 10936 8 11193 6 11449 6 11705 5 11962 3
6c67b78e8164801059375ed9a607f61e67a7ae347e92e36a7f20514224541d56,72 7 328 7 585 6 841 6 1098 5 1355 3
6c67b78e8164801059375ed9a607f61e67a7ae347e92e36a7f20514224541d56,32900 3 33155 5 33410 6 33666 6 33923 5 34179 6 34436 7 34693 7 34950 7 35207 6 35464 5 35722 2
6c67b78e8164801059375ed9a607f61e67a7ae347e92e36a7f20514224541d56,10240 1 10495 2 10750 3 11005 4 11260 5 11515 6 11771 6 12026 7 12282 7 12537 8 12793 8 13048 9 13303 10 13558 11 13814 11 14071 10 14327 10 14584 8 14841 6 15098 3
6c67b78e8164801059375ed9a607f61e67a7ae347e92e36a7f20514224541d56,41017 25 41272 27 41526 29 41780 31 42035 32 42289 21 42315 7 42544 19 42799 15 43055 14 43311 13 43567 12 43823 10 44080 8 44337 6 44595 3
6c67b78e8164801059375ed9a607f61e67a7ae347e92e36a7f20514224541d56,30489 7 30741 19 30994 25 31248 28 31503 30 31758 32 32013 33 32269 33 32524 34 32779 35 33035 34 33291 33 33547 32 33803 31 34059 28 34316 24 34573 17 34830 14
6c67b78e8164801059375ed9a607f61e67a7ae347e92e36a7f20514224541d56,11521 5 11777 6 12033 7 12289 7 12545 8 12801 8 13057 8 13313 8 13569 8 13825 7 14081 5
6c67b78e8164801059375ed9a607f61e67a7ae347e92e36a7f20514224541d56,72072 2 72327 4 72583 4 72838 5 73093 5 73348 6 73604 6 73859 6 74115 6 74370 6 74625 7 74880 8 75136 7 75391 7 75646 8 75901 8 76156 9 76411 9 76667 9 76922 9 77178 8 77433 8 77689 7 77944 7 78199 5 78454 5 78709 5 78965 5 79221 4 79478 2
6c67b78e8164801059375ed9a607f61e67a7ae347e92e36a7f20514224541d56,44724 4 44979 6 45234 7 45489 7 45744 7 45999 8 46254 8 46510 7 46766 6 47022 6 47278 5 47534 5 47790 4 48047 2
6c67b78e8164801059375ed9a607f61e67a7ae347e92e36a7f20514224541d56,7689 4 7943 7 8198 9 8453 12 8709 13 8965 14 9221 15 9477 16 9733 17 9989 17 10245 18 10501 18 10757 18 11014 17 11271 16 11529 14 11786 12 12043 11 12301 8
6c67b78e8164801059375ed9a607f61e67a7ae347e92e36a7f20514224541d56,36652 5 36906 8 37156 15 37411 17 37664 20 37911 30 38166 31 38420 33 38675 28 38930 28 39185 26 39441 22 39697 20 39953 19 40209 18 40465 16 40722 13 40979 11 41237 5
6c67b78e8164801059375ed9a607f61e67a7ae347e92e36a7f20514224541d56,18329 2 18585 3 18841 4 19097 4 19353 5 19609 6 19865 6 20121 7 20377 7 20633 7 20890 7 21147 6 21403 7 21660 6 21917 5 22174 5 22430 6 22687 5 22944 3
6c67b78e8164801059375ed9a607f61e67a7ae347e92e36a7f20514224541d56,42912 2 43167 5 43422 7 43677 8 43933 7 44189 7 44445 6 44702 4
6c67b78e8164801059375ed9a607f61e67a7ae347e92e36a7f20514224541d56,52825 5 53079 8 53334 10 53589 12 53844 13 54099 14 54355 14 54611 13 54866 14 55121 15 55377 14 55633 13 55889 12 56145 11 56401 10 56658 8 56915 6
6c67b78e8164801059375ed9a607f61e67a7ae347e92e36a7f20514224541d56,59336 3 59591 5 59846 6 60102 7 60358 7 60614 7 60869 8 61125 8 61381 8 61637 8 61893 8 62149 8 62405 8 62661 8 62917 8 63173 8 63429 8 63685 8 63941 8 64197 7 64453 7 64709 6 64965 6 65221 5 65477 4 65734 3
6c67b78e8164801059375ed9a607f61e67a7ae347e92e36a7f20514224541d56,34288 6 34543 8 34798 9 35053 10 35308 11 35559 16 35814 16 36068 17 36322 17 36577 17 36831 18 37086 19 37342 18 37598 17 37854 16 38111 13 38368 10 38626 5
6c67b78e8164801059375ed9a607f61e67a7ae347e92e36a7f20514224541d56,65211 2 65466 4 65721 5 65976 6 66232 7 66488 7 66744 7 66999 9 67255 9 67511 9 67767 9 68023 9 68279 9 68535 9 68791 9 69047 8 69304 7 69560 7 69817 5
6c67b78e8164801059375ed9a607f61e67a7ae347e92e36a7f20514224541d56,40420 5 40675 7 40930 8 41185 8 41440 8 41695 8 41950 8 42205 8 42460 8 42714 9 42966 12 43220 13 43475 13 43730 12 43985 12 44241 10 44497 9 44753 9 45010 7 45267 5 45524 2
6c67b78e8164801059375ed9a607f61e67a7ae347e92e36a7f20514224541d56,55146 8 55391 20 55646 22 55901 24 56140 3 56156 26 56393 8 56411 27 56647 11 56666 28 56902 13 56921 29 57157 49 57412 49 57667 48 57922 48 58177 48 58432 12 58453 25 58687 12 58710 21 58943 11 58967 18 59199 9 59223 14 59455 8 59479 13 59711 7 59736 9 59967 5 59992 8 60223 4 60247 7 60480 2 60503 5 60759 2
6c67b78e8164801059375ed9a607f61e67a7ae347e92e36a7f20514224541d56,73359 2 73614 4 73870 4 74125 5 74381 5 74636 6 74891 7 75147 7 75403 7 75658 8 75914 7 76170 7 76426 7 76682 7 76938 7 77194 6 77450 6 77706 6 77962 6 78217 7 78473 7 78729 7 78985 6 79241 6 79497 5 79753 5 80009 5 80265 5 80521 4 80778 2
6c67b78e8164801059375ed9a607f61e67a7ae347e92e36a7f20514224541d56,50333 2 50588 4 50844 4 51099 5 51355 5 51610 6 51866 6 52122 5 52378 4 52635 2
6c67b78e8164801059375ed9a607f61e67a7ae347e92e36a7f20514224541d56,17356 6 17611 9 17866 11 18122 12 18377 14 18633 14 18889 5 18899 3 19146 3
6c67b78e8164801059375ed9a607f61e67a7ae347e92e36a7f20514224541d56,37839 5 38089 12 38338 19 38593 19 38847 21 39102 21 39357 21 39612 21 39867 20 40122 20 40377 18 40633 16 40889 14 41145 11 41402 9
6c67b78e8164801059375ed9a607f61e67a7ae347e92e36a7f20514224541d56,51422 2 51677 4 51932 5 52188 5 52443 6 52699 6 52955 6 53211 6 53467 7 53723 8 53978 9 54234 10 54490 10 54746 10 55002 11 55258 12 55514 12 55771 11 56027 11 56283 11 56539 11 56795 11 57052 10 57310 8 57568 5
6c67b78e8164801059375ed9a607f61e67a7ae347e92e36a7f20514224541d56,11947 4 12202 6 12458 6 12713 7 12969 6 13225 6 13481 5 13737 5 13993 5 14249 4 14505 4 14762 2
6c67b78e8164801059375ed9a607f61e67a7ae347e92e36a7f20514224541d56,55252 2 55508 3 55764 3 56020 3 56276 3 56532 3 56787 5 57043 5 57299 6 57554 7 57810 7 58066 7 58322 7 58578 7 58834 8 59089 9 59345 9 59601 9 59857 9 60113 9 60369 9 60626 8 60883 7 61139 6 61396 4
6c67b78e8164801059375ed9a607f61e67a7ae347e92e36a7f20514224541d56,30402 12 30657 14 30912 15 31168 14 31424 12 31680 11 31936 9 32192 7 32448 6 32705 4
6c67b78e8164801059375ed9a607f61e67a7ae347e92e36a7f20514224541d56,3664 4 3919 6 4175 7 4431 8 4687 8 4943 9 5199 10 5455 10 5711 11 5968 11 6224 11 6481 10 6739 9 6996 8 7253 7 7512 3
6c67b78e8164801059375ed9a607f61e67a7ae347e92e36a7f20514224541d56,18182 4 18436 7 18690 10 18945 12 19201 13 19457 13 19713 13 19969 12 20225 11 20481 10 20737 8 20993 5 21249 3
6c67b78e8164801059375ed9a607f61e67a7ae347e92e36a7f20514224541d56,64460 1 64715 3 64971 4 65226 5 65481 7 65737 7 65993 7 66249 8 66505 8 66761 8 67017 8 67273 8 67529 8 67785 8 68041 8 68298 7 68554 6 68811 3
6c67b78e8164801059375ed9a607f61e67a7ae347e92e36a7f20514224541d56,31153 9 31407 12 31662 13 31914 17 32169 18 32425 17 32681 16 32937 15 33193 14 33449 13 33706 10 33963 5
6c67b78e8164801059375ed9a607f61e67a7ae347e92e36a7f20514224541d56,24542 11 24796 14 25051 15 25306 15 25561 15 25817 14 26073 10 26329 6 26586 4
6c67b78e8164801059375ed9a607f61e67a7ae347e92e36a7f20514224541d56,69041 2 69296 4 69552 4 69807 5 70062 6 70318 6 70573 7 70829 7 71085 7 71341 7 71597 7 71853 7 72108 8 72364 8 72620 8 72876 8 73132 8 73388 8 73644 8 73900 8 74156 8 74413 6
6c67b78e8164801059375ed9a607f61e67a7ae347e92e36a7f20514224541d56,24369 10 24624 12 24879 13 25135 14 25392 14 25650 13 25907 13 26163 13 26419 13 26675 12 26931 12 27188 10 27445 9 27702 7
6c67b78e8164801059375ed9a607f61e67a7ae347e92e36a7f20514224541d56,62674 4 62929 6 63185 7 63441 8 63697 9 63953 10 64209 10 64465 11 64721 11 64977 11 65233 11 65489 11 65746 10 66002 10 66259 9 66515 9 66771 9 67028 8 67284 8 67541 6
6c67b78e8164801059375ed9a607f61e67a7ae347e92e36a7f20514224541d56,8791 3 9046 8 9302 9 9558 10 9815 10 10072 10 10329 10 10585 10 10842 9 11099 8 11356 8 11613 7 11871 4
6c67b78e8164801059375ed9a607f61e67a7ae347e92e36a7f20514224541d56,29028 5 29283 8 29539 9 29795 10 30051 11 30307 12 30563 13 30819 14 31075 15 31332 14 31588 14 31845 13 32102 12 32361 8
6c67b78e8164801059375ed9a607f61e67a7ae347e92e36a7f20514224541d56,3636 3 3891 5 4147 5 4403 5 4659 5 4916 3
6c67b78e8164801059375ed9a607f61e67a7ae347e92e36a7f20514224541d56,9971 6 10225 9 10479 11 10732 14 10986 16 11241 17 11495 19 11750 19 12004 20 12259 21 12513 22 12768 22 13023 23 13279 22 13535 21 13791 20 14047 18 14304 16 14560 13 14816 6 15073 3
6c67b78e8164801059375ed9a607f61e67a7ae347e92e36a7f20514224541d56,41216 1 41471 2 41727 2 41982 3 42238 3 42493 4 42749 4 43005 4 43260 5 43515 6 43770 7 44026 7 44282 7 44538 7 44794 7 45050 7 45306 7 45562 7 45818 7 46074 7 46330 7 46586 7 46842 7 47098 7 47354 6 47610 6 47867 4
6c67b78e8164801059375ed9a607f61e67a7ae347e92e36a7f20514224541d56,8392 3 8647 5 8902 6 9158 6 9413 7 9669 7 9925 7 10182 5
6c67b78e8164801059375ed9a607f61e67a7ae347e92e36a7f20514224541d56,60647 4 60902 7 61157 9 61413 11 61669 12 61926 12 62182 12 62438 13 62695 12 62951 12 63208 11 63464 11 63721 10 63978 9 64235 8 64492 6
