6d327ab4f0e3604fa6e9b8041c7e6db86ab809890d886c691f6e59c9168b7fbe,20899 3 21154 5 21409 7 21660 14 21912 20 22167 22 22422 24 22677 25 22932 27 23187 29 23443 29 23699 29 23955 29 24211 29 24467 28 24722 29 24978 28 25234 28 25489 29 25745 29 26001 29 26256 29 26512 28 26768 28 27024 28 27281 27 27538 26 27795 25 28051 25 28307 25 28563 25 28819 24 29075 21 29332 19 29589 17 29845 15 30102 10
6d327ab4f0e3604fa6e9b8041c7e6db86ab809890d886c691f6e59c9168b7fbe,24021 9 24275 12 24289 3 24529 20 24784 22 25039 25 25292 29 25547 31 25803 32 26059 32 26315 32 26571 33 26826 34 27082 34 27338 26 27365 8 27594 35 27849 37 28105 37 28360 39 28616 39 28871 40 29125 42 29380 43 29635 44 29891 44 30147 45 30403 45 30659 45 30915 45 31172 44 31428 44 31684 44 31941 43 32197 43 32453 43 32709 43 32965 43 33222 42 33477 43 33733 43 33989 43 34245 42 34501 43 34757 42 35013 41 35269 41 35525 40 35782 39 36038 38 36294 38 36551 36 36807 36 37064 35 37320 34 37576 35 37832 35 38089 34 38345 34 38602 32 38858 31 39114 31 39370 30 39626 30 39883 29 40139 29 40395 29 40651 29 40907 29 41163 29 41420 28 41676 27 41932 27 42188 27 42445 26 42701 26 42957 26 43213 25 43469 24 43725 24 43981 24 44237 23 44493 22 44749 22 45005 21 45262 19 45519 17 45775 16 46031 16 46287 15 46543 13 46800 9 47057 8 47315 6 47573 3
6d327ab4f0e3604fa6e9b8041c7e6db86ab809890d886c691f6e59c9168b7fbe,72602 13 72857 18 73113 18 73368 19 73625 18 73879 20 74132 23 74385 26 74639 26 74892 29 75145 32 75396 37 75646 42 75901 43 76157 42 76413 42 76669 40 76925 40 77181 39 77437 38 77693 36 77949 36 78205 34 78461 33 78718 30 78975 27 79232 24 79489 20 79745 6 80004 1
6d327ab4f0e3604fa6e9b8041c7e6db86ab809890d886c691f6e59c9168b7fbe,53390 5 53643 9 53897 12 54150 16 54401 22 54655 25 54909 27 55164 29 55417 32 55671 34 55926 36 56182 36 56437 37 56692 38 56948 38 57203 39 57458 41 57714 41 57970 41 58225 42 58481 42 58736 43 58992 42 59248 42 59504 41 59760 41 60015 42 60271 41 60527 41 60783 41 61039 41 61295 40 61551 40 61807 37 62063 36 62319 35 62576 34 62832 33 63089 31 63345 30 63602 29 63859 28 64116 26 64373 24 64630 22 64888 19 65145 17 65403 14 65669 3
6d327ab4f0e3604fa6e9b8041c7e6db86ab809890d886c691f6e59c9168b7fbe,34934 5 35189 7 35444 8 35699 9 35955 9 36210 11 36465 12 36720 13 36975 14 37231 15 37486 16 37741 17 37997 18 38252 20 38507 21 38762 22 39017 23 39272 25 39527 26 39783 26 40039 26 40295 27 40551 27 40806 28 41062 29 41318 29 41574 29 41830 29 42085 31 42341 31 42596 32 42852 32 43107 33 43363 34 43618 35 43874 35 44129 37 44385 37 44641 37 44896 38 45152 37 45408 37 45664 37 45919 38 46175 37 46431 36 46687 35 46943 35 47198 35 47454 35 47709 36 47965 35 48221 34 48477 33 48733 32 48989 30 49245 29 49502 27 49758 26 50014 26 50271 25 50528 24 50784 21 51041 19 51302 12 51560 9 51818 6 52076 2
6d327ab4f0e3604fa6e9b8041c7e6db86ab809890d886c691f6e59c9168b7fbe,61844 8 62099 10 62354 13 62610 14 62865 15 63120 17 63375 19 63631 19 63887 19 64142 20 64397 21 64652 22 64907 23 65162 24 65417 25 65672 26 65927 27 66183 26 66439 26 66695 26 66951 26 67207 25 67463 25 67719 25 67975 24 68231 23 68487 23 68743 22 69000 20 69258 17 69515 15 69771 14 70028 12 70286 9 70543 7
6d327ab4f0e3604fa6e9b8041c7e6db86ab809890d886c691f6e59c9168b7fbe,2605 4 2860 6 3116 7 3372 8 3628 8 3884 9 4139 10 4394 12 4648 15 4901 18 5156 20 5408 28 5663 32 5917 35 6172 37 6426 41 6680 44 6935 45 7190 46 7445 47 7700 48 7956 49 8211 52 8467 53 8723 27 8752 25 8979 26 9011 22 9235 26 9268 21 9492 24 9527 18 9750 22 9784 17 10008 19 10042 15 10267 16 10299 14 10524 14 10556 13 10783 6 10812 13 11068 13 11324 13 11580 12 11836 12 12092 12 12348 12 12604 11 12860 11 13116 11 13372 11 13628 11 13884 11 14140 10 14396 10 14653 8 14909 7 15164 7 15420 7 15676 6 15931 8 16187 8 16443 8 16699 8 16955 8 17211 8 17466 9 17720 11 17975 12 18229 13 18483 14 18736 17 18991 17 19246 18 19501 18 19757 17 20013 12 20270 10 20527 6 20784 3
6d327ab4f0e3604fa6e9b8041c7e6db86ab809890d886c691f6e59c9168b7fbe,28708 3 28961 11 29216 13 29472 13 29728 13 29984 14 30240 14 30496 14 30753 13 31009 13 31265 13 31521 13 31776 14 32032 14 32288 14 32544 14 32800 14 33056 13 33312 13 33568 13 33824 13 34080 12 34337 11 34593 10 34850 7
6d327ab4f0e3604fa6e9b8041c7e6db86ab809890d886c691f6e59c9168b7fbe,27239 3 27494 5 27750 5 28005 7 28261 8 28517 8 28773 8 29029 9 29285 9 29541 9 29797 9 30052 10 30308 10 30564 10 30820 10 31076 10 31332 10 31588 10 31843 11 32099 10 32354 11 32610 11 32865 11 33121 11 33377 11 33632 12 33888 11 34143 12 34398 12 34653 13 34908 14 35164 14 35420 13 35675 14 35931 14 36187 13 36443 13 36699 13 36955 13 37210 14 37466 13 37722 12 37978 12 38234 12 38490 11 38746 11 39002 11 39258 11 39514 10 39769 11 40025 11 40280 12 40536 12 40791 13 41047 12 41302 13 41557 13 41813 13 42069 13 42324 13 42580 12 42836 11 43091 11 43347 11 43603 10 43859 9 44115 8 44370 8 44626 7 44882 7 45139 5
6d327ab4f0e3604fa6e9b8041c7e6db86ab809890d886c691f6e59c9168b7fbe,116 8 370 11 625 13 881 16 1137 17 1393 18 1649 18 1905 18 2160 19 2416 19 2672 19 2928 20 3184 20 3440 20 3696 21 3952 21 4208 21 4464 21 4720 21 4976 21 5232 21 5488 21 5745 20 6002 19 6259 18 6515 18 6771 18 7027 18 7283 17 7539 17 7794 18 8050 17 8306 17 8562 16 8818 15 9075 14 9333 11 9590 9
6d327ab4f0e3604fa6e9b8041c7e6db86ab809890d886c691f6e59c9168b7fbe,181 65 437 66 693 66 950 65 1206 64 1463 63 1719 63 1975 39 2015 22 2231 60 2488 58 2744 56 3001 55 3258 53 3514 52 3770 51 4026 50 4283 49 4540 48 4797 47 5053 46 5310 44 5567 41 5824 40 6080 38 6337 36 6594 35 6851 33 7109 26 7365 25 7622 23 7879 17 8136 15 8392 12 8649 6 8906 2
6d327ab4f0e3604fa6e9b8041c7e6db86ab809890d886c691f6e59c9168b7fbe,6649 6 6904 8 7160 8 7416 8 7668 12 7923 13 8179 13 8435 13 8690 15 8946 15 9201 16 9447 6 9456 17 9702 27 9958 27 10213 28 10465 32 10719 34 10974 35 11230 35 11487 34 11744 33 12000 33 12255 34 12510 35 12765 36 13021 36 13277 36 13533 36 13789 36 14045 36 14300 37 14555 38 14811 38 15066 39 15321 40 15576 41 15831 41 16087 42 16343 42 16599 42 16855 41 17111 41 17367 41 17623 41 17879 41 18135 41 18391 41 18647 41 18904 40 19161 39 19417 31 19452 4 19674 29 19930 27 20187 25 20444 23 20703 19 20959 17 21216 15 21483 3
6d327ab4f0e3604fa6e9b8041c7e6db86ab809890d886c691f6e59c9168b7fbe,32510 1 32766 1 33021 2 33277 3 33533 3 33789 3 34045 3 34300 4 34555 5 34810 6 35066 6 35321 7 35577 7 35831 9 36086 10 36341 11 36597 11 36852 12 37108 12 37363 13 37619 13 37874 14 38130 14 38386 14 38642 14 38897 15 39153 15 39409 15 39665 15 39921 15 40176 16 40432 16 40688 16 40943 17 41199 17 41455 17 41710 18 41965 19 42221 19 42477 19 42733 19 42989 19 43245 19 43501 19 43757 19 44012 20 44268 20 44524 20 44780 20 45037 18 45293 18 45549 17 45805 17 46061 17 46317 17 46574 17 46830 17 47088 15 47344 14 47601 13
6d327ab4f0e3604fa6e9b8041c7e6db86ab809890d886c691f6e59c9168b7fbe,12375 3 12630 5 12885 6 13138 9 13386 17 13641 19 13895 22 14150 25 14406 26 14661 27 14916 28 15171 29 15427 29 15683 29 15939 29 16195 29 16451 29 16707 30 16964 30 17220 30 17476 31 17733 30 17989 31 18245 31 18501 32 18757 33 19013 34 19270 33 19526 33 19782 33 20039 32 20296 31 20552 30 20809 27 21065 19 21321 16 21577 15 21834 13 22091 11 22347 10 22604 7 22863 3
6d327ab4f0e3604fa6e9b8041c7e6db86ab809890d886c691f6e59c9168b7fbe,27666 4 27921 7 28176 9 28431 11 28687 12 28943 14 29199 16 29455 17 29711 17 29967 17 30223 17 30478 18 30734 19 30990 19 31246 19 31502 19 31758 18 32014 18 32270 18 32526 18 32782 18 33038 18 33294 18 33550 18 33806 18 34062 18 34318 19 34574 19 34830 20 35086 22 35342 22 35598 21 35854 21 36110 20 36366 19 36622 19 36878 19 37135 18 37391 18 37647 17 37903 17 38159 17 38415 17 38671 18 38927 18 39183 18 39439 18 39695 17 39951 17 40207 17 40464 16 40720 16 40976 16 41233 15 41490 14 41747 13 42004 12 42260 12 42516 12 42772 12 43028 12 43284 12 43541 10 43797 10 44054 8 44310 8 44566 7 44822 7 45079 5
6d327ab4f0e3604fa6e9b8041c7e6db86ab809890d886c691f6e59c9168b7fbe,19448 4 19703 8 19957 11 20212 13 20467 14 20722 15 20976 17 21231 18 21486 19 21740 21 21994 23 22249 24 22505 24 22760 25 23015 26 23271 26 23525 28 23780 29 24034 31 24292 29 24549 28 24806 27 25064 25 25321 24 25578 23 25835 22 26091 22 26347 22 26604 21 26860 21 27116 21 27373 20 27629 20 27886 19 28143 18 28399 18 28655 18 28911 18 29167 18 29423 18 29679 17 29935 17 30192 16 30448 15 30704 15 30960 14 31216 14 31472 14 31728 13 31984 12 32240 11 32496 10 32752 10 33008 9 33264 8 33520 7 33776 6 34032 3 34287 3
6d327ab4f0e3604fa6e9b8041c7e6db86ab809890d886c691f6e59c9168b7fbe,54257 12 54509 17 54761 22 55012 27 55266 29 55521 30 55777 30 56033 30 56288 32 56544 32 56800 32 57055 33 57309 35 57565 35 57821 35 58076 36 58331 37 58587 37 58842 38 59098 38 59353 39 59609 39 59865 39 60121 39 60377 39 60633 39 60888 40 61144 40 61399 41 61655 41 61911 41 62167 41 62423 41 62679 41 62935 41 63190 42 63446 42 63702 42 63958 42 64213 43 64469 43 64725 43 64981 43 65237 43 65493 43 65749 43 66005 43 66261 43 66517 43 66773 43 67029 43 67285 43 67541 42 67797 42 68053 42 68309 42 68566 41 68822 41 69079 40 69335 40 69591 40 69848 39 70104 39 70361 38 70617 38 70874 36 71131 35 71387 35 71646 32 71902 31 72158 30 72415 29 72672 28 72930 25 73188 21 73445 20 73701 19 73957 19 74214 17 74473 13 74731 11 74987 11 75244 9 75505 1
