6eefe1f0d9c2d2c2380db3ecd2113a566ace7dfc917687bb5033b4af5b8293aa,33981 2 34234 8 34489 10 34745 11 35001 12 35257 13 35513 14 35769 15 36026 15 36282 16 36539 15 36795 16 37052 15 37309 14 37566 13 37823 12 38080 10 38337 9 38595 6
6eefe1f0d9c2d2c2380db3ecd2113a566ace7dfc917687bb5033b4af5b8293aa,9793 4 10048 8 10303 10 10558 13 10814 14 11070 15 11326 15 11582 16 11838 16 12095 15 12351 15 12608 14 12866 12 13123 10 13381 7
6eefe1f0d9c2d2c2380db3ecd2113a566ace7dfc917687bb5033b4af5b8293aa,40694 2 40949 5 41204 7 41460 8 41716 9 41972 9 42228 10 42484 10 42740 11 42997 10 43254 9 43511 7 43768 5 44025 3
6eefe1f0d9c2d2c2380db3ecd2113a566ace7dfc917687bb5033b4af5b8293aa,59059 3 59314 5 59569 7 59825 8 60081 8 60337 8 60593 9 60849 9 61106 8 61362 9 61619 8 61875 8 62131 8 62387 8 62644 6 62900 6 63157 4
6eefe1f0d9c2d2c2380db3ecd2113a566ace7dfc917687bb5033b4af5b8293aa,3994 4 4248 7 4503 9 4759 10 5014 12 5270 12 5526 13 5783 12 6039 13 6295 13 6552 12 6808 12 7065 10 7322 9 7581 5
6eefe1f0d9c2d2c2380db3ecd2113a566ace7dfc917687bb5033b4af5b8293aa,53713 4 53968 6 54223 9 54479 10 54735 10 54991 11 55248 10 55504 11 55760 11 56016 11 56273 10 56529 10 56786 9 57042 9 57299 8 57556 6 57813 4
6eefe1f0d9c2d2c2380db3ecd2113a566ace7dfc917687bb5033b4af5b8293aa,36452 5 36707 7 36962 9 37218 10 37474 10 37730 10 37986 10 38242 10 38499 10 38755 10 39011 10 39267 10 39523 10 39779 9 40036 7 40293 5
6eefe1f0d9c2d2c2380db3ecd2113a566ace7dfc917687bb5033b4af5b8293aa,51567 4 51822 6 52077 8 52333 8 52589 9 52845 9 53102 8 53358 8 53614 8 53871 8 54127 8 54384 7 54641 5 54898 3
6eefe1f0d9c2d2c2380db3ecd2113a566ace7dfc917687bb5033b4af5b8293aa,14379 5 14634 7 14890 8 15145 10 15401 11 15658 11 15914 12 16171 11 16427 12 16684 11 16941 10 17198 8 17455 6 17713 3
6eefe1f0d9c2d2c2380db3ecd2113a566ace7dfc917687bb5033b4af5b8293aa,59666 4 59921 6 60177 7 60433 8 60689 9 60946 9 61202 10 61459 9 61716 8 61973 6 62230 5
6eefe1f0d9c2d2c2380db3ecd2113a566ace7dfc917687bb5033b4af5b8293aa,16100 2 16355 5 16610 7 16866 8 17122 9 17378 10 17634 10 17890 10 18147 10 18403 10 18659 10 18916 10 19172 10 19429 9 19686 9 19943 8 20200 6 20458 3
6eefe1f0d9c2d2c2380db3ecd2113a566ace7dfc917687bb5033b4af5b8293aa,12730 4 12985 7 13240 9 13496 10 13752 11 14008 11 14264 11 14521 10 14778 9 15036 7 15293 5 15550 3
6eefe1f0d9c2d2c2380db3ecd2113a566ace7dfc917687bb5033b4af5b8293aa,55274 6 55529 8 55785 9 56041 9 56297 9 56554 8 56810 8 57067 6 57324 4
6eefe1f0d9c2d2c2380db3ecd2113a566ace7dfc917687bb5033b4af5b8293aa,855 4 1110 6 1366 7 1622 8 1878 8 2134 9 2390 9 2646 9 2902 10 3158 10 3415 9 3671 9 3927 9 4184 8 4440 7 4697 5 4955 2
6eefe1f0d9c2d2c2380db3ecd2113a566ace7dfc917687bb5033b4af5b8293aa,49195 3 49450 6 49705 9 49961 10 50217 10 50474 10 50730 11 50986 11 51243 10 51499 10 51756 9 52013 7 52271 3
6eefe1f0d9c2d2c2380db3ecd2113a566ace7dfc917687bb5033b4af5b8293aa,48657 5 48912 7 49168 8 49424 9 49680 10 49936 11 50192 11 50449 11 50706 10 50963 9 51221 7 51478 6 51736 3
6eefe1f0d9c2d2c2380db3ecd2113a566ace7dfc917687bb5033b4af5b8293aa,28 14 285 13 542 11 799 9 1057 4
6eefe1f0d9c2d2c2380db3ecd2113a566ace7dfc917687bb5033b4af5b8293aa,31963 3 32218 5 32473 7 32729 8 32985 8 33242 8 33498 8 33755 7 34011 8 34268 7 34524 6 34781 4 35038 2
6eefe1f0d9c2d2c2380db3ecd2113a566ace7dfc917687bb5033b4af5b8293aa,19242 3 19497 6 19752 8 20007 10 20263 10 20519 10 20774 11 21030 11 21287 10 21544 8 21802 5
6eefe1f0d9c2d2c2380db3ecd2113a566ace7dfc917687bb5033b4af5b8293aa,3710 6 3963 11 4218 13 4474 14 4730 15 4986 16 5242 16 5498 17 5755 16 6011 17 6267 17 6524 16 6780 16 7037 15 7294 13 7551 12 7808 11 8065 9
6eefe1f0d9c2d2c2380db3ecd2113a566ace7dfc917687bb5033b4af5b8293aa,48630 4 48885 7 49141 9 49397 10 49653 10 49909 11 50165 11 50422 11 50678 11 50935 10 51192 9 51449 7 51708 3
6eefe1f0d9c2d2c2380db3ecd2113a566ace7dfc917687bb5033b4af5b8293aa,27192 4 27447 6 27702 8 27958 8 28213 10 28469 10 28725 10 28981 9 29237 8 29494 6 29752 2
6eefe1f0d9c2d2c2380db3ecd2113a566ace7dfc917687bb5033b4af5b8293aa,43951 5 44206 7 44462 8 44718 9 44974 10 45230 10 45487 9 45743 9 46000 8 46256 9 46513 8 46769 8 47025 8 47282 7 47539 5
6eefe1f0d9c2d2c2380db3ecd2113a566ace7dfc917687bb5033b4af5b8293aa,61483 2 61738 5 61993 8 62249 9 62505 9 62760 10 63016 10 63273 9 63529 9 63785 9 64042 8 64299 6
6eefe1f0d9c2d2c2380db3ecd2113a566ace7dfc917687bb5033b4af5b8293aa,11421 5 11676 7 11931 9 12187 10 12443 11 12699 12 12955 12 13211 12 13467 12 13724 11 13981 10 14238 9 14495 8 14752 7 15009 5
6eefe1f0d9c2d2c2380db3ecd2113a566ace7dfc917687bb5033b4af5b8293aa,64793 6 65048 8 65304 9
6eefe1f0d9c2d2c2380db3ecd2113a566ace7dfc917687bb5033b4af5b8293aa,138 12 394 12 650 12 907 11 1164 10 1421 8 1679 5
6eefe1f0d9c2d2c2380db3ecd2113a566ace7dfc917687bb5033b4af5b8293aa,18355 4 18610 6 18865 8 19121 9 19377 10 19633 10 19890 10 20147 9 20404 8 20661 7 20917 7 21174 5
6eefe1f0d9c2d2c2380db3ecd2113a566ace7dfc917687bb5033b4af5b8293aa,11395 2 11650 5 11905 7 12161 8 12417 9 12673 10 12929 10 13186 10 13442 10 13699 10 13955 10 14212 9 14469 8 14726 7 14983 6 15241 3
6eefe1f0d9c2d2c2380db3ecd2113a566ace7dfc917687bb5033b4af5b8293aa,30291 7 30546 9 30802 10 31057 12 31313 12 31569 12 31825 13 32081 13 32337 13 32594 12 32850 11 33107 10 33364 8 33622 5
6eefe1f0d9c2d2c2380db3ecd2113a566ace7dfc917687bb5033b4af5b8293aa,15871 2 16126 3 16382 3 16638 3 16894 3 17150 3 17406 3 17662 3 17919 2 18175 2 18432 1
6eefe1f0d9c2d2c2380db3ecd2113a566ace7dfc917687bb5033b4af5b8293aa,48031 3 48286 6 48541 8 48796 10 49052 11 49308 11 49563 13 49819 13 50075 14 50331 14 50587 14 50843 14 51099 14 51355 15 51611 15 51867 15 52124 14 52380 14 52636 14 52893 13 53149 13 53406 12 53662 12 53918 11 54175 9 54432 7 54690 4
6eefe1f0d9c2d2c2380db3ecd2113a566ace7dfc917687bb5033b4af5b8293aa,27761 2 28016 5 28271 7 28527 8 28782 10 29038 10 29295 10 29551 11 29807 11 30064 10 30320 10 30577 9 30833 9 31090 8 31347 7 31604 5
