6fe2df6de1d962b90146c822bcefc84d0d3d6926fdfbacd3acdc9de830ee5622,98381 4 98897 10 99415 13 99934 15 100453 17 100971 20 101490 22 102009 23 102529 23 103048 25 103568 25 104088 26 104608 26 105128 26 105648 26 106168 26 106688 26 107208 26 107728 25 108248 24 108768 24 109289 23 109809 23 110329 22 110849 21 111370 19 111891 18 112412 16 112933 14 113453 12 113974 10 114495 5
6fe2df6de1d962b90146c822bcefc84d0d3d6926fdfbacd3acdc9de830ee5622,243337 4 243856 7 244368 4 244375 9 244887 17 245406 19 245926 19 246446 19 246967 19 247488 19 248009 19 248530 19 249051 18 249571 18 250090 19 250610 20 251130 20 251649 21 252169 21 252689 21 253210 20 253730 20 254250 20 254769 21 255289 21 255809 20 256329 20 256849 20 257368 20 257888 20 258408 20 258928 19 259449 18 259969 17 260489 16 261010 14 261530 13 262051 11 262572 9 263094 4
6fe2df6de1d962b90146c822bcefc84d0d3d6926fdfbacd3acdc9de830ee5622,157296 6 157814 10 158333 13 158852 15 159371 17 159890 18 160409 20 160928 22 161448 23 161967 25 162487 25 163006 27 163526 27 164046 28 164565 29 165085 29 165605 29 166126 29 166646 29 167167 28 167687 29 168207 29 168727 29 169248 28 169768 28 170288 28 170809 27 171329 27 171850 25 172371 24 172892 22 173413 20 173934 17 174456 10
6fe2df6de1d962b90146c822bcefc84d0d3d6926fdfbacd3acdc9de830ee5622,123350 6 123869 8 124388 10 124907 13 125427 13 125946 14 126466 14 126985 16 127504 17 128023 18 128542 20 129061 21 129581 21 130100 22 130620 23 131139 24 131659 24 132179 23 132699 23 133219 23 133739 22 134259 22 134780 20 135301 18 135823 14 136344 12
6fe2df6de1d962b90146c822bcefc84d0d3d6926fdfbacd3acdc9de830ee5622,228388 4 228906 7 229422 12 229940 15 230459 16 230978 17 231496 20 232013 23 232530 26 233047 29 233565 31 234084 33 234603 34 235123 34 235642 35 236162 35 236682 35 237202 35 237722 35 238242 35 238763 33 239283 33 239804 32 240325 31 240846 30 241369 27 241891 25 242412 24 242933 22 243455 20 243976 19 244497 18 245018 16 245539 15 246060 13 246581 10
6fe2df6de1d962b90146c822bcefc84d0d3d6926fdfbacd3acdc9de830ee5622,240496 2 240501 2 241015 8 241535 9 242054 12 242574 13 243094 14 243614 15 244135 15 244655 16 245176 16 245696 17 246216 18 246736 18 247256 19 247776 19 248297 19 248817 19 249338 19 249858 19 250379 18 250899 18 251419 18 251939 17 252458 18 252978 17 253497 18 254017 17 254536 17 255056 16 255576 15 256097 14 256617 13 257138 11 257659 9 258180 6
6fe2df6de1d962b90146c822bcefc84d0d3d6926fdfbacd3acdc9de830ee5622,64347 7 64865 13 65384 16 65904 17 66423 19 66942 22 67462 23 67982 24 68502 25 69022 26 69542 27 70062 27 70582 28 71103 27 71623 28 72143 28 72663 28 73183 29 73704 28 74224 28 74744 28 75264 28 75784 28 76304 28 76824 28 77345 27 77865 27 78386 25 78906 24 79427 23 79947 22 80468 20 80990 18 81511 16 82032 14 82553 11 83075 8 83599 2
6fe2df6de1d962b90146c822bcefc84d0d3d6926fdfbacd3acdc9de830ee5622,203445 8 203964 10 204481 18 205000 20 205519 22 206038 24 206558 26 207077 28 207597 28 208118 27 208639 26 209166 3 209173 12 209694 11 210214 11 210734 12 211254 12 211774 12 212294 12 212813 13 213333 13 213852 13 214370 14 214889 14 215408 14 215927 15 216447 14 216967 14 217487 14 218008 12 218528 10 219048 8 219569 6 220091 3
6fe2df6de1d962b90146c822bcefc84d0d3d6926fdfbacd3acdc9de830ee5622,149241 3 149761 5 150281 6 150801 7 151321 7 151841 8 152361 8 152881 9 153401 9 153921 9 154441 9 154961 8 155481 8 156001 8 156521 8 157041 7 157561 7 158081 6 158601 6 159121 5 159641 5 160161 4 160681 3 161201 2
6fe2df6de1d962b90146c822bcefc84d0d3d6926fdfbacd3acdc9de830ee5622,345182 8 345700 13 346219 15 346738 18 347257 20 347777 21 348297 22 348817 23 349337 24 349858 24 350378 25 350898 26 351419 27 351940 27 352460 27 352980 28 353501 28 354021 28 354542 27 355064 25 355585 24 356106 23 356628 21 357149 19 357672 15
6fe2df6de1d962b90146c822bcefc84d0d3d6926fdfbacd3acdc9de830ee5622,138092 8 138610 12 139127 16 139646 18 140165 20 140684 22 141203 24 141723 25 142243 26 142763 27 143283 29 143803 30 144323 31 144843 32 145364 32 145885 32 146407 31 146933 25 147456 22 147977 21 148499 19 149022 15 149544 13 150065 11 150587 8 151108 4
6fe2df6de1d962b90146c822bcefc84d0d3d6926fdfbacd3acdc9de830ee5622,284208 6 284726 12 285245 14 285765 14 286284 16 286804 17 287323 20 287843 21 288362 23 288881 24 289401 25 289921 25 290440 26 290960 26 291481 25 292001 26 292522 25 293043 24 293563 24 294084 24 294604 24 295125 23 295646 22 296168 20 296690 17 297211 15 297732 12 298253 9 298778 3
6fe2df6de1d962b90146c822bcefc84d0d3d6926fdfbacd3acdc9de830ee5622,109721 2 110241 3 110761 4 111281 6 111801 7 112321 8 112841 9 113361 10 113881 11 114401 11 114921 12 115441 14 115961 16 116481 17 117001 18 117521 19 118041 19 118561 19 119081 20 119601 20 120121 20 120641 20 121161 20 121681 20 122201 19 122721 19 123241 18 123761 17 124281 16 124801 14 125321 11 125841 10 126361 10 126881 10 127401 10 127921 10 128441 10 128961 10 129481 10 130001 10 130521 9 131041 8 131561 7 132082 5
6fe2df6de1d962b90146c822bcefc84d0d3d6926fdfbacd3acdc9de830ee5622,123642 6 124159 15 124678 18 124698 2 125197 26 125716 30 126236 31 126756 32 127275 34 127795 35 128315 35 128835 36 129355 37 129875 37 130396 36 130917 35 131438 33 131961 30 132484 26 133017 12
6fe2df6de1d962b90146c822bcefc84d0d3d6926fdfbacd3acdc9de830ee5622,310046 5 310565 7 311084 9 311603 10 312123 11 312643 11 313163 11 313682 12 314202 12 314722 12 315242 12 315762 12 316282 12 316802 12 317322 13 317842 18 318362 22 318882 23 319402 24 319922 25 320443 25 320964 24 321485 23 322006 22 322527 21 323049 18 323571 15 324092 13 324614 9 325138 3
6fe2df6de1d962b90146c822bcefc84d0d3d6926fdfbacd3acdc9de830ee5622,269424 16 269943 19 270462 21 270981 24 271500 26 272019 28 272537 31 273056 33 273576 33 274095 35 274615 36 275134 38 275654 39 276174 39 276693 40 277213 40 277732 41 278252 41 278771 42 279291 42 279810 43 280330 42 280850 42 281370 42 281890 41 282410 40 282932 37 283453 8 283467 21 283975 4 283990 17 284511 15 285033 11
6fe2df6de1d962b90146c822bcefc84d0d3d6926fdfbacd3acdc9de830ee5622,262858 6 263375 11 263893 14 264412 15 264930 18 265449 19 265968 20 266487 21 267005 23 267524 24 268043 24 268563 23 269082 23 269602 22 270122 22 270641 23 271160 24 271680 24 272200 24 272720 24 273240 24 273760 23 274280 23 274800 22 275320 21 275840 19 276361 17 276883 14 277405 11 277928 5
6fe2df6de1d962b90146c822bcefc84d0d3d6926fdfbacd3acdc9de830ee5622,277389 6 277908 9 278427 11 278946 15 279466 16 279987 16 280507 17 281027 18 281547 18 282066 20 282583 23 283101 25 283619 26 284137 27 284656 28 285176 27 285695 27 286215 26 286736 24 287257 9 287278 2 287778 4
6fe2df6de1d962b90146c822bcefc84d0d3d6926fdfbacd3acdc9de830ee5622,51989 3 52506 8 53025 12 53544 15 54063 18 54583 18 55103 18 55623 18 56144 17 56664 17 57184 17 57704 17 58224 17 58744 17 59263 18 59782 19 60302 19 60821 20 61341 20 61860 21 62380 21 62900 12 62919 2 63420 11 63940 10 64461 9 64981 8 65502 7 66023 5 66544 2
6fe2df6de1d962b90146c822bcefc84d0d3d6926fdfbacd3acdc9de830ee5622,100696 7 101215 9 101734 13 102253 18 102773 20 103293 22 103813 23 104333 24 104854 24 105374 24 105894 24 106415 24 106935 24 107455 24 107976 23 108496 22 109016 22 109537 21 110057 20 110578 19 111098 18 111619 17 112140 15 112661 14 113182 12 113703 10 114224 8
6fe2df6de1d962b90146c822bcefc84d0d3d6926fdfbacd3acdc9de830ee5622,113970 4 114489 6 115009 7 115528 9 116047 11 116566 14 117086 17 117605 19 118124 20 118643 21 119162 22 119681 23 120201 23 120721 23 121240 24 121760 24 122279 26 122799 26 123320 24 123840 24 124360 24 124881 23 125402 21 125923 20 126444 18 126969 12 127492 8 128014 5 128536 2
6fe2df6de1d962b90146c822bcefc84d0d3d6926fdfbacd3acdc9de830ee5622,238609 4 239128 7 239647 10 239662 5 240167 21 240687 21 241207 20 241728 18 242249 16 242770 14 242790 3 243292 12 243309 5 243813 11 243828 7 244334 11 244348 7 244854 11 244868 7 245373 12 245389 5 245893 13 245909 4 246413 16 246933 16 247454 15 247977 3 247983 6 248504 4 249025 2
6fe2df6de1d962b90146c822bcefc84d0d3d6926fdfbacd3acdc9de830ee5622,56360 8 56877 12 57394 16 57912 19 58431 21 58950 23 59469 24 59988 26 60508 26 61027 27 61547 27 62067 27 62587 27 63107 27 63627 27 64147 27 64667 27 65188 25 65708 25 66229 23 66749 23 67269 22 67789 21 68309 21 68830 20 69350 19 69870 19 70390 19 70910 18 71430 18 71951 16 72471 16 72992 14 73515 9
6fe2df6de1d962b90146c822bcefc84d0d3d6926fdfbacd3acdc9de830ee5622,29901 9 30420 12 30939 14 31457 17 31976 19 32496 19 33016 20 33536 20 34056 20 34576 20 35096 19 35616 19 36137 17 36658 15 37181 11 37704 4
6fe2df6de1d962b90146c822bcefc84d0d3d6926fdfbacd3acdc9de830ee5622,210272 7 210789 11 211308 13 211826 15 212345 16 212865 16 213384 17 213903 19 214422 20 214942 20 215462 20 215982 20 216502 20 217023 19 217543 19 218064 17 218585 16 219105 16 219625 16 220146 15 220666 15 221186 15 221706 15 222225 16 222745 16 223265 16 223785 16 224305 16 224826 15 225346 15 225866 14 226387 13 226907 12 227428 11 227948 10 228469 9 228989 8 229510 6 230031 4
6fe2df6de1d962b90146c822bcefc84d0d3d6926fdfbacd3acdc9de830ee5622,189801 4 190321 7 190841 9 191361 11 191881 12 192401 14 192921 15 193441 16 193961 17 194481 17 195001 17 195521 16 196041 16 196561 16 197081 17 197601 17 198121 17 198641 17 199161 18 199681 18 200201 18 200721 17 201241 17 201761 17 202281 16 202801 16 203321 15 203841 14 204361 13 204881 12 205401 10 205924 4 206446 1
6fe2df6de1d962b90146c822bcefc84d0d3d6926fdfbacd3acdc9de830ee5622,312864 5 313382 10 313900 14 314418 17 314937 19 315456 21 315976 22 316495 24 317015 24 317535 25 318054 27 318574 28 319094 28 319615 27 320135 28 320655 28 321176 27 321696 28 322216 28 322737 27 323257 26 323778 25 324299 24 324819 23 325340 22 325861 20 326382 18 326903 16 327424 14 327947 9
6fe2df6de1d962b90146c822bcefc84d0d3d6926fdfbacd3acdc9de830ee5622,111719 9 112237 13 112756 15 113275 18 113795 19 114314 21 114834 22 115354 24 115874 25 116393 27 116913 28 117433 29 117952 31 118472 32 118993 31 119513 31 120033 32 120553 32 121073 32 121594 32 122114 32 122634 32 123155 31 123675 31 124195 31 124716 30 125236 30 125757 29 126277 29 126798 27 127319 26 127840 24 128362 22 128884 19 129405 17 129926 14 130448 8 130970 4
6fe2df6de1d962b90146c822bcefc84d0d3d6926fdfbacd3acdc9de830ee5622,264657 4 265174 8 265692 10 266211 11 266730 13 267249 14 267768 15 268287 16 268806 17 269321 22 269840 23 270359 24 270878 25 271397 26 271916 27 272436 27 272956 27 273476 26 273996 26 274516 26 275036 25 275556 25 276076 24 276596 24 277116 23 277637 22 278158 21 278678 20 279198 20 279718 19 280239 17 280759 16 281279 16 281799 15 282319 15 282839 14 283359 14 283880 12 284401 9 284923 6
6fe2df6de1d962b90146c822bcefc84d0d3d6926fdfbacd3acdc9de830ee5622,150993 5 151512 9 152032 10 152551 13 153071 14 153591 14 154110 16 154629 17 155147 19 155666 21 156185 22 156705 22 157225 23 157745 23 158264 25 158784 25 159304 26 159824 26 160344 26 160864 27 161384 27 161905 26 162425 26 162946 25 163467 24 163988 23 164509 22 165031 19 165552 17 166072 16 166593 12 167114 9
6fe2df6de1d962b90146c822bcefc84d0d3d6926fdfbacd3acdc9de830ee5622,138275 6 138794 8 139313 10 139832 12 140351 13 140870 14 141390 15 141909 16 142429 16 142948 17 143468 17 143987 18 144507 18 145027 19 145547 19 146067 19 146587 19 147107 18 147627 17 148147 17 148667 16 149187 16 149708 14 150229 12 150750 9 151271 6
6fe2df6de1d962b90146c822bcefc84d0d3d6926fdfbacd3acdc9de830ee5622,150793 6 151312 8 151831 10 152351 10 152870 11 153390 11 153910 11 154430 11 154950 11 155469 12 155989 12 156509 12 157028 13 157547 14 158067 14 158586 15 159105 16 159624 17 160144 17 160663 18 161183 18 161703 18 162222 19 162742 19 163262 19 163782 19 164302 19 164823 18 165343 17 165864 15 166384 14 166905 12 167425 12 167946 11 168467 9 168989 6
6fe2df6de1d962b90146c822bcefc84d0d3d6926fdfbacd3acdc9de830ee5622,51954 2 52474 3 52994 7 53514 8 54034 9 54553 10 55073 11 55592 12 56112 12 56631 13 57150 14 57669 15 58188 15 58705 18 59225 18 59745 19 60264 21 60784 22 61304 23 61825 22 62346 22 62857 5 62866 22 63376 7 63386 22 63895 9 63907 22 64414 11 64428 21 64933 13 64948 21 65452 15 65470 19 65971 18 65992 17 66490 19 66513 16 67010 20 67034 15 67530 21 67555 13 68051 20 68075 12 68571 21 68594 12 69091 29 69612 24 70132 22 70652 21 71172 20 71693 19 72213 19 72734 17 73255 15 73775 15 74296 14 74816 13 75337 12 75858 11 76378 10 76899 9 77419 9 77940 8 78461 7 78984 2
6fe2df6de1d962b90146c822bcefc84d0d3d6926fdfbacd3acdc9de830ee5622,54369 2 54885 10 55404 13 55922 17 55941 9 56441 32 56960 36 57479 38 57999 39 58519 40 59039 40 59559 41 60079 41 60599 42 61120 41 61640 41 62161 40 62682 39 63204 37 63726 34 64249 30 64772 27 65297 21 65824 13
6fe2df6de1d962b90146c822bcefc84d0d3d6926fdfbacd3acdc9de830ee5622,236446 5 236965 7 237484 9 238003 10 238522 12 239041 14 239561 15 240080 17 240600 18 241120 18 241639 19 242159 19 242679 19 243198 20 243718 20 244237 21 244757 20 245276 21 245796 21 246315 22 246835 22 247354 23 247874 22 248394 21 248914 20 249435 17 249955 14 250476 12 250997 10 251518 7 252038 6
6fe2df6de1d962b90146c822bcefc84d0d3d6926fdfbacd3acdc9de830ee5622,175025 5 175543 18 176062 20 176582 22 177102 23 177621 25 178141 25 178661 25 179181 25 179701 25 180221 25 180741 25 181262 24 181783 23 182308 18 182829 17 183350 15 183871 14 184392 12 184913 10 185434 7
6fe2df6de1d962b90146c822bcefc84d0d3d6926fdfbacd3acdc9de830ee5622,205921 3 206441 5 206961 6 207481 11 208001 16 208521 17 209041 17 209561 17 210081 18 210601 18 211121 18 211641 18 212161 18 212681 18 213201 18 213721 18 214241 17 214761 17 215281 16 215801 16 216321 15 216841 14 217361 13 217884 8
6fe2df6de1d962b90146c822bcefc84d0d3d6926fdfbacd3acdc9de830ee5622,278609 5 279128 8 279647 10 280166 12 280686 13 281206 14 281726 15 282246 15 282766 16 283287 16 283807 17 284328 16 284849 16 285371 15 285892 14 286413 14 286935 12 287456 12 287976 12 288497 12 289017 13 289537 14 290057 15 290578 15 291099 14 291620 13 292140 13 292660 13 293181 12 293703 9 294224 7 294745 4
6fe2df6de1d962b90146c822bcefc84d0d3d6926fdfbacd3acdc9de830ee5622,237708 7 238227 10 238746 13 239265 15 239785 19 240305 20 240824 22 241344 25 241864 27 242384 28 242904 29 243424 31 243945 31 244465 32 244985 33 245505 34 246026 34 246546 35 247067 34 247588 33 248109 33 248630 32 249151 31 249672 30 250193 28 250714 27 251235 25 251756 24 252277 22 252798 20 253318 19 253839 17 254360 14 254881 11 255403 7
6fe2df6de1d962b90146c822bcefc84d0d3d6926fdfbacd3acdc9de830ee5622,224658 4 225176 8 225694 11 226213 12 226733 13 227252 14 227771 15 228290 16 228810 17 229329 18 229848 20 230368 20 230888 20 231408 21 231928 21 232448 22 232967 23 233487 24 234007 24 234527 24 235047 25 235567 25 236087 25 236607 25 237127 25 237647 25 238167 26 238687 26 239208 25 239728 25 240249 24 240769 23 241289 23 241810 22 242330 22 242850 21 243371 20 243892 19 244413 17 244935 15 245456 13 245977 11 246499 8 247020 6
6fe2df6de1d962b90146c822bcefc84d0d3d6926fdfbacd3acdc9de830ee5622,292906 6 293425 10 293944 17 294463 20 294983 22 295503 23 296023 24 296543 25 297062 27 297582 28 298102 29 298622 29 299142 30 299662 30 300182 30 300702 31 301222 31 301742 31 302263 30 302783 29 303303 29 303823 28 304343 24 304864 19 305384 18 305904 16 306425 14 306947 11 307468 9 307989 7 308510 4
6fe2df6de1d962b90146c822bcefc84d0d3d6926fdfbacd3acdc9de830ee5622,201400 6 201918 10 202434 15 202953 16 203472 18 203991 20 204511 20 205031 21 205551 21 206071 21 206592 20 207112 20 207631 21 208151 21 208671 21 209192 20 209712 20 210232 21 210753 20 211273 20 211794 19 212315 19 212835 19 213356 17 213877 16 214397 16 214917 15 215438 13 215958 12 216478 11 216999 9 217521 5
6fe2df6de1d962b90146c822bcefc84d0d3d6926fdfbacd3acdc9de830ee5622,322785 2 323301 7 323819 10 324336 14 324853 18 325371 22 325890 23 326408 24 326927 25 327446 26 327965 27 328484 28 329004 28 329523 29 330043 28 330563 28 331084 26 331604 25 332125 24 332645 23 333166 22 333686 21 334207 19 334727 19 335246 19 335764 20 336283 21 336803 20 337323 19 337843 19 338363 18 338884 16 339404 16 339925 14 340446 12 340967 10 341488 7
6fe2df6de1d962b90146c822bcefc84d0d3d6926fdfbacd3acdc9de830ee5622,60064 5 60581 10 61099 14 61616 18 62135 19 62652 23 63170 25 63688 27 64207 29 64726 30 65245 31 65764 31 66284 31 66804 31 67324 31 67844 31 68364 32 68884 32 69405 31 69925 30 70446 29 70967 28 71489 26 72010 25 72530 26 73050 26 73571 25 74091 25 74612 25 75132 25 75653 23 76174 22 76698 18 77220 15 77742 12 78264 9
6fe2df6de1d962b90146c822bcefc84d0d3d6926fdfbacd3acdc9de830ee5622,130045 6 130564 8 131083 10 131603 11 132123 11 132643 11 133162 12 133682 13 134202 14 134722 15 135242 16 135761 18 136281 18 136801 18 137321 18 137841 18 138361 18 138880 19 139400 19 139919 20 140439 20 140959 20 141478 20 141998 19 142518 16 143037 16 143557 15 144077 14 144597 12 145118 10 145639 8
6fe2df6de1d962b90146c822bcefc84d0d3d6926fdfbacd3acdc9de830ee5622,69120 16 69636 21 70154 24 70673 27 71192 29 71712 30 72232 31 72751 33 73270 34 73790 34 74310 34 74829 35 75349 35 75869 35 76388 37 76908 37 77428 37 77948 37 78468 37 78988 36 79508 36 80028 35 80548 35 81068 34 81589 32 82109 31 82629 31 83149 30 83670 28 84190 27 84710 26 85231 24 85752 21 86273 19 86794 17 87315 15 87836 12 88357 10
6fe2df6de1d962b90146c822bcefc84d0d3d6926fdfbacd3acdc9de830ee5622,334377 4 334895 8 335411 13 335930 15 336449 16 336968 17 337487 18 338007 18 338527 18 339047 17 339566 18 340086 17 340606 17 341125 17 341645 17 342165 16 342685 16 343205 16 343726 15 344247 14 344768 13 345289 12 345809 12 346330 10 346851 7 347372 2
6fe2df6de1d962b90146c822bcefc84d0d3d6926fdfbacd3acdc9de830ee5622,291242 8 291759 14 292277 17 292796 19 293315 21 293834 23 294354 23 294873 25 295393 25 295913 25 296432 26 296952 26 297472 27 297992 27 298512 28 299033 28 299553 29 300074 29 300594 29 301115 29 301636 28 302156 28 302677 27 303197 27 303718 26 304239 25 304759 25 305280 24 305800 24 306320 24 306841 22 307361 22 307881 22 308402 20 308923 19 309443 18 309963 17 310484 15 311005 12 311526 8 312048 3
6fe2df6de1d962b90146c822bcefc84d0d3d6926fdfbacd3acdc9de830ee5622,166302 11 166820 15 167339 17 167858 19 168378 23 168897 25 169417 26 169937 26 170457 27 170977 28 171497 29 172018 29 172538 29 173059 29 173580 28 174100 28 174621 27 175142 25 175663 23 176184 21 176709 14
6fe2df6de1d962b90146c822bcefc84d0d3d6926fdfbacd3acdc9de830ee5622,344640 6 345157 10 345674 14 346191 18 346710 20 347229 21 347749 22 348269 24 348788 26 349308 26 349828 27 350347 29 350867 30 351386 31 351906 31 352427 31 352948 30 353468 30 353989 29 354509 29 355030 28 355553 25 356080 18 356603 14 357124 13 357645 12 358167 9 358688 5
6fe2df6de1d962b90146c822bcefc84d0d3d6926fdfbacd3acdc9de830ee5622,195259 5 195777 9 196296 12 196815 14 197334 16 197854 17 198373 19 198892 20 199411 21 199930 22 200449 23 200969 23 201489 23 202008 23 202528 23 203048 22 203569 21 204089 20 204608 21 205128 20 205649 19 206169 18 206689 18 207209 17 207730 16 208252 13 208774 10 209295 8 209818 3
6fe2df6de1d962b90146c822bcefc84d0d3d6926fdfbacd3acdc9de830ee5622,135544 4 136061 9 136579 12 137097 16 137616 18 138135 20 138654 22 139173 24 139693 25 140212 27 140732 28 141252 28 141772 29 142293 29 142813 29 143333 30 143853 30 144374 29 144894 29 145414 29 145935 28 146456 27 146977 25 147497 25 148018 24 148539 22 149059 22 149580 20 150102 17 150624 14 151146 11 151668 7
6fe2df6de1d962b90146c822bcefc84d0d3d6926fdfbacd3acdc9de830ee5622,245301 9 245820 16 246339 18 246859 18 247378 20 247898 23 248418 23 248938 23 249458 24 249977 25 250496 26 251015 27 251534 28 252054 29 252573 29 253093 28 253613 27 254133 26 254653 24 255174 17 255694 15 256215 12 256736 9 257258 6
6fe2df6de1d962b90146c822bcefc84d0d3d6926fdfbacd3acdc9de830ee5622,90837 3 91354 15 91870 21 92388 25 92906 28 93425 30 93944 31 94464 32 94984 32 95504 32 96024 32 96544 33 97063 34 97583 33 98104 31 98625 29 99146 21 99169 4 99667 18 100188 16
6fe2df6de1d962b90146c822bcefc84d0d3d6926fdfbacd3acdc9de830ee5622,203164 5 203681 10 204200 13 204719 15 205238 17 205757 19 206277 19 206796 20 207315 21 207835 21 208354 22 208874 21 209394 21 209914 20 210433 20 210953 20 211473 19 211993 19 212514 17 213034 17 213555 15 214075 15 214596 13 215117 11 215639 7
6fe2df6de1d962b90146c822bcefc84d0d3d6926fdfbacd3acdc9de830ee5622,102900 2 103419 7 103933 3 103938 9 104451 16 104966 22 105485 24 106005 24 106525 25 107045 25 107565 26 108084 27 108604 28 109125 27 109645 28 110165 28 110686 28 111206 29 111728 27 112250 25 112771 24 113293 22 113814 21 114335 20 114856 19 115378 16 115902 11 116425 6
6fe2df6de1d962b90146c822bcefc84d0d3d6926fdfbacd3acdc9de830ee5622,298176 2 298694 12 299213 16 299732 22 300252 24 300772 25 301292 26 301812 27 302332 28 302853 28 303373 29 303893 29 304414 29 304934 30 305454 30 305975 29 306495 30 307016 29 307537 29 308057 29 308578 28 309099 27 309619 27 310140 26 310660 26 311180 25 311701 24 312221 24 312742 22 313262 21 313783 20 314304 18 314825 16 315346 14 315867 12 316389 9
6fe2df6de1d962b90146c822bcefc84d0d3d6926fdfbacd3acdc9de830ee5622,86401 6 86920 8 87440 9 87959 11 88479 11 88999 11 89520 11 90040 13 90560 14 91080 15 91600 16 92120 16 92639 18 93157 20 93676 21 94194 24 94713 25 95233 25 95752 26 96271 27 96791 26 97311 25 97831 24 98351 23 98871 23 99391 23 99912 22 100433 20 100954 17 101476 14 102002 7 102525 4
6fe2df6de1d962b90146c822bcefc84d0d3d6926fdfbacd3acdc9de830ee5622,211456 5 211973 11 212492 13 213010 16 213529 18 214048 19 214568 19 215087 20 215606 21 216125 22 216644 23 217163 24 217682 25 218201 26 218720 27 219240 26 219760 26 220280 25 220800 24 221320 24 221840 23 222361 21 222882 19 223404 16 223927 12 224450 6
6fe2df6de1d962b90146c822bcefc84d0d3d6926fdfbacd3acdc9de830ee5622,11468 6 11987 10 12506 13 13026 14 13545 16 14064 18 14583 19 15103 20 15622 22 16142 22 16662 23 17182 23 17702 23 18222 24 18742 24 19262 25 19782 25 20303 24 20823 25 21344 24 21864 24 22384 25 22905 24 23425 24 23945 24 24466 23 24987 22 25509 19 26030 18 26553 14 27075 11 27597 8
6fe2df6de1d962b90146c822bcefc84d0d3d6926fdfbacd3acdc9de830ee5622,1368 7 1887 9 2406 11 2925 13 3443 15 3962 17 4482 17 5001 18 5521 18 6040 19 6560 20 7080 20 7600 20 8119 20 8639 20 9159 20 9679 20 10199 20 10719 20 11239 20 11759 19 12278 20 12798 20 13318 19 13837 20 14357 19 14877 19 15396 19 15916 19 16436 18 16956 18 17477 16 17997 15 18518 13 19039 9
6fe2df6de1d962b90146c822bcefc84d0d3d6926fdfbacd3acdc9de830ee5622,258961 2 259481 4 260001 5 260521 6 261041 6 261561 7 262081 8 262601 8 263121 8 263641 9 264161 9 264681 9 265201 9 265721 8 266241 7 266761 6
6fe2df6de1d962b90146c822bcefc84d0d3d6926fdfbacd3acdc9de830ee5622,270335 10 270854 12 271374 13 271894 19 272414 20 272935 20 273455 21 273976 20 274496 20 275016 20 275536 20 276056 20 276576 20 277096 20 277616 19 278136 19 278656 18 279177 17 279697 17 280217 16 280737 16 281258 14 281778 13 282299 10 282821 6
6fe2df6de1d962b90146c822bcefc84d0d3d6926fdfbacd3acdc9de830ee5622,55192 6 55710 9 56229 11 56747 14 57266 16 57786 17 58306 17 58825 19 59345 19 59865 19 60385 19 60905 19 61425 19 61945 19 62464 19 62984 19 63504 19 64023 20 64543 20 65063 19 65583 18 66103 18 66622 18 67142 17 67662 17 68182 17 68702 16 69222 15 69742 15 70262 15 70783 13 71303 12 71824 10 72345 8 72866 5
6fe2df6de1d962b90146c822bcefc84d0d3d6926fdfbacd3acdc9de830ee5622,78723 15 79242 19 79761 22 80281 24 80801 25 81321 25 81840 27 82360 28 82881 27 83401 27 83921 27 84441 28 84961 28 85481 28 86002 27 86522 27 87042 27 87562 28 88083 27 88604 26 89124 26 89645 26 90166 25 90687 24 91207 25 91728 24 92249 23 92770 22 93292 19 93813 18 94335 15 94858 9 95382 3
6fe2df6de1d962b90146c822bcefc84d0d3d6926fdfbacd3acdc9de830ee5622,262644 4 263162 9 263681 12 264200 14 264720 15 265239 17 265759 18 266279 18 266799 19 267320 18 267840 19 268360 20 268881 20 269401 20 269921 20 270441 20 270961 20 271481 19 272001 18 272521 16 273041 15 273560 16 274080 15 274600 15 275119 15 275639 15 276158 16 276678 15 277197 16 277716 16 278236 16 278756 15 279275 16 279795 15 280314 16 280834 16 281353 17 281873 17 282394 16 282914 15 283435 13 283955 12 284476 10 284998 6 285519 3
6fe2df6de1d962b90146c822bcefc84d0d3d6926fdfbacd3acdc9de830ee5622,352596 2 353113 7 353632 8 354152 8 354671 10 355191 12 355710 15 356229 19 356748 20 357265 23 357778 31 358297 32 358816 34 359336 34 359856 35 360376 35 360896 35 361416 35
6fe2df6de1d962b90146c822bcefc84d0d3d6926fdfbacd3acdc9de830ee5622,99375 5 99893 9 100412 14 100932 15 101452 16 101972 17 102492 17 103012 18 103533 17 104053 18 104573 18 105093 18 105613 18 106133 18 106652 19 107170 21 107689 21 108209 20 108728 21 109248 20 109768 20 110288 19 110808 19 111328 19 111849 17 112370 16 112891 14 113412 13 113933 11 114454 9 114976 6
6fe2df6de1d962b90146c822bcefc84d0d3d6926fdfbacd3acdc9de830ee5622,146684 2 147202 8 147215 6 147721 22 148240 24 148759 25 149278 27 149798 27 150318 27 150838 27 151358 27 151878 27 152399 25 152919 25 153439 24 153960 23 154481 22 155002 20 155523 18 156044 16 156565 13 157086 11 157610 5
6fe2df6de1d962b90146c822bcefc84d0d3d6926fdfbacd3acdc9de830ee5622,72462 6 72980 9 73499 11 74018 13 74537 14 75057 15 75576 16 76095 17 76615 17 77134 18 77654 18 78173 18 78691 20 79209 23 79727 26 80245 28 80763 31 81281 33 81799 35 82318 36 82837 37 83356 38 83875 38 84395 38 84914 39 85433 39 85953 39 86472 39 86992 38 87512 38 88032 38 88552 37 89072 37 89592 36 90112 36 90633 34 91153 33 91674 30 92195 27 92716 23 93238 20 93760 17 94283 12 94806 4
6fe2df6de1d962b90146c822bcefc84d0d3d6926fdfbacd3acdc9de830ee5622,287266 12 287782 20 288297 28 288814 33 289328 40 289847 42 290367 43 290887 43 291407 43 291927 43 292447 43 292968 20 292991 18 293494 11 293514 15 294016 8 294038 10
6fe2df6de1d962b90146c822bcefc84d0d3d6926fdfbacd3acdc9de830ee5622,316137 6 316655 10 317172 14 317691 15 318209 17 318728 18 319246 20 319765 21 320284 22 320803 23 321322 24 321840 26 322359 27 322878 27 323397 28 323916 28 324436 27 324955 28 325475 27 325995 26 326515 25 327035 24 327555 23 328075 22 328595 21 329116 17 329636 16 330157 14 330678 11 331200 6
6fe2df6de1d962b90146c822bcefc84d0d3d6926fdfbacd3acdc9de830ee5622,252556 8 253075 11 253593 14 254112 15 254631 17 255150 18 255670 19 256189 21 256709 22 257229 22 257749 23 258269 23 258789 24 259309 24 259829 24 260349 25 260870 24 261390 24 261911 23 262431 23 262952 22 263473 20 263993 20 264514 18 265034 18 265555 17 266076 16 266596 16 267117 14 267639 11 268160 8 268682 4
6fe2df6de1d962b90146c822bcefc84d0d3d6926fdfbacd3acdc9de830ee5622,138730 5 139248 10 139767 12 140286 14 140805 15 141325 16 141844 17 142363 19 142883 19 143403 19 143923 20 144443 20 144963 20 145483 20 146003 20 146523 20 147044 19 147564 19 148084 19 148604 19 149124 18 149644 17 150164 17 150685 15 151206 13 151727 11 152249 7
6fe2df6de1d962b90146c822bcefc84d0d3d6926fdfbacd3acdc9de830ee5622,281708 7 282220 16 282736 21 283253 24 283772 25 284291 26 284810 27 285330 27 285850 27 286370 27 286891 26 287411 25 287932 24 288452 24 288973 23 289493 23 290014 22 290535 21 291056 20 291577 19 292097 18 292618 17 293138 16 293659 15 294180 13 294700 13 295221 11 295742 9 296263 6
6fe2df6de1d962b90146c822bcefc84d0d3d6926fdfbacd3acdc9de830ee5622,339559 2 340078 3 340598 3 341118 3 341638 3 342157 4 342677 4 343197 4 343716 5 344235 6 344755 6 345274 7 345794 7 346314 7 346834 7 347355 6 347876 5 348396 5 348917 4 349438 3 349959 2
6fe2df6de1d962b90146c822bcefc84d0d3d6926fdfbacd3acdc9de830ee5622,225983 10 226501 13 227018 17 227535 20 228054 22 228574 22 229093 24 229612 25 230131 26 230651 26 231171 25 231692 24 232212 24 232732 24 233252 23 233773 21 234294 18 234815 13 235336 9 235861 2
6fe2df6de1d962b90146c822bcefc84d0d3d6926fdfbacd3acdc9de830ee5622,231603 6 232122 8 232641 10 233161 10 233680 12 234200 12 234719 13 235238 13 235758 13 236278 13 236798 12 237318 11 237838 11 238357 11 238871 16 239390 17 239909 18 240430 16 240950 16 241471 15 241991 15 242512 14 243032 14 243553 13 244073 13 244594 11 245114 10 245634 7
6fe2df6de1d962b90146c822bcefc84d0d3d6926fdfbacd3acdc9de830ee5622,244828 4 245345 9 245865 10 246384 11 246903 12 247423 12 247942 13 248462 13 248981 14 249501 14 250020 16 250540 16 251059 16 251579 16 252098 18 252617 19 253137 20 253657 22 254178 23 254698 24 255218 25 255739 24 256260 23 256780 23 257301 22 257830 12 258351 11 258871 10 259391 9 259910 10 260430 9 260953 4 261474 1
6fe2df6de1d962b90146c822bcefc84d0d3d6926fdfbacd3acdc9de830ee5622,138180 2 138697 8 139215 19 139734 21 140253 23 140773 24 141292 25 141812 25 142332 26 142852 26 143371 27 143891 27 144411 27 144931 27 145451 26 145971 26 146492 25 147013 24 147536 21 148058 19 148580 17 149105 11 149627 9 150148 7 150670 3
6fe2df6de1d962b90146c822bcefc84d0d3d6926fdfbacd3acdc9de830ee5622,330676 2 331187 13 331704 21 332223 22 332742 24 333261 26 333780 27 334300 27 334819 28 335339 28 335858 29 336378 29 336898 28 337418 28 337938 27 338458 25 338978 24 339499 22 340020 21 340541 19 341061 19 341580 19 342100 19 342619 20 343139 19 343659 19 344179 18 344699 18 345219 18 345738 18 346258 18 346777 19 347297 18 347817 18 348338 16 348858 15 349378 14 349899 12 350421 8 350943 3
6fe2df6de1d962b90146c822bcefc84d0d3d6926fdfbacd3acdc9de830ee5622,125078 2 125597 5 126117 7 126636 9 127156 10 127676 11 128196 11 128716 12 129236 13 129757 14 130277 15 130797 16 131317 17 131837 18 132357 19 132876 20 133396 21 133916 22 134435 24 134953 26 135472 26 135991 27 136510 27 137029 28 137549 28 138069 23 138589 21 139109 18 139630 16 140150 15 140671 11 141192 8 141713 4
6fe2df6de1d962b90146c822bcefc84d0d3d6926fdfbacd3acdc9de830ee5622,317225 15 317742 21 318260 24 318780 25 319301 26 319821 27 320341 27 320860 28 321380 28 321900 28 322419 29 322939 29 323459 29 323979 29 324499 29 325019 29 325539 29 326059 29 326578 29 327097 29 327617 29 328136 29 328656 28 329177 26 329697 25 330218 22 330740 16 331262 13
6fe2df6de1d962b90146c822bcefc84d0d3d6926fdfbacd3acdc9de830ee5622,325272 8 325791 11 326310 14 326829 16 327348 18 327867 20 328386 21 328906 22 329426 22 329945 24 330465 24 330985 24 331505 25 332025 25 332545 26 333065 26 333585 26 334105 27 334625 27 335145 27 335664 28 336184 28 336704 28 337223 29 337743 29 338263 28 338783 28 339303 28 339824 26 340344 26 340864 25 341384 25 341905 23 342426 21 342947 19 343469 15 343996 6
6fe2df6de1d962b90146c822bcefc84d0d3d6926fdfbacd3acdc9de830ee5622,86762 7 87280 13 87798 17 88317 19 88836 21 89354 23 89873 25 90392 27 90911 29 91431 30 91950 32 92469 33 92988 34 93507 36 94026 37 94546 37 95066 37 95586 37 96106 36 96626 36 97146 36 97666 35 98186 34 98706 33 99226 33 99746 32 100266 31 100787 30 101307 29 101828 27 102349 25 102870 23 103391 21 103914 16 104435 14
6fe2df6de1d962b90146c822bcefc84d0d3d6926fdfbacd3acdc9de830ee5622,340712 9 341231 14 341749 19 342268 21 342787 23 343307 23 343826 24 344345 24 344864 25 345383 26 345902 27 346421 28 346941 28 347461 27 347981 27 348501 27 349021 26 349541 25 350062 24 350583 22 351104 20 351625 18 352146 16 352666 15 353187 13 353708 12 354229 10 354750 8 355270 6 355791 4 356312 1
6fe2df6de1d962b90146c822bcefc84d0d3d6926fdfbacd3acdc9de830ee5622,279252 6 279770 9 280289 11 280808 13 281328 14 281847 16 282367 16 282886 18 283406 18 283925 19 284444 21 284964 21 285484 21 286003 23 286522 24 287041 25 287561 25 288081 25 288601 25 289121 25 289641 25 290161 25 290681 25 291201 25 291721 25 292241 24 292761 24 293281 24 293801 23 294322 21 294843 19 295363 19 295884 17 296404 16 296925 14 297447 10 297970 5
6fe2df6de1d962b90146c822bcefc84d0d3d6926fdfbacd3acdc9de830ee5622,309266 10 309784 15 310303 18 310822 20 311341 22 311861 23 312381 24 312900 25 313419 27 313939 27 314459 28 314978 29 315498 30 316018 30 316538 31 317059 30 317579 30 318100 29 318621 29 319141 29 319662 28 320183 27 320703 27 321224 26 321745 25 322266 24 322787 23 323308 22 323829 20 324350 19 324871 17 325393 14 325915 11
6fe2df6de1d962b90146c822bcefc84d0d3d6926fdfbacd3acdc9de830ee5622,352167 6 352686 9 353205 11 353724 13 353747 6 354244 15 354265 9 354764 16 354783 12 355283 33 355803 33 356323 33 356843 33 357363 33 357883 32 358404 31 358924 30 359445 29 359967 27 360488 25 361010 23 361531 21
6fe2df6de1d962b90146c822bcefc84d0d3d6926fdfbacd3acdc9de830ee5622,218233 8 218752 11 219271 19 219790 28 220310 30 220830 31 221350 31 221870 31 222390 32 222910 32 223430 32 223951 31 224472 30 224992 30 225513 29 226034 27 226555 25 227077 22 227600 18 228124 9
6fe2df6de1d962b90146c822bcefc84d0d3d6926fdfbacd3acdc9de830ee5622,319799 2 320316 5 320835 6 321354 7 321873 8 322393 8 322913 8 323433 8 323953 8 324474 7 324994 7 325514 7 326035 6 326555 6 327076 5 327597 4 328117 4 328637 4 329158 3 329678 3 330198 3 330718 3 331238 3 331758 3 332278 3 332798 3 333318 3 333838 3 334359 2
6fe2df6de1d962b90146c822bcefc84d0d3d6926fdfbacd3acdc9de830ee5622,94899 6 95417 10 95936 12 96455 14 96974 15 97493 17 98012 18 98531 20 99050 21 99570 22 100090 22 100610 23 101129 25 101648 26 102168 27 102688 28 103209 28 103729 29 104249 29 104768 31 105288 31 105808 32 106329 31 106849 32 107369 32 107889 32 108410 31 108931 30 109452 29 109972 29 110493 27 111014 26 111535 25 112056 24 112576 23 113097 21 113618 19 114140 16 114662 13 115183 8
6fe2df6de1d962b90146c822bcefc84d0d3d6926fdfbacd3acdc9de830ee5622,340944 5 340951 5 341463 15 341983 17 342503 18 343022 20 343542 21 344061 23 344581 23 345101 23 345621 23 346141 23 346661 23 347180 23 347700 23 348220 23 348740 23 349260 23 349780 24 350300 25 350820 25 351340 26 351860 26 352381 25 352901 25 353421 25 353941 25 354462 23 354982 23 355503 21 356023 20 356544 18 357065 16 357586 15 358107 13 358629 10 359152 6
6fe2df6de1d962b90146c822bcefc84d0d3d6926fdfbacd3acdc9de830ee5622,16753 15 17266 24 17784 27 18302 30 18820 33 19339 34 19858 35 20377 36 20896 37 21415 38 21935 37 22454 38 22973 38 23493 37 24012 38 24531 38 25051 37 25570 37 26090 36 26609 37 27129 36 27649 35 28168 35 28688 34 29208 32 29729 30 30249 29 30770 27 31290 25 31810 23 32331 21 32851 19 33372 16 33895 11
6fe2df6de1d962b90146c822bcefc84d0d3d6926fdfbacd3acdc9de830ee5622,143111 7 143630 9 144149 11 144668 12 145187 14 145707 15 146226 17 146746 18 147266 18 147785 20 148305 20 148825 21 149345 21 149865 21 150385 22 150905 22 151425 22 151944 23 152464 22 152983 23 153503 23 154023 23 154543 22 155063 22 155583 21 156103 20 156624 19 157144 19 157664 20 158184 20 158704 20 159225 19 159745 19 160265 19 160785 19 161306 17 161827 16 162348 14 162869 12 163390 10 163915 3
6fe2df6de1d962b90146c822bcefc84d0d3d6926fdfbacd3acdc9de830ee5622,317886 10 318404 15 318923 17 319442 19 319961 21 320481 22 321001 23 321520 24 322040 25 322560 26 323080 26 323600 26 324120 27 324639 28 325159 28 325679 29 326199 29 326718 30 327238 30 327757 31 328275 33 328794 34 329313 35 329833 35 330352 35 330872 35 331391 35 331911 35 332431 34 332952 33 333473 31 333995 28 334520 23 335041 21 335561 21 336082 19 336603 16 337124 14 337650 7
6fe2df6de1d962b90146c822bcefc84d0d3d6926fdfbacd3acdc9de830ee5622,79578 7 80096 12 80615 14 81134 17 81653 19 82172 21 82692 21 83212 22 83732 22 84251 24 84771 24 85291 25 85811 25 86330 27 86849 28 87369 29 87888 30 88408 30 88929 30 89449 30 89970 30 90490 30 91010 30 91531 29 92054 26 92576 24 93097 23 93618 22 94138 22 94659 20 95180 19 95701 17 96222 5 96229 8 96743 2 96753 3
6fe2df6de1d962b90146c822bcefc84d0d3d6926fdfbacd3acdc9de830ee5622,48373 2 48891 7 49406 13 49925 15 50444 16 50963 17 51481 20 52001 20 52521 20 53041 20 53561 20 54081 19 54601 19 55121 18 55641 18 56161 17 56681 16 57201 16 57721 16 58241 15 58761 15 59281 14 59801 14 60321 14 60841 14 61361 13 61881 13 62401 12 62921 11 63441 11 63961 10 64481 9 65001 8 65521 6 66041 4
6fe2df6de1d962b90146c822bcefc84d0d3d6926fdfbacd3acdc9de830ee5622,295112 10 295629 17 296148 20 296667 23 297186 25 297706 26 298226 27 298746 28 299267 27 299788 27 300308 27 300828 28 301349 27 301870 27 302391 26 302912 25 303433 24 303954 23 304475 22 304996 21 305517 21 306038 20 306558 20 307078 20 307598 20 308118 19 308638 19 309158 18 309677 19 310197 19 310717 18 311237 18 311757 17 312278 16 312798 15 313319 13 313839 12 314360 8
6fe2df6de1d962b90146c822bcefc84d0d3d6926fdfbacd3acdc9de830ee5622,167671 6 168184 15 168702 19 169220 22 169738 25 170256 27 170774 30 171293 31 171812 32 172332 32 172851 33 173371 33 173891 33 174412 31 174932 31 175453 29 175974 27 176495 25 177017 21 177541 15
6fe2df6de1d962b90146c822bcefc84d0d3d6926fdfbacd3acdc9de830ee5622,161513 6 162032 12 162552 15 163071 20 163590 23 164108 27 164627 31 165147 33 165667 34 166186 36 166706 38 167226 39 167747 39 168268 39 168790 37 169311 37 169833 36 170354 35 170876 33 171399 30 171921 28 172444 24 172967 20 173489 18 174010 16 174533 12 175055 9 175577 6 176098 3 176619 1
6fe2df6de1d962b90146c822bcefc84d0d3d6926fdfbacd3acdc9de830ee5622,83719 2 84238 3 84757 4 85277 4 85796 5 86316 5 86835 6 87354 7 87874 7 88394 7 88913 8 89433 8 89953 8 90474 7 90994 7 91515 6 92036 5 92557 4 93077 4 93597 4 94117 4 94638 3 95159 2
6fe2df6de1d962b90146c822bcefc84d0d3d6926fdfbacd3acdc9de830ee5622,272467 2 272985 6 273502 10 274022 10 274542 11 275061 13 275581 15 276100 18 276620 21 277139 22 277659 22 278179 22 278698 23 279218 23 279737 24 280256 25 280775 26 281295 26 281814 27 282334 27 282855 26 283375 26 283895 26 284415 26 284935 26 285455 26 285976 25 286497 24 287018 23 287541 20 288062 19 288582 19 289101 20 289621 20 290140 21 290660 21 291180 21 291699 22 292219 22 292739 22 293260 21 293780 21 294301 20 294821 20 295342 19 295864 17 296390 11 296911 10 297431 10 297951 10 298471 10 298992 9 299513 8 300034 7 300555 6 301076 3
6fe2df6de1d962b90146c822bcefc84d0d3d6926fdfbacd3acdc9de830ee5622,289460 7 289978 10 290497 12 291016 14 291536 15 292055 16 292575 17 293095 17 293615 17 294135 17 294655 17 295176 16 295697 14 296217 14 296737 14 297256 15 297775 15 298294 16 298813 17 299333 17 299853 17 300373 17 300893 17 301413 17 301933 17 302452 18 302972 18 303492 18 304012 18 304532 18 305052 18 305573 17 306094 16 306614 15 307135 13 307657 10
6fe2df6de1d962b90146c822bcefc84d0d3d6926fdfbacd3acdc9de830ee5622,114049 10 114567 13 115085 17 115604 19 116124 20 116643 21 117162 22 117673 31 118191 33 118710 34 119229 35 119749 35 120268 35 120788 34 121307 35 121827 36 122347 36 122868 36 123389 35 123911 33 124432 31 124953 10 124966 16 125474 6 125489 11 126011 8 126534 4
6fe2df6de1d962b90146c822bcefc84d0d3d6926fdfbacd3acdc9de830ee5622,2588 5 3107 7 3626 9 4145 11 4664 13 5183 15 5703 16 6223 16 6743 17 7264 17 7785 16 8306 15 8827 14 9348 13 9870 11 10391 10 10911 10 11431 10 11950 11 12470 11 12989 12 13509 12 14028 13 14548 13 15067 14 15586 15 16106 15 16625 16 17145 16 17664 17 18184 17 18704 17 19224 17 19745 16 20265 16 20786 15 21307 14 21828 13 22350 10
6fe2df6de1d962b90146c822bcefc84d0d3d6926fdfbacd3acdc9de830ee5622,158172 9 158691 13 159210 15 159729 16 160249 16 160769 16 161290 16 161810 17 162330 18 162850 19 163370 20 163890 20 164410 20 164930 21 165450 21 165970 21 166490 21 167010 21 167530 21 168050 21 168570 21 169090 21 169610 21 170130 21 170650 21 171170 21 171691 20 172211 20 172732 19 173252 18 173773 16 174294 14 174815 12 175336 9 175857 7 176378 4
6fe2df6de1d962b90146c822bcefc84d0d3d6926fdfbacd3acdc9de830ee5622,41012 9 41529 14 42046 18 42564 21 43081 25 43600 27 44119 29 44638 31 45157 33 45676 34 46196 35 46716 35 47236 36 47756 36 48276 37 48796 37 49316 37 49836 38 50356 38 50877 37 51400 34 51921 33 52450 24 52971 23 53492 22 54012 22 54533 20 55054 19 55575 17 56096 16 56617 14 57138 12 57660 9 58181 7
6fe2df6de1d962b90146c822bcefc84d0d3d6926fdfbacd3acdc9de830ee5622,174530 3 175048 7 175567 10 176087 11 176607 12 177127 13 177646 15 178166 16 178686 16 179206 16 179726 17 180246 17 180766 17 181286 17 181806 17 182326 17 182846 17 183367 16 183887 15 184407 15 184928 13 185449 11 185970 9 186491 7
6fe2df6de1d962b90146c822bcefc84d0d3d6926fdfbacd3acdc9de830ee5622,107 22 627 22 1148 20 1669 16 2194 7
6fe2df6de1d962b90146c822bcefc84d0d3d6926fdfbacd3acdc9de830ee5622,349017 4 349536 5 350055 7 350575 8 351094 10 351614 11 352133 13 352653 13 353174 13 353694 14 354213 16 354733 17 355253 17 355773 18 356292 20 356812 21 357332 21 357852 21 358372 22 358892 22 359413 21 359933 21 360453 21 360974 20 361495 19
6fe2df6de1d962b90146c822bcefc84d0d3d6926fdfbacd3acdc9de830ee5622,64592 8 65111 12 65629 20 66148 23 66666 27 67185 29 67705 30 68224 31 68743 33 69262 35 69782 35 70301 36 70821 36 71340 36 71859 37 72378 37 72897 38 73416 38 73936 37 74456 36 74977 34 75497 33 76018 31 76538 29 77059 26 77581 22 78102 20 78624 16 79146 13 79670 7
6fe2df6de1d962b90146c822bcefc84d0d3d6926fdfbacd3acdc9de830ee5622,182754 6 183273 9 183792 11 184311 13 184831 15 185350 18 185870 19 186390 21 186909 23 187429 25 187948 27 188468 28 188988 29 189508 30 190028 30 190548 30 191069 29 191589 29 192109 29 192630 27 193151 26 193672 24 194193 23 194713 23 195234 21 195755 19 196276 17 196796 15 197317 13 197838 11 198359 8
6fe2df6de1d962b90146c822bcefc84d0d3d6926fdfbacd3acdc9de830ee5622,364 7 883 9 1401 13 1920 16 2439 19 2958 21 3477 23 3997 24 4516 25 5036 25 5555 26 6075 26 6595 26 7115 26 7635 26 8155 26 8676 25 9196 24 9716 24 10237 23 10757 22 11278 21 11798 20 12319 19 12839 18 13359 18 13879 18 14399 17 14919 17 15438 18 15958 17 16478 17 16998 16 17518 16 18039 14 18559 13 19080 11 19602 8
6fe2df6de1d962b90146c822bcefc84d0d3d6926fdfbacd3acdc9de830ee5622,260116 8 260633 13 261152 18 261671 25 262191 29 262710 31 263230 32 263750 33 264270 34 264790 35 265310 35 265830 35 266350 36 266871 35 267392 33 267913 32 268433 32 268953 32 269473 31 269994 29 270514 29 271035 27 271559 22 272080 20 272601 18 273122 15 273643 13 274165 9
6fe2df6de1d962b90146c822bcefc84d0d3d6926fdfbacd3acdc9de830ee5622,21647 9 22165 14 22683 17 23202 19 23721 21 24240 22 24759 24 25279 25 25798 26 26318 26 26838 27 27358 27 27878 28 28398 28 28918 28 29439 27 29959 27 30480 26 31002 24 31523 23 32044 22 32565 20 33086 19 33607 17 34128 16 34649 14 35171 11 35692 7
6fe2df6de1d962b90146c822bcefc84d0d3d6926fdfbacd3acdc9de830ee5622,231621 2 232139 6 232658 8 233177 10 233696 11 234216 11 234736 11 235255 12 235775 12 236295 11 236815 11 237335 11 237855 11 238375 11 238895 11 239415 12 239935 12 240455 13 240976 13 241496 13 242017 13 242538 13 243058 14 243578 15 244098 16 244618 16 245138 16 245658 16 246179 15 246699 14 247220 12 247744 7
6fe2df6de1d962b90146c822bcefc84d0d3d6926fdfbacd3acdc9de830ee5622,349612 8 350129 13 350648 16 351167 19 351686 22 352205 25 352724 27 353244 27 353764 28 354284 28 354804 28 355325 27 355846 26 356367 24 356887 23 357407 22 357927 20 358447 19 358967 18 359487 18 360008 17 360528 17 361049 16 361569 16
6fe2df6de1d962b90146c822bcefc84d0d3d6926fdfbacd3acdc9de830ee5622,420 19 940 20 1460 22 1487 3 1980 23 2005 7 2500 33 3020 34 3539 36 4059 37 4579 37 5099 37 5619 38 6139 38 6660 37 7180 37 7701 36 8222 35 8743 34 9264 33 9786 31 10308 28 10830 25 11354 20 11883 10 12405 7
6fe2df6de1d962b90146c822bcefc84d0d3d6926fdfbacd3acdc9de830ee5622,183365 2 183885 2 184404 3 184923 5 185441 8 185955 15 186475 16 186995 21 187514 22 188033 23 188553 22 189073 20 189593 19 190114 17 190635 15 191156 13 191677 10 192198 7 192719 4
6fe2df6de1d962b90146c822bcefc84d0d3d6926fdfbacd3acdc9de830ee5622,162187 2 162195 11 162705 23 163224 25 163743 27 164263 28 164783 28 165303 29 165823 29 166344 28 166865 26 167386 25 167907 23 168427 22 168948 20 169472 15 169996 10 170518 7
6fe2df6de1d962b90146c822bcefc84d0d3d6926fdfbacd3acdc9de830ee5622,268509 2 269027 5 269546 18 270065 20 270585 22 271105 23 271625 24 272146 24 272666 25 273186 25 273706 26 274226 26 274746 26 275265 26 275785 26 276304 27 276824 27 277344 28 277864 28 278384 28 278904 28 279424 27 279944 27 280464 27 280985 26 281505 25 282026 24 282546 23 283067 21 283588 19 284110 16 284633 11 285154 7
6fe2df6de1d962b90146c822bcefc84d0d3d6926fdfbacd3acdc9de830ee5622,266516 1 267033 5 267551 8 268067 14 268586 26 269105 28 269624 29 270144 30 270664 30 271184 30 271704 30 272224 30 272744 29 273264 29 273785 27 274305 26 274825 25 275346 22 275867 19 276388 16 276909 12 277431 8
6fe2df6de1d962b90146c822bcefc84d0d3d6926fdfbacd3acdc9de830ee5622,193868 5 194386 9 194904 14 195423 16 195941 20 196460 22 196980 23 197500 24 198020 25 198540 26 199060 27 199580 28 200100 28 200620 28 201140 28 201661 27 202182 26 202703 25 203224 23 203745 22 204267 19 204791 14
6fe2df6de1d962b90146c822bcefc84d0d3d6926fdfbacd3acdc9de830ee5622,47996 18 48513 24 49032 28 49551 30 50070 32 50589 33 51108 34 51627 36 52146 37 52665 38 53185 39 53705 39 54225 39 54745 39 55265 38 55785 38 56305 37 56825 37 57346 36 57866 35 58387 33 58907 33 59428 31 59949 29 60470 27 60992 24 61515 19 62037 16 62560 10 63082 4
6fe2df6de1d962b90146c822bcefc84d0d3d6926fdfbacd3acdc9de830ee5622,273944 5 274462 8 274981 9 275500 10 276020 10 276539 11 277058 12 277578 13 278099 12 278619 12 279139 12 279660 11 280181 10 280703 7
6fe2df6de1d962b90146c822bcefc84d0d3d6926fdfbacd3acdc9de830ee5622,456 25 976 25 1496 25 2016 24 2537 23 3057 23 3577 22 4098 21 4618 21 5139 20 5659 20 6180 19 6702 16 7223 14 7744 13 8265 11 8786 8
6fe2df6de1d962b90146c822bcefc84d0d3d6926fdfbacd3acdc9de830ee5622,188239 2 188758 3 189276 5 189795 6 190314 7 190831 10 191350 11 191869 12 192388 13 192908 13 193427 14 193947 14 194467 14 194988 13 195509 12 196030 11 196550 11 197070 11 197591 10 198111 10 198632 9 199153 8 199673 8 200193 8 200714 7 201236 5 201757 4 202278 3
6fe2df6de1d962b90146c822bcefc84d0d3d6926fdfbacd3acdc9de830ee5622,126141 7 126656 20 127175 25 127694 29 128213 31 128733 33 129253 34 129773 35 130294 36 130814 37 131334 37 131855 37 132376 36 132896 37 133417 36 133938 36 134459 35 134980 9 134996 18 135502 3 135519 15 136041 13 136562 11 137084 8 137606 5
6fe2df6de1d962b90146c822bcefc84d0d3d6926fdfbacd3acdc9de830ee5622,216539 2 217055 8 217574 10 218094 11 218613 13 219133 14 219653 15 220173 16 220694 15 221214 16 221734 16 222255 15 222775 15 223296 14 223816 15 224336 15 224856 16 225376 16 225895 17 226415 16 226935 16 227456 15 227976 15 228496 14 229017 13 229538 11 230059 8
6fe2df6de1d962b90146c822bcefc84d0d3d6926fdfbacd3acdc9de830ee5622,344035 2 344552 7 345070 11 345588 15 346107 17 346626 19 347145 21 347664 22 348183 24 348703 25 349222 26 349742 26 350261 28 350781 29 351301 29 351821 30 352341 31 352861 31 353380 32 353900 32 354420 33 354940 33 355460 33 355981 32 356501 31 357021 31 357542 30 358063 28 358584 27 359106 25 359628 22 360152 17 360674 14 361196 10 361717 8
6fe2df6de1d962b90146c822bcefc84d0d3d6926fdfbacd3acdc9de830ee5622,193803 11 194321 14 194840 15 195358 17 195868 6 195877 18 196387 29 196906 30 197425 30 197944 31 198464 30 198984 28 199503 27 200023 25 200543 23 201063 21 201583 19 202103 18 202623 15 203143 14 203663 12 204184 8 204705 5
6fe2df6de1d962b90146c822bcefc84d0d3d6926fdfbacd3acdc9de830ee5622,118341 6 118859 11 119378 15 119898 16 120417 19 120937 22 121457 28 121977 40 122497 42 123017 44 123538 44 124059 44 124581 43 125102 42 125623 41 126148 36 126676 28 127200 23 127723 19 128244 16 128766 12 129287 10 129808 2
6fe2df6de1d962b90146c822bcefc84d0d3d6926fdfbacd3acdc9de830ee5622,239486 6 240005 9 240524 11 241043 13 241562 15 242082 16 242602 17 243122 19 243642 21 244162 22 244682 23 245202 23 245722 24 246242 24 246762 25 247283 24 247803 24 248324 22 248844 22 249365 21 249886 19 250407 15 250935 3
6fe2df6de1d962b90146c822bcefc84d0d3d6926fdfbacd3acdc9de830ee5622,189493 5 190012 8 190531 12 191050 15 191569 19 192089 20 192608 22 193128 23 193648 24 194168 25 194688 25 195208 26 195728 27 196249 27 196769 27 197290 27 197811 27 198331 27 198852 26 199373 26 199893 26 200413 26 200934 25 201454 25 201974 25 202494 25 203014 26 203534 26 204054 26 204574 26 205094 25 205614 24 206134 23 206654 22 207174 22 207694 22 208215 21 208735 21 209256 20 209776 19 210297 18 210818 16 211339 14 211860 12 212382 8
6fe2df6de1d962b90146c822bcefc84d0d3d6926fdfbacd3acdc9de830ee5622,34168 6 34684 11 35202 15 35721 17 36240 19 36759 21 37278 24 37797 26 38316 28 38835 30 39354 31 39873 33 40392 34 40911 34 41431 33 41951 33 42471 32 42992 30 43512 30 44033 28 44554 26 45077 22 45600 18 46121 15 46651 3
6fe2df6de1d962b90146c822bcefc84d0d3d6926fdfbacd3acdc9de830ee5622,173444 4 173959 11 174476 15 174995 17 175514 19 176032 22 176551 23 177069 25 177588 26 178107 27 178626 29 179146 29 179666 29 180186 29 180707 28 181227 28 181748 27 182269 8 182280 15 182790 6 182801 15 183312 3 183322 14 183842 14 184362 14 184882 14 185401 14 185921 14 186442 13 186963 12 187484 10 188005 8 188526 6 189047 3
6fe2df6de1d962b90146c822bcefc84d0d3d6926fdfbacd3acdc9de830ee5622,113067 8 113584 13 114103 15 114622 17 115141 19 115660 25 116179 28 116699 29 117218 31 117737 33 118257 34 118776 35 119296 36 119816 36 120337 35 120857 35 121377 35 121897 34 122418 33 122938 32 123459 30 123980 28 124501 25 125022 23 125543 20 126064 17 126585 14 127107 10 127631 3
6fe2df6de1d962b90146c822bcefc84d0d3d6926fdfbacd3acdc9de830ee5622,128107 5 128625 9 129144 11 129663 13 130182 14 130701 16 131220 18 131740 18 132260 19 132779 20 133299 20 133818 22 134337 23 134857 23 135376 24 135896 24 136416 24 136937 22 137457 22 137978 21 138498 21 139018 21 139537 22 140057 22 140578 21 141098 21 141618 21 142138 21 142659 20 143179 19 143700 17 144221 15 144742 13 145266 8
6fe2df6de1d962b90146c822bcefc84d0d3d6926fdfbacd3acdc9de830ee5622,154321 3 154839 11 155356 17 155873 24 156389 30 156906 34 157425 36 157944 37 158463 38 158983 38 159502 39 160022 38 160542 37 161062 37 161583 35 162104 33 162625 31 163146 29 163668 25 164193 18 164715 15 165238 6
6fe2df6de1d962b90146c822bcefc84d0d3d6926fdfbacd3acdc9de830ee5622,63264 2 63783 10 64302 12 64821 14 65341 15 65861 16 66381 17 66901 18 67421 18 67940 20 68460 20 68980 21 69500 21 70021 21 70541 21 71061 21 71582 21 72102 21 72622 21 73142 21 73661 22 74180 23 74700 23 75220 23 75740 23 76260 23 76780 23 77300 22 77821 21 78342 20 78862 19 79383 17 79904 15 80426 11 80950 6
6fe2df6de1d962b90146c822bcefc84d0d3d6926fdfbacd3acdc9de830ee5622,12699 13 13218 15 13736 19 14255 21 14774 23 15293 25 15813 25 16332 26 16852 27 17372 27 17891 28 18411 28 18931 28 19451 28 19971 28 20491 28 21011 27 21531 27 22051 27 22572 25 23092 25 23612 24 24132 24 24653 22 25173 21 25694 19 26214 19 26735 17 27256 15 27777 13 28298 9
6fe2df6de1d962b90146c822bcefc84d0d3d6926fdfbacd3acdc9de830ee5622,312111 7 312629 10 313148 12 313667 15 314185 17 314704 18 315223 19 315742 20 316261 21 316780 22 317300 22 317820 22 318340 22 318860 22 319380 22 319900 22 320420 22 320940 22 321460 22 321981 21 322501 21 323021 22 323542 21 324063 20 324584 19 325105 18 325627 16 326148 14 326671 9
6fe2df6de1d962b90146c822bcefc84d0d3d6926fdfbacd3acdc9de830ee5622,186278 6 186797 9 187317 10 187836 11 188354 14 188871 17 189390 18 189909 19 190428 20 190948 20 191468 20 191988 20 192508 20 193028 20 193548 20 194069 19 194590 18 195110 18 195630 18 196150 18 196670 18 197191 17 197712 15 198232 15 198753 14 199274 13 199795 12 200316 10 200837 8 201358 5 201879 2
6fe2df6de1d962b90146c822bcefc84d0d3d6926fdfbacd3acdc9de830ee5622,192451 3 192965 12 193482 16 194001 18 194519 21 195036 25 195555 27 196074 29 196593 31 197112 32 197631 34 198150 35 198669 37 199188 38 199708 38 200227 39 200747 39 201267 39 201787 39 202307 39 202827 39 203347 38 203868 36 204388 36 204909 34 205429 32 205949 31 206469 30 206990 28 207510 25 208031 22 208553 18 209076 11
6fe2df6de1d962b90146c822bcefc84d0d3d6926fdfbacd3acdc9de830ee5622,207566 2 208083 6 208602 8 209121 9 209640 11 210160 12 210680 13 211200 15 211720 16 212240 18 212760 19 213280 20 213800 20 214320 21 214840 21 215360 22 215880 22 216400 22 216920 22 217440 22 217959 23 218479 23 218998 24 219518 24 220037 24 220557 23 221077 23 221597 22 222118 19 222638 18 223159 16 223680 13 224201 8 224722 5
6fe2df6de1d962b90146c822bcefc84d0d3d6926fdfbacd3acdc9de830ee5622,132824 9 133342 13 133860 16 134379 18 134899 18 135419 19 135938 22 136458 23 136979 23 137499 24 138018 25 138537 26 139056 28 139575 29 140095 29 140614 30 141134 31 141654 31 142174 31 142694 31 143214 30 143735 28 144256 26 144777 16 145299 8
6fe2df6de1d962b90146c822bcefc84d0d3d6926fdfbacd3acdc9de830ee5622,297541 11 298059 15 298576 19 299091 25 299607 29 300126 30 300645 31 301164 32 301683 33 302202 34 302721 34 303240 35 303760 34 304280 33 304800 32 305320 31 305840 29 306361 26 306882 22 307407 13
6fe2df6de1d962b90146c822bcefc84d0d3d6926fdfbacd3acdc9de830ee5622,315122 10 315641 13 316161 15 316681 16 317201 17 317721 18 318241 19 318761 19 319281 20 319801 20 320321 20 320841 19 321361 19 321881 19 322401 18 322921 18 323441 18 323961 18 324481 18 325001 18 325521 18 326041 18 326561 17 327081 16 327601 16 328121 15 328641 13 329161 12 329681 11 330201 10 330721 9 331241 6 331761 2
6fe2df6de1d962b90146c822bcefc84d0d3d6926fdfbacd3acdc9de830ee5622,158767 4 159283 11 159801 14 160320 16 160838 19 161355 23 161872 27 162389 30 162908 31 163427 33 163946 34 164465 35 164985 35 165505 35 166025 35 166545 34 167065 34 167586 32 168106 31 168626 30 169147 28 169667 25 170188 21 170709 19 171230 16 171751 11 172274 5
6fe2df6de1d962b90146c822bcefc84d0d3d6926fdfbacd3acdc9de830ee5622,66344 18 66863 22 67382 24 67901 29 68420 32 68940 33 69460 34 69980 35 70500 36 71020 37 71540 38 72060 39 72580 39 73101 39 73622 38 74143 37 74663 37 75184 36 75705 35 76226 34 76747 33 77268 31 77790 28 78314 24 78835 22 79357 18 79879 15 80404 4
6fe2df6de1d962b90146c822bcefc84d0d3d6926fdfbacd3acdc9de830ee5622,107540 5 108059 7 108578 9 109083 7 109097 10 109601 11 109616 12 110120 28 110639 29 111159 29 111679 29 112199 29 112718 30 113238 30 113758 30 114277 31 114797 30 115317 28 115837 18 116357 17 116877 17 117397 17 117917 18 118437 18 118956 19 119475 20 119995 20 120516 18 121037 16 121559 13 122085 2
6fe2df6de1d962b90146c822bcefc84d0d3d6926fdfbacd3acdc9de830ee5622,20192 7 20711 9 21230 10 21747 14 22266 15 22785 16 23303 19 23821 22 24340 23 24860 24 25379 25 25898 27 26417 28 26937 28 27456 29 27975 29 28495 29 29014 30 29533 30 30052 31 30571 31 31090 31 31609 32 32129 31 32649 30 33169 29 33689 28 34210 26 34731 23 35252 20 35773 16 36295 11 36817 6
6fe2df6de1d962b90146c822bcefc84d0d3d6926fdfbacd3acdc9de830ee5622,28027 3 28037 10 28545 23 29063 26 29582 28 30101 29 30620 30 31140 31 31659 32 32179 32 32699 32 33219 32 33739 32 34260 31 34780 31 35301 30 35822 29 36343 28 36866 25 37387 24 37907 24 38428 22 38949 21 39471 18 39992 17 40514 15 41036 12 41557 10 42078 8 42599 5
6fe2df6de1d962b90146c822bcefc84d0d3d6926fdfbacd3acdc9de830ee5622,306387 2 306904 6 307401 6 307420 11 307919 33 308436 36 308955 38 309473 40 309992 41 310512 40 311031 41 311550 42 312070 41 312589 40 313109 39 313629 38 314149 36 314669 35 315189 34 315709 33 316230 31 316750 30 317271 29 317791 29 318312 27 318833 25 319354 23 319876 20 320404 11 320925 9 321447 6 321968 3
6fe2df6de1d962b90146c822bcefc84d0d3d6926fdfbacd3acdc9de830ee5622,213666 5 214184 9 214703 13 215222 15 215742 16 216262 18 216782 19 217302 20 217822 22 218342 25 218862 27 219382 29 219902 31 220423 31 220943 32 221464 31 221984 32 222504 32 223025 31 223546 30 224067 29 224588 27 225109 25 225630 23 226151 21 226672 18 227196 12 227720 5
6fe2df6de1d962b90146c822bcefc84d0d3d6926fdfbacd3acdc9de830ee5622,280088 6 280607 9 281126 12 281646 13 282165 15 282684 17 283203 19 283722 20 284241 20 284760 21 285277 24 285794 27 286312 28 286831 28 287351 27 287870 23 288390 22 288910 22 289430 23 289950 23 290470 23 290990 23 291511 22 292032 20 292553 8 292564 7 293076 2 293085 4
6fe2df6de1d962b90146c822bcefc84d0d3d6926fdfbacd3acdc9de830ee5622,354584 7 355103 9 355621 12 356140 13 356658 16 357177 17 357695 20 358214 21 358734 22 359253 24 359773 25 360293 26 360812 28 361332 29 361852 29
6fe2df6de1d962b90146c822bcefc84d0d3d6926fdfbacd3acdc9de830ee5622,297752 10 298270 14 298789 16 299308 19 299827 21 300346 22 300866 23 301385 24 301904 25 302423 26 302943 26 303462 28 303982 28 304501 29 305021 29 305541 29 306061 29 306581 29 307101 29 307622 28 308142 28 308663 27 309185 10 309197 13 309708 4 309718 11 310239 9 310763 3
6fe2df6de1d962b90146c822bcefc84d0d3d6926fdfbacd3acdc9de830ee5622,210843 6 211358 12 211877 14 212396 15 212915 17 213434 18 213953 19 214473 19 214993 19 215512 21 216032 21 216551 22 217071 21 217590 22 218110 21 218630 20 219150 20 219669 20 220189 19 220709 19 221230 18 221750 17 222270 17 222790 17 223310 17 223831 15 224351 15 224872 14 225392 13 225912 12 226433 10 226954 8 227475 3
6fe2df6de1d962b90146c822bcefc84d0d3d6926fdfbacd3acdc9de830ee5622,259895 14 260413 17 260931 22 261449 25 261968 26 262487 28 263006 29 263525 30 264044 31 264564 30 265083 30 265603 29 266123 27 266643 23 267163 20 267683 17 268203 16 268723 14 269244 12 269764 10 270285 8 270806 5
6fe2df6de1d962b90146c822bcefc84d0d3d6926fdfbacd3acdc9de830ee5622,227122 6 227641 8 228160 10 228679 12 229198 13 229717 15 230237 15 230756 16 231275 17 231794 18 232314 18 232833 19 233351 21 233870 22 234389 23 234908 23 235428 22 235948 21 236468 21 236988 21 237508 20 238028 20 238548 20 239068 20 239588 19 240108 19 240628 19 241148 18 241669 17 242190 15 242711 14 243232 12 243753 9 244274 6
6fe2df6de1d962b90146c822bcefc84d0d3d6926fdfbacd3acdc9de830ee5622,98425 5 98943 10 99462 12 99982 13 100501 15 101021 15 101541 15 102061 16 102581 18 103101 20 103621 21 104141 22 104661 23 105181 23 105701 23 106221 23 106740 24 107260 24 107780 24 108301 23 108821 23 109340 25 109860 25 110380 25 110900 25 111420 25 111940 24 112460 24 112980 23 113500 22 114020 21 114540 20 115061 18 115581 17 116102 15 116622 15 117143 14 117665 8 118187 4 118709 1
6fe2df6de1d962b90146c822bcefc84d0d3d6926fdfbacd3acdc9de830ee5622,15861 3 16379 6 16896 10 17414 13 17931 17 18450 19 18970 19 19489 20 20009 20 20529 20 21049 20 21569 19 22089 17 22609 16 23130 14 23650 13 24171 11 24692 9
6fe2df6de1d962b90146c822bcefc84d0d3d6926fdfbacd3acdc9de830ee5622,178439 11 178955 18 179474 20 179993 22 180512 24 181030 27 181549 29 182069 29 182588 31 183108 31 183627 33 184146 34 184666 34 185186 34 185706 34 186226 34 186746 34 187266 34 187786 33 188307 31 188828 29 189348 27 189869 24 190389 21 190910 18 191431 16 191952 13 192473 11 192995 7
6fe2df6de1d962b90146c822bcefc84d0d3d6926fdfbacd3acdc9de830ee5622,225294 5 225813 8 226332 10 226851 12 227371 13 227890 15 228410 16 228930 18 229451 17 229971 18 230491 18 231011 18 231531 18 232051 18 232571 19 233090 20 233610 20 234130 20 234649 20 235169 19 235689 19 236208 20 236728 20 237248 20 237768 20 238288 20 238808 20 239328 20 239848 19 240368 18 240888 18 241409 16 241930 13 242451 11 242972 8
6fe2df6de1d962b90146c822bcefc84d0d3d6926fdfbacd3acdc9de830ee5622,237298 4 237817 8 238335 12 238854 14 239374 15 239893 16 240413 17 240932 18 241452 19 241972 19 242492 20 243012 20 243532 21 244052 21 244572 22 245092 22 245613 21 246133 21 246653 21 247173 21 247694 20 248214 20 248735 19 249255 19 249775 19 250295 19 250815 19 251336 18 251857 17 252377 17 252898 16 253418 16 253939 14 254460 12 254982 8
6fe2df6de1d962b90146c822bcefc84d0d3d6926fdfbacd3acdc9de830ee5622,169700 6 170215 13 170732 17 171246 24 171762 28 172279 32 172796 36 173316 36 173835 38 174354 40 174874 40 175393 41 175913 41 176433 41 176953 41 177473 41 177993 41 178513 41 179033 41 179553 41 180073 41 180594 40 181115 39 181636 38 182157 36 182684 29 183209 23 183730 21 184251 19 184773 16 185295 13 185817 9 186339 6
6fe2df6de1d962b90146c822bcefc84d0d3d6926fdfbacd3acdc9de830ee5622,138477 3 138993 13 139511 18 140030 21 140549 23 141069 23 141588 25 142108 25 142628 25 143148 25 143667 25 144187 25 144707 25 145228 24 145748 23 146269 22 146789 21 147310 19 147830 17 148351 15 148872 13 149393 12 149915 9
6fe2df6de1d962b90146c822bcefc84d0d3d6926fdfbacd3acdc9de830ee5622,156014 5 156532 8 157051 10 157571 11 158091 15 158610 18 159130 19 159650 19 160170 20 160689 21 161209 21 161728 22 162248 21 162767 22 163287 21 163807 21 164327 20 164846 21 165366 20 165885 20 166405 20 166925 19 167445 18 167965 18 168485 17 169005 16 169525 14 170046 11 170568 5
6fe2df6de1d962b90146c822bcefc84d0d3d6926fdfbacd3acdc9de830ee5622,36394 7 36913 8 37432 9 37945 16 38464 17 38983 18 39503 18 40023 18 40543 18 41063 18 41583 18 42103 18 42624 17 43144 17 43665 16 44186 15 44707 14 45227 14 45746 15 46265 16 46784 17 47304 17 47824 17 48345 16 48865 16 49386 15 49907 14 50428 13 50949 12 51469 12 51992 9 52514 7 53037 4 53559 2
6fe2df6de1d962b90146c822bcefc84d0d3d6926fdfbacd3acdc9de830ee5622,22 21 542 21 1062 20 1583 16 2104 14 2627 4 2633 3
6fe2df6de1d962b90146c822bcefc84d0d3d6926fdfbacd3acdc9de830ee5622,228556 8 229075 10 229594 12 230113 14 230632 16 231151 17 231670 18 232189 19 232708 21 233227 22 233746 23 234265 24 234784 25 235303 26 235822 27 236342 26 236862 26 237382 25 237902 24 238422 23 238942 22 239462 22 239982 21 240503 19 241023 18 241544 15 242066 11 242587 7
6fe2df6de1d962b90146c822bcefc84d0d3d6926fdfbacd3acdc9de830ee5622,163341 5 163859 8 164377 11 164896 14 165415 16 165934 17 166454 17 166973 18 167493 18 168012 19 168532 19 169052 19 169572 19 170092 19 170612 19 171132 19 171652 19 172172 20 172692 20 173212 20 173732 20 174252 20 174772 20 175292 20 175812 20 176332 20 176852 20 177372 19 177892 18 178412 17 178932 16 179452 16 179972 15 180493 12 181015 8 181536 5
6fe2df6de1d962b90146c822bcefc84d0d3d6926fdfbacd3acdc9de830ee5622,4553 4 5068 11 5587 13 6106 15 6625 17 7144 19 7663 21 8183 22 8703 23 9222 25 9742 26 10263 26 10783 26 11303 27 11823 27 12342 29 12862 29 13381 30 13901 30 14421 29 14941 29 15461 28 15981 27 16501 25 17022 21 17544 7
6fe2df6de1d962b90146c822bcefc84d0d3d6926fdfbacd3acdc9de830ee5622,268707 4 269224 9 269743 11 270263 12 270782 14 271301 15 271821 15 272340 17 272859 18 273378 19 273897 20 274416 21 274935 21 275454 22 275973 23 276493 23 277012 24 277532 24 278051 24 278571 24 279091 23 279611 22 280131 21 280652 20 281172 20 281693 15 282214 6 282734 2
6fe2df6de1d962b90146c822bcefc84d0d3d6926fdfbacd3acdc9de830ee5622,241171 10 241689 13 242208 15 242727 17 243246 18 243766 18 244285 20 244804 21 245323 22 245843 22 246363 21 246882 21 247401 22 247921 21 248441 21 248961 20 249482 19 250002 18 250522 18 251042 17 251562 17 252083 15 252604 13 253124 13 253645 11 254166 9 254687 7
6fe2df6de1d962b90146c822bcefc84d0d3d6926fdfbacd3acdc9de830ee5622,230335 4 230851 9 231369 14 231888 16 232407 18 232927 18 233446 20 233966 20 234486 20 235006 21 235526 22 236046 23 236566 23 237087 23 237607 24 238128 23 238649 22 239170 21 239691 20 240212 19 240734 17 241255 15 241779 10 242301 6
6fe2df6de1d962b90146c822bcefc84d0d3d6926fdfbacd3acdc9de830ee5622,125696 4 126210 13 126726 18 127243 21 127762 22 128281 24 128800 25 129318 26 129837 27 130355 29 130874 29 131393 29 131912 30 132432 29 132952 28 133472 27 133991 27 134511 26 135031 24 135551 22 136070 21 136591 16 137113 12 137634 9 138155 6 138676 3 139197 1
6fe2df6de1d962b90146c822bcefc84d0d3d6926fdfbacd3acdc9de830ee5622,258386 5 258905 8 259424 10 259942 16 260460 19 260978 22 261497 24 262016 26 262534 28 263053 29 263573 29 264092 30 264612 30 265132 30 265652 29 266173 27 266693 26 267214 22 267736 18 268264 4
6fe2df6de1d962b90146c822bcefc84d0d3d6926fdfbacd3acdc9de830ee5622,286989 9 287507 13 288026 15 288545 18 289064 20 289583 21 290103 22 290622 29 291142 30 291662 31 292182 32 292703 32 293223 32 293743 32 294262 33 294782 32 295301 33 295820 34 296340 33 296860 33 297379 33 297899 33 298418 34 298938 34 299458 33 299979 32 300499 31 301020 28 301541 26 302077 7
6fe2df6de1d962b90146c822bcefc84d0d3d6926fdfbacd3acdc9de830ee5622,167999 9 168517 12 169036 14 169555 16 170074 18 170593 19 171112 20 171631 21 172148 24 172663 29 173182 30 173700 32 174219 33 174738 34 175257 35 175776 36 176296 36 176816 36 177335 37 177855 37 178375 36 178895 35 179415 34 179935 33 180455 32 180975 31 181496 29 182016 27 182537 24 183058 21 183580 12 184103 5
6fe2df6de1d962b90146c822bcefc84d0d3d6926fdfbacd3acdc9de830ee5622,333748 11 334265 17 334784 20 335303 22 335822 24 336341 25 336860 27 337380 27 337899 28 338419 29 338939 29 339459 29 339979 30 340499 30 341020 29 341540 29 342061 28 342582 27 343103 25 343624 24 344145 23 344665 23 345190 19 345713 16 346234 14 346756 12 347277 11 347798 9 348319 7 348840 4 349361 2
6fe2df6de1d962b90146c822bcefc84d0d3d6926fdfbacd3acdc9de830ee5622,174085 10 174603 16 175121 21 175640 23 176159 25 176678 29 177197 31 177717 33 178238 33 178758 33 179278 34 179798 35 180318 35 180839 35 181359 35 181880 34 182401 33 182921 33 183442 32 183963 31 184484 30 185005 28 185526 27 186047 25 186568 24 187090 21 187611 19 188132 17 188653 14 189174 11
6fe2df6de1d962b90146c822bcefc84d0d3d6926fdfbacd3acdc9de830ee5622,113482 9 114000 13 114519 15 115039 16 115558 18 116077 20 116596 22 117115 23 117635 23 118154 24 118673 25 119193 26 119713 26 120233 26 120753 25 121273 25 121793 24 122314 22 122834 22 123356 19 123877 17 124398 15 124920 12 125441 10
6fe2df6de1d962b90146c822bcefc84d0d3d6926fdfbacd3acdc9de830ee5622,220118 3 220637 9 221154 13 221673 15 222193 15 222712 16 223232 17 223751 18 224270 19 224790 20 225309 21 225829 21 226348 22 226868 22 227388 22 227908 23 228428 23 228948 23 229468 23 229989 22 230509 22 231029 22 231549 22 232069 22 232590 21 233110 21 233630 20 234150 20 234671 18 235192 17 235714 14 236235 12 236757 9 237278 6
6fe2df6de1d962b90146c822bcefc84d0d3d6926fdfbacd3acdc9de830ee5622,343969 5 344480 16 344996 21 345514 24 346033 26 346552 27 347071 28 347591 29 348110 30 348630 30 349150 31 349670 30 350190 31 350710 31 351230 31 351750 30 352270 30 352789 31 353309 30 353829 28 354349 27 354869 25 355389 23 355909 21 356430 18 356950 12 357472 7 357994 2
6fe2df6de1d962b90146c822bcefc84d0d3d6926fdfbacd3acdc9de830ee5622,102309 7 102827 10 103346 12 103865 14 104384 16 104903 18 105423 18 105942 19 106461 21 106981 21 107501 21 108020 22 108539 22 109058 23 109576 25 110095 25 110614 25 111133 26 111652 27 112171 28 112691 27 113210 28 113729 29 114249 28 114769 28 115289 28 115809 28 116329 28 116849 28 117369 28 117889 28 118409 28 118929 27 119450 25 119971 24 120492 22 121013 20 121534 17 122055 14
6fe2df6de1d962b90146c822bcefc84d0d3d6926fdfbacd3acdc9de830ee5622,194813 3 195330 7 195849 9 196368 10 196888 11 197407 12 197927 13 198447 13 198966 14 199486 14 200005 15 200525 15 201045 15 201564 16 202084 16 202604 16 203124 16 203644 16 204164 15 204683 16 205203 16 205722 17 206242 17 206762 16 207281 17 207801 17 208320 17 208840 16 209360 16 209880 15 210400 14 210920 13 211441 11 211962 8 212483 5
6fe2df6de1d962b90146c822bcefc84d0d3d6926fdfbacd3acdc9de830ee5622,122775 9 123293 13 123812 16 124331 18 124850 20 125370 20 125890 21 126410 22 126930 22 127450 23 127970 24 128491 23 129011 23 129531 24 130051 24 130572 23 131093 23 131614 22 132135 21 132656 19 133177 18 133697 18 134218 17 134740 14 135262 11
6fe2df6de1d962b90146c822bcefc84d0d3d6926fdfbacd3acdc9de830ee5622,314537 9 315055 13 315574 15 316093 17 316612 19 317132 20 317651 21 318171 22 318690 23 319210 23 319729 24 320249 24 320768 25 321288 25 321808 26 322327 27 322847 27 323367 27 323887 27 324406 28 324926 27 325446 26 325967 24 326487 22 327007 21 327527 21 328048 19 328569 17 329089 17 329610 15 330131 13 330652 11 331173 9 331696 3
6fe2df6de1d962b90146c822bcefc84d0d3d6926fdfbacd3acdc9de830ee5622,211544 3 212062 9 212581 11 213101 12 213620 14 214140 15 214659 17 215178 19 215697 20 216217 21 216736 23 217256 23 217775 24 218294 26 218814 26 219334 27 219854 27 220374 28 220894 28 221414 28 221935 28 222455 28 222976 27 223498 25 224019 24 224541 22 225063 19 225585 16 226109 11 226633 6
6fe2df6de1d962b90146c822bcefc84d0d3d6926fdfbacd3acdc9de830ee5622,200817 7 201334 11 201851 15 202369 18 202888 19 203408 20 203927 21 204447 20 204967 20 205487 19 206007 19 206527 19 207047 19 207568 19 208089 18 208610 17 209130 18 209150 5 209651 25 210172 24 210693 23 211215 21 211736 3 211747 9 212268 8 212788 8 213309 7 213830 5 214352 2
6fe2df6de1d962b90146c822bcefc84d0d3d6926fdfbacd3acdc9de830ee5622,240562 3 240567 4 241080 14 241599 17 242119 20 242638 22 243158 23 243677 25 244197 26 244717 26 245237 26 245756 27 246276 28 246797 27 247317 27 247837 27 248357 27 248878 26 249398 27 249919 26 250439 26 250960 25 251480 25 252000 26 252521 25 253041 25 253562 24 254082 24 254603 24 255124 23 255644 23 256165 22 256686 21 257207 19 257727 19 258248 18 258769 16 259290 14 259812 11 260334 8
6fe2df6de1d962b90146c822bcefc84d0d3d6926fdfbacd3acdc9de830ee5622,282793 9 283312 17 283832 18 284351 20 284870 22 285390 22 285910 22 286431 21 286952 20 287473 18 287994 15 288516 12 289037 11 289558 10 290079 8 290601 5 291122 2
6fe2df6de1d962b90146c822bcefc84d0d3d6926fdfbacd3acdc9de830ee5622,84551 4 85069 9 85588 13 86107 16 86627 17 87146 19 87666 20 88186 20 88706 21 89226 21 89745 22 90265 22 90785 22 91305 22 91825 22 92345 22 92864 23 93384 23 93904 24 94424 25 94944 25 95464 26 95984 26 96504 26 97024 27 97544 27 98064 27 98584 26 99104 26 99624 26 100145 24 100665 24 101185 23 101706 21 102227 19 102747 18 103268 16 103790 13 104311 11 104833 7
6fe2df6de1d962b90146c822bcefc84d0d3d6926fdfbacd3acdc9de830ee5622,343263 10 343781 13 344299 16 344815 20 345331 24 345849 26 346367 28 346884 31 347403 32 347923 32 348442 33 348961 34 349481 33 350000 34 350520 33 351040 32 351560 31 352080 30 352600 29 353120 28 353640 25 354160 24 354681 22 355203 19 355725 15
6fe2df6de1d962b90146c822bcefc84d0d3d6926fdfbacd3acdc9de830ee5622,252481 9 252998 14 253517 16 254036 19 254555 21 255075 21 255594 22 256114 22 256633 23 257153 23 257672 24 258192 23 258712 23 259232 22 259753 21 260273 20 260794 18 261314 18 261834 18 262354 18 262874 19 263394 20 263914 20 264434 21 264954 21 265475 21 265996 20 266517 19 267038 17 267559 15 268081 11
6fe2df6de1d962b90146c822bcefc84d0d3d6926fdfbacd3acdc9de830ee5622,108146 8 108664 12 109182 17 109701 20 110220 21 110739 22 111258 23 111777 24 112297 24 112817 24 113336 25 113856 25 114376 25 114896 25 115416 25 115936 25 116456 25 116976 25 117496 25 118017 24 118537 24 119058 23 119578 23 120099 22 120620 20 121141 18 121662 16 122183 14 122705 11 123227 8
6fe2df6de1d962b90146c822bcefc84d0d3d6926fdfbacd3acdc9de830ee5622,252946 4 253465 6 253984 8 254504 9 255024 9 255544 10 256064 13 256584 16 257104 17 257624 18 258144 19 258663 21 259182 23 259702 23 260221 25 260741 25 261261 26 261781 26 262300 27 262820 27 263340 26 263860 26 264380 25 264900 24 265421 22 265941 21 266462 19 266982 17 267503 12 268025 9 268547 5
6fe2df6de1d962b90146c822bcefc84d0d3d6926fdfbacd3acdc9de830ee5622,99500 6 100017 12 100536 16 101055 19 101574 21 102093 23 102612 25 103132 26 103652 26 104171 28 104691 28 105211 28 105731 29 106251 29 106771 29 107292 28 107812 28 108331 29 108851 29 109371 29 109891 29 110411 28 110931 28 111451 27 111971 27 112491 26 113011 26 113531 25 114059 16 114580 14 115102 11 115623 8
6fe2df6de1d962b90146c822bcefc84d0d3d6926fdfbacd3acdc9de830ee5622,6825 6 7344 12 7862 15 8381 19 8901 20 9420 22 9940 23 10460 23 10980 24 11499 25 12018 26 12537 27 13057 27 13576 28 14096 28 14616 28 15136 27 15656 27 16177 26 16697 26 17217 25 17737 24 18258 23 18778 23 19299 22 19820 20 20341 19 20861 18 21382 16 21903 15 22424 13 22945 10 23468 6
6fe2df6de1d962b90146c822bcefc84d0d3d6926fdfbacd3acdc9de830ee5622,168095 6 168614 8 169133 10 169652 12 170171 14 170691 15 171210 16 171729 17 172249 17 172769 17 173289 17 173808 18 174328 18 174848 18 175368 18 175887 19 176407 19 176927 20 177447 20 177967 20 178487 20 179007 20 179527 20 180047 20 180568 19 181088 19 181608 19 182129 18 182650 17 183171 16 183692 14 184213 13 184734 11 185255 5
6fe2df6de1d962b90146c822bcefc84d0d3d6926fdfbacd3acdc9de830ee5622,38102 2 38620 5 38627 6 39138 16 39656 19 40175 20 40693 22 41212 24 41731 25 42250 25 42769 26 43288 27 43808 27 44327 27 44846 28 45366 28 45885 29 46405 29 46924 30 47443 30 47963 30 48483 30 49002 30 49522 29 50042 28 50562 27 51082 26 51602 25 52123 23 52644 21 53165 20 53685 20 54205 19 54726 17 55247 3 55255 6
6fe2df6de1d962b90146c822bcefc84d0d3d6926fdfbacd3acdc9de830ee5622,182386 6 182905 10 183424 12 183944 13 183962 1 184463 21 184983 22 185502 24 186022 25 186542 26 187063 27 187584 27 188105 27 188626 27 189147 27 189669 25 190190 24 190711 23 191232 22 191752 22 192272 21 192792 21 193313 20 193833 19 194354 16 194875 14 195395 12 195916 9 196437 7 196959 2
6fe2df6de1d962b90146c822bcefc84d0d3d6926fdfbacd3acdc9de830ee5622,176232 8 176750 12 177268 15 177787 16 178306 18 178826 18 179345 20 179865 20 180384 21 180904 21 181423 22 181943 22 182463 22 182982 23 183502 23 184022 23 184542 23 185062 23 185582 23 186101 24 186621 24 187141 24 187660 24 188180 24 188700 24 189221 22 189741 22 190261 21 190781 21 191302 19 191822 19 192343 17 192863 16 193384 15 193905 13 194427 10 194948 8
