70827e40a7155391984e56703c6df3392fb4a94bbd6c7008da6a6ca3244965d9,92400 5 92757 9 93115 12 93473 15 93832 17 94191 19 94550 21 94909 22 95268 24 95627 25 95986 27 96345 28 96704 29 97064 29 97424 29 97783 30 98143 30 98503 30 98863 30 99223 30 99583 30 99943 31 100304 30 100664 31 101024 32 101064 7 101383 35 101422 10 101742 51 102102 52 102461 53 102821 37 102860 14 103181 36 103221 14 103541 36 103581 14 103901 36 103941 15 104261 37 104300 17 104622 25 104650 27 104982 24 105011 27 105343 22 105373 25 105703 22 105735 24 106063 22 106096 24 106424 20 106457 23 106785 17 106817 23 107146 14 107178 22 107507 12 107538 22 107870 8 107898 22 108259 21 108619 21 108979 21 109339 21 109700 19 110061 18 110421 17 110782 15 111143 13 111504 11 111865 9 112228 5
70827e40a7155391984e56703c6df3392fb4a94bbd6c7008da6a6ca3244965d9,96 17 456 17 816 17 1176 16 1537 14 1897 14 2256 14 2612 17 2971 17 3331 16 3691 16 4051 16 4412 14 4773 12 5135 8 5497 5
70827e40a7155391984e56703c6df3392fb4a94bbd6c7008da6a6ca3244965d9,8332 11 8690 18 9047 23 9406 26 9765 28 10124 30 10483 32 10842 33 11201 35 11561 36 11920 38 12279 40 12639 40 12998 42 13358 42 13718 43 14077 44 14437 45 14797 45 15157 46 15517 46 15877 47 16237 47 16596 48 16956 48 17316 49 17676 49 18036 49 18396 49 18756 49 19116 48 19477 47 19837 47 20197 47 20557 47 20917 47 21278 46 21638 46 21998 46 22358 46 22719 45 23079 45 23439 45 23799 45 24159 45 24519 45 24879 45 25239 45 25599 45 25959 45 26319 44 26679 44 27039 44 27399 44 27760 43 28120 43 28480 42 28840 42 29201 41 29561 41 29921 40 30282 39 30643 37 31003 36 31364 35 31725 34 32086 32 32447 30 32809 26 33170 24 33532 21 33894 16 34257 10
70827e40a7155391984e56703c6df3392fb4a94bbd6c7008da6a6ca3244965d9,16101 5 16455 16 16812 20 17170 27 17528 31 17887 33 18245 36 18604 38 18962 40 19321 41 19679 44 20038 45 20397 47 20756 48 21115 49 21475 49 21834 50 22193 51 22553 51 22913 51 23272 52 23632 52 23991 54 24350 55 24709 56 25068 57 25428 57 25787 58 26147 58 26506 59 26866 59 27225 59 27585 59 27945 59 28305 59 28664 59 29024 59 29384 58 29744 57 30104 56 30464 56 30825 54 31185 53 31545 52 31906 51 32266 51 32627 49 32988 48 33348 48 33708 47 34069 45 34429 44 34789 43 35150 41 35510 41 35871 39 36231 39 36592 37 36953 36 37313 35 37673 34 38034 33 38395 31 38756 30 39116 29 39477 27 39838 25 40199 23 40560 21 40920 20 41281 18 41642 16 42005 10 42370 2
70827e40a7155391984e56703c6df3392fb4a94bbd6c7008da6a6ca3244965d9,122414 13 122771 18 123128 23 123487 25 123842 32 124201 34 124561 35 124921 36 125281 36 125641 37 126001 38 126361 38 126721 38 127081 39 127441 39 127801 39 128161 39 128521 39 128881 39 129241 38
70827e40a7155391984e56703c6df3392fb4a94bbd6c7008da6a6ca3244965d9,3319 6 3677 9 4036 11 4395 13 4755 14 5115 14 5475 14 5836 13 6196 13 6557 12 6917 12 7277 13 7638 12 7998 13 8358 13 8718 13 9078 13 9439 12 9800 11 10162 8
70827e40a7155391984e56703c6df3392fb4a94bbd6c7008da6a6ca3244965d9,7658 3 8017 5 8376 7 8736 7 9095 8 9455 9 9815 10 10175 11 10192 2 10536 11 10550 5 10900 16 11261 16 11622 16 11982 16 12342 16 12702 16 13062 16 13428 10 13790 7
70827e40a7155391984e56703c6df3392fb4a94bbd6c7008da6a6ca3244965d9,267 50 627 51 988 50 1349 50 1710 49 2071 48 2432 48 2794 46 3155 45 3517 43 3878 41 4240 39 4601 38 4962 37 5323 35 5684 33 6045 31 6407 29 6769 27 7130 25 7494 18 7856 14
70827e40a7155391984e56703c6df3392fb4a94bbd6c7008da6a6ca3244965d9,30363 7 30720 14 31078 18 31436 22 31794 27 32153 29 32512 31 32871 33 33231 33 33590 35 33949 37 34309 38 34668 39 35027 40 35387 41 35746 42 36106 42 36465 43 36825 43 37184 44 37544 44 37904 44 38263 45 38623 45 38982 45 39342 44 39702 44 40062 44 40421 44 40781 44 41141 44 41501 43 41860 43 42220 43 42580 43 42940 42 43300 41 43660 40 44020 40 44380 39 44740 39 45100 38 45460 37 45821 35 46181 33 46542 31 46903 29 47263 28 47624 26 47986 22 48347 20 48708 17 49072 9
70827e40a7155391984e56703c6df3392fb4a94bbd6c7008da6a6ca3244965d9,119610 6 119970 7 120330 7 120691 6 121051 6 121411 5 121771 5
70827e40a7155391984e56703c6df3392fb4a94bbd6c7008da6a6ca3244965d9,78211 11 78566 21 78921 29 79277 34 79636 37 79995 40 80354 43 80713 45 81072 48 81431 50 81790 52 82149 54 82508 56 82867 57 83226 58 83586 59 83945 60 84305 60 84665 61 85024 63 85384 63 85744 63 86104 64 86463 65 86823 65 87182 67 87542 67 87902 67 88261 68 88621 68 88981 68 89341 68 89701 67 90061 67 90421 67 90782 65 91142 65 91503 63 91863 63 92224 62 92585 60 92945 58 93305 57 93666 55 94027 53 94388 51 94749 49 95110 46 95472 43 95833 41 96194 38 96557 33 96922 25 97284 21 97648 4 97654 3 97659 4
70827e40a7155391984e56703c6df3392fb4a94bbd6c7008da6a6ca3244965d9,99356 5 99711 10 100068 13 100427 14 100785 16 101143 18 101502 19 101861 20 102220 21 102579 22 102939 22 103298 23 103658 23 104018 23 104377 24 104737 24 105096 25 105456 25 105816 25 106176 25 106536 25 106896 25 107256 25 107616 25 107976 25 108336 25 108696 25 109056 25 109417 24 109777 24 110138 23 110499 22 110859 22 111220 21 111581 20 111942 19 112304 17 112665 16 113027 14 113390 10
70827e40a7155391984e56703c6df3392fb4a94bbd6c7008da6a6ca3244965d9,81999 4 82356 9 82715 12 83074 16 83433 18 83792 20 84152 21 84512 22 84872 23 85232 24 85592 24 85952 25 86312 26 86672 27 87032 29 87392 30 87752 32 88112 33 88473 33 88833 34 89194 35 89554 36 89914 37 90274 38 90634 39 90994 39 91353 40 91711 43 92070 44 92429 45 92788 46 93147 47 93507 47 93867 47 94227 46 94587 46 94947 45 95307 44 95667 43 96027 42 96387 40 96747 38 97107 33 97467 32 97827 32 98187 32 98548 31 98908 31 99269 30 99629 30 99990 29 100351 28 100711 28 101071 27 101432 26 101793 25 102154 23 102515 21 102876 19 103237 17 103598 15 103961 10 104324 6
70827e40a7155391984e56703c6df3392fb4a94bbd6c7008da6a6ca3244965d9,107772 2 107775 3 108127 13 108484 18 108842 21 109201 23 109558 27 109917 29 110273 33 110633 33 110989 37 111347 40 111705 42 112065 42 112423 44 112783 44 113142 45 113500 47 113860 46 114219 47 114579 47 114939 47 115298 48 115658 48 116017 49 116377 48 116737 48 117097 48 117457 48 117817 48 118177 47 118537 46 118897 46 119257 45 119617 44 119979 41 120339 41 120700 38 121060 38 121421 35 121781 34 122143 29 122505 26 122865 21 123228 16
70827e40a7155391984e56703c6df3392fb4a94bbd6c7008da6a6ca3244965d9,16895 9 17253 15 17609 21 17968 24 18327 26 18686 28 19045 30 19404 32 19764 32 20123 34 20482 36 20842 36 21201 38 21561 38 21920 39 22280 40 22639 41 22999 41 23358 43 23718 43 24078 43 24437 44 24797 44 25157 44 25517 44 25877 44 26237 44 26597 43 26957 43 27317 43 27677 43 28037 42 28397 42 28757 41 29116 41 29476 40 29836 39 30197 36 30557 35 30918 31 31278 28 31639 26 32000 24 32361 22 32723 19 33084 17 33447 12 33811 5
70827e40a7155391984e56703c6df3392fb4a94bbd6c7008da6a6ca3244965d9,167 40 526 42 885 43 1245 43 1605 43 1965 43 2324 44 2684 44 3044 44 3404 44 3763 45 4123 45 4483 45 4843 44 5203 44 5563 44 5923 44 6283 43 6643 43 7004 41 7364 41 7724 40 8084 40 8444 39 8804 39 9165 37 9525 37 9886 35 10247 33 10607 33 10968 31 11329 29 11690 27 12051 25 12412 23 12774 19 13136 15 13499 9
70827e40a7155391984e56703c6df3392fb4a94bbd6c7008da6a6ca3244965d9,72302 6 72657 15 73015 19 73373 23 73732 26 74091 30 74450 32 74809 35 75168 38 75527 40 75887 41 76246 47 76606 51 76965 55 77325 57 77685 59 78045 61 78405 62 78765 63 79125 64 79485 65 79845 66 80205 67 80565 67 80926 66 81286 67 81646 67 82007 67 82368 66 82729 66 83090 65 83451 64 83812 63 84173 62 84534 62 84895 61 85256 59 85616 58 85977 56 86338 55 86699 53 87061 51 87422 49 87784 47 88145 45 88506 42 88867 40 89229 36 89590 34 89951 32 90312 29 90676 22 91042 10
70827e40a7155391984e56703c6df3392fb4a94bbd6c7008da6a6ca3244965d9,1 33 361 33 721 33 1081 33 1441 32 1801 32 2161 32 2521 31 2881 31 3241 30 3601 29 3961 28 4321 28 4681 27 5041 25 5401 24 5761 21 6121 20 6481 19 6841 18 7201 17 7561 16 7921 15 8281 13 8641 10 9001 8 9361 6 9721 5 10081 4 10441 2
70827e40a7155391984e56703c6df3392fb4a94bbd6c7008da6a6ca3244965d9,122898 10 123250 18 123609 21 123962 28 124321 25 124347 5 124679 33 125037 7 125045 27 125396 36 125755 39 126114 40 126473 41 126833 42 127193 42 127551 44 127911 45 128271 45 128630 46 128989 49 129349 49
70827e40a7155391984e56703c6df3392fb4a94bbd6c7008da6a6ca3244965d9,66921 2 67280 4 67640 4 68000 4 68360 5 68720 5 69081 4 69441 4 69802 2
70827e40a7155391984e56703c6df3392fb4a94bbd6c7008da6a6ca3244965d9,73441 2 73801 3 74161 3 74521 4 74881 4 75241 5 75601 5 75961 5 76321 5 76681 5 77041 5 77401 6 77761 6 78121 6 78481 7 78841 7 79201 7 79561 7 79921 8 80281 8 80641 8 81001 8 81361 7 81721 7 82081 7 82441 6 82801 6 83161 6 83521 5 83881 5 84241 4 84601 4 84961 3 85321 2
70827e40a7155391984e56703c6df3392fb4a94bbd6c7008da6a6ca3244965d9,94723 6 95080 12 95438 18 95797 23 96155 27 96514 31 96874 32 97233 34 97592 36 97951 38 98310 39 98670 39 99029 40 99388 41 99747 42 100107 42 100466 43 100826 43 101185 44 101544 45 101904 46 102264 46 102623 47 102983 47 103343 46 103703 46 104063 46 104422 47 104782 47 105142 47 105502 46 105861 47 106221 46 106581 45 106941 44 107301 43 107660 43 108020 42 108380 40 108741 38 109101 37 109461 36 109821 35 110182 33 110542 32 110902 32 111263 30 111623 29 111984 28 112345 26 112706 24 113067 23 113427 22 113788 20 114149 18 114510 16 114872 13 115233 10 115595 7
70827e40a7155391984e56703c6df3392fb4a94bbd6c7008da6a6ca3244965d9,112981 8 113336 16 113694 20 114053 22 114412 25 114772 26 115131 30 115491 31 115850 33 116210 33 116569 35 116929 36 117289 37 117649 38 118009 39 118369 39 118729 40 119088 42 119448 42 119808 42 120168 43 120528 43 120888 43 121248 43 121608 43 121968 44 122328 44 122689 43 123049 43 123409 43 123769 43 124129 43 124489 44 124849 44 125209 44 125569 44 125929 44 126289 43 126649 43 127009 43 127369 42 127730 41 128090 40 128450 40 128810 39 129170 39 129531 37
70827e40a7155391984e56703c6df3392fb4a94bbd6c7008da6a6ca3244965d9,115792 7 115803 4 116150 19 116509 22 116868 24 117227 25 117586 27 117946 29 118305 31 118665 31 119024 33 119384 33 119744 33 120104 34 120464 34 120824 35 121185 35 121545 37 121905 38 122265 41 122626 44 122987 48 123347 49 123708 49 124069 49 124431 48 124792 47 125154 46 125518 43 125881 40 126243 38 126605 37 126966 36 127327 36 127688 35 128049 35 128410 34 128771 34 129132 33 129493 32
70827e40a7155391984e56703c6df3392fb4a94bbd6c7008da6a6ca3244965d9,72535 10 72891 17 73249 21 73608 25 73967 30 74325 34 74684 36 75043 39 75403 41 75762 43 76121 45 76481 46 76840 48 77199 50 77559 51 77919 51 78278 53 78638 54 78998 54 79358 54 79718 54 80078 55 80438 55 80798 55 81158 56 81518 56 81878 56 82238 56 82599 54 82959 54 83320 53 83681 51 84041 51 84402 49 84764 47 85125 45 85487 42 85848 40 86210 36 86571 34 86933 31 87295 28 87658 23 88020 19 88383 10
70827e40a7155391984e56703c6df3392fb4a94bbd6c7008da6a6ca3244965d9,10897 3 11256 5 11615 7 11974 8 12334 8 12694 8 13054 8 13415 7 13776 5
70827e40a7155391984e56703c6df3392fb4a94bbd6c7008da6a6ca3244965d9,54001 5 54361 6 54721 11 55081 13 55441 20 55801 22 56161 24 56521 25 56881 27 57241 29 57601 30 57961 31 58321 33 58681 35 59041 36 59401 37 59761 38 60121 38 60481 39 60841 39 61201 40 61561 40 61921 40 62281 40 62641 40 63001 40 63361 40 63721 40 64081 40 64441 40 64801 40 65161 40 65521 40 65881 39 66241 39 66601 39 66961 38 67321 38 67681 38 68041 37 68401 36 68761 35 69121 35 69481 34 69841 33 70201 31 70561 29 70922 26 71284 21 71647 14
70827e40a7155391984e56703c6df3392fb4a94bbd6c7008da6a6ca3244965d9,45327 3 45684 13 46041 17 46398 23 46757 26 47116 29 47475 31 47834 32 48193 34 48552 36 48911 38 49271 39 49630 41 49990 42 50349 44 50709 45 51069 46 51429 46 51789 47 52149 47 52509 48 52869 48 53230 48 53590 48 53951 48 54311 48 54672 47 55033 46 55394 45 55754 45 56115 43 56476 42 56837 41 57198 39 57560 37 57921 35 58283 32 58644 30 59005 28 59366 26 59728 22 60090 19 60455 10
