708eb41a3fc8f2b6cd1f529cdf38dc4ad5d5f00ad30bdcba92884f37ff78d614,14152 5 14406 8 14660 11 14914 14 15169 16 15424 17 15679 18 15933 20 16188 21 16444 21 16700 21 16956 20 17213 18 17470 4
708eb41a3fc8f2b6cd1f529cdf38dc4ad5d5f00ad30bdcba92884f37ff78d614,64215 2 64470 4 64725 5 64980 6 65236 6 65491 7 65747 7 66003 7 66259 7 66514 8 66769 9 67024 10 67280 10 67536 10 67792 9 68048 9 68304 8 68561 6
708eb41a3fc8f2b6cd1f529cdf38dc4ad5d5f00ad30bdcba92884f37ff78d614,10721 5 10976 7 11230 9 11485 11 11739 14 11994 15 12247 18 12501 20 12757 20 13013 20 13269 20 13525 20 13780 20 14036 19 14292 19 14549 17 14806 16 15063 14 15320 12
708eb41a3fc8f2b6cd1f529cdf38dc4ad5d5f00ad30bdcba92884f37ff78d614,11261 4 11516 5 11771 6 12027 6 12282 7 12538 7 12794 7 13050 7 13306 7 13562 7 13818 7 14074 7 14330 7 14586 7 14842 7 15098 7 15354 7 15610 7 15866 7 16122 7 16378 7 16634 7 16890 7 17147 6 17403 6 17659 6 17915 6 18171 6 18428 5 18684 5 18940 5 19196 5 19453 4 19710 3
708eb41a3fc8f2b6cd1f529cdf38dc4ad5d5f00ad30bdcba92884f37ff78d614,34426 2 34680 5 34933 8 35188 8 35444 7 35699 7 35955 7 36210 7 36465 7 36719 8 36974 9 37229 9 37484 10 37739 10 37995 9 38250 10 38506 10 38762 10 39018 11 39274 11 39530 10 39786 9 40042 9 40298 8 40555 7 40811 7 41068 5 41325 2
708eb41a3fc8f2b6cd1f529cdf38dc4ad5d5f00ad30bdcba92884f37ff78d614,33833 5 34088 8 34343 10 34598 12 34854 12 35110 13 35366 13 35622 13 35878 13 36134 13 36390 13 36645 14 36901 14 37156 15 37412 15 37668 15 37924 15 38180 15 38436 14 38692 14 38948 14 39204 14 39461 12 39718 10 39975 8 40232 6
708eb41a3fc8f2b6cd1f529cdf38dc4ad5d5f00ad30bdcba92884f37ff78d614,68016 4 68268 10 68522 14 68776 16 69031 17 69287 17 69543 17 69798 18 70054 17 70310 16 70566 15 70823 13 71080 10
708eb41a3fc8f2b6cd1f529cdf38dc4ad5d5f00ad30bdcba92884f37ff78d614,28511 9 28765 13 29018 17 29270 22 29519 29 29774 30 30029 31 30284 31 30540 31 30796 31 31053 30 31310 28 31568 25 31833 13
708eb41a3fc8f2b6cd1f529cdf38dc4ad5d5f00ad30bdcba92884f37ff78d614,18872 2 19126 6 19378 13 19633 15 19888 20 20144 22 20400 23 20656 24 20912 25 21168 26 21425 26 21681 27 21938 27 22198 24 22455 23 22715 19 22979 12 23237 10 23495 8 23754 4
708eb41a3fc8f2b6cd1f529cdf38dc4ad5d5f00ad30bdcba92884f37ff78d614,46840 2 47092 7 47347 8 47602 10 47857 11 48112 12 48367 13 48622 14 48877 15 49130 17 49385 18 49640 19 49895 20 50150 21 50406 20 50661 20 50916 21 51172 20 51428 19 51684 18 51939 18 52195 17 52451 16 52707 14 52963 12 53220 8
708eb41a3fc8f2b6cd1f529cdf38dc4ad5d5f00ad30bdcba92884f37ff78d614,65005 7 65260 9 65515 11 65771 11 66027 11 66283 11 66539 11 66795 11 67051 11 67307 11 67562 11 67818 11 68073 12 68329 11 68584 12 68840 11 69096 11 69352 11 69608 11 69864 10 70120 10 70377 8 70634 5
708eb41a3fc8f2b6cd1f529cdf38dc4ad5d5f00ad30bdcba92884f37ff78d614,68085 8 68340 12 68596 13 68851 14 69107 14 69363 13 69619 12 69874 13 70130 13 70386 12 70642 12 70898 11 71154 10 71410 9 71666 9 71922 8 72179 6 72436 4 72693 2
708eb41a3fc8f2b6cd1f529cdf38dc4ad5d5f00ad30bdcba92884f37ff78d614,39860 11 40115 13 40371 14 40627 14 40883 15 41139 15 41395 15 41651 15 41907 15 42164 13 42421 11 42680 7
708eb41a3fc8f2b6cd1f529cdf38dc4ad5d5f00ad30bdcba92884f37ff78d614,148 11 403 13 659 14 915 15 1171 15 1427 15 1683 15 1939 16 2195 16 2451 17 2707 17 2963 18 3220 17 3476 17 3732 18 3988 18 4244 18 4501 5 4510 8 4767 7 5024 6 5281 4
708eb41a3fc8f2b6cd1f529cdf38dc4ad5d5f00ad30bdcba92884f37ff78d614,18631 4 18886 11 19142 14 19398 15 19654 16 19910 17 20166 19 20423 20 20680 21 20937 21 21194 21 21451 21 21708 21 21965 21 22222 21 22480 20 22737 19 22994 17 23254 12 23512 9
708eb41a3fc8f2b6cd1f529cdf38dc4ad5d5f00ad30bdcba92884f37ff78d614,38155 3 38410 5 38664 7 38919 8 39174 9 39429 10 39684 11 39939 12 40194 13 40449 14 40705 13 40961 13 41217 13 41473 13 41729 12 41985 12 42241 12 42497 12 42753 11 43009 11 43265 11 43521 10 43777 10 44033 9 44289 8 44545 8 44801 8 45057 7 45313 6 45569 5 45825 4 46081 3 46337 2 46593 1
708eb41a3fc8f2b6cd1f529cdf38dc4ad5d5f00ad30bdcba92884f37ff78d614,42839 7 43094 9 43349 10 43604 10 43860 9 44116 9 44372 8 44628 6 44884 5 45141 2
708eb41a3fc8f2b6cd1f529cdf38dc4ad5d5f00ad30bdcba92884f37ff78d614,43188 3 43443 7 43698 9 43954 10 44209 12 44465 13 44721 14 44977 14 45233 14 45489 15 45745 15 46001 16 46257 16 46514 15 46770 15 47027 14 47284 13 47541 12 47798 10 48054 10 48311 9 48568 7 48825 5
708eb41a3fc8f2b6cd1f529cdf38dc4ad5d5f00ad30bdcba92884f37ff78d614,73956 6 74208 13 74463 15 74718 16 74974 17 75229 18 75484 19 75739 20 75994 21 76250 21 76505 22 76761 22 77017 21 77273 20 77529 19 77786 17 78044 10
708eb41a3fc8f2b6cd1f529cdf38dc4ad5d5f00ad30bdcba92884f37ff78d614,70335 9 70584 17 70839 19 71093 21 71348 22 71603 23 71859 22 72115 22 72371 21 72627 20 72883 19 73140 17 73396 16 73653 14
708eb41a3fc8f2b6cd1f529cdf38dc4ad5d5f00ad30bdcba92884f37ff78d614,35721 5 35975 8 36229 10 36481 14 36736 15 36990 17 37245 18 37500 19 37755 19 38010 20 38265 20 38520 19 38775 19 39030 19 39285 19 39540 19 39795 19 40051 17 40306 17 40562 16 40818 15 41074 13 41331 10
708eb41a3fc8f2b6cd1f529cdf38dc4ad5d5f00ad30bdcba92884f37ff78d614,54724 9 54979 11 55235 12 55491 12 55748 11 56006 9 56263 8 56520 7 56777 5 57033 5 57289 5 57544 5 57800 5 58055 5 58310 6 58566 5 58821 5 59076 5 59332 4 59587 4 59842 4 60097 4 60352 4 60606 5 60860 5 61114 5 61369 5 61626 2
708eb41a3fc8f2b6cd1f529cdf38dc4ad5d5f00ad30bdcba92884f37ff78d614,13942 4 14197 9 14452 12 14707 15 14962 18 15218 20 15474 21 15730 22 15986 23 16243 23 16499 23 16756 22 17013 20 17271 17 17529 14 17790 7
708eb41a3fc8f2b6cd1f529cdf38dc4ad5d5f00ad30bdcba92884f37ff78d614,36328 17 36581 22 36835 26 37090 28 37345 29 37601 29 37857 29 38113 29 38369 29 38626 28 38882 27 39138 25 39395 23 39652 18 39908 16 40165 12
708eb41a3fc8f2b6cd1f529cdf38dc4ad5d5f00ad30bdcba92884f37ff78d614,49080 5 49332 10 49587 11 49842 12 50098 12 50353 13 50608 14 50864 14 51120 14 51376 14 51632 14 51888 13 52145 12 52401 12 52658 10 52914 10 53170 9 53426 8 53683 7 53939 6 54196 4
708eb41a3fc8f2b6cd1f529cdf38dc4ad5d5f00ad30bdcba92884f37ff78d614,54486 6 54740 9 54995 11 55251 11 55507 11 55763 11 56019 11 56275 10 56531 10 56786 11 57042 10 57298 10 57553 10 57809 9 58065 7 58322 5
708eb41a3fc8f2b6cd1f529cdf38dc4ad5d5f00ad30bdcba92884f37ff78d614,45319 1 45574 3 45829 4 46084 5 46339 6 46594 7 46849 8 47105 8 47361 8 47617 8 47873 8 48129 7 48385 7 48641 6 48897 6 49153 6 49409 6 49665 5 49922 3
708eb41a3fc8f2b6cd1f529cdf38dc4ad5d5f00ad30bdcba92884f37ff78d614,10912 3 11167 5 11417 11 11672 12 11928 12 12185 10 12442 8 12700 5
708eb41a3fc8f2b6cd1f529cdf38dc4ad5d5f00ad30bdcba92884f37ff78d614,100 7 356 7 612 7 869 6 1126 5 1382 5 1638 5 1894 5 2150 5 2406 5 2662 5 2918 6 3174 6 3430 6 3686 6 3942 6 4198 6 4454 6 4710 6 4966 6 5222 6 5478 6 5735 5 5991 5 6247 5 6504 4 6761 2
708eb41a3fc8f2b6cd1f529cdf38dc4ad5d5f00ad30bdcba92884f37ff78d614,13295 4 13550 8 13806 9 14062 9 14318 9 14574 9 14831 8 15088 7 15344 7 15600 7 15856 7 16112 7 16368 7 16624 7 16880 8 17136 8 17392 9 17648 9 17904 9 18160 9 18416 9 18672 9 18928 9 19185 8 19441 9 19697 9 19953 9 20210 8 20467 8 20723 8 20980 6 21237 4 21495 1
708eb41a3fc8f2b6cd1f529cdf38dc4ad5d5f00ad30bdcba92884f37ff78d614,123 12 379 12 635 12 891 12 1146 13 1402 13 1658 13 1914 13 2170 12 2427 10 2683 8 2939 7 3196 5 3453 4 3711 1
708eb41a3fc8f2b6cd1f529cdf38dc4ad5d5f00ad30bdcba92884f37ff78d614,57339 2 57593 6 57848 9 58103 10 58359 10 58615 10 58871 10 59127 10 59383 10 59639 10 59895 10 60152 9 60408 9 60665 8 60922 7 61179 6 61437 4
708eb41a3fc8f2b6cd1f529cdf38dc4ad5d5f00ad30bdcba92884f37ff78d614,37271 11 37526 14 37781 16 38034 21 38288 24 38543 26 38798 27 39053 28 39308 29 39564 29 39820 28 40076 25 40332 19 40589 6
708eb41a3fc8f2b6cd1f529cdf38dc4ad5d5f00ad30bdcba92884f37ff78d614,40919 7 41174 9 41430 10 41686 11 41941 12 42196 13 42452 13 42708 13 42964 13 43220 13 43476 13 43733 11 43989 11 44246 9 44502 9 44759 8 45016 6 45273 4
708eb41a3fc8f2b6cd1f529cdf38dc4ad5d5f00ad30bdcba92884f37ff78d614,420 7 675 9 930 11 1186 11 1442 11 1698 11 1955 10 2211 10 2468 9 2724 10 2981 8 3237 8 3493 7 3750 6 4006 5 4262 5 4518 5 4774 4 5030 4 5285 5 5539 7 5795 6 6051 6 6308 5 6564 5 6821 3 7077 3 7333 3 7589 4 7845 4 8101 4 8358 3
708eb41a3fc8f2b6cd1f529cdf38dc4ad5d5f00ad30bdcba92884f37ff78d614,4506 4 4760 7 5015 9 5270 11 5526 13 5782 13 6037 14 6293 15 6548 16 6804 17 7060 17 7316 17 7572 17 7828 17 8084 17 8340 17 8597 16 8853 16 9109 16 9365 16 9622 14 9878 14 10134 13 10391 12 10647 11 10904 8 11161 6
708eb41a3fc8f2b6cd1f529cdf38dc4ad5d5f00ad30bdcba92884f37ff78d614,25884 5 26138 9 26393 11 26648 12 26903 13 27158 14 27414 14 27670 13 27927 11 28184 9 28441 8 28698 6 28954 5 29211 3
708eb41a3fc8f2b6cd1f529cdf38dc4ad5d5f00ad30bdcba92884f37ff78d614,78844 2 79099 4 79354 6 79610 7 79866 7 80122 7 80378 7 80634 7 80890 7 81146 7 81402 7 81659 6 81915 6
708eb41a3fc8f2b6cd1f529cdf38dc4ad5d5f00ad30bdcba92884f37ff78d614,339 2 593 6 848 9 1104 10 1360 11 1615 12 1870 13 2126 13 2382 13 2638 13 2894 13 3150 13 3406 13 3662 13 3918 13 4174 12 4430 11 4686 10 4942 8 5198 7 5455 2
708eb41a3fc8f2b6cd1f529cdf38dc4ad5d5f00ad30bdcba92884f37ff78d614,17689 2 17944 5 18196 13 18449 17 18704 18 18959 19 19215 18 19472 14 19729 11 19986 6 20243 4
708eb41a3fc8f2b6cd1f529cdf38dc4ad5d5f00ad30bdcba92884f37ff78d614,13316 3 13571 5 13826 6 14081 7 14337 7 14593 7 14849 7 15105 7 15361 7 15617 6 15873 5 16129 2 16385 1
708eb41a3fc8f2b6cd1f529cdf38dc4ad5d5f00ad30bdcba92884f37ff78d614,4400 6 4655 8 4910 10 5165 12 5421 12 5676 14 5932 14 6187 15 6443 15 6699 15 6955 15 7211 15 7467 15 7723 14 7979 14 8236 13
708eb41a3fc8f2b6cd1f529cdf38dc4ad5d5f00ad30bdcba92884f37ff78d614,5656 3 5910 6 6165 7 6420 8 6675 9 6930 10 7186 10 7441 10 7696 11 7952 10 8207 11 8463 11 8718 12 8974 11 9230 11 9486 10 9741 11 9997 10 10253 10 10508 10 10764 10 11019 10 11275 10 11531 9 11787 8 12043 7 12300 3
708eb41a3fc8f2b6cd1f529cdf38dc4ad5d5f00ad30bdcba92884f37ff78d614,61900 10 62154 13 62406 17 62660 19 62915 20 63170 21 63425 22 63680 22 63935 22 64190 22 64445 22 64700 22 64956 21 65212 19 65468 18 65724 17 65981 15 66237 13 66494 10
708eb41a3fc8f2b6cd1f529cdf38dc4ad5d5f00ad30bdcba92884f37ff78d614,23868 6 24121 13 24374 17 24630 17 24885 18 25140 18 25396 17 25652 13 25909 10 26166 4
708eb41a3fc8f2b6cd1f529cdf38dc4ad5d5f00ad30bdcba92884f37ff78d614,55224 7 55478 13 55733 15 55988 18 56243 20 56498 22 56753 24 57008 25 57263 26 57518 26 57774 26 58029 26 58284 26 58540 26 58795 26 59051 25 59306 26 59562 25 59818 24 60074 23 60330 22 60586 20 60842 18 61099 15 61356 13 61613 6
708eb41a3fc8f2b6cd1f529cdf38dc4ad5d5f00ad30bdcba92884f37ff78d614,27041 4 27296 9 27552 10 27808 13 28064 14 28320 14 28575 16 28831 16 29087 17 29343 17 29599 18 29856 17 30112 17 30368 18 30625 17 30881 17 31137 17 31394 17 31651 16 31908 15 32165 14 32422 12 32679 11 32936 10 33193 9 33450 7 33707 6 33964 5 34221 3
708eb41a3fc8f2b6cd1f529cdf38dc4ad5d5f00ad30bdcba92884f37ff78d614,21888 8 22143 10 22398 13 22654 15 22910 16 23166 17 23423 16 23679 17 23936 16 24193 16 24451 15 24708 14 24965 13 25222 11 25482 3
708eb41a3fc8f2b6cd1f529cdf38dc4ad5d5f00ad30bdcba92884f37ff78d614,3659 2 3913 5 4168 6 4423 7 4679 7 4935 7 5191 7 5448 7 5457 4 5704 13 5960 13 6216 13 6472 13 6728 13 6985 12 7241 12 7497 12 7754 11 8011 10 8267 10 8523 9 8780 8 9036 8 9292 8 9548 8 9805 7 10062 5
708eb41a3fc8f2b6cd1f529cdf38dc4ad5d5f00ad30bdcba92884f37ff78d614,40867 10 41121 14 41368 24 41623 26 41878 27 42134 27 42391 26 42651 21 42908 19 43168 13
708eb41a3fc8f2b6cd1f529cdf38dc4ad5d5f00ad30bdcba92884f37ff78d614,30993 8 31246 12 31500 14 31754 16 32009 17 32265 17 32521 17 32778 15 33035 13 33291 13 33548 11 33804 10 34060 9 34316 8 34573 5
708eb41a3fc8f2b6cd1f529cdf38dc4ad5d5f00ad30bdcba92884f37ff78d614,26435 8 26690 10 26940 16 27195 17 27450 18 27705 18 27960 18 28215 18 28471 18 28726 18 28982 18 29238 17 29493 17 29749 16 30005 15 30261 13 30518 9
708eb41a3fc8f2b6cd1f529cdf38dc4ad5d5f00ad30bdcba92884f37ff78d614,107 16 363 16 619 16 875 16 1131 15 1387 15 1643 15 1899 15 2155 15 2411 14 2667 13 2924 12 3180 12 3436 12 3692 12 3949 11 4206 10 4462 9 4718 9 4975 8 5231 8 5488 6 5745 4
708eb41a3fc8f2b6cd1f529cdf38dc4ad5d5f00ad30bdcba92884f37ff78d614,22806 2 23058 7 23312 9 23567 10 23823 9 24079 8 24336 6 24593 3
708eb41a3fc8f2b6cd1f529cdf38dc4ad5d5f00ad30bdcba92884f37ff78d614,33854 3 34109 6 34364 8 34620 9 34875 10 35131 11 35386 12 35641 13 35896 14 36152 14 36408 14 36663 15 36919 15 37175 14 37431 13 37686 14 37942 13 38198 13 38454 13 38710 12 38966 12 39223 11 39479 10 39736 8 39992 7 40249 5
708eb41a3fc8f2b6cd1f529cdf38dc4ad5d5f00ad30bdcba92884f37ff78d614,65208 4 65463 5 65718 6 65973 8 66228 9 66483 11 66738 21 66994 21 67250 21 67506 20 67763 18 68020 14 68278 7
708eb41a3fc8f2b6cd1f529cdf38dc4ad5d5f00ad30bdcba92884f37ff78d614,95 5 350 6 606 6 862 7 1118 8 1374 8 1630 8 1886 8 2142 8 2399 7 2655 7 2911 7 3167 6 3422 6 3677 7 3933 7 4189 6 4445 5 4701 5 4958 3
708eb41a3fc8f2b6cd1f529cdf38dc4ad5d5f00ad30bdcba92884f37ff78d614,80854 4 81109 6 81363 8 81618 9 81874 9
708eb41a3fc8f2b6cd1f529cdf38dc4ad5d5f00ad30bdcba92884f37ff78d614,6074 3 6329 5 6584 7 6839 9 7095 11 7351 12 7607 13 7863 14 8119 14 8375 14 8631 14 8887 14 9143 14 9399 14 9655 14 9911 13 10167 13 10423 13 10679 13 10936 11 11192 11 11449 9 11705 9 11962 6 12219 4
708eb41a3fc8f2b6cd1f529cdf38dc4ad5d5f00ad30bdcba92884f37ff78d614,4731 3 4986 5 5242 8 5498 8 5754 9 6010 9 6266 10 6522 10 6779 10 7035 10 7291 10 7548 9 7804 9 8060 9 8316 9 8573 8 8830 7 9087 5
708eb41a3fc8f2b6cd1f529cdf38dc4ad5d5f00ad30bdcba92884f37ff78d614,65 14 320 15 576 15 832 15 1088 15 1344 14 1600 14 1856 13 2112 11 2368 10 2625 9 2881 8 3137 7 3393 6
708eb41a3fc8f2b6cd1f529cdf38dc4ad5d5f00ad30bdcba92884f37ff78d614,49093 4 49348 6 49603 8 49859 8 50114 9 50370 9 50626 8 50882 7 51138 6 51395 4
708eb41a3fc8f2b6cd1f529cdf38dc4ad5d5f00ad30bdcba92884f37ff78d614,135 8 391 8 647 8 903 8 1159 8 1415 7 1671 7 1927 6 2183 5 2439 4 2695 3
708eb41a3fc8f2b6cd1f529cdf38dc4ad5d5f00ad30bdcba92884f37ff78d614,74177 3 74432 5 74684 9 74938 11 75192 12 75447 12 75702 12 75957 12 76213 11 76468 12 76723 12 76978 12 77233 12 77489 11 77744 11 77999 11 78254 11 78510 10 78766 9 79022 8 79277 8 79533 7 79788 7 80044 6 80300 5 80556 4 80813 2
708eb41a3fc8f2b6cd1f529cdf38dc4ad5d5f00ad30bdcba92884f37ff78d614,33923 4 34175 10 34430 12 34685 13 34941 13 35196 14 35451 15 35706 15 35962 13 36217 12 36472 9 36727 9 36983 7 37238 7 37494 6 37749 6 38004 6 38260 5 38516 4 38772 3 39029 1
708eb41a3fc8f2b6cd1f529cdf38dc4ad5d5f00ad30bdcba92884f37ff78d614,29 7 284 8 539 9 795 9 1051 9 1307 9 1562 10 1818 9 2073 10 2329 9 2585 8 2841 7 3097 7 3353 6 3608 6 3864 6 4120 6 4376 6 4632 5 4888 4 5145 2
708eb41a3fc8f2b6cd1f529cdf38dc4ad5d5f00ad30bdcba92884f37ff78d614,36777 5 37032 9 37288 10 37544 10 37801 9 38058 8 38315 7 38571 7 38828 6 39084 6 39341 4
708eb41a3fc8f2b6cd1f529cdf38dc4ad5d5f00ad30bdcba92884f37ff78d614,26116 3 26369 10 26625 11 26881 11 27137 10 27393 8 27649 7 27905 6 28161 4 28417 2 28673 1
708eb41a3fc8f2b6cd1f529cdf38dc4ad5d5f00ad30bdcba92884f37ff78d614,30672 8 30927 10 31181 12 31436 14 31692 14 31947 15 32202 16 32457 17 32712 18 32968 18 33224 18 33479 18 33734 19 33989 20 34245 20 34501 19 34757 19 35014 17 35270 17 35527 15 35784 13
708eb41a3fc8f2b6cd1f529cdf38dc4ad5d5f00ad30bdcba92884f37ff78d614,74199 6 74454 8 74709 9 74964 10 75219 10 75475 9 75730 9 75986 8 76242 8 76498 7 76754 7 77010 7 77267 6 77524 5 77781 2
708eb41a3fc8f2b6cd1f529cdf38dc4ad5d5f00ad30bdcba92884f37ff78d614,2691 4 2946 8 3201 10 3457 11 3712 13 3968 14 4224 15 4480 15 4736 15 4993 14 5250 13 5506 13 5763 12 6019 12 6276 11 6532 11 6789 10 7045 10 7301 10 7557 10 7813 10 8069 10 8325 10 8582 9 8839 7
708eb41a3fc8f2b6cd1f529cdf38dc4ad5d5f00ad30bdcba92884f37ff78d614,22824 13 23078 18 23333 20 23588 21 23844 20 24100 19 24356 15 24613 12 24870 7
708eb41a3fc8f2b6cd1f529cdf38dc4ad5d5f00ad30bdcba92884f37ff78d614,12622 9 12877 12 13133 13 13390 13 13647 13 13904 12 14161 10 14417 6 14673 5 14930 2
708eb41a3fc8f2b6cd1f529cdf38dc4ad5d5f00ad30bdcba92884f37ff78d614,1714 4 1969 6 2224 7 2479 8 2734 9 2989 10 3245 10 3500 11 3756 11 4011 12 4267 12 4523 12 4778 13 5034 13 5290 13 5546 13 5801 14 6057 14 6313 14 6569 14 6824 15 7080 15 7336 15 7593 14 7849 14 8105 14 8361 14 8616 15 8872 15 9128 15 9385 14 9641 14 9898 13 10154 13 10410 13 10667 12 10924 10 11181 9 11438 8 11695 6 11952 4 12209 2
708eb41a3fc8f2b6cd1f529cdf38dc4ad5d5f00ad30bdcba92884f37ff78d614,41959 4 42214 8 42469 11 42725 12 42980 14 43236 14 43492 14 43748 14 44004 13 44260 12 44517 10 44774 8 45030 6 45286 5 45543 3
708eb41a3fc8f2b6cd1f529cdf38dc4ad5d5f00ad30bdcba92884f37ff78d614,36553 3 36807 9 37061 12 37315 15 37570 17 37826 18 38082 18 38338 18 38594 18 38850 18 39106 18 39362 18 39618 18 39874 18 40130 17 40387 15 40644 13 40902 9
708eb41a3fc8f2b6cd1f529cdf38dc4ad5d5f00ad30bdcba92884f37ff78d614,20327 7 20582 9 20837 10 21092 11 21348 10 21604 10 21860 9 22116 8 22372 8 22628 7 22885 6 23142 5 23399 3
708eb41a3fc8f2b6cd1f529cdf38dc4ad5d5f00ad30bdcba92884f37ff78d614,19871 2 20126 7 20382 13 20638 14 20894 17 21150 18 21406 19 21662 19 21918 20 22175 20 22432 19 22688 20 22944 20 23200 20 23456 19 23713 10 23970 7
708eb41a3fc8f2b6cd1f529cdf38dc4ad5d5f00ad30bdcba92884f37ff78d614,33611 9 33866 11 34122 13 34378 14 34633 16 34888 18 35144 19 35399 20 35654 21 35910 21 36166 21 36422 21 36678 21 36934 21 37190 20 37446 20 37702 20 37958 19 38214 19 38470 18 38726 18 38982 17 39238 17 39495 15 39751 14 40008 12 40265 10 40523 6
708eb41a3fc8f2b6cd1f529cdf38dc4ad5d5f00ad30bdcba92884f37ff78d614,28292 12 28535 26 28790 28 29046 28 29302 28 29558 28 29815 27 30072 25 30333 15
708eb41a3fc8f2b6cd1f529cdf38dc4ad5d5f00ad30bdcba92884f37ff78d614,36638 3 36893 5 37148 6 37403 7 37658 8 37914 8 38169 9 38424 10 38680 10 38935 10 39190 11 39445 12 39701 11 39956 12 40212 11 40468 11 40724 10 40980 10 41236 9 41492 8 41749 6
708eb41a3fc8f2b6cd1f529cdf38dc4ad5d5f00ad30bdcba92884f37ff78d614,604 2 859 3 1115 3 1371 3 1627 3 1883 3 2139 3 2395 4 2651 4 2907 4 3163 4 3419 3 3675 2
708eb41a3fc8f2b6cd1f529cdf38dc4ad5d5f00ad30bdcba92884f37ff78d614,9511 4 9767 7 10023 8 10279 9 10535 9 10791 10 11047 10 11303 10 11559 10 11815 9 12070 9 12325 9 12581 7 12837 6 13094 4
708eb41a3fc8f2b6cd1f529cdf38dc4ad5d5f00ad30bdcba92884f37ff78d614,36708 6 36963 8 37217 10 37472 11 37728 11 37983 12 38239 11 38495 11 38751 11 39007 11 39262 12 39518 12 39774 12 40030 12 40286 12 40542 11 40799 2 40805 3
708eb41a3fc8f2b6cd1f529cdf38dc4ad5d5f00ad30bdcba92884f37ff78d614,8965 4 9220 6 9474 8 9729 9 9985 9 10241 9 10497 8 10753 8 11009 8 11265 7 11521 7 11777 7 12033 7 12289 6 12545 5 12801 5 13057 4 13313 3 13569 2 13825 1
708eb41a3fc8f2b6cd1f529cdf38dc4ad5d5f00ad30bdcba92884f37ff78d614,15147 8 15402 10 15658 11 15914 11 16170 10 16426 9 16683 7 16940 6 17197 5 17454 4 17711 2
708eb41a3fc8f2b6cd1f529cdf38dc4ad5d5f00ad30bdcba92884f37ff78d614,13261 5 13515 8 13770 10 14026 10 14282 10 14538 11 14794 12 15051 12 15307 13 15564 13 15820 14 16076 15 16333 15 16590 15 16847 15 17103 16 17360 16 17617 16 17874 15 18131 14 18390 11 18647 10 18905 8 19164 4
708eb41a3fc8f2b6cd1f529cdf38dc4ad5d5f00ad30bdcba92884f37ff78d614,2090 7 2345 9 2601 9 2856 10 3111 11 3367 11 3623 11 3878 11 4134 11 4390 10 4646 9 4902 8 5159 6 5416 5 5672 4 5928 4 6185 2
708eb41a3fc8f2b6cd1f529cdf38dc4ad5d5f00ad30bdcba92884f37ff78d614,28078 6 28334 7 28591 7 28847 8 29104 8 29360 9 29617 8 29873 8 30129 8 30386 7 30642 7 30900 5 31157 3
708eb41a3fc8f2b6cd1f529cdf38dc4ad5d5f00ad30bdcba92884f37ff78d614,8988 8 9243 11 9499 12 9755 12 10010 13 10265 14 10521 14 10776 15 11032 15 11287 16 11543 16 11799 16 12055 15 12311 14 12567 14 12823 13 13079 12 13335 11 13592 9 13850 5
708eb41a3fc8f2b6cd1f529cdf38dc4ad5d5f00ad30bdcba92884f37ff78d614,4152 8 4407 10 4663 11 4920 11 5177 10 5433 11 5690 10 5946 10 6202 11 6458 11 6714 11 6970 11 7226 11 7482 11 7737 12 7993 11 8249 11 8505 10 8761 9 9018 6
708eb41a3fc8f2b6cd1f529cdf38dc4ad5d5f00ad30bdcba92884f37ff78d614,20476 3 20731 6 20986 7 21241 8 21496 9 21751 10 22007 10 22262 11 22517 12 22773 12 23029 12 23285 12 23541 12 23797 12 24053 12 24310 11 24566 11 24822 11 25079 10 25336 9 25593 8 25852 5 26109 4
708eb41a3fc8f2b6cd1f529cdf38dc4ad5d5f00ad30bdcba92884f37ff78d614,9413 4 9669 9 9924 11 10180 14 10436 15 10692 16 10947 18 11203 18 11458 19 11714 19 11970 19 12226 19 12483 18 12739 17 12996 14 13253 8 13510 5
708eb41a3fc8f2b6cd1f529cdf38dc4ad5d5f00ad30bdcba92884f37ff78d614,14572 2 14827 4 15082 6 15337 7 15592 8 15848 8 16103 9 16359 9 16614 10 16870 10 17126 10 17382 10 17638 10 17894 10 18151 9 18407 9 18664 8 18920 8 19176 9 19433 8 19689 8 19946 7 20202 6 20459 4
708eb41a3fc8f2b6cd1f529cdf38dc4ad5d5f00ad30bdcba92884f37ff78d614,56 9 312 8 568 8 824 8 1080 8 1336 8 1592 8 1848 8 2104 8 2360 8 2616 9 2872 9 3128 9 3385 8
708eb41a3fc8f2b6cd1f529cdf38dc4ad5d5f00ad30bdcba92884f37ff78d614,26058 7 26313 11 26568 13 26823 15 27078 16 27333 17 27588 18 27844 18 28099 19 28354 19 28609 20 28864 21 29120 21 29376 20 29632 20 29888 19 30145 17 30405 12
708eb41a3fc8f2b6cd1f529cdf38dc4ad5d5f00ad30bdcba92884f37ff78d614,5156 3 5410 6 5665 7 5920 8 6175 10 6430 11 6686 11 6942 11 7198 11 7454 11 7710 11 7966 11 8222 11 8477 12 8733 12 8996 5 9254 2
