709e094e39629a9ca21e187f007b331074694e443db40289447c1111f7e267e7,59649 4 59905 5 60161 6 60417 7 60673 8 60929 9 61185 10 61441 11 61697 11 61953 12 62209 12 62465 12 62721 13 62977 13 63233 14 63489 14 63745 14 64001 14 64257 14 64513 14 64769 14 65025 14 65281 13 65537 13 65793 12 66049 12 66305 12 66562 11 66819 9 67077 6
709e094e39629a9ca21e187f007b331074694e443db40289447c1111f7e267e7,39033 5 39287 8 39542 10 39797 12 40053 13 40309 13 40565 14 40820 15 41076 16 41331 18 41586 20 41842 21 42098 21 42354 22 42610 22 42866 23 43122 23 43378 23 43634 23 43890 24 44146 24 44402 24 44658 24 44914 25 45170 25 45426 26 45682 26 45938 27 46194 27 46450 28 46706 28 46962 28 47218 29 47474 30 47731 29 47987 29 48243 29 48500 28 48756 28 49012 29 49268 30 49524 30 49780 31 50036 31 50292 31 50548 32 50804 32 51061 31 51317 32 51573 32 51829 32 52086 31 52342 31 52598 31 52854 31 53110 32 53367 31 53623 31 53880 31 54136 31 54392 32 54648 32 54905 31 55161 31 55418 31 55674 31 55930 31 56187 30 56444 29 56700 29 56957 28 57213 27 57470 26 57727 25 57984 23 58241 21 58498 19 58755 16 59013 10
709e094e39629a9ca21e187f007b331074694e443db40289447c1111f7e267e7,47138 2 47387 11 47642 13 47897 16 48152 18 48408 21 48664 22 48920 22 49175 24 49431 25 49687 25 49943 26 50199 27 50456 27 50712 28 50968 28 51225 28 51481 28 51737 29 51993 30 52250 30 52506 31 52761 33 53017 33 53272 35 53528 35 53784 36 54040 37 54296 37 54553 36 54809 36 55065 36 55322 35 55578 35 55835 34 56091 34 56347 35 56604 34 56861 33 57118 32 57375 30 57632 29 57890 27 58147 26 58404 25 58660 26 58917 26 59174 26 59431 26 59689 25 59946 25 60202 25 60458 25 60714 25 60971 24 61229 21 61486 19 61743 13
709e094e39629a9ca21e187f007b331074694e443db40289447c1111f7e267e7,45311 2 45566 3 45821 4 46076 5 46332 5 46587 6 46842 7 47098 7 47353 8 47609 8 47864 9 48120 9 48376 9 48632 9 48888 9 49144 9 49400 9 49656 9 49912 9 50168 9 50425 8 50681 8 50938 7 51194 7 51451 6 51707 6 51964 5 52220 5 52477 4 52733 4 52990 3 53246 3 53503 2
709e094e39629a9ca21e187f007b331074694e443db40289447c1111f7e267e7,18752 4 19007 6 19262 8 19518 9 19773 11 20029 11 20284 12 20539 13 20794 15 21049 16 21304 18 21559 19 21814 21 22070 22 22326 23 22581 24 22837 25 23093 26 23349 27 23605 28 23861 28 24117 29 24374 28 24630 29 24886 29 25142 29 25398 29 25655 28 25911 29 26167 29 26424 29 26680 29 26935 30 27191 31 27448 30 27704 31 27960 31 28217 30 28473 30 28729 31 28986 30 29243 29 29500 27 29757 26 30013 26 30270 25 30526 25 30782 25 31039 24 31295 24 31551 24 31808 22 32064 22 32321 20 32577 19 32834 18 33091 16 33348 15 33605 14 33865 8 34122 4 34380 1
709e094e39629a9ca21e187f007b331074694e443db40289447c1111f7e267e7,14849 4 15105 5 15361 5 15617 6 15873 6 16129 7 16385 8 16641 8 16897 9 17153 9 17409 10 17665 12 17921 13 18177 14 18433 14 18689 14 18945 15 19201 15 19457 15 19713 16 19969 16 20225 17 20481 17 20737 17 20993 18 21249 18 21505 19 21761 19 22017 19 22273 19 22529 20 22785 20 23041 20 23297 20 23553 21 23809 21 24065 21 24321 21 24577 21 24833 21 25089 21 25345 21 25601 21 25857 22 26113 22 26369 22 26625 22 26881 21 27137 21 27393 21 27649 21 27905 20 28161 20 28428 8 28688 4 28946 2
709e094e39629a9ca21e187f007b331074694e443db40289447c1111f7e267e7,28417 11 28673 15 28929 17 29185 19 29441 21 29697 23 29953 25 30209 26 30465 26 30721 27 30977 27 31233 27 31489 28 31745 29 32001 29 32257 30 32513 30 32769 30 33025 30 33281 31 33537 31 33793 31 34049 32 34305 32 34561 33 34817 33 35073 34 35329 35 35585 35 35841 36 36097 37 36353 37 36609 37 36866 37 37123 36 37379 37 37636 36 37893 35 38149 35 38406 35 38662 35 38918 36 39175 35 39432 34 39689 34 39946 33 40202 33 40459 32 40716 31 40972 31 41229 31 41485 32 41741 32 41998 32 42256 30 42513 29 42770 28 43027 27 43285 25 43542 23 43799 20 44055 19 44312 18 44570 15 44830 9
709e094e39629a9ca21e187f007b331074694e443db40289447c1111f7e267e7,29322 6 29577 8 29832 11 30086 14 30341 15 30597 15 30853 15 31109 16 31365 17 31620 18 31876 19 32132 19 32388 20 32644 20 32900 20 33156 20 33412 20 33668 20 33925 19 34181 19 34437 19 34694 18 34950 18 35207 17 35463 17 35720 16 35976 15 36233 14 36490 13 36747 11 37004 9
709e094e39629a9ca21e187f007b331074694e443db40289447c1111f7e267e7,28585 5 28836 14 29091 17 29346 19 29601 21 29856 23 30111 25 30367 26 30623 26 30879 27 31135 27 31391 28 31646 30 31902 31 32158 31 32414 32 32670 33 32926 33 33182 34 33438 34 33694 34 33950 34 34206 35 34462 35 34719 35 34975 35 35231 35 35487 35 35743 35 35999 35 36255 35 36511 35 36767 34 37023 34 37279 34 37536 33 37792 33 38048 32 38304 32 38561 31 38817 31 39073 31 39330 30 39586 30 39843 29 40100 28 40356 28 40613 27 40870 26 41127 25 41384 23 41641 22 41897 22 42154 21 42411 20 42668 19 42925 17 43182 16 43439 15 43696 14 43953 12 44211 9 44472 3
709e094e39629a9ca21e187f007b331074694e443db40289447c1111f7e267e7,76514 4 76768 8 77022 11 77277 13 77532 15 77787 17 78041 20 78296 22 78552 24 78808 25 79064 26 79320 27 79577 27 79833 27 80090 26 80347 25 80603 26 80859 26 81115 27 81371 28 81627 29 81883 29
709e094e39629a9ca21e187f007b331074694e443db40289447c1111f7e267e7,88 15 344 15 600 15 856 15 1112 15 1368 15 1624 15 1879 17 2133 19 2388 20 2643 21 2899 21 3155 22 3411 22 3666 23 3922 24 4178 24 4434 24 4690 24 4946 25 5202 25 5458 25 5714 25 5970 26 6226 26 6482 27 6739 26 6995 27 7251 27 7508 26 7764 26 8020 26 8276 26 8533 25 8790 24 9047 23 9304 22 9560 22 9816 21 10072 21 10328 21 10584 21 10841 20 11099 17 11357 14 11614 12 11872 8 12129 6 12387 3
709e094e39629a9ca21e187f007b331074694e443db40289447c1111f7e267e7,66331 3 66585 7 66839 10 67093 13 67348 15 67603 17 67858 19 68114 19 68369 20 68624 22 68880 22 69136 22 69391 24 69647 24 69903 24 70159 24 70415 24 70671 23 70928 22 71184 22 71440 22 71696 22 71952 22 72208 21 72465 19 72721 19 72977 19 73232 21 73488 21 73744 22 74001 21 74257 21 74512 22 74768 22 75024 22 75279 23 75535 23 75790 24 76046 25 76302 25 76558 26 76814 26 77070 26 77326 27 77582 27 77838 27 78094 27 78350 27 78606 27 78862 26 79118 25 79375 24 79631 23 79887 21 80144 19 80400 19 80656 18 80913 17 81169 17 81426 16 81682 16
709e094e39629a9ca21e187f007b331074694e443db40289447c1111f7e267e7,69184 17 69438 21 69693 23 69949 25 70204 27 70460 27 70715 28 70971 29 71226 30 71482 31 71738 32 71993 34 72249 34 72505 34 72761 34 73017 35 73273 35 73529 35 73786 35 74042 36 74299 36 74555 37 74812 37 75068 37 75324 37 75580 38 75835 40 76091 40 76347 40 76603 40 76860 39 77116 39 77373 38 77630 37 77886 38 78143 37 78400 36 78657 36 78913 36 79170 35 79427 34 79683 34 79940 33 80196 33 80453 32 80710 31 80967 30 81223 30 81480 29 81737 28
709e094e39629a9ca21e187f007b331074694e443db40289447c1111f7e267e7,80534 5 80788 8 81043 9 81298 11 81553 13 81808 14
709e094e39629a9ca21e187f007b331074694e443db40289447c1111f7e267e7,12568 14 12823 20 13079 21 13335 21 13590 22 13846 22 14102 22 14358 22 14615 20 14873 17 15130 16 15388 13
709e094e39629a9ca21e187f007b331074694e443db40289447c1111f7e267e7,12245 8 12500 10 12756 11 13011 14 13266 17 13521 20 13776 25 14031 28 14286 30 14542 31 14798 32 15053 33 15308 34 15563 36 15818 38 16074 39 16329 41 16585 41 16841 42 17097 43 17353 43 17609 43 17864 44 18120 45 18376 45 18632 46 18888 46 19144 46 19400 46 19656 46 19912 46 20168 47 20424 47 20680 47 20936 47 21191 48 21447 48 21704 47 21960 46 22216 46 22472 46 22728 46 22984 46 23241 44 23497 44 23754 43 24010 43 24267 41 24523 41 24780 39 25037 38 25294 37 25551 35 25807 35 26063 35 26320 33 26577 31 26834 30 27091 29 27347 28 27604 27 27860 26 28117 25 28375 22 28632 20 28890 15 29147 13 29404 11 29660 10 29916 9 30173 7 30430 2
709e094e39629a9ca21e187f007b331074694e443db40289447c1111f7e267e7,8888 3 9142 11 9397 14 9651 17 9906 19 10161 20 10416 22 10671 23 10926 25 11182 25 11437 26 11692 27 11948 27 12203 28 12459 27 12714 28 12969 29 13224 30 13480 30 13736 30 13991 30 14247 30 14502 30 14758 30 15014 30 15269 31 15525 31 15780 31 16035 32 16291 32 16547 32 16803 32 17058 33 17314 32 17569 33 17825 33 18081 33 18337 33 18593 32 18848 24 19104 23 19360 22 19616 22 19872 21 20128 19 20384 18 20640 18 20896 17 21152 17 21409 15 21665 14 21921 12 22177 11 22434 9 22691 6 22948 3
709e094e39629a9ca21e187f007b331074694e443db40289447c1111f7e267e7,18872 8 19127 9 19382 11 19638 11 19893 12 20147 15 20402 16 20658 16 20913 17 21169 17 21424 18 21679 19 21935 18 22191 18 22447 18 22703 18 22958 19 23214 20 23470 20 23726 20 23981 22 24237 22 24493 22 24749 22 25004 23 25260 23 25516 23 25772 23 26028 23 26284 23 26540 23 26796 23 27052 23 27308 23 27564 23 27820 23 28077 22 28333 22 28590 21 28850 17 29108 15 29365 14 29622 13 29879 12 30136 11 30393 10 30649 10 30906 9 31162 9 31419 8 31676 7 31933 5 32189 4 32446 2
709e094e39629a9ca21e187f007b331074694e443db40289447c1111f7e267e7,33873 6 34126 10 34381 12 34637 13 34892 15 35148 16 35404 16 35660 17 35917 16 36173 17 36429 17 36685 18 36941 19 37197 20 37453 20 37709 21 37965 21 38221 22 38478 22 38734 23 38990 24 39246 25 39502 25 39758 26 40015 25 40271 26 40528 25 40784 25 41040 25 41296 25 41552 26 41808 27 42065 26 42322 25 42578 26 42834 26 43090 26 43347 26 43603 26 43860 25 44116 25 44372 25 44628 25 44884 26 45140 26 45396 27 45652 27 45908 27 46165 26 46421 26 46677 27 46934 26 47190 26 47446 26 47702 26 47958 26 48215 25 48471 25 48727 26 48984 25 49240 25 49497 24 49754 23 50010 23 50266 23 50522 24 50778 24 51035 23 51291 23 51547 23 51804 22 52061 21 52317 21 52574 20 52830 20 53086 20 53342 20 53599 18 53856 17 54113 15 54370 13
709e094e39629a9ca21e187f007b331074694e443db40289447c1111f7e267e7,53212 14 53466 17 53720 20 53975 21 54229 24 54484 25 54738 27 54993 29 55249 29 55504 30 55760 30 56015 31 56270 32 56525 33 56780 34 57036 34 57291 34 57547 34 57803 34 58059 34 58315 33 58571 33 58827 33 59083 33 59339 32 59596 31 59853 30 60110 28 60366 27 60623 25 60880 24 61138 21 61395 20 61652 19 61910 16
709e094e39629a9ca21e187f007b331074694e443db40289447c1111f7e267e7,64360 10 64613 16 64867 21 65121 24 65375 27 65630 29 65884 32 66139 33 66394 34 66649 36 66904 37 67160 37 67415 38 67671 38 67927 38 68183 38 68438 39 68694 39 68950 39 69206 39 69462 39 69718 38 69974 37 70231 35 70487 33 70743 32 71000 17 71021 6 71256 13 71513 10 71770 8
709e094e39629a9ca21e187f007b331074694e443db40289447c1111f7e267e7,39571 9 39824 19 40079 21 40334 22 40590 23 40845 25 41101 26 41357 27 41613 28 41869 28 42125 29 42380 31 42636 32 42892 33 43148 34 43404 35 43660 36 43917 36 44174 35 44430 35 44686 36 44942 37 45198 38 45454 39 45710 39 45967 39 46223 40 46479 41 46735 41 46992 40 47248 40 47504 41 47760 41 48016 42 48272 42 48529 41 48786 40 49042 40 49298 40 49554 40 49811 39 50067 39 50323 39 50580 38 50837 37 51094 36 51350 36 51607 34 51863 34 52120 32 52377 31 52634 30 52891 29 53148 28 53404 28 53661 26 53918 25 54175 24 54432 22 54689 21 54947 19 55205 17 55462 15 55719 12 55981 5 56238 3
