718751b439c05bdd589f04fcef321a86be3ecb35292a435138e295e05eb2e771,29328 4 29583 6 29839 6 30094 7 30343 15 30598 16 30853 17 31109 17 31365 17 31621 16 31878 13 32134 12 32390 11 32646 10 32903 8
718751b439c05bdd589f04fcef321a86be3ecb35292a435138e295e05eb2e771,73707 6 73962 8 74212 15 74467 16 74723 17 74969 3 74978 19 75224 6 75233 26 75479 37 75734 38 75987 41 76242 42 76498 42 76755 40 77012 34 77268 33 77523 34 77779 34 78034 34 78289 35 78544 36 78800 36 79056 36 79312 36 79568 18 79589 15 79825 16 79847 12 80085 11 80104 10 80343 7 80366 3 80600 5 80857 3
718751b439c05bdd589f04fcef321a86be3ecb35292a435138e295e05eb2e771,39103 8 39357 12 39612 14 39868 15 40123 17 40378 20 40635 20 40891 20 41148 19 41404 19 41660 19 41917 18 42174 16 42430 16 42686 14 42942 13 43201 9 43458 7
718751b439c05bdd589f04fcef321a86be3ecb35292a435138e295e05eb2e771,20687 14 20938 2 20942 16 21192 23 21447 24 21703 24 21958 26 22213 28 22468 30 22723 31 22978 32 23234 33 23489 34 23745 34 24000 35 24256 35 24512 35 24769 34 25026 32 25283 19 25309 4 25541 14 25798 5
718751b439c05bdd589f04fcef321a86be3ecb35292a435138e295e05eb2e771,8306 2 8561 5 8816 7 9071 9 9326 11 9581 12 9837 12 10092 14 10348 14 10604 14 10860 14 11115 15 11371 15 11626 16 11882 16 12138 16 12393 17 12649 17 12905 17 13162 15 13418 15 13674 15 13930 15 14186 14 14442 14 14699 12 14955 11 15212 6
718751b439c05bdd589f04fcef321a86be3ecb35292a435138e295e05eb2e771,44190 9 44445 11 44700 12 44956 11 45212 11 45468 11 45724 12 45980 12 46237 10 46493 10 46750 8 47006 8 47263 6 47520 4
718751b439c05bdd589f04fcef321a86be3ecb35292a435138e295e05eb2e771,55415 5 55669 8 55924 10 56180 11 56436 11 56692 11 56948 11 57204 11 57460 10 57717 9 57974 8 58231 7 58490 3
718751b439c05bdd589f04fcef321a86be3ecb35292a435138e295e05eb2e771,31833 7 32088 9 32344 10 32600 11 32857 11 33114 10 33371 9 33627 9 33883 8 34139 8 34396 6 34653 3
718751b439c05bdd589f04fcef321a86be3ecb35292a435138e295e05eb2e771,49782 6 50036 10 50290 13 50545 15 50800 16 51056 17 51312 17 51568 17 51824 17 52079 18 52335 19 52591 19 52848 18 53105 17 53361 17 53618 16 53875 14 54132 12 54389 10
718751b439c05bdd589f04fcef321a86be3ecb35292a435138e295e05eb2e771,41170 5 41423 9 41679 10 41935 11 42190 13 42446 13 42704 11 42961 9 43217 8 43474 6 43731 3
718751b439c05bdd589f04fcef321a86be3ecb35292a435138e295e05eb2e771,114 18 371 17 628 16 886 14 1143 12 1401 9
718751b439c05bdd589f04fcef321a86be3ecb35292a435138e295e05eb2e771,14567 5 14820 9 15075 12 15329 15 15584 16 15839 17 16094 18 16349 19 16605 19 16860 20 17116 20 17372 19 17629 18 17885 17 18142 14 18398 13 18654 12 18911 9 19170 3
718751b439c05bdd589f04fcef321a86be3ecb35292a435138e295e05eb2e771,34418 5 34673 7 34929 11 35185 12 35441 13 35696 14 35951 15 36207 15 36462 16 36717 18 36972 19 37227 21 37482 22 37738 22 37994 22 38250 21 38507 16 38763 15 39019 14 39276 12 39532 11 39789 9 40046 6
718751b439c05bdd589f04fcef321a86be3ecb35292a435138e295e05eb2e771,25188 8 25441 13 25696 15 25951 16 26206 18 26461 19 26717 20 26973 21 27229 22 27485 23 27741 23 27997 24 28253 25 28509 26 28765 27 29021 27 29277 27 29534 26 29792 23 30057 13 30315 10 30573 7
718751b439c05bdd589f04fcef321a86be3ecb35292a435138e295e05eb2e771,50762 3 51017 7 51271 10 51526 11 51781 12 52036 14 52291 16 52546 17 52800 20 53055 21 53310 21 53564 23 53819 24 54074 25 54329 26 54583 28 54837 29 55092 30 55348 29 55605 27 55862 23 56119 19 56377 16 56635 14 56892 12 57149 9 57407 6
718751b439c05bdd589f04fcef321a86be3ecb35292a435138e295e05eb2e771,39811 11 40052 11 40067 13 40304 16 40323 14 40560 17 40578 16 40817 33 41073 33 41328 33 41584 33 41840 33 42096 32 42352 31 42607 31 42863 31 43119 30 43375 30 43632 28 43888 27 44144 26 44400 25 44656 25 44913 23 45169 15 45187 4 45426 13 45444 2 45684 10 45942 4
718751b439c05bdd589f04fcef321a86be3ecb35292a435138e295e05eb2e771,51901 9 52155 12 52410 14 52664 17 52919 19 53175 19 53431 19 53687 19 53943 18 54199 18 54455 18 54711 17 54967 16 55223 16 55480 14 55737 13 55995 7
718751b439c05bdd589f04fcef321a86be3ecb35292a435138e295e05eb2e771,70084 9 70337 13 70589 19 70843 22 71098 24 71352 27 71607 28 71862 29 72117 30 72372 32 72628 32 72883 33 73139 33 73394 33 73650 33 73906 33 74162 33 74418 32 74674 31 74929 31 75185 25 75441 24 75697 23 75953 22 76209 21 76466 18 76722 17 76979 15 77236 13 77493 10 77750 8 78007 6 78265 3
718751b439c05bdd589f04fcef321a86be3ecb35292a435138e295e05eb2e771,30132 3 30387 5 30642 9 30897 11 31153 11 31409 12 31665 12 31921 11 32177 11 32433 11 32690 10 32946 9 33203 6 33460 3
718751b439c05bdd589f04fcef321a86be3ecb35292a435138e295e05eb2e771,27942 3 28197 5 28453 5 28709 5 28966 3
718751b439c05bdd589f04fcef321a86be3ecb35292a435138e295e05eb2e771,37966 5 38221 7 38477 7 38733 7 38989 6 39246 4
718751b439c05bdd589f04fcef321a86be3ecb35292a435138e295e05eb2e771,36863 2 37118 3 37374 3 37630 3 37885 4 38141 4 38397 4 38653 4 38910 3 39167 2
718751b439c05bdd589f04fcef321a86be3ecb35292a435138e295e05eb2e771,838 5 1092 8 1345 11 1600 12 1855 14 2110 15 2365 17 2621 17 2877 17 3133 18 3390 17 3647 16 3903 15 4160 13 4417 12 4675 9 4932 6
718751b439c05bdd589f04fcef321a86be3ecb35292a435138e295e05eb2e771,48981 4 49236 7 49492 13 49748 14 50004 16 50260 17 50516 17 50772 17 51028 16 51283 16 51539 15 51795 14 52051 14 52307 13 52563 13 52820 11
718751b439c05bdd589f04fcef321a86be3ecb35292a435138e295e05eb2e771,11461 9 11715 13 11970 15 12225 17 12481 17 12736 18 12991 19 13247 19 13503 19 13758 19 14013 20 14268 21 14524 21 14780 20 15035 19 15291 18 15547 17 15802 16 16057 16 16312 15 16567 15 16822 15 17077 15 17332 15 17587 15 17843 13 18099 12 18356 10 18613 7 18871 4
718751b439c05bdd589f04fcef321a86be3ecb35292a435138e295e05eb2e771,28975 6 29230 8 29485 9 29740 10 29996 9 30252 7 30509 4
718751b439c05bdd589f04fcef321a86be3ecb35292a435138e295e05eb2e771,42 20 298 19 555 18 812 17 1069 16 1326 14 1582 12 1839 10
718751b439c05bdd589f04fcef321a86be3ecb35292a435138e295e05eb2e771,57816 9 58071 12 58327 14 58582 16 58838 16 59094 16 59350 16 59605 17 59861 17 60116 18 60372 18 60628 18 60884 18 61140 19 61396 19 61652 19 61908 19 62164 19 62420 18 62676 8 62686 3 62933 4
718751b439c05bdd589f04fcef321a86be3ecb35292a435138e295e05eb2e771,44526 6 44781 8 45037 9 45292 12 45548 13 45803 15 46059 15 46315 16 46570 18 46825 20 47081 20 47340 17 47597 15 47853 14 48110 13 48366 13 48622 12 48879 1
718751b439c05bdd589f04fcef321a86be3ecb35292a435138e295e05eb2e771,60039 10 60294 12 60549 14 60804 19 61059 21 61315 21 61571 21 61827 21 62083 21 62339 21 62595 20 62851 19 63107 19 63363 18 63619 18 63876 16 64132 15 64389 13 64645 13 64902 12 65160 9 65419 5
718751b439c05bdd589f04fcef321a86be3ecb35292a435138e295e05eb2e771,26334 3 26589 5 26844 6 27096 10 27347 14 27600 17 27855 17 28108 20 28361 22 28615 24 28868 27 29123 28 29378 28 29633 28 29889 27 30145 27 30401 26 30657 26 30913 25 31169 24 31425 24 31682 22 31938 22 32195 20 32453 17 32711 14 32969 10 33227 5
718751b439c05bdd589f04fcef321a86be3ecb35292a435138e295e05eb2e771,10672 5 10926 8 11181 10 11437 12 11692 14 11947 15 12202 16 12458 16 12713 18 12969 18 13224 18 13480 18 13736 18 13992 18 14249 16 14506 15 14763 13 15023 8 15280 6 15539 2
718751b439c05bdd589f04fcef321a86be3ecb35292a435138e295e05eb2e771,18946 10 19201 12 19457 13 19713 14 19969 15 20225 15 20481 15 20737 15 20993 15 21249 15 21505 15 21761 15 22017 15 22273 15 22529 15 22785 14 23041 12 23297 10 23555 7 23812 4
718751b439c05bdd589f04fcef321a86be3ecb35292a435138e295e05eb2e771,53157 5 53411 8 53666 9 53921 11 54177 11 54434 9 54690 9 54946 9 55202 8 55458 6 55714 4 55971 2
718751b439c05bdd589f04fcef321a86be3ecb35292a435138e295e05eb2e771,1161 9 1416 12 1671 14 1927 15 2183 15 2440 14 2697 13 2957 9 3216 6 3474 3
718751b439c05bdd589f04fcef321a86be3ecb35292a435138e295e05eb2e771,8959 2 9214 3 9470 3 9726 3 9982 3 10238 3 10494 3 10750 3 11006 3 11263 2
718751b439c05bdd589f04fcef321a86be3ecb35292a435138e295e05eb2e771,47077 4 47329 11 47584 13 47839 14 48095 15 48350 16 48605 17 48859 20 49115 20 49371 20 49627 20 49882 20 50136 22 50392 21 50649 20 50907 17 51164 14
718751b439c05bdd589f04fcef321a86be3ecb35292a435138e295e05eb2e771,40112 9 40367 11 40622 13 40877 14 41133 15 41389 15 41644 16 41900 17 42156 18 42412 18 42668 18 42924 18 43180 18 43437 16 43694 15 43951 13 44207 12 44464 10 44723 5
718751b439c05bdd589f04fcef321a86be3ecb35292a435138e295e05eb2e771,75068 6 75321 10 75576 12 75831 14 76087 15 76342 17 76598 18 76854 19 76875 3 77111 26 77367 27 77623 28 77880 27 78136 27 78393 25 78650 24 78906 23 79163 21 79419 21 79675 21 79932 19 80189 16 80451 9 80708 7
718751b439c05bdd589f04fcef321a86be3ecb35292a435138e295e05eb2e771,174 8 429 9 683 11 936 14 1191 15 1447 16 1703 17 1959 17 2214 18 2469 19 2724 20 2980 20 3236 20 3491 21 3747 20 4003 20 4259 19 4515 18 4771 17 5026 18 5282 18 5538 18 5793 19 6049 18 6305 18 6561 17 6817 16 7073 15 7329 15 7585 14 7842 12 8098 11 8355 9
718751b439c05bdd589f04fcef321a86be3ecb35292a435138e295e05eb2e771,65009 8 65264 10 65520 11 65776 11 66031 12 66287 12 66543 12 66800 11 67056 11 67313 11 67569 11 67826 10 68083 10 68340 10 68597 10 68853 10 69110 9 69366 9 69623 8 69880 7 70137 6 70394 4
718751b439c05bdd589f04fcef321a86be3ecb35292a435138e295e05eb2e771,63147 8 63402 12 63657 14 63913 15 64168 17 64423 19 64679 19 64935 19 65191 19 65447 18 65703 18 65959 18 66214 19 66470 20 66726 21 66982 22 67238 22 67494 22 67751 21 68008 20 68265 19 68521 19 68777 19 69034 18 69291 16 69547 12 69804 9 70061 7 70317 6 70574 4
718751b439c05bdd589f04fcef321a86be3ecb35292a435138e295e05eb2e771,50692 8 50946 11 51201 13 51457 13 51713 13 51969 6 51977 4 52225 4
718751b439c05bdd589f04fcef321a86be3ecb35292a435138e295e05eb2e771,20325 17 20580 20 20836 22 21091 24 21345 26 21600 28 21856 28 22112 28 22368 28 22624 28 22880 27 23137 25 23398 19 23659 14 23916 12 24174 5 24431 2
718751b439c05bdd589f04fcef321a86be3ecb35292a435138e295e05eb2e771,68995 3 69250 6 69506 7 69762 7 70018 7 70274 6 70531 3
718751b439c05bdd589f04fcef321a86be3ecb35292a435138e295e05eb2e771,10500 6 10755 8 11011 8 11266 9 11521 9 11777 8 12033 8 12289 8 12545 8 12801 8 13057 7 13313 7 13569 7 13825 6 14081 6 14337 6 14593 5 14849 2
718751b439c05bdd589f04fcef321a86be3ecb35292a435138e295e05eb2e771,20654 1 20909 3 21163 6 21418 8 21672 11 21926 13 22180 16 22436 17 22692 17 22948 16 23205 15 23461 16 23717 16 23974 16 24230 16 24486 15 24742 14 24999 12 25256 10 25513 7
718751b439c05bdd589f04fcef321a86be3ecb35292a435138e295e05eb2e771,25089 2 25345 3 25601 4 25857 5 26113 5 26369 5 26625 5 26881 5 27137 5 27393 4 27649 3 27905 2 28161 1
718751b439c05bdd589f04fcef321a86be3ecb35292a435138e295e05eb2e771,71784 5 72039 7 72295 9 72550 12 72806 13 73062 14 73319 13 73575 14 73831 14 74088 13 74345 13 74601 13 74857 13 75114 12 75371 11 75628 9 75884 9 76141 7 76398 5 76655 3
718751b439c05bdd589f04fcef321a86be3ecb35292a435138e295e05eb2e771,6698 6 6952 9 7207 11 7462 13 7717 14 7972 15 8227 17 8482 18 8738 18 8993 19 9249 20 9505 20 9760 21 10016 20 10273 18 10529 18 10785 18 11042 17 11298 16 11555 15 11812 13 12069 12 12326 11 12583 10 12840 9 13097 9 13354 8 13610 8 13866 8 14122 8 14379 6 14636 4 14893 3
718751b439c05bdd589f04fcef321a86be3ecb35292a435138e295e05eb2e771,3776 3 4029 7 4283 10 4537 13 4792 15 5047 17 5303 18 5559 19 5814 21 6070 21 6326 22 6582 22 6838 22 7094 23 7350 23 7607 22 7864 21 8121 20 8378 19 8634 19 8890 18 9147 16 9404 14 9661 12 9918 5
718751b439c05bdd589f04fcef321a86be3ecb35292a435138e295e05eb2e771,52887 7 53141 10 53396 11 53652 11 53908 12 54163 14 54419 15 54675 15 54931 15 55186 16 55442 16 55698 16 55954 17 56210 17 56465 18 56720 19 56976 19 57231 20 57487 20 57742 21 57997 22 58253 22 58509 22 58765 22 59022 21 59279 21 59536 20 59793 19 60054 13
718751b439c05bdd589f04fcef321a86be3ecb35292a435138e295e05eb2e771,45184 3 45191 1 45439 5 45446 3 45694 11 45950 12 46206 13 46462 14 46718 14 46974 14 47230 15 47487 14 47743 14 47999 14 48255 14 48511 14 48768 12 49024 11 49281 10 49538 8 49795 6 50052 4
718751b439c05bdd589f04fcef321a86be3ecb35292a435138e295e05eb2e771,58946 13 59201 17 59450 25 59705 26 59960 27 60215 28 60471 28 60727 28 60983 27 61239 27 61495 27 61751 27 62007 26 62263 26 62519 26 62775 26 63032 24 63288 23 63545 21 63802 20 64059 19 64319 14 64576 12 64834 8
718751b439c05bdd589f04fcef321a86be3ecb35292a435138e295e05eb2e771,46278 9 46533 11 46788 13 47043 16 47298 18 47553 20 47809 21 48065 22 48321 23 48578 24 48835 24 49091 24 49347 24 49604 23 49861 21 50117 19 50374 18 50631 16 50888 14 51146 8
718751b439c05bdd589f04fcef321a86be3ecb35292a435138e295e05eb2e771,20100 5 20355 7 20610 9 20866 9 21121 10 21377 10 21633 11 21889 11 22144 12 22399 13 22655 13 22911 13 23166 15 23422 15 23678 15 23933 16 24189 16 24445 15 24702 13 24961 10 25220 6
718751b439c05bdd589f04fcef321a86be3ecb35292a435138e295e05eb2e771,3 14 258 16 513 17 769 18 1025 18 1281 18 1537 18 1793 18 2049 17 2305 16 2561 14 2817 13 3073 4 3329 2 3585 1
718751b439c05bdd589f04fcef321a86be3ecb35292a435138e295e05eb2e771,63703 8 63958 10 64214 11 64470 11 64725 13 64981 14 65237 14 65493 15 65748 17 66003 18 66258 20 66512 23 66767 25 67023 25 67279 25 67535 13 67552 8 67791 12 67809 6 68048 6
718751b439c05bdd589f04fcef321a86be3ecb35292a435138e295e05eb2e771,41771 6 42026 8 42282 9 42537 11 42787 18 43040 21 43291 27 43544 30 43799 31 44055 31 44310 32 44566 32 44822 32 45078 32 45335 31 45591 31 45848 30 46104 30 46360 30 46616 30 46872 29 47129 28 47385 27 47642 25 47898 24 48155 22 48412 15 48670 9 48928 3
718751b439c05bdd589f04fcef321a86be3ecb35292a435138e295e05eb2e771,71315 5 71569 8 71824 10 72080 11 72335 12 72591 13 72846 14 73102 14 73358 14 73613 15 73869 15 74125 15 74381 15 74637 15 74893 14 75149 13 75405 12 75661 12 75917 11 76173 11 76429 10 76685 10 76941 10 77197 10 77453 10 77709 11 77966 11 78222 11 78478 12 78735 13 78991 15 79248 17 79504 18 79760 19 80016 20 80273 19 80529 19 80785 19 81042 19 81299 18 81555 18 81811 18
718751b439c05bdd589f04fcef321a86be3ecb35292a435138e295e05eb2e771,17827 11 18081 14 18336 16 18591 17 18846 18 19102 18 19358 18 19614 18 19871 16 20127 16 20384 15 20641 13 20898 11 21155 8 21411 7 21667 5 21924 2
