724b6b7044522f6d5ea35b55f8fa71d0a45a28687be2b7cac3149943ab816eec,6424 8 6934 12 7444 15 7954 18 8465 21 8976 23 9487 25 9998 27 10509 29 11020 30 11532 31 12043 32 12554 34 13065 35 13576 36 14087 38 14598 39 15109 40 15620 41 16131 42 16642 43 17154 43 17666 43 18178 43 18690 43 19202 43 19714 43 20226 43 20738 43 21251 43 21763 43 22275 43 22787 43 23299 43 23811 42 24323 42 24836 41 25348 41 25860 41 26372 41 26885 39 27397 37 27909 36 28421 35 28934 33 29447 31 29960 29 30473 26 30986 23 31499 21 32012 19 32526 14 33040 10 33553 6
724b6b7044522f6d5ea35b55f8fa71d0a45a28687be2b7cac3149943ab816eec,301158 5 301667 10 302179 11 302691 12 303203 14 303715 17 304227 19 304739 20 305251 22 305763 23 306275 24 306787 26 307299 26 307811 26 308324 25 308836 25 309348 25 309860 25 310373 24 310885 24 311397 24 311909 24 312421 24 312934 23 313446 22 313958 22 314470 22 314983 21 315495 20 316007 20 316519 20 317033 18 317547 16 318065 8 318583 1
724b6b7044522f6d5ea35b55f8fa71d0a45a28687be2b7cac3149943ab816eec,153121 5 153626 13 154135 16 154646 17 155157 19 155668 21 156179 23 156690 24 157201 26 157713 27 158224 29 158735 31 159247 32 159759 33 160271 34 160783 36 161295 38 161806 40 162317 42 162829 42 163341 43 163853 44 164366 45 164878 46 165390 47 165902 49 166415 49 166927 50 167439 50 167952 49 168464 49 168976 48 169488 47 170001 44 170514 41 171027 38 171540 35 172053 32 172565 30 173078 27 173592 23 174108 17 174624 11 175139 6
724b6b7044522f6d5ea35b55f8fa71d0a45a28687be2b7cac3149943ab816eec,77131 4 77642 10 78152 13 78663 15 79174 17 79686 18 80197 19 80709 19 81220 21 81731 22 82243 22 82755 22 83267 22 83778 23 84290 23 84801 24 85312 25 85824 25 86335 26 86847 26 87359 25 87870 26 88382 26 88894 26 89406 26 89918 25 90430 24 90943 23 91455 23 91968 22 92481 20 92994 19 93507 17 94020 16 94533 15 95046 13 95559 12 96073 9 96587 6
724b6b7044522f6d5ea35b55f8fa71d0a45a28687be2b7cac3149943ab816eec,42677 11 43188 20 43698 25 44209 27 44720 30 45231 33 45742 38 46254 39 46765 43 47276 45 47787 47 48299 48 48811 49 49323 50 49834 51 50345 53 50856 55 51367 56 51879 56 52390 57 52901 58 53412 59 53924 59 54435 60 54946 61 55458 61 55970 61 56481 62 56992 63 57503 64 58015 64 58527 64 59039 64 59550 65 60062 65 60574 65 61086 65 61598 65 62110 65 62622 65 63134 65 63646 65 64158 64 64670 64 65182 63 65695 62 66207 62 66720 60 67232 59 67744 57 68257 54 68769 53 69282 51 69795 49 70308 47 70821 46 71333 46 71846 44 72358 44 72871 42 73384 41 73897 39 74411 37 74924 36 75437 34 75950 33 76465 29 76978 27 77492 20 78005 16
724b6b7044522f6d5ea35b55f8fa71d0a45a28687be2b7cac3149943ab816eec,186490 6 186997 13 187505 19 188014 23 188522 30 189031 34 189542 36 190053 38 190565 38 191076 39 191588 40 192100 41 192612 43 193124 43 193636 44 194148 45 194660 46 195171 47 195683 47 196195 48 196707 48 197219 47 197731 46 198244 44 198758 40 199271 38 199785 34 200299 30 200813 27 201327 22 201840 12
724b6b7044522f6d5ea35b55f8fa71d0a45a28687be2b7cac3149943ab816eec,61770 12 62281 16 62793 19 63304 21 63816 22 64327 24 64838 26 65349 27 65861 27 66373 28 66885 29 67397 29 67909 30 68421 30 68933 29 69445 28 69957 27 70470 25 70983 23 71496 21 72010 5 72020 7 72533 2
724b6b7044522f6d5ea35b55f8fa71d0a45a28687be2b7cac3149943ab816eec,150142 13 150652 17 151161 21 151672 23 152184 24 152696 25 153207 26 153719 27 154231 28 154742 30 155254 31 155766 31 156278 31 156790 31 157301 32 157813 33 158326 32 158838 32 159351 31 159863 31 160376 30 160889 28 161401 25 161913 24 162426 21 162939 18 163452 15 163965 12 164481 6
724b6b7044522f6d5ea35b55f8fa71d0a45a28687be2b7cac3149943ab816eec,247492 1 247496 3 248002 11 248512 15 249023 18 249042 1 249534 21 250045 23 250555 26 251068 26 251580 27 252091 30 252603 30 253115 31 253627 31 254138 33 254650 33 255163 33 255675 33 256187 34 256699 32 257211 32 257723 32 258235 33 258747 32 259259 32 259772 31 260284 32 260796 31 261309 28 261822 26 262335 25 262848 23 263361 22 263872 20 263893 1 264388 15 264405 1 264901 14 265414 8 265424 1 265928 3
724b6b7044522f6d5ea35b55f8fa71d0a45a28687be2b7cac3149943ab816eec,56042 11 56552 15 57062 18 57573 21 58084 23 58595 25 59106 27 59618 28 60130 29 60642 29 61154 29 61666 29 62178 29 62690 29 63202 30 63714 30 64226 30 64738 30 65250 29 65762 29 66275 28 66787 28 67300 27 67813 26 68327 23 68840 21 69353 19 69868 15 70381 12 70894 10 71409 6
724b6b7044522f6d5ea35b55f8fa71d0a45a28687be2b7cac3149943ab816eec,193766 6 194276 14 194787 16 195296 20 195806 24 196317 26 196828 28 197339 31 197850 33 198361 35 198873 36 199385 37 199897 38 200408 39 200919 40 201431 41 201942 42 202454 42 202966 42 203477 43 203989 44 204501 44 205013 44 205525 44 206037 44 206549 44 207061 44 207573 44 208085 44 208597 44 209109 44 209621 44 210133 43 210645 42 211157 42 211669 42 212181 42 212693 42 213204 42 213716 42 214228 41 214740 40 215252 40 215765 38 216278 36 216791 35 217303 34 217816 33 218329 31 218842 29 219356 27 219869 25 220382 23 220897 20 221411 17 221924 15 222441 8
724b6b7044522f6d5ea35b55f8fa71d0a45a28687be2b7cac3149943ab816eec,169623 12 170131 18 170637 28 171148 30 171659 32 172169 35 172679 39 173190 41 173701 43 174213 44 174725 45 175237 46 175749 47 176260 48 176771 49 177283 49 177795 49 178307 49 178819 50 179331 50 179843 50 180355 50 180867 50 181379 50 181891 50 182403 50 182915 50 183427 50 183939 49 184451 49 184964 48 185477 47 185989 47 186502 46 187014 46 187527 45 188040 44 188552 44 189065 43 189578 41 190091 40 190604 39 191117 38 191629 38 192142 37 192655 35 193167 34 193680 32 194193 31 194706 30 195223 24 195736 23 196248 22 196761 19 197275 16 197788 14 198302 11 198815 6
724b6b7044522f6d5ea35b55f8fa71d0a45a28687be2b7cac3149943ab816eec,68833 4 69340 11 69851 17 70362 19 70873 21 71383 24 71894 26 72405 28 72916 30 73427 32 73938 33 74449 35 74960 36 75471 38 75983 39 76495 39 77007 40 77518 41 78030 40 78541 41 79053 41 79565 41 80077 40 80589 40 81100 41 81612 41 82123 42 82635 42 83147 42 83659 41 84171 40 84683 40 85195 40 85707 39 86220 38 86733 36 87245 36 87757 35 88270 34 88782 33 89295 32 89808 31 90321 29 90835 26 91349 23 91862 22 92375 20 92888 14
724b6b7044522f6d5ea35b55f8fa71d0a45a28687be2b7cac3149943ab816eec,205 31 716 33 1225 38 1735 43 2246 45 2757 46 3268 47 3779 49 4290 51 4801 53 5312 54 5823 56 6334 58 6846 58 7357 59 7869 59 8381 60 8893 60 9405 60 9917 60 10429 60 10941 60 11453 60 11965 60 12477 60 12989 60 13502 59 14014 59 14526 59 15038 59 15550 59 16062 59 16575 58 17087 58 17599 58 18111 57 18623 57 19135 56 19648 54 20161 53 20674 51 21186 51 21699 49 22212 47 22725 46 23237 45 23750 44 24263 42 24776 40 25289 39 25801 38 26314 37 26827 35 27340 33 27853 31 28366 29 28881 25 29395 22 29910 17 30424 14 30938 10 31453 6
724b6b7044522f6d5ea35b55f8fa71d0a45a28687be2b7cac3149943ab816eec,434 39 948 36 1461 29 1491 4 1974 27 2003 3 2486 27 2516 1 2997 27 3512 19 4027 15 4544 6 4553 2 5052 7 5569 1
724b6b7044522f6d5ea35b55f8fa71d0a45a28687be2b7cac3149943ab816eec,252703 14 253213 17 253721 22 254233 23 254744 25 255255 26 255765 29 256277 32 256788 34 257299 36 257811 38 258323 38 258835 38 259347 38 259859 38 260371 38 260882 40 261394 40 261906 40 262417 41 262929 41 263441 41 263953 41 264465 41 264977 41 265489 41 266001 41 266513 41 267025 41 267537 41 268049 41 268561 41 269073 41 269585 40 270097 40 270610 39 271122 39 271634 39 272146 39 272658 38 273170 37 273682 36 274196 33 274708 32 275220 32 275732 31 276244 27 276756 25 277268 22 277780 20 278294 15 278808 11 279322 1
724b6b7044522f6d5ea35b55f8fa71d0a45a28687be2b7cac3149943ab816eec,202275 14 202785 21 203295 24 203804 29 204314 33 204825 35 205337 35 205848 37 206359 39 206870 40 207381 42 207893 43 208404 45 208916 46 209427 48 209939 48 210450 50 210962 51 211473 53 211985 53 212496 54 213007 55 213518 56 214029 57 214541 58 215053 59 215565 60 216077 60 216588 61 217100 61 217612 62 218124 62 218635 63 219147 63 219659 64 220171 64 220683 64 221195 64 221707 64 222219 64 222731 64 223243 64 223755 64 224267 64 224779 64 225291 64 225803 64 226315 64 226827 64 227340 63 227852 63 228364 63 228876 63 229389 62 229901 62 230413 62 230925 62 231437 62 231950 61 232463 60 232975 59 233488 58 234001 56 234513 55 235026 54 235539 53 236051 52 236564 49 237077 46 237590 43 238106 37 238620 34 239135 29 239649 26 240163 11
724b6b7044522f6d5ea35b55f8fa71d0a45a28687be2b7cac3149943ab816eec,132138 3 132645 12 133156 14 133667 16 134179 17 134691 18 135203 18 135715 19 136227 19 136739 20 137251 20 137763 20 138276 19 138788 19 139301 19 139813 19 140326 18 140841 14 141355 11
