72e8c49dea44787114fd191f9e97e260f961c6e7ae4715bc95cc91db8d91a4e3,10989 1 10996 7 11245 1 11251 12 11501 1 11504 16 11756 21 12012 21 12268 21 12522 23 12775 26 13034 23 13291 1 13296 17 13552 17 13809 16 14063 1 14065 16 14317 20 14574 19 14831 17 15088 15 15346 11 15605 4
72e8c49dea44787114fd191f9e97e260f961c6e7ae4715bc95cc91db8d91a4e3,50739 3 50993 9 51246 15 51500 18 51755 19 52010 20 52266 19 52522 18 52778 18 53034 15 53291 12 53548 9
72e8c49dea44787114fd191f9e97e260f961c6e7ae4715bc95cc91db8d91a4e3,41473 4 41729 5 41985 6 42241 7 42497 8 42753 8 43009 8 43265 8 43521 8 43777 7 44033 7 44289 6 44545 5 44802 3
72e8c49dea44787114fd191f9e97e260f961c6e7ae4715bc95cc91db8d91a4e3,10301 4 10556 8 10810 12 11066 13 11321 15 11577 16 11833 16 12088 18 12344 18 12600 18 12857 17 13113 17 13369 16 13626 15 13885 11 14142 9
72e8c49dea44787114fd191f9e97e260f961c6e7ae4715bc95cc91db8d91a4e3,20493 3 20748 5 21004 5 21260 5 21517 3
72e8c49dea44787114fd191f9e97e260f961c6e7ae4715bc95cc91db8d91a4e3,7261 8 7516 10 7771 11 8027 12 8282 14 8537 15 8792 16 9048 16 9304 16 9559 17 9815 17 10071 18 10327 18 10584 16 10840 16 11096 15 11353 13 11610 11 11869 2
72e8c49dea44787114fd191f9e97e260f961c6e7ae4715bc95cc91db8d91a4e3,25421 3 25676 5 25932 6 26187 7 26443 7 26699 7 26955 7 27211 7 27468 6 27725 5
72e8c49dea44787114fd191f9e97e260f961c6e7ae4715bc95cc91db8d91a4e3,45437 9 45693 11 45949 12 46204 13 46460 14 46716 14 46972 14 47229 13 47486 12 47742 12 47998 11 48254 8 48510 7 48766 6 49022 6 49279 4
72e8c49dea44787114fd191f9e97e260f961c6e7ae4715bc95cc91db8d91a4e3,46647 7 46902 9 47157 10 47412 11 47429 2 47668 11 47683 6 47923 12 47939 8 48179 12 48194 10 48435 12 48450 11 48690 13 48705 13 48945 15 48961 14 49201 31 49457 31 49714 11 49727 17 49970 9 49983 18 50228 7 50239 18 50495 18 50752 17 51009 16 51266 15 51523 13 51780 12 52038 8 52296 6 52552 5
72e8c49dea44787114fd191f9e97e260f961c6e7ae4715bc95cc91db8d91a4e3,21528 3 21783 5 22039 5 22295 5 22552 3
72e8c49dea44787114fd191f9e97e260f961c6e7ae4715bc95cc91db8d91a4e3,42618 6 42873 12 43129 13 43385 14 43641 14 43897 14 44153 14 44409 14 44665 14 44922 12 45180 9
72e8c49dea44787114fd191f9e97e260f961c6e7ae4715bc95cc91db8d91a4e3,32341 8 32593 13 32849 14 33104 18 33360 18 33616 18 33872 18 34128 19 34384 19 34640 19 34896 19 35153 18 35409 17 35666 16 35922 15 36179 13 36436 9 36693 4
72e8c49dea44787114fd191f9e97e260f961c6e7ae4715bc95cc91db8d91a4e3,19030 2 19284 5 19540 6 19795 7 20050 8 20305 8 20561 8 20816 9 21073 8 21329 8 21586 6 21842 6 22098 5 22355 4 22613 1
72e8c49dea44787114fd191f9e97e260f961c6e7ae4715bc95cc91db8d91a4e3,50065 4 50320 6 50576 7 50832 7 51088 7 51346 4 51604 2
72e8c49dea44787114fd191f9e97e260f961c6e7ae4715bc95cc91db8d91a4e3,53306 10 53561 12 53815 16 54070 17 54325 19 54581 19 54837 19 55093 19 55349 19 55605 18 55861 17 56117 16 56374 14 56631 12 56890 9
72e8c49dea44787114fd191f9e97e260f961c6e7ae4715bc95cc91db8d91a4e3,23574 3 23829 5 24085 5 24341 5 24598 3
72e8c49dea44787114fd191f9e97e260f961c6e7ae4715bc95cc91db8d91a4e3,41183 3 41439 6 41692 10 41947 12 42203 13 42459 13 42715 14 42970 15 43226 15 43481 16 43737 1 43739 14 43995 14 44251 14 44508 13 44766 11 45022 11 45279 10
72e8c49dea44787114fd191f9e97e260f961c6e7ae4715bc95cc91db8d91a4e3,9445 1 9447 2 9699 8 9708 2 9954 15 10209 15 10464 16 10719 18 10975 14 10990 3 11231 14 11246 5 11487 14 11502 2 11743 13 12000 12 12257 11 12514 8 12771 4 13028 6 13285 6 13292 4 13546 6 13803 6 14060 3 14064 1
72e8c49dea44787114fd191f9e97e260f961c6e7ae4715bc95cc91db8d91a4e3,59210 1 59464 7 59719 9 59974 10 60229 11 60485 11 60741 11 60997 12 61254 12 61510 12 61767 10 62025 7
72e8c49dea44787114fd191f9e97e260f961c6e7ae4715bc95cc91db8d91a4e3,48919 6 49174 8 49429 9 49685 10 49941 10 50197 9 50454 7 50711 4
72e8c49dea44787114fd191f9e97e260f961c6e7ae4715bc95cc91db8d91a4e3,41181 2 41435 4 41690 2 41946 1 42202 1 42450 6 42458 1 42706 9 42960 10 43214 12 43469 8 43479 2 43725 8 43735 2 43738 1 43980 9 43991 4 44235 10 44247 4 44491 9 44502 6 44747 9 44758 8 45003 19 45258 21 45515 28 45772 23 46029 21 46285 20 46542 19 46798 18 47055 16 47312 13 47570 9 47829 4
72e8c49dea44787114fd191f9e97e260f961c6e7ae4715bc95cc91db8d91a4e3,18234 5 18489 6 18745 7 19000 9 19256 9 19512 9 19769 7 20025 7 20283 3
72e8c49dea44787114fd191f9e97e260f961c6e7ae4715bc95cc91db8d91a4e3,19972 4 20227 6 20483 6 20739 6 20995 5 21252 3
72e8c49dea44787114fd191f9e97e260f961c6e7ae4715bc95cc91db8d91a4e3,39883 3 40138 5 40394 5 40650 5 40907 3
72e8c49dea44787114fd191f9e97e260f961c6e7ae4715bc95cc91db8d91a4e3,21000 3 21255 5 21511 5 21767 5 22024 3
