74a7785530687a11ecd073e772f90912d9967d02407a192bfab282c35f55ab94,34264 3 34518 6 34773 7 35028 8 35283 9 35539 9 35794 10 36050 10 36306 10 36562 9 36818 8 37074 8 37331 6 37588 4
74a7785530687a11ecd073e772f90912d9967d02407a192bfab282c35f55ab94,53198 7 53453 9 53706 13 53961 14 54216 15 54471 15 54727 14 54983 13 55239 13 55495 12 55751 11 56008 8 56265 6 56522 4
74a7785530687a11ecd073e772f90912d9967d02407a192bfab282c35f55ab94,204 13 460 13 717 11 973 10 1230 9 1486 8 1742 7 1999 5 2256 3
74a7785530687a11ecd073e772f90912d9967d02407a192bfab282c35f55ab94,58075 6 58330 8 58586 8 58841 9 59096 10 59351 11 59607 11 59863 11 60119 11 60375 11 60631 11 60886 12 61142 12 61398 11 61654 11 61909 12 62165 11 62420 11 62676 11 62931 11 63187 10 63442 10 63698 10 63955 8 64212 6 64468 6 64725 4
74a7785530687a11ecd073e772f90912d9967d02407a192bfab282c35f55ab94,31744 1 32000 1 32255 2 32510 3 32766 3 33022 3 33277 4 33533 4 33789 4 34045 4 34301 4 34557 4 34814 3
74a7785530687a11ecd073e772f90912d9967d02407a192bfab282c35f55ab94,64206 3 64461 5 64716 6 64972 6 65227 6 65483 6 65738 7 65994 6 66249 6 66504 7 66759 8 67015 7 67271 7 67527 6 67783 5 68039 4 68296 2
74a7785530687a11ecd073e772f90912d9967d02407a192bfab282c35f55ab94,12032 1 12288 1 12543 2 12799 2 13054 3 13310 3 13566 3 13822 3 14078 3 14334 3 14590 3 14846 3 15102 3 15358 3 15615 2 15871 2 16127 2 16383 2 16639 2 16895 2 17152 1
74a7785530687a11ecd073e772f90912d9967d02407a192bfab282c35f55ab94,57085 3 57340 5 57595 6 57850 7 58106 7 58361 8 58617 8 58873 8 59128 9 59384 8 59640 8 59896 7 60152 7 60408 7 60665 6 60921 5 61178 3
74a7785530687a11ecd073e772f90912d9967d02407a192bfab282c35f55ab94,57837 4 58092 6 58347 7 58602 8 58858 8 59113 9 59369 8 59624 9 59880 8 60135 8 60391 8 60647 8 60903 7 61159 6 61415 6 61671 5 61928 2
74a7785530687a11ecd073e772f90912d9967d02407a192bfab282c35f55ab94,68814 3 69069 5 69324 6 69579 6 69834 6 70090 5 70347 4 70604 2
74a7785530687a11ecd073e772f90912d9967d02407a192bfab282c35f55ab94,60108 2 60363 4 60618 6 60874 6 61129 7 61384 7 61640 7 61895 8 62151 8 62406 9 62662 9 62917 9 63172 10 63427 11 63683 11 63938 12 64194 12 64450 11 64705 11 64960 12 65216 11 65471 12 65727 11 65983 11 66239 10 66495 9 66751 8 67006 9 67262 9 67518 9 67774 7 68030 6 68287 3
74a7785530687a11ecd073e772f90912d9967d02407a192bfab282c35f55ab94,77004 4 77259 7 77515 8 77771 9 78027 10 78284 10 78541 9 78798 7
74a7785530687a11ecd073e772f90912d9967d02407a192bfab282c35f55ab94,78015 5 78270 7 78526 7 78781 8 79037 8 79292 8 79547 8 79803 8 80059 7 80315 6 80572 4
74a7785530687a11ecd073e772f90912d9967d02407a192bfab282c35f55ab94,81133 3 81389 5 81643 7 81899 7
74a7785530687a11ecd073e772f90912d9967d02407a192bfab282c35f55ab94,47328 6 47583 8 47839 9 48095 9 48351 10 48607 11 48864 10 49120 11 49376 11 49633 10 49889 10 50146 9 50402 9 50659 8 50915 8 51172 7 51429 5
74a7785530687a11ecd073e772f90912d9967d02407a192bfab282c35f55ab94,52479 2 52734 3 52989 4 53244 5 53499 6 53755 6 54010 7 54266 7 54522 7 54777 8 55033 8 55289 7 55545 6 55801 6 56058 4 56315 2
74a7785530687a11ecd073e772f90912d9967d02407a192bfab282c35f55ab94,77564 5 77819 6 78074 7 78330 7 78586 7 78843 6 79099 6 79355 6 79611 6 79867 6 80123 6 80379 6 80636 5 80893 3
74a7785530687a11ecd073e772f90912d9967d02407a192bfab282c35f55ab94,66272 2 66527 4 66782 5 67037 6 67293 6 67549 6 67805 6 68061 7 68317 7 68573 8 68829 8 69086 7 69342 7 69598 7 69854 7 70110 6 70367 4
74a7785530687a11ecd073e772f90912d9967d02407a192bfab282c35f55ab94,52980 3 53235 5 53490 6 53745 7 54001 6 54257 6 54512 7 54767 8 55023 8 55279 7 55535 7 55791 7 56047 7 56303 7 56559 7 56815 6 57071 6 57328 4
74a7785530687a11ecd073e772f90912d9967d02407a192bfab282c35f55ab94,4088 2 4343 4 4598 6 4853 8 5109 8 5365 9 5620 10 5876 10 6131 11 6387 10 6643 10 6898 10 7153 11 7409 11 7665 11 7920 11 8176 11 8432 10 8688 10 8944 9 9200 8 9456 8 9712 7 9968 7 10224 6 10481 4
74a7785530687a11ecd073e772f90912d9967d02407a192bfab282c35f55ab94,26604 2 26859 4 27114 8 27370 9 27625 10 27881 10 28137 9 28393 9 28649 8 28905 8 29161 8 29417 7 29673 6 29929 5 30186 4 30443 2
74a7785530687a11ecd073e772f90912d9967d02407a192bfab282c35f55ab94,40442 6 40697 8 40952 9 41208 8 41463 9 41719 9 41974 10 42230 9 42485 10 42741 10 42997 10 43253 9 43509 9 43765 8 44021 8 44277 7 44533 7 44790 5 45046 5 45303 3
74a7785530687a11ecd073e772f90912d9967d02407a192bfab282c35f55ab94,80553 4 80808 6 81063 8 81319 8 81575 7 81831 7
74a7785530687a11ecd073e772f90912d9967d02407a192bfab282c35f55ab94,62705 3 62960 5 63215 6 63470 7 63726 7 63981 8 64236 10 64492 10 64747 11 65003 11 65259 11 65515 11 65771 11 66027 11 66283 10 66539 9 66796 7 67053 5
