75120baa6abcbfe750a4eb223b8c10ae6bc3bebdda7b00d9a78bc2472fa28625,23 12 278 13 534 13 789 13 1045 13 1301 12 1557 12 1813 11 2069 10 2325 9 2582 7
75120baa6abcbfe750a4eb223b8c10ae6bc3bebdda7b00d9a78bc2472fa28625,60404 11 60659 14 60914 15 61170 15 61425 16 61681 16 61937 16 62194 15 62451 14 62707 14 62963 14 63220 13 63477 10 63734 6
75120baa6abcbfe750a4eb223b8c10ae6bc3bebdda7b00d9a78bc2472fa28625,60368 5 60623 8 60878 10 61134 11 61390 12 61647 12 61903 12 62160 11 62416 12 62673 11 62930 11 63186 11 63443 10 63699 10 63956 9 64213 8 64470 6
75120baa6abcbfe750a4eb223b8c10ae6bc3bebdda7b00d9a78bc2472fa28625,24209 7 24464 10 24719 12 24975 13 25230 14 25485 16 25741 17 25997 17 26253 17 26509 17 26765 18 27020 19 27275 21 27531 21 27787 21 28043 21 28299 21 28555 20 28812 19 29068 19 29325 17 29582 15 29839 13 30097 10 30355 5
75120baa6abcbfe750a4eb223b8c10ae6bc3bebdda7b00d9a78bc2472fa28625,12345 8 12598 14 12853 16 13109 17 13365 18 13620 19 13876 19 14132 19 14388 19 14644 19 14900 18 15156 17 15412 17 15668 17 15924 16 16180 16 16437 14 16693 13 16950 10 17207 8 17466 2
75120baa6abcbfe750a4eb223b8c10ae6bc3bebdda7b00d9a78bc2472fa28625,63859 6 64113 9 64368 11 64623 13 64878 15 65133 16 65389 16
75120baa6abcbfe750a4eb223b8c10ae6bc3bebdda7b00d9a78bc2472fa28625,16509 3 16762 7 17017 9 17272 11 17528 12 17784 13 18040 14 18296 15 18552 15 18808 16 19065 15 19323 13 19580 12 19838 9 20095 8 20352 6
75120baa6abcbfe750a4eb223b8c10ae6bc3bebdda7b00d9a78bc2472fa28625,13784 6 14039 8 14295 9 14550 11 14805 12 15060 13 15315 15 15571 15 15827 15 16083 15 16339 15 16595 15 16851 14 17107 14 17363 13 17619 13 17876 11 18135 7 18393 4
75120baa6abcbfe750a4eb223b8c10ae6bc3bebdda7b00d9a78bc2472fa28625,42488 7 42742 11 42997 12 43252 13 43507 14 43763 14 44018 15 44274 15 44529 16 44785 16 45041 16 45297 16 45553 16 45810 15 46066 15 46323 14 46579 14 46836 13 47093 12 47350 11 47607 10 47868 4
75120baa6abcbfe750a4eb223b8c10ae6bc3bebdda7b00d9a78bc2472fa28625,60100 3 60355 5 60611 5 60867 5 61124 3
75120baa6abcbfe750a4eb223b8c10ae6bc3bebdda7b00d9a78bc2472fa28625,18253 6 18505 12 18759 17 19014 19 19269 20 19525 21 19781 21 20036 22 20291 23 20547 23 20803 22 21059 21 21315 21 21571 20 21828 17 22084 16 22341 14 22598 12 22855 9 23113 4
75120baa6abcbfe750a4eb223b8c10ae6bc3bebdda7b00d9a78bc2472fa28625,26817 5 27072 7 27327 8 27582 9 27837 11 28093 11 28349 11 28605 11 28860 12 29116 12 29372 12 29628 12 29885 10 30141 9 30398 7 30657 3
75120baa6abcbfe750a4eb223b8c10ae6bc3bebdda7b00d9a78bc2472fa28625,23661 3 23916 5 24172 5 24428 5 24685 3
75120baa6abcbfe750a4eb223b8c10ae6bc3bebdda7b00d9a78bc2472fa28625,58810 7 59065 9 59320 10 59576 10 59832 10 60088 10 60344 10 60600 10 60856 9 61113 3
75120baa6abcbfe750a4eb223b8c10ae6bc3bebdda7b00d9a78bc2472fa28625,59274 5 59527 11 59782 14 60037 16 60293 17 60549 18 60805 19 61061 19 61317 20 61573 20 61830 19 62086 19 62343 18 62600 17 62858 14 63115 12 63372 10 63630 7
75120baa6abcbfe750a4eb223b8c10ae6bc3bebdda7b00d9a78bc2472fa28625,35669 3 35924 5 36180 5 36436 5 36693 3
75120baa6abcbfe750a4eb223b8c10ae6bc3bebdda7b00d9a78bc2472fa28625,10335 4 10590 10 10845 16 11100 18 11355 20 11611 21 11867 21 12123 21 12380 21 12636 21 12893 20 13150 18 13408 16 13665 14 13924 10 14183 6
75120baa6abcbfe750a4eb223b8c10ae6bc3bebdda7b00d9a78bc2472fa28625,37852 3 38107 5 38363 5 38619 5 38876 3
75120baa6abcbfe750a4eb223b8c10ae6bc3bebdda7b00d9a78bc2472fa28625,40975 5 41229 9 41484 11 41740 12 41996 12 42252 13 42508 13 42765 12 43021 12 43278 11 43534 10 43791 8 44048 6
75120baa6abcbfe750a4eb223b8c10ae6bc3bebdda7b00d9a78bc2472fa28625,37311 9 37566 11 37821 13 38076 14 38332 14 38587 15 38843 15 39099 15 39356 13 39612 13 39868 12 40124 12 40380 11 40636 10 40893 8 41151 4
75120baa6abcbfe750a4eb223b8c10ae6bc3bebdda7b00d9a78bc2472fa28625,44294 5 44549 7 44804 8 45059 10 45315 11 45571 12 45827 13 46083 14 46340 13 46596 13 46852 13 47109 11 47366 10 47623 9 47880 8 48141 2
75120baa6abcbfe750a4eb223b8c10ae6bc3bebdda7b00d9a78bc2472fa28625,41178 6 41432 11 41686 14 41941 16 42196 17 42452 17 42707 18 42963 18 43219 17 43475 16 43731 14 43987 13 44243 13 44500 12 44757 10 45016 3
75120baa6abcbfe750a4eb223b8c10ae6bc3bebdda7b00d9a78bc2472fa28625,40112 6 40367 8 40622 10 40878 10 41134 11 41390 11 41646 11 41902 11 42158 12 42414 12 42670 13 42927 12 43184 10 43441 8
75120baa6abcbfe750a4eb223b8c10ae6bc3bebdda7b00d9a78bc2472fa28625,29140 2 29394 5 29649 7 29904 9 30159 14 30414 16 30670 17 30926 17 31182 18 31438 18 31694 17 31951 16 32207 16 32464 15 32722 13 32979 11 33238 7 33496 3
75120baa6abcbfe750a4eb223b8c10ae6bc3bebdda7b00d9a78bc2472fa28625,27484 6 27738 11 27993 15 28248 17 28503 19 28758 21 29014 21 29269 22 29525 22 29781 21 30037 21 30294 20 30550 20 30807 18 31063 17 31320 15 31577 13 31834 11 32092 8
75120baa6abcbfe750a4eb223b8c10ae6bc3bebdda7b00d9a78bc2472fa28625,61112 1 61116 4 61367 9 61623 9 61879 9 62135 8 62391 5 62648 3
75120baa6abcbfe750a4eb223b8c10ae6bc3bebdda7b00d9a78bc2472fa28625,54235 8 54490 10 54746 11 55001 13 55256 14 55512 14 55768 13 56024 13 56280 13 56536 13 56792 13 57049 11 57306 9 57563 7 57820 5
75120baa6abcbfe750a4eb223b8c10ae6bc3bebdda7b00d9a78bc2472fa28625,15986 3 16241 5 16497 5 16753 5 17010 3
75120baa6abcbfe750a4eb223b8c10ae6bc3bebdda7b00d9a78bc2472fa28625,1 9 257 9 513 9 769 9 1025 8 1281 7 1537 6 1793 5 2049 3
75120baa6abcbfe750a4eb223b8c10ae6bc3bebdda7b00d9a78bc2472fa28625,46409 8 46663 11 46918 12 47173 13 47428 15 47683 16 47939 17 48194 19 48450 19 48706 20 48962 20 49218 21 49474 21 49731 20 49987 20 50244 19 50500 19 50757 17 51014 16 51270 15 51527 12 51784 9
75120baa6abcbfe750a4eb223b8c10ae6bc3bebdda7b00d9a78bc2472fa28625,41327 4 41580 10 41835 12 42090 13 42345 15 42600 17 42855 18 43111 19 43367 19 43623 19 43879 19 44136 18 44392 18 44648 18 44904 18 45160 18 45417 16 45674 14 45931 12 46188 10 46445 8 46703 2
75120baa6abcbfe750a4eb223b8c10ae6bc3bebdda7b00d9a78bc2472fa28625,47029 7 47284 9 47539 11 47794 12 48050 13 48306 13 48563 12 48819 12 49076 11 49332 11 49589 10 49846 9 50102 8 50358 7 50615 4
75120baa6abcbfe750a4eb223b8c10ae6bc3bebdda7b00d9a78bc2472fa28625,44747 5 45001 9 45256 11 45511 13 45767 14 46023 16 46280 16 46537 15 46794 14 47050 14 47307 13 47566 9 47824 5
