751f421d322940d6efe3bd570a66ecda16d08a1b90bc32a6d7ae1af89856fd49,218 5 470 10 724 13 979 14 1234 16 1489 22 1745 23 2000 25 2256 25 2512 25 2768 25 3025 24 3281 24 3537 24 3794 23 4050 23 4307 22 4564 20 4821 17 5079 14 5338 7
751f421d322940d6efe3bd570a66ecda16d08a1b90bc32a6d7ae1af89856fd49,34141 5 34396 7 34650 10 34905 11 35160 12 35415 13 35673 11 35930 9 36186 8 36442 7 36698 5 36954 3
751f421d322940d6efe3bd570a66ecda16d08a1b90bc32a6d7ae1af89856fd49,27142 9 27394 14 27649 16 27905 16 28161 16 28417 17 28673 18 28929 19 29185 19 29441 19 29697 19 29953 19 30209 19 30465 18 30721 18 30977 19 31233 19 31490 17 31748 14 32006 11 32265 2
751f421d322940d6efe3bd570a66ecda16d08a1b90bc32a6d7ae1af89856fd49,63161 5 63414 9 63669 11 63924 13 64180 14 64436 14 64692 14 64948 14 65204 14 65460 14
751f421d322940d6efe3bd570a66ecda16d08a1b90bc32a6d7ae1af89856fd49,22131 9 22385 12 22640 14 22895 15 23150 16 23405 17 23661 16 23917 16 24173 15 24430 13 24687 10
751f421d322940d6efe3bd570a66ecda16d08a1b90bc32a6d7ae1af89856fd49,13150 4 13404 9 13658 12 13913 14 14168 16 14424 17 14680 17 14935 18 15191 19 15447 20 15703 20 15960 19 16216 20 16472 20 16729 19 16986 18 17243 17 17500 15 17757 14 18014 11 18272 8
751f421d322940d6efe3bd570a66ecda16d08a1b90bc32a6d7ae1af89856fd49,37827 2 38081 5 38336 8 38591 10 38846 13 39102 14 39358 14 39614 15 39870 16 40126 16 40382 16 40639 15 40895 14 41152 13 41409 12 41666 10 41924 6
751f421d322940d6efe3bd570a66ecda16d08a1b90bc32a6d7ae1af89856fd49,55560 10 55814 13 56069 15 56324 16 56580 16 56835 17 57091 17 57346 19 57602 19 57858 19 58114 19 58370 19 58626 19 58883 18 59140 16 59397 14 59654 12 59911 9
751f421d322940d6efe3bd570a66ecda16d08a1b90bc32a6d7ae1af89856fd49,25901 6 26156 8 26410 11 26665 13 26920 15 27176 15 27431 16 27687 16 27942 17 28198 17 28454 17 28710 17 28966 17 29222 18 29478 18 29734 18 29990 18 30247 17 30503 17 30759 17 31016 16 31273 14 31530 12 31787 10 32045 6
751f421d322940d6efe3bd570a66ecda16d08a1b90bc32a6d7ae1af89856fd49,31442 3 31697 6 31952 8 32207 10 32462 11 32718 11 32974 11 33230 11 33485 12 33741 12 33997 12 34254 11 34510 11 34767 9 35024 8 35281 6
751f421d322940d6efe3bd570a66ecda16d08a1b90bc32a6d7ae1af89856fd49,47720 12 47974 17 48230 18 48484 21 48739 23 48995 24 49251 24 49506 25 49762 25 50018 25 50275 24 50531 24 50788 23 51044 22 51301 21 51558 19 51815 17 52072 14
751f421d322940d6efe3bd570a66ecda16d08a1b90bc32a6d7ae1af89856fd49,44919 4 45174 5 45430 5 45686 5 45942 4
751f421d322940d6efe3bd570a66ecda16d08a1b90bc32a6d7ae1af89856fd49,41976 4 42228 10 42483 13 42738 14 42993 15 43248 16 43504 16 43759 17 44015 17 44271 17 44528 16 44784 15 45041 13 45298 11 45555 8 45814 1
751f421d322940d6efe3bd570a66ecda16d08a1b90bc32a6d7ae1af89856fd49,24655 7 24910 10 25165 13 25421 14 25676 16 25931 17 26187 18 26442 19 26697 20 26953 20 27208 21 27464 21 27719 22 27975 22 28231 21 28487 21 28743 21 28999 20 29255 20 29512 18 29768 17 30025 15 30282 13 30539 10 30799 3
751f421d322940d6efe3bd570a66ecda16d08a1b90bc32a6d7ae1af89856fd49,42527 6 42780 11 43034 14 43289 16 43544 17 43800 18 44055 20 44311 20 44567 20 44823 21 45079 21 45335 20 45592 19 45848 19 46105 18 46362 16 46619 14 46876 12 47134 9
751f421d322940d6efe3bd570a66ecda16d08a1b90bc32a6d7ae1af89856fd49,58457 10 58711 14 58967 17 59223 18 59478 20 59734 20 59990 20 60246 20 60502 20 60758 19 61013 19 61269 18 61526 16 61784 13 62042 9 62298 9 62556 6
751f421d322940d6efe3bd570a66ecda16d08a1b90bc32a6d7ae1af89856fd49,12455 5 12709 8 12964 10 13219 12 13474 13 13730 13 13985 13 14241 13 14497 13 14752 14 15008 14 15264 14 15520 14 15777 12 16033 11 16289 10 16545 8 16802 6 17059 4
751f421d322940d6efe3bd570a66ecda16d08a1b90bc32a6d7ae1af89856fd49,42342 9 42596 14 42851 16 43106 17 43362 17 43617 19 43872 20 44128 20 44384 20 44639 21 44895 21 45151 20 45407 20 45663 19 45920 17 46178 15 46435 13 46693 10
751f421d322940d6efe3bd570a66ecda16d08a1b90bc32a6d7ae1af89856fd49,61721 5 61974 9 62228 12 62482 15 62737 16 62993 16 63249 16 63505 16 63761 15 64018 13 64275 11 64533 8
751f421d322940d6efe3bd570a66ecda16d08a1b90bc32a6d7ae1af89856fd49,41357 7 41612 9 41867 11 42122 13 42378 14 42634 15 42890 15 43146 15 43403 14 43661 12 43918 11 44175 5
751f421d322940d6efe3bd570a66ecda16d08a1b90bc32a6d7ae1af89856fd49,31979 6 32230 12 32485 13 32740 15 32995 17 33251 17 33507 17 33763 17 34019 17 34276 16 34532 15 34789 14 35046 12 35303 8
751f421d322940d6efe3bd570a66ecda16d08a1b90bc32a6d7ae1af89856fd49,35150 6 35404 10 35659 14 35914 16 36169 17 36424 18 36679 19 36935 19 37191 19 37446 20 37702 19 37958 18 38214 17 38470 16 38727 15 38983 14 39239 13 39495 12 39752 10 40010 6
751f421d322940d6efe3bd570a66ecda16d08a1b90bc32a6d7ae1af89856fd49,62429 1 62682 9 62936 15 63190 19 63445 22 63701 23 63956 25 64212 26 64467 28 64723 28 64979 29 65236 28 65492 28
751f421d322940d6efe3bd570a66ecda16d08a1b90bc32a6d7ae1af89856fd49,35738 4 35993 6 36248 7 36504 8 36759 9 37015 10 37271 10 37527 11 37783 11 38039 11 38295 11 38552 10 38809 9 39066 8 39323 7 39580 5 39838 2
751f421d322940d6efe3bd570a66ecda16d08a1b90bc32a6d7ae1af89856fd49,13253 5 13508 8 13763 10 14018 12 14274 12 14529 14 14785 14 15041 14 15296 15 15552 15 15808 15 16065 14 16321 13 16578 12 16835 11 17092 9 17351 3
751f421d322940d6efe3bd570a66ecda16d08a1b90bc32a6d7ae1af89856fd49,14849 4 15105 7 15361 8 15617 9 15873 11 16129 12 16385 13 16641 14 16897 14 17153 15 17409 16 17665 16 17921 17 18177 17 18433 17 18689 17 18945 17 19201 17 19457 17 19713 17 19969 16 20225 16 20481 15 20737 15 20993 14 21250 11 21508 7
751f421d322940d6efe3bd570a66ecda16d08a1b90bc32a6d7ae1af89856fd49,29053 7 29307 10 29562 12 29816 15 30071 16 30326 17 30582 17 30837 18 31092 18 31348 18 31604 18 31860 17 32116 17 32373 15 32629 15 32886 14 33142 13 33399 11 33656 9 33913 6
751f421d322940d6efe3bd570a66ecda16d08a1b90bc32a6d7ae1af89856fd49,22414 11 22669 13 22925 14 23181 15 23437 15 23694 14 23951 14 24208 13 24466 11 24724 8 24981 7
751f421d322940d6efe3bd570a66ecda16d08a1b90bc32a6d7ae1af89856fd49,24831 2 25085 4 25339 6 25594 7 25849 8 26105 8 26360 9 26616 9 26871 10 27127 10 27383 10 27638 11 27894 11 28151 10 28407 10 28663 10 28920 9 29176 9 29433 8 29690 7 29948 5 30206 3
