76faaed50ed6ea6814ac36199964b86fb09ba7f41a6f213bceaa80d625adc2e1,184539 10 185053 19 185571 24 186089 28 186608 31 187126 34 187645 35 188164 37 188683 38 189203 38 189722 38 190241 39 190760 39 191280 38 191799 38 192318 38 192838 36 193357 36 193877 35 194396 35 194916 33 195436 32 195955 31 196475 30 196995 28 197515 27 198035 25 198556 22 199076 21 199597 18 200118 15 200639 12 201161 7
76faaed50ed6ea6814ac36199964b86fb09ba7f41a6f213bceaa80d625adc2e1,263116 5 263635 6 264154 7 264674 7 265193 8 265712 9 266231 10 266751 10 267272 9 267792 9 268313 8 268834 7 269355 6 269875 6 270396 5 270916 5 271436 5 271956 5 272476 5 272997 4 273517 4 274036 5 274555 6 275075 6 275595 6
76faaed50ed6ea6814ac36199964b86fb09ba7f41a6f213bceaa80d625adc2e1,326513 8 327032 12 327551 14 328070 16 328590 17 329109 19 329629 20 330149 21 330669 22 331189 23 331709 24 332229 25 332750 24 333271 22 333792 21 334313 20 334833 19 335353 19 335873 19 336393 18 336914 14 337435 12 337956 10 338478 5
76faaed50ed6ea6814ac36199964b86fb09ba7f41a6f213bceaa80d625adc2e1,356334 4 356853 9 357372 11 357892 12 358412 13 358933 13 359453 13 359973 14 360494 13 361014 13 361535 12
76faaed50ed6ea6814ac36199964b86fb09ba7f41a6f213bceaa80d625adc2e1,7577 8 8094 14 8613 17 9132 20 9651 23 10171 24 10690 27 11210 28 11730 28 12249 30 12769 31 13289 31 13809 31 14329 32 14849 32 15369 32 15889 32 16409 33 16929 33 17449 33 17969 33 18490 32 19010 32 19530 32 20050 32 20570 32 21091 30 21611 30 22131 30 22652 29 23172 29 23693 27 24213 27 24733 26 25254 25 25774 24 26295 22 26816 21 27337 19 27858 17 28379 15 28901 11 29424 4
76faaed50ed6ea6814ac36199964b86fb09ba7f41a6f213bceaa80d625adc2e1,201025 7 201544 10 202063 14 202583 16 203103 18 203623 20 204143 22 204663 23 205184 23 205704 25 206225 25 206746 25 207267 25 207788 25 208309 25 208830 24 209351 24 209871 24 210392 24 210913 23 211434 22 211954 22 212475 21 212996 19 213516 19 214037 17 214558 15 215079 12 215601 8
76faaed50ed6ea6814ac36199964b86fb09ba7f41a6f213bceaa80d625adc2e1,67079 2 67598 3 68117 4 68636 5 69155 6 69675 6 70194 7 70713 8 71233 8 71752 9 72272 9 72792 9 73312 9 73832 9 74352 9 74872 9 75392 9 75912 9 76432 9 76953 8 77473 8 77993 8 78514 7 79034 7 79555 6 80076 5 80598 3
76faaed50ed6ea6814ac36199964b86fb09ba7f41a6f213bceaa80d625adc2e1,47907 2 48425 13 48942 18 49461 21 49980 23 50499 25 51019 25 51539 26 52059 26 52580 26 53101 25 53621 25 54142 24 54663 23 55183 24 55704 23 56225 22 56747 20 57268 19 57788 18 58308 18 58829 16 59350 3 59355 9 59876 6
76faaed50ed6ea6814ac36199964b86fb09ba7f41a6f213bceaa80d625adc2e1,118 32 638 32 1158 32 1677 33 2197 33 2717 33 3237 33 3757 32 4277 31 4798 30 5318 30 5838 30 6359 29 6880 28 7401 27 7922 25 8442 25 8963 23 9483 22 10004 20 10524 19 11045 17 11566 15 12087 13 12608 10 13131 6
76faaed50ed6ea6814ac36199964b86fb09ba7f41a6f213bceaa80d625adc2e1,512 8 1032 8 1552 8 2072 8 2593 7 3113 7 3633 7 4153 7 4674 6 5194 6 5715 5 6237 2
76faaed50ed6ea6814ac36199964b86fb09ba7f41a6f213bceaa80d625adc2e1,331396 4 331914 9 332433 11 332951 14 333470 16 333990 17 334510 18 335029 19 335549 20 336069 20 336589 21 337109 2 337114 17 337635 16 338155 16 338674 17 339194 17 339714 17 340234 16 340755 14 341277 9
76faaed50ed6ea6814ac36199964b86fb09ba7f41a6f213bceaa80d625adc2e1,276641 2 277161 5 277681 7 278201 8 278721 10 279241 11 279761 12 280281 13 280801 13 281321 14 281841 15 282361 15 282881 16 283401 16 283921 17 284441 17 284961 17 285481 17 286001 16 286521 16 287041 16 287561 15 288081 14 288601 13 289121 12 289641 10
76faaed50ed6ea6814ac36199964b86fb09ba7f41a6f213bceaa80d625adc2e1,95434 8 95953 17 96472 20 96991 22 97511 23 98031 25 98551 26 99070 27 99590 28 100110 28 100630 28 101150 28 101670 28 102191 27 102711 26 103231 26 103752 24 104273 23 104794 21 105315 19 105835 17 106356 8 106881 2
76faaed50ed6ea6814ac36199964b86fb09ba7f41a6f213bceaa80d625adc2e1,34443 6 34959 12 35477 15 35996 17 36515 18 37033 20 37551 23 38070 24 38589 25 39108 26 39628 25 40147 26 40667 26 41187 26 41707 26 42227 26 42747 25 43266 26 43786 26 44306 25 44826 24 45346 23 45866 22 46386 21 46906 20 47425 20 47945 19 48465 18 48985 17 49505 16 50026 14 50547 11 51068 9 51590 3
76faaed50ed6ea6814ac36199964b86fb09ba7f41a6f213bceaa80d625adc2e1,64663 3 65180 12 65696 24 66208 34 66724 39 67242 41 67761 42 68281 42 68801 42 69320 42 69840 42 70360 41 70880 40 71400 40 71920 39 72440 38 72960 36 73480 34 74000 32 74520 28 75041 25 75561 22 76082 19 76603 16 77126 10
76faaed50ed6ea6814ac36199964b86fb09ba7f41a6f213bceaa80d625adc2e1,184082 9 184601 14 185121 16 185641 18 186161 19 186681 19 187201 20 187721 21 188241 21 188761 21 189281 21 189801 21 190321 21 190841 21 191361 21 191881 20 192401 19 192921 18 193441 17 193961 16 194481 14 195001 11 195521 10 196041 8 196561 6
76faaed50ed6ea6814ac36199964b86fb09ba7f41a6f213bceaa80d625adc2e1,341641 2 342161 4 342681 5 343201 6 343721 7 344241 7 344761 8 345281 8 345801 8 346321 8 346841 8 347361 8 347881 8 348401 7 348921 7 349441 6 349961 5 350481 4 351001 2
76faaed50ed6ea6814ac36199964b86fb09ba7f41a6f213bceaa80d625adc2e1,85940 2 86450 17 86964 25 87481 30 88000 32 88519 34 89038 35 89557 37 90076 38 90595 39 91115 39 91635 39 92155 38 92675 37 93196 35 93716 35 94237 34 94758 33 95279 31 95800 29 96322 26 96845 19 97368 12 97890 7
76faaed50ed6ea6814ac36199964b86fb09ba7f41a6f213bceaa80d625adc2e1,92478 8 92995 17 93514 20 94033 23 94553 24 95073 27 95592 29 96112 29 96633 28 97153 29 97673 29 98193 29 98714 28 99234 28 99755 28 100275 28 100796 27 101317 26 101838 25 102359 24 102879 24 103400 23 103921 22 104442 21 104963 20 105483 19 106004 18 106525 16 107046 15 107567 13 108089 10 108613 3
76faaed50ed6ea6814ac36199964b86fb09ba7f41a6f213bceaa80d625adc2e1,291677 2 292193 8 292712 10 293231 12 293751 14 294270 16 294789 18 295308 20 295828 20 296348 20 296867 21 297387 22 297907 22 298427 22 298946 22 299465 23 299983 25 300502 26 301021 27 301541 27 302061 27 302581 26 303102 24 303622 15 304142 13 304662 12 305183 11 305704 10 306225 8 306746 4
76faaed50ed6ea6814ac36199964b86fb09ba7f41a6f213bceaa80d625adc2e1,141770 4 142287 8 142807 10 143326 12 143845 14 144364 15 144884 16 145403 17 145922 18 146442 19 146962 19 147481 21 148001 21 148522 19 149042 19 149563 17 150084 15 150605 13 151126 11 151648 8
76faaed50ed6ea6814ac36199964b86fb09ba7f41a6f213bceaa80d625adc2e1,161207 5 161722 15 162241 17 162761 18 163281 19 163801 19 164321 19 164841 19 165361 19 165881 19 166401 18 166921 17 167441 15 167961 14 168481 12 169001 10 169521 8
76faaed50ed6ea6814ac36199964b86fb09ba7f41a6f213bceaa80d625adc2e1,110473 3 110992 7 111511 9 112030 11 112549 13 113068 14 113587 15 114106 17 114625 18 115143 20 115662 21 116181 22 116701 22 117220 23 117740 23 118259 24 118779 24 119299 24 119818 25 120338 25 120858 24 121378 24 121898 24 122418 23 122938 23 123458 22 123978 22 124498 21 125019 19 125540 17 126061 15 126582 13 127104 9
76faaed50ed6ea6814ac36199964b86fb09ba7f41a6f213bceaa80d625adc2e1,204853 6 205371 9 205890 11 206408 14 206927 15 207447 15 207966 16 208486 16 209006 16 209525 17 210044 18 210563 19 211083 19 211603 19 212123 20 212642 21 213162 21 213681 22 214201 22 214721 22 215241 22 215761 22 216281 22 216801 22 217322 21 217843 19 218364 16 218884 14 219405 12 219926 9 220448 5
76faaed50ed6ea6814ac36199964b86fb09ba7f41a6f213bceaa80d625adc2e1,110239 2 110758 3 111277 4 111797 4 112316 5 112836 5 113355 6 113875 6 114395 6 114915 6 115435 6 115955 6 116476 5 116996 5 117516 5 118036 5 118556 5 119076 5 119596 5 120116 5 120636 5 121156 5 121677 4 122197 4 122718 3 123239 2
76faaed50ed6ea6814ac36199964b86fb09ba7f41a6f213bceaa80d625adc2e1,51863 6 52382 9 52900 13 53419 20 53939 23 54458 26 54978 28 55498 29 56018 30 56539 30 57060 30 57581 30 58102 30 58624 29 59145 28 59666 28 60187 27 60708 27 61229 26 61749 26 62270 25 62791 24 63311 24 63832 22 64353 21 64874 19 65397 15 65921 10
76faaed50ed6ea6814ac36199964b86fb09ba7f41a6f213bceaa80d625adc2e1,332556 6 333072 11 333590 14 334108 17 334626 19 335144 21 335662 23 336181 24 336699 26 337217 28 337736 28 338255 29 338774 29 339293 29 339812 30 340331 30 340850 31 341370 30 341889 30 342408 30 342928 29 343448 28 343967 28 344487 26 345007 25 345527 24 346047 22 346568 20 347089 17 347610 14 348132 9
76faaed50ed6ea6814ac36199964b86fb09ba7f41a6f213bceaa80d625adc2e1,337687 11 338201 19 338718 23 339236 26 339754 28 340273 29 340791 31 341310 32 341829 33 342349 32 342868 32 343386 34 343905 34 344425 33 344944 33 345464 32 345983 32 346503 30 347022 29 347542 27 348062 25 348582 24 349102 22 349623 19 350143 18 350664 16 351186 10 351710 2
76faaed50ed6ea6814ac36199964b86fb09ba7f41a6f213bceaa80d625adc2e1,337111 3 337629 6 338145 10 338664 10 339183 11 339703 11 340222 12 340741 14 341261 16 341781 17 342302 16 342822 15 343341 15 343861 15 344381 14 344901 13 345421 12 345942 9 346463 5
76faaed50ed6ea6814ac36199964b86fb09ba7f41a6f213bceaa80d625adc2e1,314271 4 314785 14 315304 16 315326 4 315823 19 315845 8 316342 33 316860 36 317379 37 317898 38 318418 38 318937 39 319456 40 319976 39 320496 39 321017 37 321537 35 322057 33 322578 29 323100 25 323621 22 324146 14
76faaed50ed6ea6814ac36199964b86fb09ba7f41a6f213bceaa80d625adc2e1,299435 8 299953 12 300471 15 300990 16 301509 18 302029 19 302548 20 303067 21 303586 22 304106 22 304625 23 305144 24 305664 25 306184 25 306703 26 307223 26 307743 27 308263 27 308783 27 309302 27 309822 27 310342 27 310863 26 311383 25 311903 24 312424 23 312945 21 313467 18 313990 12 314515 3
76faaed50ed6ea6814ac36199964b86fb09ba7f41a6f213bceaa80d625adc2e1,173033 5 173552 8 174071 10 174590 13 175110 14 175629 16 176149 17 176669 19 177189 20 177709 21 178228 23 178748 24 179269 24 179789 26 180309 27 180830 27 181350 27 181870 27 182391 26 182911 26 183432 25 183952 25 184473 23 184994 22 185515 20 186036 18 186558 13 187082 5
76faaed50ed6ea6814ac36199964b86fb09ba7f41a6f213bceaa80d625adc2e1,140897 7 141411 14 141929 18 142448 20 142967 22 143487 23 144006 24 144526 25 145046 25 145566 25 146086 25 146606 24 147126 24 147646 24 148166 24 148687 22 149207 22 149727 21 150248 19 150769 17 151291 13 151813 10 152334 8 152856 5 153378 2
76faaed50ed6ea6814ac36199964b86fb09ba7f41a6f213bceaa80d625adc2e1,304219 8 304737 12 305256 14 305774 17 306292 20 306811 21 307330 22 307848 24 308367 25 308886 26 309406 26 309925 27 310444 28 310963 29 311482 30 312001 31 312521 31 313041 30 313561 30 314081 30 314601 29 315121 28 315641 28 316161 27 316681 26 317201 26 317721 25 318241 25 318761 24 319281 23 319801 22 320321 21 320843 10 320855 4 321368 4 321889 2
76faaed50ed6ea6814ac36199964b86fb09ba7f41a6f213bceaa80d625adc2e1,293162 6 293680 12 294199 15 294718 17 295237 19 295756 20 296276 20 296795 20 297313 21 297832 21 298351 22 298869 24 299388 25 299908 26 300427 27 300947 27 301467 27 301987 27 302507 27 303027 27 303548 26 304068 26 304589 25 305110 24 305631 23 306153 20 306679 14 307203 9 307726 5
76faaed50ed6ea6814ac36199964b86fb09ba7f41a6f213bceaa80d625adc2e1,216839 2 217357 4 217876 5 218396 5 218915 6 219434 7 219953 8 220472 9 220992 9 221512 9 222031 10 222551 10 223071 10 223591 10 224111 10 224631 10 225150 11 225669 12 226189 12 226708 13 227228 13 227748 13 228268 13 228788 13 229309 12 229830 9
76faaed50ed6ea6814ac36199964b86fb09ba7f41a6f213bceaa80d625adc2e1,232857 10 233373 16 233891 19 234409 23 234928 25 235448 33 235967 38 236487 39 237006 41 237526 42 238047 42 238567 42 239087 43 239608 42 240129 41 240650 39 241172 37 241695 33 242218 28 242741 23 243262 19 243794 2
76faaed50ed6ea6814ac36199964b86fb09ba7f41a6f213bceaa80d625adc2e1,91207 8 91725 11 92243 15 92761 18 93280 19 93799 20 94318 21 94837 21 95356 22 95875 23 96394 24 96913 25 97432 26 97951 26 98470 27 98989 27 99509 27 100028 27 100547 28 101067 27 101586 27 102105 28 102625 27 103144 27 103664 26 104183 26 104703 26 105223 25 105742 25 106262 24 106782 23 107303 21 107823 19 108343 17 108864 14 109385 11 109907 7
76faaed50ed6ea6814ac36199964b86fb09ba7f41a6f213bceaa80d625adc2e1,157822 3 158338 12 158856 15 159375 17 159894 19 160413 21 160933 23 161454 23 161974 24 162494 25 163014 26 163535 25 164055 25 164575 25 165096 24 165617 23 166138 22 166659 21 167181 18 167703 15 168225 12 168748 8
76faaed50ed6ea6814ac36199964b86fb09ba7f41a6f213bceaa80d625adc2e1,23953 6 24472 9 24991 12 25510 14 26030 16 26549 18 27069 19 27589 20 28109 20 28629 21 29149 21 29668 22 30188 21 30707 22 31227 22 31747 22 32267 22 32788 21 33309 20 33829 20 34349 20 34869 20 35389 20 35908 20 36428 20 36949 18 37470 2 37475 11 37996 10 38517 8
76faaed50ed6ea6814ac36199964b86fb09ba7f41a6f213bceaa80d625adc2e1,357155 3 357672 9 358190 12 358709 14 359227 17 359746 18 360265 19 360784 20 361304 20 361824 20
76faaed50ed6ea6814ac36199964b86fb09ba7f41a6f213bceaa80d625adc2e1,310799 7 311318 10 311837 12 312356 14 312875 16 313395 17 313914 18 314434 18 314953 20 315473 20 315993 20 316513 20 317033 20 317552 22 318072 22 318592 22 319112 22 319633 21 320153 21 320672 23 321192 23 321713 22 322233 22 322753 22 323273 22 323793 22 324314 21 324834 21 325355 20 325875 20 326395 20 326915 19 327436 18 327956 18 328477 17 328997 16 329518 14 330044 6
76faaed50ed6ea6814ac36199964b86fb09ba7f41a6f213bceaa80d625adc2e1,325601 4 326119 9 326637 12 327156 14 327675 15 328194 17 328713 18 329232 20 329751 21 330271 21 330790 22 331309 24 331829 24 332348 25 332868 25 333387 26 333907 26 334426 27 334946 27 335466 27 335986 27 336506 27 337026 26 337546 26 338066 26 338586 26 339106 26 339626 25 340146 25 340666 24 341186 23 341706 23 342226 22 342747 20 343269 17 343792 13 344313 11 344834 9 345357 4
76faaed50ed6ea6814ac36199964b86fb09ba7f41a6f213bceaa80d625adc2e1,287199 5 287717 10 288236 14 288754 18 289273 20 289792 22 290311 24 290831 24 291350 26 291869 27 292389 27 292908 28 293428 28 293947 29 294467 29 294987 29 295506 30 296026 30 296546 29 297066 29 297586 29 298105 30 298625 29 299145 29 299665 29 300185 28 300704 29 301224 28 301744 28 302264 27 302784 26 303304 25 303824 25 304344 24 304864 23 305384 22 305904 21 306424 20 306945 17 307465 16 307986 14 308508 11 309029 8
76faaed50ed6ea6814ac36199964b86fb09ba7f41a6f213bceaa80d625adc2e1,203790 9 204308 12 204826 15 205345 17 205864 18 206382 20 206901 22 207420 23 207938 25 208457 26 208976 26 209495 27 210014 28 210534 29 211054 29 211573 30 212093 30 212612 30 213132 30 213652 29 214172 29 214692 29 215212 29 215732 29 216252 29 216772 28 217292 27 217813 26 218334 25 218854 24 219375 22 219896 20 220417 18 220938 16 221459 14 221982 9 222503 6
76faaed50ed6ea6814ac36199964b86fb09ba7f41a6f213bceaa80d625adc2e1,261345 7 261863 11 262382 14 262901 17 263420 20 263940 21 264459 23 264979 24 265499 25 266019 25 266539 26 267059 27 267579 27 268099 27 268619 28 269139 28 269660 27 270180 27 270700 27 271220 27 271740 27 272260 27 272781 26 273301 26 273821 26 274341 26 274862 25 275382 24 275902 24 276423 22 276943 22 277464 20 277984 20 278505 18 279026 16 279547 14 280068 12 280590 8
76faaed50ed6ea6814ac36199964b86fb09ba7f41a6f213bceaa80d625adc2e1,32823 11 33340 18 33859 21 34378 23 34898 23 35417 25 35936 26 36456 26 36975 27 37495 27 38015 26 38535 26 39055 25 39574 26 40093 26 40612 27 41132 26 41652 26 42172 25 42692 25 43213 24 43733 23 44253 23 44773 22 45293 22 45814 20 46335 19 46856 18 47377 18 47902 5 47909 6 48423 2
76faaed50ed6ea6814ac36199964b86fb09ba7f41a6f213bceaa80d625adc2e1,247237 3 247753 12 248271 17 248789 20 249306 24 249825 26 250343 29 250862 30 251381 32 251900 33 252419 34 252938 35 253457 36 253976 37 254495 38 255015 37 255535 37 256054 37 256574 37 257095 35 257615 34 258136 32 258656 31 259177 28 259697 26 260218 23 260740 18 261263 11
76faaed50ed6ea6814ac36199964b86fb09ba7f41a6f213bceaa80d625adc2e1,130926 9 131444 13 131962 16 132481 18 133001 19 133521 20 134041 21 134561 22 135081 22 135601 23 136122 23 136642 24 137163 25 137684 25 138205 24 138725 23 139246 22 139767 21 140289 19 140810 19 141332 17 141853 17 142374 16 142898 12 143419 11 143939 11 144459 10 144980 9 145501 7
76faaed50ed6ea6814ac36199964b86fb09ba7f41a6f213bceaa80d625adc2e1,258908 3 259425 8 259943 11 260461 14 260979 17 261497 19 262015 22 262534 23 263053 24 263572 25 264091 25 264610 26 265129 27 265648 28 266167 28 266685 30 267204 30 267724 30 268243 31 268762 31 269281 31 269800 31 270319 32 270838 32 271358 31 271877 31 272396 32 272916 31 273436 30 273955 30 274475 29 274995 28 275515 27 276034 27 276554 26 277074 25 277595 22 278115 21 278635 20 279155 18 279676 15 280197 12 280719 6
76faaed50ed6ea6814ac36199964b86fb09ba7f41a6f213bceaa80d625adc2e1,144944 5 145462 8 145981 10 146501 11 147020 13 147540 13 148060 14 148579 15 149099 16 149619 16 150139 16 150659 17 151179 17 151699 18 152219 18 152739 19 153259 19 153779 19 154299 19 154819 20 155339 20 155859 20 156379 20 156900 19 157420 19 157940 19 158460 19 158981 17 159501 17 160022 15 160543 13 161064 11 161584 10 162105 6
76faaed50ed6ea6814ac36199964b86fb09ba7f41a6f213bceaa80d625adc2e1,216906 8 217424 12 217943 15 218462 17 218981 20 219500 23 220020 24 220540 25 221059 26 221579 27 222099 28 222619 29 223140 29 223660 29 224180 30 224700 31 225221 34 225741 35 226262 35 226783 35 227304 35 227825 35 228345 36 228866 35 229387 35 229908 34 230430 32 230953 29 231475 27 231996 25 232517 24 233038 22 233559 21 234079 20 234599 18 235120 16 235641 14 236162 12 236683 9
76faaed50ed6ea6814ac36199964b86fb09ba7f41a6f213bceaa80d625adc2e1,136158 10 136673 16 137192 18 137711 21 138231 24 138750 26 139270 26 139791 26 140311 27 140831 28 141352 28 141872 29 142393 28 142913 28 143434 27 143955 26 144476 25 144998 23 145519 21 146039 20 146560 18 147081 15 147602 13 148123 11 148646 7
76faaed50ed6ea6814ac36199964b86fb09ba7f41a6f213bceaa80d625adc2e1,34814 9 35331 14 35849 17 36366 21 36885 23 37402 26 37920 28 38439 29 38957 31 39475 33 39994 34 40513 34 41032 35 41552 34 42071 34 42591 34 43111 33 43631 32 44151 31 44671 31 45191 30 45712 28 46232 27 46753 25 47274 23 47796 19 48318 15 48842 7
76faaed50ed6ea6814ac36199964b86fb09ba7f41a6f213bceaa80d625adc2e1,122130 9 122644 17 123161 23 123680 25 124199 28 124719 29 125239 31 125759 32 126279 33 126799 34 127320 34 127841 34 128362 33 128883 32 129404 31 129926 30 130451 25 130972 24 131493 22 132015 20 132537 18 133058 16 133579 15 134100 13 134626 3
76faaed50ed6ea6814ac36199964b86fb09ba7f41a6f213bceaa80d625adc2e1,346673 3 347192 5 347710 8 348229 10 348748 11 349267 12 349787 13 350306 15 350825 17 351345 17 351864 19 352384 19 352904 20 353424 20 353944 21 354464 22 354983 23 355503 23 356023 23 356543 24 357063 24 357583 24 358103 24 358622 25 359142 26 359662 26 360183 25 360703 25 361223 25 361744 24
76faaed50ed6ea6814ac36199964b86fb09ba7f41a6f213bceaa80d625adc2e1,23227 5 23745 8 24264 11 24783 13 25301 15 25820 17 26337 20 26856 22 27375 23 27894 24 28413 25 28932 25 29452 25 29971 26 30491 25 31010 26 31530 26 32050 25 32570 24 33090 24 33610 23 34130 22 34650 21 35170 21 35690 20 36210 20 36730 19 37251 16 37772 14 38293 12
76faaed50ed6ea6814ac36199964b86fb09ba7f41a6f213bceaa80d625adc2e1,283399 2 283918 3 284437 4 284956 5 285474 7 285992 9 286511 10 287030 11 287549 12 288069 12 288589 12 289109 12 289628 13 290148 13 290667 14 291187 14 291707 14 292227 14 292747 14 293267 14 293787 11 294308 9 294829 6 295351 2
76faaed50ed6ea6814ac36199964b86fb09ba7f41a6f213bceaa80d625adc2e1,4618 8 5136 10 5655 11 6175 11 6694 11 7213 12 7733 12 8252 14 8772 14 9291 15 9811 15 10331 15 10851 16 11371 17 11891 17 12412 16 12932 16 13451 18 13971 20 14491 21 15011 21 15531 20 16051 20 16572 18 17092 17 17612 15 18133 12 18655 8 19177 2
76faaed50ed6ea6814ac36199964b86fb09ba7f41a6f213bceaa80d625adc2e1,12876 9 13394 13 13911 17 14430 18 14948 21 15466 23 15984 25 16503 26 17022 27 17541 27 18060 28 18579 28 19098 29 19617 29 20136 30 20656 29 21175 30 21695 29 22215 29 22734 29 23254 29 23774 28 24294 27 24814 26 25334 26 25854 25 26374 24 26894 23 27415 21 27936 18 28457 16 28978 13 29499 10
76faaed50ed6ea6814ac36199964b86fb09ba7f41a6f213bceaa80d625adc2e1,328170 3 328687 8 329206 10 329725 12 330244 14 330763 16 331282 17 331802 17 332321 19 332840 20 333360 20 333879 21 334399 21 334918 22 335438 21 335958 21 336477 22 336997 22 337516 23 338036 23 338556 22 339075 23 339595 23 340115 22 340635 22 341154 23 341674 22 342194 22 342714 21 343234 20 343754 19 344274 19 344795 17 345315 16 345836 14 346357 12 346878 9 347400 5
76faaed50ed6ea6814ac36199964b86fb09ba7f41a6f213bceaa80d625adc2e1,37189 7 37708 10 38227 12 38746 14 39265 15 39785 16 40304 17 40824 18 41344 18 41863 20 42383 20 42903 20 43422 21 43942 22 44462 22 44982 22 45502 23 46022 23 46542 23 47062 23 47582 23 48102 23 48622 23 49142 23 49662 23 50182 23 50702 23 51223 22 51743 22 52263 22 52783 22 53304 20 53824 20 54345 19 54865 18 55386 17 55907 15 56429 12 56950 9 57472 5
76faaed50ed6ea6814ac36199964b86fb09ba7f41a6f213bceaa80d625adc2e1,244929 6 245448 9 245967 13 246487 15 247006 17 247525 19 248044 21 248564 22 249084 23 249604 23 250124 24 250644 25 251164 25 251684 26 252203 28 252723 28 253243 28 253762 30 254281 31 254801 31 255321 31 255841 32 256361 32 256881 32 257401 32 257921 32 258442 31 258963 30 259484 28 260004 28 260525 27 261046 25 261567 24 262087 24 262607 23 263128 22 263649 21 264170 19 264691 17 265212 14 265737 8
76faaed50ed6ea6814ac36199964b86fb09ba7f41a6f213bceaa80d625adc2e1,284680 12 285197 18 285714 23 286232 26 286749 30 287268 32 287787 34 288306 35 288825 37 289344 38 289863 39 290383 39 290903 39 291422 40 291942 40 292462 40 292982 39 293502 39 294023 37 294543 36 295064 34 295584 33 296105 31 296626 28 297147 25 297669 20 298191 13
76faaed50ed6ea6814ac36199964b86fb09ba7f41a6f213bceaa80d625adc2e1,149545 2 150064 8 150584 10 151103 13 151623 14 152142 16 152662 18 153181 20 153701 21 154221 22 154741 22 155261 23 155781 24 156301 24 156821 25 157342 25 157862 25 158382 26 158903 25 159423 26 159943 27 160463 28 160983 29 161504 28 162024 29 162544 29 163065 29 163585 29 164106 29 164626 29 165147 29 165668 28 166188 29 166709 28 167229 29 167750 28 168270 28 168791 28 169311 29 169832 28 170353 27 170873 28 171394 27 171915 26 172436 25 172957 24 173478 23 173998 24 174519 23 175040 22 175561 21 176082 20 176603 18 177124 17 177645 15 178166 14 178688 11 179209 9
76faaed50ed6ea6814ac36199964b86fb09ba7f41a6f213bceaa80d625adc2e1,228 19 747 21 1266 22 1785 24 2305 24 2824 26 3344 26 3864 26 4383 27 4903 27 5423 27 5943 27 6463 27 6983 27 7503 27 8023 26 8543 26 9063 26 9584 24 10104 24 10624 24 11144 23 11665 22 12185 22 12705 21 13226 20 13746 20 14267 19 14787 19 15308 17 15828 17 16349 15 16869 15 17390 13 17911 11 18432 9 18954 5
76faaed50ed6ea6814ac36199964b86fb09ba7f41a6f213bceaa80d625adc2e1,154377 19 154896 23 155415 25 155933 28 156452 30 156972 30 157492 31 158013 30 158533 30 159053 31 159574 30 160094 30 160615 29 161136 28 161657 27 162177 27 162698 25 163219 23 163740 21 164262 18 164784 14 165308 8
76faaed50ed6ea6814ac36199964b86fb09ba7f41a6f213bceaa80d625adc2e1,336240 2 336757 7 337276 9 337794 12 338313 14 338832 15 339351 16 339871 16 340390 17 340909 18 341428 19 341947 20 342467 20 342986 21 343506 20 344025 21 344545 21 345064 21 345584 21 346104 21 346624 21 347144 20 347663 21 348183 21 348703 21 349223 21 349743 21 350263 20 350783 20 351303 20 351823 19 352343 19 352864 18 353385 16 353905 16 354425 15 354946 13 355466 13 355987 11 356508 8
76faaed50ed6ea6814ac36199964b86fb09ba7f41a6f213bceaa80d625adc2e1,135007 8 135523 14 136040 18 136557 21 137076 22 137596 22 138116 22 138636 21 139157 19 139678 18 140199 16 140721 13 141242 12 141766 4
76faaed50ed6ea6814ac36199964b86fb09ba7f41a6f213bceaa80d625adc2e1,136391 7 136909 11 137426 15 137944 18 138463 20 138981 22 139500 23 140019 24 140538 25 141057 25 141576 26 142095 26 142615 26 143134 26 143654 25 144173 26 144693 25 145212 25 145732 24 146252 23 146772 22 147292 22 147812 21 148332 19 148852 18 149373 16 149893 14 150414 12 150935 9 151457 2
76faaed50ed6ea6814ac36199964b86fb09ba7f41a6f213bceaa80d625adc2e1,65747 7 66264 11 66782 14 67301 16 67819 18 68338 19 68857 20 69376 22 69894 24 70412 25 70931 26 71450 27 71969 27 72487 28 73005 30 73524 30 74044 29 74564 28 75083 28 75603 27 76123 25 76644 23 77165 20 77686 17 78207 10 78734 2
76faaed50ed6ea6814ac36199964b86fb09ba7f41a6f213bceaa80d625adc2e1,133378 4 133897 7 134416 9 134935 11 135454 13 135973 14 136493 15 137012 17 137532 18 138052 18 138571 20 139091 20 139611 20 140131 20 140651 20 141172 19 141692 19 142212 20 142732 20 143252 20 143772 20 144292 20 144812 20 145332 20 145852 20 146373 19 146893 19 147414 17 147934 16 148454 16 148975 15 149496 13 150018 10 150540 7 151061 3
76faaed50ed6ea6814ac36199964b86fb09ba7f41a6f213bceaa80d625adc2e1,304488 10 305005 15 305524 18 306042 21 306561 22 307080 24 307599 25 308118 27 308636 29 309155 30 309674 31 310193 32 310713 32 311232 32 311751 33 312270 33 312789 34 313308 34 313827 34 314347 33 314867 32 315387 31 315907 30 316427 27 316947 25 317468 21 317989 17 318510 13 319036 2
76faaed50ed6ea6814ac36199964b86fb09ba7f41a6f213bceaa80d625adc2e1,328533 7 329051 11 329570 13 330088 16 330607 18 331126 19 331645 21 332164 22 332683 23 333202 24 333722 24 334241 26 334760 27 335280 26 335799 27 336318 28 336837 29 337357 28 337877 28 338396 28 338916 28 339436 28 339956 27 340476 27 340995 27 341515 26 342035 26 342555 25 343075 24 343595 23 344115 22 344635 21 345155 21 345675 20 346195 19 346715 18 347236 16 347757 14 348278 11 348799 9 349322 2
76faaed50ed6ea6814ac36199964b86fb09ba7f41a6f213bceaa80d625adc2e1,148198 3 148716 5 149235 6 149754 7 150273 8 150793 8 151312 9 151832 9 152352 9 152873 8 153393 8 153914 7 154434 7 154954 7 155474 7 155995 6 156516 5 157036 5 157557 4 158078 3 158598 3 159119 2
76faaed50ed6ea6814ac36199964b86fb09ba7f41a6f213bceaa80d625adc2e1,89404 4 89922 8 90441 10 90960 12 91480 13 91999 14 92519 15 93039 15 93558 16 94078 17 94598 17 95118 17 95638 17 96158 17 96678 18 97198 18 97718 18 98238 18 98758 18 99278 17 99798 17 100319 16 100839 16 101359 16 101880 14 102400 14 102920 14 103440 13 103961 12 104481 11 105002 9 105523 7 106045 4
76faaed50ed6ea6814ac36199964b86fb09ba7f41a6f213bceaa80d625adc2e1,144561 2 145081 3 145601 5 146121 8 146641 9 147161 10 147681 11 148201 12 148721 13 149241 13 149761 13 150281 13 150801 12 151321 11 151842 4
76faaed50ed6ea6814ac36199964b86fb09ba7f41a6f213bceaa80d625adc2e1,69295 11 69811 17 70323 26 70840 30 71359 31 71877 34 72396 35 72916 35 73436 35 73955 36 74475 36 74995 36 75515 35 76035 34 76556 32 77076 32 77596 31 78117 29 78638 28 79159 26 79680 24 80202 21 80723 18 81245 15 81767 7
76faaed50ed6ea6814ac36199964b86fb09ba7f41a6f213bceaa80d625adc2e1,53086 4 53602 9 54121 12 54640 14 55156 19 55675 21 56195 21 56715 21 57235 22 57755 24 58276 24 58796 25 59315 27 59835 28 60356 27 60876 27 61397 26 61917 26 62438 25 62959 23 63480 22 64000 21 64521 19 65044 15 65566 12 66088 6
76faaed50ed6ea6814ac36199964b86fb09ba7f41a6f213bceaa80d625adc2e1,240915 5 241433 11 241951 15 242470 17 242990 18 243509 20 244028 22 244548 22 245067 24 245587 24 246107 24 246626 25 247146 25 247665 26 248185 26 248704 26 249224 26 249744 26 250263 26 250783 26 251303 26 251823 25 252342 26 252862 25 253382 25 253902 24 254422 24 254942 23 255462 23 255982 22 256502 21 257023 19 257543 18 258064 16 258584 15 259105 13 259626 11 260148 8
76faaed50ed6ea6814ac36199964b86fb09ba7f41a6f213bceaa80d625adc2e1,40069 3 40588 5 41107 8 41626 11 42145 14 42665 15 43185 17 43704 19 44223 21 44743 21 45262 22 45782 22 46301 23 46820 23 47338 24 47857 25 48377 24 48897 23 49417 23 49937 22 50457 22 50978 20 51499 18 52020 16 52541 15 53062 14 53583 13 54104 12 54625 11 55146 10 55667 8 56187 8 56708 7 57229 6
76faaed50ed6ea6814ac36199964b86fb09ba7f41a6f213bceaa80d625adc2e1,52966 4 53484 9 54002 14 54521 17 55040 19 55560 20 56079 22 56599 23 57119 24 57639 25 58159 26 58680 25 59200 26 59720 26 60241 25 60761 26 61281 26 61802 25 62323 24 62843 23 63364 22 63885 21 64405 21 64926 20 65447 18 65969 16 66491 13 67012 11 67535 6
76faaed50ed6ea6814ac36199964b86fb09ba7f41a6f213bceaa80d625adc2e1,263625 3 264144 5 264663 7 265182 8 265701 10 266220 11 266739 12 267258 14 267778 14 268297 16 268817 17 269337 18 269856 19 270376 20 270896 20 271416 20 271936 20 272456 20 272975 22 273495 22 274015 21 274535 20 275056 19 275576 19 276096 20 276616 20 277137 19 277657 19 278177 19 278697 19 279217 19 279737 19 280257 19 280777 19 281297 19 281817 19 282338 18 282859 16 283384 9 283907 5
76faaed50ed6ea6814ac36199964b86fb09ba7f41a6f213bceaa80d625adc2e1,80376 7 80893 13 81412 16 81931 19 82451 21 82970 23 83490 24 84009 26 84529 27 85050 26 85570 27 86090 27 86610 28 87131 27 87652 26 88174 24 88695 23 89218 20 89739 18 90261 15 90785 8
76faaed50ed6ea6814ac36199964b86fb09ba7f41a6f213bceaa80d625adc2e1,148282 3 148798 14 149316 17 149835 19 150354 21 150874 22 151393 23 151912 25 152432 25 152951 26 153470 27 153990 27 154509 28 155029 28 155549 28 156068 29 156588 28 157108 28 157628 27 158149 25 158669 24 159190 22 159711 20 160234 16 160757 12
76faaed50ed6ea6814ac36199964b86fb09ba7f41a6f213bceaa80d625adc2e1,160570 8 161089 11 161608 13 162127 16 162646 18 163166 20 163686 22 164206 24 164726 25 165246 26 165766 28 166286 29 166806 30 167327 30 167848 30 168369 29 168889 29 169410 29 169931 28 170452 27 170972 26 171493 25 172014 24 172534 23 173055 21 173576 19 174098 15 174620 11 175141 4
76faaed50ed6ea6814ac36199964b86fb09ba7f41a6f213bceaa80d625adc2e1,92963 5 93481 9 94000 14 94519 16 95038 18 95558 19 96078 20 96597 22 97117 23 97636 24 98156 25 98676 26 99196 26 99715 28 100235 28 100755 29 101275 29 101795 29 102316 29 102836 29 103356 29 103876 29 104396 29 104917 28 105437 28 105958 26 106478 26 106999 25 107520 23 108041 20 108562 18 109084 14 109606 10
76faaed50ed6ea6814ac36199964b86fb09ba7f41a6f213bceaa80d625adc2e1,356998 6 357516 10 358034 13 358553 15 359072 17 359591 19 360110 21 360630 22 361149 23 361669 23
76faaed50ed6ea6814ac36199964b86fb09ba7f41a6f213bceaa80d625adc2e1,103481 2 104001 9 104521 11 105041 12 105561 13 106081 14 106601 14 107121 15 107641 15 108161 15 108681 15 109201 15 109721 15 110241 14 110761 13 111281 12 111801 11 112321 9 112841 6
76faaed50ed6ea6814ac36199964b86fb09ba7f41a6f213bceaa80d625adc2e1,72370 4 72889 6 73408 8 73927 12 74446 16 74964 19 75483 21 76002 22 76522 23 77042 23 77562 23 78082 24 78602 24 79122 25 79643 25 80163 25 80684 24 81204 24 81724 24 82244 23 82764 22 83285 21 83806 20 84326 20 84846 21 85367 20 85888 19 86409 17 86931 14 87452 13 87974 10 88497 4
76faaed50ed6ea6814ac36199964b86fb09ba7f41a6f213bceaa80d625adc2e1,218585 12 219101 18 219618 23 220136 26 220655 28 221173 31 221692 33 222211 34 222730 36 223249 37 223768 39 224288 39 224807 40 225327 40 225847 40 226367 39 226887 39 227407 38 227928 36 228448 34 228969 27 229490 21 230013 7
76faaed50ed6ea6814ac36199964b86fb09ba7f41a6f213bceaa80d625adc2e1,240584 11 241100 19 241616 25 242135 29 242654 33 243173 35 243692 39 244212 40 244732 42 245252 44 245772 45 246292 46 246813 45 247333 46 247854 45 248375 44 248896 43 249417 42 249938 41 250459 39 250982 35 251504 32 252028 26 252550 22 253081 5
76faaed50ed6ea6814ac36199964b86fb09ba7f41a6f213bceaa80d625adc2e1,26407 6 26925 10 27443 13 27962 14 28481 16 29000 17 29519 19 30039 19 30558 21 31078 21 31597 23 32117 23 32636 24 33156 24 33676 24 34196 25 34716 25 35235 26 35755 26 36275 27 36795 27 37315 27 37836 26 38356 26 38876 26 39396 26 39917 25 40438 24 40958 24 41479 23 42000 22 42521 20 43043 17 43564 16 44086 13 44608 9 45130 5
76faaed50ed6ea6814ac36199964b86fb09ba7f41a6f213bceaa80d625adc2e1,316145 4 316663 9 317182 11 317701 13 318221 13 318741 14 319260 16 319780 19 320300 21 320820 21 321340 21 321861 20 322381 20 322902 19 323422 19 323943 18 324464 17 324985 16 325506 15 326026 15 326547 14 327068 13 327589 12 328110 11 328631 10 329153 8 329675 6
76faaed50ed6ea6814ac36199964b86fb09ba7f41a6f213bceaa80d625adc2e1,171365 11 171884 14 172402 18 172921 21 173440 23 173959 25 174479 26 174999 26 175518 28 176038 28 176558 29 177078 30 177599 30 178119 30 178639 31 179160 30 179681 29 180202 28 180722 28 181243 27 181765 25 182286 24 182807 23 183329 21 183850 20 184372 17 184894 14 185416 10
76faaed50ed6ea6814ac36199964b86fb09ba7f41a6f213bceaa80d625adc2e1,95768 3 96286 9 96805 15 97324 20 97844 22 98364 23 98884 26 99404 27 99924 30 100444 31 100964 32 101484 33 102004 33 102525 32 103045 33 103565 34 104085 34 104606 33 105126 33 105647 32 106168 31 106689 30 107210 28 107731 26 108252 25 108774 22 109296 19 109818 15 110342 7
76faaed50ed6ea6814ac36199964b86fb09ba7f41a6f213bceaa80d625adc2e1,328255 2 328774 4 329290 8 329808 10 330326 13 330845 15 331364 17 331883 19 332402 20 332922 20 333442 21 333962 22 334481 24 335001 25 335521 25 336042 24 336562 24 337082 24 337602 24 338122 23 338642 22 339163 20 339684 19 340205 17 340726 15 341246 15 341766 15 342286 14 342807 12 343327 11 343847 10 344368 8 344891 2
76faaed50ed6ea6814ac36199964b86fb09ba7f41a6f213bceaa80d625adc2e1,353582 9 354093 22 354611 25 355129 28 355647 32 356166 34 356685 36 357204 37 357723 38 358242 39 358761 40 359281 40 359802 39 360322 39 360841 40 361360 41 361880 41
76faaed50ed6ea6814ac36199964b86fb09ba7f41a6f213bceaa80d625adc2e1,111047 3 111566 5 112086 5 112606 5 113126 4 113647 2
76faaed50ed6ea6814ac36199964b86fb09ba7f41a6f213bceaa80d625adc2e1,276733 8 277252 10 277771 12 278290 14 278809 15 279329 16 279848 17 280367 19 280887 19 281406 20 281926 20 282445 21 282965 21 283484 22 284004 22 284523 23 285043 23 285563 23 286082 24 286602 24 287122 24 287641 25 288161 25 288680 26 289200 25 289719 26 290239 26 290759 25 291279 25 291798 25 292318 25 292838 24 293358 24 293877 24 294397 23 294917 22 295437 22 295958 20 296478 20 296999 18 297519 17 298039 16 298560 13 299081 10 299604 5
76faaed50ed6ea6814ac36199964b86fb09ba7f41a6f213bceaa80d625adc2e1,257277 16 257795 21 258312 26 258830 29 259349 31 259867 35 260386 37 260905 38 261424 39 261943 41 262462 42 262981 43 263500 44 264020 44 264539 45 265059 44 265579 44 266098 44 266618 44 267138 43 267658 42 268179 40 268699 39 269219 38 269740 36 270261 34 270783 31 271305 28 271828 23 272351 18 272879 6
76faaed50ed6ea6814ac36199964b86fb09ba7f41a6f213bceaa80d625adc2e1,209943 12 210459 20 210976 24 211494 28 212013 31 212532 33 213050 37 213569 39 214088 40 214607 42 215126 44 215646 44 216166 44 216685 45 217205 45 217725 45 218245 44 218765 44 219286 42 219806 41 220327 38 220848 35 221369 32 221890 27 222412 20 222935 12
76faaed50ed6ea6814ac36199964b86fb09ba7f41a6f213bceaa80d625adc2e1,1516 7 2034 10 2552 13 3070 15 3589 17 4108 18 4627 19 5146 19 5666 19 6186 19 6705 20 7225 20 7745 20 8266 20 8786 20 9306 20 9826 20 10346 20 10867 19 11388 17 11908 16 12428 15 12948 13 13469 11 13991 8 14512 6
76faaed50ed6ea6814ac36199964b86fb09ba7f41a6f213bceaa80d625adc2e1,53371 2 53886 11 54404 16 54923 20 55442 23 55962 25 56482 26 57002 27 57522 29 58042 30 58563 29 59083 30 59604 29 60125 29 60646 28 61167 27 61688 26 62209 25 62731 23 63252 21 63775 17 64296 14 64820 8 65343 2
76faaed50ed6ea6814ac36199964b86fb09ba7f41a6f213bceaa80d625adc2e1,119094 17 119611 23 120129 28 120648 31 121167 34 121686 36 122205 38 122721 43 123241 43 123761 44 124281 44 124801 44 125321 44 125841 44 126363 42 126884 41 127405 40 127926 38 128447 37 128970 33 129492 30 130015 26 130537 22 131061 16 131587 6
76faaed50ed6ea6814ac36199964b86fb09ba7f41a6f213bceaa80d625adc2e1,44361 8 44879 12 45397 16 45915 19 46434 21 46953 23 47472 25 47991 27 48510 29 49030 30 49549 32 50068 34 50588 34 51108 35 51627 36 52147 36 52667 36 53186 37 53706 37 54226 36 54746 36 55267 34 55787 33 56308 31 56830 28 57352 25 57882 14 58403 11 58927 3
76faaed50ed6ea6814ac36199964b86fb09ba7f41a6f213bceaa80d625adc2e1,23934 4 24453 6 24972 8 25491 10 26010 12 26529 14 27049 15 27569 15 28089 16 28610 16 29130 17 29650 18 30170 18 30690 17 31210 17 31730 17 32251 16 32771 17 33292 17 33813 16 34333 16 34853 16 35374 15 35894 14 36414 14 36935 14 37455 15 37976 16 38497 15 39017 15 39537 14 40058 11 40579 9 41100 7 41621 5
76faaed50ed6ea6814ac36199964b86fb09ba7f41a6f213bceaa80d625adc2e1,19440 4 19958 8 20477 11 20996 14 21516 15 22036 16 22555 18 23075 18 23595 19 24116 19 24636 19 25156 20 25676 20 26196 21 26716 21 27237 21 27757 22 28277 22 28797 23 29317 23 29837 24 30358 23 30878 24 31398 24 31919 24 32439 24 32960 23 33480 23 34000 24 34521 23 35041 23 35561 23 36082 22 36603 21 37124 21 37644 21 38165 20 38687 18 39208 17 39729 16 40250 15 40771 14 41293 11 41814 10 42335 9 42856 7
76faaed50ed6ea6814ac36199964b86fb09ba7f41a6f213bceaa80d625adc2e1,74197 8 74711 17 75230 19 75749 21 76268 23 76787 25 77307 26 77826 27 78346 27 78865 29 79385 30 79906 29 80426 30 80946 30 81467 29 81987 29 82508 28 83028 28 83549 27 84070 26 84591 25 85112 24 85632 24 86153 23 86674 22 87195 20 87716 19 88237 18 88758 16 89279 15 89800 13 90322 11 90844 8 91366 3
76faaed50ed6ea6814ac36199964b86fb09ba7f41a6f213bceaa80d625adc2e1,72295 3 72813 9 73331 13 73849 17 74368 19 74888 21 75407 23 75927 24 76447 25 76967 26 77486 28 78006 29 78526 30 79047 30 79567 30 80087 31 80607 32 81128 32 81649 32 82169 33 82689 33 83210 33 83730 33 84251 32 84771 32 85292 32 85813 31 86334 30 86854 30 87375 28 87896 27 88418 24 88939 23 89461 20 89983 17 90506 13 91028 9
76faaed50ed6ea6814ac36199964b86fb09ba7f41a6f213bceaa80d625adc2e1,131140 11 131659 13 132178 15 132696 17 133215 18 133735 18 134254 19 134773 20 135292 21 135812 21 136332 20 136852 20 137372 20 137892 19 138413 18 138933 19 139453 19 139972 20 140491 22 141011 22 141531 22 142051 22 142572 21 143093 19 143614 18 144135 16 144656 14 145178 11 145700 7
