777f7c4269279951ae05b56e806745e613297d411d048c0bce8964afd7d71a4b,128477 5 128826 18 129180 25 129537 29
777f7c4269279951ae05b56e806745e613297d411d048c0bce8964afd7d71a4b,108743 7 109102 9 109461 9 109821 9 110181 8 110541 8 110901 7 111261 7 111621 7 111981 7 112341 6
777f7c4269279951ae05b56e806745e613297d411d048c0bce8964afd7d71a4b,39167 1 39169 1 39522 14 39880 17 40238 21 40596 24 40955 27 41314 29 41673 30 42033 31 42392 33 42752 34 43112 35 43471 36 43831 36 44191 36 44551 37 44910 38 45270 39 45630 39 45990 40 46350 41 46710 42 47070 43 47430 44 47790 44 48150 45 48510 45 48870 46 49231 45 49592 45 49953 44 50313 44 50674 43 51035 42 51396 41 51757 41 52117 41 52477 41 52838 40 53199 39 53560 38 53921 36 54282 35 54643 34 55004 32 55365 31 55726 29 56087 28 56448 26 56810 23 57171 22 57533 18 57901 7
777f7c4269279951ae05b56e806745e613297d411d048c0bce8964afd7d71a4b,68761 5 69121 7 69481 9 69841 10 70201 11 70561 12 70921 13 71281 13 71641 14 72001 14 72361 15 72721 15 73081 15 73441 15 73801 15 74161 15 74521 15 74881 14 75241 14 75601 14 75961 14 76321 13 76681 13 77041 12 77401 12 77761 11 78121 10 78481 9 78841 8 79201 7 79561 6 79921 5
777f7c4269279951ae05b56e806745e613297d411d048c0bce8964afd7d71a4b,162 19 521 21 879 23 1237 26 1596 28 1956 28 2315 30 2675 30 3034 31 3393 32 3752 33 4112 34 4472 34 4831 36 5191 36 5551 36 5911 37 6270 38 6629 40 6988 41 7347 43 7706 44 8066 44 8425 45 8785 45 9145 45 9504 46 9864 46 10224 45 10584 43 10944 42 11304 42 11664 41 12024 40 12384 39 12744 38 13104 37 13464 36 13824 35 14184 34 14544 33 14904 32 15264 31 15624 31 15984 30 16344 29 16704 29 17064 28 17424 27 17785 25 18145 25 18505 24 18866 23 19226 22 19586 21 19947 19 20307 18 20668 16 21029 14 21391 11 21754 5
777f7c4269279951ae05b56e806745e613297d411d048c0bce8964afd7d71a4b,51352 16 51710 21 52067 25 52426 27 52784 30 53143 32 53502 33 53861 34 54220 35 54579 36 54937 38 55295 40 55654 41 56012 43 56370 45 56729 45 57089 45 57448 46 57807 46 58166 47 58525 47 58885 46 59245 46 59605 45 59965 44 60325 44 60685 43 61045 43 61405 42 61765 42 62125 41 62485 40 62846 38 63206 37 63566 36 63927 34 64287 33 64648 31 65009 29 65369 28 65730 26 66091 24 66452 22 66812 20 67173 18 67534 15 67895 12 68257 7
777f7c4269279951ae05b56e806745e613297d411d048c0bce8964afd7d71a4b,125621 5 125977 14 126335 20 126694 25 127052 29 127411 30 127771 30 128130 31 128490 31 128849 32 129209 32 129569 32
777f7c4269279951ae05b56e806745e613297d411d048c0bce8964afd7d71a4b,57379 9 57738 12 58096 16 58455 19 58814 21 59173 23 59532 25 59891 27 60250 28 60609 30 60968 31 61328 31 61687 33 62047 33 62406 34 62765 35 63125 35 63485 35 63845 35 64205 35 64564 36 64924 36 65284 36 65644 36 66003 38 66364 37 66724 38 67085 37 67445 37 67806 37 68166 37 68527 37 68887 37 69248 37 69608 37 69969 37 70330 36 70690 37 71051 36 71411 36 71772 35 72133 34 72493 34 72854 33 73214 33 73575 32 73935 32 74296 31 74657 29 75020 26 75381 25 75742 24 76103 23 76464 21 76825 20 77186 18 77547 17 77908 14 78270 11 78632 6
777f7c4269279951ae05b56e806745e613297d411d048c0bce8964afd7d71a4b,16772 10 17130 14 17487 20 17846 22 18206 23 18565 25 18925 26 19284 28 19643 31 20003 31 20363 32 20722 34 21082 34 21441 36 21801 36 22161 37 22521 37 22880 38 23240 38 23600 39 23960 39 24320 39 24680 39 25040 39 25400 39 25760 39 26120 39 26480 39 26841 38 27201 38 27562 37 27923 36 28283 36 28643 36 29004 35 29364 35 29724 34 30085 33 30445 33 30806 32 31166 32 31526 32 31886 32 32246 32 32607 30 32967 30 33327 29 33687 29 34048 27 34408 26 34768 25 35129 23 35490 21 35850 20 36211 17 36572 15 36933 8
777f7c4269279951ae05b56e806745e613297d411d048c0bce8964afd7d71a4b,112332 9 112691 14 113048 20 113407 22 113766 24 114124 28 114483 31 114842 33 115201 36 115561 38 115921 39 116281 40 116641 41 117001 42 117361 44 117721 45 118081 46 118441 47 118801 50 119161 51 119521 52 119881 53 120241 53 120601 54 120961 55 121321 56 121681 57 122041 58 122401 59 122761 60 123122 60 123482 61 123843 60 124203 61 124564 60 124924 61 125285 60 125646 59 126007 58 126368 57 126729 56 127090 55 127452 53 127813 52 128174 51 128536 49 128897 48 129258 47
777f7c4269279951ae05b56e806745e613297d411d048c0bce8964afd7d71a4b,84640 6 84999 7 85359 7 85720 5
777f7c4269279951ae05b56e806745e613297d411d048c0bce8964afd7d71a4b,101943 13 102301 20 102659 24 103018 26 103378 27 103738 37 104098 39 104461 38 104825 35 105186 34 105548 33 105908 34 106269 33 106629 34 106989 34 107348 35 107708 36 108068 36 108431 33 108794 30 109156 28 109517 27 109878 26 110239 24 110599 24 110960 22 111320 21 111680 21 112040 20 112400 19 112760 18 113120 16 113480 15 113839 13 114198 12 114557 10 114916 9 115277 5
777f7c4269279951ae05b56e806745e613297d411d048c0bce8964afd7d71a4b,92081 13 92437 20 92796 22 93155 24 93513 27 93872 29 94209 10 94231 30 94566 56 94925 58 95285 58 95645 58 96005 59 96365 59 96725 60 97086 59 97446 59 97806 60 98167 59 98527 59 98888 59 99248 59 99609 58 99970 57 100330 57 100691 56 101052 55 101413 53 101774 52 102135 50 102496 49 102856 48 103217 45 103578 43 103939 41 104300 39 104661 37 105022 35 105383 32 105744 28 106105 25 106466 20 106827 16
777f7c4269279951ae05b56e806745e613297d411d048c0bce8964afd7d71a4b,18 15 361 32 721 32 1081 32 1441 32 1801 33 2161 33 2521 33 2881 33 3241 33 3601 32 3961 32 4321 32 4681 31 5041 30 5401 29 5761 9 5777 12 6121 8 6138 10 6481 6 6500 7 6841 5
777f7c4269279951ae05b56e806745e613297d411d048c0bce8964afd7d71a4b,79961 5 80320 7 80679 8 81038 9 81397 10 81757 11 82117 3 82123 5 82477 2 82484 4 82837 2 82844 4 83197 3 83203 5 83557 10 83917 9 84278 7
777f7c4269279951ae05b56e806745e613297d411d048c0bce8964afd7d71a4b,109470 6 109830 7 110189 8 110549 8 110908 9 111268 9 111628 9 111989 8 112350 6
777f7c4269279951ae05b56e806745e613297d411d048c0bce8964afd7d71a4b,42604 8 42956 21 43313 26 43669 32 44027 35 44385 38 44743 41 45096 49 45454 51 45813 53 46171 56 46528 59 46885 63 47241 67 47599 69 47958 70 48318 71 48677 72 49037 72 49397 72 49757 72 50117 72 50478 71 50838 71 51198 70 51559 69 51919 69 52280 67 52641 66 53002 64 53363 63 53724 61 54085 59 54446 56 54807 54 55168 51 55530 46 55891 43 56252 40 56614 34 56977 29 57343 15 57706 7
777f7c4269279951ae05b56e806745e613297d411d048c0bce8964afd7d71a4b,86536 10 86892 17 87250 21 87608 24 87967 26 88326 28 88684 31 89043 32 89402 34 89761 35 90120 36 90479 38 90839 38 91199 38 91558 39 91918 39 92278 40 92637 41 92997 41 93356 42 93716 43 94076 43 94436 43 94795 45 95155 45 95515 45 95875 45 96234 47 96594 47 96953 48 97312 49 97672 49 98031 50 98391 50 98751 50 99111 50 99471 50 99831 50 100191 50 100551 50 100911 49 101271 49 101631 49 101991 49 102351 49 102710 50 103070 50 103430 50 103790 49 104150 49 104511 48 104872 46 105233 16 105250 27 105594 13 105612 25 105955 11 105972 24 106316 9 106333 23 106694 21 107055 19 107416 16 107778 12
777f7c4269279951ae05b56e806745e613297d411d048c0bce8964afd7d71a4b,56521 1 56881 2 57241 2 57601 3 57961 4 58321 4 58681 4 59041 4 59401 4 59761 3 60121 3 60481 2 60841 2 61201 2 61561 2 61921 2 62281 1
777f7c4269279951ae05b56e806745e613297d411d048c0bce8964afd7d71a4b,46469 10 46825 17 47184 24 47543 27 47902 29 48261 30 48620 32 48980 34 49339 37 49699 39 50059 40 50419 43 50779 45 51139 47 51499 49 51859 51 52219 52 52580 52 52940 53 53301 52 53661 53 54021 54 54382 54 54743 53 55104 53 55464 53 55825 53 56186 52 56547 51 56908 51 57269 50 57630 49 57991 48 58352 46 58713 45 59074 44 59434 43 59795 42 60156 40 60517 38 60878 36 61240 33 61601 31 61964 25 62329 18 62694 9
777f7c4269279951ae05b56e806745e613297d411d048c0bce8964afd7d71a4b,81029 4 81388 6 81748 7 82108 7 82468 7 82828 6 83188 5 83548 4 83908 3 84269 1
777f7c4269279951ae05b56e806745e613297d411d048c0bce8964afd7d71a4b,36 24
777f7c4269279951ae05b56e806745e613297d411d048c0bce8964afd7d71a4b,87848 17 88205 23 88564 25 88923 28 89282 30 89641 32 90001 33 90361 33 90721 34 91081 35 91441 36 91801 37 92161 37 92521 38 92881 39 93241 40 93601 41 93961 41 94321 41 94681 41 95041 41 95401 41 95761 41 96121 41 96481 41 96841 41 97201 41 97561 41 97921 41 98281 41 98641 41 99001 40 99361 40 99724 37 100087 33 100448 32 100810 28 101172 22 101534 18 101897 14 102259 10 102620 8 102985 1
777f7c4269279951ae05b56e806745e613297d411d048c0bce8964afd7d71a4b,109711 12 110065 22 110422 28 110780 33 111139 37 111497 41 111856 43 112215 45 112574 47 112933 49 113292 50 113652 51 114011 52 114371 53 114730 55 115090 56 115449 58 115809 59 116169 60 116529 61 116889 61 117249 61 117609 61 117969 61 118330 60 118690 60 119050 60 119411 59 119771 59 120132 58 120492 58 120853 57 121214 55 121575 53 121936 51 122297 49 122659 46 123021 43 123386 37 123751 31 124116 23 124480 17 124843 11
777f7c4269279951ae05b56e806745e613297d411d048c0bce8964afd7d71a4b,104457 4 104816 9 105175 11 105535 13 105895 13 106254 15 106614 15 106974 15 107333 15 107693 15 108054 14 108414 13 108775 11 109135 10 109496 8 109857 7
777f7c4269279951ae05b56e806745e613297d411d048c0bce8964afd7d71a4b,63194 6 63551 12 63909 15 64267 18 64626 19 64985 20 65344 22 65704 23 66063 24 66423 24 66782 26 67142 26 67502 26 67861 27 68220 28 68580 28 68939 29 69299 28 69658 29 70017 30 70377 30 70737 30 71096 30 71455 31 71815 30 72174 31 72534 30 72894 30 73253 30 73613 30 73974 29 74334 28 74694 27 75053 28 75413 27 75773 27 76132 27 76492 27 76851 27 77211 27 77570 27 77930 26 78290 26 78650 25 79009 25 79369 24 79729 24 80089 23 80449 23 80809 22 81169 22 81529 21 81889 21 82249 20 82609 20 82969 19 83330 17 83691 16 84052 14 84412 13 84773 11 85134 9 85499 3
777f7c4269279951ae05b56e806745e613297d411d048c0bce8964afd7d71a4b,96105 7 96461 16 96819 20 97176 24 97533 28 97891 30 98249 32 98606 35 98963 38 99322 39 99681 40 100039 42 100397 44 100756 45 101115 46 101474 47 101833 48 102192 49 102551 50 102910 51 103269 52 103628 53 103987 54 104346 55 104705 56 105064 57 105424 57 105783 58 106142 59 106502 59 106862 59 107222 59 107581 60 107941 60 108300 61 108660 61 109020 61 109380 60 109740 60 110100 59 110460 58 110820 57 111180 57 111541 55 111901 54 112261 53 112621 53 112982 51 113342 50 113703 48 114063 47 114424 45 114785 44 115146 42 115507 40 115868 38 116229 36 116590 34 116951 31 117312 29 117673 26 118034 24 118396 20 118758 15
777f7c4269279951ae05b56e806745e613297d411d048c0bce8964afd7d71a4b,115417 7 115773 15 116131 20 116489 25 116848 28 117206 32 117565 34 117924 35 118283 37 118642 39 119001 40 119360 42 119719 43 120079 43 120438 44 120798 44 121158 44 121518 44 121878 44 122238 44 122598 44 122958 44 123318 43 123679 42 124039 41 124400 40 124761 38 125121 38 125482 36 125842 36 126202 35 126563 34 126923 33 127283 33 127643 32 128003 32 128363 31 128723 30 129083 30 129443 29
777f7c4269279951ae05b56e806745e613297d411d048c0bce8964afd7d71a4b,72614 8 72969 16 73327 19 73685 23 74044 26 74403 28 74762 31 75121 33 75480 35 75840 36 76200 37 76559 38 76919 39 77279 40 77639 41 77999 41 78359 42 78719 42 79079 43 79439 43 79799 43 80159 44 80520 43 80880 44 81240 44 81600 44 81961 43 82321 43 82682 42 83043 41 83403 41 83764 40 84125 39 84486 37 84847 35 85208 34 85569 32 85931 29 86292 27 86653 25 87015 22 87377 19 87738 15
777f7c4269279951ae05b56e806745e613297d411d048c0bce8964afd7d71a4b,27483 3 27842 5 28202 5 28562 5 28923 4 29284 2
777f7c4269279951ae05b56e806745e613297d411d048c0bce8964afd7d71a4b,100838 4 101194 10 101552 14 101911 16 102269 19 102628 21 102986 23 103345 25 103704 26 104063 28 104422 29 104782 29 105141 30 105501 30 105861 30 106221 30 106581 30 106941 30 107302 28 107662 27 108023 26 108383 25 108750 17 109111 15 109476 9 109837 7 110197 3
777f7c4269279951ae05b56e806745e613297d411d048c0bce8964afd7d71a4b,104407 8 104764 15 105123 18 105483 18 105843 18 106203 18 106563 18 106923 18 107283 19 107643 19 108003 20 108363 20 108723 20 109083 19 109444 17 109805 16 110166 13 110527 11 110889 9 111250 8 111612 5
777f7c4269279951ae05b56e806745e613297d411d048c0bce8964afd7d71a4b,3864 13 4220 25 4579 28 4934 35 5292 39 5650 42 6008 47 6365 51 6724 54 7084 57 7443 59 7802 62 8162 64 8522 68 8882 69 9242 70 9602 71 9962 72 10322 72 10682 72 11042 73 11402 73 11762 73 12121 75 12481 75 12841 75 13201 76 13561 76 13921 76 14281 76 14641 76 15002 75 15362 75 15722 75 16083 74 16443 73 16804 72 17164 72 17525 70 17886 69 18246 68 18607 67 18967 66 19328 63 19689 61 20049 60 20410 58 20771 56 21132 54 21493 52 21854 46 22215 43 22576 40 22938 34 23301 28 23663 23 24030 12
777f7c4269279951ae05b56e806745e613297d411d048c0bce8964afd7d71a4b,122 32 482 32 843 30 1205 28 1566 26 1929 22 2291 19 2652 18 3015 14 3378 10 3742 4
777f7c4269279951ae05b56e806745e613297d411d048c0bce8964afd7d71a4b,108427 4 108786 8 109145 11 109504 13 109864 14 110224 15 110584 15 110944 16 111304 16 111664 16 112024 16 112384 16 112745 15 113106 14 113466 14 113827 12 114188 10 114550 7 114911 5 115273 2
777f7c4269279951ae05b56e806745e613297d411d048c0bce8964afd7d71a4b,94883 11 95239 16 95597 19 95955 22 96314 24 96673 25 97032 27 97391 29 97751 31 98111 32 98471 32 98831 33 99190 35 99550 36 99910 37 100270 38 100631 38 100991 39 101351 40 101711 41 102071 42 102432 42 102793 42 103153 43 103514 42 103874 43 104235 43 104595 43 104956 43 105316 43 105676 43 106037 43 106398 42 106758 42 107118 43 107479 42 107839 42 108199 42 108559 42 108919 42 109280 41 109640 41 110000 40 110361 39 110722 38 111082 37 111443 36 111804 34 112165 33 112526 31 112887 29 113248 27 113611 22 113975 14
777f7c4269279951ae05b56e806745e613297d411d048c0bce8964afd7d71a4b,459 8 817 13 1176 15 1535 19 1894 23 2253 25 2613 28 2972 30 3332 30 3692 31 4052 33 4412 34 4772 35 5132 36 5492 37 5852 38 6212 39 6572 40 6932 40 7293 40 7653 41 8014 40 8374 41 8735 41 9095 41 9456 41 9817 40 10177 41 10537 41 10898 41 11259 40 11619 40 11979 41 12340 40 12700 40 13061 39 13421 39 13782 39 14142 39 14503 38 14863 38 15224 37 15584 38 15944 38 16305 37 16665 37 17026 36 17386 36 17747 35 18108 34 18469 33 18829 32 19190 31 19551 29 19912 28 20273 27 20634 26 20996 23 21357 20 21719 17 22081 14 22444 8
777f7c4269279951ae05b56e806745e613297d411d048c0bce8964afd7d71a4b,71494 11 71851 16 72210 18 72569 20 72927 23 73286 24 73645 26 74004 27 74364 27 74723 28 75082 30 75442 30 75801 31 76161 31 76520 32 76880 32 77239 33 77599 33 77958 33 78318 33 78677 34 79037 33 79396 34 79756 33 80115 34 80474 34 80834 33 81193 34 81553 33 81912 33 82271 33 82631 32 82990 32 83350 31 83709 31 84068 31 84428 30 84787 29 85147 28 85507 27 85866 27 86226 26 86586 24 86945 24 87305 24 87664 24 88024 23 88384 22 88744 21 89104 20 89464 19 89824 18 90184 18 90544 17 90905 15 91265 13 91625 12 91986 8
777f7c4269279951ae05b56e806745e613297d411d048c0bce8964afd7d71a4b,128282 16 128636 30 128993 34 129350 39
777f7c4269279951ae05b56e806745e613297d411d048c0bce8964afd7d71a4b,68133 7 68491 11 68849 14 69207 16 69565 18 69924 19 70283 20 70642 21 71001 23 71361 23 71720 24 72080 25 72440 25 72799 27 73159 27 73519 28 73879 28 74239 29 74599 29 74959 30 75319 30 75679 30 76040 30 76400 30 76760 31 77120 31 77480 32 77840 32 78202 31 78564 30 78925 30 79287 29 79649 27 80011 26 80372 25 80733 25 81094 24 81455 24 81816 23 82177 23 82537 23 82898 23 83258 24 83619 23 83979 24 84340 23 84701 22 85061 22 85422 21 85783 19 86144 18 86504 17 86865 16 87225 15 87586 13 87946 13 88307 11 88668 8 89028 7 89389 4
777f7c4269279951ae05b56e806745e613297d411d048c0bce8964afd7d71a4b,77015 8 77373 20 77732 23 78088 29 78445 34 78801 40 79160 41 79518 43 79876 45 80235 46 80594 47 80953 48 81312 49 81671 50 82031 50 82390 51 82749 52 83109 52 83469 52 83829 52 84188 53 84548 53 84908 53 85268 53 85628 53 85988 53 86348 53 86708 53 87068 53 87428 53 87788 53 88148 53 88509 52 88869 52 89229 52 89589 52 89949 52 90310 51 90670 51 91030 51 91391 49 91751 48 92112 46 92472 45 92833 42 93194 40 93555 36 93915 34 94276 31 94637 27 94998 24 95360 20 95721 17 96084 10
777f7c4269279951ae05b56e806745e613297d411d048c0bce8964afd7d71a4b,76747 8 77103 14 77461 18 77820 20 78179 23 78538 26 78897 28 79257 30 79616 33 79976 35 80336 36 80696 37 81056 38 81416 39 81776 40 82136 41 82496 41 82857 41 83217 41 83578 41 83938 41 84299 41 84659 42 85020 41 85380 42 85741 42 86102 42 86463 41 86823 42 87185 40 87545 41 87906 40 88267 40 88628 40 88989 39 89350 39 89710 39 90071 38 90432 37 90792 37 91152 37 91512 37 91873 36 92233 36 92593 36 92953 35 93313 35 93673 34 94033 34 94394 32 94754 31 95114 31 95474 31 95834 31 96195 30 96555 30 96915 30 97276 29 97636 28 97997 27 98357 27 98718 25 99078 24 99439 22 99800 19 100161 17 100522 14 100885 10 101249 4
777f7c4269279951ae05b56e806745e613297d411d048c0bce8964afd7d71a4b,64550 7 64908 10 65266 15 65625 17 65985 18 66344 20 66704 20 67064 21 67423 22 67783 23 68143 23 68503 24 68863 24 69223 25 69583 25 69943 26 70303 27 70663 27 71024 27 71384 27 71744 28 72105 28 72465 28 72826 28 73186 28 73547 28 73907 28 74268 28 74628 29 74989 28 75349 29 75709 29 76070 29 76430 30 76791 30 77151 30 77512 30 77872 31 78233 31 78594 30 78955 30 79316 30 79676 30 80037 29 80397 30 80758 29 81118 29 81479 28 81839 28 82200 27 82560 26 82921 25 83282 23 83642 21 84003 19 84365 16 84727 13 85088 11 85451 5
777f7c4269279951ae05b56e806745e613297d411d048c0bce8964afd7d71a4b,77433 5 77792 7 78152 7 78512 7 78872 7 79233 5
