77ceeb87f560775ac150b8b9b09684ed3e806d0af6f26cce8f10c5fc280f5df2,22106 8 22360 11 22615 13 22869 16 23125 17 23380 19 23635 20 23891 21 24146 23 24402 23 24658 23 24914 23 25170 24 25426 24 25682 24 25938 24 26194 24 26450 23 26706 23 26962 23 27219 21 27475 21 27732 19 27988 18 28245 16 28502 14 28760 11 29018 7
77ceeb87f560775ac150b8b9b09684ed3e806d0af6f26cce8f10c5fc280f5df2,61416 4 61669 10 61923 14 62178 16 62433 19 62688 21 62943 22 63199 23 63454 25 63710 25 63966 25 64222 25 64478 25 64734 25 64990 25 65246 25 65502 25
77ceeb87f560775ac150b8b9b09684ed3e806d0af6f26cce8f10c5fc280f5df2,10850 1 11106 2 11361 3 11616 5 11870 11 12124 14 12379 16 12634 17 12889 18 13144 20 13399 24 13655 24 13911 25 14166 26 14422 26 14678 27 14934 27 15190 27 15446 27 15702 27 15958 27 16215 26 16471 26 16727 25 16984 24 17240 23 17497 21 17754 19 18012 15 18270 11 18529 5
77ceeb87f560775ac150b8b9b09684ed3e806d0af6f26cce8f10c5fc280f5df2,34 26 290 27 545 28 801 28 1057 28 1313 28 1570 27 1826 27 2082 27 2338 26 2595 25 2851 22 3108 20 3364 20 3621 19 3878 17 4135 13 4393 9
77ceeb87f560775ac150b8b9b09684ed3e806d0af6f26cce8f10c5fc280f5df2,45017 8 45270 13 45525 16 45779 19 46034 20 46289 22 46545 23 46800 24 47056 24 47312 24 47568 22 47824 21 48080 20 48336 20 48592 20 48848 19 49105 18 49361 17 49618 15 49874 14 50131 13 50388 12 50645 10 50902 8 51160 5 51419 1
77ceeb87f560775ac150b8b9b09684ed3e806d0af6f26cce8f10c5fc280f5df2,37119 2 37373 4 37628 5 37883 6 38139 6 38394 7 38650 7 38906 7 39161 8 39417 8 39673 8 39929 8 40186 7 40442 7 40698 7 40955 6 41211 6 41468 5 41725 4 41982 3 42239 2
77ceeb87f560775ac150b8b9b09684ed3e806d0af6f26cce8f10c5fc280f5df2,6684 7 6938 11 7193 13 7448 15 7703 17 7959 17 8214 19 8470 19 8725 20 8981 20 9237 20 9493 20 9749 20 10006 18 10262 18 10519 16 10776 14 11033 12 11291 9
77ceeb87f560775ac150b8b9b09684ed3e806d0af6f26cce8f10c5fc280f5df2,57089 3 57345 5 57601 6 57857 7 58113 8 58369 9 58625 9 58881 10 59137 10 59393 10 59649 10 59905 10 60161 10 60417 10 60673 10 60929 9 61185 9 61441 8 61697 7 61953 6 62209 3
77ceeb87f560775ac150b8b9b09684ed3e806d0af6f26cce8f10c5fc280f5df2,6512 10 6767 12 7016 19 7268 24 7521 27 7776 29 8031 30 8287 31 8543 32 8799 33 9056 33 9313 32 9570 25 9596 5 9827 30 10087 26 10344 25 10604 20 10861 18 11119 15 11377 12 11634 10 11890 6
77ceeb87f560775ac150b8b9b09684ed3e806d0af6f26cce8f10c5fc280f5df2,46002 9 46256 13 46511 15 46765 18 47021 19 47276 21 47531 23 47787 23 48043 24 48299 24 48555 24 48811 25 49067 25 49323 25 49580 24 49836 24 50092 24 50349 23 50605 23 50862 22 51118 22 51375 21 51632 19 51888 19 52145 17 52402 16 52659 14 52917 11 53176 7
77ceeb87f560775ac150b8b9b09684ed3e806d0af6f26cce8f10c5fc280f5df2,10312 5 10567 6 10819 10 11074 11 11323 18 11577 20 11831 22 12086 23 12342 23 12598 23 12854 23 13111 22 13367 21 13624 20 13880 19 14137 18 14394 16 14651 14 14908 11 15166 7
77ceeb87f560775ac150b8b9b09684ed3e806d0af6f26cce8f10c5fc280f5df2,8 21 262 23 517 25 772 26 1027 26 1282 27 1538 26 1793 26 2049 24 2305 23 2561 22 2817 21 3073 21 3329 21 3585 20 3841 20 4097 20 4353 20 4609 20 4865 20 5121 19 5377 19 5633 19 5889 18 6145 17 6401 16 6657 15 6913 14 7169 13 7425 11 7681 10 7937 8 8193 6
77ceeb87f560775ac150b8b9b09684ed3e806d0af6f26cce8f10c5fc280f5df2,5946 10 6200 13 6455 19 6710 21 6965 24 7221 25 7477 25 7733 26 7989 26 8245 26 8501 26 8757 26 9013 26 9269 26 9525 26 9781 18 9801 5 10038 16 10058 3 10295 9 10552 7
77ceeb87f560775ac150b8b9b09684ed3e806d0af6f26cce8f10c5fc280f5df2,31168 3 31424 6 31679 8 31935 10 32190 12 32445 13 32701 14 32957 15 33212 16 33468 16 33723 18 33979 18 34235 18 34491 17 34747 17 35003 17 35259 16 35515 15 35771 14 36029 10
77ceeb87f560775ac150b8b9b09684ed3e806d0af6f26cce8f10c5fc280f5df2,96 18 351 20 606 21 861 23 1117 24 1372 25 1628 26 1884 26 2139 27 2395 28 2651 28 2907 28 3163 27 3419 27 3675 27 3932 25 4188 25 4445 23 4702 21 4958 21 5216 18 5473 17 5731 15
77ceeb87f560775ac150b8b9b09684ed3e806d0af6f26cce8f10c5fc280f5df2,18338 1 18590 9 18844 13 19099 15 19354 17 19609 19 19865 20 20120 21 20376 22 20632 23 20888 23 21144 23 21400 24 21656 24 21912 24 22168 24 22425 22 22681 22 22938 21 23194 20 23451 19 23708 17 23965 15 24223 11 24481 6
77ceeb87f560775ac150b8b9b09684ed3e806d0af6f26cce8f10c5fc280f5df2,56273 6 56528 8 56782 12 57037 14 57292 15 57547 16 57803 16 58059 16 58314 17 58570 18 58826 18 59082 18 59338 19 59594 20 59850 20 60105 21 60361 21 60617 21 60873 20 61129 20 61385 19 61641 18 61898 17 62154 9 62164 7 62410 16 62666 15 62923 14 63180 12 63437 10
77ceeb87f560775ac150b8b9b09684ed3e806d0af6f26cce8f10c5fc280f5df2,9985 2 10241 4 10497 6 10753 7 11009 8 11265 8 11521 9 11777 10 12033 10 12289 10 12545 11 12801 11 13057 11 13313 11 13569 11 13825 11 14081 11 14337 11 14593 11 14849 11 15105 11 15361 10 15617 10 15873 9 16129 9 16385 8 16642 6 16900 3
77ceeb87f560775ac150b8b9b09684ed3e806d0af6f26cce8f10c5fc280f5df2,46483 5 46737 10 46991 14 47246 16 47501 18 47756 20 48012 20 48267 22 48523 22 48779 23 49034 24 49290 24 49546 24 49802 25 50058 25 50314 25 50571 23 50827 23 51083 23 51339 23 51596 21 51852 21 52109 19 52366 18 52623 16 52881 13 53139 9
77ceeb87f560775ac150b8b9b09684ed3e806d0af6f26cce8f10c5fc280f5df2,33824 9 34078 13 34333 15 34588 17 34843 19 35098 21 35353 23 35608 24 35864 25 36119 26 36375 26 36631 27 36887 27 37143 27 37399 27 37655 26 37912 25 38169 24 38426 22 38683 20 38941 17 39199 14 39459 7
77ceeb87f560775ac150b8b9b09684ed3e806d0af6f26cce8f10c5fc280f5df2,53692 9 53947 11 54201 14 54456 16 54711 17 54967 18 55223 18 55480 17 55735 18 55991 18 56247 18 56503 18 56759 18 57015 18 57271 18 57527 18 57782 19 58037 20 58293 20 58549 20 58806 19 59062 19 59319 18 59575 18 59832 16 60088 15 60343 13 60600 11 60857 8 61114 6
77ceeb87f560775ac150b8b9b09684ed3e806d0af6f26cce8f10c5fc280f5df2,34470 9 34724 12 34979 16 35233 19 35488 21 35744 22 36000 23 36256 23 36512 24 36769 23 37026 23 37282 23 37538 23 37794 22 38051 20 38308 18 38565 14 38822 12
77ceeb87f560775ac150b8b9b09684ed3e806d0af6f26cce8f10c5fc280f5df2,17910 9 18164 13 18419 14 18674 15 18929 16 19184 17 19440 17 19695 18 19951 18 20207 18 20463 18 20719 18 20975 18 21231 18 21487 18 21743 18 21999 18 22255 18 22512 17 22768 17 23025 16 23282 15 23539 14 23797 12
77ceeb87f560775ac150b8b9b09684ed3e806d0af6f26cce8f10c5fc280f5df2,330 5 584 10 839 12 1093 15 1349 16 1604 18 1859 20 2115 20 2370 21 2626 22 2882 22 3138 22 3394 22 3650 22 3906 21 4162 21 4418 21 4674 20 4930 19 5187 17 5447 12 5704 10 5962 6 6219 4
77ceeb87f560775ac150b8b9b09684ed3e806d0af6f26cce8f10c5fc280f5df2,49385 1 49640 4 49896 7 50151 10 50406 13 50661 15 50917 16 51172 17 51428 18 51683 19 51938 21 52193 22 52447 24 52702 25 52958 25 53214 25 53470 25 53726 25 53982 25 54239 23 54495 23 54751 22 55008 21 55265 19 55522 17 55779 15 56037 11 56296 5
77ceeb87f560775ac150b8b9b09684ed3e806d0af6f26cce8f10c5fc280f5df2,11007 2 11261 4 11515 6 11770 7 12026 7 12281 8 12537 8 12792 9 13048 9 13304 9 13560 9 13816 9 14072 9 14328 9 14585 8 14841 8 15097 8 15354 7 15610 7 15867 6 16124 5 16380 5 16637 4 16894 3 17152 1
77ceeb87f560775ac150b8b9b09684ed3e806d0af6f26cce8f10c5fc280f5df2,18177 1 18433 6 18689 7 18945 10 19201 11 19457 11 19713 12 19969 12 20225 13 20481 13 20737 13 20993 13 21249 13 21505 13 21761 13 22017 13 22273 12 22529 12 22785 11 23041 11 23297 10 23553 9 23809 8 24065 6 24321 4
77ceeb87f560775ac150b8b9b09684ed3e806d0af6f26cce8f10c5fc280f5df2,29097 9 29352 13 29606 18 29861 20 30116 22 30371 24 30627 24 30883 11 30896 10 31139 23 31395 22 31651 22 31906 22 32162 22 32418 21 32674 21 32930 21 33186 20 33443 19 33700 16
77ceeb87f560775ac150b8b9b09684ed3e806d0af6f26cce8f10c5fc280f5df2,14109 5 14362 12 14616 16 14871 18 15126 21 15381 23 15637 23 15892 25 16148 26 16404 26 16659 28 16915 28 17171 28 17427 28 17683 29 17939 29 18195 28 18451 28 18707 28 18963 27 19220 26 19476 25 19733 23 19989 23 20246 21 20503 19 20760 16 21018 13 21276 8
77ceeb87f560775ac150b8b9b09684ed3e806d0af6f26cce8f10c5fc280f5df2,37481 4 37734 10 37988 14 38243 16 38499 17 38754 19 39009 21 39265 22 39521 23 39777 23 40033 23 40289 24 40545 24 40801 24 41058 23 41315 22 41572 21 41829 19 42086 18 42343 16 42600 14 42857 12 43115 9
