785555c0cbb49dad835635217085287a8cc61c27d26f0e106b70c1dfd05784dc,6113 4 6368 6 6623 7 6878 9 7133 10 7389 10 7646 9 7902 9 8158 8 8415 5
785555c0cbb49dad835635217085287a8cc61c27d26f0e106b70c1dfd05784dc,55204 7 55459 9 55715 10 55970 11 56226 12 56481 13 56736 14 56992 14 57248 14 57504 13 57760 12 58017 10 58274 4
785555c0cbb49dad835635217085287a8cc61c27d26f0e106b70c1dfd05784dc,6124 5 6379 7 6634 8 6890 8 7146 8 7402 7 7658 7 7914 7 8171 6 8428 4
785555c0cbb49dad835635217085287a8cc61c27d26f0e106b70c1dfd05784dc,25127 2 25380 7 25635 9 25890 12 26146 13 26402 14 26658 15 26915 14 27172 13 27428 13 27686 11 27943 10 28199 8 28456 6
785555c0cbb49dad835635217085287a8cc61c27d26f0e106b70c1dfd05784dc,41800 3 42055 7 42310 9 42565 10 42821 10 43077 10 43333 10 43589 9 43845 8 44102 6
785555c0cbb49dad835635217085287a8cc61c27d26f0e106b70c1dfd05784dc,38475 3 38730 5 38986 6 39242 7 39499 6 39755 6 40011 6 40267 6 40523 6 40779 5 41036 3
785555c0cbb49dad835635217085287a8cc61c27d26f0e106b70c1dfd05784dc,33335 7 33590 9 33846 9 34101 10 34356 11 34612 11 34868 11 35124 10 35380 9 35636 8 35893 6
785555c0cbb49dad835635217085287a8cc61c27d26f0e106b70c1dfd05784dc,6900 6 7155 8 7411 9 7667 9 7924 8 8180 8 8436 8 8693 6
785555c0cbb49dad835635217085287a8cc61c27d26f0e106b70c1dfd05784dc,44613 6 44868 8 45123 9 45379 10 45635 10 45891 10 46147 10 46403 10 46659 10 46916 8 47173 4 47424 5 47679 8 47935 9 48191 12 48447 13 48704 12 48960 12 49216 12 49473 11 49730 9
785555c0cbb49dad835635217085287a8cc61c27d26f0e106b70c1dfd05784dc,226 10 482 10 738 9 994 9 1250 8 1507 6
785555c0cbb49dad835635217085287a8cc61c27d26f0e106b70c1dfd05784dc,55103 3 55356 7 55611 8 55867 9 56123 9 56379 9 56635 9 56891 9 57147 9 57403 9 57659 9 57915 8 58171 8 58427 7 58684 5
785555c0cbb49dad835635217085287a8cc61c27d26f0e106b70c1dfd05784dc,22532 4 22787 6 23042 8 23297 10 23553 11 23809 11 24065 12 24321 12 24577 12 24833 12 25089 12 25345 11 25602 10 25858 10 26116 7 26372 6 26629 4
785555c0cbb49dad835635217085287a8cc61c27d26f0e106b70c1dfd05784dc,5073 6 5328 8 5584 9 5840 10 6097 9 6354 8 6610 8 6866 8 7123 7 7379 7 7636 5
785555c0cbb49dad835635217085287a8cc61c27d26f0e106b70c1dfd05784dc,54915 9 55170 11 55426 12 55682 13 55939 12 56195 13 56451 13 56708 12 56964 12 57221 11 57478 10 57735 8 57995 3
785555c0cbb49dad835635217085287a8cc61c27d26f0e106b70c1dfd05784dc,15856 4 16111 6 16367 7 16623 7 16880 5 17137 3
785555c0cbb49dad835635217085287a8cc61c27d26f0e106b70c1dfd05784dc,4856 6 5110 9 5365 10 5621 10 5877 10 6133 10 6389 10 6645 10 6906 4 7163 1
785555c0cbb49dad835635217085287a8cc61c27d26f0e106b70c1dfd05784dc,34626 7 34881 9 35137 9 35393 9 35649 9 35905 9 36161 9 36418 7 36675 3
785555c0cbb49dad835635217085287a8cc61c27d26f0e106b70c1dfd05784dc,2775 6 3030 8 3286 10 3542 11 3798 11 4054 11 4310 11 4566 11 4823 10 5080 9 5337 7 5595 4
785555c0cbb49dad835635217085287a8cc61c27d26f0e106b70c1dfd05784dc,11494 8 11749 10 12005 10 12261 10 12517 10 12774 9 13032 7 13289 7 13546 7 13802 8 14059 7 14315 7 14572 6 14829 4
