79dfcbc9361edd3a1ffe81a5bdaa22a197ad1341f3fa64b86a646c2607d6b324,184210 13 184726 21 185236 33 185750 40 186266 46 186783 51 187301 55 187819 57 188337 60 188856 62 189374 64 189892 67 190410 69 190929 70 191448 71 191967 72 192485 74 193004 75 193523 76 194042 77 194561 78 195080 78 195599 79 196118 80 196638 79 197157 80 197677 79 198196 79 198715 79 199235 78 199754 78 200274 78 200793 78 201313 76 201832 76 202352 74 202872 73 203392 71 203912 68 204432 66 204953 62 205473 59 205994 56 206516 51 207037 47 207560 36 208082 30 208607 16
79dfcbc9361edd3a1ffe81a5bdaa22a197ad1341f3fa64b86a646c2607d6b324,297995 8 298510 17 299029 21 299547 25 300066 28 300585 31 301104 34 301623 37 302142 39 302662 42 303181 44 303701 45 304221 47 304741 48 305260 50 305780 52 306300 53 306820 53 307340 55 307859 56 308379 57 308899 58 309419 59 309939 60 310459 60 310980 60 311500 60 312020 61 312540 62 313061 61 313581 62 314102 61 314622 61 315142 62 315663 61 316184 61 316705 60 317225 60 317746 59 318267 59 318788 58 319308 58 319828 59 320349 58 320870 57 321390 57 321911 56 322432 55 322953 54 323474 53 323996 51 324516 51 325038 49 325559 48 326080 46 326601 45 327123 43 327644 41 328165 40 328687 37 329208 35 329730 33 330252 30 330773 28 331296 23 331819 18 332342 13
79dfcbc9361edd3a1ffe81a5bdaa22a197ad1341f3fa64b86a646c2607d6b324,172 56 692 57 1211 59 1731 59 2251 59 2771 59 3292 59 3812 59 4332 60 4852 60 5372 60 5893 59 6413 59 6934 59 7454 59 7975 58 8496 57 9017 56 9537 55 10059 53 10580 52 11102 49 11624 47 12145 46 12667 43 13191 38 13723 25 14248 19 14773 13 15298 4
79dfcbc9361edd3a1ffe81a5bdaa22a197ad1341f3fa64b86a646c2607d6b324,310673 9 311189 17 311706 23 312224 28 312742 33 313259 39 313778 43 314297 47 314816 51 315335 56 315854 58 316374 58 316893 60 317413 61 317933 62 318452 64 318972 64 319492 65 320012 65 320533 64 321053 64 321573 64 322094 63 322615 62 323135 61 323656 60 324177 59 324698 57 325219 55 325740 54 326260 53 326781 51 327302 50 327823 48 328344 46 328865 44 329387 41 329908 38 330429 36 330950 34 331472 30 331993 26 332515 21 333039 14 333563 5
79dfcbc9361edd3a1ffe81a5bdaa22a197ad1341f3fa64b86a646c2607d6b324,49714 8 50231 13 50749 16 51268 19 51786 22 52305 24 52824 26 53343 28 53862 30 54382 31 54901 32 55420 34 55939 35 56458 37 56977 39 57496 40 58016 41 58536 41 59057 42 59577 42 60097 43 60617 43 61137 43 61657 44 62177 44 62697 45 63217 45 63737 46 64257 46 64777 47 65297 47 65817 47 66338 47 66858 47 67378 47 67899 47 68419 47 68939 47 69460 46 69980 47 70500 46 71021 45 71541 45 72062 44 72582 44 73103 43 73623 43 74144 42 74664 42 75184 42 75705 41 76226 40 76747 39 77268 38 77789 36 78310 35 78831 33 79352 32 79874 29 80395 27 80917 24 81440 20 81963 16 82487 9
79dfcbc9361edd3a1ffe81a5bdaa22a197ad1341f3fa64b86a646c2607d6b324,194706 3 195221 13 195739 20 196258 24 196777 27 197296 29 197815 32 198334 34 198852 36 199371 38 199889 41 200407 43 200925 45 201443 48 201962 49 202480 51 202999 52 203518 53 204037 54 204556 55 205076 54 205595 55 206114 56 206634 56 207154 56 207673 56 208193 56 208713 56 209233 56 209752 57 210272 58 210792 58 211312 58 211832 58 212353 57 212873 56 213393 56 213913 56 214433 55 214953 54 215474 52 215994 51 216514 49 217035 47 217556 44 218077 41 218598 37 219119 34 219641 30 220162 27 220685 21 221217 1
79dfcbc9361edd3a1ffe81a5bdaa22a197ad1341f3fa64b86a646c2607d6b324,59367 3 59884 15 60402 20 60921 23 61439 26 61958 29 62477 31 62996 33 63515 35 64034 37 64554 38 65073 39 65592 41 66112 41 66631 43 67150 44 67670 44 68189 46 68708 47 69228 47 69747 48 70266 49 70786 49 71305 50 71825 50 72344 50 72864 50 73383 51 73903 51 74423 50 74942 51 75462 51 75982 50 76502 50 77022 49 77542 48 78062 48 78582 47 79102 46 79622 45 80143 43 80663 42 81184 40 81704 38 82224 37 82745 34 83265 33 83786 31 84306 30 84827 25 85348 21 85869 17 86390 13 86912 7
79dfcbc9361edd3a1ffe81a5bdaa22a197ad1341f3fa64b86a646c2607d6b324,126654 12 127170 20 127685 27 128201 33 128719 37 129237 41 129755 44 130273 47 130792 49 131311 51 131830 53 132349 55 132868 57 133388 57 133907 59 134427 59 134946 61 135466 61 135986 61 136506 62 137026 62 137546 62 138066 62 138586 62 139106 62 139627 61 140147 61 140667 60 141188 59 141709 57 142229 57 142751 54 143272 53 143793 51 144314 50 144836 47 145357 45 145879 42 146401 38 146924 33 147447 27 147971 21 148495 13
79dfcbc9361edd3a1ffe81a5bdaa22a197ad1341f3fa64b86a646c2607d6b324,512 9 1032 9 1551 10 2071 10 2592 9 3113 8 3634 7 4155 6 4677 4
79dfcbc9361edd3a1ffe81a5bdaa22a197ad1341f3fa64b86a646c2607d6b324,183481 10 183493 2 183997 25 184513 31 185030 36 185547 41 186065 45 186584 47 187102 50 187620 52 188138 55 188657 57 189175 59 189694 61 190213 62 190732 63 191251 64 191771 64 192290 65 192809 66 193329 66 193848 67 194368 67 194888 66 195408 66 195928 66 196449 64 196969 64 197489 64 198009 63 198529 62 199050 60 199571 58 200091 57 200612 54 201133 51 201655 46 202177 40 202699 35 203224 25 203754 2 203757 2 203761 1
79dfcbc9361edd3a1ffe81a5bdaa22a197ad1341f3fa64b86a646c2607d6b324,228118 17 228632 29 229148 37 229664 47 230181 54 230698 60 231216 65 231734 69 232253 72 232771 76 233290 79 233810 81 234329 83 234848 86 235368 87 235888 88 236408 89 236928 90 237448 90 237968 90 238488 91 239008 91 239528 91 240049 90 240570 88 241091 87 241612 86 242133 84 242655 82 243177 79 243698 77 244220 74 244742 71 245265 66 245786 63 246308 59 246831 53 247355 44 247879 32 248412 3
79dfcbc9361edd3a1ffe81a5bdaa22a197ad1341f3fa64b86a646c2607d6b324,313 56 833 57 1353 57 1873 57 2393 58 2914 57 3434 57 3954 57 4474 57 4995 56 5515 56 6036 56 6556 56 7076 56 7597 55 8117 55 8638 54 9158 54 9679 53 10199 53 10720 52 11240 52 11760 52 12281 51 12801 50 13321 50 13841 50 14361 49 14882 48 15402 48 15923 47 16443 46 16964 45 17484 44 18005 42 18526 41 19047 39 19568 37 20090 34 20611 33 21132 30 21654 27 22176 23 22698 20 23222 9
