79fe419488ba98494e3baa35c6fef9662eda1efe325d0ab0ac002f5383245d96,75716 3 75971 5 76227 6 76483 7 76739 7 76996 6 77252 6 77509 5 77765 5 78022 3
79fe419488ba98494e3baa35c6fef9662eda1efe325d0ab0ac002f5383245d96,37062 10 37317 13 37570 18 37825 20 38080 21 38336 21 38592 21 38849 19 39105 19 39361 18 39618 15 39876 11 40132 8 40389 5
79fe419488ba98494e3baa35c6fef9662eda1efe325d0ab0ac002f5383245d96,75265 1 75521 1 75777 2 76033 2 76289 3 76545 3 76801 3 77057 4 77313 4 77569 4 77825 4 78081 4 78337 4 78593 4 78849 3 79105 2 79361 1
79fe419488ba98494e3baa35c6fef9662eda1efe325d0ab0ac002f5383245d96,42375 7 42630 9 42885 10 43139 12 43394 13 43650 13 43906 13 44162 12 44418 12 44674 11 44930 9 45186 8 45442 7 45698 6 45954 5 46211 3
79fe419488ba98494e3baa35c6fef9662eda1efe325d0ab0ac002f5383245d96,39918 6 40173 8 40428 9 40682 11 40936 13 41191 14 41445 16 41699 17 41953 18 42207 19 42461 20 42716 21 42971 22 43225 23 43478 25 43731 27 43986 25 44240 25 44495 25 44750 24 45006 22 45262 19 45519 17
79fe419488ba98494e3baa35c6fef9662eda1efe325d0ab0ac002f5383245d96,80765 6 81020 8 81273 12 81528 14 81784 14
79fe419488ba98494e3baa35c6fef9662eda1efe325d0ab0ac002f5383245d96,64701 3 64956 4 65211 6 65466 7 65721 9 65977 9 66232 10 66488 11 66744 12 67000 12 67256 11 67513 10 67770 8 68027 6
79fe419488ba98494e3baa35c6fef9662eda1efe325d0ab0ac002f5383245d96,99 27 353 28 608 29 863 29 1118 29 1373 29 1628 29 1884 29 2138 30 2393 29 2648 28 2903 29 3159 28 3414 28 3670 26 3925 26 4181 25 4434 26 4689 24 4945 19 5201 17 5457 14 5714 7
79fe419488ba98494e3baa35c6fef9662eda1efe325d0ab0ac002f5383245d96,9352 5 9606 8 9861 9 10117 9 10372 10 10628 10 10882 12 11137 12 11393 12 11649 12 11905 12 12161 11 12417 10 12674 8 12932 5
79fe419488ba98494e3baa35c6fef9662eda1efe325d0ab0ac002f5383245d96,76349 3 76604 5 76858 8 77110 13 77365 15 77620 16 77875 17 78130 18 78385 19 78640 20 78895 21 79151 21 79407 20 79663 20 79919 20 80175 19 80431 19 80688 17 80944 16 81201 14 81458 12 81714 12
79fe419488ba98494e3baa35c6fef9662eda1efe325d0ab0ac002f5383245d96,15859 4 16114 9 16369 11 16625 12 16881 13 17136 15 17392 16 17648 17 17904 17 18160 17 18416 17 18672 17 18929 16 19186 14 19442 14 19699 12 19956 11 20214 8 20471 7 20728 5
79fe419488ba98494e3baa35c6fef9662eda1efe325d0ab0ac002f5383245d96,4265 4 4519 9 4773 13 5028 15 5284 15 5539 16 5795 16 6051 16 6307 16 6563 15 6819 14 7076 12 7333 10 7590 6
79fe419488ba98494e3baa35c6fef9662eda1efe325d0ab0ac002f5383245d96,5518 3 5773 8 6029 17 6285 18 6541 18 6797 18 7052 19 7306 20 7560 20 7815 20 8071 19 8327 17 8584 15 8841 11
79fe419488ba98494e3baa35c6fef9662eda1efe325d0ab0ac002f5383245d96,42899 3 43154 6 43410 7 43666 7 43921 8 44176 9 44432 9 44687 10 44943 9 45198 10 45454 9 45710 9 45965 10 46220 11 46475 11 46730 12 46985 12 47239 14 47493 15 47747 16 48002 16 48258 15 48514 14 48770 10 49027 6
79fe419488ba98494e3baa35c6fef9662eda1efe325d0ab0ac002f5383245d96,79032 8 79287 10 79542 12 79797 14 80052 16 80308 16 80564 17 80819 18 81075 18 81331 18 81587 18 81843 17
79fe419488ba98494e3baa35c6fef9662eda1efe325d0ab0ac002f5383245d96,74522 1 74775 5 75030 8 75285 10 75540 13 75795 15 76050 17 76306 18 76562 18 76818 18 77075 17 77332 15 77589 14 77846 12 78103 11 78360 9 78617 7
79fe419488ba98494e3baa35c6fef9662eda1efe325d0ab0ac002f5383245d96,16021 7 16276 9 16531 10 16786 11 17042 10 17297 10 17552 10 17808 10 18063 10 18319 10 18575 9 18830 9 19086 8 19342 7 19598 6 19855 4
79fe419488ba98494e3baa35c6fef9662eda1efe325d0ab0ac002f5383245d96,5236 3 5491 8 5746 11 6001 13 6257 14 6512 16 6768 16 7023 17 7279 18 7534 19 7789 20 8044 21 8297 24 8552 25 8808 24 9064 24 9320 24 9576 23 9832 22 10089 11 10345 9 10602 6
79fe419488ba98494e3baa35c6fef9662eda1efe325d0ab0ac002f5383245d96,60980 6 61235 9 61491 10 61746 12 62002 13 62257 15 62513 16 62769 17 63025 18 63281 18 63537 19 63793 19 64049 19 64305 19 64561 19 64817 18 65073 17 65329 16 65585 14 65842 10
79fe419488ba98494e3baa35c6fef9662eda1efe325d0ab0ac002f5383245d96,47271 4 47526 7 47782 8 48037 9 48292 10 48543 15 48798 16 49054 16 49310 17 49565 18 49820 20 50074 22 50329 23 50584 24 50839 25 51094 25 51350 25 51605 25 51860 25 52116 24 52372 22 52629 18 52886 14 53143 7
79fe419488ba98494e3baa35c6fef9662eda1efe325d0ab0ac002f5383245d96,33793 8 34049 11 34305 12 34561 13 34817 14 35073 15 35329 15 35585 16 35841 16 36097 16 36353 15 36609 15 36865 14 37121 13 37377 12 37633 11 37889 10 38149 5
79fe419488ba98494e3baa35c6fef9662eda1efe325d0ab0ac002f5383245d96,7887 4 8140 8 8393 11 8648 22 8904 24 9159 27 9414 30 9669 32 9925 33 10180 35 10436 36 10692 36 10948 36 11205 35 11462 34 11720 31 11978 29 12235 27 12492 25 12749 22 13006 21 13264 18 13523 14 13781 11 14039 7
79fe419488ba98494e3baa35c6fef9662eda1efe325d0ab0ac002f5383245d96,139 8 394 10 649 12 904 14 1160 15 1415 16 1671 16 1926 17 2181 17 2437 17 2692 17 2947 17 3202 16 3458 15 3713 14 3969 13 4225 12 4481 11 4737 9 4993 7 5249 5 5506 3
79fe419488ba98494e3baa35c6fef9662eda1efe325d0ab0ac002f5383245d96,41729 4 41739 2 41985 14 42241 15 42497 16 42753 17 43009 17 43265 17 43521 17 43777 17 44033 16 44289 15 44547 13 44804 11 45061 9 45318 7 45577 2
79fe419488ba98494e3baa35c6fef9662eda1efe325d0ab0ac002f5383245d96,68619 9 68873 12 69128 14 69383 16 69638 18 69893 19 70148 20 70404 20 70660 21 70916 21 71172 21 71428 21 71684 21 71940 21 72197 20 72453 20 72710 19 72966 18 73223 17 73480 15 73738 12
79fe419488ba98494e3baa35c6fef9662eda1efe325d0ab0ac002f5383245d96,35211 7 35465 10 35719 12 35954 7 35973 14 36206 37 36461 37 36715 39 36970 39 37225 40 37481 40 37737 39 37994 37 38250 37 38506 17 38527 16 38762 14 38784 15 39019 12 39041 13 39275 10 39298 9 39532 8 39555 6 39789 7 39811 2 40050 2
79fe419488ba98494e3baa35c6fef9662eda1efe325d0ab0ac002f5383245d96,32818 8 33073 10 33328 12 33582 17 33836 20 34091 21 34346 23 34601 25 34856 27 35112 27 35368 27 35625 26 35881 25 36137 24 36393 22 36649 21 36906 20 37163 19 37419 19 37676 18 37933 16 38193 11
79fe419488ba98494e3baa35c6fef9662eda1efe325d0ab0ac002f5383245d96,23136 3 23391 5 23647 6 23903 7 24159 8 24415 9 24671 9 24927 9 25183 9 25438 11 25694 11 25949 12 26204 13 26460 13 26716 13 26973 12 27229 11 27486 8
79fe419488ba98494e3baa35c6fef9662eda1efe325d0ab0ac002f5383245d96,18041 4 18288 5 18296 7 18543 7 18551 9 18799 18 19055 18 19312 18 19568 19 19823 21 20078 22 20334 23 20590 24 20846 24 21102 25 21359 24 21616 24 21869 27 22124 28 22380 28 22636 28 22893 26 23151 22 23408 18 23665 17 23922 15
79fe419488ba98494e3baa35c6fef9662eda1efe325d0ab0ac002f5383245d96,65031 6 65286 8 65541 10 65794 14 66049 16 66305 16 66561 16 66818 15 67074 15 67331 13 67587 9 67844 6 68100 5 68356 5 68613 3
79fe419488ba98494e3baa35c6fef9662eda1efe325d0ab0ac002f5383245d96,70212 7 70466 10 70721 12 70976 14 71231 15 71487 16 71743 16 71998 18 72253 19 72509 19 72764 20 73020 20 73277 19 73533 19 73790 18 74047 17 74303 17 74559 17 74815 16 75071 15 75328 13 75585 10
79fe419488ba98494e3baa35c6fef9662eda1efe325d0ab0ac002f5383245d96,75688 7 75942 10 76198 11 76453 13 76708 15 76964 15 77219 17 77474 18 77729 19 77985 19 78240 20 78496 20 78752 20 79008 19 79264 19 79520 19 79776 18 80032 17 80289 15 80545 14 80802 12 81059 10 81316 9 81573 7
79fe419488ba98494e3baa35c6fef9662eda1efe325d0ab0ac002f5383245d96,62401 8 62656 10 62912 11 63168 12 63423 14 63679 14 63935 15 64191 15 64447 15 64704 14 64960 14 65217 13 65473 13 65730 11 65986 10 66242 9 66499 7 66756 5 67012 3
79fe419488ba98494e3baa35c6fef9662eda1efe325d0ab0ac002f5383245d96,39868 4 40123 7 40377 10 40631 12 40884 15 41139 16 41394 17 41650 17 41906 17 42163 9 42173 6 42419 15 42676 14 42932 13 43188 13 43444 12 43700 11 43956 10 44213 8
79fe419488ba98494e3baa35c6fef9662eda1efe325d0ab0ac002f5383245d96,27567 5 27821 9 28076 11 28332 11 28587 13 28843 13 29098 15 29354 17 29608 19 29864 20 30120 22 30376 23 30632 23 30889 22 31145 23 31402 22 31658 21 31914 21 32170 20 32426 19 32684 16
79fe419488ba98494e3baa35c6fef9662eda1efe325d0ab0ac002f5383245d96,24976 3 25230 7 25485 9 25741 10 25996 11 26252 12 26508 12 26764 12 27020 12 27277 11 27534 5 27540 3 27791 3
79fe419488ba98494e3baa35c6fef9662eda1efe325d0ab0ac002f5383245d96,63980 5 64234 12 64489 14 64744 15 64999 16 65255 15 65511 15 65766 16 66021 17 66276 17 66532 17 66788 17 67043 18 67298 19 67554 19 67810 18 68066 17 68322 16 68578 16 68834 16 69090 15 69347 14 69603 14 69859 14 70115 14 70371 14 70628 13 70884 13 71140 13 71397 11 71656 6
79fe419488ba98494e3baa35c6fef9662eda1efe325d0ab0ac002f5383245d96,71525 5 71779 9 72034 11 72289 13 72544 14 72799 15 73054 17 73310 17 73566 17 73822 17 74077 18 74333 18 74589 18 74845 18 75101 18 75357 18 75613 17 75870 16 76126 16 76382 16 76638 16 76894 16 77150 16 77406 16 77662 15 77919 14 78175 13 78431 13 78688 12 78944 11 79201 5
79fe419488ba98494e3baa35c6fef9662eda1efe325d0ab0ac002f5383245d96,68145 7 68400 11 68656 13 68912 14 69168 14 69423 15 69678 16 69933 17 70188 17 70443 18 70698 18 70953 18 71208 19 71463 20 71718 21 71973 21 72227 23 72482 24 72737 25 72992 25 73246 24 73499 26 73754 25 74010 24 74266 23 74523 21 74780 20 75038 18 75295 17 75553 15 75810 14 76067 12 76324 11 76580 10 76836 8 77093 6 77350 4
79fe419488ba98494e3baa35c6fef9662eda1efe325d0ab0ac002f5383245d96,19179 4 19432 10 19685 14 19940 16 20196 17 20452 18 20708 19 20965 20 21221 21 21478 21 21735 20 21992 20 22252 16 22510 14 22766 14 23022 14 23278 14 23534 14 23790 13 24047 12 24303 12 24559 12 24815 12 25071 12 25328 11 25584 11 25841 9
79fe419488ba98494e3baa35c6fef9662eda1efe325d0ab0ac002f5383245d96,71343 4 71598 6 71853 9 72108 11 72364 11 72620 12 72876 12 73132 13 73388 13 73644 13 73900 13 74157 12 74413 11 74670 10 74927 8
79fe419488ba98494e3baa35c6fef9662eda1efe325d0ab0ac002f5383245d96,2734 9 2989 11 3244 12 3500 12 3756 12 4012 11 4269 9 4528 6 4786 3
79fe419488ba98494e3baa35c6fef9662eda1efe325d0ab0ac002f5383245d96,54625 5 54879 8 55129 14 55384 16 55639 19 55893 22 56148 23 56403 24 56659 24 56915 24 57171 23 57427 23 57683 22 57940 20 58197 17 58454 15 58711 13 58967 11 59224 8 59482 4
79fe419488ba98494e3baa35c6fef9662eda1efe325d0ab0ac002f5383245d96,58991 4 59246 6 59501 8 59756 9 60011 10 60266 11 60521 13 60775 16 61029 18 61284 19 61540 19 61795 20 62051 20 62307 20 62562 21 62818 21 63074 21 63330 20 63586 20 63842 20 64098 19 64355 17 64611 16 64868 15 65125 13 65383 10
79fe419488ba98494e3baa35c6fef9662eda1efe325d0ab0ac002f5383245d96,21036 3 21288 9 21542 20 21797 22 22053 23 22308 25 22559 31 22814 32 23069 34 23324 35 23580 35 23836 35 24092 35 24348 35 24604 34 24860 34 25116 33 25372 30 25629 26 25886 23 26143 17 26400 15 26656 13 26913 10 27171 4
79fe419488ba98494e3baa35c6fef9662eda1efe325d0ab0ac002f5383245d96,31066 4 31320 10 31575 12 31830 15 32081 21 32333 26 32588 28 32843 29 33098 31 33353 32 33608 33 33864 33 34119 35 34374 36 34630 36 34885 37 35141 37 35396 37 35651 37 35906 38 36163 36 36419 36 36675 35 36932 32 37189 29 37447 26 37704 24 37960 24 38216 23 38472 22 38728 22 38984 22 39239 22 39495 20 39750 19 40006 18 40262 15 40518 13 40774 10 41031 6 41288 2
79fe419488ba98494e3baa35c6fef9662eda1efe325d0ab0ac002f5383245d96,30442 7 30697 10 30952 22 31208 23 31464 25 31720 25 31977 24 32233 24 32489 24 32745 24 33002 23 33258 23 33515 22 33771 21 34027 20 34284 18 34540 17 34797 14 35054 13 35311 11 35568 9 35824 8 36081 5
79fe419488ba98494e3baa35c6fef9662eda1efe325d0ab0ac002f5383245d96,72616 4 72869 7 73124 8 73378 10 73633 11 73889 11 74145 12 74401 12 74657 12 74913 11 75169 10 75426 8 75685 3
79fe419488ba98494e3baa35c6fef9662eda1efe325d0ab0ac002f5383245d96,218 8 473 10 728 12 984 12 1239 13 1495 13 1751 13 2007 13 2262 14 2518 14 2773 15 3028 16 3283 17 3539 17 3795 17 4052 15 4309 14 4568 10 4828 5
79fe419488ba98494e3baa35c6fef9662eda1efe325d0ab0ac002f5383245d96,23914 3 24169 14 24424 18 24680 19 24936 19 25192 20 25449 19 25705 19 25961 20 26217 20 26473 21 26729 21 26985 21 27241 14 27256 6 27497 21 27753 21 28010 19 28267 16 28523 15 28780 13 29038 9
79fe419488ba98494e3baa35c6fef9662eda1efe325d0ab0ac002f5383245d96,80719 3 80974 5 81229 17 81484 19 81740 19
79fe419488ba98494e3baa35c6fef9662eda1efe325d0ab0ac002f5383245d96,20557 2 20808 8 21062 12 21317 16 21572 21 21827 23 22083 23 22339 23 22595 23 22851 23 23107 23 23363 23 23619 23 23874 24 24130 23 24386 22 24642 22 24899 21 25155 20 25412 5
79fe419488ba98494e3baa35c6fef9662eda1efe325d0ab0ac002f5383245d96,501 4 756 6 1011 8 1262 14 1515 18 1770 20 2026 21 2282 22 2538 22 2795 21 3052 20 3308 21 3565 20 3822 19 4078 19 4334 19 4590 19 4846 19 5103 17 5360 15 5618 11 5875 9 6132 6
79fe419488ba98494e3baa35c6fef9662eda1efe325d0ab0ac002f5383245d96,75646 3 75901 5 76157 5 76412 7 76667 9 76923 9 77178 11 77434 11 77690 12 77945 13 78201 13 78457 13 78713 13 78969 13 79226 12 79482 12 79738 11 79995 10 80252 8
79fe419488ba98494e3baa35c6fef9662eda1efe325d0ab0ac002f5383245d96,40483 6 40737 9 40990 12 41244 15 41497 19 41752 20 42007 21 42262 22 42518 21 42774 21 43029 21 43285 20 43541 19 43797 19 44052 20 44308 20 44564 20 44820 20 45076 19 45331 20 45587 19 45842 20 46098 19 46354 16 46609 14 46865 12 47121 10 47377 7 47634 5
79fe419488ba98494e3baa35c6fef9662eda1efe325d0ab0ac002f5383245d96,69253 2 69506 9 69760 12 70014 15 70268 17 70523 18 70778 19 71033 19 71288 20 71542 22 71797 23 72052 24 72308 23 72564 22 72820 21 73077 19 73333 17 73589 15 73845 14 74102 12 74358 11 74615 6 74872 4
79fe419488ba98494e3baa35c6fef9662eda1efe325d0ab0ac002f5383245d96,64763 3 65018 7 65274 7 65530 7 65786 7 66041 8 66297 8 66552 9 66808 9 67064 9 67319 10 67574 11 67830 11 68086 11 68342 11 68598 10 68854 9 69111 7
79fe419488ba98494e3baa35c6fef9662eda1efe325d0ab0ac002f5383245d96,51548 2 51802 6 52054 11 52309 12 52563 15 52817 17 53070 20 53325 22 53580 23 53835 23 54091 23 54347 23 54604 21 54863 16 55120 9 55378 6 55637 2
79fe419488ba98494e3baa35c6fef9662eda1efe325d0ab0ac002f5383245d96,76218 3 76473 5 76729 6 76985 7 77241 7 77498 6 77755 5 78012 3
79fe419488ba98494e3baa35c6fef9662eda1efe325d0ab0ac002f5383245d96,38523 4 38776 8 39031 10 39285 13 39540 15 39796 15 40052 15 40307 16 40563 16 40819 16 41075 16 41331 16 41587 16 41843 16 42099 15 42356 12 42613 4
79fe419488ba98494e3baa35c6fef9662eda1efe325d0ab0ac002f5383245d96,79635 3 79890 5 80146 5 80402 5 80659 3
79fe419488ba98494e3baa35c6fef9662eda1efe325d0ab0ac002f5383245d96,9364 3 9617 7 9872 9 10128 9 10383 10 10638 11 10894 11 11149 12 11405 12 11661 12 11917 12 12173 12 12429 12 12685 11 12942 7
79fe419488ba98494e3baa35c6fef9662eda1efe325d0ab0ac002f5383245d96,7678 3 7933 4 8189 4 8444 5 8700 5 8956 5 9212 5 9468 5 9723 6 9979 6 10234 7 10490 7 10746 7 11003 6 11260 5 11516 5 11773 4
79fe419488ba98494e3baa35c6fef9662eda1efe325d0ab0ac002f5383245d96,12200 3 12455 7 12711 11 12965 14 13218 18 13473 20 13728 21 13984 22 14239 23 14495 23 14751 23 15007 23 15263 23 15520 22 15776 22 16032 22 16289 21 16545 21 16802 20 17058 19 17314 19 17570 18 17827 17 18084 15 18341 5
79fe419488ba98494e3baa35c6fef9662eda1efe325d0ab0ac002f5383245d96,53661 2 53913 10 54168 13 54423 16 54678 18 54934 18 55189 20 55445 20 55701 21 55957 21 56212 22 56468 22 56724 22 56980 22 57236 22 57492 21 57749 20 58006 19 58264 17 58521 16 58779 13 59036 11
79fe419488ba98494e3baa35c6fef9662eda1efe325d0ab0ac002f5383245d96,43515 3 43770 5 44025 8 44277 12 44531 14 44785 16 45039 18 45293 20 45547 22 45801 23 46054 25 46308 29 46561 32 46815 34 47069 36 47323 38 47578 39 47833 40 48089 40 48345 40 48601 38 48856 37 49112 34 49368 32 49624 30 49880 28 50136 27 50393 25 50654 18 50913 12
79fe419488ba98494e3baa35c6fef9662eda1efe325d0ab0ac002f5383245d96,17092 7 17347 12 17603 15 17859 17 18115 18 18371 19 18627 19 18882 21 19138 21 19394 21 19650 21 19904 23 20160 23 20415 24 20671 23 20927 23 21183 23 21439 21 21695 20 21951 19 22208 17 22464 16 22720 15 22979 11 23236 9 23493 7 23750 4
79fe419488ba98494e3baa35c6fef9662eda1efe325d0ab0ac002f5383245d96,59816 10 60068 15 60323 17 60578 18 60833 19 61088 20 61343 21 61598 21 61853 21 62108 20 62364 17 62620 16 62875 15 63130 15 63386 14 63641 13 63896 13 64152 12 64408 11 64664 9 64921 7 65179 3
79fe419488ba98494e3baa35c6fef9662eda1efe325d0ab0ac002f5383245d96,169 18 424 19 680 19 936 19 1192 19 1448 19 1705 17 1962 15 2219 13 2477 9
79fe419488ba98494e3baa35c6fef9662eda1efe325d0ab0ac002f5383245d96,63666 10 63921 12 64176 13 64432 13 64688 12 64944 11 65200 10 65456 9 65712 8 65969 5
79fe419488ba98494e3baa35c6fef9662eda1efe325d0ab0ac002f5383245d96,79304 4 79559 6 79815 7 80071 8 80328 7 80585 7 80841 8 81098 7 81354 8 81610 8 81867 7
79fe419488ba98494e3baa35c6fef9662eda1efe325d0ab0ac002f5383245d96,42617 7 42871 10 43126 12 43381 13 43636 14 43892 14 44148 14 44404 14 44660 14 44916 14 45172 14 45428 14 45684 14 45940 14 46196 14 46452 14 46708 14 46964 14 47220 13 47476 13 47732 13 47988 13 48244 12 48501 9 48758 7
79fe419488ba98494e3baa35c6fef9662eda1efe325d0ab0ac002f5383245d96,18075 3 18330 9 18584 12 18839 14 19094 15 19349 17 19604 19 19859 20 20115 21 20369 24 20624 26 20880 26 21136 26 21392 26 21648 26 21905 24 22161 14 22176 9 22418 22 22675 19 22932 17 23195 9 23452 7
79fe419488ba98494e3baa35c6fef9662eda1efe325d0ab0ac002f5383245d96,3 19 258 19 514 18 769 18 1025 17 1281 16 1537 15 1793 13 2049 12 2305 11 2561 9 2817 6
