7aae06bc4558829473071defec0b7ab3bfa9c5005548a13da95596bb6a66d105,16185 5 16440 7 16693 11 16948 12 17204 12 17460 12 17717 11 17974 9
7aae06bc4558829473071defec0b7ab3bfa9c5005548a13da95596bb6a66d105,148 9 406 7 663 5 919 5
7aae06bc4558829473071defec0b7ab3bfa9c5005548a13da95596bb6a66d105,27348 4 27602 7 27857 9 28112 11 28367 12 28622 13 28878 13 29134 13 29390 12 29646 11 29902 10 30159 8 30416 4
7aae06bc4558829473071defec0b7ab3bfa9c5005548a13da95596bb6a66d105,43265 5 43521 6 43777 7 44033 7 44289 7 44545 7 44801 7 45059 5 45317 2
7aae06bc4558829473071defec0b7ab3bfa9c5005548a13da95596bb6a66d105,42797 5 43052 7 43307 9 43562 10 43818 10 44074 10 44335 5 44591 2
7aae06bc4558829473071defec0b7ab3bfa9c5005548a13da95596bb6a66d105,21951 3 22206 6 22461 9 22717 10 22973 11 23230 10 23486 10 23743 9 24000 8 24257 6 24514 4
7aae06bc4558829473071defec0b7ab3bfa9c5005548a13da95596bb6a66d105,234 7 489 9 744 11 999 12 1255 12 1512 11 1768 10 2025 8 2282 6
7aae06bc4558829473071defec0b7ab3bfa9c5005548a13da95596bb6a66d105,49031 10 49286 12 49541 13 49797 14 50053 15 50309 16 50565 16 50821 15 51078 15 51335 14 51593 12 51851 10 52109 3
7aae06bc4558829473071defec0b7ab3bfa9c5005548a13da95596bb6a66d105,40160 2 40413 6 40667 9 40922 10 41178 10 41434 10 41690 9 41946 9 42202 8 42459 5
7aae06bc4558829473071defec0b7ab3bfa9c5005548a13da95596bb6a66d105,40590 7 40845 9 41100 11 41355 13 41610 14 41866 14 42122 14 42379 12 42638 8 42895 6
7aae06bc4558829473071defec0b7ab3bfa9c5005548a13da95596bb6a66d105,16258 6 16512 9 16767 11 17022 12 17278 12 17534 12 17791 10 18048 8 18305 4
7aae06bc4558829473071defec0b7ab3bfa9c5005548a13da95596bb6a66d105,33271 7 33526 9 33781 10 34037 10 34293 9 34550 6 34807 4
7aae06bc4558829473071defec0b7ab3bfa9c5005548a13da95596bb6a66d105,33543 6 33799 7 34054 8 34310 8 34566 9 34822 10 35078 11 35334 11 35590 10 35846 9 36105 4
7aae06bc4558829473071defec0b7ab3bfa9c5005548a13da95596bb6a66d105,30467 3 30721 6 30977 9 31233 10 31489 10 31745 9 32002 7
7aae06bc4558829473071defec0b7ab3bfa9c5005548a13da95596bb6a66d105,63333 8 63588 10 63843 11 64099 12 64354 13 64610 13 64866 13 65122 13 65379 12
7aae06bc4558829473071defec0b7ab3bfa9c5005548a13da95596bb6a66d105,39499 3 39753 6 40008 8 40264 8 40520 9 40776 10 41032 11 41288 13 41544 14 41801 13 42057 14 42314 13 42570 13 42826 12 43082 12 43339 11 43595 10 43852 8 44109 6
7aae06bc4558829473071defec0b7ab3bfa9c5005548a13da95596bb6a66d105,36862 3 37117 4 37373 4 37629 4 37885 4 38142 3 38399 2 38656 1
7aae06bc4558829473071defec0b7ab3bfa9c5005548a13da95596bb6a66d105,10671 4 10925 7 11180 9 11435 10 11690 11 11946 11 12201 11 12457 10 12712 10 12968 9 13225 7 13482 5
7aae06bc4558829473071defec0b7ab3bfa9c5005548a13da95596bb6a66d105,38708 4 38963 7 39218 8 39474 9 39730 9 39986 9 40242 9 40499 5 40756 4 41014 1
7aae06bc4558829473071defec0b7ab3bfa9c5005548a13da95596bb6a66d105,22952 3 23207 5 23462 6 23717 8 23973 8 24228 9 24484 8 24739 9 24995 8 25251 7 25508 5 25765 2
7aae06bc4558829473071defec0b7ab3bfa9c5005548a13da95596bb6a66d105,5814 4 6069 6 6324 8 6579 9 6835 9 7091 9 7347 9 7603 9 7860 7
7aae06bc4558829473071defec0b7ab3bfa9c5005548a13da95596bb6a66d105,29943 10 30198 11 30453 12 30709 12 30965 12 31222 11 31478 11 31735 10 31992 8
7aae06bc4558829473071defec0b7ab3bfa9c5005548a13da95596bb6a66d105,26090 4 26344 7 26599 8 26854 10 27110 10 27366 9 27622 9 27878 9 28134 8 28393 4
7aae06bc4558829473071defec0b7ab3bfa9c5005548a13da95596bb6a66d105,6544 5 6797 9 7051 12 7306 13 7561 14 7817 14 8073 14 8329 13 8585 12 8841 11 9098 8
7aae06bc4558829473071defec0b7ab3bfa9c5005548a13da95596bb6a66d105,34538 7 34793 9 35048 10 35303 11 35559 11 35815 9 36072 7 36329 5
7aae06bc4558829473071defec0b7ab3bfa9c5005548a13da95596bb6a66d105,199 9 454 10 710 10 966 9 1222 8 1479 5
7aae06bc4558829473071defec0b7ab3bfa9c5005548a13da95596bb6a66d105,56886 4 57141 5 57397 7 57652 8 57908 8 58164 8 58420 8 58676 8 58933 6
7aae06bc4558829473071defec0b7ab3bfa9c5005548a13da95596bb6a66d105,32706 2 32961 4 33216 6 33471 8 33727 9 33983 9 34239 9 34496 7 34755 2
7aae06bc4558829473071defec0b7ab3bfa9c5005548a13da95596bb6a66d105,15605 3 15860 6 16115 8 16371 8 16626 9 16882 9 17138 9 17394 8 17650 8 17907 6 18164 4
7aae06bc4558829473071defec0b7ab3bfa9c5005548a13da95596bb6a66d105,18742 5 18997 6 19252 8 19508 8 19764 8 20020 8 20276 8 20533 7 20790 5 21047 3
7aae06bc4558829473071defec0b7ab3bfa9c5005548a13da95596bb6a66d105,49153 3 49409 5 49665 7 49921 8 50177 10 50433 10 50690 10 50948 8 51206 6
7aae06bc4558829473071defec0b7ab3bfa9c5005548a13da95596bb6a66d105,27399 4 27650 11 27906 13 28162 13 28418 13 28676 11 28934 9 29193 6 29452 2
7aae06bc4558829473071defec0b7ab3bfa9c5005548a13da95596bb6a66d105,48716 5 48971 7 49227 8 49483 8 49739 8 49995 8 50252 6
7aae06bc4558829473071defec0b7ab3bfa9c5005548a13da95596bb6a66d105,56673 3 56929 4 57183 9 57438 10 57693 11 57948 11 58204 12 58459 14 58714 15 58970 15 59226 15 59482 15 59738 3 59742 11 59999 10 60258 5 60516 1
7aae06bc4558829473071defec0b7ab3bfa9c5005548a13da95596bb6a66d105,45075 3 45330 5 45586 6 45842 6 46097 7 46353 6 46609 6 46865 6 47121 6 47377 6 47633 5 47889 5 48146 4 48403 2
7aae06bc4558829473071defec0b7ab3bfa9c5005548a13da95596bb6a66d105,55676 5 55931 7 56186 9 56441 11 56697 13 56952 15 57208 16 57465 15 57721 15 57976 16 58232 16 58489 14 58745 14 59002 12 59258 12 59515 10 59771 10 60028 8 60286 4
7aae06bc4558829473071defec0b7ab3bfa9c5005548a13da95596bb6a66d105,29672 3 29927 5 30182 6 30437 8 30693 8 30948 9 31204 8 31459 9 31715 8 31971 8 32228 6 32484 4 32740 4
7aae06bc4558829473071defec0b7ab3bfa9c5005548a13da95596bb6a66d105,36740 4 36995 6 37250 7 37506 7 37761 8 38017 8 38273 8 38529 8 38786 6 39043 4
7aae06bc4558829473071defec0b7ab3bfa9c5005548a13da95596bb6a66d105,35351 3 35606 5 35861 7 36116 8 36372 8 36628 8 36884 7 37140 7 37397 5 37654 3
7aae06bc4558829473071defec0b7ab3bfa9c5005548a13da95596bb6a66d105,135 10 391 10 648 9 904 8 1161 7 1419 2
7aae06bc4558829473071defec0b7ab3bfa9c5005548a13da95596bb6a66d105,33599 3 33854 5 34109 7 34365 8 34620 9 34876 10 35132 10 35388 10 35644 9 35901 6 36158 3
7aae06bc4558829473071defec0b7ab3bfa9c5005548a13da95596bb6a66d105,60379 8 60634 11 60890 12 61146 12 61402 12 61658 12 61915 11 62171 10 62428 8 62685 5
7aae06bc4558829473071defec0b7ab3bfa9c5005548a13da95596bb6a66d105,13268 6 13523 8 13779 9 14034 11 14290 11 14547 10 14803 9 15060 7 15318 4
7aae06bc4558829473071defec0b7ab3bfa9c5005548a13da95596bb6a66d105,25085 4 25338 7 25593 8 25848 9 26104 9 26360 9 26615 10 26871 10 27127 10 27383 10 27640 9 27897 8 28155 4
7aae06bc4558829473071defec0b7ab3bfa9c5005548a13da95596bb6a66d105,13315 6 13569 9 13825 10 14081 10 14337 10 14593 9 14849 7 15105 5 15361 2
7aae06bc4558829473071defec0b7ab3bfa9c5005548a13da95596bb6a66d105,20314 6 20569 8 20823 10 21077 13 21332 14 21588 14 21844 14 22101 12 22363 2
7aae06bc4558829473071defec0b7ab3bfa9c5005548a13da95596bb6a66d105,24192 2 24447 5 24703 6 24958 9 25214 11 25470 12 25726 12 25982 12 26239 11 26495 11 26752 9 27008 9 27265 7 27521 6 27778 4 28034 5 28290 5 28547 4 28803 4
7aae06bc4558829473071defec0b7ab3bfa9c5005548a13da95596bb6a66d105,15795 4 16050 6 16305 8 16561 8 16818 8 17074 8 17331 8 17587 8 17844 7 18101 6 18358 4
7aae06bc4558829473071defec0b7ab3bfa9c5005548a13da95596bb6a66d105,21972 3 22227 6 22482 8 22738 9 22994 9 23250 9 23506 9 23762 9 24018 9 24275 8 24532 7 24788 6 25045 4
7aae06bc4558829473071defec0b7ab3bfa9c5005548a13da95596bb6a66d105,39464 7 39719 8 39975 9 40231 9 40487 10 40743 10 41000 9 41256 9 41513 8
7aae06bc4558829473071defec0b7ab3bfa9c5005548a13da95596bb6a66d105,49464 4 49718 7 49973 9 50229 9 50485 9 50741 9 50997 9 51254 8 51511 6 51769 3
7aae06bc4558829473071defec0b7ab3bfa9c5005548a13da95596bb6a66d105,62289 4 62544 6 62800 7 63056 8 63312 8 63568 9 63824 9 64080 10 64336 10 64593 9 64849 8 65105 8 65361 7
7aae06bc4558829473071defec0b7ab3bfa9c5005548a13da95596bb6a66d105,1171 5 1425 10 1681 10 1937 10 2192 11 2448 9 2703 10 2959 10 3215 10 3471 10 3727 9 3985 6
7aae06bc4558829473071defec0b7ab3bfa9c5005548a13da95596bb6a66d105,45628 3 45882 6 46137 7 46393 7 46648 8 46904 8 47160 8 47415 9 47671 9 47928 7 48185 5 48442 3
7aae06bc4558829473071defec0b7ab3bfa9c5005548a13da95596bb6a66d105,28295 6 28551 7 28807 7 29061 9 29317 10 29573 10 29829 10 30085 10 30341 10 30597 10 30853 10 31109 10 31365 10 31621 9 31877 6 32133 5 32389 5 32646 4
7aae06bc4558829473071defec0b7ab3bfa9c5005548a13da95596bb6a66d105,50464 5 50719 8 50975 9 51231 10 51487 11 51744 10 52001 9 52263 3
7aae06bc4558829473071defec0b7ab3bfa9c5005548a13da95596bb6a66d105,34979 3 35233 6 35488 8 35744 8 36000 8 36256 8 36513 7 36770 6 37027 4
7aae06bc4558829473071defec0b7ab3bfa9c5005548a13da95596bb6a66d105,35528 4 35783 6 36039 6 36294 8 36550 8 36806 7 37062 7 37318 7 37574 6 37830 5 38086 4 38343 2
7aae06bc4558829473071defec0b7ab3bfa9c5005548a13da95596bb6a66d105,45672 3 45926 6 46179 10 46434 12 46689 13 46945 13 47201 13 47457 12 47714 9 47971 6 48228 4
7aae06bc4558829473071defec0b7ab3bfa9c5005548a13da95596bb6a66d105,54105 3 54359 7 54614 8 54870 8 55126 8 55383 7 55639 7 55895 6 56151 5
7aae06bc4558829473071defec0b7ab3bfa9c5005548a13da95596bb6a66d105,9353 7 9607 10 9862 12 10118 13 10374 14 10630 15 10886 16 11142 17 11399 17 11655 17 11912 16 12169 14 12429 8
7aae06bc4558829473071defec0b7ab3bfa9c5005548a13da95596bb6a66d105,1395 5 1650 9 1905 12 2161 15 2418 15 2675 15 2933 13 3190 12 3448 10 3706 8 3963 6
7aae06bc4558829473071defec0b7ab3bfa9c5005548a13da95596bb6a66d105,54968 4 55223 6 55478 8 55734 9 55989 10 56245 11 56501 11 56758 10 57015 9 57271 8 57528 6 57786 3
7aae06bc4558829473071defec0b7ab3bfa9c5005548a13da95596bb6a66d105,55622 5 55877 8 56132 12 56387 14 56643 14 56898 15 57154 15 57411 13 57668 11 57926 8
7aae06bc4558829473071defec0b7ab3bfa9c5005548a13da95596bb6a66d105,54496 5 54751 7 55006 9 55262 9 55518 9 55774 9 56030 8 56287 6 56544 4
7aae06bc4558829473071defec0b7ab3bfa9c5005548a13da95596bb6a66d105,17949 3 18203 6 18457 8 18711 11 18966 12 19221 13 19477 12 19733 11 19990 8 20249 4
7aae06bc4558829473071defec0b7ab3bfa9c5005548a13da95596bb6a66d105,45032 2 45286 6 45541 8 45797 9 46052 10 46308 10 46564 9 46820 9 47077 7 47334 4
7aae06bc4558829473071defec0b7ab3bfa9c5005548a13da95596bb6a66d105,44719 3 44973 6 45228 8 45483 9 45738 10 45994 10 46249 10 46505 10 46760 11 47016 10 47272 10 47529 8 47786 6 48043 4
7aae06bc4558829473071defec0b7ab3bfa9c5005548a13da95596bb6a66d105,44279 4 44534 6 44789 8 45044 9 45300 9 45556 8 45813 6 46071 3
7aae06bc4558829473071defec0b7ab3bfa9c5005548a13da95596bb6a66d105,41750 5 42005 7 42261 8 42517 8 42773 9 43029 9 43286 9 43543 8 43800 7 44056 7 44313 6 44570 4
7aae06bc4558829473071defec0b7ab3bfa9c5005548a13da95596bb6a66d105,63894 2 64149 4 64404 6 64659 7 64915 8 65171 8 65427 8
7aae06bc4558829473071defec0b7ab3bfa9c5005548a13da95596bb6a66d105,62472 4 62727 6 62982 8 63238 9 63494 9 63750 9 64006 9 64263 8 64520 7 64777 5 65034 3
7aae06bc4558829473071defec0b7ab3bfa9c5005548a13da95596bb6a66d105,26913 2 27167 6 27422 9 27678 10 27933 12 28189 13 28446 12 28703 11 28960 9 29219 3
7aae06bc4558829473071defec0b7ab3bfa9c5005548a13da95596bb6a66d105,40649 4 40904 6 41159 8 41415 8 41670 9 41926 9 42182 8 42438 8 42694 7 42951 5 43208 2
7aae06bc4558829473071defec0b7ab3bfa9c5005548a13da95596bb6a66d105,58792 3 59045 7 59300 9 59555 10 59810 11 60065 12 60321 12 60577 12 60833 12 61090 10 61346 8 61603 4
