7b5987a24dd57325e82812371b3f4df7edc528e0526754ba94cf3a1ea4df25d2,1091 5 1344 11 1599 13 1854 15 2109 17 2364 18 2620 19 2876 19 3131 20 3387 21 3643 21 3899 21 4155 21 4412 20 4668 20 4924 19 5181 18 5438 16 5695 14 5952 12 6210 9
7b5987a24dd57325e82812371b3f4df7edc528e0526754ba94cf3a1ea4df25d2,39842 3 40097 5 40352 6 40608 6 40863 7 41118 8 41373 9 41628 10 41884 11 42140 11 42396 11 42652 12 42909 11 43165 11 43422 9 43679 8 43936 6
7b5987a24dd57325e82812371b3f4df7edc528e0526754ba94cf3a1ea4df25d2,291 7 545 12 799 16 1054 19 1309 21 1565 22 1820 23 2076 24 2331 25 2587 26 2843 26 3099 26 3355 26 3612 25 3868 24 4124 24 4381 23 4638 21 4895 20 5152 18 5409 17 5667 14 5924 11 6183 7
7b5987a24dd57325e82812371b3f4df7edc528e0526754ba94cf3a1ea4df25d2,34893 13 35148 15 35403 17 35657 20 35912 21 36168 20 36424 19 36680 18 36936 18 37192 18 37448 17 37705 15 37962 13 38219 12 38476 10
7b5987a24dd57325e82812371b3f4df7edc528e0526754ba94cf3a1ea4df25d2,25150 9 25404 13 25658 16 25913 18 26169 18 26425 18 26681 18 26937 18 27193 18 27448 19 27704 19 27960 19 28216 19 28472 19 28728 19 28984 19 29239 20 29495 19 29752 17 30009 16 30268 12 30526 10 30783 8 31041 5 31298 2
7b5987a24dd57325e82812371b3f4df7edc528e0526754ba94cf3a1ea4df25d2,53456 6 53708 13 53961 17 54216 19 54470 22 54725 24 54981 25 55236 26 55491 28 55747 29 56002 30 56258 31 56514 31 56770 32 57026 32 57282 33 57538 33 57794 33 58050 34 58306 34 58563 33 58819 33 59075 33 59332 31 59588 31 59845 30 60101 29 60358 27 60614 26 60871 24 61128 20 61386 17 61644 13 61903 7
7b5987a24dd57325e82812371b3f4df7edc528e0526754ba94cf3a1ea4df25d2,37465 1 37720 3 37975 5 38231 10 38475 1 38486 12 38730 24 38986 24 39242 24 39498 24 39754 24 40010 24 40266 24 40522 24 40778 24 41034 23 41290 23 41546 23 41802 23 42058 22 42315 21 42572 19 42828 18 43085 16 43343 13 43600 10
7b5987a24dd57325e82812371b3f4df7edc528e0526754ba94cf3a1ea4df25d2,16951 4 17206 12 17461 14 17716 15 17972 16 18227 17 18483 17 18739 18 18995 18 19251 18 19507 19 19763 19 20019 19 20275 20 20531 20 20787 20 21043 21 21300 20 21557 18 21814 17 22071 15 22329 12 22586 9
7b5987a24dd57325e82812371b3f4df7edc528e0526754ba94cf3a1ea4df25d2,62015 3 62268 10 62522 13 62777 15 63032 17 63287 19 63542 21 63797 22 64053 23 64309 23 64564 25 64820 25 65076 25 65332 25
7b5987a24dd57325e82812371b3f4df7edc528e0526754ba94cf3a1ea4df25d2,9835 5 10089 9 10344 11 10599 13 10854 15 11109 16 11365 17 11621 17 11876 18 12132 18 12388 18 12644 18 12901 17 13157 17 13413 16 13670 14 13927 12 14184 10 14443 4
7b5987a24dd57325e82812371b3f4df7edc528e0526754ba94cf3a1ea4df25d2,39848 4 40103 6 40358 8 40614 9 40870 9 41126 9 41382 9 41638 9 41895 8 42151 7 42407 6 42664 4
7b5987a24dd57325e82812371b3f4df7edc528e0526754ba94cf3a1ea4df25d2,37641 3 37894 9 38148 12 38403 14 38657 17 38913 18 39169 19 39425 20 39681 20 39937 21 40193 21 40449 21 40705 21 40961 22 41217 22 41473 22 41729 22 41985 22 42241 21 42497 21 42753 21 43009 20 43265 20 43521 19 43777 19 44033 18 44290 16 44547 13 44805 9 45063 4
7b5987a24dd57325e82812371b3f4df7edc528e0526754ba94cf3a1ea4df25d2,30487 4 30740 9 30995 11 31250 12 31504 15 31758 18 32014 18 32269 19 32524 20 32780 20 33036 20 33292 20 33548 20 33805 19 34061 18 34317 18 34574 16 34830 15 35087 14 35344 12
7b5987a24dd57325e82812371b3f4df7edc528e0526754ba94cf3a1ea4df25d2,30776 5 31026 12 31281 14 31537 15 31793 16 32048 17 32304 18 32560 19 32816 19 33073 18 33329 18 33585 18 33842 17 34098 17 34355 16 34612 15 34869 14 35126 12 35384 8 35642 3
7b5987a24dd57325e82812371b3f4df7edc528e0526754ba94cf3a1ea4df25d2,36219 6 36474 8 36729 10 36984 11 37240 11 37496 12 37751 13 38007 11 38264 9 38520 9 38776 9 39032 8 39289 7 39546 5
7b5987a24dd57325e82812371b3f4df7edc528e0526754ba94cf3a1ea4df25d2,38018 9 38273 11 38529 12 38785 13 39040 15 39296 15 39551 16 39806 17 40062 17 40318 17 40575 16 40831 16 41087 16 41343 15 41606 7 41864 5 42122 2
7b5987a24dd57325e82812371b3f4df7edc528e0526754ba94cf3a1ea4df25d2,32723 2 32976 9 33230 12 33485 15 33740 17 33995 18 34250 20 34506 21 34761 22 35017 22 35273 23 35529 23 35785 23 36041 23 36297 23 36553 23 36809 22 37065 22 37322 21 37578 20 37835 18 38091 17 38348 15 38606 12 38863 9
7b5987a24dd57325e82812371b3f4df7edc528e0526754ba94cf3a1ea4df25d2,36919 8 37174 10 37429 12 37684 13 37939 15 38195 16 38451 17 38707 18 38962 19 39218 19 39474 19 39730 19 39986 19 40242 19 40498 18 40755 17 41012 15 41269 13 41526 11
7b5987a24dd57325e82812371b3f4df7edc528e0526754ba94cf3a1ea4df25d2,41596 10 41851 13 42106 16 42361 18 42616 19 42871 20 43126 21 43382 22 43638 22 43894 22 44150 22 44406 22 44662 21 44918 21 45175 19 45433 15 45690 13
7b5987a24dd57325e82812371b3f4df7edc528e0526754ba94cf3a1ea4df25d2,26492 9 26746 12 27000 15 27254 18 27508 20 27763 22 28018 23 28273 24 28529 25 28784 26 29040 26 29296 26 29552 26 29808 26 30064 26 30320 25 30576 25 30832 25 31088 24 31345 23 31601 22 31858 20 32115 18 32372 16 32629 13 32886 10 33146 2
7b5987a24dd57325e82812371b3f4df7edc528e0526754ba94cf3a1ea4df25d2,18032 3 18285 9 18540 12 18795 14 19051 15 19306 16 19562 17 19818 17 20074 18 20330 18 20586 18 20842 19 21098 19 21354 19 21611 17 21867 17 22124 16 22380 15 22637 14 22894 12 23151 10 23409 6
7b5987a24dd57325e82812371b3f4df7edc528e0526754ba94cf3a1ea4df25d2,50427 2 50679 10 50933 12 51187 14 51441 16 51696 17 51951 18 52206 19 52461 20 52716 21 52972 21 53227 22 53483 22 53739 22 53995 22 54250 23 54506 23 54762 23 55018 23 55274 23 55530 23 55786 23 56042 23 56298 23 56554 23 56810 23 57067 22 57323 22 57580 21 57836 21 58093 20 58350 19 58609 16 58868 11
7b5987a24dd57325e82812371b3f4df7edc528e0526754ba94cf3a1ea4df25d2,62176 6 62431 8 62686 9 62940 11 63191 16 63446 17 63702 17 63958 17 64214 17 64470 17 64726 17 64983 16 65239 16 65495 16
7b5987a24dd57325e82812371b3f4df7edc528e0526754ba94cf3a1ea4df25d2,29010 5 29265 8 29518 14 29773 16 30029 17 30284 19 30540 20 30795 22 31051 22 31307 22 31563 22 31818 23 32074 23 32330 22 32586 22 32843 20 33100 18 33357 16
7b5987a24dd57325e82812371b3f4df7edc528e0526754ba94cf3a1ea4df25d2,1 4 257 4 513 5 769 5 1025 5 1281 5 1537 5 1793 5 2049 4 2305 2
7b5987a24dd57325e82812371b3f4df7edc528e0526754ba94cf3a1ea4df25d2,18397 3 18650 8 18905 10 19160 12 19415 14 19670 16 19925 17 20181 17 20436 18 20692 18 20948 17 21205 15 21461 11 21717 9 21974 6 22231 3
7b5987a24dd57325e82812371b3f4df7edc528e0526754ba94cf3a1ea4df25d2,21802 3 22057 5 22306 13 22561 15 22817 16 23073 17 23329 18 23585 19 23840 21 24095 22 24351 21 24607 21 24863 21 25119 21 25375 21 25631 20 25887 20 26143 20 26398 21 26653 22 26909 22 27166 21 27423 20 27682 16 27939 15 28196 9 28207 2 28455 5
7b5987a24dd57325e82812371b3f4df7edc528e0526754ba94cf3a1ea4df25d2,55203 2 55455 10 55709 14 55964 16 56219 18 56474 20 56729 22 56985 22 57240 24 57496 24 57752 24 58008 25 58264 25 58520 25 58776 25 59032 24 59288 24 59544 24 59800 23 60057 20 60313 19 60570 18 60827 16 61084 14 61342 10
7b5987a24dd57325e82812371b3f4df7edc528e0526754ba94cf3a1ea4df25d2,27915 6 28169 9 28424 12 28679 14 28935 14 29190 15 29446 16 29702 16 29958 16 30214 16 30470 15 30726 14 30983 12 31239 11 31496 8
7b5987a24dd57325e82812371b3f4df7edc528e0526754ba94cf3a1ea4df25d2,14407 2 14661 5 14916 8 15171 11 15427 15 15683 16 15938 21 16194 21 16450 21 16706 21 16962 21 17218 21 17475 20 17731 20 17988 19 18244 19 18500 19 18757 17 19013 17 19269 17 19526 15 19783 13 20044 8 20302 5
7b5987a24dd57325e82812371b3f4df7edc528e0526754ba94cf3a1ea4df25d2,63177 3 63431 7 63686 9 63941 10 64196 12 64452 14 64707 16 64963 17 65218 19 65474 19
7b5987a24dd57325e82812371b3f4df7edc528e0526754ba94cf3a1ea4df25d2,20495 6 20749 11 21003 15 21258 17 21513 19 21769 19 22024 19 22280 19 22535 19 22791 19 23047 20 23303 20 23560 18 23816 18 24072 18 24329 16 24585 16 24842 15 25099 13 25357 9 25615 5
7b5987a24dd57325e82812371b3f4df7edc528e0526754ba94cf3a1ea4df25d2,49782 5 50035 11 50289 15 50544 17 50799 19 51055 20 51310 21 51565 23 51821 23 52077 24 52332 25 52588 25 52844 26 53100 26 53356 26 53612 26 53868 26 54124 26 54380 26 54636 26 54892 26 55148 25 55405 24 55661 23 55918 21 56174 20 56431 18 56688 14 56945 7
7b5987a24dd57325e82812371b3f4df7edc528e0526754ba94cf3a1ea4df25d2,10779 6 11033 9 11288 10 11544 10 11800 10 12056 10 12312 11 12568 12 12824 12 13080 13 13336 13 13592 14 13848 14 14104 15 14360 15 14615 16 14871 16 15127 16 15383 15 15638 16 15894 15 16150 14 16406 11 16662 7 16919 3
7b5987a24dd57325e82812371b3f4df7edc528e0526754ba94cf3a1ea4df25d2,46557 7 46811 11 47065 15 47320 18 47575 20 47831 21 48086 22 48342 23 48597 24 48853 25 49109 25 49365 25 49620 26 49876 26 50133 25 50389 25 50645 25 50901 25 51158 23 51414 23 51671 22 51927 21 52184 19 52440 18 52697 16 52954 13 53211 10
7b5987a24dd57325e82812371b3f4df7edc528e0526754ba94cf3a1ea4df25d2,58234 5 58484 12 58736 16 58991 18 59247 19 59503 20 59759 21 60014 22 60270 23 60526 24 60781 25 61037 26 61293 26 61549 26 61805 26 62061 26 62317 26 62573 26 62829 26 63086 25 63343 24 63600 23 63858 20 64116 17 64373 15 64630 13 64887 9
7b5987a24dd57325e82812371b3f4df7edc528e0526754ba94cf3a1ea4df25d2,22003 4 22258 8 22513 10 22769 11 23024 13 23280 16 23536 17 23792 17 24048 17 24304 17 24560 17 24817 16 25073 16 25329 16 25585 16 25841 16 26097 16 26354 15 26610 15 26866 15 27123 14 27380 13 27637 12 27895 8
7b5987a24dd57325e82812371b3f4df7edc528e0526754ba94cf3a1ea4df25d2,20818 11 21073 14 21329 15 21584 17 21839 19 22095 19 22351 20 22606 21 22862 21 23118 21 23374 21 23630 21 23886 20 24143 19 24399 18 24655 17 24912 15 25169 13 25426 11 25683 8 25941 4
7b5987a24dd57325e82812371b3f4df7edc528e0526754ba94cf3a1ea4df25d2,30195 4 30449 8 30704 10 30959 12 31215 13 31471 14 31726 15 31982 15 32238 15 32494 15 32750 15 33006 15 33263 14 33519 13 33776 11 34033 9 34290 7
7b5987a24dd57325e82812371b3f4df7edc528e0526754ba94cf3a1ea4df25d2,10741 9 10995 13 11250 15 11505 16 11760 17 12016 17 12271 18 12527 18 12783 18 13039 18 13295 18 13551 18 13807 18 14063 18 14320 17 14576 17 14833 16 15090 15 15346 15 15603 14 15860 13 16117 12 16375 10 16632 9 16891 6
7b5987a24dd57325e82812371b3f4df7edc528e0526754ba94cf3a1ea4df25d2,60652 10 60907 12 61162 14 61418 15 61673 17 61928 19 62183 20 62439 20 62696 20 62953 19 63209 19 63466 18 63722 18 63978 18 64234 18 64490 17 64747 16 65003 16 65260 15 65517 13
7b5987a24dd57325e82812371b3f4df7edc528e0526754ba94cf3a1ea4df25d2,15909 5 16164 8 16417 12 16669 17 16924 18 17179 18 17434 19 17690 19 17946 19 18202 19 18458 19 18714 19 18970 19 19226 19 19483 17 19739 16 19996 15 20253 13
7b5987a24dd57325e82812371b3f4df7edc528e0526754ba94cf3a1ea4df25d2,21731 5 21985 8 22240 10 22494 12 22749 14 23003 16 23258 17 23514 18 23770 18 24026 18 24282 18 24538 18 24794 18 25051 16 25308 14 25565 11 25823 7
7b5987a24dd57325e82812371b3f4df7edc528e0526754ba94cf3a1ea4df25d2,1776 6 2027 16 2282 18 2537 20 2793 21 3048 23 3304 24 3559 25 3815 25 4071 25 4327 25 4583 25 4840 24 5096 24 5353 23 5609 22 5866 21 6123 19 6380 17 6638 14 6896 10
7b5987a24dd57325e82812371b3f4df7edc528e0526754ba94cf3a1ea4df25d2,25805 7 26059 10 26314 12 26569 13 26824 15 27080 15 27335 17 27591 17 27847 17 28103 17 28359 17 28615 17 28871 17 29127 16 29384 15 29640 14 29897 13 30154 11 30411 9 30669 6
7b5987a24dd57325e82812371b3f4df7edc528e0526754ba94cf3a1ea4df25d2,11276 5 11531 9 11785 12 12039 16 12293 19 12548 20 12804 20 13059 21 13313 23 13569 23 13825 23 14081 23 14337 23 14593 22 14849 22 15105 22 15361 22 15617 21 15873 21 16129 21 16385 19 16641 18 16897 16 17153 14 17411 10 17669 6
7b5987a24dd57325e82812371b3f4df7edc528e0526754ba94cf3a1ea4df25d2,9258 5 9512 9 9766 13 10020 16 10275 18 10530 20 10786 20 11042 21 11298 21 11554 21 11810 21 12066 21 12323 20 12580 19 12836 19 13093 17 13349 17 13606 16 13862 15 14119 13 14380 7
7b5987a24dd57325e82812371b3f4df7edc528e0526754ba94cf3a1ea4df25d2,60596 8 60851 11 61106 13 61361 15 61616 17 61871 18 62126 19 62381 20 62636 21 62892 20 63148 20 63404 19 63660 19 63917 18 64173 17 64429 16 64686 15 64943 13 65200 9 65457 7
7b5987a24dd57325e82812371b3f4df7edc528e0526754ba94cf3a1ea4df25d2,10576 6 10830 10 11084 13 11339 15 11594 17 11849 18 12104 20 12360 20 12617 20 12873 20 13129 20 13385 20 13641 20 13897 19 14152 20 14409 18 14666 17 14924 14 15182 12 15442 7 15699 5
