7ba20aa731cc21af74a8d940254176cbad1bdc44f240b550341c6d9c27509daa,35508 5 35763 7 36019 8 36275 9 36531 9 36787 9 37043 10 37299 10 37555 10 37812 9 38069 8 38326 7 38583 4
7ba20aa731cc21af74a8d940254176cbad1bdc44f240b550341c6d9c27509daa,13022 5 13276 9 13532 10 13787 12 14042 14 14298 14 14554 15 14811 14 15067 15 15323 15 15579 15 15835 16 16091 16 16348 15 16605 14 16862 13 17119 12 17376 10 17634 7
7ba20aa731cc21af74a8d940254176cbad1bdc44f240b550341c6d9c27509daa,19857 5 20110 9 20365 10 20621 10 20877 11 21134 10 21390 10 21646 10 21902 10 22159 9 22415 8 22673 6 22930 4
7ba20aa731cc21af74a8d940254176cbad1bdc44f240b550341c6d9c27509daa,53290 4 53545 7 53800 9 54056 10 54312 11 54568 11 54824 12 55080 12 55337 11 55594 10 55851 8 56108 6
7ba20aa731cc21af74a8d940254176cbad1bdc44f240b550341c6d9c27509daa,29041 4 29296 6 29552 6 29808 7 30064 8 30321 7 30578 6
7ba20aa731cc21af74a8d940254176cbad1bdc44f240b550341c6d9c27509daa,53891 7 54145 11 54400 13 54656 13 54911 14 55167 14 55423 14 55679 13 55937 10 56195 6
7ba20aa731cc21af74a8d940254176cbad1bdc44f240b550341c6d9c27509daa,27914 5 28168 9 28424 11 28679 13 28935 14 29191 15 29447 16 29703 17 29959 17 30216 16 30472 17 30729 16 30986 15 31243 14 31500 13 31758 10 32016 8 32274 4
7ba20aa731cc21af74a8d940254176cbad1bdc44f240b550341c6d9c27509daa,15401 6 15656 9 15911 11 16166 13 16422 14 16678 15 16934 15 17190 15 17447 14 17704 12 17961 11 18218 8
7ba20aa731cc21af74a8d940254176cbad1bdc44f240b550341c6d9c27509daa,58467 6 58721 9 58975 12 59231 13 59487 13 59743 13 59999 13 60255 13 60513 11 60770 9 61027 7
7ba20aa731cc21af74a8d940254176cbad1bdc44f240b550341c6d9c27509daa,62371 6 62625 9 62880 11 63135 12 63390 13 63645 14 63901 13 64157 12 64413 12 64670 9 64927 5
7ba20aa731cc21af74a8d940254176cbad1bdc44f240b550341c6d9c27509daa,12444 6 12699 8 12955 8 13211 8 13467 8 13723 8 13980 7
7ba20aa731cc21af74a8d940254176cbad1bdc44f240b550341c6d9c27509daa,90 10 345 11 601 12 857 12 1112 13 1368 13 1625 12 1881 12 2137 12 2393 12 2650 11 2906 10 3163 9 3419 8 3677 5
7ba20aa731cc21af74a8d940254176cbad1bdc44f240b550341c6d9c27509daa,30831 9 31087 10 31344 10 31601 10 31857 10 32113 10 32369 11 32626 11 32882 11 33139 9 33396 9 33653 9 33910 8 34167 8 34424 7 34681 6 34938 5 35195 3
7ba20aa731cc21af74a8d940254176cbad1bdc44f240b550341c6d9c27509daa,41529 5 41783 8 42039 8 42294 10 42550 10 42806 10 43061 12 43317 12 43573 12 43830 11 44087 9 44344 6
7ba20aa731cc21af74a8d940254176cbad1bdc44f240b550341c6d9c27509daa,4973 5 5228 8 5484 8 5739 10 5995 10 6251 10 6507 11 6763 11 7019 11 7275 11 7531 12 7788 11 8044 10 8301 8 8558 6
7ba20aa731cc21af74a8d940254176cbad1bdc44f240b550341c6d9c27509daa,8591 6 8845 9 9100 11 9356 12 9612 13 9868 13 10124 13 10381 12 10637 12 10893 12 11149 11 11406 10 11663 8 11920 6 12178 4
7ba20aa731cc21af74a8d940254176cbad1bdc44f240b550341c6d9c27509daa,228 10 485 8 742 7 1000 4
7ba20aa731cc21af74a8d940254176cbad1bdc44f240b550341c6d9c27509daa,34452 3 34706 6 34961 9 35217 10 35473 10 35730 10 35986 10 36243 9 36499 10 36755 10 37010 12 37267 11 37524 11 37781 11 38038 11 38295 11 38551 12 38808 12 39065 11 39321 13 39578 12 39834 12 40091 10 40347 10 40604 10 40861 9 41118 7 41374 6 41631 4
