7d40ea6ead1bec903f26d9046d291aedcb12a584b4d3b337ea252b34c7d86072,112790 7 113148 10 113507 13 113866 15 114226 16 114585 18 114944 21 115304 23 115664 25 116024 27 116384 32 116744 35 117103 37 117463 39 117823 41 118183 42 118543 43 118903 44 119263 45 119623 45 119983 46 120343 47 120704 47 121064 54 121425 54 121786 53 122146 52 122507 51 122869 49 123230 48 123591 47 123952 46 124313 45 124673 45 125034 43 125395 42 125756 40 126116 39 126477 38 126838 36 127199 34 127560 31 127921 29 128282 28 128643 26 129004 24 129365 22
7d40ea6ead1bec903f26d9046d291aedcb12a584b4d3b337ea252b34c7d86072,35777 11 36134 22 36493 28 36852 33 37211 35 37570 37 37930 38 38289 40 38648 41 39008 41 39367 42 39727 42 40086 44 40446 44 40806 44 41166 44 41526 44 41885 45 42245 45 42605 45 42965 45 43325 45 43685 45 44045 45 44406 44 44766 44 45126 44 45486 44 45847 43 46208 42 46568 42 46927 43 47286 45 47646 45 48006 45 48365 47 48725 47 49085 48 49445 49 49805 49 50166 48 50526 48 50887 47 51248 46 51609 45 51970 44 52330 44 52691 43 53051 43 53411 43 53771 43 54131 42 54491 42 54852 40 55212 40 55572 40 55932 39 56292 39 56653 37 57013 36 57374 34 57735 32 58096 30 58457 28 58819 24 59181 19
7d40ea6ead1bec903f26d9046d291aedcb12a584b4d3b337ea252b34c7d86072,124975 5 125321 2 125326 16 125678 29 126037 33 126396 35 126754 38 127108 45 127465 51 127823 54 128182 55 128541 56 128901 56 129261 56
7d40ea6ead1bec903f26d9046d291aedcb12a584b4d3b337ea252b34c7d86072,35679 2 36038 5 36396 13 36755 17 37113 21 37472 24 37831 27 38190 29 38550 31 38909 33 39269 33 39629 34 39988 37 40348 38 40708 39 41067 41 41427 42 41787 42 42147 43 42507 44 42867 45 43227 46 43588 45 43948 45 44308 45 44669 44 45029 45 45389 45 45750 44 46110 44 46470 44 46830 44 47191 43 47551 43 47912 42 48273 41 48634 40 48995 39 49356 37 49717 36 50079 33 50440 31 50802 28 51165 24 51527 20 51893 11
7d40ea6ead1bec903f26d9046d291aedcb12a584b4d3b337ea252b34c7d86072,52292 10 52649 14 53008 18 53366 22 53724 25 54083 27 54442 28 54801 30 55159 32 55518 33 55876 36 56235 37 56594 39 56953 41 57312 42 57670 44 58029 46 58388 47 58746 49 59105 51 59464 52 59823 54 60182 55 60541 57 60900 58 61259 59 61619 59 61979 59 62339 59 62699 58 63058 59 63417 59 63776 59 64135 59 64494 59 64853 59 65212 59 65571 59 65930 59 66289 58 66648 57 67008 56 67368 55 67728 53 68088 52 68448 51 68808 51 69169 50 69530 49 69895 43 70257 41 70618 40 70979 39 71326 2 71341 37 71681 16 71704 34 72039 21 72065 33 72398 24 72425 32 72757 60 73115 61 73474 42 73521 13 73833 43 73883 9 74193 44 74246 4 74552 47 74912 49 75272 50 75631 52 75991 56 76351 57 76710 59 77070 60 77430 61 77790 62 78150 63 78511 63 78871 63 79231 64 79591 64 79952 63 80312 64 80673 63 81034 62 81394 62 81755 62 82116 61 82477 61 82838 60 83199 59 83560 58 83921 57 84281 57 84642 56 85003 55 85363 55 85723 55 86083 54 86444 53 86804 53 87164 53 87524 52 87884 52 88245 51 88605 50 88966 48 89326 47 89686 46 90047 44 90408 42 90768 41 91129 39 91490 36 91851 33 92212 31 92573 28 92936 21 93298 16 93659 13 94023 2 94027 4
7d40ea6ead1bec903f26d9046d291aedcb12a584b4d3b337ea252b34c7d86072,73209 12 73561 25 73919 28 74277 35 74635 39 74994 41 75352 46 75711 49 76069 52 76428 54 76787 55 77146 56 77505 57 77865 57 78225 57 78584 57 78943 57 79303 56 79663 56 80023 55 80383 54 80743 54 81103 53 81464 51 81824 51 82184 50 82544 49 82904 48 83265 46 83625 45 83986 43 84346 42 84707 40 85068 39 85429 37 85789 36 86150 34 86511 32 86872 30 87232 28 87593 26 87954 24 88315 22 88678 18 89039 16 89399 13 89760 10
7d40ea6ead1bec903f26d9046d291aedcb12a584b4d3b337ea252b34c7d86072,38515 6 38872 9 39230 11 39589 12 39948 13 40306 15 40665 16 41024 17 41383 18 41742 19 42102 19 42461 20 42821 20 43180 21 43539 22 43899 22 44259 22 44619 22 44978 23 45338 23 45697 24 46057 24 46417 24 46777 24 47137 24 47497 24 47857 24 48217 24 48578 23 48938 23 49298 23 49658 23 50018 23 50378 23 50738 23 51099 22 51459 22 51819 22 52178 23 52538 23 52899 22 53259 22 53619 22 53979 22 54339 22 54700 21 55062 19 55423 18 55784 17 56145 16 56505 16 56866 15 57226 15 57587 14 57947 14 58308 13 58669 12 59029 12 59390 11 59751 10 60112 9 60474 7 60835 6 61196 5
7d40ea6ead1bec903f26d9046d291aedcb12a584b4d3b337ea252b34c7d86072,68251 5 68605 12 68962 16 69321 17 69680 19 70039 21 70398 23 70757 25 71117 26 71476 27 71835 28 72195 28 72555 29 72915 30 73274 32 73633 33 73993 34 74353 34 74712 35 75072 35 75433 34 75793 35 76153 36 76512 37 76872 37 77233 37 77593 37 77953 38 78313 38 78673 38 79033 38 79393 38 79753 38 80113 38 80474 37 80834 37 81195 36 81555 36 81916 35 82277 34 82637 33 82998 32 83359 31 83719 31 84079 32 84439 32 84799 33 85160 32 85520 32 85881 31 86242 30 86603 29 86963 29 87323 29 87684 28 88045 27 88408 24 88769 23 89130 22 89491 21 89852 20 90212 20 90573 18 90934 17 91295 16 91656 15 92017 13 92379 6
7d40ea6ead1bec903f26d9046d291aedcb12a584b4d3b337ea252b34c7d86072,103 50 459 55 814 61 1172 64 1531 66 1889 69 2248 71 2607 72 2966 74 3326 74 3685 75 4044 76 4403 78 4763 78 5123 78 5483 78 5843 78 6203 78 6563 78 6923 78 7284 76 7644 76 8005 74 8365 74 8726 72 9088 69 9449 67 9810 65 10172 62 10534 59 10895 57 11257 53 11619 50 11981 45 12344 41 12705 39 13069 33 13432 20
7d40ea6ead1bec903f26d9046d291aedcb12a584b4d3b337ea252b34c7d86072,9212 7 9571 11 9930 13 10289 16 10648 18 10668 3 11006 26 11365 28 11724 30 12083 32 12442 34 12802 35 13162 36 13521 37 13881 38 14241 40 14601 41 14961 43 15321 44 15681 45 16041 46 16401 46 16761 46 17121 47 17481 48 17841 48 18201 48 18562 47 18922 47 19283 46 19643 46 20004 45 20365 44 20726 43 21086 43 21447 41 21808 40 22169 38 22530 37 22891 35 23251 34 23611 33 23971 33 24331 33 24691 32 25051 32 25412 31 25772 31 26133 29 26493 29 26853 29 27214 27 27574 27 27935 26 28295 26 28656 25 29016 24 29377 22 29738 19 30099 17 30460 15 30824 9
7d40ea6ead1bec903f26d9046d291aedcb12a584b4d3b337ea252b34c7d86072,127620 6 127979 11 128336 16 128695 18 129055 18 129415 18
7d40ea6ead1bec903f26d9046d291aedcb12a584b4d3b337ea252b34c7d86072,50234 8 50589 14 50947 17 51306 18 51665 20 52025 21 52384 23 52743 25 53103 25 53462 26 53822 26 54181 27 54540 28 54900 28 55259 28 55618 29 55977 29 56336 30 56696 30 57055 31 57414 32 57773 33 58131 35 58489 37 58848 37 59207 38 59566 39 59925 40 60284 41 60643 41 61002 42 61361 43 61720 44 62079 45 62439 44 62798 45 63157 46 63516 47 63876 46 64236 45 64595 45 64955 44 65314 44 65674 43 66033 43 66393 41 66753 40 67113 38 67473 37 67833 36 68193 34 68553 33 68914 31 69275 29 69636 25 69996 24 70357 22 70718 18 71079 14 71441 5
7d40ea6ead1bec903f26d9046d291aedcb12a584b4d3b337ea252b34c7d86072,47817 5 48170 17 48525 24 48882 28 49240 33 49598 38 49957 41 50316 45 50675 47 51034 48 51393 50 51752 52 52112 52 52471 54 52830 56 53190 56 53550 56 53909 57 54269 57 54629 58 54988 60 55348 60 55708 61 56068 61 56428 61 56788 61 57148 61 57508 61 57868 60 58228 60 58588 59 58949 58 59309 58 59669 58 60029 59 60390 58 60750 58 61110 58 61471 57 61831 57 62191 56 62552 54 62912 53 63272 52 63633 51 63994 49 64354 48 64715 47 65075 46 65436 45 65797 43 66158 42 66518 42 66879 40 67240 38 67601 36 67962 35 68324 32 68685 30 69047 26 69409 23 69771 19 70134 13 70498 6
7d40ea6ead1bec903f26d9046d291aedcb12a584b4d3b337ea252b34c7d86072,14487 4 14845 12 15202 18 15561 20 15919 24 16276 30 16635 32 16993 34 17352 36 17711 40 18069 45 18428 47 18787 49 19144 53 19503 54 19862 56 20222 57 20581 59 20941 59 21300 60 21659 61 22019 61 22378 62 22738 62 23098 62 23458 61 23818 61 24178 61 24539 60 24899 60 25260 58 25620 58 25980 57 26341 55 26702 53 27063 51 27426 46 27789 40 28152 35 28515 28 28879 18
7d40ea6ead1bec903f26d9046d291aedcb12a584b4d3b337ea252b34c7d86072,76556 3 76915 5 77274 6 77634 6 77994 6 78354 6 78714 6 79075 4
7d40ea6ead1bec903f26d9046d291aedcb12a584b4d3b337ea252b34c7d86072,10013 3 10372 5 10732 6 11091 10 11450 13 11808 17 12166 21 12525 25 12884 28 13243 30 13601 33 13960 35 14319 37 14678 39 15038 40 15397 42 15756 43 16116 43 16475 45 16834 46 17193 47 17553 47 17913 47 18272 48 18632 48 18992 47 19352 47 19712 46 20072 45 20432 44 20792 43 21152 42 21512 41 21872 40 22232 39 22592 37 22952 34 23312 33 23672 33 24032 32 24392 31 24752 31 25112 30 25473 28 25833 28 26193 27 26553 27 26913 27 27273 26 27633 25 27993 25 28353 24 28385 10 28713 24 28743 15 29073 24 29101 19 29434 47 29794 48 30154 49 30514 50 30874 51 31235 51 31596 51 31958 50 32320 5 32327 41 32688 41 33048 41 33408 41 33768 42 34127 43 34487 43 34846 44 35206 44 35566 44 35925 45 36281 49 36640 50 37000 49 37359 50 37719 50 38079 50 38438 51 38798 51 39158 50 39518 50 39878 49 40239 48 40599 47 40959 46 41320 44 41681 43 42042 41 42403 39 42764 36 43124 35 43485 33 43846 30 44207 28 44568 25 44929 21 45292 14 45656 6
7d40ea6ead1bec903f26d9046d291aedcb12a584b4d3b337ea252b34c7d86072,82028 10 82385 15 82743 18 83101 21 83460 23 83819 25 84178 28 84538 29 84898 30 85258 31 85618 32 85977 34 86337 34 86697 35 87057 36 87416 38 87776 39 88136 39 88496 40 88856 40 89216 40 89577 39 89937 40 90297 40 90657 40 91017 41 91377 41 91737 41 92098 40 92458 41 92819 40 93179 40 93540 40 93901 39 94262 39 94623 38 94984 37 95345 37 95707 35 96068 34 96428 33 96789 32 97150 32 97510 32 97870 32 98230 33 98590 33 98950 33 99311 33 99671 33 100031 33 100392 33 100753 32 101113 32 101473 32 101833 32 102193 32 102554 31 102914 31 103275 30 103636 28 103996 28 104356 28 104717 26 105077 25 105438 22 105799 20 106161 15 106522 12 106883 9
7d40ea6ead1bec903f26d9046d291aedcb12a584b4d3b337ea252b34c7d86072,84961 1 85321 2 85681 3 86041 4 86401 4 86761 5 87121 6 87481 6 87841 6 88201 7 88561 8 88921 8 89281 9 89641 10 90001 10 90361 11 90721 11 91081 11 91441 11 91801 11 92161 11 92521 11 92881 11 93241 11 93601 11 93961 11 94321 11 94681 12 95041 12 95401 12 95761 12 96121 12 96481 11 96841 11 97201 11 97561 10 97921 9 98281 8 98641 7 99001 6 99361 4 99721 1
7d40ea6ead1bec903f26d9046d291aedcb12a584b4d3b337ea252b34c7d86072,31681 1 32041 1 32401 2 32761 2 33121 2 33481 2 33841 2 34201 2 34561 3 34921 4 35281 4 35641 4 36001 5 36361 5 36721 6 37081 6 37441 6 37801 7 38161 8 38521 9 38881 9 39241 9 39601 9 39961 10 40321 10 40681 11 41041 11 41401 11 41761 11 42121 12 42481 12 42841 12 43201 13 43561 13 43921 13 44281 13 44641 13 45001 12 45361 12 45721 12 46081 12 46441 12 46801 12 47161 12 47521 12 47881 11 48241 7 48601 3
7d40ea6ead1bec903f26d9046d291aedcb12a584b4d3b337ea252b34c7d86072,225 39 585 39 945 39 1305 39 1665 39 2025 39 2385 38 2745 38 3105 38 3465 38 3825 38 4185 38 4544 38 4904 38 5264 37 5624 37 5984 37 6344 37 6704 37 7064 36 7424 36 7784 36 8144 36 8504 36 8864 36 9224 37 9585 36 9945 36 10305 35 10666 2 10671 28 11032 26 11393 25 11754 23 12115 21 12476 19 12837 17 13200 12
7d40ea6ead1bec903f26d9046d291aedcb12a584b4d3b337ea252b34c7d86072,97740 6 98095 14 98453 19 98812 27 99171 33 99530 37 99889 42 99937 3 100248 45 100296 5 100607 58 100967 61 101326 63 101686 64 102045 66 102405 67 102765 68 103125 69 103485 70 103845 71 104205 72 104566 72 104926 73 105286 73 105646 73 106007 72 106368 71 106728 72 107088 73 107449 72 107810 72 108171 71 108532 71 108893 71 109254 70 109616 67 109977 66 110338 64 110699 63 111060 62 111422 60 111783 59 112145 57 112507 55 112868 54 113230 52 113592 49 113953 48 114315 45 114678 42 115040 39 115402 36 115764 33 116128 27 116492 21 116857 3 116865 2
