7f2b154541166210f468d89bb0a7184f10e51168a181dbb8b686c14654ffa317,39270 7 39789 10 40308 12 40827 14 41346 16 41866 17 42386 17 42906 18 43425 20 43945 20 44465 20 44985 20 45506 20 46026 20 46546 20 47067 19 47587 19 48107 18 48627 19 49148 18 49668 18 50188 17 50709 16 51229 16 51750 15 52271 13 52792 12 53313 9 53834 8 54357 1 54359 1
7f2b154541166210f468d89bb0a7184f10e51168a181dbb8b686c14654ffa317,149656 5 150174 10 150693 12 151212 14 151732 14 152251 16 152771 16 153290 17 153810 18 154330 18 154850 18 155370 19 155890 19 156410 19 156930 20 157450 20 157971 19 158491 18 159011 18 159532 17 160052 17 160573 16 161093 16 161614 14 162136 11 162658 8 163180 4
7f2b154541166210f468d89bb0a7184f10e51168a181dbb8b686c14654ffa317,22652 7 23170 11 23689 14 24207 16 24726 18 25246 19 25766 19 26285 21 26805 21 27325 21 27845 21 28365 21 28885 21 29406 21 29926 21 30446 21 30966 21 31486 21 32006 20 32526 21 33046 20 33567 19 34087 18 34609 16 35130 2 35133 11 35655 8 36178 3
7f2b154541166210f468d89bb0a7184f10e51168a181dbb8b686c14654ffa317,271 22 791 22 1310 22 1830 22 2350 22 2870 21 3390 20 3910 20 4430 19 4950 18 5470 17 5991 15 6511 14 7032 12 7554 8 8075 5
7f2b154541166210f468d89bb0a7184f10e51168a181dbb8b686c14654ffa317,117792 6 118310 11 118829 13 119349 13 119867 15 120387 15 120906 16 121426 16 121946 16 122466 15 122986 15 123506 15 124026 15 124545 15 125065 15 125585 14 126104 15 126623 15 127142 16 127661 17 128181 16 128701 15 129220 16 129740 15 130260 14 130780 13 131300 12 131820 11 132341 9 132862 6 133383 4
7f2b154541166210f468d89bb0a7184f10e51168a181dbb8b686c14654ffa317,62837 1 62839 3 63356 7 63875 9 64394 11 64913 13 65433 14 65953 14 66473 15 66993 15 67512 18 68032 18 68552 18 69072 19 69592 20 70113 19 70632 20 71152 20 71673 19 72192 21 72713 20 73233 20 73753 20 74274 19 74794 19 75315 18 75835 18 76356 17 76876 17 77397 15 77918 14 78438 14 78959 12 79480 11 80002 8 80525 4
7f2b154541166210f468d89bb0a7184f10e51168a181dbb8b686c14654ffa317,160142 19 160662 19 161179 22 161698 23 162215 26 162735 26 163254 27 163774 27 164295 26 164815 26 165337 24 165857 24 166377 24 166897 24 167419 22 167939 22 168461 20 168981 20 169501 20 170022 19 170543 18 171063 18 171585 16 172105 16 172627 14 173147 14
7f2b154541166210f468d89bb0a7184f10e51168a181dbb8b686c14654ffa317,293800 1 294320 1 294839 2 295359 2 295879 2 296398 3 296918 3 297438 3 297958 3 298478 3 298998 3 299519 2 300040 1 300560 1
7f2b154541166210f468d89bb0a7184f10e51168a181dbb8b686c14654ffa317,115231 6 115751 6 116269 9 116789 9 117309 10 117829 10 118349 10 118869 10 119389 10 119909 10 120429 10 120949 10 121469 12 121989 12 122509 14 123029 14 123549 16 124069 16 124589 18 125109 18 125630 17 126150 19 126671 18 127191 18 127711 18 128231 18 128753 16 129273 16 129793 16 130313 16 130834 15 131354 15 131875 14 132395 14 132916 11 133437 10 133957 10 134477 9 134999 6 135519 6 136039 4
7f2b154541166210f468d89bb0a7184f10e51168a181dbb8b686c14654ffa317,49613 10 50132 14 50650 17 51169 21 51689 22 52209 23 52729 24 53248 26 53769 26 54288 27 54809 27 55329 27 55850 26 56370 25 56891 24 57414 20 57936 15 58458 9
7f2b154541166210f468d89bb0a7184f10e51168a181dbb8b686c14654ffa317,32226 7 32743 13 33262 15 33781 18 34300 19 34820 20 35340 20 35859 22 36379 22 36899 22 37419 22 37940 21 38460 21 38980 21 39500 21 40021 20 40541 19 41062 17 41582 16 42103 14 42623 14 43144 12 43665 11 44186 8 44708 5
7f2b154541166210f468d89bb0a7184f10e51168a181dbb8b686c14654ffa317,60269 7 60787 10 61306 13 61825 15 62345 16 62864 18 63384 19 63904 20 64423 22 64943 23 65463 24 65983 25 66503 25 67024 24 67544 24 68064 24 68584 24 69105 23 69625 24 70146 23 70666 23 71186 23 71707 22 72227 21 72748 20 73269 18 73790 17 74311 15 74833 13 75355 10 75877 6
7f2b154541166210f468d89bb0a7184f10e51168a181dbb8b686c14654ffa317,329592 7 330108 14 330626 18 331143 22 331661 25 332180 27 332699 28 333218 30 333737 31 334256 33 334776 33 335295 34 335815 33 336335 32 336855 32 337375 31 337895 30 338416 28 338936 11 338951 12 339457 6 339473 8 339996 3
7f2b154541166210f468d89bb0a7184f10e51168a181dbb8b686c14654ffa317,99048 2 99566 5 100085 7 100604 9 101122 12 101641 14 102161 14 102680 15 103199 17 103719 18 104238 19 104758 19 105278 20 105798 20 106318 20 106839 19 107359 18 107880 17 108401 15 108921 15 109442 13 109964 10 110485 8 111009 2
7f2b154541166210f468d89bb0a7184f10e51168a181dbb8b686c14654ffa317,128940 9 129458 13 129977 15 130495 17 131014 19 131534 20 132053 21 132572 23 133092 23 133612 23 134132 24 134652 24 135172 24 135692 24 136212 24 136733 23 137254 22 137774 22 138294 23 138814 23 139335 21 139856 20 140377 18 140898 16 141420 14 141941 12 142462 10 142984 5
7f2b154541166210f468d89bb0a7184f10e51168a181dbb8b686c14654ffa317,51307 4 51825 7 52343 10 52862 12 53381 13 53901 13 54420 14 54939 15 55458 16 55978 16 56498 16 57018 16 57537 17 58056 18 58576 18 59096 18 59615 19 60135 19 60656 19 61175 20 61697 18 62217 17 62737 17 63259 15 63781 12 64302 10 64824 7 65347 2
7f2b154541166210f468d89bb0a7184f10e51168a181dbb8b686c14654ffa317,146908 3 147426 6 147944 9 148463 11 148983 12 149502 13 150022 14 150541 15 151060 17 151580 17 152099 18 152619 18 153139 18 153658 20 154178 20 154697 21 155217 21 155738 20 156257 20 156777 20 157297 20 157817 19 158338 18 158858 17 159378 16 159898 16 160419 15 160939 14 161460 12 161981 9 162502 8
7f2b154541166210f468d89bb0a7184f10e51168a181dbb8b686c14654ffa317,231489 9 232006 15 232525 20 233044 22 233563 24 234083 25 234602 27 235122 27 235643 26 236163 27 236683 26 237203 25 237724 24 238244 22 238765 20 239286 18 239807 16 240329 12 240850 10 241371 8 241893 1 241896 1
7f2b154541166210f468d89bb0a7184f10e51168a181dbb8b686c14654ffa317,254194 1 254198 1 254709 14 255227 20 255743 1 255745 23 256260 30 256780 31 257299 33 257818 35 258337 36 258857 36 259377 36 259897 37 260418 35 260937 37 261458 35 261979 34 262500 33 263021 31 263543 28 264065 25 264587 21 265109 18 265631 14 266155 8
7f2b154541166210f468d89bb0a7184f10e51168a181dbb8b686c14654ffa317,107792 1 107794 6 108311 10 108829 14 109347 16 109866 18 110384 21 110904 22 111423 23 111942 25 112462 24 112981 25 113500 26 114020 26 114540 26 115060 25 115580 25 116100 24 116621 21 117141 21 117662 18 118186 10 118713 1
7f2b154541166210f468d89bb0a7184f10e51168a181dbb8b686c14654ffa317,71640 7 72159 11 72676 15 73194 18 73712 21 74232 22 74753 21 75272 23 75791 25 76311 26 76831 27 77350 28 77871 27 78391 27 78911 27 79432 26 79953 25 80473 25 80992 25 81513 24 82033 24 82554 23 83075 21 83596 19 84119 14 84642 9 85165 1 85167 1
7f2b154541166210f468d89bb0a7184f10e51168a181dbb8b686c14654ffa317,13940 2 13943 3 14457 12 14976 16 15494 20 16015 22 16535 23 17055 25 17575 25 18095 26 18614 28 19134 29 19653 31 20173 31 20694 31 21215 30 21736 29 22257 28 22779 26 23301 24 23822 23 24343 21 24864 20 25385 18 25906 16 26430 9
7f2b154541166210f468d89bb0a7184f10e51168a181dbb8b686c14654ffa317,218924 4 219442 7 219961 8 220481 8 221001 9 221521 9 222041 9 222561 9 223081 8 223601 8 224121 8 224641 7 225161 7 225681 6 226201 6 226721 5 227241 4 227761 4 228281 3 228801 2
7f2b154541166210f468d89bb0a7184f10e51168a181dbb8b686c14654ffa317,139531 2 140045 10 140564 12 141082 14 141600 16 142119 17 142639 17 143158 18 143678 17 144198 16 144719 11 145240 6
7f2b154541166210f468d89bb0a7184f10e51168a181dbb8b686c14654ffa317,77106 5 77624 8 78142 12 78663 9 79181 12 79700 14 80219 15 80737 17 81256 18 81775 19 82294 20 82814 20 83333 21 83853 21 84372 22 84892 22 85411 23 85931 23 86451 23 86971 22 87491 22 88011 22 88531 21 89051 20 89571 20 90091 20 90612 19 91132 18 91652 17 92173 15 92693 15 93214 2 93217 10 93735 1 93739 7 94259 5
7f2b154541166210f468d89bb0a7184f10e51168a181dbb8b686c14654ffa317,338564 2 339080 9 339598 11 340117 13 340636 14 341155 15 341675 16 342194 17 342714 17 343233 17 343752 19 344272 19 344792 19 345311 19 345831 19 346351 18 346870 19 347390 19 347909 19 348430 17 348950 17 349470 16 349990 15 350510 15 351031 13 351552 11 352073 9 352595 5
7f2b154541166210f468d89bb0a7184f10e51168a181dbb8b686c14654ffa317,11129 3 11135 3 11644 14 12162 17 12682 18 13201 19 13720 20 14240 20 14759 21 15278 22 15798 22 16318 21 16837 22 17357 22 17878 21 18398 21 18918 21 19437 22 19958 20 20479 20 20999 20 21520 17 22039 18 22560 17 23080 16 23600 15 24121 12 24643 9 25165 3
7f2b154541166210f468d89bb0a7184f10e51168a181dbb8b686c14654ffa317,215159 9 215678 12 216197 14 216715 18 217235 19 217754 22 218274 23 218793 25 219313 25 219833 26 220352 27 220873 27 221393 27 221913 27 222433 27 222954 26 223475 24 223995 24 224516 23 225037 21 225558 19 226080 16 226601 14 227124 10 227647 2
7f2b154541166210f468d89bb0a7184f10e51168a181dbb8b686c14654ffa317,199631 18 200151 18 200670 23 201190 25 201710 27 202230 27 202750 29 203270 29 203790 29 204310 29 204830 29 205350 29 205870 29 206390 29 206910 31 207430 31 207951 30 208471 30 208997 24 209519 20 210041 16 210561 16
7f2b154541166210f468d89bb0a7184f10e51168a181dbb8b686c14654ffa317,39135 4 39652 10 40171 13 40691 13 41210 15 41729 17 42249 17 42768 19 43288 18 43808 19 44327 20 44847 19 45366 20 45885 21 46405 20 46924 21 47443 22 47962 22 48481 23 49000 23 49519 24 50039 24 50559 23 51079 22 51598 22 52118 21 52639 19 53159 17 53679 16 54199 15 54720 12 55241 10 55763 2 55766 3
7f2b154541166210f468d89bb0a7184f10e51168a181dbb8b686c14654ffa317,167397 14 167915 16 168435 18 168955 18 169473 22 169993 22 170511 26 171031 26 171551 30 172071 27 172099 2 172591 30 173111 30 173631 30 174151 30 174673 28 175193 28 175714 25 176237 22 176762 17 177282 17 177807 10
7f2b154541166210f468d89bb0a7184f10e51168a181dbb8b686c14654ffa317,327910 5 328428 9 328946 13 329466 14 329985 17 330505 19 331025 19 331545 21 332065 21 332585 22 333105 23 333626 22 334146 23 334667 22 335187 23 335708 22 336228 23 336749 22 337269 22 337790 21 338311 20 338832 19 339353 18 339874 16 340395 14 340917 11 341439 8
7f2b154541166210f468d89bb0a7184f10e51168a181dbb8b686c14654ffa317,128602 1 129120 10 129638 14 130157 15 130676 17 131195 18 131715 17 132235 17 132755 16 133275 13 133798 1 133801 1
7f2b154541166210f468d89bb0a7184f10e51168a181dbb8b686c14654ffa317,172378 1 172892 13 173410 17 173927 21 174446 23 174964 26 175483 28 176002 29 176521 30 177040 32 177560 32 178079 32 178599 32 179119 32 179639 31 180159 31 180679 30 181199 29 181720 27 182241 24 182761 23 183283 19 183805 15 184328 8
7f2b154541166210f468d89bb0a7184f10e51168a181dbb8b686c14654ffa317,34766 10 35284 17 35804 19 36323 20 36841 23 37361 23 37880 25 38400 26 38919 26 39438 28 39957 29 40477 29 40997 30 41517 29 42037 30 42557 28 43077 28 43597 27 44118 25 44638 19 44659 1 45158 14 45679 11 46200 8
7f2b154541166210f468d89bb0a7184f10e51168a181dbb8b686c14654ffa317,146430 1 146948 9 147467 12 147986 15 148506 17 149025 19 149545 20 150065 22 150585 23 151105 24 151625 25 152146 25 152666 25 153186 26 153707 26 154227 26 154748 25 155269 25 155790 24 156311 23 156832 22 157353 21 157873 21 158394 20 158915 19 159437 17 159958 16 160480 13 161002 10 161524 6
7f2b154541166210f468d89bb0a7184f10e51168a181dbb8b686c14654ffa317,14798 6 15317 10 15836 12 16354 15 16872 18 17388 23 17907 24 18426 25 18945 27 19464 28 19983 29 20503 29 21021 31 21541 31 22060 31 22579 32 23099 31 23618 32 24138 31 24658 30 25178 30 25698 28 26218 27 26738 27 27258 25 27779 23 28299 21 28820 19 29341 16 29862 13 30385 8
7f2b154541166210f468d89bb0a7184f10e51168a181dbb8b686c14654ffa317,228277 4 228791 10 229311 10 229827 14 230347 14 230865 16 231385 16 231903 18 232423 18 232943 18 233463 18 233985 16 234505 12
7f2b154541166210f468d89bb0a7184f10e51168a181dbb8b686c14654ffa317,207232 11 207746 17 208264 21 208784 25 209304 27 209824 28 210343 29 210863 30 211383 34 211903 36 212423 36 212943 39 213463 39 213984 38 214504 38 215026 36 215544 38 216064 10 216077 25 216584 7 216598 24 217118 21 217638 19 218158 15 218678 15
7f2b154541166210f468d89bb0a7184f10e51168a181dbb8b686c14654ffa317,128880 1 129398 5 129916 8 130436 9 130955 12 131474 14 131994 14 132514 15 133035 15 133555 16 134076 16 134596 17 135117 17 135638 17 136158 18 136679 18 137199 18 137720 18 138240 18 138760 19 139281 18 139801 18 140321 18 140842 16 141362 16 141883 14 142404 13 142925 11 143446 9 143967 1 143969 4
7f2b154541166210f468d89bb0a7184f10e51168a181dbb8b686c14654ffa317,101253 1 101771 8 102290 11 102809 14 103329 15 103848 18 104368 20 104888 21 105408 22 105929 23 106449 24 106969 25 107489 26 108009 26 108530 26 109050 26 109571 27 110092 26 110613 25 111134 24 111655 23 112177 21 112698 20 113219 19 113740 18 114262 14 114784 12 115307 3 115311 3
7f2b154541166210f468d89bb0a7184f10e51168a181dbb8b686c14654ffa317,37537 5 38051 14 38570 16 39089 17 39608 18 40127 20 40647 20 41166 21 41685 22 42205 22 42724 23 43243 24 43763 24 44283 24 44802 25 45322 24 45841 25 46362 24 46882 23 47402 23 47922 22 48442 22 48962 22 49483 20 50003 19 50523 19 51044 16 51564 15 52086 12 52607 10 53128 7 53653 1
7f2b154541166210f468d89bb0a7184f10e51168a181dbb8b686c14654ffa317,1570 3 2089 7 2608 9 3128 10 3647 13 4167 15 4687 15 5207 17 5727 18 6247 18 6767 19 7286 21 7806 21 8326 22 8847 21 9368 21 9888 21 10409 21 10929 21 11450 20 11972 18 12492 18 13013 16 13534 14 14056 10 14579 6
7f2b154541166210f468d89bb0a7184f10e51168a181dbb8b686c14654ffa317,250386 4 250904 10 251424 11 251941 16 252460 18 252980 18 253499 20 254019 21 254539 21 255060 21 255580 22 256100 23 256620 23 257141 23 257662 22 258182 23 258702 23 259223 23 259744 22 260265 21 260785 21 261307 19 261828 18 262349 16 262871 12 263394 7 263918 2
7f2b154541166210f468d89bb0a7184f10e51168a181dbb8b686c14654ffa317,71 13 589 17 1107 21 1626 23 2145 25 2665 26 3184 27 3704 28 4223 29 4743 29 5263 30 5783 28 6303 27 6824 26 7344 26 7866 23 8388 1 8390 18 8911 15 9434 9
7f2b154541166210f468d89bb0a7184f10e51168a181dbb8b686c14654ffa317,202284 4 202801 12 203321 14 203841 15 204361 16 204881 17 205401 18 205921 18 206441 18 206961 19 207481 19 208001 18 208521 18 209041 18 209561 18 210081 16 210601 15 211121 15 211641 13 212161 10
7f2b154541166210f468d89bb0a7184f10e51168a181dbb8b686c14654ffa317,99822 6 100341 10 100859 12 101379 12 101898 13 102416 16 102934 18 103453 19 103972 20 104491 21 105010 21 105530 21 106050 21 106570 21 107089 21 107609 21 108130 19 108650 18 109169 19 109690 17 110212 14 110733 11 111253 1 111255 8 111776 4
7f2b154541166210f468d89bb0a7184f10e51168a181dbb8b686c14654ffa317,18 25 538 25 1059 24 1579 24 2100 23 2622 21 3143 20 3665 18 4188 14 4712 7
7f2b154541166210f468d89bb0a7184f10e51168a181dbb8b686c14654ffa317,108731 2 109251 5 109770 8 110290 10 110808 14 111328 15 111849 16 112369 17 112889 19 113410 19 113930 20 114451 20 114971 21 115492 21 116013 20 116533 21 117054 21 117575 20 118096 20 118617 20 119138 19 119660 18 120181 17 120702 15 121223 14 121745 11 122269 7
7f2b154541166210f468d89bb0a7184f10e51168a181dbb8b686c14654ffa317,354073 17 354588 27 355106 33 355625 36 356145 37 356665 38 357186 37 357706 38 358226 38 358747 36 359268 35 359791 32 360315 27 360838 23 361368 11 361889 10
7f2b154541166210f468d89bb0a7184f10e51168a181dbb8b686c14654ffa317,123606 11 124126 11 124646 12 125166 12 125686 15 126206 15 126726 16 127246 16 127766 17 128286 17 128806 19 129326 19 129847 20 130367 20 130887 22 131407 22 131927 22 132447 23 132967 23 133487 23 134010 20 134531 19 135053 17 135573 17 136094 15 136615 12 137137 7 137657 6
7f2b154541166210f468d89bb0a7184f10e51168a181dbb8b686c14654ffa317,85718 1 86234 8 86753 11 87271 13 87790 15 88309 17 88829 17 89348 18 89868 18 90388 18 90908 18 91427 19 91947 19 92467 19 92987 19 93507 19 94027 19 94547 19 95067 19 95588 18 96108 18 96629 17 97149 17 97670 16 98190 15 98711 14 99231 13 99753 1 99755 6 100277 1 100279 1
7f2b154541166210f468d89bb0a7184f10e51168a181dbb8b686c14654ffa317,216074 3 216591 7 217109 9 217628 10 218148 10 218668 10 219187 10 219707 10 220226 10 220745 11 221264 11 221783 12 222303 11 222823 11 223343 10 223863 10 224383 9 224903 8 225423 7 225944 4
7f2b154541166210f468d89bb0a7184f10e51168a181dbb8b686c14654ffa317,83960 7 84477 10 84996 15 85515 16 86034 17 86554 17 87073 18 87593 18 88113 18 88633 18 89152 19 89672 18 90191 18 90711 16 91231 15 91751 14 92272 11 92791 10 93311 9 93831 6 94353 4
7f2b154541166210f468d89bb0a7184f10e51168a181dbb8b686c14654ffa317,88273 4 88790 8 89309 10 89829 13 90351 12 90870 15 91390 15 91910 16 92430 17 92950 19 93470 19 93991 19 94511 20 95032 19 95552 20 96073 21 96593 21 97114 20 97635 20 98156 19 98676 19 99197 18 99718 17 100239 16 100760 15 101281 14 101802 12 102325 7 102847 3 102851 1
7f2b154541166210f468d89bb0a7184f10e51168a181dbb8b686c14654ffa317,9748 5 10265 10 10784 13 11302 16 11821 19 12340 21 12860 22 13380 23 13900 24 14420 25 14941 25 15462 24 15983 24 16505 23 17028 21 17552 17 18074 15 18595 15 19117 13 19639 11 20160 10 20681 9 21204 4
7f2b154541166210f468d89bb0a7184f10e51168a181dbb8b686c14654ffa317,149467 6 149984 10 150502 14 151021 14 151539 17 152058 19 152577 19 153095 21 153614 22 154133 23 154653 23 155172 23 155692 22 156211 23 156731 22 157251 22 157771 21 158291 20 158812 17 159333 14 159854 7
7f2b154541166210f468d89bb0a7184f10e51168a181dbb8b686c14654ffa317,112307 6 112827 7 113346 9 113866 10 114386 10 114907 10 115428 10 115948 11 116469 11 116989 12 117510 11 118031 10 118552 9 119074 7 119596 3
7f2b154541166210f468d89bb0a7184f10e51168a181dbb8b686c14654ffa317,235386 10 235903 17 236421 21 236939 24 237457 29 237976 31 238495 33 239014 35 239533 36 240053 37 240573 37 241093 37 241613 37 242133 36 242654 34 243174 34 243695 32 244216 31 244738 27 245259 24 245782 19 246304 13 246318 1
7f2b154541166210f468d89bb0a7184f10e51168a181dbb8b686c14654ffa317,355479 1 355481 1 355483 5 355996 15 356515 18 357035 20 357554 22 358073 24 358593 25 359113 26 359633 27 360153 27 360673 28 361193 29 361713 29
7f2b154541166210f468d89bb0a7184f10e51168a181dbb8b686c14654ffa317,41112 3 41629 8 42148 10 42666 14 43177 24 43696 26 44215 28 44735 29 45255 29 45775 29 46295 30 46816 29 47336 29 47857 29 48378 28 48899 27 49420 26 49940 26 50462 23 50983 22 51504 20 52025 19 52546 18 53068 15 53589 13 54111 9 54633 3
7f2b154541166210f468d89bb0a7184f10e51168a181dbb8b686c14654ffa317,106279 2 106799 5 107317 8 107834 12 108353 14 108868 2 108872 15 109386 22 109906 23 110426 23 110946 23 111466 23 111985 24 112505 25 113025 25 113546 24 114067 22 114588 21 115108 21 115628 4 115636 13 116149 2 116156 12 116677 11 117199 8 117719 7 118241 4
7f2b154541166210f468d89bb0a7184f10e51168a181dbb8b686c14654ffa317,425 29 945 30 1465 30 1985 31 2506 30 3027 29 3548 27 4068 26 4590 23 5111 21 5635 15 6157 12 6679 6
7f2b154541166210f468d89bb0a7184f10e51168a181dbb8b686c14654ffa317,30706 10 31224 14 31741 18 32259 21 32778 22 33297 24 33816 26 34335 27 34854 29 35374 30 35893 31 36413 30 36933 29 37453 29 37973 28 38493 27 39013 27 39533 25 40053 24 40574 22 41094 18 41616 13 42136 12 42658 8
7f2b154541166210f468d89bb0a7184f10e51168a181dbb8b686c14654ffa317,41988 1 41991 1 42506 6 43025 9 43543 12 44062 14 44582 15 45102 15 45621 18 46141 18 46661 18 47181 19 47700 20 48221 19 48741 19 49261 20 49781 20 50301 20 50821 20 51342 19 51862 19 52382 19 52903 18 53423 17 53944 16 54465 15 54986 13 55507 12 56029 8 56550 4
7f2b154541166210f468d89bb0a7184f10e51168a181dbb8b686c14654ffa317,112027 2 112543 3 112547 3 113063 7 113583 8 114102 9 114622 10 115142 10 115662 10 116181 12 116701 12 117221 13 117741 14 118261 14 118781 15 119301 15 119821 16 120341 16 120861 16 121381 16 121901 16 122421 16 122941 16 123461 16 123982 15 124502 15 125022 15 125542 14 126062 14 126583 13 127103 12 127623 11 128144 10 128665 7 129186 4
7f2b154541166210f468d89bb0a7184f10e51168a181dbb8b686c14654ffa317,99774 1 99778 1 99780 2 100291 11 100811 12 101330 15 101849 18 102369 19 102889 18 103409 18 103929 19 104449 18 104969 18 105489 17 106010 16 106529 17 107049 16 107570 15 108090 15 108610 14 109131 13 109651 13 110172 10 110693 9 111215 4
7f2b154541166210f468d89bb0a7184f10e51168a181dbb8b686c14654ffa317,358538 7 359056 12 359576 13 360094 16 360614 17 361133 18
7f2b154541166210f468d89bb0a7184f10e51168a181dbb8b686c14654ffa317,275597 4 276115 6 276633 8 277152 9 277672 9 278192 9 278711 10 279232 9 279752 9 280272 9 280793 8 281313 8 281834 7 282355 6 282876 5 283398 3 283920 1
7f2b154541166210f468d89bb0a7184f10e51168a181dbb8b686c14654ffa317,181352 11 181868 18 182387 20 182905 23 183424 25 183943 27 184463 28 184982 29 185502 29 186022 28 186541 29 187062 28 187582 27 188102 26 188623 25 189144 23 189666 19 190189 11 190201 1
7f2b154541166210f468d89bb0a7184f10e51168a181dbb8b686c14654ffa317,26908 7 27425 12 27943 16 28463 18 28982 20 29502 21 30022 22 30542 23 31062 23 31582 24 32102 24 32622 25 33142 25 33662 25 34183 24 34703 25 35223 25 35744 24 36264 24 36784 24 37305 23 37825 23 38346 20 38866 19 39387 17 39908 14 40430 11 40950 9
7f2b154541166210f468d89bb0a7184f10e51168a181dbb8b686c14654ffa317,119053 5 119572 7 120091 10 120612 9 121132 11 121652 12 122173 12 122693 12 123213 13 123734 13 124254 13 124776 11 125297 10 125818 9 126339 7 126860 5 127381 2
7f2b154541166210f468d89bb0a7184f10e51168a181dbb8b686c14654ffa317,18681 2 18684 5 19200 13 19719 15 20238 18 20757 21 21276 23 21795 25 22315 25 22834 26 23354 26 23874 26 24394 27 24914 26 25434 26 25954 26 26474 25 26994 25 27515 23 28036 21 28557 20 29078 19 29599 17 30120 14 30643 11 31165 6
7f2b154541166210f468d89bb0a7184f10e51168a181dbb8b686c14654ffa317,208994 3 209511 8 210029 12 210549 12 211067 15 211587 16 212107 16 212627 16 213147 18 213667 19 214187 20 214707 21 215227 22 215747 23 216267 23 216787 23 217307 23 217827 24 218348 23 218869 22 219389 22 219909 22 220431 18 220951 18 221473 13
7f2b154541166210f468d89bb0a7184f10e51168a181dbb8b686c14654ffa317,29824 2 30340 9 30857 13 31376 15 31895 17 32414 19 32933 21 33453 21 33973 22 34493 22 35012 23 35532 23 36052 24 36572 24 37092 23 37612 23 38132 23 38652 22 39173 21 39694 20 40213 20 40733 19 41254 17 41774 17 42294 16 42816 12 43336 12 43858 7 44379 5
7f2b154541166210f468d89bb0a7184f10e51168a181dbb8b686c14654ffa317,338519 2 339038 3 339558 3 340077 4 340597 4 341117 4 341636 5 342157 4 342676 5 343196 5 343716 5 344236 5 344756 5 345276 5 345796 5 346316 5 346836 5 347357 4 347877 4 348398 3 348919 2 349440 1
7f2b154541166210f468d89bb0a7184f10e51168a181dbb8b686c14654ffa317,291670 7 292189 13 292707 16 293226 17 293744 20 294263 22 294781 25 295301 25 295820 27 296340 27 296860 28 297379 29 297899 29 298419 29 298939 30 299459 30 299980 28 300499 30 301020 29 301540 28 302061 27 302581 27 303102 25 303623 24 304144 22 304664 22 305185 20 305706 19 306228 16 306749 13 307271 10 307796 1 307798 1
7f2b154541166210f468d89bb0a7184f10e51168a181dbb8b686c14654ffa317,286877 10 287392 19 287910 23 288428 27 288946 29 289464 31 289983 32 290502 34 291020 35 291539 36 292059 36 292578 36 293097 37 293617 36 294137 35 294657 33 295177 32 295697 31 296217 29 296738 26 297259 23 297780 18 297800 1 298303 13 298827 1
7f2b154541166210f468d89bb0a7184f10e51168a181dbb8b686c14654ffa317,306441 1 306959 6 307478 8 307998 9 308518 10 309037 12 309557 12 310077 13 310597 14 311117 14 311637 15 312157 16 312677 16 313197 17 313718 17 314238 17 314759 17 315279 17 315799 17 316320 17 316840 17 317361 17 317882 16 318402 16 318922 17 319443 16 319964 15 320485 14 321006 13 321527 12 322048 10 322568 10 323090 7 323611 6
7f2b154541166210f468d89bb0a7184f10e51168a181dbb8b686c14654ffa317,27915 3 28433 6 28952 8 29471 10 29991 10 30510 12 31030 12 31550 13 32070 13 32589 14 33109 14 33629 14 34149 14 34669 14 35189 14 35709 14 36229 14 36749 14 37269 14 37789 14 38310 12 38830 12 39350 11 39870 10 40390 10 40909 11 41430 9 41950 9 42470 8 42991 6 43511 6 44032 4
7f2b154541166210f468d89bb0a7184f10e51168a181dbb8b686c14654ffa317,196959 1 197474 10 197992 13 198006 1 198510 18 199028 21 199546 24 200065 24 200584 26 201103 26 201622 27 202142 27 202662 27 203181 27 203702 26 204222 25 204742 25 205262 24 205783 22 206303 20 206825 17 207346 13 207869 7
7f2b154541166210f468d89bb0a7184f10e51168a181dbb8b686c14654ffa317,274303 2 274821 12 274834 1 275339 18 275859 18 276378 21 276898 24 277417 27 277937 28 278457 30 278977 31 279498 31 280018 32 280539 32 281060 31 281581 30 282102 29 282623 28 283146 25 283668 22 284190 20 284713 16 285235 12 285758 8
7f2b154541166210f468d89bb0a7184f10e51168a181dbb8b686c14654ffa317,106923 7 107441 11 107960 14 108479 16 108998 18 109519 16 110039 17 110558 18 111079 18 111598 19 112118 19 112638 19 113157 21 113677 21 114197 21 114717 21 115237 22 115757 21 116278 21 116798 21 117319 20 117839 20 118359 20 118879 20 119399 20 119920 20 120439 21 120959 21 121481 19 122001 18 122523 16 123044 14 123566 11 124088 8 124610 3
7f2b154541166210f468d89bb0a7184f10e51168a181dbb8b686c14654ffa317,133997 12 134515 16 135034 19 135554 19 136073 21 136591 24 137111 26 137631 26 138149 28 138669 28 139189 28 139709 28 140229 28 140749 28 141269 28 141789 28 142309 28 142829 28 143349 28 143869 28 144390 27 144910 27 145430 25 145950 25 146473 21 146993 20 147513 16 148033 16
7f2b154541166210f468d89bb0a7184f10e51168a181dbb8b686c14654ffa317,68339 11 68859 11 69379 12 69899 12 70419 14 70939 14 71459 16 71979 16 72499 18 73019 18 73539 18 74059 18 74579 19 75099 19 75619 20 76139 20 76659 20 77179 20 77701 18 78221 18 78742 17 79262 17 79785 14 80305 14 80827 11 81347 11
7f2b154541166210f468d89bb0a7184f10e51168a181dbb8b686c14654ffa317,348503 4 349021 9 349539 11 349551 1 350058 16 350577 17 351096 19 351616 19 352135 20 352654 21 353174 22 353694 22 354214 22 354734 21 355253 23 355774 21 356294 21 356814 21 357335 20 357855 20 358375 19 358896 18 359417 16 359938 13 360461 9 360988 2 361508 2
7f2b154541166210f468d89bb0a7184f10e51168a181dbb8b686c14654ffa317,73081 6 73599 11 74118 13 74636 16 75156 18 75675 19 76194 21 76714 22 77233 23 77753 24 78273 25 78793 25 79313 26 79833 26 80354 25 80874 25 81394 26 81915 25 82435 25 82955 25 83476 23 83997 22 84518 21 85038 20 85559 19 86080 17 86602 14 87123 12 87645 8
7f2b154541166210f468d89bb0a7184f10e51168a181dbb8b686c14654ffa317,337129 1 337646 8 338163 13 338681 16 339200 18 339720 19 340240 20 340760 21 341280 21 341800 22 342320 23 342840 24 343360 24 343881 23 344401 23 344922 23 345443 21 345963 21 346484 20 347005 19 347526 17 348048 14 348569 13 349091 11 349612 10 350133 8 350655 5
7f2b154541166210f468d89bb0a7184f10e51168a181dbb8b686c14654ffa317,501 20 1022 19 1543 18 2065 16 2587 14 3110 8
7f2b154541166210f468d89bb0a7184f10e51168a181dbb8b686c14654ffa317,201408 8 201926 13 202445 15 202964 16 203484 18 204004 19 204523 20 205043 21 205563 21 206084 21 206604 21 207124 22 207645 21 208165 21 208686 21 209206 21 209726 20 210246 21 210766 20 211287 19 211807 19 212327 19 212847 19 213368 17 213888 16 214409 15 214929 14 215450 13 215972 9 216496 5 217015 2
7f2b154541166210f468d89bb0a7184f10e51168a181dbb8b686c14654ffa317,28940 2 29459 4 29978 6 30498 7 31017 9 31536 10 32056 11 32576 11 33096 12 33615 13 34135 13 34655 14 35175 14 35695 14 36215 14 36735 14 37255 14 37775 14 38295 15 38815 15 39336 14 39856 14 40376 14 40896 13 41416 13 41936 13 42456 13 42976 12 43496 12 44016 11 44537 9 45057 9 45577 8 46098 6 46619 4
7f2b154541166210f468d89bb0a7184f10e51168a181dbb8b686c14654ffa317,253336 4 253854 7 254374 8 254893 11 255413 11 255933 12 256453 14 256973 15 257493 16 258013 17 258533 18 259054 19 259574 20 260094 21 260615 21 261135 22 261656 21 262176 22 262697 21 263218 20 263738 20 264259 20 264780 19 265301 18 265822 16 266343 15 266865 12 267387 9 267910 4
7f2b154541166210f468d89bb0a7184f10e51168a181dbb8b686c14654ffa317,87001 10 87521 10 88037 17 88555 20 89073 25 89593 25 90111 28 90631 28 91151 28 91671 28 92191 28 92711 28 93231 28 93751 28 94271 26 94791 26 95311 23 95831 23 96351 20 96871 18 97393 14 97913 14
7f2b154541166210f468d89bb0a7184f10e51168a181dbb8b686c14654ffa317,138375 6 138893 9 139412 11 139931 13 140450 15 140970 16 141489 17 142009 18 142529 18 143048 19 143568 20 144088 20 144609 19 145128 20 145648 21 146168 22 146689 21 147209 22 147729 23 148250 22 148771 22 149291 22 149812 21 150333 20 150853 20 151375 18 151897 15 152420 11 152943 7
7f2b154541166210f468d89bb0a7184f10e51168a181dbb8b686c14654ffa317,63951 7 63959 1 64469 12 64989 12 65508 13 66028 13 66547 14 67067 14 67587 14 68107 14 68627 14 69147 14 69667 14 70187 14 70707 14 71227 14 71747 14 72268 13 72788 13 73308 13 73829 12 74349 12 74870 11 75390 11 75911 10 76431 10 76952 9 77473 8 77994 7 78515 6 79036 5 79557 4 80078 3
7f2b154541166210f468d89bb0a7184f10e51168a181dbb8b686c14654ffa317,318154 6 318672 10 319191 13 319710 15 320229 17 320749 18 321269 19 321789 21 322309 22 322829 23 323349 23 323869 24 324389 24 324909 24 325429 24 325950 23 326470 23 326991 22 327511 21 328034 18 328556 15 329079 10 329602 6
7f2b154541166210f468d89bb0a7184f10e51168a181dbb8b686c14654ffa317,200827 8 201345 13 201863 18 202383 21 202903 22 203422 23 203446 1 203942 26 204462 25 204983 25 205503 26 206024 25 206545 24 207066 24 207587 23 208107 23 208629 21 209150 20 209671 19 210192 18 210714 16 211235 15 211757 12 212279 10 212801 7 213325 1
7f2b154541166210f468d89bb0a7184f10e51168a181dbb8b686c14654ffa317,171911 6 172428 11 172946 15 173465 18 173985 19 174504 23 175023 24 175543 25 176062 26 176582 27 177102 28 177623 28 178143 29 178663 30 179184 29 179704 30 180224 30 180745 30 181266 29 181786 29 182307 28 182828 27 183349 26 183870 24 184391 23 184914 19 185435 17 185957 14 186480 8
7f2b154541166210f468d89bb0a7184f10e51168a181dbb8b686c14654ffa317,176747 15 177267 15 177786 21 178306 23 178825 26 179345 26 179865 28 180385 28 180905 28 181425 28 181945 28 182466 27 182987 26 183507 26 184029 24 184549 24 185071 22 185591 22 186113 20 186633 18 187157 13 187677 13
7f2b154541166210f468d89bb0a7184f10e51168a181dbb8b686c14654ffa317,64483 1 65001 8 65521 11 66041 13 66561 15 67081 16 67601 17 68121 19 68641 20 69161 21 69681 21 70201 22 70721 22 71241 23 71761 23 72281 23 72801 23 73321 23 73841 22 74363 19 74885 16 75408 12 75931 7
7f2b154541166210f468d89bb0a7184f10e51168a181dbb8b686c14654ffa317,316 25 836 25 1355 26 1875 26 2395 25 2915 25 3435 25 3955 24 4475 24 4995 24 5515 23 6036 22 6556 21 7077 19 7597 18 8119 15 8640 13 9161 10
7f2b154541166210f468d89bb0a7184f10e51168a181dbb8b686c14654ffa317,196036 1 196039 2 196555 6 197072 9 197591 10 198110 11 198629 12 199149 12 199668 13 200188 13 200708 13 201228 13 201748 13 202268 13 202789 12 203310 11 203830 11 204351 10 204872 9 205393 8 205914 7 206435 6 206956 5 207478 3 208000 1
