7f38885521586fc6011bef1314a9fb2aa1e4935bd581b2991e1d963395eab770,413883 5 414906 9 415930 10 416953 11 417977 11 419001 11 420025 11 421049 11 422073 11 423097 10 424122 8
7f38885521586fc6011bef1314a9fb2aa1e4935bd581b2991e1d963395eab770,92331 4 93353 6 94376 7 95399 8 96423 8 97448 6
7f38885521586fc6011bef1314a9fb2aa1e4935bd581b2991e1d963395eab770,1013386 7 1014410 8 1015434 8 1016458 9 1017482 10 1018506 10 1019530 11 1020554 11 1021578 12 1022602 12 1023627 12 1024651 13 1025676 12 1026700 12 1027724 12 1028750 11 1029774 11 1030799 11 1031824 12 1032848 13 1033873 12 1034898 11 1035924 9 1036949 8
7f38885521586fc6011bef1314a9fb2aa1e4935bd581b2991e1d963395eab770,199428 5 200451 11 201474 13 202498 13 203522 13 204546 12 205571 11 206595 11 207621 7 208646 6 209670 6
7f38885521586fc6011bef1314a9fb2aa1e4935bd581b2991e1d963395eab770,394142 11 395164 16 396185 21 397208 23 398231 25 399254 26 400278 27 401301 28 402325 28 403349 28 404373 28 405397 28 406421 28 407445 28 408469 28 409494 27 410518 27 411544 24 412568 24 413594 21 414619 20 415645 17 416671 12 417700 5
7f38885521586fc6011bef1314a9fb2aa1e4935bd581b2991e1d963395eab770,383230 6 384252 9 385275 10 386299 10 387323 10 388347 10 389371 10 390395 10 391419 10 392445 8
7f38885521586fc6011bef1314a9fb2aa1e4935bd581b2991e1d963395eab770,1007393 5 1008415 8 1009438 9 1010462 10 1011486 10 1012510 10 1013534 10 1014559 8
7f38885521586fc6011bef1314a9fb2aa1e4935bd581b2991e1d963395eab770,183806 9 184828 12 185851 13 186874 15 187898 15 188921 17 189945 17 190969 17 191993 17 193017 17 194041 17 195065 17 196089 17 197113 17 198137 16 199162 14 200186 13 201212 10
7f38885521586fc6011bef1314a9fb2aa1e4935bd581b2991e1d963395eab770,321978 7 323001 9 324025 11 325049 11 326073 12 327096 13 328120 13 329144 13 330168 13 331192 13 332215 14 333239 14 334262 15 335285 16 336308 17 337331 17 338355 17 339379 17 340403 17 341427 17 342451 16 343475 16 344499 15 345524 14 346549 11 347576 7
7f38885521586fc6011bef1314a9fb2aa1e4935bd581b2991e1d963395eab770,632583 7 633606 8 634629 10 635652 12 636676 12 637700 12 638724 12 639748 12 640772 12 641796 12 642820 12 643844 11 644869 10 645895 4
7f38885521586fc6011bef1314a9fb2aa1e4935bd581b2991e1d963395eab770,66616 6 67638 9 68662 9 69686 9 70710 9 71735 8
7f38885521586fc6011bef1314a9fb2aa1e4935bd581b2991e1d963395eab770,239397 9 240420 10 241444 10 242468 10 243492 10 244516 10 245540 10 246565 8 247590 7
7f38885521586fc6011bef1314a9fb2aa1e4935bd581b2991e1d963395eab770,97546 7 98569 9 99592 11 100615 13 101639 14 102662 15 103686 16 104709 18 105733 18 106757 19 107781 19 108806 19 109832 17 110857 17 111884 14 112909 14 113933 14 114958 13 115983 12 117009 9 118035 6 119061 2
7f38885521586fc6011bef1314a9fb2aa1e4935bd581b2991e1d963395eab770,700454 21 701477 23 702501 23 703525 23 704549 23 705573 23 706609 9
7f38885521586fc6011bef1314a9fb2aa1e4935bd581b2991e1d963395eab770,1014482 5 1015505 7 1016529 9 1017552 10 1018576 10 1019599 11 1020623 11 1021647 8 1022673 6
7f38885521586fc6011bef1314a9fb2aa1e4935bd581b2991e1d963395eab770,264977 6 266001 7 267025 8 268050 8 269074 8 270098 8 271122 8 272147 6 273171 5
7f38885521586fc6011bef1314a9fb2aa1e4935bd581b2991e1d963395eab770,824729 5 825751 12 826773 15 827796 17 828820 18 829844 19 830867 20 831891 20 832916 19 833940 19 834964 19 835989 17 837014 15 838040 12
7f38885521586fc6011bef1314a9fb2aa1e4935bd581b2991e1d963395eab770,690193 1 690195 1 691216 7 692240 9 693263 14 694286 17 695309 18 696335 16 697358 18 698382 19 699406 20 700430 20 701454 21 702477 24 703501 24 704525 24 705549 23 706573 22 707597 22 708621 22 709646 19 710671 18 711697 17 712723 14 713754 7
7f38885521586fc6011bef1314a9fb2aa1e4935bd581b2991e1d963395eab770,738115 11 739137 13 740160 14 741184 14 742207 15 743230 16 744254 15 745278 14 746302 14 747326 13 748350 13 749374 12 750399 10 751424 9 752449 5
7f38885521586fc6011bef1314a9fb2aa1e4935bd581b2991e1d963395eab770,1047830 36
7f38885521586fc6011bef1314a9fb2aa1e4935bd581b2991e1d963395eab770,51254 7 52276 9 53300 9 54324 9 55348 9 56372 9 57396 9 58420 9 59445 7
7f38885521586fc6011bef1314a9fb2aa1e4935bd581b2991e1d963395eab770,165374 5 166397 8 167420 9 168443 10 169466 12 170489 13 171513 13 172536 14 173560 14 174584 14 175608 14 176633 12 177657 11 178682 8 179706 6 180730 3
7f38885521586fc6011bef1314a9fb2aa1e4935bd581b2991e1d963395eab770,172113 7 173137 7 174161 7 175185 7 176209 7 177233 7 178258 6 179283 5
7f38885521586fc6011bef1314a9fb2aa1e4935bd581b2991e1d963395eab770,629523 3 630545 7 631569 8 632593 8 633617 8 634641 8 635665 8 636689 7
7f38885521586fc6011bef1314a9fb2aa1e4935bd581b2991e1d963395eab770,587190 7 588212 10 589235 12 590258 15 591281 16 592305 16 593329 16 594353 16 595377 17 596401 16 597426 15 598451 14 599475 13 600501 10 601528 4
7f38885521586fc6011bef1314a9fb2aa1e4935bd581b2991e1d963395eab770,869815 6 870839 6 871861 8 872884 9 873907 9 874930 10 875953 11 876977 11 878001 10 879025 10 880050 7 881074 6
7f38885521586fc6011bef1314a9fb2aa1e4935bd581b2991e1d963395eab770,461782 6 462804 10 463826 12 464849 14 465872 15 466896 15 467919 16 468942 16 469966 16 470990 16 472014 16 473038 15 474062 15 475086 14 476111 12 477135 11 478160 8 479187 4
7f38885521586fc6011bef1314a9fb2aa1e4935bd581b2991e1d963395eab770,301600 4 302623 6 303645 8 304669 8 305693 8 306717 8 307742 6 308766 6
7f38885521586fc6011bef1314a9fb2aa1e4935bd581b2991e1d963395eab770,180286 6 181309 7 182333 7 183357 7 184381 7 185405 7 186429 6 187454 4
7f38885521586fc6011bef1314a9fb2aa1e4935bd581b2991e1d963395eab770,398593 6 399616 7 400640 8 401663 12 402687 12 403711 12 404735 11 405760 10 406785 7
7f38885521586fc6011bef1314a9fb2aa1e4935bd581b2991e1d963395eab770,59442 3 60466 3 61489 8 62513 8 63537 8 64561 8 65585 7 66609 7 67633 5
7f38885521586fc6011bef1314a9fb2aa1e4935bd581b2991e1d963395eab770,260255 4 261277 8 262300 10 263323 11 264346 12 265370 13 266393 14 267417 14 268441 13 269465 13 270490 11 271514 11 272539 9 273565 4
7f38885521586fc6011bef1314a9fb2aa1e4935bd581b2991e1d963395eab770,616689 3 617708 10 618730 15 619753 17 620776 19 621799 20 622822 22 623845 22 624868 22 625891 23 626915 23 627939 20 628963 19 629987 17 631011 16 632035 14 633059 14 634084 11 635109 8 636137 3
7f38885521586fc6011bef1314a9fb2aa1e4935bd581b2991e1d963395eab770,748244 4 749267 6 750290 8 751314 9 752337 11 753361 11 754385 12 755409 12 756433 12 757457 12 758481 12 759506 11 760530 11 761556 9 762582 6
7f38885521586fc6011bef1314a9fb2aa1e4935bd581b2991e1d963395eab770,555617 3 556641 5 557664 6 558688 7 559711 8 560735 8 561759 8 562783 8 563808 7 564832 6 565857 5
7f38885521586fc6011bef1314a9fb2aa1e4935bd581b2991e1d963395eab770,497343 8 498366 11 499390 11 500414 11 501438 11 502462 11 503487 10 504512 8 505537 7
7f38885521586fc6011bef1314a9fb2aa1e4935bd581b2991e1d963395eab770,137107 5 138130 6 139153 8 140177 8 141201 8 142225 8 143249 8 144274 6
7f38885521586fc6011bef1314a9fb2aa1e4935bd581b2991e1d963395eab770,495027 4 496049 7 497073 7 498096 8 499120 8 500145 7 501170 6 502197 3
7f38885521586fc6011bef1314a9fb2aa1e4935bd581b2991e1d963395eab770,1013466 6 1014490 8 1015513 9 1016538 8 1017562 8 1018586 8 1019610 8 1020634 8 1021657 9 1022684 6 1023708 4
7f38885521586fc6011bef1314a9fb2aa1e4935bd581b2991e1d963395eab770,861243 7 862263 12 863286 14 864309 17 865333 18 866357 19 867382 18 868406 18 869431 16 870456 15 871481 14 872506 13 873531 12 874556 11 875581 10 876606 9 877632 7 878657 5
7f38885521586fc6011bef1314a9fb2aa1e4935bd581b2991e1d963395eab770,1011326 9 1012348 13 1013371 14 1014393 17 1015417 17 1016440 18 1017463 19 1018486 20 1019509 21 1020532 21 1021555 22 1022578 23 1023601 24 1024624 24 1025648 24 1026672 24 1027695 25 1028719 24 1029743 23 1030768 21 1031793 19 1032818 16 1033844 12 1034869 11 1035893 9 1036917 7
7f38885521586fc6011bef1314a9fb2aa1e4935bd581b2991e1d963395eab770,497768 2 498791 5 499815 8 500839 9 501863 10 502888 9 503912 10 504937 10 505961 12 506985 12 508010 11 509034 11 510059 10 511083 10 512108 10 513132 11 514157 10 515182 9 516207 5 517232 3
7f38885521586fc6011bef1314a9fb2aa1e4935bd581b2991e1d963395eab770,985194 5 986217 6 987241 6 988265 6 989289 7 990313 7 991336 8 992360 8 993384 8 994408 8 995432 7 996456 7 997480 7 998505 5 999529 4
7f38885521586fc6011bef1314a9fb2aa1e4935bd581b2991e1d963395eab770,798900 1 798902 6 799923 11 800946 15 801969 17 802992 19 804015 21 805039 22 806062 24 807086 23 808110 23 809134 23 810157 24 811181 24 812206 23 813230 23 814255 21 815279 21 816304 20 817329 19 818355 14 819381 9
7f38885521586fc6011bef1314a9fb2aa1e4935bd581b2991e1d963395eab770,1048451 36
7f38885521586fc6011bef1314a9fb2aa1e4935bd581b2991e1d963395eab770,136220 6 137241 12 138263 17 139286 19 140310 20 141333 22 142357 23 143381 24 144405 24 145429 25 146454 24 147478 25 148502 25 149527 25 150552 24 151576 24 152600 25 153624 25 154649 24 155673 24 156698 23 157723 22 158748 21 159773 20 160798 19 161822 20 162847 17 163871 16 164896 1 164899 10
7f38885521586fc6011bef1314a9fb2aa1e4935bd581b2991e1d963395eab770,85156 4 86179 5 87203 5 88227 5 89250 6 90274 7 91298 7 92322 7 93346 7 94371 5
7f38885521586fc6011bef1314a9fb2aa1e4935bd581b2991e1d963395eab770,503751 5 504774 7 505798 7 506822 7 507846 7 508870 6 509894 5
7f38885521586fc6011bef1314a9fb2aa1e4935bd581b2991e1d963395eab770,638840 7 639862 11 640885 12 641908 14 642931 15 643955 15 644979 16 646003 16 647027 16 648051 15 649076 14 650101 12 651127 7
7f38885521586fc6011bef1314a9fb2aa1e4935bd581b2991e1d963395eab770,821784 4 822807 5 823831 6 824855 6 825879 6 826902 6 827926 6 828949 7 829973 7 830997 7 832020 8 833044 8 834066 10 835089 10 836113 10 837136 11 838159 11 839183 11 840206 11 841230 11 842254 11 843278 11 844301 11 845325 11 846349 11 847373 11 848397 11 849422 10 850445 11 851469 11 852493 11 853517 11 854541 11 855565 11 856589 11 857613 11 858637 11 859661 11 860685 11 861709 11 862733 12 863758 11 864782 11 865806 11 866830 11 867855 10 868879 10 869904 9 870929 8 871954 7 872978 7 874003 6
7f38885521586fc6011bef1314a9fb2aa1e4935bd581b2991e1d963395eab770,969166 8 970188 12 971211 14 972235 15 973257 19 974280 21 975303 23 976327 23 977351 23 978374 24 979398 25 980422 25 981446 25 982470 25 983494 25 984518 25 985542 25 986567 24 987591 24 988615 24 989639 22 990664 21 991689 20 992714 19 993738 18 994764 15 995790 12 996817 7
7f38885521586fc6011bef1314a9fb2aa1e4935bd581b2991e1d963395eab770,28115 3 29136 7 30159 8 31182 9 32206 9 33230 9 34255 8 35280 6 36305 5 37330 3
7f38885521586fc6011bef1314a9fb2aa1e4935bd581b2991e1d963395eab770,257811 8 258835 11 259859 12 260883 13 261908 12 262933 11 263957 11 264983 10 266008 9 267033 8 268058 7 269082 7 270107 5
7f38885521586fc6011bef1314a9fb2aa1e4935bd581b2991e1d963395eab770,205586 5 206607 8 207628 11 208652 11 209676 11 210700 11 211724 10 212749 8 213775 5
7f38885521586fc6011bef1314a9fb2aa1e4935bd581b2991e1d963395eab770,747341 3 748364 5 749388 5 750412 5 751436 3 752460 3
7f38885521586fc6011bef1314a9fb2aa1e4935bd581b2991e1d963395eab770,553582 5 554606 7 555630 7 556654 7 557678 7 558703 6 559727 6 560751 6 561775 5 562799 5
7f38885521586fc6011bef1314a9fb2aa1e4935bd581b2991e1d963395eab770,755706 5 756727 8 757750 9 758773 10 759797 10 760820 11 761844 10 762868 10 763892 10 764916 10 765940 10 766964 10 767988 10 769012 9 770037 8 771062 6
7f38885521586fc6011bef1314a9fb2aa1e4935bd581b2991e1d963395eab770,1022242 6 1023265 8 1024289 10 1025312 13 1026336 14 1027360 16 1028384 16 1029408 17 1030432 17 1031456 18 1032481 17 1033505 17 1034530 17 1035554 17 1036579 16 1037603 15 1038628 14 1039653 11
7f38885521586fc6011bef1314a9fb2aa1e4935bd581b2991e1d963395eab770,126619 6 127641 9 128664 11 129687 13 130711 13 131735 14 132760 13 133784 13 134808 13 135833 12 136857 12 137882 11 138907 9 139932 8 140957 6 141982 4
7f38885521586fc6011bef1314a9fb2aa1e4935bd581b2991e1d963395eab770,503220 5 504244 6 505268 6 506292 6 507316 8 508340 9 509363 10 510387 10 511411 10 512435 10 513461 6
7f38885521586fc6011bef1314a9fb2aa1e4935bd581b2991e1d963395eab770,170047 4 171068 8 172092 8 173115 9 174139 9 175163 9 176187 8 177211 8 178236 5
7f38885521586fc6011bef1314a9fb2aa1e4935bd581b2991e1d963395eab770,496043 5 497067 6 498091 5 499115 5 500139 5 501163 5 502187 3 503212 2 504236 2
7f38885521586fc6011bef1314a9fb2aa1e4935bd581b2991e1d963395eab770,952687 8 953708 15 954731 17 955753 20 956775 22 957798 23 958821 24 959845 24 960869 23 961892 23 962915 23 963938 24 964961 23 965985 22 967008 22 968032 21 969056 20 970081 18 971105 17 972130 13 973155 9
7f38885521586fc6011bef1314a9fb2aa1e4935bd581b2991e1d963395eab770,243486 5 244508 8 245532 8 246556 9 247580 10 248604 10 249628 10 250652 10 251677 9 252702 8
7f38885521586fc6011bef1314a9fb2aa1e4935bd581b2991e1d963395eab770,471833 4 472855 8 473878 10 474901 11 475923 14 476946 15 477969 16 478993 17 480016 18 481040 17 482063 18 483087 18 484111 17 485135 16 486159 15 487183 13 488208 10 489234 5
7f38885521586fc6011bef1314a9fb2aa1e4935bd581b2991e1d963395eab770,477718 2 478739 8 479762 10 480786 11 481809 13 482833 14 483857 14 484881 14 485905 14 486930 13 487954 13 488978 13 490003 11 491028 9 492054 5
7f38885521586fc6011bef1314a9fb2aa1e4935bd581b2991e1d963395eab770,274715 10 275736 14 276759 16 277781 18 278804 21 279827 22 280851 23 281874 24 282898 24 283922 24 284946 25 285970 25 286995 24 288019 24 289043 24 290067 24 291091 24 292116 22 293140 22 294165 20 295191 17 296216 14 297243 10
7f38885521586fc6011bef1314a9fb2aa1e4935bd581b2991e1d963395eab770,1022680 4 1023702 6 1024725 9 1025749 9 1026773 9 1027797 9 1028821 8 1029845 7 1030870 5
7f38885521586fc6011bef1314a9fb2aa1e4935bd581b2991e1d963395eab770,425209 2 426231 7 427254 9 428278 9 429301 10 430324 12 431348 12 432372 12 433396 12 434420 12 435444 13 436468 14 437492 13 438516 13 439541 11 440566 10 441591 9 442617 6
7f38885521586fc6011bef1314a9fb2aa1e4935bd581b2991e1d963395eab770,81066 5 82089 7 83112 8 84136 8 85160 8 86184 8 87208 8 88232 8 89257 7
7f38885521586fc6011bef1314a9fb2aa1e4935bd581b2991e1d963395eab770,957762 6 958784 10 959806 13 960829 15 961853 15 962877 16 963900 17 964924 18 965948 18 966971 20 967994 21 969018 21 970042 21 971066 21 972090 21 973114 21 974138 21 975162 21 976186 20 977210 20 978234 20 979259 18 980283 17 981309 14 982334 12 983359 10 984383 9 985409 3
7f38885521586fc6011bef1314a9fb2aa1e4935bd581b2991e1d963395eab770,371271 5 372291 11 373314 15 374336 19 375359 21 376382 23 377406 24 378429 25 379452 27 380476 27 381499 28 382523 28 383546 29 384570 29 385594 29 386618 29 387642 28 388667 26 389691 26 390715 26 391740 24 392764 22 393789 20 394813 18 395838 5
7f38885521586fc6011bef1314a9fb2aa1e4935bd581b2991e1d963395eab770,983138 5 984160 7 985183 8 986207 8 987230 9 988253 8 989277 7 990301 6 991325 5 992349 5 993373 3
7f38885521586fc6011bef1314a9fb2aa1e4935bd581b2991e1d963395eab770,941526 6 942548 10 943571 12 944594 14 945618 14 946642 15 947665 16 948690 15 949714 15 950739 12 951764 10 952788 9 953813 7 954840 1
7f38885521586fc6011bef1314a9fb2aa1e4935bd581b2991e1d963395eab770,500144 1 501168 2 502190 7 503214 6 504238 6 505262 6 506286 6 507311 5 508335 5 509359 4
7f38885521586fc6011bef1314a9fb2aa1e4935bd581b2991e1d963395eab770,877098 6 878120 9 879144 10 880167 12 881191 13 882214 14 883238 15 884262 15 885287 14 886311 13 887335 13 888360 11 889386 7
7f38885521586fc6011bef1314a9fb2aa1e4935bd581b2991e1d963395eab770,274067 2 275091 9 276114 12 277137 15 278160 16 279183 17 280207 17 281230 18 282254 18 283278 18 284302 18 285325 19 286349 19 287373 19 288397 19 289421 18 290445 17 291469 17 292493 17 293517 16 294542 14 295567 12 296592 9
7f38885521586fc6011bef1314a9fb2aa1e4935bd581b2991e1d963395eab770,127905 4 128928 5 129952 6 130976 7 132000 8 133025 8 134049 9 135073 9 136097 9 137121 9 138144 10 139168 9
7f38885521586fc6011bef1314a9fb2aa1e4935bd581b2991e1d963395eab770,435870 5 436893 8 437916 10 438940 10 439963 12 440986 14 442010 14 443034 14 444058 14 445082 14 446106 14 447130 13 448155 12 449179 9 450204 6
7f38885521586fc6011bef1314a9fb2aa1e4935bd581b2991e1d963395eab770,1009415 7 1010438 9 1011462 12 1012486 13 1013511 12 1014535 13 1015560 13 1016584 13 1017609 13 1018635 12 1019659 13 1020683 14 1021709 12 1022733 13 1023758 13 1024783 12 1025809 10 1026834 9 1027861 6
7f38885521586fc6011bef1314a9fb2aa1e4935bd581b2991e1d963395eab770,129947 5 130970 6 131993 7 133017 8 134040 9 135064 9 136088 9 137112 9 138136 8
7f38885521586fc6011bef1314a9fb2aa1e4935bd581b2991e1d963395eab770,864685 9 865708 12 866732 12 867755 13 868778 13 869802 13 870826 13 871850 11 872874 9 873898 8 874922 7 875946 6 876971 5 877996 4
7f38885521586fc6011bef1314a9fb2aa1e4935bd581b2991e1d963395eab770,739736 5 740758 9 741781 12 742804 14 743828 14 744851 15 745875 15 746899 15 747923 15 748947 15 749971 15 750996 14 752019 15 753044 14 754071 11 755095 10 756123 1
7f38885521586fc6011bef1314a9fb2aa1e4935bd581b2991e1d963395eab770,1016607 7 1017630 10 1018652 12 1019676 12 1020700 12 1021724 12 1022748 11 1023772 10 1024797 9 1025822 8 1026846 7 1027871 4
7f38885521586fc6011bef1314a9fb2aa1e4935bd581b2991e1d963395eab770,390410 3 391433 6 392456 8 393480 8 394504 8 395528 8 396552 8 397576 7 398600 7 399625 5
7f38885521586fc6011bef1314a9fb2aa1e4935bd581b2991e1d963395eab770,990974 7 991996 11 993018 13 994042 13 995064 15 996087 16 997110 17 998133 18 999156 19 1000180 19 1001203 19 1002227 19 1003251 18 1004275 17 1005299 15 1006323 14 1007347 13 1008372 11 1009397 8 1010422 3
7f38885521586fc6011bef1314a9fb2aa1e4935bd581b2991e1d963395eab770,1030029 7 1031053 12 1032076 16 1033101 16 1034125 17 1035149 17 1036174 16 1037199 15 1038224 14 1039249 12 1040275 8
7f38885521586fc6011bef1314a9fb2aa1e4935bd581b2991e1d963395eab770,989284 3 990307 4 991330 5 992354 6 993377 7 994401 7 995425 6 996450 5
7f38885521586fc6011bef1314a9fb2aa1e4935bd581b2991e1d963395eab770,237564 4 238588 5 239610 7 240633 8 241655 10 242678 11 243701 12 244725 12 245748 13 246771 14 247795 14 248818 15 249842 15 250865 16 251889 16 252913 16 253936 17 254960 17 255984 17 257008 17 258032 17 259056 17 260080 13
7f38885521586fc6011bef1314a9fb2aa1e4935bd581b2991e1d963395eab770,690219 16 691241 18 692265 20 693289 20 694313 20 695337 20 696361 20 697386 19 698411 17 699436 15
7f38885521586fc6011bef1314a9fb2aa1e4935bd581b2991e1d963395eab770,1010474 4 1011498 7 1012521 9 1013545 9 1014569 9 1015593 9 1016617 9 1017642 8 1018666 8 1019691 7 1020716 6 1021740 5
7f38885521586fc6011bef1314a9fb2aa1e4935bd581b2991e1d963395eab770,291353 6 292376 8 293398 11 294422 12 295446 12 296470 12 297494 12 298518 12 299542 12 300567 11 301592 8 302618 5
7f38885521586fc6011bef1314a9fb2aa1e4935bd581b2991e1d963395eab770,558695 6 559719 6 560743 6 561767 7 562791 7 563815 7 564840 6
7f38885521586fc6011bef1314a9fb2aa1e4935bd581b2991e1d963395eab770,62667 6 63690 8 63701 1 64714 13 65738 14 66762 14 67786 15 68810 18 69833 20 70857 21 71881 21 72905 21 73929 21 74954 19 75978 19 77003 18 78030 15 79055 14 80080 12 81104 12 82130 10
7f38885521586fc6011bef1314a9fb2aa1e4935bd581b2991e1d963395eab770,185401 3 186424 4 187448 4 188471 6 189494 7 190518 7 191542 7 192566 3 192570 3 193590 7 194614 7 195638 7 196662 6 197686 6
7f38885521586fc6011bef1314a9fb2aa1e4935bd581b2991e1d963395eab770,499408 6 500431 7 501454 9 502478 9 503499 12 504522 13 505546 13 506570 11 507594 11 508619 9 509643 7
7f38885521586fc6011bef1314a9fb2aa1e4935bd581b2991e1d963395eab770,624734 8 625756 11 626779 13 627802 15 628826 16 629850 16 630874 16 631898 16 632922 17 633946 17 634970 18 635994 18 637018 18 638042 18 639066 18 640090 17 641115 16 642140 14 643164 13 644189 11 645214 9 646239 8
7f38885521586fc6011bef1314a9fb2aa1e4935bd581b2991e1d963395eab770,166991 4 168013 6 169036 7 170059 8 171082 8 172106 7 173129 8 174152 8 175176 8 176200 8 177223 8 178247 8 179271 7 180295 7 181319 6 182343 6
7f38885521586fc6011bef1314a9fb2aa1e4935bd581b2991e1d963395eab770,403642 8 404665 10 405689 10 406712 11 407736 11 408760 11 409784 10 410809 8 411835 6
7f38885521586fc6011bef1314a9fb2aa1e4935bd581b2991e1d963395eab770,487612 1 488634 9 489657 10 490681 13 491705 13 492729 13 493753 14 494777 14 495802 12 496826 12 497851 11 498876 9 499900 8
7f38885521586fc6011bef1314a9fb2aa1e4935bd581b2991e1d963395eab770,645901 7 646924 9 647948 9 648972 9 649996 9 651020 7 652044 6
