7f4d7b549d0f1a110191e2aded872943d85892bc30667f19fe9de97a5370b08e,55851 3 56104 8 56359 11 56614 14 56870 15 57126 15 57382 15 57638 15 57894 16 58150 15 58406 15 58663 14 58920 12 59177 8 59434 7
7f4d7b549d0f1a110191e2aded872943d85892bc30667f19fe9de97a5370b08e,38475 1 38728 7 38982 10 39236 13 39491 14 39746 16 40001 17 40256 18 40512 18 40768 18 41024 18 41280 17 41536 16 41793 14 42049 12 42306 9 42565 4
7f4d7b549d0f1a110191e2aded872943d85892bc30667f19fe9de97a5370b08e,46587 1 46840 7 47095 9 47351 10 47607 10 47863 10 48119 10 48375 10 48631 10 48889 8 49148 5
7f4d7b549d0f1a110191e2aded872943d85892bc30667f19fe9de97a5370b08e,54214 5 54467 9 54722 10 54977 11 55233 12 55489 11 55745 11 56002 10 56258 10 56515 9 56771 9 57028 8 57285 7 57541 6 57798 5
7f4d7b549d0f1a110191e2aded872943d85892bc30667f19fe9de97a5370b08e,3068 5 3323 6 3579 6 3834 7 4090 7 4345 8 4601 8 4856 9 5112 9 5368 9 5624 9 5879 10 6135 10 6391 10 6647 9 6902 9 7159 7 7416 3
7f4d7b549d0f1a110191e2aded872943d85892bc30667f19fe9de97a5370b08e,1225 2 1479 7 1733 10 1988 12 2242 14 2496 16 2751 18 3006 19 3262 19 3518 19 3775 18 4031 18 4288 16 4544 15 4801 12 5058 10 5316 6 5574 1 5576 1
7f4d7b549d0f1a110191e2aded872943d85892bc30667f19fe9de97a5370b08e,22866 7 23121 8 23376 10 23626 15 23882 15 24139 13 24397 8
7f4d7b549d0f1a110191e2aded872943d85892bc30667f19fe9de97a5370b08e,33331 5 33585 8 33839 12 34095 13 34351 13 34606 15 34862 15 35119 14 35375 14 35632 13 35889 12 36145 11 36402 10 36659 8 36915 7 37172 5
7f4d7b549d0f1a110191e2aded872943d85892bc30667f19fe9de97a5370b08e,27117 4 27372 7 27628 8 27883 9 28139 11 28396 11 28652 11 28909 10 29167 8 29425 5
7f4d7b549d0f1a110191e2aded872943d85892bc30667f19fe9de97a5370b08e,5981 5 6236 7 6491 8 6747 9 7002 10 7258 10 7513 10 7769 10 8025 10 8280 11 8536 10 8792 10 9048 9 9304 8 9561 6 9819 2
