7f55678298adb736987d9fb5d1d2daefb08fe5bf4d81b2380bedf9449f79cc38,35597 5 35851 8 36106 11 36361 13 36617 14 36873 15 37129 16 37385 16 37642 15 37898 15 38154 15 38410 14 38667 12 38924 10 39181 8 39438 6
7f55678298adb736987d9fb5d1d2daefb08fe5bf4d81b2380bedf9449f79cc38,61902 11 62154 17 62409 20 62663 23 62918 24 63173 26 63429 27 63685 27 63941 27 64197 27 64453 27 64710 26 64966 26 65222 25 65479 24 65735 23 65991 23 66248 21 66505 19 66761 18 67018 16 67275 14 67532 12 67789 9
7f55678298adb736987d9fb5d1d2daefb08fe5bf4d81b2380bedf9449f79cc38,78361 7 78614 12 78868 17 79123 21 79377 26 79631 29 79885 33 80140 35 80395 36 80650 38 80905 40 81160 41 81415 43 81670 45
7f55678298adb736987d9fb5d1d2daefb08fe5bf4d81b2380bedf9449f79cc38,2418 13 2673 15 2929 15 3185 15 3440 15 3695 16 3951 15 4207 15 4464 15 4720 15 4976 15 5232 15 5488 14 5745 12 6001 11 6257 11 6513 11 6769 11 7025 11 7281 11 7537 12 7793 12 8050 11 8307 9
7f55678298adb736987d9fb5d1d2daefb08fe5bf4d81b2380bedf9449f79cc38,51496 5 51750 9 52004 12 52258 16 52513 18 52768 20 53024 20 53280 21 53536 21 53792 21 54048 21 54304 21 54560 21 54816 21 55072 21 55329 20 55586 19 55843 17 56101 14 56359 11 56617 5
7f55678298adb736987d9fb5d1d2daefb08fe5bf4d81b2380bedf9449f79cc38,2866 5 3121 10 3376 12 3629 16 3882 20 4137 22 4392 24 4647 25 4903 25 5158 26 5414 27 5670 27 5926 26 6182 25 6439 23 6696 20 6953 18 7209 18 7466 17 7722 16 7978 16 8235 14 8492 11 8749 8 9009 2
7f55678298adb736987d9fb5d1d2daefb08fe5bf4d81b2380bedf9449f79cc38,50543 5 50797 8 51051 11 51306 13 51561 14 51816 15 52071 16 52326 17 52582 17 52838 16 53095 15 53353 14 53610 13 53866 13 54123 12 54379 12 54635 12 54892 10 55149 9 55408 6 55666 3
7f55678298adb736987d9fb5d1d2daefb08fe5bf4d81b2380bedf9449f79cc38,49561 4 49816 6 49832 3 50071 7 50087 5 50327 7 50342 7 50583 8 50597 8 50839 9 50852 10 51095 23 51352 22 51608 22 51864 22 52120 22 52376 21 52633 20 52891 17 53154 9
7f55678298adb736987d9fb5d1d2daefb08fe5bf4d81b2380bedf9449f79cc38,70001 15 70255 21 70510 24 70765 26 71020 27 71275 29 71531 29 71787 30 72042 31 72298 31 72554 31 72810 31 73066 31 73322 31 73578 31 73834 31 74091 29 74347 28 74604 26 74861 24 75119 21 75377 18 75635 15 75892 12 76149 10 76406 8 76662 7 76918 6 77174 5 77430 4 77686 3 77942 2
7f55678298adb736987d9fb5d1d2daefb08fe5bf4d81b2380bedf9449f79cc38,52805 9 53058 14 53310 19 53565 22 53820 24 54076 25 54332 25 54588 26 54844 26 55100 26 55355 27 55611 27 55867 27 56123 27 56378 28 56634 28 56890 28 57146 27 57402 27 57658 27 57915 26 58172 25 58428 24 58685 22 58942 19 59200 16 59460 9 59720 4
7f55678298adb736987d9fb5d1d2daefb08fe5bf4d81b2380bedf9449f79cc38,48628 8 48883 10 49139 11 49395 12 49651 13 49907 13 50163 13 50419 14 50675 14 50931 14 51187 14 51443 14 51699 14 51956 12 52212 12 52468 11 52724 9 52981 7
7f55678298adb736987d9fb5d1d2daefb08fe5bf4d81b2380bedf9449f79cc38,47806 5 48059 9 48314 12 48569 14 48824 16 49080 17 49335 19 49591 19 49847 20 50102 21 50358 22 50614 22 50871 21 51127 22 51384 21 51640 21 51896 21 52153 21 52409 21 52665 21 52922 20 53179 18 53435 17 53692 15 53949 13 54207 10 54465 7 54723 3
7f55678298adb736987d9fb5d1d2daefb08fe5bf4d81b2380bedf9449f79cc38,53731 8 53984 15 54238 18 54493 21 54748 23 55003 24 55258 26 55513 27 55769 27 56025 27 56281 27 56537 28 56793 28 57049 27 57305 27 57561 27 57817 27 58074 25 58330 24 58586 23 58843 22 59101 19 59359 17 59616 15 59873 13 60130 11 60387 9
7f55678298adb736987d9fb5d1d2daefb08fe5bf4d81b2380bedf9449f79cc38,45783 13 46037 16 46292 18 46547 20 46802 21 47058 22 47313 24 47569 25 47825 26 48081 26 48337 26 48593 26 48849 25 49105 23 49362 17 49619 14 49876 12 50136 5
7f55678298adb736987d9fb5d1d2daefb08fe5bf4d81b2380bedf9449f79cc38,16371 9 16626 13 16882 15 17137 16 17393 16 17649 16 17905 16 18161 16 18417 16 18673 16 18929 16 19186 15 19442 15 19698 15 19955 14 20211 14 20467 14 20724 13 20980 13 21237 12 21494 11 21751 10 22009 8
7f55678298adb736987d9fb5d1d2daefb08fe5bf4d81b2380bedf9449f79cc38,27648 1 27903 2 28159 2 28414 3 28670 3 28926 3 29182 3 29437 4 29693 4 29949 4 30205 4 30461 4 30717 4 30973 4 31229 4 31485 4 31741 4 31997 4 32253 4 32509 4 32766 3 33022 3 33279 2 33535 2 33792 1
7f55678298adb736987d9fb5d1d2daefb08fe5bf4d81b2380bedf9449f79cc38,11898 4 12153 6 12409 7 12665 10 12922 10 13178 11 13435 10 13691 11 13947 11 14202 12 14452 18 14707 19 14963 19 15219 18 15475 17 15731 16 15987 14 16243 13 16500 11 16756 10 17013 4
7f55678298adb736987d9fb5d1d2daefb08fe5bf4d81b2380bedf9449f79cc38,40631 3 40879 3 40885 6 41134 13 41389 14 41645 14 41901 14 42158 13 42414 14 42671 15 42927 16 43184 16 43441 16 43697 16 43954 15 44210 14 44466 13 44722 12 44979 8
7f55678298adb736987d9fb5d1d2daefb08fe5bf4d81b2380bedf9449f79cc38,59644 3 59897 8 60152 9 60407 10 60662 11 60917 12 61172 13 61428 13 61684 13 61939 14 62195 14 62451 14 62707 14 62963 14 63220 13 63476 13 63733 12 63990 11 64247 10 64505 8 64763 5
7f55678298adb736987d9fb5d1d2daefb08fe5bf4d81b2380bedf9449f79cc38,41082 5 41334 10 41588 13 41843 16 42099 17 42354 19 42609 20 42865 20 43121 21 43377 22 43633 23 43889 25 44146 25 44402 27 44659 28 44915 29 45172 29 45428 30 45685 29 45942 28 46199 27 46456 26 46712 26 46969 25 47226 23 47483 21 47741 18 48000 14 48257 11 48519 4
7f55678298adb736987d9fb5d1d2daefb08fe5bf4d81b2380bedf9449f79cc38,13923 5 14176 10 14428 15 14682 17 14937 19 15193 20 15449 20 15704 22 15959 24 16215 24 16470 25 16725 27 16981 27 17237 27 17493 27 17749 27 18006 26 18262 26 18518 26 18774 26 19031 25 19288 24 19545 23 19802 22 20059 21 20322 13 20579 11 20835 10 21091 10 21348 8 21606 4
7f55678298adb736987d9fb5d1d2daefb08fe5bf4d81b2380bedf9449f79cc38,56683 8 56938 11 57193 13 57446 17 57700 20 57955 23 58211 24 58467 25 58723 26 58979 27 59235 28 59491 28 59747 29 60003 29 60259 29 60516 28 60773 27 61030 26 61287 25 61544 23 61801 21 62058 19 62317 15 62574 13 62831 11 63088 10 63345 8 63603 5
7f55678298adb736987d9fb5d1d2daefb08fe5bf4d81b2380bedf9449f79cc38,55 9 311 10 568 10 827 7 1084 6 1341 4
7f55678298adb736987d9fb5d1d2daefb08fe5bf4d81b2380bedf9449f79cc38,32089 15 32343 18 32596 23 32851 25 33107 26 33362 28 33617 29 33872 31 34128 31 34384 32 34639 33 34895 33 35151 34 35407 34 35664 33 35920 33 36176 33 36432 33 36689 31 36947 29 37204 27 37462 23 37720 19 37978 15 38236 7
7f55678298adb736987d9fb5d1d2daefb08fe5bf4d81b2380bedf9449f79cc38,14227 6 14482 8 14737 12 14993 14 15248 19 15502 22 15757 24 16013 25 16269 26 16524 27 16780 27 17035 28 17291 27 17547 26 17803 25 18059 24 18315 23 18572 21 18834 14
7f55678298adb736987d9fb5d1d2daefb08fe5bf4d81b2380bedf9449f79cc38,15593 6 15848 8 16103 9 16359 9 16615 9 16872 7 17129 4
7f55678298adb736987d9fb5d1d2daefb08fe5bf4d81b2380bedf9449f79cc38,30209 9 30465 11 30721 12 30977 12 31233 12 31489 13 31745 13 32001 13 32257 13 32513 13 32769 13 33025 13 33281 13 33537 13 33793 13 34049 12 34305 11 34561 10 34817 7 35073 5
7f55678298adb736987d9fb5d1d2daefb08fe5bf4d81b2380bedf9449f79cc38,68533 2 68786 8 69041 10 69296 14 69552 15 69807 18 70063 19 70318 21 70573 23 70827 25 71082 27 71338 28 71595 28 71853 27 72110 26 72366 26 72622 25 72878 24 73135 22 73393 19 73650 7 73660 5 73906 5 74163 3 74420 1
7f55678298adb736987d9fb5d1d2daefb08fe5bf4d81b2380bedf9449f79cc38,63026 4 63268 19 63517 27 63771 30 64026 31 64281 32 64537 32 64794 31 65051 29 65308 27 65565 24 65822 22 66079 19 66336 17 66593 16 66849 17 67105 17 67361 18 67618 17 67874 17 68130 18 68386 18 68643 16 68900 13 69156 11 69413 9
7f55678298adb736987d9fb5d1d2daefb08fe5bf4d81b2380bedf9449f79cc38,38269 8 38524 10 38780 11 39035 13 39291 13 39547 14 39803 15 40059 16 40315 16 40571 16 40828 16 41087 14 41344 14 41601 13 41859 11 42116 10 42373 8
7f55678298adb736987d9fb5d1d2daefb08fe5bf4d81b2380bedf9449f79cc38,46429 3 46682 8 46937 10 47193 11 47448 13 47703 14 47959 15 48215 16 48471 16 48727 16 48983 16 49239 16 49495 15 49751 15 50008 13 50265 12 50522 10 50780 6
7f55678298adb736987d9fb5d1d2daefb08fe5bf4d81b2380bedf9449f79cc38,59792 8 60044 14 60297 18 60551 21 60805 24 61060 27 61315 29 61571 30 61826 33 62082 34 62338 35 62594 35 62850 36 63106 37 63362 37 63618 38 63874 40 64130 41 64387 41 64644 41 64901 41 65159 39 65417 37 65675 35 65932 35 66192 31 66449 30 66706 29 66963 28 67221 26 67478 24 67735 22 67994 4 68000 12 68259 7
7f55678298adb736987d9fb5d1d2daefb08fe5bf4d81b2380bedf9449f79cc38,40802 9 41057 11 41313 12 41569 13 41824 15 42080 15 42336 15 42592 15 42848 15 43104 15 43360 15 43616 15 43872 15 44128 15 44384 15 44640 15 44896 15 45152 14 45409 13 45667 11 45926 7
7f55678298adb736987d9fb5d1d2daefb08fe5bf4d81b2380bedf9449f79cc38,11555 7 11808 11 12063 14 12318 16 12573 18 12829 20 13084 23 13339 26 13594 28 13850 28 14106 28 14362 28 14619 27 14875 27 15132 26 15388 26 15645 25 15903 22 16160 19 16417 17 16675 15 16932 14 17190 12 17448 10 17705 8 17963 5
7f55678298adb736987d9fb5d1d2daefb08fe5bf4d81b2380bedf9449f79cc38,30620 7 30874 10 31128 13 31383 15 31638 16 31893 18 32148 19 32403 20 32658 21 32914 21 33170 21 33425 22 33681 22 33937 21 34193 21 34449 20 34705 20 34961 19 35217 19 35474 17 35731 15 35988 13 36245 11
7f55678298adb736987d9fb5d1d2daefb08fe5bf4d81b2380bedf9449f79cc38,26761 7 27015 11 27270 13 27525 15 27780 16 28035 18 28291 18 28546 19 28802 19 29058 19 29314 19 29570 18 29826 18 30082 18 30338 18 30595 16 30851 16 31108 14 31364 14 31621 12 31878 10 32136 6
7f55678298adb736987d9fb5d1d2daefb08fe5bf4d81b2380bedf9449f79cc38,6657 2 6913 3 7169 4 7425 5 7681 5 7937 5 8193 6 8449 6 8705 6 8961 6 9217 6 9473 6 9729 6 9985 5 10241 5 10497 4 10753 4 11009 3 11265 3 11521 2
7f55678298adb736987d9fb5d1d2daefb08fe5bf4d81b2380bedf9449f79cc38,278 11 533 20 790 20 1047 19 1305 17 1562 16 1818 15 2075 14 2331 14 2587 14 2843 13 3098 14 3354 14 3610 13 3865 14 4122 12 4379 10
7f55678298adb736987d9fb5d1d2daefb08fe5bf4d81b2380bedf9449f79cc38,36017 9 36270 13 36525 15 36779 18 37034 20 37289 22 37545 22 37800 23 38056 23 38312 23 38568 23 38824 23 39080 23 39336 23 39593 21 39849 20 40106 18 40363 16 40620 11 40877 2 40882 3
7f55678298adb736987d9fb5d1d2daefb08fe5bf4d81b2380bedf9449f79cc38,77542 10 77795 14 78050 16 78306 17 78561 18 78816 20 79072 20 79328 21 79584 22 79840 22 80096 23 80352 23 80608 23 80865 22 81122 21 81378 21 81635 20 81893 17
7f55678298adb736987d9fb5d1d2daefb08fe5bf4d81b2380bedf9449f79cc38,38626 4 38881 6 39137 7 39393 8 39649 10 39905 11 40161 12 40418 11 40674 11 40931 10 41188 9 41445 7 41702 5
7f55678298adb736987d9fb5d1d2daefb08fe5bf4d81b2380bedf9449f79cc38,68112 6 68366 10 68620 13 68875 15 69130 16 69385 17 69639 19 69894 21 70150 21 70405 22 70661 22 70917 22 71174 21 71430 21 71687 21 71944 20 72201 20 72457 21 72713 21 72969 22 73225 22 73481 21 73738 19 73995 16 74252 11 74510 3
7f55678298adb736987d9fb5d1d2daefb08fe5bf4d81b2380bedf9449f79cc38,71331 7 71586 9 71842 11 72098 12 72354 12 72610 12 72866 12 73122 13 73378 15 73634 16 73890 16 74146 17 74402 18 74658 18 74915 17 75172 16 75429 15 75686 14 75943 13 76200 11 76457 9 76714 7
7f55678298adb736987d9fb5d1d2daefb08fe5bf4d81b2380bedf9449f79cc38,28950 6 29203 12 29458 14 29713 16 29969 17 30224 19 30479 21 30735 21 30991 21 31247 21 31502 23 31758 23 32014 23 32270 23 32526 24 32782 24 33039 23 33296 22 33552 22 33808 22 34065 21 34322 19 34579 18 34836 16 35093 15 35350 13 35607 11 35864 9 36122 6
7f55678298adb736987d9fb5d1d2daefb08fe5bf4d81b2380bedf9449f79cc38,26591 5 26846 10 27102 12 27358 15 27615 15 27872 15 28130 13 28387 11 28645 7
7f55678298adb736987d9fb5d1d2daefb08fe5bf4d81b2380bedf9449f79cc38,30900 4 31155 10 31410 14 31665 17 31921 18 32178 18 32435 17 32691 18 32948 17 33205 17 33461 17 33717 17 33974 16 34230 16 34486 15 34743 13 34999 12 35256 4
7f55678298adb736987d9fb5d1d2daefb08fe5bf4d81b2380bedf9449f79cc38,10992 8 11247 13 11502 16 11755 22 12010 23 12266 23 12522 23 12779 22 13036 21 13293 20 13550 19 13807 18 14064 17 14322 15 14579 14 14836 13 15093 12 15349 12 15605 12 15861 12 16118 11 16380 5 16639 2
7f55678298adb736987d9fb5d1d2daefb08fe5bf4d81b2380bedf9449f79cc38,55213 4 55467 10 55722 12 55976 16 56231 18 56486 20 56742 21 56997 23 57252 25 57508 26 57764 27 58020 28 58276 29 58532 30 58788 30 59045 28 59301 28 59557 28 59813 28 60070 27 60326 27 60582 27 60839 26 61095 26 61352 24 61609 23 61870 17 62128 14 62387 9
7f55678298adb736987d9fb5d1d2daefb08fe5bf4d81b2380bedf9449f79cc38,17358 8 17613 13 17869 15 18125 16 18381 18 18636 20 18892 21 19148 22 19404 23 19660 23 19916 24 20172 24 20429 23 20686 22 20943 21 21200 19 21462 9
7f55678298adb736987d9fb5d1d2daefb08fe5bf4d81b2380bedf9449f79cc38,43932 3 44185 11 44440 14 44695 16 44951 17 45206 19 45462 19 45718 19 45974 20 46230 20 46486 20 46742 20 46998 20 47255 19 47511 19 47768 18 48024 18 48281 17 48537 18 48793 18 49049 18 49305 18 49565 14 49822 10 50078 9 50334 8 50591 6 50848 4
7f55678298adb736987d9fb5d1d2daefb08fe5bf4d81b2380bedf9449f79cc38,32234 8 32485 15 32739 21 32991 26 33246 28 33502 29 33757 32 34013 33 34269 34 34525 35 34781 36 35037 36 35294 35 35551 33 35807 33 36064 31 36321 30 36578 29 36835 28 37092 27 37349 27 37606 26 37863 25 38120 24 38377 23 38641 15 38901 10 39158 9 39415 7
7f55678298adb736987d9fb5d1d2daefb08fe5bf4d81b2380bedf9449f79cc38,52599 2 52854 4 53110 6 53367 8 53623 19 53879 20 54135 20 54391 20 54647 20 54902 22 55158 23 55414 23 55670 23 55926 23 56182 23 56438 23 56693 23 56949 23 57206 22 57463 20 57720 17 57978 14 58235 4 58492 2
7f55678298adb736987d9fb5d1d2daefb08fe5bf4d81b2380bedf9449f79cc38,65247 10 65503 11 65758 14 66014 15 66269 18 66524 20 66779 21 67034 23 67289 24 67544 25 67802 24 68059 23 68315 23 68571 23 68827 23 69083 23 69338 23 69594 23 69849 23 70105 23 70360 23 70616 23 70872 22 71129 20 71385 19 71641 18 71898 15 72155 13 72412 10 72672 2
7f55678298adb736987d9fb5d1d2daefb08fe5bf4d81b2380bedf9449f79cc38,25037 2 25289 11 25542 15 25797 16 26053 17 26308 18 26564 18 26821 18 27078 18 27336 16 27593 16 27849 16 28105 17 28362 16 28619 15 28875 15 29132 15 29389 14 29646 12 29903 10 30160 9 30417 8 30676 6 30934 4 31191 2
7f55678298adb736987d9fb5d1d2daefb08fe5bf4d81b2380bedf9449f79cc38,529 4 783 7 1038 9 1293 12 1549 13 1804 14 2060 15 2316 15 2572 15 2828 15 3084 14 3340 14 3596 14 3852 13 4109 11 4367 8
7f55678298adb736987d9fb5d1d2daefb08fe5bf4d81b2380bedf9449f79cc38,39123 6 39376 13 39631 15 39886 18 40142 19 40397 21 40652 22 40908 22 41164 22 41420 22 41676 22 41932 22 42187 22 42443 22 42699 22 42956 21 43212 20 43469 19 43725 18 43982 17 44239 15 44496 12 44753 10
7f55678298adb736987d9fb5d1d2daefb08fe5bf4d81b2380bedf9449f79cc38,72441 6 72696 8 72952 8 73207 10 73463 10 73719 10 73975 10 74230 11 74486 11 74741 12 74996 13 75251 14 75507 14 75763 14 76019 14 76275 14 76532 13 76789 12 77045 12 77302 11 77559 10 77816 9 78074 7
7f55678298adb736987d9fb5d1d2daefb08fe5bf4d81b2380bedf9449f79cc38,16807 6 17063 8 17318 10 17573 12 17828 14 18083 16 18338 18 18593 20 18848 22 19103 24 19359 24 19615 24 19871 23 20127 23 20383 23 20639 23 20895 22 21152 21 21409 20 21666 18 21924 14 22182 11 22439 9 22696 5
7f55678298adb736987d9fb5d1d2daefb08fe5bf4d81b2380bedf9449f79cc38,3174 6 3428 10 3683 12 3938 13 4193 14 4449 15 4705 15 4961 15 5217 15 5473 15 5729 16 5985 16 6241 16 6497 16 6754 15 7010 15 7267 14 7523 14 7780 13 8036 14 8293 14 8550 13 8807 11 9064 9 9322 5
7f55678298adb736987d9fb5d1d2daefb08fe5bf4d81b2380bedf9449f79cc38,19769 5 20022 11 20277 13 20533 14 20788 16 21044 16 21300 17 21555 18 21811 18 22066 19 22322 20 22577 21 22833 22 23089 23 23345 24 23601 24 23857 25 24114 24 24370 24 24627 23 24884 22 25141 21 25398 20 25655 19 25912 18 26169 16 26426 14 26682 14 26939 12 27196 10 27455 6
7f55678298adb736987d9fb5d1d2daefb08fe5bf4d81b2380bedf9449f79cc38,41529 7 41784 10 42039 13 42294 16 42549 18 42803 21 43058 24 43313 26 43568 27 43824 26 44080 26 44335 27 44591 27 44847 27 45103 27 45360 26 45616 26 45872 26 46129 25 46385 24 46641 24 46898 23 47155 21 47411 20 47668 17 47925 12 48182 9
7f55678298adb736987d9fb5d1d2daefb08fe5bf4d81b2380bedf9449f79cc38,18041 6 18296 9 18545 3 18552 10 18800 5 18807 12 19056 20 19312 21 19568 21 19824 21 20080 21 20336 22 20592 22 20847 23 21103 24 21359 24 21614 25 21870 25 22125 26 22380 27 22635 28 22890 29 23145 30 23401 30 23657 30 23914 28 24173 24 24430 22 24687 7 24697 10 24944 5 24954 8 25201 3 25209 9 25465 8 25721 8 25977 7 26234 4
7f55678298adb736987d9fb5d1d2daefb08fe5bf4d81b2380bedf9449f79cc38,40448 1 40703 2 40958 3 41213 4 41468 5 41724 5 41980 5 42235 6 42489 8 42743 10 42995 14 43250 15 43506 15 43761 16 44017 16 44273 16 44530 15 44787 14 45043 14 45299 14 45556 13 45814 11 46071 10 46328 9 46590 3 46848 1
7f55678298adb736987d9fb5d1d2daefb08fe5bf4d81b2380bedf9449f79cc38,74120 5 74375 7 74630 9 74885 10 75140 12 75395 13 75650 15 75904 18 76159 19 76414 20 76669 22 76924 23 77179 24 77434 25 77689 25 77944 26 78199 26 78454 25 78709 25 78964 25 79220 24 79475 25 79731 25 79987 25 80244 25 80500 25 80756 25 81012 26 81268 26 81525 26 81783 25
