8055957570d7b38f0acecdb56f3078a963a1a7307ca03fcca62212e0e95e5845,303516 12 304033 17 304551 21 305070 23 305588 29 306107 32 306626 35 307146 37 307665 40 308184 43 308704 43 309223 47 309743 48 310263 49 310783 49 311304 50 311824 50 312344 52 312865 51 313385 52 313905 53 314425 54 314946 54 315467 54 315988 54 316508 55 317029 55 317550 54 318071 54 318592 54 319113 53 319633 53 320154 52 320675 51 321196 50 321717 49 322238 47 322760 45 323281 43 323803 41 324324 39 324845 38 325367 35 325889 31 326411 28 326934 23 327457 19 327980 14 328504 5
8055957570d7b38f0acecdb56f3078a963a1a7307ca03fcca62212e0e95e5845,179134 3 179141 2 179646 23 180160 33 180677 38 181195 42 181712 47 182231 50 182750 52 183269 54 183788 56 184307 58 184827 58 185346 60 185866 60 186385 62 186905 62 187424 63 187944 63 188464 63 188984 63 189504 63 190024 63 190544 63 191064 63 191584 62 192104 62 192625 61 193145 60 193666 59 194187 57 194707 56 195228 54 195749 52 196270 50 196791 47 197312 44 197833 41 198355 36 198878 30 199402 23 199926 15
8055957570d7b38f0acecdb56f3078a963a1a7307ca03fcca62212e0e95e5845,95736 10 96252 19 96771 24 97289 28 97808 31 98326 34 98845 37 99365 38 99884 40 100404 41 100923 43 101443 44 101963 45 102482 47 103002 48 103522 48 104042 49 104562 50 105082 51 105602 51 106122 52 106643 52 107163 52 107683 53 108203 53 108724 52 109244 52 109765 51 110285 51 110806 50 111327 49 111847 49 112368 48 112889 47 113409 47 113930 46 114451 45 114972 43 115494 41 116015 39 116537 36 117058 35 117581 31 118105 26 118629 20 119153 14 119679 3
8055957570d7b38f0acecdb56f3078a963a1a7307ca03fcca62212e0e95e5845,328219 11 328736 21 329254 25 329773 28 330292 30 330812 31 331332 32 331851 34 332371 35 332891 36 333410 38 333930 39 334449 41 334969 42 335488 44 336008 45 336528 46 337048 46 337567 47 338087 48 338606 49 339126 49 339646 49 340166 50 340686 50 341206 49 341726 49 342247 48 342767 47 343288 45 343808 44 344328 42 344849 38 345370 35 345891 33 346412 31 346933 30 347454 28 347976 25 348498 23 349020 20 349541 17 350063 14 350587 7
8055957570d7b38f0acecdb56f3078a963a1a7307ca03fcca62212e0e95e5845,273785 11 274303 14 274821 16 275340 18 275860 18 276379 20 276899 21 277419 22 277938 27 278458 27 278978 27 279498 27 280018 27 280537 27 281057 27 281577 26 282097 25 282617 24 283137 23 283657 22 284177 21 284697 21 285217 20 285737 18 286257 16 286779 9
8055957570d7b38f0acecdb56f3078a963a1a7307ca03fcca62212e0e95e5845,160793 2 160796 4 161308 16 161823 25 162339 32 162856 37 163374 40 163892 44 164411 45 164929 48 165447 50 165966 52 166484 54 167003 56 167522 57 168041 59 168560 60 169079 61 169597 63 170117 63 170636 63 171155 64 171674 65 172193 66 172713 66 173232 66 173752 65 174272 65 174792 64 175312 63 175832 61 176352 60 176872 59 177392 58 177913 55 178434 52 178955 50 179475 48 179996 45 180517 41 181038 36 181561 28 182083 24 182607 15 183136 1
8055957570d7b38f0acecdb56f3078a963a1a7307ca03fcca62212e0e95e5845,89 26 608 28 1127 29 1645 32 2165 32 2684 34 3203 35 3722 37 4241 38 4760 39 5280 39 5799 40 6318 41 6838 41 7357 42 7877 42 8396 43 8916 43 9436 43 9956 43 10476 42 10995 43 11515 43 12035 43 12555 42 13075 42 13595 41 14115 41 14635 41 15155 40 15675 40 16195 40 16715 39 17235 39 17755 38 18275 37 18795 36 19315 35 19836 33 20356 33 20876 33 21396 32 21916 31 22436 30 22956 29 23477 27 23997 26 24517 25 25037 25 25558 23 26078 22 26599 20 27120 18 27641 16 28163 12 28685 7
8055957570d7b38f0acecdb56f3078a963a1a7307ca03fcca62212e0e95e5845,300053 7 300572 15 301090 20 301609 23 302128 25 302648 26 303167 28 303687 29 304207 29 304727 30 305247 30 305767 30 306287 30 306807 30 307328 29 307848 29 308368 29 308889 28 309409 27 309930 26 310451 24 310972 23 311494 21 312016 18 312538 15 313061 11 313584 7 314108 1
8055957570d7b38f0acecdb56f3078a963a1a7307ca03fcca62212e0e95e5845,219009 10 219525 16 220042 20 220558 26 221076 28 221593 32 222109 36 222626 39 223145 40 223663 43 224181 45 224700 46 225219 47 225738 48 226257 48 226776 49 227295 49 227813 51 228333 50 228852 51 229372 50 229892 49 230411 49 230931 49 231450 49 231970 48 232490 48 233010 47 233529 48 234049 47 234569 46 235089 46 235609 45 236129 44 236650 43 237170 42 237690 40 238211 38 238731 37 239252 35 239773 33 240294 30 240815 28 241336 25 241857 22 242380 17 242902 13
8055957570d7b38f0acecdb56f3078a963a1a7307ca03fcca62212e0e95e5845,302340 9 302858 14 303374 20 303893 23 304413 25 304931 29 305450 31 305970 32 306489 34 307009 35 307528 37 308048 38 308568 39 309088 40 309608 41 310128 42 310648 42 311168 43 311687 45 312208 44 312728 44 313248 45 313768 46 314289 45 314809 46 315329 47 315848 49 316370 47 316891 47 317411 48 317931 48 318452 47 318971 49 319492 48 320013 47 320533 47 321053 48 321573 48 322094 47 322615 46 323135 47 323657 45 324177 45 324700 42 325220 42 325741 41 326261 41 326782 40 327303 39 327825 37 328347 35 328868 33 329389 32 329910 30 330431 29 330952 27 331474 24 331995 23 332517 20 333039 16 333562 10
8055957570d7b38f0acecdb56f3078a963a1a7307ca03fcca62212e0e95e5845,277218 13 277735 20 278254 22 278772 26 279291 28 279809 30 280328 32 280848 32 281366 35 281886 35 282405 37 282924 38 283444 38 283964 38 284484 40 285004 40 285524 40 286044 41 286564 41 287084 41 287604 41 288124 41 288644 41 289165 40 289685 5 289691 34 290206 39 290726 39 291246 40 291767 38 292287 38 292808 37 293328 36 293848 36 294368 35 294888 35 295409 33 295930 32 296451 30 296974 27 297496 25 298017 23 298539 20 299062 16 299584 10 299595 1
8055957570d7b38f0acecdb56f3078a963a1a7307ca03fcca62212e0e95e5845,261692 3 262209 12 262722 20 263239 24 263758 26 264275 30 264793 33 265312 35 265829 39 266348 40 266868 41 267386 44 267904 47 268423 48 268942 50 269461 51 269981 51 270500 52 271019 54 271538 55 272057 56 272577 56 273097 56 273616 57 274135 58 274655 58 275175 58 275695 58 276215 57 276735 57 277255 56 277775 55 278296 54 278817 51 279337 50 279858 47 280378 44 280423 1 280900 37 281421 33 281942 29 282463 23 282986 19 283508 16
8055957570d7b38f0acecdb56f3078a963a1a7307ca03fcca62212e0e95e5845,92802 1 93317 14 93835 24 94353 29 94872 32 95391 35 95910 37 96430 39 96949 41 97469 42 97988 44 98508 45 99028 45 99548 46 100068 46 100587 47 101108 47 101627 48 102147 48 102668 47 103188 47 103708 48 104228 48 104748 48 105268 48 105788 48 106308 48 106828 48 107349 47 107869 47 108390 46 108912 43 109433 42 109953 42 110473 42 110994 40 111514 40 112034 40 112554 40 113075 38 113595 37 114116 35 114636 34 115157 32 115677 31 116198 30 116719 28 117240 26 117760 26 118282 23 118804 19 119325 17 119852 8
8055957570d7b38f0acecdb56f3078a963a1a7307ca03fcca62212e0e95e5845,39299 13 39817 18 40334 23 40853 27 41372 29 41891 32 42411 34 42930 36 43449 40 43969 41 44489 42 45008 44 45528 45 46048 47 46568 48 47088 50 47608 51 48128 51 48649 52 49169 53 49689 54 50210 53 50730 54 51251 54 51771 55 52292 55 52812 56 53332 57 53853 56 54374 56 54894 56 55415 56 55936 56 56457 55 56978 55 57499 54 58020 53 58541 52 59062 52 59582 52 60104 50 60624 50 61146 48 61667 47 62188 46 62709 44 63231 42 63752 41 64273 39 64794 37 65316 34 65838 31 66359 28 66881 25 67405 19 67929 1 67931 7
8055957570d7b38f0acecdb56f3078a963a1a7307ca03fcca62212e0e95e5845,303208 6 303725 13 304243 20 304761 25 305280 29 305799 31 306317 35 306837 37 307357 38 307877 40 308397 41 308917 42 309436 44 309956 45 310475 46 310995 46 311515 47 312036 46 312557 45 313077 45 313597 45 314118 44 314638 44 315158 44 315679 43 316200 42 316721 41 317243 39 317765 36 318287 34 318810 30 319333 26 319857 20 320379 16 320904 9
8055957570d7b38f0acecdb56f3078a963a1a7307ca03fcca62212e0e95e5845,210454 6 210970 13 211488 18 212006 21 212524 25 213042 28 213560 31 214078 33 214597 35 215115 37 215634 39 216153 40 216671 42 217190 43 217709 45 218228 45 218747 46 219266 47 219785 48 220304 49 220824 49 221343 50 221862 50 222382 50 222901 51 223421 50 223941 50 224461 49 224980 49 225500 49 226020 48 226540 47 227061 45 227581 45 228101 43 228622 42 229143 40 229663 39 230184 37 230705 35 231226 32 231747 30 232269 26 232791 22 233313 18 233837 10
8055957570d7b38f0acecdb56f3078a963a1a7307ca03fcca62212e0e95e5845,58759 2 59278 3 59798 3 60317 4 60837 4 61357 4 61876 5 62396 5 62916 5 63436 5 63955 6 64475 6 64994 7 65514 7 66035 6 66555 6 67075 6 67595 6 68115 6 68636 5 69156 5 69677 4 70197 4 70718 3 71239 2 71760 1
8055957570d7b38f0acecdb56f3078a963a1a7307ca03fcca62212e0e95e5845,320666 4 321184 10 321702 14 322220 18 322740 20 323259 22 323779 23 324298 26 324818 27 325338 28 325857 31 326377 33 326897 36 327417 38 327936 41 328456 43 328976 46 329496 47 330016 47 330536 48 331056 48 331576 48 332097 48 332617 48 333137 49 333657 50 334178 49 334698 50 335219 49 335739 50 336260 49 336780 49 337301 49 337821 49 338342 48 338863 48 339384 47 339905 46 340425 47 340946 46 341467 45 341988 44 342509 43 343030 42 343551 41 344072 41 344593 40 345114 39 345635 38 346156 37 346677 36 347199 34 347719 34 348241 31 348762 30 349284 27 349806 24 350328 22 350851 18 351372 15 351894 11 352419 2
8055957570d7b38f0acecdb56f3078a963a1a7307ca03fcca62212e0e95e5845,358289 10 358806 16 359323 21 359841 26 360361 27 360881 28 361401 29
8055957570d7b38f0acecdb56f3078a963a1a7307ca03fcca62212e0e95e5845,40731 8 41245 17 41763 20 42281 24 42800 26 43320 27 43839 29 44358 31 44877 32 45396 34 45915 35 46434 36 46953 37 47472 38 47992 38 48511 39 49030 40 49550 40 50069 40 50589 40 51108 41 51628 40 52148 40 52667 40 53187 39 53706 40 54226 39 54746 39 55265 39 55785 38 56305 37 56824 37 57344 35 57863 35 58382 35 58902 34 59422 33 59942 32 60462 31 60982 30 61502 29 62022 29 62542 29 63062 28 63582 28 64102 27 64623 26 65144 25 65664 24 66183 25 66705 22 67225 22 67747 19 68268 17 68789 14 69309 13 69832 8 70352 4
8055957570d7b38f0acecdb56f3078a963a1a7307ca03fcca62212e0e95e5845,54184 7 54702 11 55221 14 55740 17 56258 23 56778 25 57297 28 57817 29 58336 31 58855 34 59375 35 59894 37 60414 38 60934 40 61453 41 61973 42 62493 43 63013 45 63533 45 64053 46 64573 46 65093 47 65613 47 66133 48 66653 49 67174 48 67694 49 68214 49 68734 50 69254 50 69775 50 70295 50 70815 50 71336 50 71856 50 72377 49 72897 49 73418 48 73939 47 74459 47 74980 45 75501 44 76022 43 76542 43 77063 42 77584 41 78105 40 78626 39 79147 38 79669 36 80191 33 80713 31 81234 30 81755 28 82277 26 82798 24 83319 23 83841 20 84362 18 84884 15 85406 12 85929 8 86452 2
8055957570d7b38f0acecdb56f3078a963a1a7307ca03fcca62212e0e95e5845,360141 3 360655 1 360657 1 360659 10 361173 5 361179 13 361690 26
8055957570d7b38f0acecdb56f3078a963a1a7307ca03fcca62212e0e95e5845,127833 10 128351 15 128869 20 129388 23 129907 26 130426 28 130945 30 131465 32 131985 33 132504 35 133024 36 133544 36 134063 38 134583 39 135103 39 135623 39 136143 40 136663 40 137182 42 137702 42 138222 42 138742 42 139262 42 139782 43 140302 43 140822 44 141342 44 141862 44 142382 44 142903 43 143423 44 143944 43 144464 43 144984 43 145505 42 146025 42 146546 41 147067 39 147587 40 148108 39 148628 38 149149 37 149670 36 150190 36 150711 34 151231 34 151752 33 152273 31 152793 31 153314 30 153835 28 154356 26 154876 25 155397 23 155918 21 156439 20 156961 16 157482 14 158005 7
