8175a55b711c948fe383bd3b91b6ca1b9e048a5241e0be13aff31ce2674fbe6d,14568 3 14820 9 15075 11 15331 12 15587 12 15843 12 16099 12 16354 15 16610 16 16867 16 17124 15 17380 16 17638 14 17895 13 18152 12 18410 10 18667 9 18924 7 19182 4
8175a55b711c948fe383bd3b91b6ca1b9e048a5241e0be13aff31ce2674fbe6d,61869 2 62123 6 62378 8 62634 8 62890 9 63145 10 63401 10 63658 9 63914 9 64170 9 64427 7 64684 5
8175a55b711c948fe383bd3b91b6ca1b9e048a5241e0be13aff31ce2674fbe6d,8805 3 8809 3 9059 11 9315 12 9571 12 9826 13 10082 13 10338 12 10594 11 10849 12 11105 12 11362 11 11619 9 11876 5
8175a55b711c948fe383bd3b91b6ca1b9e048a5241e0be13aff31ce2674fbe6d,46441 6 46696 8 46951 10 47206 12 47462 12 47718 12 47973 13 48229 13 48486 12 48742 12 48998 11 49255 10 49512 8 49769 5
8175a55b711c948fe383bd3b91b6ca1b9e048a5241e0be13aff31ce2674fbe6d,15657 6 15911 9 16166 10 16422 11 16677 12 16933 12 17188 13 17444 13 17700 12 17956 11 18212 11 18469 9 18726 7 18984 4
8175a55b711c948fe383bd3b91b6ca1b9e048a5241e0be13aff31ce2674fbe6d,96 4 350 8 605 10 860 11 1116 12 1372 12 1628 12 1884 13 2140 13 2396 12 2653 11 2910 9 3167 6 3426 1
8175a55b711c948fe383bd3b91b6ca1b9e048a5241e0be13aff31ce2674fbe6d,3002 5 3255 10 3510 12 3764 14 4019 16 4274 17 4529 18 4784 19 5040 19 5296 18 5552 17 5808 16 6064 15 6321 12 6578 10 6835 7
8175a55b711c948fe383bd3b91b6ca1b9e048a5241e0be13aff31ce2674fbe6d,12806 6 13060 9 13314 12 13569 14 13825 14 14081 14 14337 13 14593 13 14849 12 15105 11 15362 9 15621 4
8175a55b711c948fe383bd3b91b6ca1b9e048a5241e0be13aff31ce2674fbe6d,44968 5 45220 11 45474 13 45729 15 45984 17 46240 17 46495 18 46751 18 47007 18 47264 17 47520 16 47776 16 48033 14 48290 12 48547 10 48807 3
8175a55b711c948fe383bd3b91b6ca1b9e048a5241e0be13aff31ce2674fbe6d,37664 5 37919 7 38174 9 38429 10 38685 11 38941 11 39197 11 39452 12 39709 11 39965 11 40221 11 40477 11 40733 10 40990 8 41247 6 41505 3
8175a55b711c948fe383bd3b91b6ca1b9e048a5241e0be13aff31ce2674fbe6d,61551 1 61804 7 62059 9 62314 10 62570 10 62825 11 63081 10 63337 10 63594 9 63850 8 64107 5
