831218e6a1a54b23d4be56c5799854e7eb978811b89215319dc138900bd563e6,102429 6 102787 12 103146 15 103505 17 103865 19 104225 20 104585 21 104945 22 105305 25 105665 26 106025 27 106385 28 106745 28 107105 29 107465 30 107826 30 108186 30 108547 30 108907 31 109267 31 109627 31 109988 30 110348 30 110708 31 111069 30 111429 31 111790 30 112150 30 112510 30 112870 30 113230 30 113590 30 113950 30 114310 31 114671 31 115031 31 115391 32 115752 32 116112 33 116473 32 116834 31 117194 32 117554 32 117915 31 118275 31 118635 32 118996 31 119356 31 119717 30 120078 29 120439 28 120800 27 121160 27 121521 26 121882 25 122242 25 122603 24 122964 22 123324 22 123685 21 124046 20 124407 18 124769 15 125130 13 125492 11 125858 4
831218e6a1a54b23d4be56c5799854e7eb978811b89215319dc138900bd563e6,22946 13 23305 17 23663 20 24020 25 24378 29 24737 31 25095 34 25453 36 25812 38 26170 41 26528 43 26887 44 27246 45 27605 47 27964 48 28324 48 28684 48 29043 48 29403 48 29762 49 30122 49 30482 49 30842 49 31201 49 31561 49 31921 48 32281 47 32640 48 33000 48 33360 48 33720 48 34080 48 34439 48 34799 48 35159 47 35518 48 35878 47 36237 47 36597 46 36956 46 37316 46 37676 45 38036 44 38396 43 38756 42 39117 40 39478 38 39839 36 40199 35 40560 32 40921 30 41282 28 41642 26 42002 25 42363 22 42726 18 43087 16 43448 14 43811 6 44174 2
831218e6a1a54b23d4be56c5799854e7eb978811b89215319dc138900bd563e6,12672 3 13029 9 13385 17 13744 19 14103 21 14462 23 14821 25 15181 26 15540 28 15899 30 16258 31 16617 33 16976 34 17336 34 17695 35 18055 36 18414 37 18774 37 19133 39 19493 39 19852 39 20212 39 20572 39 20932 39 21291 40 21650 40 22010 40 22370 39 22730 39 23090 38 23450 37 23810 37 24170 37 24530 37 24890 38 25251 37 25611 37 25971 38 26332 37 26693 37 27053 37 27414 36 27775 35 28136 34 28497 33 28858 31 29218 30 29578 30 29938 30 30299 29 30659 29 31019 29 31379 28 31739 28 32100 26 32460 26 32820 26 33181 24 33541 24 33901 24 34262 22 34622 22 34983 20 35344 19 35704 18 36064 18 36425 17 36786 15 37147 14 37508 12 37869 10 38230 8 38592 5
831218e6a1a54b23d4be56c5799854e7eb978811b89215319dc138900bd563e6,34028 5 34386 8 34745 9 35104 10 35464 10 35824 10 36184 10 36544 11 36904 11 37264 11 37625 10 37985 10 38345 10 38706 8 39066 8 39427 6 39788 4
831218e6a1a54b23d4be56c5799854e7eb978811b89215319dc138900bd563e6,124709 16 125067 23 125424 28 125778 37 126135 42 126492 47 126849 51 127208 55 127567 57 127926 59 128286 60 128645 62 129005 63 129365 63
831218e6a1a54b23d4be56c5799854e7eb978811b89215319dc138900bd563e6,34772 6 35131 10 35490 14 35850 15 36210 17 36569 20 36929 21 37289 22 37649 23 38008 25 38367 27 38727 29 39087 30 39446 32 39806 33 40165 34 40525 35 40885 36 41245 37 41604 38 41963 39 42322 41 42681 43 43040 45 43399 46 43757 48 44116 49 44475 50 44834 51 45194 51 45554 51 45914 51 46274 50 46635 49 46995 49 47356 47 47716 47 48076 47 48437 45 48798 43 49159 41 49520 38 49881 19 49911 3 50242 15 50605 11 50970 4
831218e6a1a54b23d4be56c5799854e7eb978811b89215319dc138900bd563e6,74133 8 74490 15 74849 19 75207 23 75566 26 75925 28 76285 29 76644 30 77004 31 77364 32 77724 33 78083 35 78443 36 78802 37 79162 38 79522 39 79882 39 80242 39 80602 39 80962 39 81322 39 81682 39 82042 39 82402 39 82761 40 83121 40 83481 40 83841 40 84201 40 84561 40 84921 40 85281 40 85641 40 86002 39 86362 39 86722 39 87083 38 87443 38 87803 38 88163 38 88523 37 88884 35 89245 33 89605 32 89966 29 90327 27 90688 24 91049 21 91413 14 91775 9
831218e6a1a54b23d4be56c5799854e7eb978811b89215319dc138900bd563e6,83271 10 83629 16 83985 23 84342 27 84701 30 85060 34 85419 36 85777 40 86133 45 86491 49 86850 51 87209 53 87568 55 87928 56 88288 57 88647 58 89007 59 89367 59 89727 60 90088 60 90448 61 90808 61 91168 61 91529 61 91891 59 92252 58 92614 57 92976 55 93341 50 93705 46 94067 44 94428 43 94790 42 95151 41 95512 40 95873 38 96233 38 96593 38 96954 36 97315 35 97676 33 98037 31 98398 29 98760 27 99121 25 99482 23 99844 19 100205 16 100569 7
831218e6a1a54b23d4be56c5799854e7eb978811b89215319dc138900bd563e6,121082 3 121441 5 121801 5 122161 5 122522 3
831218e6a1a54b23d4be56c5799854e7eb978811b89215319dc138900bd563e6,104400 1 104758 3 105117 4 105477 4 105836 5 106196 5 106555 6 106915 6 107274 7 107634 7 107994 7 108354 7 108714 7 109074 7 109434 7 109794 7 110155 6 110515 6 110876 5 111237 4 111598 3 111959 2 112320 1
831218e6a1a54b23d4be56c5799854e7eb978811b89215319dc138900bd563e6,2326 2 2332 6 2681 22 3040 26 3398 30 3757 32 4116 33 4475 35 4833 38 5192 40 5551 41 5911 42 6271 42 6630 44 6990 46 7350 47 7710 47 8069 49 8429 49 8790 49 9150 49 9510 50 9870 51 10230 51 10590 52 10951 52 11311 52 11672 51 12033 51 12394 50 12754 51 13115 51 13476 50 13838 49 14200 48 14561 47 14923 45 15285 44 15646 44 16006 45 16367 44 16727 44 17087 45 17448 44 17808 45 18168 45 18529 45 18889 45 19249 45 19610 44 19970 44 20330 44 20690 44 21050 44 21411 43 21771 43 22131 43 22491 43 22851 43 23212 42 23572 42 23933 40 24293 39 24654 38 25014 37 25375 35 25737 33 26098 31 26459 29 26821 26 27182 23 27544 20 27907 16 28273 6
831218e6a1a54b23d4be56c5799854e7eb978811b89215319dc138900bd563e6,115880 8 116238 12 116596 15 116955 17 117314 19 117673 21 118032 22 118392 23 118751 25 119110 26 119470 27 119829 28 120189 28 120548 30 120908 30 121267 32 121627 32 121987 32 122346 33 122706 33 123066 34 123426 34 123785 35 124145 35 124505 35 124865 35 125225 35 125585 35 125946 34 126306 34 126666 34 127027 33 127387 33 127747 33 128107 33 128467 33 128827 33 129187 32 129547 32
831218e6a1a54b23d4be56c5799854e7eb978811b89215319dc138900bd563e6,18703 5 19060 10 19419 14 19778 16 20137 18 20496 20 20855 22 21215 23 21574 25 21934 26 22294 26 22653 27 23013 27 23373 27 23732 29 24092 29 24452 29 24811 30 25171 30 25531 30 25891 30 26251 30 26611 30 26971 30 27330 31 27690 31 28050 31 28410 31 28770 31 29130 31 29490 31 29850 31 30210 31 30570 31 30929 32 31289 32 31649 32 32010 31 32370 31 32729 32 33089 32 33450 31 33810 31 34170 31 34530 31 34890 31 35250 31 35611 30 35971 30 36331 30 36692 29 37052 29 37412 29 37772 29 38133 28 38493 28 38853 28 39214 27 39575 26 39935 26 40296 25 40657 24 41018 23 41379 22 41739 22 42099 22 42460 21 42821 20 43182 19 43543 18 43903 18 44264 17 44624 17 44984 17 45345 16 45706 15 46067 14 46427 14 46788 13 47149 12 47510 11 47871 10 48232 9 48593 8 48954 7 49315 6 49676 5 50037 4 50399 2
831218e6a1a54b23d4be56c5799854e7eb978811b89215319dc138900bd563e6,60695 11 61051 18 61408 23 61766 26 62125 28 62485 29 62844 31 63201 34 63559 36 63918 37 64277 38 64636 39 64995 40 65354 41 65713 42 66071 44 66430 45 66789 46 67148 46 67507 47 67867 46 68227 45 68586 46 68946 46 69305 47 69664 47 70024 47 70383 47 70742 47 71102 46 71462 46 71822 45 72182 44 72542 44 72902 44 73262 43 73622 43 73982 42 74343 40 74703 39 75064 37 75425 35 75785 34 76145 33 76506 31 76867 28 77228 26 77589 22 77950 20 78311 18 78673 14 79037 7
831218e6a1a54b23d4be56c5799854e7eb978811b89215319dc138900bd563e6,21241 7 21601 8 21961 10 22321 11 22681 12 23041 13 23401 14 23761 14 24121 15 24481 16 24841 16 25201 17 25561 17 25921 17 26281 18 26641 18 27001 18 27361 18 27721 18 28081 18 28441 18 28801 18 29161 18 29521 18 29881 18 30241 18 30601 18 30961 17 31321 17 31681 17 32041 17 32401 16 32761 16 33121 15 33481 15 33841 14 34201 14 34561 13 34921 13 35281 13 35641 12 36001 12 36361 11 36721 10 37081 10 37441 9 37801 8 38161 8 38521 7 38881 6 39241 5 39601 4 39961 3 40321 2
831218e6a1a54b23d4be56c5799854e7eb978811b89215319dc138900bd563e6,32520 2 32875 16 33233 20 33587 32 33944 37 34302 40 34659 44 35018 46 35377 48 35735 50 36094 52 36454 52 36814 52 37173 53 37533 53 37893 53 38252 55 38612 55 38972 55 39332 55 39692 55 40052 55 40412 55 40773 54 41133 54 41493 53 41854 52 42214 52 42575 50 42936 48 43297 46 43658 43 44019 41 44381 37 44743 31 45105 19 45128 4 45466 17 45827 14 46190 8
831218e6a1a54b23d4be56c5799854e7eb978811b89215319dc138900bd563e6,93151 4 93508 9 93867 13 94226 16 94585 19 94944 21 95303 24 95663 25 96022 27 96381 29 96741 30 97101 30 97461 31 97820 33 98180 34 98540 34 98899 36 99259 36 99619 37 99978 39 100338 39 100698 40 101058 40 101418 41 101778 41 102137 42 102497 43 102857 44 103218 43 103578 43 103938 44 104298 44 104658 44 105018 44 105379 43 105739 43 106100 42 106460 43 106821 42 107181 42 107541 42 107901 42 108262 42 108622 42 108982 41 109343 40 109704 39 110064 39 110425 38 110785 38 111146 37 111506 36 111867 35 112228 34 112588 34 112949 33 113310 31 113671 30 114032 29 114393 27 114754 26 115115 24 115476 22 115837 20 116198 18 116560 15 116922 10
831218e6a1a54b23d4be56c5799854e7eb978811b89215319dc138900bd563e6,114370 3 114724 15 115080 21 115439 26 115795 32 116153 35 116510 39 116868 42 117227 44 117586 47 117946 48 118306 48 118667 48 119027 49 119387 49 119747 50 120107 51 120467 52 120827 53 121187 53 121547 54 121907 54 122267 54 122627 54 122986 56 123346 57 123706 57 124066 57 124425 59 124785 59 125145 59 125505 59 125865 58 126225 57 126586 55 126946 54 127307 53 127668 51 128029 49 128390 47 128751 46 129112 44 129473 42
831218e6a1a54b23d4be56c5799854e7eb978811b89215319dc138900bd563e6,71700 13 72031 20 72053 22 72385 52 72743 57 73101 61 73459 64 73817 67 74175 70 74534 71 74893 73 75253 73 75612 75 75971 76 76331 76 76690 77 77050 77 77409 78 77769 79 78129 79 78489 78 78849 78 79209 77 79569 76 79929 76 80289 75 80649 74 81010 72 81370 71 81730 68 82091 65 82452 63 82813 59 83174 56 83535 51 83897 46 84258 41 84620 35 84982 31 85344 16 85708 4 85714 2
831218e6a1a54b23d4be56c5799854e7eb978811b89215319dc138900bd563e6,107281 2 107641 3 108001 4 108361 5 108721 6 109081 6 109441 7 109801 8 110161 8 110521 9 110881 9 111241 9 111601 9 111961 9 112321 9 112681 9 113041 9 113401 9 113761 8 114121 8 114481 8 114841 7 115201 6 115561 6 115921 5 116281 5 116641 4 117001 3 117361 2
