853a4c67900c411abd04467f7bc7813d3c58a5f565c8b0807e13c6e6dea21344,42813 2 43068 11 43322 16 43577 20 43832 23 44086 26 44340 28 44595 29 44850 31 45106 31 45362 31 45618 31 45873 32 46129 32 46385 32 46641 32 46896 33 47152 33 47408 33 47664 33 47920 33 48175 34 48431 34 48687 34 48943 34 49199 34 49455 34 49711 33 49967 33 50223 32 50480 31 50737 29 50994 28 51250 27 51507 26 51763 26 52020 24 52276 24 52532 24 52789 23 53045 22 53301 22 53557 21 53813 21 54069 21 54325 20 54581 20 54837 20 55093 20 55349 19 55605 19 55861 19 56118 17 56374 17 56630 17 56886 16 57142 16 57398 16 57655 15 57911 14 58167 13 58423 12 58680 10
853a4c67900c411abd04467f7bc7813d3c58a5f565c8b0807e13c6e6dea21344,53493 11 53747 14 53993 24 54248 25 54504 25 54760 25 55016 25 55272 25 55528 25 55783 26 56039 26 56294 27 56549 28 56804 29 57058 31 57313 32 57568 33 57823 34 58079 34 58335 34 58591 34 58847 34 59103 34 59359 34 59616 33 59872 33 60129 32 60385 32 60640 33 60896 33 61152 33 61408 33 61665 32 61921 32 62177 32 62433 32 62689 32 62945 32 63201 32 63457 32 63713 32 63969 32 64225 32 64481 32 64737 32 64993 32 65248 33 65504 33 65760 33 66016 33 66273 32 66529 32 66785 32 67042 31 67299 30 67555 30 67812 29 68069 28 68326 27 68584 24 68842 21 69099 18 69358 9
853a4c67900c411abd04467f7bc7813d3c58a5f565c8b0807e13c6e6dea21344,49 35 304 37 560 38 816 39 1072 39 1328 40 1584 41 1840 42 2096 43 2352 44 2607 46 2863 47 3119 48 3376 48 3632 49 3888 49 4144 49 4400 50 4657 49 4913 50 5169 50 5425 51 5682 51 5938 51 6194 52 6450 52 6707 51 6963 51 7219 51 7476 50 7732 50 7989 49 8245 49 8502 48 8759 47 9015 47 9272 46 9530 44 9789 41 10046 40 10304 38 10561 36 10818 34 11075 33 11332 31 11589 30 11847 27 12104 26 12366 19 12626 13 12886 7
853a4c67900c411abd04467f7bc7813d3c58a5f565c8b0807e13c6e6dea21344,36824 7 37078 11 37333 14 37588 17 37843 19 38098 20 38353 22 38609 23 38864 25 39120 27 39375 30 39630 32 39884 36 40139 38 40394 39 40649 41 40905 42 41160 43 41416 44 41671 45 41927 45 42182 47 42437 48 42693 48 42949 48 43205 48 43460 50 43716 50 43971 51 44227 52 44483 52 44739 52 44995 52 45251 52 45506 53 45762 53 46018 53 46274 53 46530 53 46786 53 47043 52 47299 52 47555 52 47811 52 48068 51 48324 51 48580 51 48837 49 49094 48 49351 46 49607 46 49864 45 50126 38 50387 33 50644 31 50902 27 51160 23 51417 21 51674 19 51931 17 52188 15 52445 12 52702 10 52960 7 53217 5 53473 5 53730 4 53987 2
853a4c67900c411abd04467f7bc7813d3c58a5f565c8b0807e13c6e6dea21344,29323 2 29578 4 29834 5 30090 5 30345 7 30601 8 30857 9 31113 9 31369 10 31625 10 31881 11 32137 12 32393 13 32650 17 32907 18 33163 22 33419 23 33675 26 33932 26 34188 26 34445 26 34701 26 34958 25 35214 25 35471 24 35728 23 35984 24 36241 24 36497 25 36753 25 37010 25 37267 24 37523 24 37780 23 38036 23 38293 23 38550 22 38808 20 39065 19 39322 18 39580 16 39837 15 40094 14 40351 12
853a4c67900c411abd04467f7bc7813d3c58a5f565c8b0807e13c6e6dea21344,67685 11 67938 15 68193 18 68445 23 68700 25 68955 27 69210 30 69466 31 69721 32 69976 33 70231 34 70485 37 70739 39 70994 40 71249 41 71504 42 71759 44 72015 44 72270 45 72526 45 72782 46 73038 46 73294 46 73549 48 73805 48 74061 48 74317 48 74573 48 74829 48 75085 48 75341 48 75598 47 75854 47 76111 46 76367 46 76624 45 76880 44 77137 43 77393 43 77649 43 77906 42 78162 42 78418 42 78675 41 78931 40 79187 40 79443 39 79698 40 79954 40 80210 39 80467 38 80723 37 80979 37 81235 37 81491 36 81747 36
853a4c67900c411abd04467f7bc7813d3c58a5f565c8b0807e13c6e6dea21344,15079 5 15334 7 15589 9 15843 12 16098 15 16354 16 16610 17 16866 18 17122 20 17378 21 17634 22 17890 23 18146 23 18402 24 18658 24 18915 24 19171 25 19427 26 19683 27 19939 27 20195 28 20452 28 20708 29 20964 29 21220 29 21476 29 21733 28 21989 28 22245 28 22501 28 22757 28 23013 28 23270 27 23526 27 23782 27 24038 27 24294 27 24550 27 24806 27 25062 27 25318 27 25574 27 25830 27 26086 27 26343 26 26599 26 26855 26 27111 26 27367 26 27623 26 27879 26 28135 26 28391 26 28648 20 28904 18 29160 16 29417 14 29673 12 29929 10 30186 6 30443 3
853a4c67900c411abd04467f7bc7813d3c58a5f565c8b0807e13c6e6dea21344,5643 6 5897 10 6151 13 6406 15 6661 16 6916 18 7171 20 7426 21 7681 22 7937 23 8193 23 8449 23 8705 23 8961 22 9217 21 9473 20 9729 18 9985 17 10241 15 10497 11 10753 8 11011 3
853a4c67900c411abd04467f7bc7813d3c58a5f565c8b0807e13c6e6dea21344,50469 3 50724 6 50978 16 51232 18 51486 21 51741 22 51996 24 52251 25 52506 26 52761 28 53016 29 53271 30 53526 31 53782 31 54037 32 54292 33 54547 34 54803 34 55059 34 55315 34 55570 35 55825 36 56081 37 56337 37 56593 37 56849 37 57104 38 57360 38 57615 40 57870 41 58126 41 58382 41 58638 41 58894 40 59150 40 59406 40 59662 40 59918 40 60175 39 60431 39 60686 40 60942 40 61198 40 61454 40 61710 40 61965 41 62220 42 62476 41 62732 41 62988 41 63244 41 63500 40 63756 40 64012 40 64268 40 64524 39 64781 38 65037 38 65293 38 65549 37 65805 37 66062 36 66319 34 66575 34 66831 34 67087 34 67343 33 67600 31 67857 29 68114 27 68371 24 68628 21 68885 19 69142 16 69399 14 69656 11
853a4c67900c411abd04467f7bc7813d3c58a5f565c8b0807e13c6e6dea21344,65693 2 65947 5 66202 7 66457 9 66482 5 66712 11 66736 8 66967 13 66990 11 67223 13 67245 13 67478 14 67500 14 67734 15 67755 16 67990 15 68011 16 68246 16 68266 17 68502 37 68758 37 69014 36 69271 35 69529 33 69788 30 70045 28 70302 26 70558 24 70814 21 71069 16 71324 16 71579 16 71834 16 72090 16 72346 15 72602 15 72858 14 73115 13 73371 13 73627 12 73884 11 74142 8 74400 5
853a4c67900c411abd04467f7bc7813d3c58a5f565c8b0807e13c6e6dea21344,163 51 419 52 675 53 932 52 1189 52 1446 51 1703 50 1960 48 2217 46 2473 46 2729 46 2986 45 3242 45 3499 43 3757 41 4014 40 4272 37 4529 36 4787 33 5046 30 5303 28 5561 25 5830 12 6090 7 6347 4
853a4c67900c411abd04467f7bc7813d3c58a5f565c8b0807e13c6e6dea21344,8063 7 8318 10 8572 14 8827 16 9083 18 9338 21 9594 23 9850 24 10105 27 10361 29 10616 31 10872 32 11128 33 11384 34 11639 36 11895 36 12152 36 12408 37 12664 37 12919 39 13175 40 13431 40 13688 39 13944 40 14200 40 14456 40 14713 39 14969 39 15226 39 15482 39 15739 39 15995 39 16251 39 16507 39 16764 38 17021 37 17278 36 17535 35 17792 34 18049 33 18306 32 18563 31 18820 30 19077 29 19334 28 19591 26 19848 25 20105 23 20363 20 20620 15 20877 12
853a4c67900c411abd04467f7bc7813d3c58a5f565c8b0807e13c6e6dea21344,33536 1 33789 4 34041 8 34295 10 34550 11 34806 11 35062 11 35318 11 35574 11 35830 11 36086 11 36342 11 36598 11 36854 11 37110 11 37367 10 37623 10 37879 10 38135 10 38391 10 38648 9 38904 9 39160 9 39416 9 39672 9 39929 8 40185 8 40441 8 40697 8 40954 7 41211 6 41468 5 41726 3 41983 2 42240 1
853a4c67900c411abd04467f7bc7813d3c58a5f565c8b0807e13c6e6dea21344,21423 21 21677 28 21931 32 22185 36 22440 38 22695 40 22950 42 23205 44 23460 47 23714 50 23969 51 24224 53 24479 55 24734 57 24990 57 25245 58 25501 59 25757 60 26013 60 26269 61 26525 61 26781 61 27037 62 27293 62 27549 62 27805 63 28061 63 28318 62 28574 62 28830 62 29086 62 29342 61 29599 60 29855 60 30112 58 30368 57 30625 56 30882 54 31139 52 31396 50 31652 49 31909 47 32167 44 32425 41 32683 36 32941 32 33198 28 33457 23 33718 16
853a4c67900c411abd04467f7bc7813d3c58a5f565c8b0807e13c6e6dea21344,53766 10 54021 12 54276 13 54532 13 54788 13 55043 14 55298 14 55553 15 55809 14 56065 14 56321 14 56577 14 56833 13 57089 13 57345 13 57601 13 57857 13 58113 13 58369 13 58625 13 58881 13 59137 13 59393 13 59649 13 59905 13 60161 12 60417 11 60673 11 60929 11 61185 11 61441 11 61697 11 61953 11 62209 11 62465 11 62721 11 62977 11 63233 11 63489 11 63745 11 64001 11 64257 11 64513 11 64769 12 65025 12 65281 12 65537 12 65793 12 66049 12 66305 12 66561 12 66817 12 67073 12 67329 13 67585 14 67841 14 68097 15 68353 16 68609 17 68865 18 69121 19 69377 20 69633 21 69889 32 70145 32 70401 32 70657 32 70913 32 71169 33 71425 33 71681 33 71937 33 72193 33 72449 33 72705 33 72961 33 73217 33 73473 33 73729 33 73985 33 74241 33 74497 33 74753 33 75009 33 75265 33 75521 33 75777 33 76033 32 76289 32 76545 32 76801 32 77057 31 77313 31 77569 30 77825 30 78081 29 78337 29 78593 28 78849 28 79105 28 79361 27 79617 26 79873 26 80129 25 80385 24 80641 24 80897 23 81155 20 81413 18 81670 16
853a4c67900c411abd04467f7bc7813d3c58a5f565c8b0807e13c6e6dea21344,10411 4 10664 11 10919 18 11173 23 11428 26 11684 29 11940 33 12196 34 12453 34 12709 35 12966 36 13222 37 13479 36 13735 37 13992 36 14248 37 14505 37 14761 38 15017 38 15274 38 15531 37 15788 36 16044 37 16301 36 16557 36 16814 36 17070 36 17327 35 17584 34 17841 33 18099 31 18357 29 18614 28 18872 26 19130 24 19388 22 19646 20 19903 19 20160 17 20417 14 20676 10
853a4c67900c411abd04467f7bc7813d3c58a5f565c8b0807e13c6e6dea21344,53102 9 53357 11 53612 13 53866 16 54120 19 54375 21 54630 23 54886 23 55141 25 55396 27 55651 28 55906 30 56161 32 56417 32 56672 33 56927 34 57183 35 57438 36 57693 37 57949 37 58205 38 58460 39 58716 39 58971 40 59227 41 59483 41 59738 43 59994 43 60250 43 60505 44 60761 44 61017 44 61273 44 61528 45 61784 45 62039 46 62295 46 62551 46 62806 47 63062 47 63317 48 63573 48 63829 47 64085 47 64341 47 64597 47 64853 47 65109 47 65365 46 65622 45 65878 44 66135 42 66391 41 66647 41 66903 40 67159 40 67415 39 67671 14 67696 13 67927 11 67953 11 68183 10 68211 8 68440 5 68468 6 68697 3 68725 4 68954 1 68982 2
853a4c67900c411abd04467f7bc7813d3c58a5f565c8b0807e13c6e6dea21344,72249 9 72503 12 72758 14 73013 16 73268 17 73522 20 73777 22 74032 24 74288 24 74544 25 74800 26 75055 29 75310 31 75566 32 75821 33 76076 35 76331 36 76586 38 76842 38 77097 40 77353 40 77609 40 77864 42 78120 42 78375 43 78631 44 78887 44 79142 45 79398 45 79654 44 79909 45 80165 45 80421 46 80677 46 80933 46 81189 46 81445 46 81701 46
