876423522bdec1602917b94163a21e05fc7b692045219b7bc96cdaf638c33c25,70024 3 70540 8 71057 17 71576 19 72095 20 72614 22 73133 23 73653 24 74172 25 74691 26 75211 27 75731 27 76250 28 76770 28 77290 28 77810 28 78330 27 78851 26 79371 26 79891 25 80412 23 80932 22 81453 20 81974 17 82496 14 83017 11
876423522bdec1602917b94163a21e05fc7b692045219b7bc96cdaf638c33c25,304 34 824 34 1345 32 1868 28 2389 26 2911 22 3432 20 3955 15 4478 9
876423522bdec1602917b94163a21e05fc7b692045219b7bc96cdaf638c33c25,332496 12 333014 18 333533 21 334052 23 334571 25 335091 26 335610 28 336130 30 336650 31 337170 32 337690 34 338210 35 338730 36 339251 36 339771 37 340291 38 340811 39 341331 39 341852 39 342372 39 342892 39 343413 38 343934 37 344455 36 344976 35 345500 30 346023 26 346545 23 347069 17 347597 5
876423522bdec1602917b94163a21e05fc7b692045219b7bc96cdaf638c33c25,129 10 649 11 1169 11 1688 13 2208 13 2727 14 3247 14 3767 14 4287 14 4807 15 5327 16 5847 16 6367 17 6887 17 7407 18 7927 18 8447 18 8967 18 9488 17 10008 17 10528 16 11048 16 11568 16 12088 16 12608 16 13128 16 13649 16 14169 16 14690 15 15211 14 15731 14 16251 14 16771 13 17292 12 17813 11 18334 9 18855 7
876423522bdec1602917b94163a21e05fc7b692045219b7bc96cdaf638c33c25,342127 7 342645 11 343164 14 343683 16 344202 18 344721 20 345240 21 345760 22 346279 23 346799 24 347318 25 347838 25 348358 25 348878 25 349398 26 349918 26 350438 25 350958 25 351478 24 351998 24 352519 23 353039 23 353560 22 354080 22 354601 21 355122 20 355642 20 356163 19 356684 18 357205 16 357726 15 358247 13 358768 12 359290 9 359812 5
876423522bdec1602917b94163a21e05fc7b692045219b7bc96cdaf638c33c25,225361 7 225877 12 226396 16 226915 18 227434 20 227954 20 228473 22 228993 22 229513 23 230033 23 230553 23 231072 24 231592 24 232112 24 232632 24 233152 24 233673 23 234193 23 234713 23 235233 23 235754 22 236274 22 236795 21 237316 20 237837 19 238358 18 238879 16 239400 15 239924 10 240445 8 240966 5
876423522bdec1602917b94163a21e05fc7b692045219b7bc96cdaf638c33c25,170668 5 171187 7 171706 9 172226 10 172745 12 173264 14 173784 14 174304 15 174823 16 175341 19 175860 20 176379 21 176898 23 177417 24 177937 24 178456 26 178976 26 179496 26 180016 26 180536 26 181056 26 181577 25 182097 25 182618 24 183138 24 183659 22 184179 22 184700 21 185221 19 185743 16 186264 14 186787 6
876423522bdec1602917b94163a21e05fc7b692045219b7bc96cdaf638c33c25,177474 8 177991 13 178507 18 179023 23 179541 26 180060 28 180579 29 181099 29 181619 30 182138 31 182658 31 183178 31 183699 29 184219 29 184739 29 185260 27 185780 27 186301 25 186822 24 187342 24 187863 22 188384 20 188905 18 189427 14 189952 8
876423522bdec1602917b94163a21e05fc7b692045219b7bc96cdaf638c33c25,35021 9 35538 13 36057 16 36575 19 37094 20 37612 23 38131 25 38650 26 39169 28 39688 29 40208 29 40727 30 41247 30 41766 31 42286 31 42805 32 43325 32 43845 31 44365 31 44885 30 45405 30 45925 29 46445 29 46966 27 47486 26 48007 24 48528 22 49049 20 49572 15 50095 8
876423522bdec1602917b94163a21e05fc7b692045219b7bc96cdaf638c33c25,34424 11 34940 16 35459 18 35977 20 36496 21 37015 22 37533 24 38051 26 38570 27 39089 29 39608 30 40127 32 40647 33 41167 34 41687 35 42208 34 42729 33 43249 33 43770 31 44291 30 44814 26 45335 24 45858 20 46385 12 46906 9 47427 6
876423522bdec1602917b94163a21e05fc7b692045219b7bc96cdaf638c33c25,85079 11 85597 16 86115 20 86634 23 87153 25 87673 26 88192 28 88712 29 89232 30 89752 30 90272 30 90792 30 91312 30 91832 30 92352 30 92872 30 93393 28 93914 27 94434 26 94955 24 95476 22 95999 18 96521 14 97044 8
876423522bdec1602917b94163a21e05fc7b692045219b7bc96cdaf638c33c25,44798 8 45316 12 45835 15 46354 17 46873 19 47393 21 47913 22 48433 24 48953 25 49473 26 49994 26 50515 26 51035 27 51556 27 52077 26 52597 26 53118 25 53638 25 54158 26 54678 25 55197 25 55717 23 56237 20 56757 19 57277 19 57798 17 58319 15 58839 13 59359 12 59880 8 60405 2
876423522bdec1602917b94163a21e05fc7b692045219b7bc96cdaf638c33c25,135081 6 135600 8 136119 10 136638 12 137158 12 137677 14 138197 14 138717 15 139237 15 139756 16 140276 17 140796 17 141316 17 141836 18 142356 18 142876 18 143396 19 143916 19 144436 20 144956 20 145476 20 145996 20 146516 21 147036 21 147556 21 148076 21 148597 20 149117 19 149638 18 150159 17 150679 17 151200 15 151721 13 152243 9 152767 3
876423522bdec1602917b94163a21e05fc7b692045219b7bc96cdaf638c33c25,173197 9 173716 12 174232 17 174750 21 175269 23 175789 24 176309 25 176829 25 177349 26 177869 26 178389 26 178909 27 179429 28 179950 27 180470 28 180990 28 181510 28 182030 28 182550 27 183070 27 183591 26 184111 27 184632 27 185152 27 185672 28 186192 28 186712 27 187232 27 187752 26 188272 26 188792 26 189312 17 189832 12 190352 11 190872 10 191393 9 191913 8 192434 6 192957 3 193478 1
876423522bdec1602917b94163a21e05fc7b692045219b7bc96cdaf638c33c25,288300 7 288818 11 289336 15 289855 18 290374 20 290893 22 291412 24 291931 26 292450 27 292969 29 293488 30 294007 31 294527 31 295046 32 295565 34 296085 34 296604 34 297123 35 297643 35 298162 36 298682 36 299201 36 299721 36 300240 36 300760 36 301280 35 301799 35 302319 34 302839 33 303359 33 303879 32 304400 30 304921 28 305442 25 305963 22 306485 19 307008 13 307531 7
876423522bdec1602917b94163a21e05fc7b692045219b7bc96cdaf638c33c25,171875 3 172394 6 172913 9 173432 12 173951 15 174470 17 174990 20 175510 21 176029 24 176549 25 177069 27 177589 29 178110 29 178630 30 179150 31 179670 32 180191 31 180711 32 181231 32 181752 31 182273 30 182793 29 183314 27 183835 25 184357 21 184878 13 185400 6
876423522bdec1602917b94163a21e05fc7b692045219b7bc96cdaf638c33c25,52971 8 53490 11 54009 13 54527 16 55046 18 55566 18 56085 19 56605 19 57125 20 57645 20 58165 20 58685 21 59205 21 59725 22 60245 22 60766 21 61286 21 61806 21 62327 20 62847 20 63367 20 63887 20 64408 19 64928 19 65449 18 65969 18 66490 17 67011 16 67532 14 68053 12 68574 10 69096 7
876423522bdec1602917b94163a21e05fc7b692045219b7bc96cdaf638c33c25,192054 2 192573 4 193091 11 193610 13 194129 15 194649 17 195170 17 195690 18 196209 20 196729 21 197249 22 197769 22 198289 23 198810 23 199330 23 199850 24 200370 25 200891 24 201411 25 201932 24 202452 24 202972 25 203492 25 204013 25 204533 25 205053 25 205574 24 206094 24 206615 22 207136 21 207657 19 208178 17 208699 15 209220 12 209743 6
876423522bdec1602917b94163a21e05fc7b692045219b7bc96cdaf638c33c25,113094 9 113612 12 114130 15 114648 18 115167 20 115687 21 116206 22 116726 23 117245 24 117765 25 118285 25 118804 26 119324 26 119843 27 120363 27 120883 27 121402 28 121922 27 122443 26 122963 26 123483 25 124003 25 124524 23 125045 21 125565 20 126086 17 126608 13 127129 11
876423522bdec1602917b94163a21e05fc7b692045219b7bc96cdaf638c33c25,97247 9 97764 14 98282 17 98801 18 99321 19 99841 19 100361 19 100881 19 101401 20 101921 20 102441 20 102961 20 103481 20 104001 20 104521 20 105041 19 105561 19 106081 19 106601 19 107121 18 107641 18 108161 18 108681 17 109201 16 109721 16 110241 15 110761 14 111281 13 111801 12 112321 11 112841 10 113363 6
876423522bdec1602917b94163a21e05fc7b692045219b7bc96cdaf638c33c25,269847 9 270363 15 270881 18 271398 22 271917 23 272435 25 272954 26 273473 27 273992 28 274512 27 275031 28 275550 28 276069 28 276589 26 277108 26 277628 25 278147 25 278667 23 279187 22 279706 22 280226 21 280746 20 281266 19 281786 18 282306 17 282827 15 283347 14 283868 12 284390 8
876423522bdec1602917b94163a21e05fc7b692045219b7bc96cdaf638c33c25,342015 14 342532 18 343051 20 343570 22 344089 23 344608 25 345128 25 345648 26 346168 26 346688 26 347209 25 347729 25 348250 25 348771 24 349292 23 349812 24 350332 24 350853 24 351374 24 351895 24 352416 23 352937 23 353459 21 353982 19 354503 18 355024 17 355546 15 356067 14 356588 13 357109 12 357630 10 358153 5
876423522bdec1602917b94163a21e05fc7b692045219b7bc96cdaf638c33c25,144235 7 144754 10 145273 12 145792 14 146312 15 146831 17 147351 17 147871 18 148391 19 148911 19 149431 20 149951 21 150471 21 150991 21 151511 22 152031 22 152551 22 153072 22 153592 22 154112 22 154633 22 155153 22 155674 21 156194 21 156714 21 157234 21 157755 20 158275 21 158795 21 159316 19 159836 19 160357 18 160878 17 161399 15 161922 11 162443 9 162964 6
876423522bdec1602917b94163a21e05fc7b692045219b7bc96cdaf638c33c25,202054 16 202571 23 203090 27 203609 30 204128 33 204647 36 205166 39 205686 40 206206 41 206726 42 207246 43 207766 43 208287 43 208807 43 209328 42 209848 42 210369 41 210890 40 211412 38 211933 36 212454 34 212976 31 213499 27 214022 23 214547 13
876423522bdec1602917b94163a21e05fc7b692045219b7bc96cdaf638c33c25,50961 2 51481 5 52001 6 52521 6 53041 7 53561 7 54081 8 54601 8 55121 8 55641 8 56161 7 56681 6
876423522bdec1602917b94163a21e05fc7b692045219b7bc96cdaf638c33c25,338820 6 339338 10 339856 13 340375 16 340893 19 341411 21 341929 24 342448 25 342967 27 343487 27 344006 28 344526 28 345045 29 345565 29 346085 28 346605 28 347125 27 347645 26 348165 25 348686 23 349206 22 349726 21 350247 20 350768 18 351288 16 351809 14 352332 10 352856 2
876423522bdec1602917b94163a21e05fc7b692045219b7bc96cdaf638c33c25,116029 10 116547 22 117064 26 117583 28 118104 28 118625 27 119146 26 119666 25 120186 25 120706 25 121226 25 121746 24 122266 23 122787 21 123307 20 123827 19 124347 19 124868 17 125388 16 125909 14 126430 12 126950 11 127471 8 127994 2
876423522bdec1602917b94163a21e05fc7b692045219b7bc96cdaf638c33c25,78082 6 78599 13 79116 19 79634 22 80152 25 80671 28 81190 30 81709 31 82228 33 82748 34 83267 35 83787 35 84307 35 84827 34 85347 34 85867 33 86387 33 86908 31 87429 29 87950 27 88471 25 88992 22 89515 16
876423522bdec1602917b94163a21e05fc7b692045219b7bc96cdaf638c33c25,94235 5 94750 12 95268 15 95787 17 96305 20 96824 22 97343 23 97862 25 98381 26 98900 27 99419 29 99939 29 100458 30 100977 31 101497 31 102017 30 102537 30 103057 30 103577 30 104097 29 104617 29 105138 27 105659 25 106180 23 106701 21 107223 16
876423522bdec1602917b94163a21e05fc7b692045219b7bc96cdaf638c33c25,127914 7 128432 9 128950 11 129468 13 129987 14 130506 15 131026 15 131545 16 132065 16 132585 16 133105 16 133625 16 134145 16 134665 16 135185 16 135705 16 136225 16 136745 16 137266 15 137786 15 138306 15 138827 14 139348 13 139868 13 140389 12 140910 11 141432 9
876423522bdec1602917b94163a21e05fc7b692045219b7bc96cdaf638c33c25,189329 11 189844 17 190363 19 190882 21 191402 22 191921 24 192440 26 192960 27 193479 30 193998 32 194516 34 195035 35 195554 36 196073 37 196593 37 197112 38 197632 39 198152 39 198672 40 199192 40 199712 41 200232 42 200752 42 201273 42 201794 41 202315 39 202844 30 203366 27 203888 24 204409 21 204930 19 205450 18 205971 15 206493 10 207014 7
876423522bdec1602917b94163a21e05fc7b692045219b7bc96cdaf638c33c25,300611 13 301127 21 301646 26 302164 30 302683 33 303202 36 303722 37 304241 39 304760 41 305280 41 305799 42 306319 43 306839 43 307359 43 307879 43 308400 41 308920 40 309441 39 309964 35 310487 31 311008 29 311530 26 312053 20 312577 13
876423522bdec1602917b94163a21e05fc7b692045219b7bc96cdaf638c33c25,146138 12 146657 19 147176 23 147694 27 148213 29 148733 31 149252 33 149772 35 150293 35 150813 36 151333 37 151853 37 152373 37 152894 37 153415 36 153936 35 154457 34 154978 33 155499 32 156021 29 156542 28 157063 26 157585 23 158108 19 158630 15 159153 10
876423522bdec1602917b94163a21e05fc7b692045219b7bc96cdaf638c33c25,169744 12 170262 15 170781 19 171300 21 171819 24 172339 25 172859 26 173379 27 173899 28 174419 29 174939 29 175459 30 175979 30 176500 30 177020 30 177541 29 178062 28 178583 27 179104 26 179625 25 180147 23 180669 20 181201 7
876423522bdec1602917b94163a21e05fc7b692045219b7bc96cdaf638c33c25,220631 4 221149 8 221667 11 222185 14 222703 17 223222 18 223740 21 224259 23 224779 23 225298 25 225817 26 226337 26 226856 27 227376 27 227895 29 228415 29 228935 29 229455 29 229975 29 230494 29 231014 29 231534 29 232053 29 232573 29 233093 28 233613 27 234133 26 234653 24 235174 22 235694 20 236215 17 236736 15 237257 13 237779 9 238301 5
876423522bdec1602917b94163a21e05fc7b692045219b7bc96cdaf638c33c25,64262 12 64780 16 65299 18 65818 21 66338 22 66857 24 67377 25 67896 26 68416 27 68935 28 69454 30 69973 31 70493 31 71013 31 71533 30 72053 30 72573 29 73094 28 73614 27 74135 25 74656 23 75177 20 75698 16 76221 11 76744 4
876423522bdec1602917b94163a21e05fc7b692045219b7bc96cdaf638c33c25,219158 7 219677 10 220196 13 220715 17 221235 18 221755 20 222275 22 222795 23 223315 24 223835 25 224356 25 224876 26 225396 27 225917 26 226437 27 226958 27 227478 27 227998 27 228519 27 229039 27 229559 27 230080 26 230601 24 231122 23 231643 21 232164 19 232685 16 233207 10 233729 2
876423522bdec1602917b94163a21e05fc7b692045219b7bc96cdaf638c33c25,172642 5 173161 7 173681 8 174201 8 174721 9 175241 10 175761 11 176281 12 176801 13 177321 13 177841 13 178361 14 178881 14 179401 13 179921 13 180441 12 180961 11 181481 11 182001 12 182521 12 183041 12 183561 12 184081 12 184604 9 185125 8 185645 7 186166 3
876423522bdec1602917b94163a21e05fc7b692045219b7bc96cdaf638c33c25,12321 11 12836 21 13355 26 13874 28 14389 34 14908 36 15428 36 15947 38 16466 40 16986 40 17505 42 18025 42 18545 42 19065 41 19585 40 20105 40 20625 40 21145 40 21666 39 22186 39 22706 39 23226 39 23746 39 24266 39 24786 39 25306 38 25827 37 26348 35 26869 33 27390 31 27911 29 28432 26 28955 18 29479 6
876423522bdec1602917b94163a21e05fc7b692045219b7bc96cdaf638c33c25,72004 8 72521 15 73040 17 73559 18 74078 20 74597 21 75117 21 75636 22 76155 23 76675 23 77194 24 77714 24 78233 24 78753 24 79273 23 79792 24 80312 23 80832 23 81352 22 81872 21 82391 21 82911 19 83431 18 83951 17 84472 15 84992 14 85513 11 86034 9 86555 6
876423522bdec1602917b94163a21e05fc7b692045219b7bc96cdaf638c33c25,119506 7 120024 11 120543 14 121062 16 121581 17 122100 19 122620 20 123139 21 123659 22 124179 22 124699 22 125219 22 125739 22 126259 21 126779 21 127299 21 127819 21 128340 21 128860 21 129380 21 129901 20 130421 20 130942 19 131462 18 131983 17 132504 16 133025 14 133546 13 134067 11 134588 9 135109 6
876423522bdec1602917b94163a21e05fc7b692045219b7bc96cdaf638c33c25,140183 19 140702 22 141221 25 141741 26 142260 28 142780 29 143300 30 143820 31 144340 31 144860 32 145381 31 145901 31 146421 31 146942 30 147463 29 147984 27 148505 25 149026 23 149547 21 150068 18 150589 15 151110 13 151634 5
876423522bdec1602917b94163a21e05fc7b692045219b7bc96cdaf638c33c25,247042 8 247560 12 248079 15 248598 17 249118 18 249637 20 250156 22 250675 24 251195 24 251715 25 252234 26 252754 27 253274 27 253794 27 254314 27 254834 27 255354 27 255874 27 256394 27 256915 26 257435 26 257956 25 258477 23 258997 23 259518 21 260039 19 260560 17 261081 15 261602 13 262124 10 262645 7
876423522bdec1602917b94163a21e05fc7b692045219b7bc96cdaf638c33c25,47700 8 48217 14 48736 17 49255 19 49774 21 50293 23 50812 24 51331 26 51851 26 52371 27 52890 28 53410 28 53930 28 54450 28 54970 28 55491 27 56012 26 56533 24 57054 22 57575 20 58095 19 58616 17 59136 16 59657 14 60177 14 60697 13 61221 7 61745 2
876423522bdec1602917b94163a21e05fc7b692045219b7bc96cdaf638c33c25,315397 8 315914 15 316433 18 316952 20 317471 21 317990 23 318509 25 319029 25 319548 27 320068 27 320587 28 321107 29 321627 29 322146 30 322666 30 323186 30 323707 29 324227 29 324747 28 325268 27 325789 26 326310 24 326831 21 327353 12
876423522bdec1602917b94163a21e05fc7b692045219b7bc96cdaf638c33c25,158906 13 159423 18 159940 23 160459 25 160978 27 161497 28 162017 27 162536 28 163056 27 163576 27 164096 27 164616 26 165136 26 165657 25 166177 24 166698 23 167219 22 167739 22 168260 21 168781 20 169302 19 169822 19 170343 18 170864 17 171385 16 171906 14 172427 12 172948 10 173470 6
876423522bdec1602917b94163a21e05fc7b692045219b7bc96cdaf638c33c25,298286 2 298803 8 299321 11 299840 13 300359 15 300879 16 301398 17 301917 19 302437 19 302957 19 303476 21 303996 21 304516 21 305036 21 305556 21 306075 23 306595 23 307115 23 307635 23 308155 22 308675 22 309195 22 309715 22 310235 22 310755 22 311275 22 311795 21 312315 21 312835 21 313356 19 313876 19 314397 18 314917 17 315438 16 315958 15 316479 13 317000 11 317521 9 318043 5
876423522bdec1602917b94163a21e05fc7b692045219b7bc96cdaf638c33c25,219869 2 220387 8 220904 14 221423 16 221941 21 222459 24 222978 26 223497 27 224017 28 224537 29 225056 30 225576 31 226096 31 226617 30 227137 29 227658 28 228179 27 228700 25 229221 24 229741 23 230261 23 230781 24 231301 24 231821 19 232341 18 232862 16 233382 15 233903 14 234425 8 234435 1
876423522bdec1602917b94163a21e05fc7b692045219b7bc96cdaf638c33c25,31937 11 32455 15 32974 17 33492 20 34011 22 34530 24 35049 26 35568 28 36088 29 36608 30 37127 31 37647 32 38166 33 38686 33 39206 33 39726 34 40246 34 40766 33 41286 33 41806 33 42327 31 42847 31 43367 30 43888 28 44409 26 44930 24 45451 22 45972 20 46493 17 47015 13 47538 8
876423522bdec1602917b94163a21e05fc7b692045219b7bc96cdaf638c33c25,186656 6 187171 16 187688 20 188205 24 188721 29 189237 33 189755 36 190274 37 190793 37 191312 38 191832 37 192351 38 192871 37 193390 37 193910 36 194430 35 194950 33 195470 31 195990 30 196511 26 197031 24 197552 20 198074 16 198596 9
876423522bdec1602917b94163a21e05fc7b692045219b7bc96cdaf638c33c25,17094 10 17609 19 18126 26 18645 29 19164 31 19683 33 20203 34 20722 35 21242 35 21761 36 22281 36 22801 36 23321 35 23841 35 24361 34 24882 32 25402 31 25923 28 26444 26 26965 23 27487 19 28010 8
876423522bdec1602917b94163a21e05fc7b692045219b7bc96cdaf638c33c25,272538 11 273055 17 273573 20 274091 23 274610 25 275129 27 275648 29 276167 33 276686 35 277205 37 277725 38 278244 39 278764 39 279283 40 279803 40 280323 40 280843 40 281363 40 281884 38 282404 37 282925 36 283446 34 283968 31 284490 28 285026 11
876423522bdec1602917b94163a21e05fc7b692045219b7bc96cdaf638c33c25,47839 2 48358 3 48878 3 49380 8 49397 4 49898 11 49916 5 50416 15 50436 5 50935 17 50956 5 51454 19 51475 6 51973 28 52492 29 53012 29 53531 30 54051 30 54571 30 55090 31 55610 31 56131 30 56651 30 57171 30 57691 30 58212 29 58732 29 59253 28 59773 28 60294 27 60815 26 61335 26 61856 25 62377 24 62897 23 63418 21 63939 19 64460 16 64981 14 65504 9 66028 2
876423522bdec1602917b94163a21e05fc7b692045219b7bc96cdaf638c33c25,314601 3 315121 6 315641 8 316161 10 316681 13 317201 14 317721 15 318241 16 318761 17 319281 17 319801 17 320321 17 320841 17 321361 17 321881 16 322401 15 322921 14 323441 12 323961 8
876423522bdec1602917b94163a21e05fc7b692045219b7bc96cdaf638c33c25,141676 6 142194 11 142713 14 143233 16 143752 19 144272 21 144792 22 145312 23 145832 24 146352 25 146873 25 147393 26 147914 25 148436 24 148957 23 149478 23 149999 22 150520 22 151040 22 151561 21 152081 21 152601 22 153121 22 153641 22 154161 22 154681 22 155201 22 155721 22 156241 22 156761 21 157282 20 157802 19 158322 19 158843 17 159364 14 159885 12 160407 9
876423522bdec1602917b94163a21e05fc7b692045219b7bc96cdaf638c33c25,121778 14 122297 16 122815 18 123334 20 123853 21 124372 22 124892 22 125412 22 125932 22 126452 23 126972 23 127492 22 128013 21 128533 21 129054 20 129577 16 130098 13 130619 11 131141 7
876423522bdec1602917b94163a21e05fc7b692045219b7bc96cdaf638c33c25,21090 8 21608 11 22127 13 22646 14 23164 17 23683 18 24201 20 24719 23 25238 25 25757 27 26276 29 26796 30 27316 31 27836 32 28356 33 28876 34 29396 34 29916 34 30436 34 30956 34 31476 33 31996 32 32517 30 33038 28 33559 26 34080 23 34601 21 35123 18 35647 12 36169 9 36692 3
876423522bdec1602917b94163a21e05fc7b692045219b7bc96cdaf638c33c25,123598 2 124115 8 124633 12 125151 15 125670 17 126188 19 126707 20 127226 21 127745 22 128264 23 128784 23 129303 24 129823 23 130342 24 130862 24 131382 23 131902 23 132422 23 132943 22 133463 21 133984 19 134504 19 135025 17 135547 14 136068 10 136591 5
876423522bdec1602917b94163a21e05fc7b692045219b7bc96cdaf638c33c25,14806 5 15325 8 15845 10 16364 14 16883 17 17402 19 17921 21 18441 22 18961 23 19481 24 20002 23 20523 23 21044 22 21565 22 22086 22 22607 22 23127 23 23648 23 24168 24 24688 25 25208 25 25728 25 26248 25 26768 25 27288 25 27808 24 28328 24 28848 23 29368 22 29889 20 30410 17 30931 12 31452 6
876423522bdec1602917b94163a21e05fc7b692045219b7bc96cdaf638c33c25,2178 3 2697 6 3216 9 3735 11 4255 12 4774 15 5293 17 5813 18 6333 18 6853 19 7373 19 7893 20 8413 21 8933 22 9453 22 9973 23 10493 24 11013 24 11533 24 12054 23 12574 23 13095 22 13616 21 14136 21 14657 20 15178 19 15700 17 16222 14 16744 10 17267 5
876423522bdec1602917b94163a21e05fc7b692045219b7bc96cdaf638c33c25,347593 4 347602 2 348112 12 348630 14 349148 17 349666 20 350185 21 350703 24 351220 27 351739 28 352258 29 352772 35 353292 35 353812 34 354332 33 354852 33 355372 32 355892 32 356412 31 356932 31 357452 30 357972 30 358492 29 359012 29 359532 28 360053 27 360573 26 361094 24 361615 22
876423522bdec1602917b94163a21e05fc7b692045219b7bc96cdaf638c33c25,128901 7 129419 13 129938 15 130457 17 130977 18 131497 18 132016 20 132536 20 133055 22 133575 22 134094 23 134614 23 135134 23 135653 24 136173 24 136692 25 137212 25 137732 26 138252 26 138772 26 139292 25 139812 25 140332 25 140852 25 141372 25 141892 25 142412 24 142932 24 143452 24 143972 24 144492 24 145012 23 145533 22 146053 22 146573 21 147093 21 147614 19 148134 18 148655 16 149175 16 149696 14 150216 13 150737 10 151260 5
876423522bdec1602917b94163a21e05fc7b692045219b7bc96cdaf638c33c25,31086 8 31605 10 32125 13 32645 14 33164 15 33683 16 34203 16 34723 15 35243 14 35763 13 36282 14 36802 14 37322 14 37842 14 38361 15 38880 16 39399 17 39918 18 40438 17 40958 17 41478 17 41999 17 42519 18 43040 18 43561 18 44081 19 44602 19 45123 23 45643 25 46163 26 46683 27 47204 26 47724 25 48245 24 48766 23 49287 21 49808 19 50329 18 50851 16 51372 15 51893 13 52414 11 52935 9 53456 6 53977 4
876423522bdec1602917b94163a21e05fc7b692045219b7bc96cdaf638c33c25,150276 5 150795 6 151314 7 151833 8 152353 8 152873 8 153393 8 153913 8 154433 8 154953 8 155474 7 155994 7 156515 6 157036 5 157556 5 158077 4
876423522bdec1602917b94163a21e05fc7b692045219b7bc96cdaf638c33c25,60889 6 61407 11 61926 21 62445 24 62965 25 63484 27 64004 28 64524 28 65044 29 65564 29 66084 29 66604 29 67124 29 67644 29 68164 29 68684 29 69204 29 69724 28 70245 27 70765 27 71285 27 71806 26 72326 26 72847 25 73367 24 73888 23 74409 21 74930 19 75451 17 75971 15 76492 11 77014 5
876423522bdec1602917b94163a21e05fc7b692045219b7bc96cdaf638c33c25,102236 10 102753 15 103271 18 103790 20 104309 22 104828 24 105348 25 105868 25 106387 26 106907 26 107427 27 107948 26 108468 25 108988 25 109509 24 110032 20 110553 18 111074 17 111597 13 112118 10 112640 4
876423522bdec1602917b94163a21e05fc7b692045219b7bc96cdaf638c33c25,126381 19 126899 24 127418 28 127937 31 128456 34 128976 35 129496 38 130016 39 130536 40 131056 41 131576 44 132096 45 132616 46 133136 47 133657 46 134178 46 134699 45 135220 44 135741 44 136263 42 136786 39 137308 37 137830 34 138353 31 138876 27 139401 21 139927 9
876423522bdec1602917b94163a21e05fc7b692045219b7bc96cdaf638c33c25,333153 4 333671 8 334190 10 334710 11 335229 13 335749 13 336268 15 336787 16 337306 17 337826 17 338345 19 338865 19 339384 20 339904 20 340424 20 340944 21 341464 21 341984 22 342504 22 343024 23 343544 23 344064 23 344584 22 345104 22 345624 22 346144 22 346664 22 347184 22 347704 22 348224 22 348744 21 349263 22 349783 21 350303 21 350823 20 351342 21 351862 20 352382 20 352902 19 353422 19 353942 18 354462 18 354983 16 355503 15 356023 14 356544 12 357065 10 357586 8 358108 4
876423522bdec1602917b94163a21e05fc7b692045219b7bc96cdaf638c33c25,164794 9 165312 12 165831 15 166349 18 166868 19 167387 20 167907 20 168426 21 168945 23 169464 24 169983 25 170502 25 171021 26 171541 26 172060 27 172579 27 173098 27 173618 27 174137 27 174657 26 175176 27 175696 26 176216 25 176735 25 177255 24 177775 23 178295 22 178815 21 179334 21 179854 20 180375 16 180895 14 181416 12 181937 8
876423522bdec1602917b94163a21e05fc7b692045219b7bc96cdaf638c33c25,242444 10 242960 17 243476 24 243994 28 244513 31 245032 34 245551 36 246070 38 246590 39 247110 39 247630 40 248151 39 248671 39 249191 40 249710 41 250230 41 250750 40 251270 40 251790 39 252310 38 252831 37 253351 36 253871 36 254391 35 254912 33 255433 30 255954 26 256478 15
876423522bdec1602917b94163a21e05fc7b692045219b7bc96cdaf638c33c25,213283 7 213801 11 214320 13 214839 15 215358 17 215877 19 216397 20 216916 22 217436 22 217955 24 218475 24 218995 24 219514 26 220034 26 220554 26 221074 26 221593 27 222113 27 222633 27 223153 27 223673 27 224193 27 224713 27 225233 26 225753 26 226273 26 226794 24 227314 24 227835 22 228356 21 228878 18 229399 16 229921 13 230443 9
876423522bdec1602917b94163a21e05fc7b692045219b7bc96cdaf638c33c25,239719 2 240237 4 240756 5 241274 7 241792 9 242311 10 242830 11 243348 13 243867 14 244387 14 244906 15 245426 15 245945 16 246465 16 246985 16 247506 15 248026 15 248546 15 249066 15 249587 14 250108 13 250629 12 251150 11 251671 10 252192 9 252713 8 253236 5 253757 4
876423522bdec1602917b94163a21e05fc7b692045219b7bc96cdaf638c33c25,75015 9 75532 14 76051 17 76570 20 77089 22 77608 24 78128 25 78648 25 79167 27 79687 27 80207 27 80727 27 81247 27 81767 27 82287 27 82808 26 83329 24 83849 24 84370 22 84891 19 85412 17 85933 15 86456 10 86980 2
876423522bdec1602917b94163a21e05fc7b692045219b7bc96cdaf638c33c25,341311 2 341829 7 342348 11 342867 13 343387 16 343907 19 344426 21 344946 23 345466 25 345985 27 346505 28 347025 28 347545 28 348065 28 348585 28 349105 28 349626 27 350146 26 350666 26 351187 25 351707 25 352228 24 352748 24 353268 24 353788 24 354308 24 354829 23 355349 23 355870 22 356391 21 356912 20 357433 19 357954 17 358476 14 358998 3
876423522bdec1602917b94163a21e05fc7b692045219b7bc96cdaf638c33c25,350550 13 351064 24 351582 27 352100 30 352619 32 353138 34 353657 36 354176 37 354696 37 355215 38 355735 38 356254 39 356774 38 357294 37 357814 36 358335 34 358855 33 359375 31 359896 28 360417 25 360938 22 361459 20
876423522bdec1602917b94163a21e05fc7b692045219b7bc96cdaf638c33c25,249360 3 249877 8 250396 10 250915 12 251435 13 251954 15 252473 18 252993 19 253512 21 254031 23 254551 23 255071 24 255590 25 256109 27 256629 27 257149 27 257669 27 258189 27 258709 27 259229 27 259749 27 260269 27 260790 25 261310 25 261830 25 262351 23 262871 23 263392 21 263913 19 264434 17 264954 16 265475 13 265996 11 266517 9 267039 4
876423522bdec1602917b94163a21e05fc7b692045219b7bc96cdaf638c33c25,292717 11 293235 19 293753 23 294272 26 294791 29 295310 33 295830 37 296350 38 296871 38 297391 39 297912 38 298433 37 298953 36 299474 34 299996 31 300517 26 301040 16
876423522bdec1602917b94163a21e05fc7b692045219b7bc96cdaf638c33c25,88762 4 89281 10 89799 14 90318 18 90838 19 91358 21 91878 24 92398 26 92918 27 93438 28 93958 29 94478 30 94998 31 95518 32 96039 32 96559 33 97080 32 97601 32 98121 32 98642 31 99163 30 99685 28 100208 24 100730 22 101253 18 101775 14 102302 4
876423522bdec1602917b94163a21e05fc7b692045219b7bc96cdaf638c33c25,41879 6 42395 14 42912 18 43431 20 43950 21 44469 23 44988 24 45507 25 46027 25 46547 25 47066 26 47586 25 48105 26 48625 25 49145 25 49665 24 50184 25 50704 24 51224 23 51744 22 52264 21 52784 20 53304 19 53824 17 54345 15 54866 12 55390 4
876423522bdec1602917b94163a21e05fc7b692045219b7bc96cdaf638c33c25,231325 3 231840 9 232359 11 232372 6 232878 22 233397 24 233917 25 234436 27 234956 28 235476 28 235996 28 236516 28 237036 29 237557 28 238078 27 238599 26 239120 25 239641 24 240162 23 240682 23 241202 23 241722 23 242242 23 242762 23 243283 21 243803 21 244323 20 244843 19 245363 18 245884 16 246406 12 246927 9 247448 6
876423522bdec1602917b94163a21e05fc7b692045219b7bc96cdaf638c33c25,264360 11 264878 15 265395 19 265913 22 266431 25 266950 26 267469 27 267988 28 268507 29 269025 31 269544 32 270063 33 270583 33 271102 33 271621 33 272140 34 272659 34 273179 33 273698 33 274218 31 274738 30 275258 28 275778 26 276298 24 276818 22 277338 19 277859 16 278380 12 278903 3
876423522bdec1602917b94163a21e05fc7b692045219b7bc96cdaf638c33c25,171489 2 172007 5 172526 7 173045 9 173565 10 174084 12 174603 14 175123 14 175642 16 176162 16 176681 18 177201 18 177720 20 178240 20 178759 21 179278 22 179798 22 180318 22 180837 23 181357 23 181877 23 182396 24 182916 24 183436 24 183956 23 184475 24 184995 24 185515 23 186035 23 186555 23 187075 23 187595 22 188115 22 188636 20 189156 20 189676 20 190197 18 190717 17 191238 15 191758 15 192278 14 192798 13 193319 11 193840 9 194362 6
876423522bdec1602917b94163a21e05fc7b692045219b7bc96cdaf638c33c25,258859 3 259374 18 259891 24 260410 27 260930 28 261450 29 261970 30 262489 32 263009 33 263530 33 264050 33 264570 33 265090 33 265611 32 266133 30 266654 29 267175 28 267697 26 268218 25 268739 23 269259 23 269780 22 270301 20 270822 19 271343 18 271864 17 272386 14 272907 12 273430 8
876423522bdec1602917b94163a21e05fc7b692045219b7bc96cdaf638c33c25,357663 4 358181 8 358700 10 359219 12 359738 14 360257 15 360777 16 361297 16 361817 16
876423522bdec1602917b94163a21e05fc7b692045219b7bc96cdaf638c33c25,53917 8 54435 13 54954 16 55474 17 55993 19 56512 21 57031 23 57550 25 58070 25 58590 26 59109 27 59628 29 60147 30 60667 30 61186 31 61705 32 62225 32 62745 32 63265 32 63785 32 64305 31 64826 29 65347 27 65868 25 66391 21 66917 12 67440 6
876423522bdec1602917b94163a21e05fc7b692045219b7bc96cdaf638c33c25,88316 6 88835 8 89354 12 89873 14 90392 16 90912 18 91432 19 91951 21 92471 21 92991 22 93511 22 94031 23 94551 24 95071 24 95591 25 96112 24 96632 24 97152 24 97673 23 98193 24 98714 23 99234 23 99755 21 100276 20 100796 19 101317 18 101838 17 102359 15 102880 14 103401 12 103923 9
876423522bdec1602917b94163a21e05fc7b692045219b7bc96cdaf638c33c25,187410 7 187929 11 188448 13 188968 16 189487 18 190007 19 190526 21 191046 21 191566 22 192086 23 192606 23 193126 24 193646 24 194166 24 194686 24 195207 22 195727 22 196247 22 196768 21 197288 21 197809 20 198330 19 198850 18 199370 18 199891 17 200411 17 200931 17 201452 15 201973 14 202494 12 203016 8 203539 4
876423522bdec1602917b94163a21e05fc7b692045219b7bc96cdaf638c33c25,318889 2 319407 6 319926 12 320445 14 320964 16 321483 18 322003 18 322522 20 323042 21 323562 21 324082 22 324601 23 325121 24 325641 24 326160 26 326680 26 327200 27 327719 28 328239 28 328759 28 329279 28 329799 28 330319 28 330839 27 331360 26 331880 26 332401 25 332921 25 333442 23 333963 22 334484 20 335005 19 335526 17 336047 16 336568 14 337089 13 337610 11 338132 8 338653 6
876423522bdec1602917b94163a21e05fc7b692045219b7bc96cdaf638c33c25,98959 4 99477 7 99995 10 100514 12 101033 14 101552 15 102072 15 102591 16 103110 17 103629 18 104148 19 104668 19 105187 20 105707 20 106227 20 106746 22 107266 22 107786 22 108306 22 108826 22 109346 22 109866 21 110386 21 110906 21 111426 20 111947 19 112467 18 112988 17 113508 16 114029 14 114550 12 115071 10 115592 8 116114 3
876423522bdec1602917b94163a21e05fc7b692045219b7bc96cdaf638c33c25,289917 5 290434 10 290953 12 291471 16 291990 19 292509 21 293028 23 293547 24 294066 26 294585 27 295105 27 295624 28 296144 28 296663 28 297183 28 297702 29 298222 28 298742 26 299262 25 299781 25 300301 24 300821 24 301341 24 301861 24 302381 24 302901 24 303422 23 303942 23 304463 22 304984 20 305504 20 306024 19 306545 17 307065 16 307585 15 308106 12 308627 10 309149 6
876423522bdec1602917b94163a21e05fc7b692045219b7bc96cdaf638c33c25,113921 7 114438 15 114955 21 115474 24 115993 27 116512 29 117031 31 117551 32 118070 34 118590 35 119110 36 119630 36 120150 36 120670 36 121190 36 121711 35 122231 35 122752 35 123272 35 123793 34 124314 33 124835 33 125356 32 125877 32 126400 30 126923 27 127446 25 127968 23 128490 21 129011 20 129534 16 130055 14 130576 12 131097 8
876423522bdec1602917b94163a21e05fc7b692045219b7bc96cdaf638c33c25,36403 4 36922 7 37441 10 37961 13 38481 15 39001 21 39521 23 40041 24 40561 25 41081 26 41601 26 42121 27 42641 27 43161 27 43681 26 44201 26 44721 26 45241 26 45761 26 46281 26 46801 26 47321 25 47841 25 48361 9 48374 11 48895 9 49416 5
876423522bdec1602917b94163a21e05fc7b692045219b7bc96cdaf638c33c25,34664 6 35180 12 35699 16 36217 19 36736 21 37255 23 37774 25 38294 25 38813 26 39332 27 39851 28 40370 29 40889 30 41409 30 41929 30 42449 29 42968 29 43488 28 44008 28 44528 27 45048 26 45568 25 46088 24 46609 22 47129 21 47649 20 48170 16 48691 12 49213 8
876423522bdec1602917b94163a21e05fc7b692045219b7bc96cdaf638c33c25,11179 7 11697 12 12216 15 12736 19 12760 5 13256 32 13776 33 14296 34 14816 35 15335 36 15855 37 16378 34 16900 32 17421 31 17942 29 18463 28 18984 26 19505 25 20025 24 20546 22 21066 22 21587 21 22108 19 22629 17 23150 14 23671 12 24192 9
876423522bdec1602917b94163a21e05fc7b692045219b7bc96cdaf638c33c25,145243 3 145759 9 146278 11 146797 13 147316 15 147835 17 148355 17 148874 19 149394 19 149914 19 150434 20 150953 22 151473 22 151992 24 152512 25 153032 25 153552 25 154072 26 154592 26 155112 26 155631 27 156151 28 156671 28 157191 29 157711 29 158231 29 158752 29 159272 29 159792 29 160312 29 160833 28 161353 29 161873 29 162394 29 162914 30 163434 30 163955 29 164475 30 164995 30 165516 29 166036 29 166557 29 167077 29 167598 28 168119 27 168640 26 169161 25 169682 24 170203 23 170724 22 171245 21 171766 20 172287 18 172808 17 173330 14 173851 12 174374 8 174897 3
876423522bdec1602917b94163a21e05fc7b692045219b7bc96cdaf638c33c25,293167 2 293684 10 294203 14 294722 16 295241 19 295761 20 296280 22 296799 24 297319 25 297838 27 298358 28 298878 29 299397 31 299917 32 300437 32 300957 33 301477 33 301997 34 302517 34 303037 35 303558 34 304078 34 304599 33 305119 33 305640 32 306161 31 306682 30 307203 29 307724 28 308245 27 308766 26 309287 25 309808 23 310329 22 310851 19 311373 16 311895 12 312418 8
876423522bdec1602917b94163a21e05fc7b692045219b7bc96cdaf638c33c25,208374 6 208892 9 209411 12 209930 14 210450 14 210969 16 211489 17 212008 18 212528 19 213048 19 213567 21 214087 21 214607 21 215126 22 215646 22 216166 22 216686 22 217206 22 217726 23 218246 23 218766 23 219286 23 219806 23 220327 22 220847 22 221367 22 221887 22 222407 22 222928 21 223448 21 223969 20 224489 19 225010 18 225530 18 226051 17 226571 17 227092 15 227613 13 228134 12 228655 10 229177 7 229698 5
876423522bdec1602917b94163a21e05fc7b692045219b7bc96cdaf638c33c25,192846 2 193362 8 193880 12 194399 14 194918 15 195436 17 195955 19 196474 20 196993 21 197513 21 198032 22 198551 23 199071 22 199590 22 200110 22 200629 23 201148 24 201668 23 202187 24 202706 24 203226 20 203745 20 204264 21 204784 21 205305 19 205825 19 206345 18 206865 17 207385 14 207906 12 208428 7
876423522bdec1602917b94163a21e05fc7b692045219b7bc96cdaf638c33c25,54809 7 55327 11 55845 14 56364 16 56883 18 57403 19 57922 20 58441 21 58961 21 59480 22 59999 23 60519 23 61039 23 61559 22 62079 22 62598 23 63118 23 63638 22 64158 22 64678 22 65199 21 65719 21 66239 20 66759 20 67279 19 67800 18 68321 16 68842 14 69363 12 69884 9
876423522bdec1602917b94163a21e05fc7b692045219b7bc96cdaf638c33c25,286714 8 287231 14 287749 17 288268 19 288785 22 289304 23 289823 24 290342 25 290861 25 291380 26 291899 26 292418 26 292938 26 293457 26 293977 26 294496 26 295015 26 295535 26 296055 25 296575 23 297095 22 297615 21 298136 19 298656 17 299176 16 299697 13 300218 7
876423522bdec1602917b94163a21e05fc7b692045219b7bc96cdaf638c33c25,206433 6 206947 14 207465 16 207983 18 208502 19 209021 20 209540 21 210060 21 210579 22 211098 23 211618 23 212137 24 212657 24 213177 24 213697 24 214217 24 214737 24 215257 24 215777 24 216298 23 216818 23 217339 22 217859 22 218380 21 218901 19 219422 15 219946 7
876423522bdec1602917b94163a21e05fc7b692045219b7bc96cdaf638c33c25,331303 4 331821 11 332340 14 332858 17 333377 19 333884 4 333895 22 334402 35 334921 37 335440 38 335959 39 336478 40 336998 40 337518 40 338037 40 338557 40 339078 38 339598 37 340119 36 340640 34 341161 32 341682 30 342203 28 342725 24 343249 17 343773 10
876423522bdec1602917b94163a21e05fc7b692045219b7bc96cdaf638c33c25,258299 3 258816 9 259333 13 259852 16 260371 18 260890 20 261410 21 261929 22 262449 23 262968 25 263488 25 264008 26 264527 28 265047 28 265567 29 266087 29 266607 30 267127 30 267647 30 268167 31 268688 30 269208 30 269728 30 270249 29 270770 28 271291 27 271812 26 272333 24 272855 22 273377 19 273900 15 274426 8 274949 2
876423522bdec1602917b94163a21e05fc7b692045219b7bc96cdaf638c33c25,210205 6 210723 10 211242 12 211761 14 212278 18 212797 19 213316 20 213835 21 214354 23 214874 23 215393 25 215912 26 216432 26 216951 27 217471 27 217991 27 218510 28 219030 28 219550 28 220070 27 220590 27 221110 27 221630 27 222150 26 222670 26 223190 26 223710 25 224230 25 224751 24 225271 23 225791 22 226311 22 226832 20 227353 18 227873 18 228394 16 228914 15 229435 14 229955 13 230476 11 230997 9 231518 7
876423522bdec1602917b94163a21e05fc7b692045219b7bc96cdaf638c33c25,178204 2 178720 13 179239 16 179757 20 180276 22 180795 24 181315 24 181834 26 182354 26 182874 26 183394 26 183914 26 184434 26 184953 27 185473 27 185993 26 186513 26 187033 26 187553 25 188074 23 188594 22 189114 21 189635 18 190156 16 190677 14 191198 12 191719 8
876423522bdec1602917b94163a21e05fc7b692045219b7bc96cdaf638c33c25,23399 2 23917 4 24435 6 24953 8 25471 10 25990 11 26509 12 27028 13 27547 14 28066 15 28585 16 29105 16 29625 16 30144 17 30664 17 31184 17 31704 17 32224 17 32744 17 33265 16 33785 16 34306 15 34827 14 35349 12 35871 10
876423522bdec1602917b94163a21e05fc7b692045219b7bc96cdaf638c33c25,265352 9 265870 13 266389 16 266907 19 267426 20 267944 22 268463 24 268981 26 269500 27 270018 29 270537 30 271055 31 271574 32 272093 32 272612 33 273132 32 273651 32 274171 32 274690 32 275209 32 275729 31 276249 30 276768 29 277288 28 277808 27 278329 24 278849 23 279370 20 279891 17 280413 13 280937 5
876423522bdec1602917b94163a21e05fc7b692045219b7bc96cdaf638c33c25,157944 4 158462 8 158979 12 159498 14 160018 15 160537 17 161056 18 161575 20 162095 20 162615 20 163135 21 163654 22 164174 22 164694 22 165214 23 165734 23 166253 24 166773 24 167293 24 167813 23 168334 22 168854 22 169374 22 169894 22 170414 21 170935 19 171456 18 171977 16 172498 14 173019 12 173540 10 174063 5
876423522bdec1602917b94163a21e05fc7b692045219b7bc96cdaf638c33c25,13542 8 14059 13 14578 16 15097 18 15617 19 16137 20 16657 21 17177 22 17697 22 18217 23 18737 24 19257 24 19777 25 20298 25 20818 25 21338 25 21859 24 22379 24 22899 24 23420 24 23941 23 24461 23 24981 23 25502 22 26023 21 26543 21 27064 19 27585 18 28105 18 28626 16 29147 14 29668 12 30189 10 30711 5
876423522bdec1602917b94163a21e05fc7b692045219b7bc96cdaf638c33c25,327469 25 327987 29 328506 31 329025 33 329544 34 330063 36 330582 37 331102 37 331622 37 332141 38 332661 37 333181 37 333701 36 334221 36 334742 34 335262 32 335783 30 336303 29 336824 26 337345 24 337867 20 338394 8
876423522bdec1602917b94163a21e05fc7b692045219b7bc96cdaf638c33c25,262411 2 262929 6 263448 8 263967 10 264486 11 265006 12 265525 13 266045 14 266565 14 267085 14 267605 14 268125 15 268645 15 269165 15 269685 16 270205 16 270725 16 271245 16 271765 17 272285 17 272805 17 273325 17 273845 17 274366 16 274886 16 275406 16 275926 16 276447 15 276968 15 277488 15 278008 15 278529 14 279049 13 279569 13 280089 13 280610 12 281131 10 281652 8 282173 6 282694 4
876423522bdec1602917b94163a21e05fc7b692045219b7bc96cdaf638c33c25,95877 7 96395 11 96914 13 97433 15 97953 16 98472 17 98991 19 99511 19 100031 19 100550 21 101070 21 101590 21 102110 21 102630 21 103150 21 103670 21 104190 21 104710 21 105230 20 105750 19 106271 18 106791 17 107311 17 107831 16 108351 15 108872 13 109393 11 109914 9 110436 6
876423522bdec1602917b94163a21e05fc7b692045219b7bc96cdaf638c33c25,306277 4 306794 7 307313 8 307831 10 308349 12 308868 13 309386 15 309905 16 310422 19 310940 21 311458 23 311976 25 312494 27 313013 28 313530 31 314049 32 314569 32 315089 32 315609 32 316129 32 316649 30 317170 28 317690 26 318211 23 318733 19 319255 13 319780 3
876423522bdec1602917b94163a21e05fc7b692045219b7bc96cdaf638c33c25,51592 5 52109 11 52628 13 53146 15 53665 17 54184 18 54703 19 55222 20 55740 23 56257 26 56776 27 57296 27 57815 28 58334 29 58852 31 59371 32 59888 35 60407 36 60925 38 61444 39 61963 39 62482 39 63002 38 63522 37 64042 35 64562 33 65082 29 65602 27 66123 17 66643 13 67164 10 67685 3
876423522bdec1602917b94163a21e05fc7b692045219b7bc96cdaf638c33c25,300189 19 300705 24 301222 29 301740 32 302259 33 302778 34 303298 34 303817 34 304337 34 304857 35 305377 36 305897 36 306417 36 306938 34 307458 33 307979 32 308500 30 309021 28 309542 25 310064 22 310588 16
876423522bdec1602917b94163a21e05fc7b692045219b7bc96cdaf638c33c25,154778 11 155295 15 155814 17 156333 19 156851 22 157370 23 157889 25 158408 26 158927 28 159446 29 159965 30 160485 30 161005 30 161525 30 162044 30 162564 30 163083 31 163603 30 164123 30 164642 31 165162 31 165682 30 166201 31 166721 31 167241 31 167761 31 168281 30 168801 30 169321 29 169841 29 170361 28 170881 28 171401 28 171921 27 172442 26 172962 25 173483 23 174003 22 174523 21 175044 19 175565 18 176086 16 176607 14 177128 11
876423522bdec1602917b94163a21e05fc7b692045219b7bc96cdaf638c33c25,308070 13 308588 17 309105 21 309624 23 310142 25 310660 28 311179 30 311697 32 312216 33 312735 34 313254 35 313773 36 314292 37 314811 37 315331 36 315851 35 316371 33 316891 31 317411 29 317932 26 318452 22 318973 19 319494 16 320017 8
876423522bdec1602917b94163a21e05fc7b692045219b7bc96cdaf638c33c25,82149 5 82663 12 83181 15 83700 17 84219 19 84738 20 85257 21 85776 23 86295 26 86814 27 87334 27 87853 28 88372 29 88892 29 89411 29 89931 28 90451 27 90970 28 91490 28 92010 27 92529 28 93049 27 93569 27 94089 26 94609 26 95129 25 95649 24 96169 24 96689 23 97209 22 97729 21 98249 21 98770 19 99290 18 99811 16 100332 14 100853 12 101375 8
876423522bdec1602917b94163a21e05fc7b692045219b7bc96cdaf638c33c25,356576 5 357095 8 357614 10 358133 12 358652 13 359171 14 359690 15 360210 15 360729 17 361249 17 361769 17
