87ea72894f6534b28e740cc34cf5c9eb75d0d8902687fce5fcc08a92e9f41386,62120 11 62374 14 62629 16 62885 17 63141 19 63397 21 63653 22 63909 23 64165 24 64421 27 64677 28 64933 30 65189 31 65445 33 65701 34 65957 35 66213 36 66469 39 66725 40 66981 41 67238 41 67494 44 67750 46 68007 46 68264 46 68520 47 68776 47 69032 48 69289 48 69545 49 69801 50 70057 50 70313 51 70569 51 70826 50 71083 49 71340 48 71596 48 71853 47 72110 46 72366 46 72622 47 72879 46 73136 45 73392 45 73648 45 73905 44 74162 43 74419 42 74676 40 74933 38 75191 36 75448 34 75705 33 75962 31 76219 29 76476 27 76733 25 76992 20 77253 11
87ea72894f6534b28e740cc34cf5c9eb75d0d8902687fce5fcc08a92e9f41386,67841 1 68097 1 68353 2 68609 3 68865 3 69121 3 69377 3 69633 3 69889 3 70145 3 70401 3 70657 3 70913 2 71169 2 71425 2 71681 1
87ea72894f6534b28e740cc34cf5c9eb75d0d8902687fce5fcc08a92e9f41386,54969 14 55224 16 55478 20 55733 22 55988 24 56243 26 56498 28 56753 30 57009 30 57265 30 57521 30 57776 31 58032 32 58288 32 58544 32 58800 32 59056 32 59312 32 59568 32 59825 31 60081 31 60337 31 60593 31 60849 30 61105 30 61362 29 61618 29 61874 29 62131 27 62388 26 62645 24 62902 22 63160 18 63418 8
87ea72894f6534b28e740cc34cf5c9eb75d0d8902687fce5fcc08a92e9f41386,31478 5 31733 9 31988 12 32244 13 32500 13 32756 13 33013 12 33269 12 33525 12 33781 12 34037 12 34293 12 34550 11 34806 11 35062 11 35318 11 35575 10 35831 10 36088 9 36345 8 36602 7 36860 5 37117 4 37374 3
87ea72894f6534b28e740cc34cf5c9eb75d0d8902687fce5fcc08a92e9f41386,29058 8 29313 12 29568 15 29823 18 30078 21 30334 22 30589 23 30844 25 31099 27 31354 28 31609 29 31865 30 32120 31 32375 32 32631 32 32886 34 33141 35 33397 35 33652 37 33908 37 34164 38 34420 38 34676 39 34931 40 35187 41 35443 41 35699 41 35956 41 36212 41 36469 41 36725 41 36982 39 37238 38 37495 37 37751 37 38008 36 38264 36 38521 35 38777 35 39033 35 39290 34 39547 33 39803 34 40059 34 40316 33 40573 32 40829 32 41086 30 41343 28 41601 25 41858 23 42116 20 42374 16 42633 10
87ea72894f6534b28e740cc34cf5c9eb75d0d8902687fce5fcc08a92e9f41386,17388 5 17637 3 17643 7 17891 19 18146 21 18402 22 18649 3 18657 24 18904 34 19158 37 19413 39 19669 39 19924 40 20180 41 20436 41 20692 42 20948 45 21205 44 21461 44 21717 44 21973 44 22229 44 22485 44 22742 43 22999 42 23255 42 23512 41 23768 41 24025 40 24282 39 24539 37 24796 35 25053 34 25310 32 25567 29 25824 27 26083 22 26340 19 26599 13
87ea72894f6534b28e740cc34cf5c9eb75d0d8902687fce5fcc08a92e9f41386,54785 1 55041 3 55297 4 55553 5 55809 6 56065 8 56321 9 56577 11 56833 12 57089 13 57345 14 57601 15 57857 16 58113 18 58369 19 58625 20 58881 22 59137 23 59393 24 59649 25 59905 26 60161 27 60418 27 60675 27 60932 27 61189 26 61446 26 61702 27 61959 26 62215 26 62471 27 62727 28 62984 28 63241 28 63498 28 63761 21 64019 19 64277 17 64534 16 64792 14 65049 13 65306 12 65564 9 65821 4
87ea72894f6534b28e740cc34cf5c9eb75d0d8902687fce5fcc08a92e9f41386,394 25 649 27 905 27 1161 27 1418 27 1674 27 1930 27 2187 26 2444 24 2700 24 2957 22 3213 22 3470 20 3728 17 3985 7
87ea72894f6534b28e740cc34cf5c9eb75d0d8902687fce5fcc08a92e9f41386,22126 10 22380 13 22634 16 22889 18 23144 20 23400 20 23656 21 23911 22 24167 23 24422 24 24678 25 24934 25 25190 25 25445 26 25701 26 25956 28 26212 28 26468 28 26724 28 26980 28 27236 27 27492 27 27748 27 28004 27 28260 27 28517 26 28773 26 29030 24 29286 24 29542 24 29799 23 30055 22 30312 20 30568 20 30824 20 31081 18 31337 17 31594 15 31852 13 32109 11 32366 9 32624 7 32881 5
87ea72894f6534b28e740cc34cf5c9eb75d0d8902687fce5fcc08a92e9f41386,19457 1 19713 1 19969 1 20225 1 20481 1 20737 2 20993 2 21249 2 21505 2 21761 2 22017 2 22273 2 22529 2 22785 2 23041 2 23297 2 23553 2 23809 2 24065 2 24321 1 24577 1
87ea72894f6534b28e740cc34cf5c9eb75d0d8902687fce5fcc08a92e9f41386,168 21 423 22 679 22 936 21 1192 21 1448 21 1704 21 1960 21 2216 20 2472 20 2728 20 2984 20 3240 20 3497 19 3753 19 4009 19 4265 19 4521 18 4777 18 5033 18 5289 17 5545 17 5802 15 6058 15 6315 14 6572 12 6829 11 7085 11 7342 9 7600 6
87ea72894f6534b28e740cc34cf5c9eb75d0d8902687fce5fcc08a92e9f41386,36325 9 36580 11 36835 12 37089 14 37343 16 37596 19 37848 23 38102 25 38357 26 38611 28 38865 30 39120 32 39375 33 39630 35 39885 37 40140 38 40395 40 40651 40 40906 41 41162 41 41417 42 41673 42 41929 42 42184 43 42440 43 42696 43 42952 42 43208 40 43465 37 43721 36 43978 35 44234 35 44491 34 44748 33 45006 31 45264 28 45521 26 45778 22 46036 10
87ea72894f6534b28e740cc34cf5c9eb75d0d8902687fce5fcc08a92e9f41386,6790 9 7045 12 7300 17 7555 20 7811 22 8067 23 8323 24 8579 25 8835 26 9091 27 9347 27 9604 26 9860 26 10116 26 10372 26 10628 27 10885 26 11141 26 11397 26 11653 26 11908 27 12164 27 12419 28 12675 29 12931 30 13187 30 13443 30 13699 31 13954 33 14210 34 14466 34 14722 34 14978 35 15233 36 15488 37 15744 36 16000 35 16256 35 16512 36 16768 37 17024 37 17280 36 17536 35 17792 34 18048 33 18304 33 18560 33 18817 33 19074 32 19330 31 19586 30 19843 29 20099 29 20356 28 20612 28 20868 27 21124 24 21381 22 21638 21 21895 19 22153 16 22411 12 22671 3
87ea72894f6534b28e740cc34cf5c9eb75d0d8902687fce5fcc08a92e9f41386,17980 22 18233 28 18488 30 18743 32 18998 34 19253 36 19508 37 19763 39 20018 40 20273 41 20528 43 20783 44 21038 45 21294 45 21549 46 21805 46 22061 46 22316 47 22572 47 22829 46 23085 46 23341 46 23597 46 23854 45 24110 45 24366 45 24622 45 24879 44 25135 44 25392 43 25648 43 25904 43 26160 43 26416 43 26672 43 26928 43 27184 43 27441 42 27697 42 27954 41 28210 40 28466 40 28723 39 28979 39 29236 37 29492 37 29748 37 30004 37 30261 36 30517 35 30773 35 31029 35 31286 34 31542 34 31798 34 32055 33 32311 32 32568 31 32824 31 33081 30 33337 29 33594 28 33866 12 34126 7 34386 2
