88d5a03f8ecd459f076a06e0d5035149193bfdd727c30905de19054dcb9018ae,24701 4 24956 5 25211 5 25466 6 25722 6 25978 4 26234 3 26490 2
88d5a03f8ecd459f076a06e0d5035149193bfdd727c30905de19054dcb9018ae,32024 3 32279 5 32535 5 32790 6 33045 7 33299 9 33556 7 33813 5
88d5a03f8ecd459f076a06e0d5035149193bfdd727c30905de19054dcb9018ae,17794 7 18050 7 18305 10 18560 10 18815 11 19070 6 19326 5 19582 5 19838 4 20094 4 20351 2
88d5a03f8ecd459f076a06e0d5035149193bfdd727c30905de19054dcb9018ae,38807 3 39060 10 39315 12 39570 15 39826 15 40081 17 40337 18 40593 18 40849 18 41105 19 41361 19 41617 19 41873 19 42129 19 42385 19 42642 8 42654 5 42898 2 42913 2
88d5a03f8ecd459f076a06e0d5035149193bfdd727c30905de19054dcb9018ae,30991 5 31246 8 31501 11 31756 12 32011 13 32267 12 32523 12 32779 11 33036 9 33294 5
88d5a03f8ecd459f076a06e0d5035149193bfdd727c30905de19054dcb9018ae,34945 5 35200 7 35455 9 35710 11 35966 11 36223 9 36479 8 36736 6 36993 3
88d5a03f8ecd459f076a06e0d5035149193bfdd727c30905de19054dcb9018ae,25717 5 25972 6 26228 6 26484 6 26740 6 26996 5
88d5a03f8ecd459f076a06e0d5035149193bfdd727c30905de19054dcb9018ae,6285 6 6540 8 6795 10 7050 11 7306 11 7561 12 7816 13 8072 13 8328 13 8586 11 8842 11 9099 9 9355 7
88d5a03f8ecd459f076a06e0d5035149193bfdd727c30905de19054dcb9018ae,26715 4 26970 7 27224 10 27480 10 27735 11 27991 11 28246 12 28502 12 28758 11 29014 11 29270 8 29528 6
88d5a03f8ecd459f076a06e0d5035149193bfdd727c30905de19054dcb9018ae,19809 6 20064 8 20319 10 20575 10 20831 10 21087 10 21343 10 21599 9 21856 7 22113 5 22371 2
88d5a03f8ecd459f076a06e0d5035149193bfdd727c30905de19054dcb9018ae,25426 3 25681 5 25937 6 26193 7 26446 10 26701 11 26957 11 27213 11 27469 11 27725 10 27981 10 28238 8 28494 8 28751 7
88d5a03f8ecd459f076a06e0d5035149193bfdd727c30905de19054dcb9018ae,44134 4 44386 9 44642 9 44898 9 45154 9 45409 10 45665 10 45920 11 46175 12 46431 12 46686 13 46941 14 47197 14 47453 13 47709 13 47965 13 48221 12 48477 12 48734 10 48991 6
88d5a03f8ecd459f076a06e0d5035149193bfdd727c30905de19054dcb9018ae,1075 6 1329 9 1584 11 1840 12 2095 13 2351 14 2607 14 2863 14 3119 14 3375 14 3631 14 3887 14 4143 12 4399 11 4656 9 4913 7 5171 2
88d5a03f8ecd459f076a06e0d5035149193bfdd727c30905de19054dcb9018ae,42650 4 42900 13 43154 15 43410 15 43666 15 43922 15 44178 15 44434 15 44690 16 44946 16 45202 16 45459 14 45716 11 45974 9 46232 6 46491 1
88d5a03f8ecd459f076a06e0d5035149193bfdd727c30905de19054dcb9018ae,18155 3 18408 8 18663 11 18917 13 19171 15 19427 16 19682 17 19938 17 20194 16 20449 16 20705 15 20961 15 21218 14 21475 13 21732 12 21989 10 22247 5
88d5a03f8ecd459f076a06e0d5035149193bfdd727c30905de19054dcb9018ae,159 15 414 16 669 18 925 19 1181 19 1436 20 1693 19 1949 19 2205 19 2462 18 2718 18 2974 17 3230 17 3487 15 3743 14 4000 12 4258 7
88d5a03f8ecd459f076a06e0d5035149193bfdd727c30905de19054dcb9018ae,42357 6 42612 8 42866 10 43121 11 43377 11 43633 11 43888 12 44144 12 44399 13 44655 12 44911 12 45167 11 45423 11 45679 9 45935 7
88d5a03f8ecd459f076a06e0d5035149193bfdd727c30905de19054dcb9018ae,785 4 1040 7 1295 9 1551 10 1807 10 2063 10 2319 10 2575 9 2833 6 3090 5
88d5a03f8ecd459f076a06e0d5035149193bfdd727c30905de19054dcb9018ae,56558 6 56812 9 57068 10 57323 12 57579 12 57834 14 58088 16 58342 18 58597 19 58853 19 59108 20 59364 20 59620 20 59877 18 60133 9 60390 6 60648 2
88d5a03f8ecd459f076a06e0d5035149193bfdd727c30905de19054dcb9018ae,266 3 521 5 775 7 1030 8 1286 8 1542 7 1798 7 2054 7 2310 8 2566 9 2822 10 3078 10 3335 11 3591 14 3848 14 4105 13 4363 11 4621 9 4879 6
88d5a03f8ecd459f076a06e0d5035149193bfdd727c30905de19054dcb9018ae,24406 7 24662 9 24918 10 25173 11 25429 11 25686 10 25943 9 26200 1 26456 1
88d5a03f8ecd459f076a06e0d5035149193bfdd727c30905de19054dcb9018ae,44412 1 44667 2 44923 2 45178 3 45434 3 45688 5 45942 7 46192 13 46449 12 46706 11 46962 11 47218 11 47476 9 47735 1
88d5a03f8ecd459f076a06e0d5035149193bfdd727c30905de19054dcb9018ae,23417 3 23672 5 23928 5 24184 5 24440 5 24697 3
88d5a03f8ecd459f076a06e0d5035149193bfdd727c30905de19054dcb9018ae,47978 6 48233 11 48489 13 48744 15 48998 18 49255 17 49514 14 49777 7 50037 2
88d5a03f8ecd459f076a06e0d5035149193bfdd727c30905de19054dcb9018ae,39043 4 39298 6 39553 7 39809 8 40065 8 40321 8 40577 7 40834 6 41091 4
88d5a03f8ecd459f076a06e0d5035149193bfdd727c30905de19054dcb9018ae,23667 3 23921 6 24177 7 24433 7 24689 7 24945 7 25202 5
88d5a03f8ecd459f076a06e0d5035149193bfdd727c30905de19054dcb9018ae,9362 3 9611 10 9866 11 10122 10 10378 10 10634 10 10890 9 11147 8 11404 6
88d5a03f8ecd459f076a06e0d5035149193bfdd727c30905de19054dcb9018ae,47993 3 48248 5 48504 5 48760 5 49016 6 49272 7 49529 6 49785 6 50043 3
88d5a03f8ecd459f076a06e0d5035149193bfdd727c30905de19054dcb9018ae,56575 2 56831 2 57087 2 57342 3 57598 3 57854 3 58110 3 58365 4 58620 5 58875 6 59130 7 59384 9 59640 9 59895 10 60146 15 60402 15 60657 16 60913 16 61169 16 61424 16 61680 15 61936 14 62192 11 62451 8 62707 8 62965 6 63222 3
88d5a03f8ecd459f076a06e0d5035149193bfdd727c30905de19054dcb9018ae,39 10 294 11 551 9 807 8 1065 3
88d5a03f8ecd459f076a06e0d5035149193bfdd727c30905de19054dcb9018ae,31079 3 31333 6 31588 7 31843 8 32099 9 32355 9 32611 9 32868 6 33127 2
88d5a03f8ecd459f076a06e0d5035149193bfdd727c30905de19054dcb9018ae,54431 7 54685 11 54940 13 55195 15 55451 16 55707 16 55962 17 56218 17 56474 17 56730 17 56986 17 57243 16 57499 15 57756 13 58013 12 58271 8
88d5a03f8ecd459f076a06e0d5035149193bfdd727c30905de19054dcb9018ae,46975 2 47230 4 47485 5 47740 7 47996 7 48253 6 48510 5 48766 5 49022 5 49279 3
88d5a03f8ecd459f076a06e0d5035149193bfdd727c30905de19054dcb9018ae,24656 3 24910 6 25164 8 25419 7 25674 7 25930 7 26186 7 26443 3
88d5a03f8ecd459f076a06e0d5035149193bfdd727c30905de19054dcb9018ae,8507 6 8762 8 9017 10 9273 10 9529 10 9785 10 10042 9 10299 7 10556 5
88d5a03f8ecd459f076a06e0d5035149193bfdd727c30905de19054dcb9018ae,21318 6 21573 8 21828 10 22083 11 22339 11 22595 11 22851 10 23107 9 23363 7 23620 4
88d5a03f8ecd459f076a06e0d5035149193bfdd727c30905de19054dcb9018ae,15601 5 15855 9 16110 12 16365 14 16621 15 16876 17 17132 17 17388 17 17644 18 17901 16 18158 15 18416 13 18674 10 18931 8 19188 6 19445 4
88d5a03f8ecd459f076a06e0d5035149193bfdd727c30905de19054dcb9018ae,18570 3 18826 3 19076 9 19331 10 19587 10 19842 11 20098 11 20354 11 20610 11 20866 11 21123 10 21380 9 21637 7 21898 1
