8a26b134fe9343c0c794513dae7787b7ac1debec3bb2a7096ab0b874a31d8175,33071 9 33325 13 33579 16 33834 17 34090 18 34346 18 34602 17 34858 17 35114 15 35371 13 35628 9 35885 7 36142 6
8a26b134fe9343c0c794513dae7787b7ac1debec3bb2a7096ab0b874a31d8175,49627 3 49881 6 50136 7 50391 9 50647 10 50903 11 51159 11 51415 11 51672 9 51932 4
8a26b134fe9343c0c794513dae7787b7ac1debec3bb2a7096ab0b874a31d8175,26264 4 26519 6 26773 8 27028 9 27283 10 27539 10 27796 9 28053 7 28312 3
8a26b134fe9343c0c794513dae7787b7ac1debec3bb2a7096ab0b874a31d8175,5615 1 5869 3 5873 1 6124 3 6129 2 6379 4 6384 3 6634 10 6890 11 7145 12 7401 13 7656 14 7913 12 8169 13 8426 12 8683 10 8939 10 9196 9 9453 7 9709 7 9965 6 10222 5 10478 5 10735 3 10991 1
8a26b134fe9343c0c794513dae7787b7ac1debec3bb2a7096ab0b874a31d8175,52931 1 53184 7 53438 11 53693 15 53948 17 54204 18 54459 20 54715 20 54971 21 55227 21 55484 21 55740 21 55997 20 56254 19 56512 16 56768 16 57024 15 57280 15 57537 13 57793 12 58050 10 58309 6
8a26b134fe9343c0c794513dae7787b7ac1debec3bb2a7096ab0b874a31d8175,25481 5 25736 7 25991 9 26247 9 26503 9 26759 9 27015 9 27272 8 27529 7 27786 5
8a26b134fe9343c0c794513dae7787b7ac1debec3bb2a7096ab0b874a31d8175,26533 7 26788 10 27044 11 27300 11 27556 11 27812 11 28068 11 28324 11 28581 9 28839 6
8a26b134fe9343c0c794513dae7787b7ac1debec3bb2a7096ab0b874a31d8175,61347 3 61602 5 61858 5 62114 5 62371 3
8a26b134fe9343c0c794513dae7787b7ac1debec3bb2a7096ab0b874a31d8175,62046 8 62302 10 62557 11 62813 11 63069 12 63325 13 63581 13 63838 12 64094 12 64350 12 64607 11 64863 11 65120 10 65376 10
8a26b134fe9343c0c794513dae7787b7ac1debec3bb2a7096ab0b874a31d8175,15052 3 15307 5 15563 5 15819 5 16076 3
8a26b134fe9343c0c794513dae7787b7ac1debec3bb2a7096ab0b874a31d8175,11939 6 12191 13 12446 15 12701 16 12957 16 13212 17 13468 17 13724 17 13980 17 14236 17 14492 17 14748 17 15004 16 15261 12 15517 9 15773 8 16030 5
8a26b134fe9343c0c794513dae7787b7ac1debec3bb2a7096ab0b874a31d8175,9439 7 9694 9 9949 11 10204 12 10460 13 10716 13 10972 14 11228 14 11483 15 11740 14 11995 15 12251 14 12508 13 12764 13 13021 10 13278 7 13536 4
8a26b134fe9343c0c794513dae7787b7ac1debec3bb2a7096ab0b874a31d8175,34323 8 34577 11 34834 12 35089 13 35344 15 35600 15 35856 15 36110 18 36366 18 36622 18 36878 18 37134 19 37390 19 37646 19 37902 19 38158 18 38415 17 38672 15 38928 15 39186 11 39444 8
8a26b134fe9343c0c794513dae7787b7ac1debec3bb2a7096ab0b874a31d8175,24875 7 25129 11 25383 14 25638 16 25894 17 26149 18 26404 20 26659 21 26915 21 27171 21 27427 21 27683 21 27939 21 28195 21 28451 21 28708 19 28964 19 29221 18 29478 16 29740 8
8a26b134fe9343c0c794513dae7787b7ac1debec3bb2a7096ab0b874a31d8175,64320 4 64576 6 64831 6 65087 7 65343 7
8a26b134fe9343c0c794513dae7787b7ac1debec3bb2a7096ab0b874a31d8175,44539 6 44792 9 45047 10 45303 10 45558 11 45814 11 46070 11 46325 12 46580 13 46836 13 47092 13 47348 13 47605 12 47861 12 48118 10 48376 7
8a26b134fe9343c0c794513dae7787b7ac1debec3bb2a7096ab0b874a31d8175,36668 6 36923 8 37176 13 37431 14 37687 15 37943 16 38198 17 38454 18 38710 18 38966 18 39222 17 39478 14 39735 12 39992 10 40249 8 40507 4
8a26b134fe9343c0c794513dae7787b7ac1debec3bb2a7096ab0b874a31d8175,23696 6 23951 8 24206 9 24461 11 24717 14 24973 15 25230 15 25486 15 25743 14 26000 13 26256 8 26268 1 26512 7 26768 5 27024 4
8a26b134fe9343c0c794513dae7787b7ac1debec3bb2a7096ab0b874a31d8175,15273 5 15526 10 15781 12 16037 12 16290 16 16545 17 16801 17 17057 17 17312 19 17568 19 17824 19 18080 11 18092 7 18336 19 18592 19 18848 19 19104 19 19360 18 19616 17 19873 15 20130 12 20387 11 20645 8
8a26b134fe9343c0c794513dae7787b7ac1debec3bb2a7096ab0b874a31d8175,35879 3 36133 5 36389 6 36645 7 36901 7 37155 9 37411 9 37667 9 37923 9 38179 9 38435 9 38691 9 38947 9 39203 9 39458 9 39714 9 39970 8 40227 7 40483 6 40740 3
8a26b134fe9343c0c794513dae7787b7ac1debec3bb2a7096ab0b874a31d8175,35575 9 35830 11 36084 13 36339 14 36594 15 36850 15 37105 16 37361 16 37617 16 37873 16 38129 16 38386 15 38643 14 38899 14 39155 14 39412 13 39669 12 39926 11 40182 11 40440 8 40697 5
8a26b134fe9343c0c794513dae7787b7ac1debec3bb2a7096ab0b874a31d8175,16864 9 17118 12 17372 15 17627 17 17881 19 18137 20 18392 21 18647 22 18903 23 19158 24 19414 24 19670 23 19926 23 20182 23 20438 22 20695 21 20951 20 21208 18 21466 13 21723 8
8a26b134fe9343c0c794513dae7787b7ac1debec3bb2a7096ab0b874a31d8175,61101 4 61357 5 61364 3 61613 11 61868 11 62124 11 62380 12 62637 11 62893 10 63149 9 63405 9 63662 7 63920 3
8a26b134fe9343c0c794513dae7787b7ac1debec3bb2a7096ab0b874a31d8175,58951 6 59206 8 59462 9 59717 11 59973 11 60229 9 60486 8 60742 9 60998 9 61255 9 61512 8 61769 7 62027 5
8a26b134fe9343c0c794513dae7787b7ac1debec3bb2a7096ab0b874a31d8175,15611 3 15866 7 16122 7 16378 7 16634 7 16891 6 17148 4
8a26b134fe9343c0c794513dae7787b7ac1debec3bb2a7096ab0b874a31d8175,27793 3 28048 5 28304 8 28560 9 28816 9 29073 8 29331 6 29589 3
8a26b134fe9343c0c794513dae7787b7ac1debec3bb2a7096ab0b874a31d8175,55472 5 55725 8 55979 11 56235 12 56490 14 56746 14 57002 16 57257 17 57514 16 57771 16 58027 17 58284 16 58540 17 58797 16 59053 16 59310 15 59567 14 59824 12 60080 12 60337 10 60595 6 60844 6 60852 4 61099 2 61105 7 61356 1 61362 2 61367 1
8a26b134fe9343c0c794513dae7787b7ac1debec3bb2a7096ab0b874a31d8175,24748 6 25003 8 25258 9 25513 10 25769 10 26025 10 26282 9 26540 7 26798 5 27055 4 27311 3
8a26b134fe9343c0c794513dae7787b7ac1debec3bb2a7096ab0b874a31d8175,13669 2 13922 12 14178 13 14432 16 14688 17 14942 19 15198 20 15454 20 15710 20 15967 19 16222 20 16478 19 16734 19 16991 17 17248 15 17505 13 17762 10 18021 6
