8a65e41c630d85c0004ce1772ff66fbc87aca34cb165f695255b39343fcfc832,41403 10 41658 12 41914 12 42170 13 42426 13 42682 13 42939 12 43195 11 43452 7
8a65e41c630d85c0004ce1772ff66fbc87aca34cb165f695255b39343fcfc832,57187 1 57190 1 57442 6 57695 10 57948 14 58204 15 58460 15 58716 15 58972 15 59228 15 59484 15 59740 15 59996 14 60253 13 60510 10 60768 7 61026 2
8a65e41c630d85c0004ce1772ff66fbc87aca34cb165f695255b39343fcfc832,44502 4 44757 6 45012 8 45267 9 45521 11 45776 12 46031 13 46287 13 46543 13 46799 13 47055 13 47312 12 47569 11 47827 8 48084 6
8a65e41c630d85c0004ce1772ff66fbc87aca34cb165f695255b39343fcfc832,57323 4 57577 7 57832 9 58088 9 58344 10 58600 10 58856 10 59112 10 59369 8 59626 7 59883 4
8a65e41c630d85c0004ce1772ff66fbc87aca34cb165f695255b39343fcfc832,38605 3 38860 5 39116 5 39372 5 39629 3
8a65e41c630d85c0004ce1772ff66fbc87aca34cb165f695255b39343fcfc832,44474 7 44729 10 44984 12 45240 12 45496 12 45753 11 46010 10 46267 9 46525 6 46782 4
8a65e41c630d85c0004ce1772ff66fbc87aca34cb165f695255b39343fcfc832,43466 9 43721 11 43977 11 44232 12 44488 12 44743 13 44999 13 45255 12 45511 10 45767 8 46023 8 46279 8 46536 7 46793 6 47050 5 47307 3
8a65e41c630d85c0004ce1772ff66fbc87aca34cb165f695255b39343fcfc832,57510 7 57765 10 58020 12 58275 14 58530 15 58786 15 59042 16 59298 16 59554 16 59810 15 60067 14 60322 14 60578 14 60836 11 61094 7
8a65e41c630d85c0004ce1772ff66fbc87aca34cb165f695255b39343fcfc832,33692 4 33947 8 34203 9 34458 10 34714 10 34969 11 35225 11 35481 11 35737 11 35993 11 36250 10 36507 9 36763 9 37019 9 37276 7
8a65e41c630d85c0004ce1772ff66fbc87aca34cb165f695255b39343fcfc832,34214 5 34469 7 34724 9 34980 10 35236 10 35492 10 35748 10 36004 10 36260 10 36516 10 36772 9 37030 5
8a65e41c630d85c0004ce1772ff66fbc87aca34cb165f695255b39343fcfc832,39880 3 40135 5 40390 6 40645 7 40901 6 41157 5 41414 3
8a65e41c630d85c0004ce1772ff66fbc87aca34cb165f695255b39343fcfc832,39885 3 40140 5 40396 5 40652 5 40909 3
