8bef203fce625e4d8c89dca728158be4662dfdfdcd4dc73a6aa39a908c1631bc,20040 5 20295 7 20550 9 20806 10 21062 10 21318 10 21574 10 21830 10 22086 11 22342 11 22599 10 22855 9 23112 8 23369 7 23626 5
8bef203fce625e4d8c89dca728158be4662dfdfdcd4dc73a6aa39a908c1631bc,35664 5 35920 5 36176 5 36431 7 36686 8 36942 8 37199 7 37456 5 37713 4
8bef203fce625e4d8c89dca728158be4662dfdfdcd4dc73a6aa39a908c1631bc,47971 4 48225 6 48481 6 48737 5 48994 3
8bef203fce625e4d8c89dca728158be4662dfdfdcd4dc73a6aa39a908c1631bc,45104 8 45358 12 45614 13 45869 15 46125 16 46381 16 46637 16 46893 17 47149 18 47406 17 47662 17 47919 16 48176 15 48432 15 48689 13 48947 11 49205 8 49463 4
8bef203fce625e4d8c89dca728158be4662dfdfdcd4dc73a6aa39a908c1631bc,35397 5 35652 7 35907 8 36163 8 36420 7 36676 7 36932 7 37188 6
8bef203fce625e4d8c89dca728158be4662dfdfdcd4dc73a6aa39a908c1631bc,56918 4 57174 6 57430 8 57686 8 57942 8 58200 6 58457 3
8bef203fce625e4d8c89dca728158be4662dfdfdcd4dc73a6aa39a908c1631bc,19148 4 19403 6 19658 8 19914 9 20169 10 20425 10 20681 11 20938 10 21194 9 21450 9 21707 8 21964 7 22221 5
8bef203fce625e4d8c89dca728158be4662dfdfdcd4dc73a6aa39a908c1631bc,34538 5 34793 7 35048 9 35303 10 35559 10 35814 11 36069 11 36325 11 36581 11 36836 11 37092 11 37348 10 37605 8 37861 7 38118 5
8bef203fce625e4d8c89dca728158be4662dfdfdcd4dc73a6aa39a908c1631bc,9699 3 9953 6 10208 8 10463 9 10718 11 10974 11 11229 12 11485 12 11740 13 11996 12 12252 12 12509 10 12766 8 13024 5
8bef203fce625e4d8c89dca728158be4662dfdfdcd4dc73a6aa39a908c1631bc,45188 6 45443 10 45698 11 45953 12 46209 12 46465 11 46720 11 46976 10 47233 7 47489 6 47747 1
8bef203fce625e4d8c89dca728158be4662dfdfdcd4dc73a6aa39a908c1631bc,22273 4 22529 5 22785 6 23041 7 23297 8 23553 8 23809 9 24065 9 24321 9 24577 10 24833 10 25089 10 25345 10 25602 8 25859 6
8bef203fce625e4d8c89dca728158be4662dfdfdcd4dc73a6aa39a908c1631bc,9257 4 9512 6 9767 8 10023 8 10279 8 10535 8 10791 8 11047 8 11304 6 11562 3
8bef203fce625e4d8c89dca728158be4662dfdfdcd4dc73a6aa39a908c1631bc,43130 8 43385 10 43638 14 43893 15 44149 15 44405 14 44661 13 44917 13 45174 10 45432 4
8bef203fce625e4d8c89dca728158be4662dfdfdcd4dc73a6aa39a908c1631bc,171 14 427 13 683 12 940 11 1196 9 1454 5
8bef203fce625e4d8c89dca728158be4662dfdfdcd4dc73a6aa39a908c1631bc,47176 5 47431 8 47687 8 47943 9 48199 9 48455 9 48711 9 48968 8 49224 8 49481 6 49739 3
8bef203fce625e4d8c89dca728158be4662dfdfdcd4dc73a6aa39a908c1631bc,105 12 361 12 617 12 873 12 1129 12 1385 12 1641 12 1898 11 2154 10 2410 10 2667 8 2924 6 3183 1
8bef203fce625e4d8c89dca728158be4662dfdfdcd4dc73a6aa39a908c1631bc,50267 8 50521 11 50776 12 51032 12 51288 5 51545 4
8bef203fce625e4d8c89dca728158be4662dfdfdcd4dc73a6aa39a908c1631bc,29817 5 30072 7 30328 8 30584 8 30839 9 31095 9 31351 9 31606 10 31862 9 32118 9 32374 9 32630 8 32887 5
8bef203fce625e4d8c89dca728158be4662dfdfdcd4dc73a6aa39a908c1631bc,48301 6 48556 9 48810 12 49065 13 49320 14 49575 15 49830 16 50086 16 50341 17 50597 16 50852 17 51108 16 51365 15 51621 13 51878 11 52135 8
8bef203fce625e4d8c89dca728158be4662dfdfdcd4dc73a6aa39a908c1631bc,51 13 305 15 560 16 816 16 1071 17 1327 17 1583 17 1839 17 2095 16 2351 16 2607 15 2864 13 3121 11 3378 8 3636 4
