8c3ef7aa7ed29b62a65b1c394d2b4a24aa3da25aebfdf3d29dbfc8ad1b08e95a,9210 3 9726 10 10242 15 10759 20 11277 23 11795 26 12314 28 12832 31 13351 33 13870 35 14389 36 14908 38 15427 39 15946 40 16466 40 16985 41 17505 41 18024 42 18544 41 19064 41 19583 42 20103 41 20623 41 21142 41 21662 41 22182 41 22702 40 23222 40 23741 40 24261 39 24781 39 25301 38 25821 38 26341 37 26861 36 27380 36 27900 35 28420 34 28940 33 29460 32 29980 31 30499 31 31019 30 31539 29 32060 26 32580 25 33100 23 33620 22 34141 20 34661 19 35182 16 35703 13 36225 9 36746 5
8c3ef7aa7ed29b62a65b1c394d2b4a24aa3da25aebfdf3d29dbfc8ad1b08e95a,255960 20 256477 30 256995 36 257514 40 258031 45 258550 47 259069 49 259588 51 260107 53 260626 55 261146 55 261665 57 262184 58 262703 59 263223 60 263743 60 264262 62 264781 63 265301 64 265821 64 266341 65 266861 65 267381 66 267901 66 268421 66 268941 67 269461 67 269981 67 270501 67 271021 67 271542 65 272063 64 272584 63 273104 62 273625 61 274146 60 274667 58 275189 55 275712 50 276236 44 276760 38 277286 23 277812 7 278334 4 278855 1
8c3ef7aa7ed29b62a65b1c394d2b4a24aa3da25aebfdf3d29dbfc8ad1b08e95a,19361 27 19879 31 20397 34 20916 38 21435 42 21954 44 22473 46 22992 47 23512 47 24032 48 24551 49 25071 50 25591 50 26111 51 26631 51 27151 51 27672 51 28192 51 28713 50 29234 49 29755 48 30276 47 30797 45 31318 44 31838 43 32359 40 32880 38 33401 36 33923 33 34444 31 34966 28 35487 23 36009 20 36531 15 37054 10
8c3ef7aa7ed29b62a65b1c394d2b4a24aa3da25aebfdf3d29dbfc8ad1b08e95a,354438 3 354955 8 355472 12 355989 16 356507 19 357025 21 357544 23 358063 24 358581 26 359100 27 359620 27 360140 27 360659 28 361178 28 361698 27
8c3ef7aa7ed29b62a65b1c394d2b4a24aa3da25aebfdf3d29dbfc8ad1b08e95a,182823 13 183339 19 183856 24 184374 28 184893 30 185411 33 185928 36 186446 39 186964 41 187481 45 188000 46 188519 47 189038 48 189557 49 190076 50 190596 50 191115 50 191635 50 192154 51 192673 51 193192 52 193712 51 194231 51 194750 52 195270 51 195790 51 196309 51 196829 51 197349 51 197869 50 198388 51 198908 50 199428 50 199948 49 200468 48 200988 47 201508 46 202029 44 202549 43 203069 42 203590 40 204111 37 204632 35 205153 32 205674 29 206195 26 206718 19 207246 2
8c3ef7aa7ed29b62a65b1c394d2b4a24aa3da25aebfdf3d29dbfc8ad1b08e95a,295355 6 295870 11 296388 13 296905 16 297420 21 297937 24 298454 27 298972 29 299490 31 300009 32 300528 33 301047 34 301566 35 302085 36 302604 37 303123 38 303642 39 304161 40 304680 41 305200 41 305719 42 306238 43 306757 44 307277 44 307797 44 308316 45 308836 45 309356 45 309876 45 310396 45 310917 44 311437 44 311957 44 312478 43 312998 43 313519 42 314040 41 314561 40 315082 39 315603 38 316126 35 316647 32 317170 28 317698 15
8c3ef7aa7ed29b62a65b1c394d2b4a24aa3da25aebfdf3d29dbfc8ad1b08e95a,105024 7 105542 12 106061 15 106580 18 107099 22 107619 22 108139 22 108659 22 109179 22 109699 22 110219 22 110739 22 111259 22 111779 22 112299 22 112820 21 113340 21 113860 21 114381 20 114901 20 115421 20 115941 20 116462 19 116982 19 117503 18 118023 18 118544 17 119065 16 119586 15 120107 14 120628 13 121149 12 121671 10 122193 8 122715 6 123239 2
8c3ef7aa7ed29b62a65b1c394d2b4a24aa3da25aebfdf3d29dbfc8ad1b08e95a,149878 3 150396 6 150901 22 151420 24 151940 24 152460 25 152979 27 153499 29 154018 31 154536 34 155055 35 155575 35 156095 34 156614 34 157133 33 157653 32 158173 32 158693 33 159214 37 159734 39 160255 39 160775 39 161295 40 161815 40 162335 41 162854 42 163373 43 163892 43 164411 43 164930 43 165450 42 165971 40 166491 40 167012 39 167533 39 168054 38 168574 38 169094 38 169613 39 170133 38 170653 36 171174 34 171695 31 172216 10 172228 17 172737 6 172750 15 173271 13 173793 10 174314 9 174836 6
8c3ef7aa7ed29b62a65b1c394d2b4a24aa3da25aebfdf3d29dbfc8ad1b08e95a,34 35 553 37 1073 38 1592 41 2112 42 2631 43 3150 45 3670 46 4190 47 4710 47 5230 48 5750 48 6271 47 6791 48 7311 48 7831 48 8352 47 8873 46 9394 45 9915 44 10436 42 10957 41 11479 39 12000 37 12523 34 13046 30 13568 27 14092 22 14614 19 15136 16 15658 12 16182 2
8c3ef7aa7ed29b62a65b1c394d2b4a24aa3da25aebfdf3d29dbfc8ad1b08e95a,26999 9 27517 13 28035 17 28553 20 29070 24 29589 26 30108 28 30626 30 31144 33 31663 34 32182 36 32700 38 33219 40 33738 41 34257 42 34776 44 35295 45 35815 46 36334 47 36854 47 37373 48 37892 49 38411 50 38930 51 39449 52 39968 53 40487 54 41007 54 41526 55 42045 56 42564 57 43083 58 43603 57 44122 56 44642 54 45162 53 45681 53 46200 54 46720 53 47239 53 47759 52 48279 52 48799 51 49319 50 49839 49 50360 46 50880 45 51401 43 51922 39 52443 37 52964 34 53487 28 54008 25 54529 21 55051 17 55573 14 56094 13 56615 11
8c3ef7aa7ed29b62a65b1c394d2b4a24aa3da25aebfdf3d29dbfc8ad1b08e95a,328534 11 329048 19 329564 27 330082 31 330601 34 331120 36 331639 38 332159 39 332678 41 333198 42 333718 43 334237 45 334757 45 335277 46 335797 46 336317 46 336837 46 337357 46 337877 46 338398 45 338918 45 339438 44 339958 44 340479 42 340999 42 341519 42 342040 40 342561 38 343081 35 343602 30 344123 27 344644 23 345166 19 345690 12
8c3ef7aa7ed29b62a65b1c394d2b4a24aa3da25aebfdf3d29dbfc8ad1b08e95a,56610 5 56626 16 57122 43 57640 47 58159 52 58678 56 59197 58 59715 61 60234 64 60753 66 61272 68 61792 69 62312 69 62832 70 63352 70 63872 70 64392 70 64912 70 65433 70 65953 70 66474 69 66994 69 67515 68 68035 68 68556 66 69077 65 69598 63 70119 62 70640 61 71161 59 71682 57 72204 54 72725 52 73247 49 73768 47 74290 42 74813 35 75335 31 75860 14
8c3ef7aa7ed29b62a65b1c394d2b4a24aa3da25aebfdf3d29dbfc8ad1b08e95a,220360 17 220876 24 221395 27 221914 29 222434 30 222953 33 223472 36 223991 38 224510 41 225030 42 225550 43 226070 44 226589 45 227109 45 227629 46 228149 46 228668 48 229188 48 229707 50 230227 51 230748 50 231268 50 231787 51 232307 52 232827 52 233346 53 233866 53 234386 53 234906 53 235426 53 235946 53 236466 53 236986 54 237506 55 238026 56 238546 56 239066 55 239587 54 240107 54 240628 53 241148 53 241668 53 242189 51 242709 51 243230 50 243751 48 244272 47 244793 46 245328 30 245849 28 246370 26 246890 25 247411 23 247932 21 248452 20 248973 18 249494 16 250016 13 250538 9
8c3ef7aa7ed29b62a65b1c394d2b4a24aa3da25aebfdf3d29dbfc8ad1b08e95a,341102 13 341618 20 342136 25 342654 27 343173 28 343692 29 344211 30 344730 31 345249 32 345768 33 346287 34 346806 35 347326 35 347845 36 348365 36 348885 36 349405 36 349925 36 350445 36 350965 36 351485 36 352005 36 352525 36 353046 35 353566 35 354087 34 354607 34 355127 34 355647 34 356167 34 356687 34 357208 33 357728 33 358248 33 358769 32 359290 31 359810 31 360331 30 360852 29 361373 28 361894 27
8c3ef7aa7ed29b62a65b1c394d2b4a24aa3da25aebfdf3d29dbfc8ad1b08e95a,277309 13 277819 25 278338 29 278856 32 279369 40 279886 44 280401 50 280918 54 281436 56 281954 59 282472 61 282990 63 283507 67 284025 69 284543 71 285061 73 285579 75 286098 76 286616 78 287134 79 287653 79 288172 80 288691 80 289210 80 289729 80 290249 79 290768 79 291288 78 291807 78 292327 77 292846 76 293366 75 293886 72 294405 70 294925 68 295445 64 295965 61 296485 58 297005 54 297525 52 298045 44 298565 41 299086 37 299606 34 300127 29 300648 21 301169 13
8c3ef7aa7ed29b62a65b1c394d2b4a24aa3da25aebfdf3d29dbfc8ad1b08e95a,5201 4 5721 7 6241 9 6761 11 7281 13 7801 14 8321 16 8841 19 9361 20 9881 22 10401 25 10921 26 11441 29 11961 30 12481 31 13001 32 13521 33 14041 34 14561 34 15081 35 15601 36 16121 36 16641 36 17161 36 17681 36 18201 37 18721 37 19241 37 19761 37 20281 37 20801 36 21321 36 21841 35 22361 35 22881 34 23401 32 23921 31 24441 29 24961 25 25485 19 26010 8
8c3ef7aa7ed29b62a65b1c394d2b4a24aa3da25aebfdf3d29dbfc8ad1b08e95a,335177 3 335695 8 336214 11 336733 13 337252 15 337770 18 338289 19 338807 21 339326 23 339845 24 340363 25 340880 27 341399 28 341918 28 342437 29 342957 28 343477 28 343997 27 344518 24 345038 23 345558 21 346078 20 346599 18 347120 16 347641 12 348162 8
8c3ef7aa7ed29b62a65b1c394d2b4a24aa3da25aebfdf3d29dbfc8ad1b08e95a,293977 8 294494 15 295012 18 295529 22 296047 24 296566 26 297085 27 297603 29 298122 30 298640 32 299158 34 299676 35 300195 36 300714 36 301233 37 301751 38 302270 38 302789 39 303308 39 303827 39 304346 39 304864 40 305383 41 305902 41 306422 40 306941 40 307460 40 307979 40 308497 41 309016 41 309536 40 310055 40 310575 39 311095 37 311614 37 312133 37 312653 37 313172 37 313691 37 314211 36 314731 35 315251 33 315771 32 316291 31 316811 30 317331 29 317851 28 318371 27 318892 23 319412 22 319933 18 320453 16 320974 13 321497 7
8c3ef7aa7ed29b62a65b1c394d2b4a24aa3da25aebfdf3d29dbfc8ad1b08e95a,233575 2 234089 2 234094 10 234601 30 235118 36 235636 56 236155 57 236673 59 237191 61 237710 64 238229 66 238748 68 239268 69 239788 70 240307 72 240826 73 241346 74 241866 74 242386 74 242906 74 243426 74 243946 73 244466 73 244986 73 245507 72 246027 71 246547 71 247067 71 247587 70 248108 68 248629 67 249150 65 249671 63 250192 61 250713 59 251235 56 251757 53 252280 49 252802 46 253326 38 253848 31 254375 22 254904 6
8c3ef7aa7ed29b62a65b1c394d2b4a24aa3da25aebfdf3d29dbfc8ad1b08e95a,239544 8 240062 14 240581 16 241100 18 241617 22 242136 24 242655 25 243174 27 243693 29 244212 31 244731 32 245251 33 245770 34 246290 35 246810 35 247329 37 247849 37 248368 38 248888 38 249407 39 249927 39 250447 39 250967 39 251486 41 252006 41 252526 41 253046 41 253566 41 254086 41 254605 42 255125 42 255645 42 256165 42 256685 42 257205 42 257725 42 258245 42 258765 42 259285 42 259806 41 260326 41 260846 41 261366 41 261886 41 262406 41 262926 41 263446 41 263966 40 264486 40 265007 39 265527 39 266047 39 266567 39 267088 37 267608 37 268129 36 268649 36 269169 35 269690 34 270210 33 270731 32 271252 31 271772 30 272293 29 272814 27 273335 25 273856 23 274377 21 274898 19 275419 17 275940 14 276463 8
8c3ef7aa7ed29b62a65b1c394d2b4a24aa3da25aebfdf3d29dbfc8ad1b08e95a,214863 14 215378 23 215896 27 216413 31 216932 35 217451 38 217970 42 218489 45 219008 49 219528 53 220047 63 220566 67 221086 70 221605 73 222125 74 222645 75 223165 76 223685 76 224205 77 224725 77 225245 78 225765 78 226285 78 226805 78 227326 77 227846 76 228367 74 228887 73 229408 72 229929 70 230450 68 230971 66 231492 64 232013 61 232534 58 233055 54 233577 49 234104 40 234631 32 235154 24
8c3ef7aa7ed29b62a65b1c394d2b4a24aa3da25aebfdf3d29dbfc8ad1b08e95a,46822 2 47335 18 47851 28 48368 36 48886 42 49403 47 49922 51 50441 54 50961 57 51481 58 52001 59 52521 60 53041 61 53561 62 54081 63 54601 64 55121 65 55641 65 56161 66 56681 66 57201 66 57721 67 58241 67 58761 67 59281 67 59801 66 60321 66 60841 66 61361 66 61881 66 62401 67 62921 67 63441 64 63961 61 64481 58 65001 54 65523 49 66045 44 66567 40 67089 35 67614 29 68141 16 68160 3 68681 1
8c3ef7aa7ed29b62a65b1c394d2b4a24aa3da25aebfdf3d29dbfc8ad1b08e95a,362 22 883 20 1404 18 1924 14 2445 5
8c3ef7aa7ed29b62a65b1c394d2b4a24aa3da25aebfdf3d29dbfc8ad1b08e95a,207480 1 208000 1 208519 2 209039 2 209558 3 210078 3 210598 3 211117 4 211637 4 212156 5 212676 5 213195 6 213715 6 214235 6 214754 7 215274 7 215794 7 216314 7 216834 7 217354 7 217874 7 218394 7 218914 7 219434 7 219954 7 220475 6 220996 5 221517 4 222038 3 222558 3 223079 2 223600 1
8c3ef7aa7ed29b62a65b1c394d2b4a24aa3da25aebfdf3d29dbfc8ad1b08e95a,88293 9 88804 21 89316 31 89829 39 90344 45 90858 52 91376 54 91893 58 92412 59 92930 62 93449 63 93968 64 94487 66 95006 67 95525 68 96044 69 96564 69 97084 68 97604 68 98123 69 98642 69 99162 69 99682 68 100202 67 100722 66 101242 65 101762 64 102282 63 102802 61 103322 59 103843 56 104363 54 104883 51 105403 50 105923 48 106444 45 106964 43 107485 40 108006 36 108527 33 109049 29 109571 23 110093 19
8c3ef7aa7ed29b62a65b1c394d2b4a24aa3da25aebfdf3d29dbfc8ad1b08e95a,260558 8 261075 12 261593 16 262112 18 262630 21 263149 23 263668 24 264187 26 264707 26 265226 28 265745 29 266264 30 266783 31 267302 32 267821 33 268341 33 268860 34 269379 35 269898 36 270417 36 270937 36 271456 37 271976 36 272495 37 273014 38 273534 37 274053 38 274572 38 275091 38 275611 38 276130 38 276649 39 277169 38 277688 39 278207 40 278727 39 279246 40 279766 39 280285 39 280805 38 281324 38 281844 37 282364 36 282883 36 283403 35 283923 34 284443 32 284963 31 285483 30 286003 29 286524 27 287044 25 287564 24 288085 22 288605 20 289126 18 289647 16 290168 14 290691 5
8c3ef7aa7ed29b62a65b1c394d2b4a24aa3da25aebfdf3d29dbfc8ad1b08e95a,242320 1 242839 2 243358 3 243877 4 244396 5 244915 6 245434 7 245954 7 246473 8 246993 8 247512 9 248032 9 248551 10 249071 10 249591 10 250110 11 250630 11 251149 12 251669 12 252189 12 252709 12 253229 12 253749 12 254269 12 254789 12 255309 12 255829 12 256350 11 256870 11 257391 10 257912 9 258433 8 258954 7 259475 6 259998 3 260519 2
8c3ef7aa7ed29b62a65b1c394d2b4a24aa3da25aebfdf3d29dbfc8ad1b08e95a,349818 7 350336 11 350855 14 351375 15 351894 17 352413 19 352932 21 353452 22 353971 23 354491 24 355011 25 355530 27 356050 29 356569 31 357089 32 357609 33 358129 33 358649 34 359169 35 359206 2 359689 40 360209 41 360730 41 361250 42 361770 43
8c3ef7aa7ed29b62a65b1c394d2b4a24aa3da25aebfdf3d29dbfc8ad1b08e95a,347771 7 348289 12 348808 14 349327 16 349846 19 350365 21 350885 22 351404 24 351924 25 352444 26 352964 27 353484 28 354004 29 354524 30 355045 30 355565 30 356085 31 356606 30 357127 30 357647 30 358167 31 358687 31 359208 31 359729 30 360250 29 360771 28 361292 27 361813 11 361835 4
8c3ef7aa7ed29b62a65b1c394d2b4a24aa3da25aebfdf3d29dbfc8ad1b08e95a,182627 14 183142 21 183659 29 184176 33 184694 36 185212 39 185730 42 186249 43 186767 46 187285 48 187804 49 188322 51 188840 53 189359 54 189878 55 190397 55 190916 56 191435 57 191955 57 192474 58 192994 57 193514 57 194034 57 194553 58 195073 57 195593 56 196113 56 196633 55 197153 54 197673 53 198193 53 198713 52 199234 49 199754 48 200275 46 200796 43 201317 41 201839 37 202360 35 202881 32 203404 25 203926 19 204448 11
8c3ef7aa7ed29b62a65b1c394d2b4a24aa3da25aebfdf3d29dbfc8ad1b08e95a,288834 14 289352 17 289870 20 290389 22 290908 24 291427 26 291946 28 292465 29 292984 31 293503 32 294023 32 294542 33 295062 33 295581 34 296101 34 296620 35 297140 35 297660 35 298179 35 298699 35 299219 35 299738 36 300258 36 300777 36 301297 36 301817 36 302336 36 302856 35 303375 36 303895 36 304414 36 304934 36 305454 36 305974 35 306493 36 307013 35 307533 35 308053 34 308572 35 309092 35 309612 34 310132 34 310652 33 311172 33 311692 32 312212 31 312732 31 313252 30 313773 29 314293 28 314813 27 315333 27 315853 26 316373 25 316893 24 317414 22 317934 21 318455 19 318976 17 319497 15 320018 13 320539 11
8c3ef7aa7ed29b62a65b1c394d2b4a24aa3da25aebfdf3d29dbfc8ad1b08e95a,89442 5 89961 8 90481 10 91001 11 91521 13 92041 14 92561 16 93081 17 93601 18 94121 19 94641 20 95161 21 95681 22 96201 23 96721 24 97241 24 97761 25 98281 26 98801 26 99321 27 99841 27 100361 27 100881 28 101401 28 101921 29 102441 29 102961 29 103481 29 104001 29 104521 29 105041 29 105561 29 106081 29 106601 29 107121 29 107641 28 108161 28 108681 28 109201 28 109721 28 110241 28 110761 28 111281 28 111801 27 112321 27 112841 27 113361 26 113881 25 114401 24 114921 23 115441 23 115961 22 116481 21 117001 19 117521 18 118041 15 118564 9
8c3ef7aa7ed29b62a65b1c394d2b4a24aa3da25aebfdf3d29dbfc8ad1b08e95a,345970 8 346480 23 346996 29 347514 33 348032 37 348550 41 349068 45 349587 47 350106 49 350625 51 351144 53 351664 54 352183 56 352703 57 353222 59 353742 59 354262 60 354782 61 355302 61 355822 62 356342 62 356862 62 357382 63 357902 63 358422 63 358942 63 359462 63 359982 63 360503 62 361023 61 361544 60
8c3ef7aa7ed29b62a65b1c394d2b4a24aa3da25aebfdf3d29dbfc8ad1b08e95a,105190 5 105704 13 106222 16 106736 25 107254 29 107771 33 108289 36 108808 38 109325 41 109844 43 110363 45 110883 46 111402 47 111922 48 112441 50 112960 51 113480 51 113999 53 114519 53 115038 55 115557 56 116077 56 116596 57 117116 57 117636 57 118156 57 118676 57 119195 58 119715 58 120235 58 120754 59 121274 59 121794 59 122313 60 122833 60 123353 60 123873 60 124392 61 124912 61 125432 61 125952 61 126471 62 126991 61 127511 61 128031 61 128552 59 129072 59 129592 58 130112 57 130632 56 131152 55 131672 55 132193 53 132713 52 133233 51 133754 48 134275 46 134795 45 135316 42 135836 40 136357 38 136878 35 137399 33 137920 30 138441 27 138962 23 139484 19 140006 14 140531 4
8c3ef7aa7ed29b62a65b1c394d2b4a24aa3da25aebfdf3d29dbfc8ad1b08e95a,142780 2 143293 16 143810 20 144327 26 144845 29 145363 31 145881 34 146400 35 146918 38 147436 40 147955 41 148473 43 148991 45 149510 46 150029 47 150547 49 151066 50 151585 51 152104 52 152623 52 153142 53 153661 54 154181 54 154700 55 155219 55 155738 55 156258 55 156778 54 157297 55 157817 54 158336 54 158856 53 159375 53 159895 52 160415 51 160935 51 161455 50 161975 49 162495 48 163016 46 163536 45 164057 43 164578 41 165099 38 165620 36 166141 34 166663 30 167185 26 167710 18 168235 10
8c3ef7aa7ed29b62a65b1c394d2b4a24aa3da25aebfdf3d29dbfc8ad1b08e95a,144446 6 144964 9 145482 12 146001 14 146520 16 147039 17 147558 19 148077 20 148596 22 149115 23 149634 24 150154 25 150673 26 151192 27 151712 28 152231 29 152751 29 153270 30 153790 30 154310 30 154830 30 155349 31 155869 31 156389 31 156909 31 157429 31 157949 31 158470 30 158990 30 159510 30 160031 29 160551 29 161071 28 161592 27 162112 27 162633 26 163154 24 163674 24 164195 22 164715 22 165236 20 165757 18 166278 16 166799 14 167320 12 167841 10 168362 5
8c3ef7aa7ed29b62a65b1c394d2b4a24aa3da25aebfdf3d29dbfc8ad1b08e95a,62997 7 63505 24 64022 30 64539 35 65055 41 65572 46 66089 52 66607 55 67124 60 67643 63 68163 64 68682 66 69201 69 69721 70 70240 72 70759 73 71279 74 71799 74 72319 75 72839 75 73359 75 73879 75 74399 75 74919 75 75439 75 75960 74 76480 74 77000 74 77520 73 78041 71 78561 70 79082 68 79603 66 80123 65 80644 63 81165 61 81686 58 82208 54 82730 50 83252 46 83775 38 84302 29 84831 9
8c3ef7aa7ed29b62a65b1c394d2b4a24aa3da25aebfdf3d29dbfc8ad1b08e95a,111007 7 111524 13 112043 16 112561 19 113079 22 113598 24 114117 26 114635 29 115154 31 115673 33 116192 35 116711 36 117230 38 117749 39 118268 40 118787 42 119306 43 119825 44 120344 45 120863 46 121383 46 121902 47 122421 48 122940 48 123459 49 123979 49 124498 50 125017 50 125536 51 126056 50 126575 51 127095 50 127614 51 128134 50 128653 51 129173 51 129693 50 130212 51 130732 51 131252 50 131771 51 132291 51 132811 50 133331 50 133851 50 134370 50 134890 49 135410 49 135929 49 136449 49 136969 48 137489 47 138009 46 138530 44 139050 42 139570 41 140091 38 140611 36 141132 34 141653 31 142173 29 142694 26 143216 22 143738 15 144267 2
8c3ef7aa7ed29b62a65b1c394d2b4a24aa3da25aebfdf3d29dbfc8ad1b08e95a,10680 3 11199 8 11718 10 12238 11 12757 13 13276 14 13796 15 14315 17 14834 18 15349 24 15868 26 16388 27 16908 28 17427 30 17946 32 18466 32 18986 32 19506 33 20025 34 20545 35 21065 36 21585 36 22105 37 22625 37 23144 39 23664 39 24184 40 24704 41 25224 42 25744 42 26264 43 26784 43 27304 44 27824 44 28345 44 28865 44 29385 44 29905 44 30425 44 30945 44 31465 44 31985 45 32505 45 33026 43 33546 43 34067 42 34587 42 35108 41 35628 41 36149 39 36670 37 37191 35 37711 35 38232 34 38753 32 39274 30 39795 29 40316 27 40837 25 41359 22 41881 19 42402 16 42925 10
