8cdbdda8b3a64c97409c0160bcfb06eb8e876cedc3691aa63ca16dbafae6f948,72929 10 73447 14 73966 17 74486 18 75005 19 75525 20 76044 21 76563 22 77083 23 77602 24 78122 24 78642 24 79162 24 79682 24 80203 23 80724 21 81244 20 81765 17 82286 13 82808 10
8cdbdda8b3a64c97409c0160bcfb06eb8e876cedc3691aa63ca16dbafae6f948,20038 9 20557 12 21076 14 21596 15 22115 17 22635 17 23155 17 23675 17 24195 17 24715 18 25235 18 25755 19 26275 19 26795 19 27315 19 27835 19 28355 19 28875 19 29395 19 29916 18 30436 18 30957 17 31477 16 31998 15 32519 13 33041 10
8cdbdda8b3a64c97409c0160bcfb06eb8e876cedc3691aa63ca16dbafae6f948,110715 4 111230 13 111746 20 112263 24 112781 27 113299 30 113818 31 114337 33 114856 34 115376 34 115895 35 116414 36 116934 36 117454 36 117973 37 118493 36 119013 36 119533 35 120053 34 120574 33 121094 32 121614 31 122135 29 122656 27 123177 24 123699 20 124221 16 124743 12
8cdbdda8b3a64c97409c0160bcfb06eb8e876cedc3691aa63ca16dbafae6f948,344031 5 344547 14 345063 21 345581 24 346098 28 346617 30 347135 32 347654 34 348172 36 348691 37 349210 38 349729 39 350248 40 350768 39 351288 39 351807 40 352327 40 352847 39 353367 38 353887 37 354407 36 354927 34 355448 32 355968 30 356489 28 357010 24 357531 21 358053 16 358576 10
8cdbdda8b3a64c97409c0160bcfb06eb8e876cedc3691aa63ca16dbafae6f948,156001 3 156521 4 157041 5 157561 6 158081 6 158601 6 159121 6 159641 6 160161 7 160681 7 161201 7 161721 6 162241 6 162761 6 163281 6 163801 6 164321 6 164841 6 165361 6 165881 6 166401 6 166921 5 167441 5 167961 5 168481 4 169001 4 169521 3 170041 3 170561 3 171081 2
8cdbdda8b3a64c97409c0160bcfb06eb8e876cedc3691aa63ca16dbafae6f948,68367 3 68885 6 69404 8 69923 10 70443 11 70963 12 71483 13 72003 14 72523 14 73043 15 73563 15 74083 16 74603 17 75123 18 75643 18 76164 17 76684 17 77204 17 77724 18 78245 17 78765 17 79286 16 79807 15 80327 15 80848 14 81368 13 81889 12 82410 11 82931 10 83452 8 83974 5
8cdbdda8b3a64c97409c0160bcfb06eb8e876cedc3691aa63ca16dbafae6f948,340270 10 340282 4 340787 20 341305 23 341824 24 342343 26 342863 26 343382 27 343901 28 344421 28 344941 28 345461 28 345982 27 346503 25 347025 22 347547 20 348068 18 348589 16 349111 9
8cdbdda8b3a64c97409c0160bcfb06eb8e876cedc3691aa63ca16dbafae6f948,200123 9 200642 12 201161 14 201681 15 202200 18 202719 20 203239 22 203759 23 204279 24 204798 26 205318 27 205838 28 206358 28 206878 29 207398 29 207919 29 208439 30 208959 30 209480 30 210000 30 210520 31 211041 30 211561 30 212082 29 212603 28 213123 28 213644 27 214165 26 214686 25 215207 23 215729 20 216250 19 216771 17 217294 13 217817 8
8cdbdda8b3a64c97409c0160bcfb06eb8e876cedc3691aa63ca16dbafae6f948,191994 3 192511 11 193029 14 193548 17 194067 19 194586 21 195105 22 195624 24 196144 25 196663 26 197183 27 197703 27 198223 27 198743 27 199263 28 199783 28 200303 28 200823 28 201343 28 201863 28 202383 28 202904 26 203424 26 203944 26 204465 25 204986 23 205506 23 206027 21 206548 19 207069 17 207591 14 208112 12 208634 7
8cdbdda8b3a64c97409c0160bcfb06eb8e876cedc3691aa63ca16dbafae6f948,9699 2 10217 10 10735 16 11253 19 11772 22 12291 25 12811 26 13331 27 13850 29 14370 29 14889 31 15408 32 15928 32 16448 32 16968 32 17488 32 18008 32 18529 32 19049 32 19569 31 20089 31 20609 31 21130 30 21650 30 22170 30 22691 29 23211 29 23732 27 24253 25 24774 23 25295 22 25816 20 26337 18 26859 15 27381 11 27906 2
8cdbdda8b3a64c97409c0160bcfb06eb8e876cedc3691aa63ca16dbafae6f948,483 38 1003 38 1523 38 2043 38 2563 38 3083 38 3603 38 4123 38 4644 37 5164 37 5684 37 6204 36 6725 35 7245 34 7766 32 8286 31 8807 29 9328 27 9848 26 10369 23 10892 18 11413 16 11934 11
8cdbdda8b3a64c97409c0160bcfb06eb8e876cedc3691aa63ca16dbafae6f948,180006 3 180525 5 181044 6 181564 6 182083 7 182603 7 183123 7 183644 6 184165 4
8cdbdda8b3a64c97409c0160bcfb06eb8e876cedc3691aa63ca16dbafae6f948,52710 6 53228 13 53747 16 54266 19 54785 21 55305 23 55824 25 56344 25 56864 26 57384 26 57904 27 58425 26 58945 26 59465 27 59985 27 60506 26 61026 26 61546 26 62067 25 62588 23 63108 23 63629 21 64150 20 64671 19 65192 17 65713 15 66236 11 66759 3
8cdbdda8b3a64c97409c0160bcfb06eb8e876cedc3691aa63ca16dbafae6f948,137642 4 138158 10 138676 14 139195 17 139713 21 140232 23 140751 25 141270 27 141790 27 142310 28 142830 29 143350 29 143869 31 144389 32 144909 32 145429 32 145949 33 146469 33 146989 33 147510 32 148031 31 148551 31 149072 30 149592 30 150113 28 150633 28 151154 27 151675 25 152196 23 152717 22 153239 19 153760 17 154282 14 154804 9 155327 5
8cdbdda8b3a64c97409c0160bcfb06eb8e876cedc3691aa63ca16dbafae6f948,358801 2 359321 3 359841 4 360361 10 360881 15 361401 17
8cdbdda8b3a64c97409c0160bcfb06eb8e876cedc3691aa63ca16dbafae6f948,121747 7 122265 11 122782 16 123300 19 123818 22 124337 23 124856 25 125375 26 125894 27 126413 28 126932 30 127451 31 127970 33 128489 34 129008 35 129528 35 130047 36 130567 35 131086 36 131606 36 132125 37 132645 37 133165 37 133685 36 134204 37 134724 36 135244 36 135765 34 136285 33 136805 33 137325 33 137845 33 138366 31 138886 30 139406 30 139927 29 140447 29 140968 27 141489 23 142009 21 142530 19 143051 16 143573 12 144095 8
8cdbdda8b3a64c97409c0160bcfb06eb8e876cedc3691aa63ca16dbafae6f948,363 41 882 42 1402 42 1922 42 2442 43 2962 43 3481 44 4001 44 4520 45 5040 45 5560 45 6081 44 6601 44 7122 43 7642 43 8162 42 8682 42 9203 41 9723 41 10244 39 10765 37 11286 36 11808 33 12329 31 12850 29 13376 22 13898 18 14419 14 14944 4
8cdbdda8b3a64c97409c0160bcfb06eb8e876cedc3691aa63ca16dbafae6f948,276600 5 277119 9 277639 12 278158 14 278678 15 279198 15 279718 15 280237 17 280757 17 281277 17 281797 17 282317 18 282837 18 283357 18 283877 18 284397 18 284917 18 285437 18 285957 18 286477 18 286997 18 287517 18 288037 18 288558 17 289079 17 289599 17 290120 17 290643 14 291165 9 291686 7 292208 4 292730 2
8cdbdda8b3a64c97409c0160bcfb06eb8e876cedc3691aa63ca16dbafae6f948,89543 2 90058 11 90577 14 91096 19 91615 21 92134 24 92654 25 93173 27 93693 28 94212 30 94732 31 95252 31 95772 32 96292 32 96813 31 97333 31 97853 32 98373 32 98893 32 99414 32 99934 32 100455 31 100975 30 101496 29 102017 28 102538 27 103060 24 103581 22 104102 20 104624 17 105145 14 105667 10
8cdbdda8b3a64c97409c0160bcfb06eb8e876cedc3691aa63ca16dbafae6f948,81307 10 81825 14 82344 17 82863 19 83382 21 83901 23 84421 24 84941 25 85460 26 85980 27 86500 28 87020 29 87540 29 88060 29 88580 30 89101 29 89621 29 90142 28 90662 28 91183 26 91704 25 92225 24 92746 23 93267 21 93788 20 94311 16 94832 14 95355 9
8cdbdda8b3a64c97409c0160bcfb06eb8e876cedc3691aa63ca16dbafae6f948,259053 11 259572 16 260092 18 260611 20 261131 20 261650 21 262170 22 262690 22 263210 22 263730 22 264250 22 264770 22 265291 21 265812 20 266332 20 266853 19 267373 19 267894 18 268415 17 268936 16 269456 16 269976 16 270497 15 271018 14 271539 12 272059 12 272580 11 273100 11 273621 9 274142 8 274664 5
8cdbdda8b3a64c97409c0160bcfb06eb8e876cedc3691aa63ca16dbafae6f948,72843 6 73362 10 73881 13 74401 14 74921 15 75440 17 75958 19 76478 20 76998 20 77518 21 78038 21 78558 21 79079 20 79599 21 80119 21 80639 21 81159 21 81680 20 82201 19 82722 18 83243 17 83764 16 84285 15 84808 12 85329 11 85850 10 86371 8
8cdbdda8b3a64c97409c0160bcfb06eb8e876cedc3691aa63ca16dbafae6f948,174064 6 174577 15 175096 17 175616 19 176136 20 176656 22 177176 23 177696 24 178215 26 178735 26 179255 27 179775 28 180295 28 180815 29 181335 29 181855 30 182375 30 182895 30 183416 29 183936 29 184457 28 184977 28 185497 29 186018 28 186539 26 187060 25 187581 24 188102 23 188623 21 189145 18 189666 16 190189 12 190712 5
8cdbdda8b3a64c97409c0160bcfb06eb8e876cedc3691aa63ca16dbafae6f948,309037 14 309555 18 310074 20 310593 24 311113 26 311632 28 312152 29 312671 31 313191 32 313711 32 314231 32 314751 33 315272 32 315792 32 316312 32 316833 31 317354 30 317875 29 318395 29 318916 27 319438 17 319960 12
8cdbdda8b3a64c97409c0160bcfb06eb8e876cedc3691aa63ca16dbafae6f948,221903 2 222422 6 222940 9 223459 12 223978 14 224497 18 225017 19 225537 20 226057 21 226576 22 227096 22 227617 20 228137 20 228658 19 229178 19 229698 19 230219 18 230739 18 231259 18 231779 18 232300 17 232820 16 233341 15 233861 15 234382 13 234903 12 235423 11 235944 10 236464 9 236985 7 237508 3
8cdbdda8b3a64c97409c0160bcfb06eb8e876cedc3691aa63ca16dbafae6f948,298221 5 298739 9 299257 13 299776 15 300296 17 300816 18 301336 19 301855 20 302375 20 302895 21 303415 21 303935 21 304455 21 304975 21 305495 22 306015 23 306536 22 307056 22 307576 22 308096 22 308616 22 309136 22 309657 21 310177 21 310698 20 311219 19 311740 18 312260 18 312780 18 313301 17 313821 17 314341 17 314862 15 315384 13 315906 10 316429 6
8cdbdda8b3a64c97409c0160bcfb06eb8e876cedc3691aa63ca16dbafae6f948,310897 5 311414 11 311932 15 312451 17 312970 19 313490 19 314009 21 314529 21 315049 21 315568 23 316088 23 316607 24 317127 24 317647 24 318167 24 318687 24 319207 24 319727 24 320247 24 320767 24 321288 23 321808 23 322329 22 322849 22 323369 21 323890 20 324410 20 324931 19 325452 17 325973 15 326494 13 327015 11 327537 8
8cdbdda8b3a64c97409c0160bcfb06eb8e876cedc3691aa63ca16dbafae6f948,275081 2 275601 4 276121 5 276641 6 277161 7 277681 8 278201 9 278721 9 279241 10 279761 10 280281 10 280801 10 281321 10 281841 9 282361 9 282881 8 283401 8 283921 7 284441 6 284961 5 285481 4 286001 3
8cdbdda8b3a64c97409c0160bcfb06eb8e876cedc3691aa63ca16dbafae6f948,100188 12 100707 14 101226 16 101745 18 102264 20 102783 22 103303 23 103823 25 104343 27 104863 29 105383 33 105903 35 106423 37 106944 37 107464 38 107985 37 108506 36 109027 35 109549 33 110070 32 110592 29 111117 5 111127 12 111653 3
8cdbdda8b3a64c97409c0160bcfb06eb8e876cedc3691aa63ca16dbafae6f948,112043 6 112561 11 113080 13 113599 15 114118 17 114638 18 115157 20 115677 21 116196 23 116716 24 117236 24 117756 24 118275 25 118795 26 119315 26 119835 26 120355 26 120876 25 121396 25 121916 25 122437 24 122957 24 123478 23 123998 22 124518 22 125039 21 125560 19 126081 17 126602 15 127123 13 127644 11 128167 5
8cdbdda8b3a64c97409c0160bcfb06eb8e876cedc3691aa63ca16dbafae6f948,316682 2 317201 7 317721 8 318241 9 318761 11 319281 12 319801 13 320321 14 320841 14 321361 15 321881 16 322401 16 322921 16 323441 17 323961 17 324481 17 325001 17 325521 18 326041 18 326561 18 327081 18 327601 18 328121 18 328641 18 329161 17 329681 17 330201 17 330721 17 331241 16 331761 16 332281 15 332801 14 333321 14 333841 13 334361 12 334881 11 335404 4
8cdbdda8b3a64c97409c0160bcfb06eb8e876cedc3691aa63ca16dbafae6f948,250547 2 251064 8 251582 11 252100 14 252619 16 253138 17 253657 19 254176 20 254696 20 255215 21 255735 22 256254 23 256773 23 257293 23 257812 24 258332 24 258851 25 259371 25 259891 25 260411 24 260931 23 261451 23 261971 23 262491 23 263011 22 263531 21 264051 21 264571 20 265091 20 265612 19 266132 18 266653 15 267174 13 267696 9 268219 2
8cdbdda8b3a64c97409c0160bcfb06eb8e876cedc3691aa63ca16dbafae6f948,131687 11 132202 17 132720 20 133238 23 133757 24 134276 26 134795 27 135313 29 135832 31 136351 32 136871 31 137390 32 137909 33 138429 32 138948 33 139468 32 139988 31 140508 30 141028 28 141548 27 142068 26 142589 24 143109 22 143630 18 144151 15 144672 13 145194 7
8cdbdda8b3a64c97409c0160bcfb06eb8e876cedc3691aa63ca16dbafae6f948,89374 3 89892 10 90410 16 90929 19 91448 21 91967 23 92486 25 93006 26 93526 27 94046 28 94565 29 95085 29 95604 30 96125 29 96647 27 97170 24 97691 23 98212 22 98733 21 99254 20 99775 19 100296 18 100817 17 101337 17 101857 17 102380 13 102901 11 103422 10 103946 5
8cdbdda8b3a64c97409c0160bcfb06eb8e876cedc3691aa63ca16dbafae6f948,350717 10 351234 14 351752 16 352270 19 352789 21 353308 22 353827 23 354346 24 354865 25 355384 25 355904 25 356423 26 356943 25 357463 24 357982 24 358502 23 359023 20 359543 19 360064 16 360585 13 361106 9
8cdbdda8b3a64c97409c0160bcfb06eb8e876cedc3691aa63ca16dbafae6f948,272802 2 273317 8 273834 13 274353 15 274872 16 275391 18 275910 19 276429 20 276949 20 277468 20 277988 20 278507 21 279026 21 279546 21 280066 20 280586 20 281105 20 281625 20 282145 19 282665 19 283185 18 283705 18 284225 17 284746 16 285266 15 285787 13 286307 12 286828 10 287349 7
8cdbdda8b3a64c97409c0160bcfb06eb8e876cedc3691aa63ca16dbafae6f948,15623 2 16140 9 16658 12 17176 16 17695 18 18214 19 18733 20 19252 22 19772 23 20291 24 20811 24 21330 25 21849 26 22369 26 22889 26 23409 26 23928 27 24448 27 24968 27 25488 26 26008 26 26528 26 27048 26 27568 25 28088 25 28608 25 29128 24 29648 23 30169 22 30689 21 31209 20 31730 18 32250 17 32771 15 33292 12 33813 9 34334 6
8cdbdda8b3a64c97409c0160bcfb06eb8e876cedc3691aa63ca16dbafae6f948,74361 2 74881 3 75401 4 75921 4 76441 5 76961 5 77481 5 78001 5 78521 6 79041 6 79561 6 80081 6 80601 5 81121 5 81641 5 82161 4 82681 4 83201 3 83721 2
8cdbdda8b3a64c97409c0160bcfb06eb8e876cedc3691aa63ca16dbafae6f948,264874 4 265391 10 265909 14 266428 16 266947 18 267466 20 267985 22 268505 23 269024 25 269543 27 270063 28 270582 29 271102 30 271622 30 272141 32 272661 32 273180 34 273700 34 274220 34 274740 34 275260 35 275780 35 276300 35 276820 35 277340 35 277860 35 278380 35 278901 34 279422 32 279942 32 280462 32 280983 31 281504 29 282024 29 282545 28 283066 26 283587 24 284108 22 284629 20 285151 16 285673 12 286198 6
8cdbdda8b3a64c97409c0160bcfb06eb8e876cedc3691aa63ca16dbafae6f948,175754 4 176272 9 176791 10 177310 11 177829 12 178348 13 178868 13 179387 14 179907 14 180427 14 180947 14 181466 15 181986 15 182506 15 183026 15 183546 15 184066 15 184586 15 185106 15 185626 15 186146 15 186666 15 187186 15 187706 15 188226 15 188746 15 189267 14 189787 14 190307 14 190827 14 191348 13 191869 12 192389 12 192910 11 193431 10 193952 9 194473 8
8cdbdda8b3a64c97409c0160bcfb06eb8e876cedc3691aa63ca16dbafae6f948,199010 6 199529 10 200048 13 200567 15 201087 16 201607 17 202127 18 202647 19 203167 21 203688 21 204209 21 204729 22 205250 22 205771 21 206292 21 206813 21 207333 21 207854 21 208375 21 208895 21 209416 21 209936 21 210457 20 210978 19 211499 18 212020 17 212542 14 213064 11 213586 7
8cdbdda8b3a64c97409c0160bcfb06eb8e876cedc3691aa63ca16dbafae6f948,209 12 729 12 1249 12 1769 11 2289 11 2810 10 3331 8
8cdbdda8b3a64c97409c0160bcfb06eb8e876cedc3691aa63ca16dbafae6f948,4312 15 4831 20 5350 22 5870 23 6390 25 6910 26 7430 27 7950 28 8470 29 8991 29 9511 30 10032 29 10553 28 11073 29 11594 28 12115 27 12636 27 13158 25 13679 24 14200 23 14725 18 15249 14 15770 13 16296 6
8cdbdda8b3a64c97409c0160bcfb06eb8e876cedc3691aa63ca16dbafae6f948,220766 4 221285 9 221803 13 222322 15 222841 17 223361 18 223881 19 224401 19 224921 20 225441 21 225961 22 226481 22 227002 22 227522 23 228043 22 228563 22 229084 22 229605 21 230125 21 230646 21 231167 20 231687 20 232208 19 232729 18 233250 17 233770 17 234291 16 234812 15 235333 14 235854 12 236375 10 236897 7
8cdbdda8b3a64c97409c0160bcfb06eb8e876cedc3691aa63ca16dbafae6f948,144989 4 145506 10 146025 13 146544 15 147063 17 147582 19 148102 19 148622 20 149141 22 149661 23 150180 24 150700 24 151220 24 151740 25 152259 26 152779 26 153299 26 153819 27 154339 27 154859 27 155379 26 155900 25 156420 25 156940 25 157460 25 157980 25 158500 25 159020 25 159541 23 160061 23 160582 22 161102 21 161623 20 162143 20 162664 18 163185 16 163706 14 164227 12 164748 10 165270 7
8cdbdda8b3a64c97409c0160bcfb06eb8e876cedc3691aa63ca16dbafae6f948,33734 19 34252 25 34771 27 35290 29 35809 32 36329 33 36848 34 37368 34 37888 34 38408 34 38928 34 39448 34 39969 33 40489 32 41010 31 41531 30 42054 7 42067 14 42591 9
8cdbdda8b3a64c97409c0160bcfb06eb8e876cedc3691aa63ca16dbafae6f948,1 17 521 17 1041 16 1561 16 2081 16 2601 16 3121 16 3641 15 4161 15 4681 15 5201 14 5721 14 6241 13 6761 13 7281 12 7801 11 8321 11 8841 10 9361 8
8cdbdda8b3a64c97409c0160bcfb06eb8e876cedc3691aa63ca16dbafae6f948,321207 7 321722 15 322240 20 322758 23 323276 26 323795 28 324314 30 324833 31 325353 32 325872 33 326391 34 326911 34 327431 35 327951 35 328471 35 328991 35 329511 34 330031 34 330552 33 331072 32 331593 30 332114 29 332635 27 333157 24 333679 19 334202 14 334725 7
8cdbdda8b3a64c97409c0160bcfb06eb8e876cedc3691aa63ca16dbafae6f948,248507 2 249026 4 249545 6 250064 7 250581 10 251099 12 251618 14 252137 16 252656 17 253175 19 253695 19 254214 20 254734 21 255254 21 255773 22 256293 22 256812 23 257332 23 257852 23 258371 24 258891 24 259411 24 259931 23 260451 23 260971 23 261491 23 262011 22 262531 22 263051 21 263572 20 264092 19 264612 18 265133 16 265653 15 266174 14 266695 12 267216 9
8cdbdda8b3a64c97409c0160bcfb06eb8e876cedc3691aa63ca16dbafae6f948,152 9 672 9 1193 8 1714 6
8cdbdda8b3a64c97409c0160bcfb06eb8e876cedc3691aa63ca16dbafae6f948,241835 8 242354 10 242873 12 243393 13 243913 14 244433 14 244954 13 245475 13 245995 13 246515 14 247035 14 247555 15 248075 15 248595 15 249115 15 249635 15 250154 16 250674 16 251193 17 251713 17 252233 16 252753 16 253273 16 253793 15 254313 14 254834 13 255355 11 255876 6
8cdbdda8b3a64c97409c0160bcfb06eb8e876cedc3691aa63ca16dbafae6f948,61909 10 62428 13 62947 15 63467 15 63987 16 64507 17 65027 18 65547 19 66067 20 66587 20 67107 20 67627 21 68147 21 68667 21 69187 21 69707 21 70227 21 70747 21 71267 21 71788 20 72308 20 72829 14 73349 13 73869 12 74390 11 74911 10 75432 8
8cdbdda8b3a64c97409c0160bcfb06eb8e876cedc3691aa63ca16dbafae6f948,83200 1 83718 3 84235 6 84754 7 85272 9 85791 10 86310 11 86830 11 87350 11 87870 11 88390 11 88910 11 89430 11 89950 11 90470 11 90991 10 91512 9 92033 8 92554 7 93075 6 93597 4
8cdbdda8b3a64c97409c0160bcfb06eb8e876cedc3691aa63ca16dbafae6f948,286776 9 287294 14 287813 16 288332 18 288852 19 289372 20 289892 21 290412 23 290932 24 291452 24 291973 24 292493 25 293013 26 293534 26 294054 26 294575 25 295096 24 295617 23 296138 22 296659 21 297180 20 297701 19 298226 14 298748 11 299270 9 299791 7 300313 4 300834 2
8cdbdda8b3a64c97409c0160bcfb06eb8e876cedc3691aa63ca16dbafae6f948,245 21 765 21 1286 20 1807 18 2329 14 2850 12 3372 6
8cdbdda8b3a64c97409c0160bcfb06eb8e876cedc3691aa63ca16dbafae6f948,96112 13 96631 16 97151 19 97670 21 98190 22 98710 23 99230 24 99750 25 100270 26 100791 26 101311 26 101832 25 102352 26 102873 25 103393 26 103914 25 104434 25 104954 25 105474 25 105994 25 106514 25 107034 24 107554 24 108074 24 108594 23 109114 23 109634 23 110154 22 110675 19 111196 16 111717 13 112239 10
8cdbdda8b3a64c97409c0160bcfb06eb8e876cedc3691aa63ca16dbafae6f948,140096 6 140615 8 141134 10 141653 13 142172 15 142692 16 143211 17 143731 17 144250 19 144770 19 145290 19 145809 20 146328 21 146847 21 147367 21 147886 22 148405 23 148925 22 149445 22 149965 21 150485 21 151005 20 151525 20 152046 18 152566 17 153087 15 153608 12 154129 9 154651 5
8cdbdda8b3a64c97409c0160bcfb06eb8e876cedc3691aa63ca16dbafae6f948,150602 6 151121 9 151640 11 152159 14 152678 16 153197 18 153717 19 154236 20 154756 21 155276 22 155796 23 156316 24 156836 24 157356 24 157875 26 158395 26 158915 26 159435 27 159955 27 160475 28 160996 27 161516 28 162036 28 162557 26 163077 26 163598 26 164118 26 164638 26 165158 26 165679 25 166199 25 166720 24 167241 23 167761 22 168282 21 168803 19 169324 17 169844 17 170365 15 170887 12 171408 9 171931 5
8cdbdda8b3a64c97409c0160bcfb06eb8e876cedc3691aa63ca16dbafae6f948,171217 3 171734 9 172252 12 172771 14 173290 15 173809 16 174328 18 174847 19 175366 21 175885 22 176404 23 176924 23 177443 24 177963 24 178482 25 179002 25 179522 25 180041 25 180561 25 181081 25 181601 24 182121 24 182641 23 183161 22 183681 22 184201 21 184721 21 185242 19 185762 18 186283 16 186804 14 187325 11 187849 4
8cdbdda8b3a64c97409c0160bcfb06eb8e876cedc3691aa63ca16dbafae6f948,43439 2 43957 8 44475 13 44994 16 45513 18 46032 20 46551 22 47071 23 47591 24 48110 25 48630 25 49149 27 49669 27 50189 27 50709 28 51229 28 51749 28 52270 27 52790 27 53310 27 53830 27 54351 26 54871 25 55391 25 55911 25 56432 24 56952 23 57472 23 57992 22 58513 21 59034 20 59554 19 60075 17 60597 14 61118 12 61639 10 62162 5
8cdbdda8b3a64c97409c0160bcfb06eb8e876cedc3691aa63ca16dbafae6f948,214580 5 215099 7 215617 11 216136 13 216655 15 217175 16 217694 19 218213 21 218733 22 219253 22 219772 24 220292 25 220812 26 221332 26 221852 26 222372 27 222892 27 223412 27 223932 27 224452 27 224972 27 225492 28 226013 27 226533 27 227053 27 227574 25 228094 25 228614 25 229135 24 229655 24 230176 22 230696 22 231217 21 231738 19 232259 17 232779 17 233299 16 233820 14 234341 12 234862 10 235385 6 235907 3
8cdbdda8b3a64c97409c0160bcfb06eb8e876cedc3691aa63ca16dbafae6f948,41837 4 42356 6 42874 10 43393 12 43912 14 44432 14 44952 15 45472 16 45992 17 46512 17 47032 18 47551 20 48071 20 48591 20 49111 21 49632 20 50152 21 50672 21 51192 21 51713 20 52233 21 52753 21 53273 21 53793 21 54313 22 54834 21 55355 20 55875 20 56395 20 56916 19 57436 19 57957 18 58478 16 58998 16 59519 14 60039 14 60560 13 61081 11 61603 8 62125 4
8cdbdda8b3a64c97409c0160bcfb06eb8e876cedc3691aa63ca16dbafae6f948,317785 7 318304 12 318823 14 319342 16 319862 17 320382 18 320901 19 321421 20 321941 20 322460 22 322980 22 323500 22 324020 22 324540 22 325060 22 325580 22 326100 22 326620 22 327140 21 327660 20 328181 19 328701 18 329221 17 329742 15 330263 13 330784 10 331306 7
8cdbdda8b3a64c97409c0160bcfb06eb8e876cedc3691aa63ca16dbafae6f948,216055 9 216574 12 217093 14 217613 15 218133 15 218652 17 219172 18 219692 19 220212 20 220732 21 221252 21 221772 22 222292 22 222812 23 223332 24 223852 24 224372 25 224892 25 225413 24 225933 25 226453 25 226974 24 227494 23 228015 22 228535 22 229056 21 229576 21 230097 20 230617 19 231138 18 231659 16 232180 14 232701 12 233223 9 233747 3
8cdbdda8b3a64c97409c0160bcfb06eb8e876cedc3691aa63ca16dbafae6f948,180999 9 181516 13 182035 15 182554 17 183072 20 183591 22 184111 23 184630 25 185150 25 185669 26 186189 26 186709 26 187228 27 187748 28 188268 28 188788 28 189308 28 189828 28 190348 28 190868 28 191388 28 191908 28 192428 28 192949 27 193469 27 193989 26 194509 26 195029 25 195550 24 196071 22 196592 20 197112 19 197633 17 198154 15 198675 13 199197 9 199719 3
8cdbdda8b3a64c97409c0160bcfb06eb8e876cedc3691aa63ca16dbafae6f948,241812 4 242328 10 242847 12 243367 14 243886 16 244406 17 244926 17 245446 18 245966 19 246486 20 247006 20 247526 20 248046 20 248566 21 249087 20 249608 19 250128 19 250648 20 251169 19 251689 19 252210 19 252730 20 253250 20 253771 19 254291 19 254812 18 255332 18 255852 18 256373 17 256894 16 257415 15 257936 14 258457 13 258979 11 259500 9 260023 5
8cdbdda8b3a64c97409c0160bcfb06eb8e876cedc3691aa63ca16dbafae6f948,133837 10 134356 12 134875 14 135394 16 135914 17 136433 19 136952 20 137471 21 137990 23 138509 24 139028 25 139548 25 140067 26 140587 26 141107 26 141627 26 142146 26 142666 26 143186 25 143705 26 144225 25 144745 25 145265 25 145785 24 146305 23 146825 22 147345 22 147865 21 148385 20 148906 18 149427 16 149949 12 150472 7
8cdbdda8b3a64c97409c0160bcfb06eb8e876cedc3691aa63ca16dbafae6f948,255674 3 256192 7 256710 10 257229 12 257747 14 258265 17 258784 19 259303 21 259823 21 260342 23 260862 23 261381 25 261901 25 262420 26 262940 26 263460 27 263980 27 264499 28 265019 28 265539 28 266059 28 266579 28 267099 28 267619 28 268139 28 268660 28 269180 28 269700 27 270220 27 270740 27 271260 26 271781 24 272301 23 272822 22 273343 20 273864 18 274386 14 274910 5
8cdbdda8b3a64c97409c0160bcfb06eb8e876cedc3691aa63ca16dbafae6f948,343678 8 344194 15 344711 19 345229 23 345747 26 346266 28 346784 30 347303 32 347822 34 348342 34 348861 36 349381 36 349900 37 350420 37 350939 38 351459 38 351979 37 352499 37 353020 35 353540 35 354061 33 354581 32 355102 30 355624 26 356145 24 356667 19 357191 13 357715 4
8cdbdda8b3a64c97409c0160bcfb06eb8e876cedc3691aa63ca16dbafae6f948,160119 7 160637 11 161156 13 161675 16 162194 18 162713 19 163233 20 163752 21 164272 22 164791 23 165311 24 165830 26 166350 26 166870 26 167389 27 167909 27 168429 27 168949 27 169469 27 169989 27 170508 28 171028 28 171548 28 172068 28 172589 27 173109 27 173629 27 174149 27 174669 27 175189 26 175709 26 176229 26 176749 26 177270 24 177790 24 178310 23 178831 22 179352 20 179873 18 180393 17 180914 16 181435 14 181957 11 182479 8
8cdbdda8b3a64c97409c0160bcfb06eb8e876cedc3691aa63ca16dbafae6f948,237496 4 238015 7 238534 9 239053 12 239573 16 240092 18 240612 18 241132 19 241652 20 242172 20 242692 21 243212 21 243733 20 244253 20 244773 21 245294 20 245814 20 246334 21 246854 21 247375 20 247895 20 248415 20 248935 20 249456 19 249976 19 250497 18 251017 18 251538 16 252058 16 252579 14 253100 13 253620 13 254141 11 254663 7 255184 4
8cdbdda8b3a64c97409c0160bcfb06eb8e876cedc3691aa63ca16dbafae6f948,107440 2 107957 9 108473 15 108992 18 109512 19 110031 21 110548 25 111067 26 111585 29 112104 31 112623 32 113142 33 113662 33 114181 33 114701 33 115220 34 115740 33 116260 33 116781 32 117302 31 117823 29 118344 27 118866 24 119391 16 119913 11 120438 4
8cdbdda8b3a64c97409c0160bcfb06eb8e876cedc3691aa63ca16dbafae6f948,246573 8 247091 11 247610 13 248129 16 248649 17 249169 18 249689 19 250209 19 250729 20 251249 20 251769 20 252289 20 252809 21 253329 22 253849 23 254369 23 254889 23 255410 22 255931 21 256451 21 256972 20 257492 20 258013 19 258533 19 259064 8 259588 4 260110 1
8cdbdda8b3a64c97409c0160bcfb06eb8e876cedc3691aa63ca16dbafae6f948,360732 5 361251 11 361767 16
8cdbdda8b3a64c97409c0160bcfb06eb8e876cedc3691aa63ca16dbafae6f948,294311 9 294830 11 295349 12 295868 13 296385 16 296905 16 297425 16 297945 16 298465 16 298985 16 299505 16 300024 17 300544 17 301064 17 301584 17 302104 17 302624 17 303144 17 303664 17 304184 17 304704 17 305224 17 305745 16 306265 16 306785 16 307305 16 307825 16 308346 15 308866 15 309387 14 309908 13 310430 11
8cdbdda8b3a64c97409c0160bcfb06eb8e876cedc3691aa63ca16dbafae6f948,225220 6 225737 13 226256 15 226775 17 227292 22 227810 25 228329 26 228848 27 229367 28 229886 30 230405 31 230925 31 231445 31 231966 29 232488 27 233009 26 233531 23 234052 21 234574 14 235096 10
8cdbdda8b3a64c97409c0160bcfb06eb8e876cedc3691aa63ca16dbafae6f948,64382 12 64900 15 65419 17 65938 19 66457 20 66975 23 67494 24 68013 25 68532 27 69051 28 69570 29 70089 30 70609 30 71128 31 71648 30 72167 31 72687 30 73206 31 73726 31 74246 30 74766 30 75286 29 75806 28 76326 27 76846 26 77367 24 77887 23 78407 22 78928 20 79449 18 79970 15 80491 13 81012 10
8cdbdda8b3a64c97409c0160bcfb06eb8e876cedc3691aa63ca16dbafae6f948,63022 8 63541 10 64059 14 64578 16 65097 18 65616 19 66135 20 66654 20 67173 21 67692 22 68212 22 68731 22 69251 21 69770 22 70290 21 70811 19 71331 18 71852 13 72373 10 72894 8
8cdbdda8b3a64c97409c0160bcfb06eb8e876cedc3691aa63ca16dbafae6f948,297309 3 297823 15 298340 20 298857 24 299375 27 299893 29 300412 31 300931 32 301450 34 301969 35 302488 36 303008 36 303527 37 304047 36 304566 37 305086 36 305606 36 306126 36 306646 35 307166 34 307686 32 308206 31 308726 30 309247 28 309768 25 310289 22 310811 19 311332 15 311855 10
8cdbdda8b3a64c97409c0160bcfb06eb8e876cedc3691aa63ca16dbafae6f948,18977 4 19491 12 20005 19 20524 21 21043 22 21562 24 22082 24 22602 24 23122 24 23642 24 24162 24 24682 23 25203 22 25724 20 26245 19 26767 16 27288 14 27810 9
8cdbdda8b3a64c97409c0160bcfb06eb8e876cedc3691aa63ca16dbafae6f948,218038 10 218556 14 219075 17 219594 19 220113 21 220632 23 221151 25 221671 26 222191 27 222710 29 223230 29 223750 30 224270 30 224790 30 225310 31 225830 31 226350 31 226870 31 227391 30 227911 30 228431 30 228952 29 229472 29 229993 28 230513 27 231033 26 231554 25 232075 24 232596 22 233117 20 233638 18 234160 15 234681 13 235204 8
8cdbdda8b3a64c97409c0160bcfb06eb8e876cedc3691aa63ca16dbafae6f948,166 14 686 15 1206 16 1726 16 2246 15 2766 15 3286 15 3806 15 4327 14 4851 9 5372 6 5893 3
8cdbdda8b3a64c97409c0160bcfb06eb8e876cedc3691aa63ca16dbafae6f948,306898 6 307417 8 307936 10 308455 12 308975 13 309494 14 310014 15 310534 15 311054 15 311573 17 312093 17 312613 17 313133 17 313653 17 314173 17 314693 17 315213 17 315733 17 316253 17 316773 17 317293 16 317813 16 318333 15 318853 15 319374 13 319894 13 320414 12 320935 10 321457 7 321979 3
8cdbdda8b3a64c97409c0160bcfb06eb8e876cedc3691aa63ca16dbafae6f948,251951 9 252465 17 252984 19 253502 22 254021 24 254540 26 255060 27 255580 28 256099 29 256619 29 257139 29 257658 30 258178 29 258699 28 259219 27 259740 26 260261 24 260782 22 261304 19 261825 15 262352 5
8cdbdda8b3a64c97409c0160bcfb06eb8e876cedc3691aa63ca16dbafae6f948,166639 3 167153 12 167671 16 168188 20 168707 21 169226 22 169746 23 170265 25 170785 25 171304 26 171823 27 172343 27 172863 27 173383 27 173903 27 174423 26 174943 25 175463 25 175983 24 176503 23 177023 22 177544 19 178065 16 178586 14 179108 8
8cdbdda8b3a64c97409c0160bcfb06eb8e876cedc3691aa63ca16dbafae6f948,45062 6 45579 12 46095 18 46614 21 47133 23 47652 25 48171 26 48690 28 49209 29 49728 31 50247 32 50767 32 51286 33 51806 33 52326 33 52846 33 53366 33 53886 33 54406 32 54927 31 55447 30 55968 28 56489 26 57009 25 57530 23 58051 21 58572 18 59094 14 59621 3
8cdbdda8b3a64c97409c0160bcfb06eb8e876cedc3691aa63ca16dbafae6f948,73810 16 74329 18 74848 20 75367 22 75886 26 76406 27 76926 28 77446 29 77966 30 78486 31 79006 31 79526 31 80046 31 80566 31 81087 30 81609 28 82130 27 82651 26 83174 23 83696 20 84218 12 84740 9
8cdbdda8b3a64c97409c0160bcfb06eb8e876cedc3691aa63ca16dbafae6f948,246621 7 247138 11 247656 14 248175 16 248694 18 249213 20 249733 21 250253 22 250772 24 251292 25 251812 25 252332 25 252852 26 253372 27 253892 27 254412 27 254932 27 255452 27 255972 28 256492 28 257013 27 257533 27 258054 26 258574 26 259094 26 259614 27 260135 26 260655 25 261176 24 261696 23 262217 22 262737 22 263258 21 263778 21 264299 19 264820 18 265341 16 265862 14 266383 12 266905 9 267428 2
8cdbdda8b3a64c97409c0160bcfb06eb8e876cedc3691aa63ca16dbafae6f948,291174 5 291693 8 292212 10 292732 11 293251 12 293770 14 294290 15 294810 15 295329 16 295849 16 296369 16 296889 16 297409 16 297929 16 298449 16 298969 16 299489 16 300009 15 300529 15 301050 14 301570 14 302090 14 302610 14 303130 14 303650 14 304171 13 304692 11 305213 9 305734 8 306255 6
8cdbdda8b3a64c97409c0160bcfb06eb8e876cedc3691aa63ca16dbafae6f948,52673 4 53191 10 53709 14 54228 17 54747 19 55266 21 55785 23 56305 24 56824 25 57344 26 57863 28 58383 28 58903 29 59423 29 59943 29 60463 29 60983 29 61503 29 62023 28 62544 27 63064 27 63584 26 64104 25 64625 23 65145 22 65666 21 66186 20 66707 18 67227 17 67748 13 68269 9 68792 4
8cdbdda8b3a64c97409c0160bcfb06eb8e876cedc3691aa63ca16dbafae6f948,343315 7 343828 17 344346 20 344863 24 345382 26 345901 28 346420 29 346939 30 347458 31 347977 32 348496 33 349016 33 349536 32 350055 33 350574 33 351094 32 351614 31 352134 30 352654 28 353174 27 353695 24 354215 21 354736 17 355258 11 355781 4
8cdbdda8b3a64c97409c0160bcfb06eb8e876cedc3691aa63ca16dbafae6f948,42061 6 42576 15 43095 21 43615 22 44134 29 44653 33 45173 36 45693 37 46212 39 46732 40 47252 41 47772 41 48292 42 48812 42 49332 42 49853 41 50373 41 50894 40 51415 39 51937 36 52459 33 52980 32 53501 30 54029 21 54555 9
