8d05fb18ee0cda107d56735cafa6197a31884e0a5092dc6d41760fb92ae23ab4,591713 4 592736 5 593760 6 594784 6 595808 7 596832 7 597857 7 598883 3
8d05fb18ee0cda107d56735cafa6197a31884e0a5092dc6d41760fb92ae23ab4,684660 5 685684 6 686708 7 687732 7 688755 8 689778 7 690802 7 691826 5
8d05fb18ee0cda107d56735cafa6197a31884e0a5092dc6d41760fb92ae23ab4,179738 3 180760 6 181783 8 182807 9 183831 10 184855 10 185879 10 186903 10
8d05fb18ee0cda107d56735cafa6197a31884e0a5092dc6d41760fb92ae23ab4,456388 5 457411 8 458435 8 459459 8 460483 8 461507 7 462531 6 463555 6
8d05fb18ee0cda107d56735cafa6197a31884e0a5092dc6d41760fb92ae23ab4,917910 8 918934 9 919957 10 920981 11 922005 12 923029 12 924053 12 925077 12 926101 12 927125 12 928149 12 929173 12 930197 12 931221 12 932246 11 933270 11 934295 10 935320 7 936346 5
8d05fb18ee0cda107d56735cafa6197a31884e0a5092dc6d41760fb92ae23ab4,537819 8 538840 13 539863 15 540886 17 541910 19 542933 21 543956 22 544980 23 546004 23 547028 24 548052 25 549076 25 550100 25 551124 25 552149 24 553173 25 554198 24 555223 23 556247 23 557272 21 558298 19 559323 17 560348 16 561373 13 562398 11 563425 7
8d05fb18ee0cda107d56735cafa6197a31884e0a5092dc6d41760fb92ae23ab4,897450 3 898473 4 899497 4 900521 4 901545 4 902569 4 903593 4 904617 3
8d05fb18ee0cda107d56735cafa6197a31884e0a5092dc6d41760fb92ae23ab4,118269 9 119291 13 120314 15 121338 16 122362 17 123386 18 124411 17 125435 17 126459 17 127483 17 128507 17 129531 17 130554 18 131578 18 132602 18 133625 19 134649 19 135673 18 136697 18 137721 17 138745 17 139769 16 140793 15 141820 11 142849 5 143876 1
8d05fb18ee0cda107d56735cafa6197a31884e0a5092dc6d41760fb92ae23ab4,347745 1 348767 5 349790 7 350813 9 351837 10 352860 12 353884 13 354907 15 355931 16 356955 16 357979 16 359002 17 360026 17 361050 17 362074 17 363098 17 364122 17 365146 17 366170 17 367195 16 368219 15 369244 14 370268 13 371292 12 372317 9 373341 7 374367 3
8d05fb18ee0cda107d56735cafa6197a31884e0a5092dc6d41760fb92ae23ab4,724566 5 725589 7 726613 7 727637 7 728661 7 729685 7 730709 6
8d05fb18ee0cda107d56735cafa6197a31884e0a5092dc6d41760fb92ae23ab4,425678 3 426697 9 427716 14 428738 17 429761 18 430784 19 431807 21 432830 22 433855 21 434880 20 435905 19 436930 18 437955 17 438980 16 440005 15 441030 12 442058 7 443087 1
8d05fb18ee0cda107d56735cafa6197a31884e0a5092dc6d41760fb92ae23ab4,759394 7 760416 11 761440 10 762464 9
8d05fb18ee0cda107d56735cafa6197a31884e0a5092dc6d41760fb92ae23ab4,910079 8 911102 12 912125 14 913148 16 914172 17 915196 18 916220 19 917243 21 918267 21 919291 21 920315 21 921339 21 922363 21 923387 21 924411 20 925435 20 926460 18 927484 18 928509 16 929533 16 930558 14 931582 14 932609 8 933635 4
8d05fb18ee0cda107d56735cafa6197a31884e0a5092dc6d41760fb92ae23ab4,818928 4 819949 11 820972 14 821995 16 823019 18 824043 19 825066 21 826090 21 827114 22 828138 22 829162 23 830187 22 831211 23 832235 23 833259 23 834283 24 835308 22 836332 20 837357 18 838382 15 839408 10 840433 6
8d05fb18ee0cda107d56735cafa6197a31884e0a5092dc6d41760fb92ae23ab4,305678 5 306701 7 307724 10 308747 12 309771 13 310794 14 311818 15 312842 16 313866 17 314890 18 315914 19 316938 19 317962 19 318986 19 320010 19 321034 19 322059 18 323083 18 324107 18 325132 17 326156 17 327181 16 328207 14 329232 9
8d05fb18ee0cda107d56735cafa6197a31884e0a5092dc6d41760fb92ae23ab4,197107 5 198129 9 199151 13 200173 17 201196 19 202220 19 203244 20 204268 21 205291 23 206315 23 207339 23 208363 23 209387 23 210410 25 211434 25 212459 24 213483 24 214508 22 215533 21 216557 21 217582 19 218607 18 219632 17 220657 15 221682 12 222708 9 223735 4
8d05fb18ee0cda107d56735cafa6197a31884e0a5092dc6d41760fb92ae23ab4,747518 3 748540 5 749562 7 750585 8 751609 8 752632 9 753655 10 754678 11 755702 11 756725 12 757749 12 758773 12 759797 12 760822 11 761846 11 762870 11 763894 11 764918 11 765942 11 766967 10 767991 10 769018 7 770042 7 771068 5 772094 3
8d05fb18ee0cda107d56735cafa6197a31884e0a5092dc6d41760fb92ae23ab4,825966 8 826987 14 828009 17 829032 19 830056 20 831081 20 832105 20 833130 19 834154 19 835179 18 836203 17 837228 16 838253 15 839278 13 840304 10 841330 7 842355 4
8d05fb18ee0cda107d56735cafa6197a31884e0a5092dc6d41760fb92ae23ab4,789849 4 790871 7 791894 8 792917 9 793941 9 794964 10 795987 12 797011 14 798035 16 799058 18 800082 18 801106 18 802130 19 803154 19 804177 21 805201 22 806225 22 807249 22 808274 21 809298 21 810322 21 811346 21 812371 20 813395 20 814420 18 815444 18 816469 16 817494 14 818520 11 819545 10
8d05fb18ee0cda107d56735cafa6197a31884e0a5092dc6d41760fb92ae23ab4,798446 5 799468 8 800492 8 801516 8 802542 6
8d05fb18ee0cda107d56735cafa6197a31884e0a5092dc6d41760fb92ae23ab4,864772 6 865794 12 866817 15 867840 19 868863 22 869887 23 870911 24 871935 25 872960 25 873984 26 875008 26 876033 26 877057 26 878081 26 879106 25 880130 24 881155 23 882179 23 883203 23 884229 21 885256 17 886284 13
8d05fb18ee0cda107d56735cafa6197a31884e0a5092dc6d41760fb92ae23ab4,394456 12 395479 15 396501 18 397524 21 398548 22 399571 24 400594 25 401618 25 402642 26 403666 26 404690 26 405714 27 406738 27 407762 27 408786 26 409809 27 410834 26 411858 26 412883 25 413907 24 414932 22 415957 21 416982 19 418008 16 419034 13 420060 9
8d05fb18ee0cda107d56735cafa6197a31884e0a5092dc6d41760fb92ae23ab4,938407 5 939429 8 940450 12 941473 14 942497 14 943520 16 944544 16 945567 17 946590 19 947614 19 948637 20 949661 20 950684 21 951708 21 952731 22 953755 21 954778 22 955802 22 956826 21 957850 21 958874 20 959898 19 960922 17 961947 15 962971 14 963995 11 965020 8
8d05fb18ee0cda107d56735cafa6197a31884e0a5092dc6d41760fb92ae23ab4,863579 6 864603 6 865627 6 866651 7 867675 7 868700 6 869724 5
8d05fb18ee0cda107d56735cafa6197a31884e0a5092dc6d41760fb92ae23ab4,11932 5 12955 9 13978 12 15002 14 16025 16 17048 18 18072 19 19095 21 20119 22 21143 22 22167 21 23192 20 24216 20 25241 18 26268 15 27292 15 28316 15 29340 15 30365 14 31390 13 32415 12 33440 10 34465 9 35490 8
8d05fb18ee0cda107d56735cafa6197a31884e0a5092dc6d41760fb92ae23ab4,756343 4 756348 5 757367 12 758390 13 759414 13 760438 13 761462 11 762490 5
8d05fb18ee0cda107d56735cafa6197a31884e0a5092dc6d41760fb92ae23ab4,702076 4 703097 12 704119 16 705141 21 706164 23 707187 24 708211 23 709234 24 710258 24 711282 24 712306 23 713330 23 714355 21 715380 18 716406 15 717432 11 718459 6
8d05fb18ee0cda107d56735cafa6197a31884e0a5092dc6d41760fb92ae23ab4,882043 3 883067 3 884091 4 885106 6 885115 4 886130 7 886138 5 887153 14 888177 14 889201 14 890225 13 891249 13 892273 13 893297 12 894322 10 895346 9 896372 7 897396 5
8d05fb18ee0cda107d56735cafa6197a31884e0a5092dc6d41760fb92ae23ab4,706110 3 707133 6 708156 7 709180 8 710204 8 711228 8 712254 6 713278 6 714303 4
8d05fb18ee0cda107d56735cafa6197a31884e0a5092dc6d41760fb92ae23ab4,854319 6 855341 10 856364 12 857387 15 858411 15 859435 16 860458 17 861482 18 862506 18 863530 19 864554 19 865578 19 866602 19 867627 18 868651 18 869676 18 870700 18 871724 19 872749 18 873774 17 874799 16 875824 15 876849 14 877875 11 878900 9 879927 5
8d05fb18ee0cda107d56735cafa6197a31884e0a5092dc6d41760fb92ae23ab4,937339 7 938361 11 939383 14 940407 15 941430 16 942453 18 943477 19 944500 21 945524 21 946548 21 947572 21 948596 21 949620 21 950644 21 951668 21 952693 20 953717 20 954741 20 955765 20 956789 20 957814 19 958839 18 959863 17 960888 16 961913 14 962938 12 963963 10 964989 6
8d05fb18ee0cda107d56735cafa6197a31884e0a5092dc6d41760fb92ae23ab4,193882 19 194904 23 195927 24 196949 26 197972 27 198996 27 200019 28 201043 28 202067 27 203091 26 204115 25 205139 23 206164 21 207189 18 208218 10 209244 6
8d05fb18ee0cda107d56735cafa6197a31884e0a5092dc6d41760fb92ae23ab4,791196 8 792219 12 793242 15 794266 16 795289 18 796313 19 797337 20 798361 21 799385 22 800409 23 801434 22 802458 23 803483 22 804508 22 805533 21 806558 20 807584 18 808609 17 809634 16 810659 15 811684 14 812710 12 813735 11 814768 1
8d05fb18ee0cda107d56735cafa6197a31884e0a5092dc6d41760fb92ae23ab4,732758 4 733780 8 734804 8 735828 8 736852 8 737876 8 738900 8 739924 8 740948 7 741973 5
8d05fb18ee0cda107d56735cafa6197a31884e0a5092dc6d41760fb92ae23ab4,887411 3 888432 9 889455 13 890479 15 891502 16 892526 17 893550 18 894574 18 895598 19 896622 20 897646 20 898670 20 899694 20 900718 20 901742 20 902766 20 903791 19 904815 18 905840 17 906865 15 907891 13 908916 10 909942 6
8d05fb18ee0cda107d56735cafa6197a31884e0a5092dc6d41760fb92ae23ab4,207456 4 208477 10 209499 14 210521 17 211545 18 212568 20 213591 21 214615 21 215639 21 216663 22 217687 22 218711 22 219735 22 220759 22 221783 22 222807 22 223831 22 224856 21 225880 21 226905 21 227930 19 228954 18 229979 17 231004 15 232030 10 233055 6
8d05fb18ee0cda107d56735cafa6197a31884e0a5092dc6d41760fb92ae23ab4,869731 17 870752 22 871774 25 872796 28 873819 29 874843 29 875867 29 876892 28 877916 28 878941 27 879966 26 880991 25 882015 24 883040 21 884065 19 885092 14 886123 6
8d05fb18ee0cda107d56735cafa6197a31884e0a5092dc6d41760fb92ae23ab4,794433 11 795454 16 796477 20 797501 21 798524 22 799548 23 800572 23 801596 24 802619 25 803643 24 804667 24 805691 23 806716 21 807742 17 808767 15
8d05fb18ee0cda107d56735cafa6197a31884e0a5092dc6d41760fb92ae23ab4,162093 13 163114 18 164136 22 165159 24 166182 26 167205 28 168228 29 169252 29 170276 29 171299 29 172323 28 173347 27 174371 26 175397 23 176423 19 177449 14 178475 6
8d05fb18ee0cda107d56735cafa6197a31884e0a5092dc6d41760fb92ae23ab4,279150 6 280173 8 281195 11 282218 12 283242 12 284266 12 285290 12 286315 10
8d05fb18ee0cda107d56735cafa6197a31884e0a5092dc6d41760fb92ae23ab4,1030687 9 1031709 13 1032731 16 1033755 17 1034779 17 1035802 19 1036826 19 1037850 21 1038874 21 1039898 21 1040923 20 1041947 20 1042971 20 1043995 20 1045020 19 1046044 18 1047069 17 1048093 16
8d05fb18ee0cda107d56735cafa6197a31884e0a5092dc6d41760fb92ae23ab4,101628 3 102651 6 103674 7 104697 9 105721 10 106745 10 107769 11 108793 12 109817 12 110841 12 111865 13 112890 12 113914 12 114938 12 115963 9 116987 8 118013 5 119040 1
8d05fb18ee0cda107d56735cafa6197a31884e0a5092dc6d41760fb92ae23ab4,283223 7 284244 11 285265 14 286287 16 287310 17 288333 18 289356 20 290379 21 291403 21 292427 21 293451 22 294475 22 295498 23 296522 23 297546 23 298570 23 299595 21 300619 20 301644 18 302669 16 303694 12 304719 9 305745 4
8d05fb18ee0cda107d56735cafa6197a31884e0a5092dc6d41760fb92ae23ab4,565285 3 566308 5 567332 6 568356 7 569380 7 570405 7 571429 7 572454 6 573478 6 574503 5 575528 3
8d05fb18ee0cda107d56735cafa6197a31884e0a5092dc6d41760fb92ae23ab4,621128 5 622151 7 623174 8 624198 8 625222 8 626246 8 627270 8 628295 5
8d05fb18ee0cda107d56735cafa6197a31884e0a5092dc6d41760fb92ae23ab4,570985 4 572006 11 573029 13 574052 15 575075 17 576099 17 577122 19 578146 19 579169 21 580193 21 581216 23 582240 23 583264 23 584288 23 585312 24 586336 24 587361 23 588385 23 589410 22 590434 21 591459 20 592483 20 593508 18 594532 18 595557 16 596581 14 597606 12 598631 9 599656 7
8d05fb18ee0cda107d56735cafa6197a31884e0a5092dc6d41760fb92ae23ab4,289273 3 290294 8 291316 10 292338 12 293361 14 294384 15 295408 15 296431 16 297454 17 298478 16 299501 17 300525 17 301548 18 302572 17 303595 18 304619 17 305643 17 306667 16 307690 16 308714 16 309738 15 310763 13 311787 13 312812 10 313838 6
8d05fb18ee0cda107d56735cafa6197a31884e0a5092dc6d41760fb92ae23ab4,806850 5 807872 10 808895 11 809918 12 810941 14 811965 14 812988 15 814012 15 815036 15 816060 15 817084 14 818109 12 819133 12 820158 10 821182 9 822208 5
8d05fb18ee0cda107d56735cafa6197a31884e0a5092dc6d41760fb92ae23ab4,184604 5 185627 8 186650 12 187672 18 188695 20 189718 21 190741 23 191765 23 192789 23 193813 23 194837 22 195861 22 196885 22 197910 20 198934 20 199958 19 200983 16 202007 15 203031 12 204056 6 205080 1
8d05fb18ee0cda107d56735cafa6197a31884e0a5092dc6d41760fb92ae23ab4,634493 5 635516 6 636539 7 637562 8 638586 8 639610 8 640634 8 641658 8 642684 5
8d05fb18ee0cda107d56735cafa6197a31884e0a5092dc6d41760fb92ae23ab4,473808 6 474829 11 475851 14 476874 16 477898 17 478922 17 479945 18 480969 18 481993 18 483017 18 484041 18 485065 18 486089 18 487112 18 488136 18 489160 18 490184 17 491208 17 492233 15 493257 14 494282 12 495307 11 496332 4
8d05fb18ee0cda107d56735cafa6197a31884e0a5092dc6d41760fb92ae23ab4,634439 4 635462 6 636485 7 637508 9 638531 11 639554 12 640577 13 641600 14 642624 14 643647 15 644671 15 645694 16 646718 16 647741 16 648765 15 649788 16 650812 15 651835 16 652859 16 653884 15 654908 15 655933 14 656959 10 657985 5
8d05fb18ee0cda107d56735cafa6197a31884e0a5092dc6d41760fb92ae23ab4,472763 8 473787 8 474811 8 475835 8 476860 7 477884 7 478909 6 479934 4
8d05fb18ee0cda107d56735cafa6197a31884e0a5092dc6d41760fb92ae23ab4,964224 5 965245 8 966269 8 967292 9 968316 9 969340 9 970364 9 971388 9 972413 8 973437 7 974461 7 975486 5 976511 3
8d05fb18ee0cda107d56735cafa6197a31884e0a5092dc6d41760fb92ae23ab4,129672 2 130692 7 131715 9 132737 12 133760 14 134783 15 135807 16 136830 17 137853 18 138876 20 139898 22 140921 23 141944 24 142968 24 143992 24 145016 24 146040 24 147064 24 148088 24 149112 23 150137 21 151161 20 152186 18 153211 15 154236 13 155264 8
8d05fb18ee0cda107d56735cafa6197a31884e0a5092dc6d41760fb92ae23ab4,586599 6 587622 7 588646 9 589670 9 590693 11 591717 11 592741 12 593766 11 594790 11 595815 10 596839 10 597864 7 598889 5
8d05fb18ee0cda107d56735cafa6197a31884e0a5092dc6d41760fb92ae23ab4,998845 6 999867 9 1000890 11 1001911 14 1002935 14 1003958 16 1004981 18 1006004 19 1007027 20 1008050 21 1009074 21 1010098 21 1011122 21 1012146 21 1013170 20 1014194 19 1015219 17 1016243 17 1017267 16 1018291 16 1019316 13 1020341 11 1021366 9 1022390 8
8d05fb18ee0cda107d56735cafa6197a31884e0a5092dc6d41760fb92ae23ab4,804728 7 805747 15 806769 18 807792 20 808814 23 809837 25 810860 27 811883 28 812906 29 813929 30 814953 30 815977 30 817001 30 818025 29 819049 29 820073 28 821097 28 822121 28 823145 27 824170 26 825194 25 826219 22 827245 19 828271 15 829298 11 830325 1
8d05fb18ee0cda107d56735cafa6197a31884e0a5092dc6d41760fb92ae23ab4,188214 6 189234 11 190257 12 191280 14 192302 16 193325 18 194349 18 195373 19 196396 21 197420 21 198444 21 199468 21 200491 22 201515 22 202539 22 203563 22 204587 22 205611 22 206635 22 207659 22 208683 22 209707 22 210731 22 211756 21 212780 21 213804 21 214828 21 215853 19 216877 19 217901 19 218926 17 219950 17 220975 15 221999 15 223024 14 224048 13 225073 11 226097 10 227122 8 228146 6 229173 1
8d05fb18ee0cda107d56735cafa6197a31884e0a5092dc6d41760fb92ae23ab4,862614 3 863637 5 864661 6 865685 6 866709 6 867733 6 868758 4
8d05fb18ee0cda107d56735cafa6197a31884e0a5092dc6d41760fb92ae23ab4,869217 14 870240 16 871263 18 872286 20 873310 21 874334 22 875358 23 876382 23 877406 23 878430 23 879454 23 880478 24 881502 24 882526 24 883552 21 884577 20 885602 18 886627 17 887652 15 888677 14 889703 11 890729 8
8d05fb18ee0cda107d56735cafa6197a31884e0a5092dc6d41760fb92ae23ab4,767822 8 768845 14 769868 16 770891 18 771915 19 772938 21 773961 22 774985 23 776010 22 777034 23 778058 23 779083 22 780107 22 781131 22 782156 21 783180 21 784204 22 785229 20 786253 20 787278 19 788302 19 789327 18 790352 17 791379 13 792406 8
8d05fb18ee0cda107d56735cafa6197a31884e0a5092dc6d41760fb92ae23ab4,567328 4 568352 4 569375 5 570398 7 571422 7 572446 8 573470 8 574496 7 575520 7 576546 5 577571 4
8d05fb18ee0cda107d56735cafa6197a31884e0a5092dc6d41760fb92ae23ab4,415460 9 416479 16 417502 19 418524 23 419548 25 420572 26 421596 26 422620 26 423644 26 424669 24 425694 22 426719 20 427745 16 428771 12 429800 5 430826 1
8d05fb18ee0cda107d56735cafa6197a31884e0a5092dc6d41760fb92ae23ab4,787230 10 788251 14 789275 15 790299 15 791322 17 792346 18 793370 19 794394 19 795418 19 796442 19 797466 20 798491 19 799515 19 800540 18 801564 18 802589 17 803613 17 804637 17 805661 17 806685 17 807710 16 808734 16 809759 14 810783 14 811808 12 812833 11 813860 8
8d05fb18ee0cda107d56735cafa6197a31884e0a5092dc6d41760fb92ae23ab4,133130 4 134152 8 135174 11 136197 13 137221 14 138244 16 139268 16 140292 17 141317 16 142341 16 143365 16 144390 15 145414 15 146439 15 147464 14 148488 14 149513 14 150538 13 151563 12 152587 11 153612 10 154637 8 155662 5
8d05fb18ee0cda107d56735cafa6197a31884e0a5092dc6d41760fb92ae23ab4,558110 6 559132 10 560156 10 561180 10 562204 10 563228 10 564252 9 565276 9 566300 7 567325 3
8d05fb18ee0cda107d56735cafa6197a31884e0a5092dc6d41760fb92ae23ab4,453194 8 454217 11 455240 13 456263 15 457287 16 458310 18 459333 19 460357 20 461380 21 462404 21 463428 22 464451 23 465475 23 466499 23 467523 23 468546 24 469570 24 470594 23 471618 23 472643 22 473667 22 474692 21 475716 20 476741 18 477765 17 478790 15 479815 13 480840 11 481865 8 482891 4
8d05fb18ee0cda107d56735cafa6197a31884e0a5092dc6d41760fb92ae23ab4,613651 5 614673 10 615695 13 616718 14 617740 17 618763 19 619787 19 620811 19 621835 20 622859 20 623883 20 624908 20 625932 20 626956 21 627981 20 629005 20 630030 19 631055 18 632080 16 633105 15 634131 12 635157 6
8d05fb18ee0cda107d56735cafa6197a31884e0a5092dc6d41760fb92ae23ab4,693763 4 694784 12 695804 18 696828 20 697851 22 698875 23 699899 24 700923 24 701947 24 702971 24 703995 23 705019 22 706043 22 707067 21 708092 19 709117 17 710142 15 711166 11
8d05fb18ee0cda107d56735cafa6197a31884e0a5092dc6d41760fb92ae23ab4,673412 4 674436 4 675460 5 676484 7 677508 7 678532 7 679556 7 680580 8 681604 8 682628 8 683652 8 684676 7 685701 5
8d05fb18ee0cda107d56735cafa6197a31884e0a5092dc6d41760fb92ae23ab4,161384 1 162405 6 163428 8 164451 10 165474 13 166498 14 167521 16 168545 16 169568 17 170592 17 171615 18 172639 19 173662 20 174686 20 175710 20 176733 21 177757 21 178781 21 179805 21 180829 21 181853 21 182877 21 183901 20 184925 19 185949 18 186973 18 187997 17 189022 15 190046 15 191071 14 192097 11 193123 7 194151 1
8d05fb18ee0cda107d56735cafa6197a31884e0a5092dc6d41760fb92ae23ab4,146695 3 147719 4 148743 4 149767 4 150791 4 151814 5 152838 5 153862 5 154887 4
8d05fb18ee0cda107d56735cafa6197a31884e0a5092dc6d41760fb92ae23ab4,773901 3 774923 8 775947 8 776971 8 777994 8 779018 7 780042 7 781066 5 782090 4
8d05fb18ee0cda107d56735cafa6197a31884e0a5092dc6d41760fb92ae23ab4,625271 4 626292 7 627315 10 628338 12 629361 14 630384 15 631408 15 632432 15 633456 14 634480 13 635505 11 636530 8 637555 6
8d05fb18ee0cda107d56735cafa6197a31884e0a5092dc6d41760fb92ae23ab4,141670 12 142691 15 143712 19 144735 21 145758 22 146781 23 147805 23 148829 23 149852 23 150876 23 151900 22 152924 22 153948 21 154972 20 155996 19 157020 18 158044 16 159068 13 160094 2
8d05fb18ee0cda107d56735cafa6197a31884e0a5092dc6d41760fb92ae23ab4,1006231 8 1007251 14 1008272 18 1009295 20 1010317 23 1011340 25 1012364 25 1013388 26 1014412 26 1015435 27 1016459 28 1017483 28 1018507 28 1019531 28 1020555 28 1021579 28 1022603 27 1023627 27 1024651 27 1025676 26 1026701 24 1027726 21 1028751 19 1029776 16 1030801 12
8d05fb18ee0cda107d56735cafa6197a31884e0a5092dc6d41760fb92ae23ab4,296489 9 297513 12 298536 16 299560 17 300584 18 301608 19 302631 21 303655 21 304679 22 305703 22 306727 22 307751 23 308775 23 309799 22 310823 22 311847 22 312872 21 313897 20 314922 19 315947 17 316972 16 317997 14 319022 11 320048 7 321074 1
8d05fb18ee0cda107d56735cafa6197a31884e0a5092dc6d41760fb92ae23ab4,905637 5 906660 6 907684 7 908708 7 909732 7 910759 4
8d05fb18ee0cda107d56735cafa6197a31884e0a5092dc6d41760fb92ae23ab4,435866 3 436886 9 437909 12 438932 14 439955 16 440978 18 442002 17 443025 18 444049 18 445072 19 446096 19 447120 19 448143 19 449167 18 450191 17 451215 16 452239 15 453264 13 454289 10 455314 8 456339 5
8d05fb18ee0cda107d56735cafa6197a31884e0a5092dc6d41760fb92ae23ab4,920996 8 922018 12 923041 15 924065 15 925089 16 926113 16 927137 16 928161 16 929185 16 930209 15 931233 14 932257 14 933281 13 934306 9
8d05fb18ee0cda107d56735cafa6197a31884e0a5092dc6d41760fb92ae23ab4,734401 2 735423 9 736446 14 737468 17 738491 19 739514 20 740537 21 741560 22 742584 22 743607 23 744631 24 745654 25 746678 25 747701 26 748725 24 749749 23 750773 22 751797 21 752822 19 753847 16 754871 15 755897 12 756922 9 757948 5
8d05fb18ee0cda107d56735cafa6197a31884e0a5092dc6d41760fb92ae23ab4,897444 5 898466 7 899489 8 900513 8 901537 8 902561 8 903586 6
8d05fb18ee0cda107d56735cafa6197a31884e0a5092dc6d41760fb92ae23ab4,144931 7 145954 8 146978 8 148001 8 149024 9 150048 9 151072 8 152097 7
8d05fb18ee0cda107d56735cafa6197a31884e0a5092dc6d41760fb92ae23ab4,279006 5 280030 5 281054 5 282078 5 283103 4
8d05fb18ee0cda107d56735cafa6197a31884e0a5092dc6d41760fb92ae23ab4,847467 5 848488 9 849510 11 850533 13 851556 14 852579 15 853602 16 854626 16 855650 16 856674 16 857698 16 858722 16 859746 16 860770 15 861794 15 862818 14 863842 14 864866 13 865890 12 866914 11 867939 9 868963 8 869989 1
8d05fb18ee0cda107d56735cafa6197a31884e0a5092dc6d41760fb92ae23ab4,691831 3 692852 6 693874 8 694897 9 695921 9 696945 9 697969 9 698993 8 700018 6 701043 4
8d05fb18ee0cda107d56735cafa6197a31884e0a5092dc6d41760fb92ae23ab4,798457 6 799480 7 800504 8 801528 8 802552 8 803576 8 804601 8 805626 7 806652 5 807676 5 808702 3
8d05fb18ee0cda107d56735cafa6197a31884e0a5092dc6d41760fb92ae23ab4,1010094 4 1011117 5 1012139 7 1013163 7 1014186 8 1015210 9 1016234 9 1017257 10 1018281 10 1019304 12 1020328 13 1021351 15 1022375 15 1023399 22 1024423 22 1025448 20 1026472 20 1027496 20 1028520 20 1029544 20 1030569 18 1031595 16 1032620 14 1033645 13 1034670 11 1035696 7
8d05fb18ee0cda107d56735cafa6197a31884e0a5092dc6d41760fb92ae23ab4,383661 7 384682 13 385706 13 386730 13 387754 13 388778 13 389802 11
8d05fb18ee0cda107d56735cafa6197a31884e0a5092dc6d41760fb92ae23ab4,178340 9 179362 13 180385 16 181408 18 182431 20 183454 22 184478 23 185502 23 186526 24 187550 24 188575 24 189599 24 190624 23 191648 23 192673 23 193698 22 194722 22 195748 19 196774 17 197799 15 198824 13 199852 8
8d05fb18ee0cda107d56735cafa6197a31884e0a5092dc6d41760fb92ae23ab4,829659 2 830681 7 831703 9 832727 10 833750 11 834774 12 835797 13 836821 13 837845 14 838869 14 839893 14 840917 14 841942 12 842966 12 843990 12 845015 10 846040 8 847065 6
8d05fb18ee0cda107d56735cafa6197a31884e0a5092dc6d41760fb92ae23ab4,344718 10 345739 14 346761 16 347770 5 347784 18 348793 13 348807 19 349816 35 350839 36 351863 36 352886 37 353909 38 354933 38 355957 38 356982 37 358006 36 359030 35 360055 33 361080 32 362105 30 363130 28 364156 24 365183 20 366209 7
8d05fb18ee0cda107d56735cafa6197a31884e0a5092dc6d41760fb92ae23ab4,748905 3 749926 7 750947 11 751956 6 751971 12 752979 8 752994 13 754003 8 754017 14 755027 28 756051 28 757075 28 758099 28 759123 28 760147 27 761171 26 762196 25 763220 25 764244 24 765269 23 766293 22 767318 21 768342 19 769366 18 770390 17 771415 14 772439 12 773468 5
