8de0b1a2e8f614af29fe5fafeaa5bdf55e6b3e65edf36355f19b707f7649ce2b,17524 7 17780 8 18036 8 18292 8 18548 8 18805 7 19060 8 19316 8 19572 7 19828 7 20084 7 20340 7 20596 7 20853 5 21110 3 21366 3
8de0b1a2e8f614af29fe5fafeaa5bdf55e6b3e65edf36355f19b707f7649ce2b,30873 8 31127 11 31382 13 31638 14 31893 15 32148 16 32404 16 32660 16 32916 15 33173 13 33429 12 33688 5
8de0b1a2e8f614af29fe5fafeaa5bdf55e6b3e65edf36355f19b707f7649ce2b,54230 8 54485 11 54740 13 54995 15 55250 16 55505 17 55760 19 56016 19 56272 19 56528 20 56785 19 57041 19 57297 18 57554 17 57811 15 58069 12 58328 6
8de0b1a2e8f614af29fe5fafeaa5bdf55e6b3e65edf36355f19b707f7649ce2b,31079 1 31329 11 31583 14 31838 17 32094 18 32349 20 32605 21 32861 22 33117 22 33373 23 33629 23 33886 22 34142 22 34399 21 34656 19 34913 18 35170 16 35427 14 35685 10
8de0b1a2e8f614af29fe5fafeaa5bdf55e6b3e65edf36355f19b707f7649ce2b,10328 1 10579 10 10833 15 11088 17 11344 17 11599 19 11855 19 12111 19 12366 20 12623 19 12879 19 13135 19 13391 19 13647 18 13904 17 14160 17 14417 16 14674 15 14931 12 15189 7
8de0b1a2e8f614af29fe5fafeaa5bdf55e6b3e65edf36355f19b707f7649ce2b,21188 4 21443 8 21698 10 21953 11 22208 13 22463 14 22718 15 22973 16 23228 17 23484 17 23740 16 23996 15 24252 15 24509 13 24765 13 25022 11 25280 8 25538 4
8de0b1a2e8f614af29fe5fafeaa5bdf55e6b3e65edf36355f19b707f7649ce2b,25970 8 26225 11 26481 12 26737 13 26993 14 27249 14 27506 13 27762 14 28019 13 28276 12 28532 12 28790 10 29047 7 29305 3
8de0b1a2e8f614af29fe5fafeaa5bdf55e6b3e65edf36355f19b707f7649ce2b,1642 10 1896 13 2151 15 2406 16 2662 17 2918 17 3174 17 3430 18 3686 18 3942 18 4198 18 4454 1 4458 14 4715 13 4972 11 5228 5
8de0b1a2e8f614af29fe5fafeaa5bdf55e6b3e65edf36355f19b707f7649ce2b,61222 3 61226 1 61476 11 61730 14 61985 16 62241 17 62496 19 62752 20 63008 20 63264 21 63520 21 63776 21 64033 20 64289 20 64545 20 64802 18 65058 17 65315 15
8de0b1a2e8f614af29fe5fafeaa5bdf55e6b3e65edf36355f19b707f7649ce2b,5484 8 5739 10 5994 12 6250 13 6506 13 6762 13 7018 13 7275 12 7534 9 7791 8 8051 3
8de0b1a2e8f614af29fe5fafeaa5bdf55e6b3e65edf36355f19b707f7649ce2b,4451 3 4455 3 4706 9 4962 10 5218 10 5474 10 5730 9 5986 8 6242 8 6498 8 6755 7 7013 5
