8e8a7a14749d0b2e48de3d10e2e80063f17b165ad921c8afc0623f08500f3259,59780 2 60034 6 60290 6 60545 8 60800 8 61056 8 61311 9 61567 8 61823 7 62080 6 62337 3
8e8a7a14749d0b2e48de3d10e2e80063f17b165ad921c8afc0623f08500f3259,9533 5 9788 7 10043 8 10299 9 10555 9 10811 9 11067 9 11324 6 11582 3
8e8a7a14749d0b2e48de3d10e2e80063f17b165ad921c8afc0623f08500f3259,8718 3 8972 7 9228 8 9483 10 9739 11 9995 11 10252 10 10508 9 10765 8 11022 6
8e8a7a14749d0b2e48de3d10e2e80063f17b165ad921c8afc0623f08500f3259,21774 5 22029 11 22284 13 22539 15 22795 15 23051 17 23307 18 23562 19 23819 19 24075 20 24332 19 24588 19 24845 18 25102 17 25359 16 25616 15 25874 11 26132 8
8e8a7a14749d0b2e48de3d10e2e80063f17b165ad921c8afc0623f08500f3259,5754 4 6008 8 6263 10 6519 11 6774 13 7030 13 7286 14 7542 14 7798 14 8054 15 8310 15 8566 16 8823 15 9080 14 9337 13 9593 13 9850 12 10107 11 10364 10 10621 8 10879 5
8e8a7a14749d0b2e48de3d10e2e80063f17b165ad921c8afc0623f08500f3259,48946 6 49199 11 49455 12 49710 13 49966 13 50222 14 50478 14 50734 14 50991 13 51247 11 51503 10
8e8a7a14749d0b2e48de3d10e2e80063f17b165ad921c8afc0623f08500f3259,59083 1 59337 5 59592 7 59848 8 60104 9 60360 10 60616 11 60872 11 61129 11 61385 11 61642 10 61898 10 62155 9 62412 7 62669 5
8e8a7a14749d0b2e48de3d10e2e80063f17b165ad921c8afc0623f08500f3259,28401 7 28656 9 28911 11 29167 11 29422 12 29678 12 29934 12 30190 11 30446 11 30703 9 30960 6 31218 2
8e8a7a14749d0b2e48de3d10e2e80063f17b165ad921c8afc0623f08500f3259,33749 7 34003 12 34258 14 34514 16 34770 17 35026 18 35282 18 35539 18 35795 19 36052 18 36308 18 36565 17 36823 15 37080 14 37337 13 37595 10 37855 4
8e8a7a14749d0b2e48de3d10e2e80063f17b165ad921c8afc0623f08500f3259,45169 5 45424 7 45679 9 45935 9 46190 10 46446 11 46702 11 46957 12 47213 12 47469 12 47725 12 47981 12 48237 11 48493 11 48750 9 49007 7 49264 5
8e8a7a14749d0b2e48de3d10e2e80063f17b165ad921c8afc0623f08500f3259,26416 6 26670 9 26926 10 27181 11 27436 13 27691 14 27947 14 28202 15 28458 15 28714 15 28970 15 29225 16 29481 16 29737 16 29993 16 30249 16 30506 14 30762 14 31018 13 31275 12 31532 10 31789 8
8e8a7a14749d0b2e48de3d10e2e80063f17b165ad921c8afc0623f08500f3259,56432 2 56687 4 56943 5 57198 6 57454 6 57709 7 57965 7 58221 7 58478 6 58735 3
8e8a7a14749d0b2e48de3d10e2e80063f17b165ad921c8afc0623f08500f3259,56920 6 57176 8 57432 9 57688 9 57944 10 58199 11 58456 11 58712 9 58969 7 59226 4
8e8a7a14749d0b2e48de3d10e2e80063f17b165ad921c8afc0623f08500f3259,14919 2 15173 6 15429 7 15684 9 15940 10 16196 10 16452 10 16708 11 16965 10 17222 9 17479 7 17737 4
8e8a7a14749d0b2e48de3d10e2e80063f17b165ad921c8afc0623f08500f3259,48168 6 48424 6 48679 7 48935 7 49190 8 49446 8 49702 8 49958 8 50214 8 50470 8 50726 8 50982 8 51239 5
8e8a7a14749d0b2e48de3d10e2e80063f17b165ad921c8afc0623f08500f3259,21099 4 21353 9 21607 13 21862 14 22117 16 22372 17 22627 18 22882 19 23138 19 23394 18 23650 17 23906 16 24162 14 24420 10 24679 4
