8fdc34509a0c3721f7b5e235c8a93e1f553343aa17ad103a1e89e3509a3e1570,59950 3 60205 7 60458 12 60712 16 60967 18 61223 18 61478 20 61734 20 61990 20 62246 21 62503 21 62759 22 63015 22 63271 22 63528 21 63784 21 64041 20 64299 18 64556 17 64813 16 65069 15 65325 14
8fdc34509a0c3721f7b5e235c8a93e1f553343aa17ad103a1e89e3509a3e1570,8792 6 9046 9 9301 11 9556 13 9812 14 10068 14 10324 14 10580 14 10836 14 11092 13 11348 12 11605 10 11861 9 12118 6
8fdc34509a0c3721f7b5e235c8a93e1f553343aa17ad103a1e89e3509a3e1570,58214 9 58468 12 58723 14 58978 16 59234 17 59489 18 59745 18 60001 18 60257 18 60513 19 60769 19 61025 19 61282 17 61538 16 61795 14 62053 11 62312 5
8fdc34509a0c3721f7b5e235c8a93e1f553343aa17ad103a1e89e3509a3e1570,57349 2 57601 7 57857 8 58113 9 58369 10 58625 11 58881 12 59137 13 59393 14 59649 15 59905 15 60161 15 60417 15 60673 15 60929 15 61185 15 61441 14 61697 14 61953 15 62209 15 62465 14 62721 13 62977 12 63233 11 63491 7 63748 3
8fdc34509a0c3721f7b5e235c8a93e1f553343aa17ad103a1e89e3509a3e1570,46429 4 46683 9 46938 11 47193 13 47449 13 47704 14 47960 15 48216 15 48471 16 48727 16 48983 16 49239 17 49495 17 49751 17 50007 17 50263 17 50519 16 50776 15 51033 13 51291 10 51549 5
8fdc34509a0c3721f7b5e235c8a93e1f553343aa17ad103a1e89e3509a3e1570,27905 2 28161 3 28417 4 28673 5 28929 5 29185 6 29441 7 29697 7 29953 7 30209 6 30465 6 30721 6 30977 6 31233 5 31489 4
8fdc34509a0c3721f7b5e235c8a93e1f553343aa17ad103a1e89e3509a3e1570,10310 3 10564 6 10819 7 11074 8 11329 10 11584 12 11840 13 12095 15 12350 17 12606 17 12862 17 13118 18 13374 18 13630 18 13886 18 14143 17 14399 17 14655 18 14912 17 15169 16 15426 15 15683 14 15939 14 16195 13 16452 12 16709 11 16966 9 17223 7 17480 4
8fdc34509a0c3721f7b5e235c8a93e1f553343aa17ad103a1e89e3509a3e1570,1 13 257 13 513 14 769 14 1025 13 1281 13 1537 12 1793 11 2050 7
8fdc34509a0c3721f7b5e235c8a93e1f553343aa17ad103a1e89e3509a3e1570,11295 9 11549 13 11804 15 12059 17 12314 19 12570 20 12826 21 13082 21 13338 21 13595 20 13852 19 14109 18 14365 18 14622 17 14879 16 15135 16 15392 15 15648 14 15905 13 16162 11 16420 8
8fdc34509a0c3721f7b5e235c8a93e1f553343aa17ad103a1e89e3509a3e1570,56703 7 56958 9 57213 11 57468 14 57724 15 57979 16 58235 16 58490 18 58746 18 59002 18 59258 17 59515 16 59771 15 60027 15 60283 15 60540 13 60797 11 61054 9 61311 5
8fdc34509a0c3721f7b5e235c8a93e1f553343aa17ad103a1e89e3509a3e1570,27872 8 28127 11 28382 13 28638 14 28893 16 29149 16 29405 17 29660 18 29915 19 30171 19 30428 18 30684 18 30941 17 31198 15 31455 13 31712 11 31969 9 32228 2
8fdc34509a0c3721f7b5e235c8a93e1f553343aa17ad103a1e89e3509a3e1570,52122 10 52377 12 52632 14 52887 16 53142 18 53398 18 53654 18 53909 20 54165 20 54421 20 54677 21 54933 21 55190 20 55446 20 55702 19 55958 19 56215 18 56471 18 56728 17 56985 15 57243 12 57501 6
8fdc34509a0c3721f7b5e235c8a93e1f553343aa17ad103a1e89e3509a3e1570,42880 6 43133 11 43388 14 43643 16 43898 18 44153 20 44409 21 44664 22 44920 22 45176 23 45432 23 45688 23 45944 23 46201 22 46457 22 46713 22 46969 21 47226 20 47482 19 47739 17 47996 15 48254 12 48512 8
8fdc34509a0c3721f7b5e235c8a93e1f553343aa17ad103a1e89e3509a3e1570,38674 2 38928 9 39183 11 39438 13 39694 15 39949 17 40204 19 40459 20 40715 20 40971 20 41227 20 41483 19 41739 18 41995 18 42251 17 42508 15 42766 12 43023 10 43281 7
8fdc34509a0c3721f7b5e235c8a93e1f553343aa17ad103a1e89e3509a3e1570,51334 5 51587 9 51842 11 52097 13 52352 14 52607 16 52863 16 53119 17 53375 17 53631 17 53887 17 54143 17 54400 16 54656 15 54912 14 55169 12 55426 9 55683 5
8fdc34509a0c3721f7b5e235c8a93e1f553343aa17ad103a1e89e3509a3e1570,38911 2 39166 3 39421 4 39675 6 39930 7 40186 7 40441 8 40697 8 40952 9 41208 9 41463 10 41719 10 41975 10 42232 9 42488 9 42745 8 43002 7 43259 6 43517 4 43775 2
8fdc34509a0c3721f7b5e235c8a93e1f553343aa17ad103a1e89e3509a3e1570,53062 2 53317 7 53572 9 53828 11 54083 13 54339 15 54595 16 54852 16 55108 17 55365 16 55622 15 55878 15 56135 14 56392 13 56649 12 56906 10 57164 7 57421 3
8fdc34509a0c3721f7b5e235c8a93e1f553343aa17ad103a1e89e3509a3e1570,4664 2 4919 4 5174 15 5428 19 5683 21 5938 22 6193 23 6449 23 6705 23 6960 24 7216 24 7472 24 7728 24 7985 23 8241 23 8498 22 8754 21 9011 20 9267 19 9524 17 9781 15 10041 2 10045 6
8fdc34509a0c3721f7b5e235c8a93e1f553343aa17ad103a1e89e3509a3e1570,30481 5 30736 8 30991 10 31246 12 31501 14 31757 14 32012 15 32268 15 32524 15 32779 16 33035 16 33290 17 33546 17 33802 17 34059 15 34315 14 34571 13 34828 11 35084 9 35340 7 35597 4
8fdc34509a0c3721f7b5e235c8a93e1f553343aa17ad103a1e89e3509a3e1570,57844 4 57850 3 58098 12 58353 14 58609 15 58864 17 59120 17 59376 17 59631 18 59887 18 60144 17 60400 17 60656 17 60912 17 61168 17 61424 17 61681 16 61937 16 62194 15 62453 12 62711 9 62968 7 63226 4
8fdc34509a0c3721f7b5e235c8a93e1f553343aa17ad103a1e89e3509a3e1570,36143 2 36395 7 36649 12 36904 15 37159 17 37415 18 37670 19 37926 19 38182 20 38438 20 38694 20 38950 20 39206 20 39462 20 39718 19 39974 18 40231 16 40487 15 40744 13 41001 8
8fdc34509a0c3721f7b5e235c8a93e1f553343aa17ad103a1e89e3509a3e1570,60846 5 61099 10 61354 13 61608 17 61863 19 62119 20 62375 20 62631 20 62888 20 63145 19 63401 19 63657 19 63914 18 64170 18 64427 17 64683 17 64940 16 65197 15 65454 14
8fdc34509a0c3721f7b5e235c8a93e1f553343aa17ad103a1e89e3509a3e1570,20737 4 20993 6 21249 7 21505 7 21761 7 22017 7 22273 7 22529 6 22785 6 23041 7 23297 7 23553 7 23809 7 24065 6 24321 5 24577 4 24833 3 25089 2
8fdc34509a0c3721f7b5e235c8a93e1f553343aa17ad103a1e89e3509a3e1570,14607 4 14861 8 15116 11 15371 14 15626 16 15881 18 16136 19 16390 22 16645 24 16901 24 17157 24 17413 24 17670 23 17926 22 18182 22 18438 21 18695 19 18954 15 19211 13 19468 10 19726 5
8fdc34509a0c3721f7b5e235c8a93e1f553343aa17ad103a1e89e3509a3e1570,47921 2 48173 9 48428 11 48684 11 48939 12 49194 14 49450 15 49706 15 49962 15 50218 15 50474 15 50731 14 50988 12 51248 8 51505 6 51762 4
8fdc34509a0c3721f7b5e235c8a93e1f553343aa17ad103a1e89e3509a3e1570,62365 9 62620 11 62874 14 63129 16 63385 16 63641 16 63897 17 64152 18 64408 19 64665 18 64921 19 65178 19 65435 19
8fdc34509a0c3721f7b5e235c8a93e1f553343aa17ad103a1e89e3509a3e1570,46286 6 46540 10 46794 13 47047 17 47302 19 47557 20 47812 22 48068 22 48324 22 48579 24 48835 24 49091 23 49347 23 49603 23 49860 21 50116 20 50373 17 50629 16 50886 14 51143 13 51399 4 51410 1 51656 2
8fdc34509a0c3721f7b5e235c8a93e1f553343aa17ad103a1e89e3509a3e1570,3862 2 4116 10 4370 14 4625 16 4881 17 5137 18 5393 19 5648 20 5904 21 6160 21 6416 21 6672 21 6927 22 7183 22 7439 21 7696 20 7953 19 8209 18 8466 16 8722 14 8979 12 9237 8 9495 5
8fdc34509a0c3721f7b5e235c8a93e1f553343aa17ad103a1e89e3509a3e1570,38 19 295 18 551 18 808 17 1064 17 1321 16 1578 15 1834 14 2091 12 2348 10 2605 6
8fdc34509a0c3721f7b5e235c8a93e1f553343aa17ad103a1e89e3509a3e1570,51054 3 51308 6 51563 8 51818 10 52073 12 52328 13 52583 15 52838 16 53093 17 53349 17 53605 17 53861 17 54117 17 54373 16 54629 16 54886 14 55143 12 55404 5
8fdc34509a0c3721f7b5e235c8a93e1f553343aa17ad103a1e89e3509a3e1570,46607 7 46861 11 47116 13 47371 15 47627 15 47882 17 48138 17 48393 18 48649 18 48905 19 49161 19 49416 20 49672 20 49929 19 50185 19 50442 18 50698 18 50955 17 51211 16 51468 10 51729 4
8fdc34509a0c3721f7b5e235c8a93e1f553343aa17ad103a1e89e3509a3e1570,42315 5 42569 10 42824 12 43079 14 43334 16 43589 17 43845 18 44101 18 44356 20 44612 21 44868 21 45124 21 45380 21 45637 19 45893 18 46150 16 46407 14 46664 13 46922 10 47179 9 47438 5
8fdc34509a0c3721f7b5e235c8a93e1f553343aa17ad103a1e89e3509a3e1570,55241 3 55493 8 55748 11 56002 14 56257 16 56512 18 56768 19 57023 21 57279 22 57535 22 57791 22 58046 23 58302 23 58558 23 58814 23 59070 23 59326 22 59583 20 59840 18 60097 15 60355 12 60612 6 60869 4 61126 2
8fdc34509a0c3721f7b5e235c8a93e1f553343aa17ad103a1e89e3509a3e1570,19000 5 19255 8 19510 10 19766 11 20022 12 20278 12 20534 12 20789 13 21044 14 21299 15 21554 16 21810 15 22066 15 22322 15 22579 14 22836 12 23094 8 23354 3
8fdc34509a0c3721f7b5e235c8a93e1f553343aa17ad103a1e89e3509a3e1570,63860 4 64115 6 64370 8 64626 11 64881 13 65137 14 65393 14
8fdc34509a0c3721f7b5e235c8a93e1f553343aa17ad103a1e89e3509a3e1570,51403 7 51658 9 51913 11 52169 11 52425 11 52681 11 52937 11 53193 11 53449 11 53706 10 53963 8
