91cc2e0d4d6e2c1ad59a8d63bcbe3e2ea8bc7f8e642e942a0113450181e73379,1444 7 1699 9 1954 12 2209 14 2465 15 2721 15 2977 15 3233 15 3489 15 3745 15 4001 14 4257 14 4513 13 4769 12 5025 12 5282 10 5542 4
91cc2e0d4d6e2c1ad59a8d63bcbe3e2ea8bc7f8e642e942a0113450181e73379,21846 7 22100 11 22354 15 22608 18 22863 20 23118 22 23374 23 23630 25 23885 27 24141 28 24397 29 24653 29 24909 30 25165 30 25422 29 25678 29 25934 29 26190 29 26447 28 26703 28 26959 28 27216 26 27473 25 27729 24 27986 21 28244 18 28503 13 28763 6
91cc2e0d4d6e2c1ad59a8d63bcbe3e2ea8bc7f8e642e942a0113450181e73379,14492 8 14747 10 15003 10 15259 11 15515 11 15771 11 16027 11 16283 11 16539 11 16795 11 17051 11 17308 10 17565 9 17822 7
91cc2e0d4d6e2c1ad59a8d63bcbe3e2ea8bc7f8e642e942a0113450181e73379,3585 1 3841 3 4097 4 4353 5 4609 6 4865 7 5121 8 5377 8 5633 9 5889 9 6145 10 6401 10 6657 10 6913 10 7169 10 7425 10 7681 10 7937 9 8193 9 8449 9 8705 9 8961 8 9217 8 9473 8 9729 7 9985 6 10241 5 10497 4 10753 3 11009 2
91cc2e0d4d6e2c1ad59a8d63bcbe3e2ea8bc7f8e642e942a0113450181e73379,15411 9 15666 13 15922 14 16177 15 16433 16 16689 16 16945 16 17201 16 17457 16 17713 17 17969 17 18226 16 18482 16 18738 16 18995 15 19251 15 19508 13 19766 10 20024 7
91cc2e0d4d6e2c1ad59a8d63bcbe3e2ea8bc7f8e642e942a0113450181e73379,3872 5 4124 13 4379 16 4633 19 4888 21 5143 23 5398 25 5653 26 5909 27 6164 28 6420 29 6675 30 6931 31 7187 31 7442 32 7698 32 7954 32 8211 31 8467 31 8723 30 8980 29 9236 28 9493 27 9750 25 10007 24 10264 22 10521 20 10779 17 11038 11
91cc2e0d4d6e2c1ad59a8d63bcbe3e2ea8bc7f8e642e942a0113450181e73379,4 24 261 22 517 22 774 20 1031 18 1288 15 1546 11
91cc2e0d4d6e2c1ad59a8d63bcbe3e2ea8bc7f8e642e942a0113450181e73379,31344 1 31600 1 31857 1 31877 1 32113 2 32132 2 32370 2 32387 4 32627 5 32643 6 32884 7 32898 5 33143 14 33404 7
91cc2e0d4d6e2c1ad59a8d63bcbe3e2ea8bc7f8e642e942a0113450181e73379,8081 11 8337 12 8592 14 8848 14 9104 14 9360 15 9616 16 9872 16 10128 16 10384 16 10640 16 10897 14 11153 14 11410 12 11667 10 11924 8 12181 6 12439 1
91cc2e0d4d6e2c1ad59a8d63bcbe3e2ea8bc7f8e642e942a0113450181e73379,27374 5 27628 9 27882 13 28137 15 28392 17 28647 19 28903 20 29158 22 29414 22 29670 22 29926 22 30181 23 30438 21 30694 21 30950 21 31206 20 31463 19 31719 18 31976 16 32233 15 32491 11 32749 7
91cc2e0d4d6e2c1ad59a8d63bcbe3e2ea8bc7f8e642e942a0113450181e73379,24241 3 24496 5 24752 5 25008 5 25265 3
91cc2e0d4d6e2c1ad59a8d63bcbe3e2ea8bc7f8e642e942a0113450181e73379,19891 7 20145 10 20400 13 20656 14 20912 14 21167 15 21423 16 21679 16 21936 15 22192 15 22449 13 22705 13 22962 11 23219 10 23476 8 23735 4
91cc2e0d4d6e2c1ad59a8d63bcbe3e2ea8bc7f8e642e942a0113450181e73379,24716 8 24971 10 25226 12 25478 16 25732 19 25987 23 26242 1 26251 15 26496 2 26508 14 26750 3 26764 13 27006 2 27021 12 27263 1 27278 10 27534 10 27791 8 28048 6 28304 5 28560 4 28816 3 29071 3 29324 5 29581 3 29837 3 30093 2 30349 2 30605 2 30861 1 31117 1
91cc2e0d4d6e2c1ad59a8d63bcbe3e2ea8bc7f8e642e942a0113450181e73379,7337 7 7592 10 7847 13 8102 16 8357 17 8613 18 8869 19 9125 20 9381 21 9637 21 9893 21 10149 21 10406 20 10662 20 10918 19 11174 18 11431 17 11688 13 11946 10 12203 8 12462 2
91cc2e0d4d6e2c1ad59a8d63bcbe3e2ea8bc7f8e642e942a0113450181e73379,18583 1 18838 5 19093 8 19348 13 19602 15 19857 16 20112 18 20367 20 20623 22 20879 22 21135 23 21391 22 21647 22 21903 21 22159 21 22415 21 22671 20 22928 18 23184 18 23442 16 23699 14 23956 12 24216 7 24473 5
91cc2e0d4d6e2c1ad59a8d63bcbe3e2ea8bc7f8e642e942a0113450181e73379,28790 7 29045 11 29299 13 29554 14 29809 16 30065 18 30320 21 30576 21 30832 21 31088 21 31345 20 31601 20 31858 19 32115 17 32372 15 32632 11 32891 7
91cc2e0d4d6e2c1ad59a8d63bcbe3e2ea8bc7f8e642e942a0113450181e73379,28275 6 28531 9 28786 4 29041 4 29297 2 29553 1
91cc2e0d4d6e2c1ad59a8d63bcbe3e2ea8bc7f8e642e942a0113450181e73379,20202 4 20454 11 20710 12 20966 14 21221 16 21477 16 21732 17 21987 18 22243 18 22499 18 22754 19 23010 19 23266 19 23522 18 23778 18 24035 17 24292 16 24549 14 24805 14 25061 14 25321 8
91cc2e0d4d6e2c1ad59a8d63bcbe3e2ea8bc7f8e642e942a0113450181e73379,14826 9 15081 12 15337 14 15592 16 15847 17 16102 19 16357 21 16613 21 16869 22 17125 22 17381 22 17637 22 17893 22 18150 21 18406 21 18663 19 18920 18 19179 14 19438 10 19703 1
91cc2e0d4d6e2c1ad59a8d63bcbe3e2ea8bc7f8e642e942a0113450181e73379,12172 1 12424 6 12678 9 12932 12 13188 13 13444 14 13700 15 13956 15 14212 16 14468 16 14724 16 14981 14 15237 14 15494 13 15751 11
91cc2e0d4d6e2c1ad59a8d63bcbe3e2ea8bc7f8e642e942a0113450181e73379,17624 3 17879 5 18135 5 18391 5 18648 3
91cc2e0d4d6e2c1ad59a8d63bcbe3e2ea8bc7f8e642e942a0113450181e73379,21323 3 21578 5 21834 5 22090 5 22347 3
91cc2e0d4d6e2c1ad59a8d63bcbe3e2ea8bc7f8e642e942a0113450181e73379,13510 7 13764 11 14018 15 14273 17 14528 20 14783 22 15039 22 15295 22 15551 22 15807 23 16063 23 16319 23 16576 22 16832 23 17088 23 17344 24 17599 22 17856 20 18112 18 18368 16 18625 13 18882 11 19139 10 19396 8 19654 5 19911 1
91cc2e0d4d6e2c1ad59a8d63bcbe3e2ea8bc7f8e642e942a0113450181e73379,13113 7 13368 9 13623 11 13879 11 14135 11 14391 11 14647 11 14904 9 15161 5
91cc2e0d4d6e2c1ad59a8d63bcbe3e2ea8bc7f8e642e942a0113450181e73379,14252 8 14507 11 14761 14 15017 14 15273 15 15528 16 15782 18 16038 18 16294 18 16550 18 16806 18 17062 18 17318 18 17574 17 17829 17 18084 17 18342 15 18601 10 18858 7 19115 4 19371 3
91cc2e0d4d6e2c1ad59a8d63bcbe3e2ea8bc7f8e642e942a0113450181e73379,13161 13 13415 16 13670 18 13925 20 14181 21 14436 22 14691 23 14946 24 15202 25 15458 25 15714 25 15970 25 16226 24 16482 24 16738 23 16994 23 17250 22 17507 20 17764 17 18021 15 18279 10 18537 7
91cc2e0d4d6e2c1ad59a8d63bcbe3e2ea8bc7f8e642e942a0113450181e73379,20094 7 20348 12 20603 14 20858 16 21113 17 21368 18 21624 18 21880 18 22136 18 22391 19 22647 19 22903 19 23159 18 23416 16 23672 16 23929 12 24185 10 24443 6
91cc2e0d4d6e2c1ad59a8d63bcbe3e2ea8bc7f8e642e942a0113450181e73379,18897 7 19152 10 19407 12 19662 13 19918 14 20174 14 20429 16 20685 16 20941 16 21197 16 21453 16 21709 16 21965 15 22222 13 22479 10
91cc2e0d4d6e2c1ad59a8d63bcbe3e2ea8bc7f8e642e942a0113450181e73379,26243 8 26498 10 26753 11 27008 13 27264 14 27520 14 27777 14 28033 15 28290 14 28553 7 28810 6 29067 4
91cc2e0d4d6e2c1ad59a8d63bcbe3e2ea8bc7f8e642e942a0113450181e73379,22858 3 23113 5 23369 5 23625 5 23882 3
91cc2e0d4d6e2c1ad59a8d63bcbe3e2ea8bc7f8e642e942a0113450181e73379,13120 2 13377 1 13634 1 13643 2 13890 12 14146 13 14402 15 14658 17 14913 18 15166 22 15420 24 15679 21 15936 21 16192 21 16449 20 16705 20 16961 20 17217 19 17473 19 17730 18 17986 18 18242 17 18498 17 18754 16 19010 16 19266 2 19271 8 19507 1 19521 2 19528 6 19764 2 19776 3 20022 2 20031 2 20280 8
91cc2e0d4d6e2c1ad59a8d63bcbe3e2ea8bc7f8e642e942a0113450181e73379,28546 7 28801 9 29056 11 29312 12 29568 13 29825 12 30083 10 30341 8 30597 8 30853 8 31109 8 31365 8 31621 8 31878 7 32134 7 32391 5
91cc2e0d4d6e2c1ad59a8d63bcbe3e2ea8bc7f8e642e942a0113450181e73379,144 12 399 15 654 16 910 16 1166 16 1422 16 1678 16 1934 16 2191 15 2447 15 2704 14 2961 12 3218 10 3475 9
91cc2e0d4d6e2c1ad59a8d63bcbe3e2ea8bc7f8e642e942a0113450181e73379,22997 5 23252 7 23507 8 23762 9 24018 10 24273 11 24527 14 24782 15 25038 16 25293 17 25549 17 25805 17 26060 18 26316 18 26572 18 26828 19 27084 19 27341 18 27598 17 27855 15 28113 12 28371 9 28630 4
91cc2e0d4d6e2c1ad59a8d63bcbe3e2ea8bc7f8e642e942a0113450181e73379,5987 10 6239 15 6494 16 6749 17 7004 18 7260 19 7516 19 7772 19 8028 19 8284 19 8540 19 8797 18 9053 17 9310 16 9567 15 9824 14 10081 11 10339 8
91cc2e0d4d6e2c1ad59a8d63bcbe3e2ea8bc7f8e642e942a0113450181e73379,31578 3 31832 7 32087 9 32343 9 32598 11 32854 11 33110 11 33366 11 33622 11 33878 10 34135 9 34391 7 34649 3
