92f31f591929a30e4309ab75185c96ff4314ce0a7ead2ed2c2171897ad1da0c7,72442 4 72694 10 72947 14 73200 17 73455 18 73711 18 73967 18 74224 17 74481 16 74737 16 74994 15 75250 15 75506 15 75761 16 76016 17 76272 17 76528 17 76784 17 77040 17 77297 16 77554 14 77814 9 78071 7 78328 5
92f31f591929a30e4309ab75185c96ff4314ce0a7ead2ed2c2171897ad1da0c7,65193 4 65448 6 65702 8 65957 9 66212 11 66467 12 66722 13 66977 14 67233 13 67488 14 67743 14 67998 15 68254 14 68509 14 68764 13 69019 13 69274 13 69529 13 69784 12 70039 12 70294 12 70549 12 70804 12 71059 12 71314 13 71569 14 71824 14 72079 14 72335 12 72590 11 72846 10 73101 10 73357 9 73613 8 73870 5
92f31f591929a30e4309ab75185c96ff4314ce0a7ead2ed2c2171897ad1da0c7,57060 8 57313 12 57568 13 57822 16 58075 19 58330 20 58584 21 58839 21 59093 22 59348 22 59603 23 59857 24 60112 24 60368 21 60624 20 60880 19 61135 19 61391 17 61646 17 61902 16 62157 16 62413 13 62669 11 62925 10 63182 6 63440 2
92f31f591929a30e4309ab75185c96ff4314ce0a7ead2ed2c2171897ad1da0c7,72119 5 72374 7 72629 8 72884 9 73139 9 73394 10 73650 10 73905 10 74160 11 74416 10 74672 10 74927 10 75183 9 75439 8 75695 7 75952 4
92f31f591929a30e4309ab75185c96ff4314ce0a7ead2ed2c2171897ad1da0c7,69880 4 70133 8 70387 10 70641 12 70895 13 71148 14 71402 13 71657 13 71909 15 72163 15 72417 16 72670 18 72925 19 73181 18 73437 17 73693 16 73949 15 74206 14 74464 11 74722 8 74980 6 75237 4
92f31f591929a30e4309ab75185c96ff4314ce0a7ead2ed2c2171897ad1da0c7,80000 4 80255 7 80510 11 80765 14 81021 15 81276 17 81532 17 81788 18
92f31f591929a30e4309ab75185c96ff4314ce0a7ead2ed2c2171897ad1da0c7,75978 5 76231 9 76486 10 76741 12 76996 14 77251 15 77506 17 77761 19 78017 20 78272 21 78528 21 78783 22 79039 22 79294 23 79550 23 79805 24 80061 24 80317 24 80573 23 80829 22 81085 21 81341 20 81598 18 81854 17
92f31f591929a30e4309ab75185c96ff4314ce0a7ead2ed2c2171897ad1da0c7,74429 2 74684 4 74937 7 75192 8 75447 9 75702 9 75956 10 76208 13 76460 17 76715 17 76971 16 77227 15 77483 13 77740 11 77997 8
92f31f591929a30e4309ab75185c96ff4314ce0a7ead2ed2c2171897ad1da0c7,81075 3 81320 15 81575 17 81830 18
92f31f591929a30e4309ab75185c96ff4314ce0a7ead2ed2c2171897ad1da0c7,78661 2 78916 4 79171 6 79426 7 79681 8 79936 9 80191 9 80446 10 80701 11 80956 11 81211 12 81466 13 81722 13
