94519eb45cbe1573252623b7ea06a8b43c19c930f5c9b685edb639d0db719ab0,33281 1 33537 4 33793 6 34049 10 34305 12 34561 14 34817 14 35073 15 35329 16 35585 17 35841 19 36097 21 36353 23 36609 25 36865 26 37121 25 37377 25 37633 26 37889 27 38145 27 38401 27 38659 24 38918 20 39184 8 39441 5
94519eb45cbe1573252623b7ea06a8b43c19c930f5c9b685edb639d0db719ab0,30384 5 30638 8 30891 12 31147 13 31401 18 31657 19 31912 20 32168 20 32423 21 32679 22 32935 24 33191 26 33447 26 33702 28 33959 28 33989 1 34215 32 34471 32 34727 32 34983 30 35240 27 35497 25 35754 23 36011 21 36268 15 36524 11 36536 3 36780 10 37037 10 37294 9 37551 7
94519eb45cbe1573252623b7ea06a8b43c19c930f5c9b685edb639d0db719ab0,11708 3 11960 9 12214 12 12469 15 12724 16 12979 19 13234 20 13490 22 13746 23 14003 23 14260 23 14522 18 14778 18 15040 13 15298 12 15555 11 15811 12 16068 12 16324 12 16580 13 16837 12 17093 13 17350 12 17606 13 17862 13 18119 12 18375 13 18632 12 18890 9 19147 8 19405 4
94519eb45cbe1573252623b7ea06a8b43c19c930f5c9b685edb639d0db719ab0,53186 7 53441 10 53697 13 53952 15 54208 18 54463 20 54719 21 54975 21 55230 22 55486 23 55742 23 55999 22 56255 22 56511 22 56768 21 57025 20 57284 16 57543 12 57801 9
94519eb45cbe1573252623b7ea06a8b43c19c930f5c9b685edb639d0db719ab0,45110 4 45365 7 45620 9 45875 10 46130 12 46386 12 46642 13 46898 13 47154 13 47410 13 47666 14 47922 14 48177 15 48433 15 48689 15 48945 15 49201 14 49456 16 49712 16 49967 17 50223 17 50478 18 50734 18 50989 19 51244 20 51500 20 51755 21 52011 21 52266 22 52522 22 52778 21 53034 21 53291 20 53547 20 53804 17
94519eb45cbe1573252623b7ea06a8b43c19c930f5c9b685edb639d0db719ab0,8194 10 8449 12 8705 14 8961 14 9217 15 9473 15 9729 16 9985 16 10241 17 10497 17 10753 17 11009 17 11265 17 11521 17 11777 16 12033 15 12289 15 12545 13 12801 5 12808 5 13057 5 13313 5 13569 5 13825 2
94519eb45cbe1573252623b7ea06a8b43c19c930f5c9b685edb639d0db719ab0,11988 7 12242 10 12496 12 12750 14 13005 15 13260 17 13516 17 13772 16 14028 16 14284 16 14540 16 14797 14 15053 14 15310 13 15566 12 15823 10 16080 8 16336 7
94519eb45cbe1573252623b7ea06a8b43c19c930f5c9b685edb639d0db719ab0,20666 6 20921 8 21176 10 21431 12 21686 13 21942 13 22198 13 22453 14 22708 15 22964 15 23220 15 23475 15 23731 15 23987 14 24243 12 24500 9 24757 5
94519eb45cbe1573252623b7ea06a8b43c19c930f5c9b685edb639d0db719ab0,30812 9 31066 14 31321 16 31577 19 31833 21 32089 22 32345 23 32601 23 32858 23 33114 23 33371 22 33628 21 33884 12 33898 7 34141 10 34156 4 34397 9 34654 7 34912 3
94519eb45cbe1573252623b7ea06a8b43c19c930f5c9b685edb639d0db719ab0,245 11 501 11 758 10 1014 10 1270 10 1527 9 1784 8 2040 8 2298 6 2556 4
94519eb45cbe1573252623b7ea06a8b43c19c930f5c9b685edb639d0db719ab0,5936 7 6188 12 6442 14 6697 15 6952 15 7208 14 7464 11 7721 9 7977 7
94519eb45cbe1573252623b7ea06a8b43c19c930f5c9b685edb639d0db719ab0,7137 1 7391 4 7407 1 7647 5 7659 6 7903 7 7913 9 8159 19 8415 19 8671 19 8927 19 9184 17 9440 17 9696 17 9953 16 10209 16 10465 16 10721 16 10977 15 11233 15 11490 13 11746 11 12002 10 12258 9 12515 5
94519eb45cbe1573252623b7ea06a8b43c19c930f5c9b685edb639d0db719ab0,22499 6 22754 9 23009 10 23265 11 23521 12 23777 13 24034 13 24290 13 24546 13 24802 13 25059 12 25316 11 25574 8 25831 5
94519eb45cbe1573252623b7ea06a8b43c19c930f5c9b685edb639d0db719ab0,16910 8 17164 12 17419 15 17674 17 17930 17 18185 19 18441 19 18697 19 18952 20 19207 21 19462 22 19717 22 19972 23 20228 23 20484 23 20741 22 20998 21 21254 21 21511 20 21768 19 22025 18 22282 16 22541 12
94519eb45cbe1573252623b7ea06a8b43c19c930f5c9b685edb639d0db719ab0,68716 9 68968 19 69222 25 69477 29 69732 30 69988 31 70243 33 70499 33 70755 33 71010 34 71266 34 71522 34 71778 34 72034 34 72290 33 72546 33 72802 32 73058 31 73314 30 73571 28 73827 26 74084 23 74340 20 74598 17 74857 6 74865 3
94519eb45cbe1573252623b7ea06a8b43c19c930f5c9b685edb639d0db719ab0,37604 4 37858 9 38110 14 38365 17 38620 20 38876 21 39131 23 39387 23 39642 24 39898 25 40153 27 40409 28 40665 29 40921 29 41177 29 41433 29 41689 29 41945 29 42202 28 42458 28 42714 28 42970 27 43227 25 43486 21 43743 19 44000 17 44258 13 44515 11 44774 6
94519eb45cbe1573252623b7ea06a8b43c19c930f5c9b685edb639d0db719ab0,39717 6 39972 8 40227 11 40483 13 40739 14 40995 16 41252 16 41508 17 41765 18 42021 20 42278 20 42535 20 42792 20 43049 19 43306 18 43563 17 43821 14 44080 10
94519eb45cbe1573252623b7ea06a8b43c19c930f5c9b685edb639d0db719ab0,21796 7 22052 8 22307 11 22563 12 22819 13 23075 14 23331 17 23587 23 23844 23 24100 24 24356 25 24613 24 24869 24 25126 23 25382 22 25639 21 25896 19 26152 18 26409 16 26666 14 26923 11 27180 9 27439 4
94519eb45cbe1573252623b7ea06a8b43c19c930f5c9b685edb639d0db719ab0,18521 5 18776 8 19030 11 19285 13 19540 14 19796 15 20051 16 20307 17 20562 18 20818 18 21074 19 21330 19 21585 20 21842 19 22098 19 22354 19 22611 19 22868 18 23125 17 23382 17 23639 16 23896 15 24153 14 24410 12 24667 10 24924 8 25181 7 25440 1
94519eb45cbe1573252623b7ea06a8b43c19c930f5c9b685edb639d0db719ab0,37765 6 38021 8 38277 10 38532 13 38788 14 39044 16 39300 18 39556 19 39813 19 40069 20 40326 20 40583 20 40840 19 41097 19 41353 19 41609 20 41866 19 42122 20 42378 20 42635 19 42891 20 43147 20 43403 20 43659 20 43916 19 44173 17 44429 17 44686 15 44943 13 45200 11 45458 8
94519eb45cbe1573252623b7ea06a8b43c19c930f5c9b685edb639d0db719ab0,10 7 267 6 525 4 781 4 1039 2
94519eb45cbe1573252623b7ea06a8b43c19c930f5c9b685edb639d0db719ab0,47438 4 47689 10 47944 11 47960 5 48200 11 48213 9 48455 24 48711 24 48967 24 49223 24 49478 26 49733 27 49988 28 50244 27 50500 26 50756 24 51012 23 51269 20 51527 13
94519eb45cbe1573252623b7ea06a8b43c19c930f5c9b685edb639d0db719ab0,42753 2 43009 4 43265 5 43521 5 43777 6 44033 6 44289 7 44545 8 44801 8 44821 4 45057 9 45075 9 45313 9 45329 12 45569 29 45825 30 46081 30 46337 30 46593 30 46849 30 47105 30 47361 30 47618 29 47874 29 48130 29 48385 30 48641 30 48897 29 49153 29 49409 28 49665 28 49921 27 50177 27 50433 27 50694 21 50952 18 51209 16 51467 12 51724 10 51982 5
94519eb45cbe1573252623b7ea06a8b43c19c930f5c9b685edb639d0db719ab0,15927 3 16182 7 16436 11 16691 13 16947 14 17203 15 17458 16 17713 18 17968 19 18224 20 18480 21 18736 21 18992 21 19248 21 19504 21 19760 21 20017 20 20273 20 20529 20 20786 18 21042 17 21299 15 21556 12 21815 2
94519eb45cbe1573252623b7ea06a8b43c19c930f5c9b685edb639d0db719ab0,29181 3 29435 5 29690 6 29945 7 30200 8 30455 9 30710 10 30966 10 31221 11 31477 11 31733 11 31989 11 32245 11 32501 11 32758 10 33014 10 33270 10 33526 10 33783 9 34039 9 34296 8 34553 7 34810 6 35068 4
94519eb45cbe1573252623b7ea06a8b43c19c930f5c9b685edb639d0db719ab0,40827 4 41079 12 41334 14 41589 17 41844 19 42100 20 42355 21 42611 23 42866 24 43122 25 43377 26 43633 26 43889 26 44145 26 44401 26 44657 27 44913 26 45170 25 45426 24 45683 21 45940 19 46197 15 46454 10
94519eb45cbe1573252623b7ea06a8b43c19c930f5c9b685edb639d0db719ab0,54665 10 54915 21 55168 1 55170 26 55422 30 55677 32 55932 33 56188 33 56444 33 56699 35 56953 37 57207 39 57462 39 57718 39 57974 40 58231 39 58487 38 58743 37 59000 35 59256 34 59513 32 59770 30 60028 26 60286 23 60546 17 60803 14 61062 11 61319 4 61575 2
94519eb45cbe1573252623b7ea06a8b43c19c930f5c9b685edb639d0db719ab0,42667 9 42923 10 43178 12 43434 14 43689 15 43945 17 44201 18 44456 20 44711 21 44967 21 45223 21 45479 21 45735 22 45992 21 46249 20 46505 19 46761 17 47017 16 47273 15 47532 10 47789 8 48048 4
94519eb45cbe1573252623b7ea06a8b43c19c930f5c9b685edb639d0db719ab0,22021 3 22275 7 22530 10 22786 11 23041 14 23297 15 23553 17 23809 17 24065 18 24321 19 24577 19 24833 20 25089 20 25345 20 25601 20 25857 20 26113 20 26369 20 26625 20 26882 19 27138 18 27395 17 27653 14 27911 10 28169 4
94519eb45cbe1573252623b7ea06a8b43c19c930f5c9b685edb639d0db719ab0,53333 4 53587 8 53843 9 54098 12 54353 13 54609 13 54866 13 55122 15 55380 15 55636 18 55892 19 56147 22 56402 23 56657 24 56912 25 57168 25 57423 26 57679 26 57936 24 58194 22 58451 21 58707 20 58964 19 59220 20 59476 20 59733 20 59990 19 60244 1 60246 15 60500 1 60502 14 60756 14 61013 12 61270 10 61528 6
94519eb45cbe1573252623b7ea06a8b43c19c930f5c9b685edb639d0db719ab0,49390 5 49645 7 49900 9 50156 9 50411 10 50667 11 50923 11 51179 12 51197 2 51435 13 51451 5 51692 13 51706 6 51948 20 52204 20 52461 19 52717 19 52974 18 53231 17 53488 16 53745 15 54002 14 54260 11 54518 8
94519eb45cbe1573252623b7ea06a8b43c19c930f5c9b685edb639d0db719ab0,29139 7 29394 9 29649 10 29904 12 30160 12 30416 12 30672 12 30928 11 31184 10 31440 10 31697 9 31954 6 32211 4
94519eb45cbe1573252623b7ea06a8b43c19c930f5c9b685edb639d0db719ab0,58652 8 58907 13 59161 16 59416 18 59671 19 59926 20 60182 19 60437 20 60692 20 60948 19 61204 19 61460 19 61716 19 61972 8 61984 7 62229 5 62241 6 62499 4
94519eb45cbe1573252623b7ea06a8b43c19c930f5c9b685edb639d0db719ab0,3778 3 4032 7 4288 8 4544 8 4800 10 5055 12 5311 12 5567 13 5823 13 6079 15 6335 16 6591 16 6847 17 7103 17 7359 17 7615 18 7871 18 8127 18 8383 19 8640 18 8896 18 9152 18 9409 16 9666 15 9923 13 10180 12 10437 10 10695 7
94519eb45cbe1573252623b7ea06a8b43c19c930f5c9b685edb639d0db719ab0,42322 6 42576 9 42830 13 43085 15 43340 16 43595 18 43851 18 44107 19 44363 19 44619 21 44876 20 45132 21 45389 20 45648 17 45906 14 46165 11 46423 8 46682 3
94519eb45cbe1573252623b7ea06a8b43c19c930f5c9b685edb639d0db719ab0,63382 8 63637 13 63892 18 63917 3 64148 20 64171 6 64405 29 64661 31 64695 1 64916 48 65173 47 65430 47 65686 47 65943 46 66199 46 66456 45 66714 43 66971 41 67229 39 67486 1 67488 35 67747 32 68003 31 68260 30 68518 27 68775 24 69035 20 69292 19 69548 10 69563 3 69805 7 69820 2
94519eb45cbe1573252623b7ea06a8b43c19c930f5c9b685edb639d0db719ab0,17 23 273 23 529 23 785 23 1041 23 1298 22 1554 21 1810 21 2067 19 2323 17 2580 15 2836 14 3093 11
94519eb45cbe1573252623b7ea06a8b43c19c930f5c9b685edb639d0db719ab0,15034 6 15290 8 15545 10 15801 10 16057 11 16313 11 16569 11 16825 12 17081 12 17337 12 17594 10 17851 9 18108 7 18365 4
94519eb45cbe1573252623b7ea06a8b43c19c930f5c9b685edb639d0db719ab0,74682 6 74936 10 75190 14 75445 19 75700 21 75955 23 76210 24 76465 25 76721 25 76976 27 77232 27 77487 28 77743 27 77999 27 78255 27 78511 26 78768 24 79025 23 79281 22 79538 20 79796 17 80053 15 80309 13 80566 9 80823 5
94519eb45cbe1573252623b7ea06a8b43c19c930f5c9b685edb639d0db719ab0,55809 12 56065 14 56321 15 56577 15 56833 16 57089 16 57345 16 57601 16 57857 16 58113 16 58369 13 58625 5 58881 4 59137 4 59393 10 59649 11 59905 10 60161 8 60417 5
94519eb45cbe1573252623b7ea06a8b43c19c930f5c9b685edb639d0db719ab0,3389 5 3643 10 3898 12 4153 14 4409 14 4665 14 4921 14 5177 13 5433 13 5688 14 5944 14 6200 14 6456 14 6712 14 6968 14 7223 15 7479 16 7735 16 7991 17 8247 17 8503 17 8760 16 9016 16 9272 14 9528 14 9785 13 10041 13 10297 14 10554 14 10810 15 11066 15 11323 15 11579 15 11836 13 12092 11 12349 9 12606 6
94519eb45cbe1573252623b7ea06a8b43c19c930f5c9b685edb639d0db719ab0,24598 8 24853 13 25109 15 25365 16 25621 18 25877 19 26133 19 26389 20 26645 21 26901 22 27156 24 27412 24 27667 26 27921 29 28176 31 28432 32 28688 32 28944 33 29200 33 29456 33 29712 33 29968 34 30224 34 30480 34 30737 34 30994 33 31255 28 31512 27 31768 27 32024 27 32281 26 32537 26 32794 25 33052 22 33312 18 33569 16 33826 14 34084 10 34341 8
94519eb45cbe1573252623b7ea06a8b43c19c930f5c9b685edb639d0db719ab0,27101 8 27355 11 27610 12 27865 14 28121 14 28377 14 28633 14 28890 13 29146 12 29403 11 29659 11 29916 9 30172 9 30429 7 30686 3
94519eb45cbe1573252623b7ea06a8b43c19c930f5c9b685edb639d0db719ab0,29081 2 29329 2 29332 8 29579 19 29833 22 30088 24 30343 25 30597 27 30851 29 31106 30 31361 31 31616 32 31872 32 32128 23 32156 3 32383 24 32413 1 32639 23 32895 23 33150 24 33406 25 33662 25 33918 27 34174 28 34429 30 34685 30 34941 30 35197 30 35453 30 35710 29 35968 26 36225 25 36482 23 36756 1
94519eb45cbe1573252623b7ea06a8b43c19c930f5c9b685edb639d0db719ab0,37439 3 37690 14 37943 20 38197 23 38452 26 38708 27 38964 28 39219 30 39475 30 39731 30 39988 30 40245 29 40501 29 40759 27 41016 26 41274 23 41531 22 41791 17 42049 14 42305 7 42562 4 42818 2
94519eb45cbe1573252623b7ea06a8b43c19c930f5c9b685edb639d0db719ab0,18411 5 18665 9 18921 11 19176 14 19432 15 19687 18 19942 19 20198 20 20454 21 20710 22 20965 23 21221 24 21477 24 21733 25 21989 25 22246 24 22505 21 22763 19 23019 19 23276 18 23533 17 23790 16 24047 15 24303 14 24559 13 24815 13 25072 12 25330 9 25588 6 25846 3
94519eb45cbe1573252623b7ea06a8b43c19c930f5c9b685edb639d0db719ab0,77467 7 77722 11 77977 15 78233 17 78488 20 78744 24 79000 25 79256 25 79513 25 79769 26 80025 27 80282 27 80538 27 80795 26 81051 26 81308 25 81566 22
94519eb45cbe1573252623b7ea06a8b43c19c930f5c9b685edb639d0db719ab0,60477 8 60732 11 60988 12 61244 13 61492 2 61499 14 61746 5 61755 13 62001 7 62010 14 62257 22 62513 22 62769 22 63025 22 63282 21 63538 22 63794 22 64051 20 64307 18 64564 16 64821 15 65077 16 65333 16 65591 13 65848 4 65858 2
94519eb45cbe1573252623b7ea06a8b43c19c930f5c9b685edb639d0db719ab0,40902 3 41157 5 41412 7 41666 10 41922 11 42177 12 42432 14 42688 14 42944 14 43200 14 43457 13 43714 12 43970 12 44229 3
94519eb45cbe1573252623b7ea06a8b43c19c930f5c9b685edb639d0db719ab0,46576 5 46831 9 47085 11 47341 12 47597 13 47854 14 48111 13 48371 9
94519eb45cbe1573252623b7ea06a8b43c19c930f5c9b685edb639d0db719ab0,59899 5 60151 10 60399 18 60652 21 60907 22 61162 23 61416 25 61672 25 61928 25 62184 25 62440 25 62696 25 62952 25 63209 24 63465 24 63722 23 63978 23 64235 22 64492 21 64749 20 65007 18 65264 17 65521 16 65780 13 66040 8 66298 3
94519eb45cbe1573252623b7ea06a8b43c19c930f5c9b685edb639d0db719ab0,31056 3 31311 6 31567 8 31822 10 32078 10 32333 12 32589 12 32844 14 33100 14 33355 16 33611 16 33867 17 34123 17 34379 18 34635 18 34892 17 35149 16 35406 15 35663 13 35920 3 35927 5 36176 2
94519eb45cbe1573252623b7ea06a8b43c19c930f5c9b685edb639d0db719ab0,3073 2 3329 3 3585 4 3841 5 4097 6 4353 7 4609 8 4865 8 5121 9 5377 10 5633 10 5889 10 6145 10 6401 10 6657 10 6913 10 7169 10 7425 9 7681 3
94519eb45cbe1573252623b7ea06a8b43c19c930f5c9b685edb639d0db719ab0,17806 6 18061 8 18316 10 18571 13 18826 17 19082 19 19337 22 19592 25 19846 28 20101 30 20356 32 20612 32 20868 31 21124 32 21380 32 21635 34 21891 34 22148 33 22405 32 22662 31 22919 30 23176 28 23432 28 23689 26 23947 22 24204 19 24461 16 24718 14 24976 11 25234 7
94519eb45cbe1573252623b7ea06a8b43c19c930f5c9b685edb639d0db719ab0,67908 8 68162 12 68417 14 68673 14 68928 14 69184 14 69440 13 69696 12 69952 12 70207 13 70462 16 70718 17 70973 18 71229 19 71485 19 71741 19 71997 19 72254 17 72514 13 72771 11 73028 10 73288 5 73544 5 73801 3
94519eb45cbe1573252623b7ea06a8b43c19c930f5c9b685edb639d0db719ab0,52 21 311 18 572 12
94519eb45cbe1573252623b7ea06a8b43c19c930f5c9b685edb639d0db719ab0,7162 6 7415 9 7670 10 7924 12 8179 13 8434 14 8690 14 8946 14 9201 15 9457 15 9713 15 9969 15 10226 14 10482 14 10739 13 10996 12 11254 10 11512 6
94519eb45cbe1573252623b7ea06a8b43c19c930f5c9b685edb639d0db719ab0,66050 3 66305 4 66561 5 66817 5 67073 5 67329 4 67585 4 67841 4 68097 4 68353 3 68609 3 68865 2 69121 2 69377 1
94519eb45cbe1573252623b7ea06a8b43c19c930f5c9b685edb639d0db719ab0,37223 1 37474 8 37728 11 37983 14 38238 15 38494 16 38749 17 39005 18 39260 20 39516 20 39772 21 40027 22 40282 23 40537 24 40792 25 41048 24 41304 24 41561 23 41817 22 42075 4 42082 12 42339 11 42595 10 42852 7 43109 5
94519eb45cbe1573252623b7ea06a8b43c19c930f5c9b685edb639d0db719ab0,77554 8 77801 18 78053 22 78308 23 78563 25 78818 26 79074 26 79329 27 79585 26 79841 27 80097 26 80353 25 80609 25 80865 24 81122 20 81380 6
94519eb45cbe1573252623b7ea06a8b43c19c930f5c9b685edb639d0db719ab0,66069 5 66323 7 66572 15 66827 25 67082 29 67337 30 67593 30 67848 31 68104 31 68360 31 68616 31 68872 31 69128 30 69385 7 69404 10 69642 4 69661 8 69918 6 70175 3 70431 3 70688 2 70945 1
