947c0d94c8213ac7aaa41c4efc95d854246550298259cf1bb489654d0e969050,11746 4 12001 6 12257 6 12512 7 12768 7 13024 7 13280 7 13537 5
947c0d94c8213ac7aaa41c4efc95d854246550298259cf1bb489654d0e969050,62508 4 62763 6 63019 6 63274 6 63529 6 63786 3 64042 3 64298 3 64554 3 64813 3 65070 7
947c0d94c8213ac7aaa41c4efc95d854246550298259cf1bb489654d0e969050,67948 9 68200 15 68455 16 68711 15 68967 14 69222 14 69478 14 69734 15 69990 15 70245 17 70501 17 70757 17 71011 19 71267 20 71523 24 71779 24 72035 24 72291 24 72546 24 72802 24 73058 22 73315 19 73572 2 73576 9 73832 8 74089 6 74348 1
947c0d94c8213ac7aaa41c4efc95d854246550298259cf1bb489654d0e969050,75564 1 75818 5 76073 7 76328 10 76584 11 76839 13 77095 14 77351 15 77607 16 77862 18 78118 18 78374 19 78629 20 78885 20 79141 20 79397 19 79654 18 79908 19 80164 18 80420 17 80676 16 80932 15 81188 14 81444 13 81700 12
947c0d94c8213ac7aaa41c4efc95d854246550298259cf1bb489654d0e969050,45764 1 46020 2 46276 2 46282 1 46531 4 46536 4 46786 10 47041 13 47297 2 47301 10 47558 9 47814 9 48069 10 48326 10 48582 9 48838 10 49095 9 49355 5 49612 2
947c0d94c8213ac7aaa41c4efc95d854246550298259cf1bb489654d0e969050,27390 3 27645 4 27901 4 28157 4 28414 3 28670 3 28926 3
947c0d94c8213ac7aaa41c4efc95d854246550298259cf1bb489654d0e969050,4332 2 4587 4 4842 5 5098 5 5353 8 5609 8 5865 9 6121 9 6373 12 6626 15 6881 15 7137 15 7393 14 7649 14 7904 14 8162 12 8175 2 8419 13 8675 10 8932 4 9188 3 9445 1
947c0d94c8213ac7aaa41c4efc95d854246550298259cf1bb489654d0e969050,77754 4 78006 9 78261 10 78516 11 78772 12 79027 13 79283 14 79539 14 79795 15 80051 15 80307 15 80563 15 80819 14 81075 14 81331 14 81587 13 81842 14
947c0d94c8213ac7aaa41c4efc95d854246550298259cf1bb489654d0e969050,78168 1 78424 2 78678 3 78933 2 78938 4 79185 6 79194 4 79444 10 79701 9 79957 10 80213 10 80468 10 80724 7
947c0d94c8213ac7aaa41c4efc95d854246550298259cf1bb489654d0e969050,69 10 320 16 575 17 831 18 1086 19 1342 20 1598 21 1855 20 2111 20 2368 19 2625 18 2881 18 3137 18 3394 20 3651 18 3904 18 4162 14 4417 6 4424 7
947c0d94c8213ac7aaa41c4efc95d854246550298259cf1bb489654d0e969050,13155 3 13409 5 13417 1 13664 5 13673 1 13918 7 13929 1 14178 8 14433 9 14689 7 14946 5
947c0d94c8213ac7aaa41c4efc95d854246550298259cf1bb489654d0e969050,74620 3 74876 2 75131 4 75387 4 75641 6 75896 7 76149 1 76151 8 76405 10 76661 10 76917 10 76933 1 76935 4 77172 11 77189 6 77427 14 77442 9 77681 26 77935 11 77949 6 78189 14 78206 4 78444 16 78463 4 78700 17 78719 5 78956 17 78976 5 79211 27 79467 28 79723 27 79979 27 80235 27 80491 27 80748 26 81004 26 81261 25 81517 25 81774 23
947c0d94c8213ac7aaa41c4efc95d854246550298259cf1bb489654d0e969050,10574 1 10829 5 11085 6 11092 2 11341 9 11597 2 11600 6 11857 3 12113 1 12369 2 12626 1
947c0d94c8213ac7aaa41c4efc95d854246550298259cf1bb489654d0e969050,63104 1 63359 2 63614 3 63870 5 64126 5 64380 7 64388 2 64635 8 64644 2 64891 12 65147 13 65402 14 65658 10 65670 2 65913 11 66169 11 66425 14 66681 14 66937 14 67193 14 67449 14 67705 14 67963 12 68220 11 68476 9 68734 6 68990 4
947c0d94c8213ac7aaa41c4efc95d854246550298259cf1bb489654d0e969050,8936 3 9187 1 9191 4 9443 2 9446 2 9699 4 9955 4 10211 6 10466 7 10722 7 10978 6 11234 5 11490 5 11750 1
947c0d94c8213ac7aaa41c4efc95d854246550298259cf1bb489654d0e969050,74214 10 74469 12 74725 14 74982 13 75238 14 75493 15 75749 16 76004 17 76260 17 76515 18 76771 15 77028 14 77285 15 77541 15 77798 14 78054 13 78310 13 78575 3
947c0d94c8213ac7aaa41c4efc95d854246550298259cf1bb489654d0e969050,49642 6 49898 7 50154 8 50410 7 50666 7 50923 6 51179 5 51434 5 51694 2 51951 1 52207 1
947c0d94c8213ac7aaa41c4efc95d854246550298259cf1bb489654d0e969050,61386 4 61637 10 61891 13 62146 14 62402 15 62658 15 62914 16 63170 16 63427 15 63684 14 63940 13 64196 13 64453 10 64712 5 64970 3
947c0d94c8213ac7aaa41c4efc95d854246550298259cf1bb489654d0e969050,54380 2 54635 9 54890 11 55145 12 55401 12 55657 12 55913 12 56170 11 56426 11 56682 10 56938 10 57193 10 57448 10 57705 9 57962 3 57967 2
947c0d94c8213ac7aaa41c4efc95d854246550298259cf1bb489654d0e969050,147 16 402 19 658 19 913 20 1169 21 1425 21 1680 22 1936 23 2192 21 2447 19 2704 15 2960 14 3217 10 3474 4
947c0d94c8213ac7aaa41c4efc95d854246550298259cf1bb489654d0e969050,63073 4 63328 7 63583 8 63838 10 64095 10 64351 12 64608 11 64864 11 65121 10 65378 8 65634 8 65891 6 66148 5 66405 3
947c0d94c8213ac7aaa41c4efc95d854246550298259cf1bb489654d0e969050,67926 2 68181 5 68436 6 68691 8 68947 8 69203 8 69458 9 69714 10 69970 10 70226 10 70482 10 70738 10 70994 10 71251 11 71265 1 71507 12 71521 1 71763 15 72019 14 72276 14 72532 13 72789 12 73047 10 73304 10 73560 11 73816 15 74073 14 74329 17 74586 16 74843 14 75100 13 75364 4
947c0d94c8213ac7aaa41c4efc95d854246550298259cf1bb489654d0e969050,30052 2 30307 4 30563 4 30818 5 31074 9 31330 9 31586 8 31841 8 32097 6 32104 1 32352 4 32357 1 32360 1 32608 1 32613 1 32616 1 32864 1 32869 4
947c0d94c8213ac7aaa41c4efc95d854246550298259cf1bb489654d0e969050,71050 2 71305 11 71561 12 71816 14 72071 16 72323 20 72576 23 72830 25 73085 26 73341 26 73596 27 73852 27 74108 28 74363 29 74619 1 74623 25 74874 2 74878 26 75129 2 75135 25 75384 3 75391 25 75639 2 75647 25 75894 2 75903 25 76150 1 76159 25 76415 24 76671 24 76927 6 76934 1 76939 11 77183 6 77195 9 77441 1 77451 7 77707 3 77955 9 78210 4 78467 3 78724 2 78981 1
947c0d94c8213ac7aaa41c4efc95d854246550298259cf1bb489654d0e969050,34535 3 34791 3 35047 3 35302 5 35558 6 35812 9 36068 10 36324 13 36580 13 36834 15 37090 15 37346 15 37602 13 37858 12 38118 3 38122 3 38374 1 38380 1
947c0d94c8213ac7aaa41c4efc95d854246550298259cf1bb489654d0e969050,7303 4 7559 5 7815 5 8071 5 8327 5 8577 12 8833 12 9089 13 9345 13 9601 13 9857 13 10114 12 10372 10
947c0d94c8213ac7aaa41c4efc95d854246550298259cf1bb489654d0e969050,36833 1 37088 2 37343 3 37598 4 37854 4 38110 8 38121 1 38366 8 38375 5 38623 13 38880 11 39137 8 39394 5
947c0d94c8213ac7aaa41c4efc95d854246550298259cf1bb489654d0e969050,51647 3 51902 6 52157 7 52411 11 52667 11 52922 11 53177 12 53432 14 53688 14 53944 12 54200 11 54456 9 54713 6
947c0d94c8213ac7aaa41c4efc95d854246550298259cf1bb489654d0e969050,51690 4 51946 5 52198 9 52451 13 52707 13 52963 13 53219 13 53475 13 53731 13 53987 13 54244 11 54500 10 54757 9 55013 4 55271 2
947c0d94c8213ac7aaa41c4efc95d854246550298259cf1bb489654d0e969050,38090 3 38345 6 38601 7 38855 7 39110 8 39366 8 39622 8 39878 7 40134 7 40390 8 40646 7 40902 7 41157 8 41412 10 41668 9 41925 8 42180 7 42436 7 42692 7 42949 7 43205 5 43460 5 43716 1
947c0d94c8213ac7aaa41c4efc95d854246550298259cf1bb489654d0e969050,46505 6 46756 13 47011 16 47267 17 47523 18 47779 19 48035 19 48291 19 48546 20 48802 20 49058 20 49315 19 49571 20 49828 19 50085 16 50340 16 50597 13 50853 12 51109 12 51366 9 51623 7 51879 5
947c0d94c8213ac7aaa41c4efc95d854246550298259cf1bb489654d0e969050,37544 1 37794 2 37799 4 38048 11 38304 12 38560 13 38816 14 39072 14 39328 14 39584 15 39840 15 40096 15 40352 15 40608 14 40863 15 41120 15 41376 14 41631 14 41887 14 42143 14 42400 14 42656 14 42914 13 43171 12 43428 10 43684 9 43941 8
947c0d94c8213ac7aaa41c4efc95d854246550298259cf1bb489654d0e969050,30574 3 30830 3 31083 6 31339 6 31594 9 31849 10 32106 10 32362 9 32618 9 32874 8 33130 8 33386 3 33391 3
947c0d94c8213ac7aaa41c4efc95d854246550298259cf1bb489654d0e969050,12358 5 12614 6 12869 7 13125 9 13382 5 13638 5 13895 2
947c0d94c8213ac7aaa41c4efc95d854246550298259cf1bb489654d0e969050,1891 6 2144 16 2393 23 2649 23 2904 23 3160 23 3416 23 3673 22 3929 23 4186 22 4444 21 4700 21 4958 18 5216 16 5473 15 5730 13 5987 12
947c0d94c8213ac7aaa41c4efc95d854246550298259cf1bb489654d0e969050,58984 3 59239 8 59495 8 59751 7 60006 8 60261 9 60517 10 60773 10 61028 11 61281 14 61536 17 61792 15 61808 1 62047 16 62302 17 62558 17 62814 10 62825 6 63070 3 63077 3 63083 4 63326 2 63335 1 63582 1 63591 1
947c0d94c8213ac7aaa41c4efc95d854246550298259cf1bb489654d0e969050,60240 3 60496 3 60752 3 61007 5 61261 6 61516 7 61773 6 62029 9 62286 8 62543 7 62800 7 63057 7 63312 3 63316 3
947c0d94c8213ac7aaa41c4efc95d854246550298259cf1bb489654d0e969050,20208 1 20463 5 20717 15 20973 16 21228 19 21485 18 21741 20 21997 20 22254 19 22510 19 22766 19 23023 18 23279 18 23535 18 23792 17 24049 16 24306 15 24563 14 24821 12 25077 12
947c0d94c8213ac7aaa41c4efc95d854246550298259cf1bb489654d0e969050,77141 2 77397 2 77652 3 77904 8 78158 10 78413 11 78668 10 78924 9 79181 4
947c0d94c8213ac7aaa41c4efc95d854246550298259cf1bb489654d0e969050,10409 1 10411 1 10661 10 10916 13 11171 15 11426 16 11682 16 11937 19 12193 20 12450 20 12707 20 12964 20 13220 20 13477 18 13734 16 13990 6
947c0d94c8213ac7aaa41c4efc95d854246550298259cf1bb489654d0e969050,75679 17 75934 18 76189 19 76443 21 76698 22 76953 23 77208 24 77464 24 77720 24 77976 24 78232 24 78488 23 78744 23 79000 21 79255 21 79511 21 79767 20 80023 19 80280 17 80536 17 80794 14 81051 12 81311 5 81569 1
947c0d94c8213ac7aaa41c4efc95d854246550298259cf1bb489654d0e969050,46467 3 46724 3 46982 1 47235 1 47238 1 47491 5 47500 1 47748 4 47755 2 47998 4 48003 5 48011 2 48253 9 48266 3 48508 12 48521 3 48764 16 49020 13 49276 11 49531 10 49786 10 50041 11 50295 11 50551 10 50808 8 51064 7 51322 5 51581 1
947c0d94c8213ac7aaa41c4efc95d854246550298259cf1bb489654d0e969050,51952 1 52208 1 52464 1 52720 2 52723 4 52976 8 53232 8 53488 8 53744 8 54000 5 54007 1 54255 6 54510 5 54766 4 55019 5
947c0d94c8213ac7aaa41c4efc95d854246550298259cf1bb489654d0e969050,70165 2 70419 6 70674 8 70929 9 71183 11 71439 11 71695 11 71951 11 72207 11 72463 11 72719 8 72729 1 72976 7 73234 5 73493 2
947c0d94c8213ac7aaa41c4efc95d854246550298259cf1bb489654d0e969050,52371 5 52626 9 52880 14 53135 16 53391 17 53646 20 53901 22 54157 23 54413 24 54669 24 54925 23 55181 23 55436 23 55692 23 55947 23 56203 23 56459 23 56714 24 56970 23 57226 23 57482 23 57738 22 57995 21 58251 20 58507 19 58763 16 59020 14 59276 12 59533 10 59790 8
947c0d94c8213ac7aaa41c4efc95d854246550298259cf1bb489654d0e969050,52164 5 52422 4 52679 5 52938 2 53194 2 53450 3 53705 4 53958 8 54212 10 54465 11 54725 7 54980 8 55236 6 55492 7 55748 9 56004 9 56260 9 56517 6 56774 4
947c0d94c8213ac7aaa41c4efc95d854246550298259cf1bb489654d0e969050,42720 1 42975 2 43230 4 43486 5 43742 6 43997 8 44253 9 44509 11 44765 11 45021 11 45278 11 45534 10 45790 10 46046 10 46302 9 46558 8 46815 6 47074 2
947c0d94c8213ac7aaa41c4efc95d854246550298259cf1bb489654d0e969050,28775 5 29031 7 29287 8 29543 8 29799 3 29803 4 30055 3 30059 4 30311 8 30567 7 30823 7
947c0d94c8213ac7aaa41c4efc95d854246550298259cf1bb489654d0e969050,112 24 369 23 626 22 882 22 1140 20 1398 18 1657 13 1914 12 2172 5
947c0d94c8213ac7aaa41c4efc95d854246550298259cf1bb489654d0e969050,70385 8 70640 11 70896 12 71152 13 71408 13 71665 13 71920 14 72176 14 72432 14 72687 15 72944 15 73201 13 73458 11 73716 8 73974 4
947c0d94c8213ac7aaa41c4efc95d854246550298259cf1bb489654d0e969050,11350 1 11606 7 11860 12 12114 16 12371 15 12387 1 12627 17 12884 14 13140 13 13396 13 13653 11 13909 9 14166 3
947c0d94c8213ac7aaa41c4efc95d854246550298259cf1bb489654d0e969050,32356 1 32609 4 32865 4 33119 6 33375 8 33628 12 33883 13 34138 11 34394 11 34651 10 34908 9 35164 8 35420 8 35677 6
947c0d94c8213ac7aaa41c4efc95d854246550298259cf1bb489654d0e969050,68802 4 69057 5 69313 5 69569 5 69826 4 70082 3 70338 3 70594 4 70851 4 71107 4 71363 4 71619 4
947c0d94c8213ac7aaa41c4efc95d854246550298259cf1bb489654d0e969050,62886 4 63142 6 63398 6 63651 1 63653 7 63905 11 64161 11 64417 11 64673 11 64924 1 64930 4 65180 1 65185 5 65436 2 65440 6 65692 2 65696 7 65949 9 66207 7 66463 8 66719 8 66975 8 67231 9 67487 9 67743 9 67998 10 68254 10 68510 10 68766 10 69023 9 69279 10 69536 9 69792 9 70049 8 70305 7 70562 6 70819 4
947c0d94c8213ac7aaa41c4efc95d854246550298259cf1bb489654d0e969050,32978 3 33232 6 33488 6 33744 6 34000 6 34257 4 34513 4 34770 4 35028 1
947c0d94c8213ac7aaa41c4efc95d854246550298259cf1bb489654d0e969050,10362 10 10618 10 10872 12 11128 13 11384 14 11640 4 11648 6 11896 14 12152 14 12409 13 12665 13 12921 13 13179 7
947c0d94c8213ac7aaa41c4efc95d854246550298259cf1bb489654d0e969050,8908 3 9163 5 9417 9 9672 11 9927 12 10182 13 10438 13 10693 13 10949 13 11205 12 11461 12 11716 12 11972 12 12227 13 12483 13 12739 13 12996 13 13254 11 13513 8 13771 5
947c0d94c8213ac7aaa41c4efc95d854246550298259cf1bb489654d0e969050,64810 3 65066 4 65322 12 65576 14 65832 14 66087 14 66344 12 66600 12 66856 13 67112 13 67370 9 67626 10 67882 11 68139 8 68396 6 68654 1
947c0d94c8213ac7aaa41c4efc95d854246550298259cf1bb489654d0e969050,70333 1 70587 4 70842 5 71096 7 71350 9 71606 9 71861 9 72116 10 72371 11 72628 8 72885 7 73143 6 73401 5 73657 7 73913 6 74169 6 74425 6 74681 6 74937 6 75194 3
947c0d94c8213ac7aaa41c4efc95d854246550298259cf1bb489654d0e969050,68124 3 68377 8 68632 10 68888 10 69144 11 69399 15 69655 16 69911 16 70167 16 70425 13 70682 12 70938 11 71194 11 71450 11 71706 11 71962 11 72218 7 72474 7 72727 2 72730 5 72983 7 73239 6 73495 3 73751 2
947c0d94c8213ac7aaa41c4efc95d854246550298259cf1bb489654d0e969050,64317 3 64573 6 64829 6 65085 7 65341 7 65590 1 65597 7 65846 2 65853 7 66101 15 66356 16 66612 15 66869 13 67125 12 67379 13 67636 5 67643 4 67893 1
947c0d94c8213ac7aaa41c4efc95d854246550298259cf1bb489654d0e969050,41863 5 42118 13 42373 16 42628 15 42883 22 43138 24 43394 24 43648 27 43903 28 44159 26 44414 27 44670 25 44926 24 45182 23 45439 26 45697 22 45954 5 45960 14 46211 4 46219 5 46470 1
947c0d94c8213ac7aaa41c4efc95d854246550298259cf1bb489654d0e969050,58244 1 58499 3 58754 5 59009 6 59264 7 59520 7 59776 7 60032 7 60288 7 60544 10 60800 9 61056 7 61312 7 61568 7 61822 8 62078 8 62334 8 62589 9 62845 9 63101 3 63105 6 63357 2 63361 7 63613 1 63617 7 63868 2 63875 5 64124 2 64131 5 64387 1 64390 3 64643 1 64646 3 64903 2
947c0d94c8213ac7aaa41c4efc95d854246550298259cf1bb489654d0e969050,177 23 433 25 689 25 946 24 1202 25 1458 25 1716 22 1975 18 2232 17 2489 16 2746 15 3004 12 3260 11
