958114e5f37d5e1420b410bd716753b3e874b175f2b6958ebf1ec2bdf776e41f,149546 8 150064 14 150583 17 151102 20 151621 22 152141 24 152660 26 153180 27 153700 28 154220 29 154741 30 155261 33 155781 37 156301 38 156822 39 157343 39 157863 39 158384 39 158905 38 159426 38 159946 38 160467 37 160988 36 161509 35 162030 33 162551 32 163072 31 163593 29 164114 27 164636 24 165157 21 165679 17 166202 12 166727 2
958114e5f37d5e1420b410bd716753b3e874b175f2b6958ebf1ec2bdf776e41f,272313 3 272830 9 273349 12 273868 14 274388 15 274908 16 275427 18 275947 19 276466 20 276986 21 277505 22 278025 22 278545 23 279065 23 279585 23 280106 22 280626 21 281146 21 281666 22 282186 22 282706 22 283227 21 283747 21 284267 21 284787 21 285307 21 285828 21 286348 21 286868 21 287389 20 287909 20 288430 19 288951 18 289471 18 289992 17 290512 16 291032 16 291553 14 292074 13 292597 9 293119 5
958114e5f37d5e1420b410bd716753b3e874b175f2b6958ebf1ec2bdf776e41f,106674 2 107193 7 107712 10 108231 13 108750 16 109269 18 109788 20 110307 22 110826 24 111345 25 111864 27 112383 28 112903 29 113424 28 113944 28 114463 29 114983 30 115504 29 116024 30 116544 30 117065 29 117585 30 118106 29 118626 28 119147 27 119668 26 120189 25 120711 22 121236 16 121762 8
958114e5f37d5e1420b410bd716753b3e874b175f2b6958ebf1ec2bdf776e41f,214936 3 215452 8 215971 10 215984 4 216489 21 217007 25 217525 28 218044 30 218564 31 219083 32 219603 32 220123 33 220642 34 221162 34 221682 35 222202 35 222722 36 223242 36 223762 36 224282 36 224803 35 225323 35 225843 35 226363 35 226884 34 227405 32 227926 31 228448 28 228970 25 229491 23 230013 20 230535 16
958114e5f37d5e1420b410bd716753b3e874b175f2b6958ebf1ec2bdf776e41f,103690 5 104208 9 104723 17 105243 20 105764 20 106284 21 106803 23 107323 24 107843 25 108363 26 108883 26 109403 26 109923 27 110443 27 110963 27 111483 27 112003 27 112524 26 113044 26 113565 24 114085 23 114606 22 115128 19 115650 13 116171 8
958114e5f37d5e1420b410bd716753b3e874b175f2b6958ebf1ec2bdf776e41f,123274 2 123793 5 124312 7 124830 11 125350 12 125870 12 126390 14 126910 15 127431 16 127951 17 128471 17 128991 18 129511 20 130030 23 130550 24 131071 24 131590 25 132113 23 132633 23 133154 22 133674 22 134194 21 134714 21 135236 18 135759 14 136281 10
958114e5f37d5e1420b410bd716753b3e874b175f2b6958ebf1ec2bdf776e41f,298382 4 298900 7 299418 10 299937 11 300456 13 300975 14 301491 18 302009 20 302526 23 303045 24 303563 26 304082 27 304602 27 305121 28 305641 28 306160 28 306680 28 307200 27 307720 26 308240 26 308761 25 309281 18 309802 16 310323 4 310331 6 310852 4 311372 3 311893 1
958114e5f37d5e1420b410bd716753b3e874b175f2b6958ebf1ec2bdf776e41f,278197 4 278715 6 279233 8 279751 10 280270 11 280789 12 281308 13 281827 14 282346 15 282865 16 283384 17 283903 18 284423 18 284942 19 285462 19 285982 19 286502 19 287022 19 287542 19 288062 19 288583 18 289104 16 289624 15 290145 12 290666 9 291188 5
958114e5f37d5e1420b410bd716753b3e874b175f2b6958ebf1ec2bdf776e41f,157649 8 158168 13 158685 17 159204 19 159723 21 160242 23 160761 24 161281 25 161800 26 162320 27 162840 27 163360 28 163879 29 164399 29 164919 29 165439 30 165959 30 166479 30 167000 29 167520 29 168040 29 168560 29 169081 28 169601 27 170122 26 170642 25 171163 24 171684 22 172205 20 172725 19 173246 17 173767 15 174288 12 174811 5
958114e5f37d5e1420b410bd716753b3e874b175f2b6958ebf1ec2bdf776e41f,193551 6 194069 12 194588 14 195107 17 195626 19 196146 21 196665 23 197185 24 197705 24 198225 25 198745 25 199264 26 199784 27 200304 27 200824 27 201345 26 201865 26 202385 26 202906 25 203426 25 203947 23 204467 23 204987 23 205508 22 206028 22 206549 22 207069 23 207589 23 208110 21 208630 20 209150 20 209671 18 210191 18 210711 18 211232 16 211753 15 212274 13 212795 11 213316 9 213838 7 214360 4
958114e5f37d5e1420b410bd716753b3e874b175f2b6958ebf1ec2bdf776e41f,302817 11 303335 15 303854 17 304373 21 304892 25 305411 27 305931 29 306450 31 306969 32 307489 33 308009 33 308529 33 309049 33 309569 33 310089 33 310609 32 311129 31 311649 30 312169 29 312690 27 313210 26 313730 26 314251 24 314772 22 315292 21 315813 19 316334 17 316857 12 317383 4
958114e5f37d5e1420b410bd716753b3e874b175f2b6958ebf1ec2bdf776e41f,119778 10 120297 12 120817 12 121336 14 121855 16 122374 18 122893 28 123413 29 123934 29 124455 29 124975 30 125496 30 126017 29 126538 28 127059 27 127579 27 128100 26 128621 25 129142 24 129663 23 130184 21 130705 19 131226 17 131749 12 132273 6
958114e5f37d5e1420b410bd716753b3e874b175f2b6958ebf1ec2bdf776e41f,106110 5 106119 1 106629 12 107148 14 107668 14 108187 16 108706 17 109225 19 109744 21 110262 23 110781 25 111300 27 111819 28 112339 27 112859 27 113379 28 113899 29 114419 29 114940 29 115460 29 115981 27 116502 25 117024 12 117041 4 117545 8 118067 3
958114e5f37d5e1420b410bd716753b3e874b175f2b6958ebf1ec2bdf776e41f,84993 4 85511 11 86030 14 86550 15 87069 17 87589 18 88108 19 88628 20 89147 21 89667 21 90186 22 90706 22 91226 22 91746 22 92267 21 92787 21 93307 21 93828 20 94348 19 94869 18 95389 18 95910 16 96431 15 96952 13 97473 11 97995 8 98517 4
958114e5f37d5e1420b410bd716753b3e874b175f2b6958ebf1ec2bdf776e41f,285191 7 285709 10 286228 12 286747 14 287267 15 287786 16 288306 16 288825 17 289345 17 289865 17 290385 17 290905 17 291425 17 291945 17 292465 18 292985 19 293505 20 294025 23 294545 25 295065 26 295585 27 296105 27 296625 27 297145 28 297665 28 298186 27 298707 26 299228 24 299749 23 300270 21 300791 20 301313 17 301834 16 302356 13 302877 11 303398 9 303920 4
958114e5f37d5e1420b410bd716753b3e874b175f2b6958ebf1ec2bdf776e41f,122414 8 122933 10 123452 14 123972 15 124491 17 125011 18 125531 19 126050 21 126570 22 127090 23 127610 23 128130 23 128650 23 129170 24 129690 24 130210 24 130730 25 131250 26 131770 27 132291 25 132811 24 133331 24 133852 23 134372 23 134893 21 135414 20 135935 18 136456 16 136977 14 137500 9
958114e5f37d5e1420b410bd716753b3e874b175f2b6958ebf1ec2bdf776e41f,163756 15 164272 25 164791 29 165309 33 165828 36 166348 37 166868 39 167387 41 167907 42 168427 43 168947 44 169467 44 169987 45 170507 45 171028 44 171548 44 172069 43 172589 43 173109 43 173630 42 174151 40 174672 39 175193 38 175714 36 176236 33 176758 30 177279 28 177800 26 178323 21 178846 16 179371 6
958114e5f37d5e1420b410bd716753b3e874b175f2b6958ebf1ec2bdf776e41f,86418 7 86937 11 87455 17 87974 19 88494 20 89014 21 89534 22 90054 23 90574 24 91094 24 91614 24 92134 25 92655 24 93175 25 93695 25 94216 24 94736 24 95257 23 95777 23 96297 23 96818 22 97339 21 97860 20 98381 18 98902 15 99423 12 99944 8
958114e5f37d5e1420b410bd716753b3e874b175f2b6958ebf1ec2bdf776e41f,7435 3 7951 9 8469 12 8988 14 9507 16 10026 17 10545 19 11064 20 11584 21 12103 22 12623 22 13143 22 13662 23 14182 23 14702 23 15221 24 15741 24 16261 24 16781 23 17301 23 17821 22 18342 21 18862 21 19382 21 19902 20 20422 20 20942 20 21462 19 21982 19 22503 17 23023 17 23544 15 24065 13 24586 11 25107 9 25629 5
958114e5f37d5e1420b410bd716753b3e874b175f2b6958ebf1ec2bdf776e41f,48871 4 49389 9 49907 13 50426 15 50946 15 51465 16 51985 16 52504 17 53024 17 53544 17 54063 18 54583 18 55103 18 55623 18 56143 18 56663 18 57183 18 57704 17 58224 17 58744 17 59264 17 59785 16 60305 16 60825 16 61345 16 61865 16 62386 15 62906 15 63426 15 63946 15 64466 15 64986 15 65506 15 66026 15 66547 14 67067 14 67587 14 68107 14 68627 14 69148 13 69668 13 70189 12 70709 12 71230 11 71751 10 72271 10 72792 9 73313 8 73833 8 74354 7 74875 6 75396 5 75917 4 76439 2
958114e5f37d5e1420b410bd716753b3e874b175f2b6958ebf1ec2bdf776e41f,324844 3 325363 7 325881 11 326399 15 326918 18 327437 22 327956 25 328476 27 328996 28 329516 30 330036 31 330556 31 331076 31 331597 30 332117 30 332637 30 333158 29 333678 28 334199 27 334720 25 335240 24 335761 23 336282 21 336802 20 337322 19 337842 15 338362 14 338883 12 339403 11 339923 11 340444 9 340964 9 341485 7 342006 3
958114e5f37d5e1420b410bd716753b3e874b175f2b6958ebf1ec2bdf776e41f,14845 7 15362 12 15880 15 16399 16 16917 19 17435 21 17954 23 18473 24 18992 25 19511 26 20031 26 20550 27 21070 27 21590 27 22110 26 22630 26 23150 26 23670 25 24190 25 24710 24 25231 23 25751 22 26272 20 26793 18 27314 16 27835 14 28357 10
958114e5f37d5e1420b410bd716753b3e874b175f2b6958ebf1ec2bdf776e41f,440 26 960 26 1481 25 2002 24 2523 24 3044 23 3565 22 4087 20 4608 19 5128 19 5649 18 6170 17 6691 16 7212 14 7733 13 8254 11 8775 9 9296 7 9818 3
958114e5f37d5e1420b410bd716753b3e874b175f2b6958ebf1ec2bdf776e41f,221978 7 222497 9 223016 11 223536 12 224056 13 224575 16 225095 17 225614 19 226134 19 226654 20 227173 21 227693 21 228212 22 228732 23 229253 22 229773 22 230293 22 230813 21 231333 21 231854 20 232375 18 232896 16 233417 11 233943 2
958114e5f37d5e1420b410bd716753b3e874b175f2b6958ebf1ec2bdf776e41f,96254 3 96773 5 97293 7 97812 10 98332 11 98852 13 99371 16 99891 17 100410 20 100930 22 101449 24 101969 25 102488 27 103006 29 103524 31 104042 33 104561 34 105080 35 105600 35 106120 35 106641 33 107162 31 107682 30 108203 28 108723 27 109244 25 109765 23 110285 22 110806 20 111327 18 111847 17
958114e5f37d5e1420b410bd716753b3e874b175f2b6958ebf1ec2bdf776e41f,26661 5 27180 8 27698 12 28216 16 28735 18 29254 19 29774 20 30294 21 30814 22 31334 23 31854 25 32374 27 32895 27 33416 27 33936 28 34457 28 34978 28 35499 28 36019 28 36540 27 37060 27 37581 26 38102 25 38622 25 39143 24 39664 23 40185 21 40711 13
958114e5f37d5e1420b410bd716753b3e874b175f2b6958ebf1ec2bdf776e41f,223153 6 223671 9 224189 12 224708 14 225227 15 225746 16 226266 17 226785 18 227304 19 227824 19 228344 19 228863 21 229383 21 229903 21 230422 22 230942 22 231462 22 231983 21 232503 22 233023 22 233543 22 234064 22 234584 22 235105 21 235626 20 236147 19 236668 18 237189 17 237710 15 238231 14 238752 13 239274 10 239796 7 240318 4
958114e5f37d5e1420b410bd716753b3e874b175f2b6958ebf1ec2bdf776e41f,206367 5 206883 12 207400 16 207919 18 208438 19 208957 21 209477 21 209996 22 210515 23 211034 24 211553 24 212072 25 212591 25 213110 26 213629 27 214148 28 214668 28 215188 28 215709 27 216229 27 216750 26 217271 25 217792 24 218313 23 218835 20 219356 17 219877 13
958114e5f37d5e1420b410bd716753b3e874b175f2b6958ebf1ec2bdf776e41f,346700 7 347218 10 347737 12 348256 13 348775 14 349294 16 349813 17 350332 18 350851 19 351370 20 351890 20 352409 21 352929 21 353448 21 353967 22 354486 23 355006 23 355526 22 356045 23 356564 23 357084 23 357604 23 358123 23 358643 23 359162 23 359682 23 360201 24 360721 23 361241 23 361761 23
958114e5f37d5e1420b410bd716753b3e874b175f2b6958ebf1ec2bdf776e41f,311937 9 312454 14 312972 17 313489 21 314007 24 314526 25 315045 27 315564 28 316083 29 316603 29 317122 30 317642 29 318161 30 318681 29 319201 28 319721 27 320241 26 320761 24 321281 23 321801 22 322321 20 322841 18 323361 16 323882 14 324403 12 324925 8
958114e5f37d5e1420b410bd716753b3e874b175f2b6958ebf1ec2bdf776e41f,359424 10 359943 13 360461 16 360980 18 361500 18
958114e5f37d5e1420b410bd716753b3e874b175f2b6958ebf1ec2bdf776e41f,153021 13 153538 19 154054 27 154572 31 155091 34 155610 36 156129 37 156648 39 157167 40 157687 41 158207 41 158727 41 159247 41 159767 41 160287 41 160807 41 161328 40 161848 39 162369 37 162890 36 163411 34 163932 32 164454 29 164978 23 165507 10
958114e5f37d5e1420b410bd716753b3e874b175f2b6958ebf1ec2bdf776e41f,21694 4 22211 10 22730 12 23249 15 23768 17 24288 18 24808 19 25327 21 25847 22 26366 25 26886 26 27406 27 27926 28 28446 28 28966 29 29487 28 30008 28 30529 27 31050 26 31570 26 32091 25 32612 24 33134 22 33655 21 34176 19 34697 18 35219 15 35742 11 36265 6
958114e5f37d5e1420b410bd716753b3e874b175f2b6958ebf1ec2bdf776e41f,193659 7 194178 9 194697 10 195216 12 195736 12 196256 13 196775 14 197295 15 197815 16 198335 17 198854 18 199374 19 199894 19 200414 19 200934 20 201454 20 201974 20 202494 20 203014 20 203534 20 204054 20 204574 20 205094 20 205614 20 206134 20 206654 20 207174 20 207694 20 208215 18 208735 18 209255 17 209776 16 210297 14 210818 12 211339 9 211861 6
958114e5f37d5e1420b410bd716753b3e874b175f2b6958ebf1ec2bdf776e41f,106463 5 106981 8 107500 10 108019 12 108538 14 109058 15 109577 17 110097 17 110617 18 111136 20 111655 21 112175 21 112694 23 113214 23 113734 23 114254 23 114773 24 115293 24 115813 24 116333 24 116853 24 117373 24 117893 24 118413 24 118933 23 119454 22 119974 21 120494 21 121014 20 121534 20 122054 19 122574 18 123094 17 123614 16 124135 14 124655 13 125175 12 125695 10 126216 8 126737 5
958114e5f37d5e1420b410bd716753b3e874b175f2b6958ebf1ec2bdf776e41f,77492 5 78006 14 78525 17 79043 20 79562 21 80081 23 80601 23 81121 23 81641 23 82161 23 82681 23 83201 23 83721 23 84241 23 84761 22 85281 21 85801 20 86321 19 86841 18 87362 15 87883 13 88404 10
958114e5f37d5e1420b410bd716753b3e874b175f2b6958ebf1ec2bdf776e41f,139817 7 140335 10 140852 14 141370 17 141888 19 142405 22 142923 25 143441 27 143960 28 144478 30 144997 31 145516 32 146035 32 146554 33 147074 32 147594 32 148114 31 148634 31 149155 30 149676 28 150197 26 150718 25 151243 19 151772 9
958114e5f37d5e1420b410bd716753b3e874b175f2b6958ebf1ec2bdf776e41f,237947 3 238464 9 238983 12 239502 14 240021 16 240541 17 241061 18 241581 19 242101 19 242621 20 243141 20 243662 20 244182 20 244702 20 245223 19 245743 20 246263 20 246784 19 247304 20 247824 20 248345 19 248865 19 249386 19 249906 19 250426 19 250947 18 251467 18 251988 17 252509 16 253029 17 253549 17 254070 16 254590 16 255111 15 255631 15 256152 14 256672 14 257193 13 257713 12 258234 11 258754 10 259275 8 259799 3
958114e5f37d5e1420b410bd716753b3e874b175f2b6958ebf1ec2bdf776e41f,290822 6 291339 12 291858 15 292377 17 292896 19 293415 21 293934 23 294453 24 294973 25 295493 25 296012 26 296532 27 297052 27 297572 27 298092 27 298612 27 299133 26 299653 26 300173 26 300694 25 301215 23 301736 22 302256 22 302777 21 303297 20 303818 19 304339 17 304861 14 305382 12 305904 9
958114e5f37d5e1420b410bd716753b3e874b175f2b6958ebf1ec2bdf776e41f,186159 2 186677 4 187196 5 187715 6 188234 7 188753 8 189273 8 189792 9 190312 9 190831 10 191351 10 191871 10 192391 10 192911 10 193431 10 193951 10 194471 10 194991 10 195512 9 196032 9 196552 9 197072 9 197593 8 198114 7 198634 7 199155 6 199677 4 200199 2
958114e5f37d5e1420b410bd716753b3e874b175f2b6958ebf1ec2bdf776e41f,324224 7 324739 13 325257 16 325775 19 326294 21 326812 24 327331 26 327850 27 328369 28 328889 28 329409 29 329929 29 330449 29 330970 28 331491 27 332015 22 332539 17 333061 14 333584 10 334109 4
958114e5f37d5e1420b410bd716753b3e874b175f2b6958ebf1ec2bdf776e41f,346809 6 347327 9 347844 13 348362 17 348881 20 349380 10 349400 22 349898 14 349919 24 350417 16 350438 26 350936 18 350958 26 351455 20 351477 27 351975 49 352494 50 353013 51 353533 51 354052 52 354572 52 355091 53 355611 53 356130 53 356650 53 357170 25 357197 25 357690 24 357718 23 358210 24 358239 21 358731 23 358760 19 359251 23 359282 15 359771 22 359806 9 360292 21 360812 20 361333 18 361854 16
958114e5f37d5e1420b410bd716753b3e874b175f2b6958ebf1ec2bdf776e41f,154135 6 154653 9 155171 11 155689 13 156206 16 156724 18 157242 19 157760 20 158279 21 158798 21 159317 21 159835 22 160354 22 160873 23 161392 23 161911 23 162429 24 162948 24 163468 23 163987 23 164506 23 165026 22 165545 22 166064 22 166584 21 167104 19 167624 18 168144 18 168664 17 169184 17 169705 15 170226 13 170747 11 171268 8
958114e5f37d5e1420b410bd716753b3e874b175f2b6958ebf1ec2bdf776e41f,82957 5 83476 8 83995 11 84514 13 85034 14 85553 16 86073 17 86593 17 87113 18 87633 18 88153 19 88673 19 89193 20 89714 19 90234 19 90754 20 91274 20 91795 19 92315 19 92835 19 93355 20 93876 19 94396 18 94916 18 95437 17 95957 17 96477 16 96998 15 97518 14 98039 12 98560 9 99083 3
958114e5f37d5e1420b410bd716753b3e874b175f2b6958ebf1ec2bdf776e41f,33376 8 33894 13 34413 16 34932 18 35451 20 35971 21 36491 22 37010 24 37530 24 38050 25 38570 25 39090 26 39610 26 40130 26 40651 25 41171 25 41692 24 42212 24 42733 23 43254 22 43775 20 44296 19 44817 10 44828 6 45339 8 45349 4 45861 5 45872 1 46392 1
958114e5f37d5e1420b410bd716753b3e874b175f2b6958ebf1ec2bdf776e41f,91364 10 91883 13 92402 16 92922 16 93441 17 93961 17 94480 18 95000 18 95519 19 96039 19 96559 19 97079 19 97599 19 98118 20 98638 20 99158 20 99678 20 100198 20 100717 21 101237 21 101757 21 102277 20 102797 20 103316 21 103836 21 104356 21 104876 21 105396 20 105916 20 106436 20 106957 19 107478 17 107998 17 108519 15 109040 14 109561 12 110083 9
958114e5f37d5e1420b410bd716753b3e874b175f2b6958ebf1ec2bdf776e41f,68696 7 69212 15 69730 21 70249 24 70768 27 71287 29 71807 30 72326 32 72846 33 73366 33 73886 34 74406 34 74926 34 75446 34 75967 33 76488 32 77009 31 77530 29 78052 27 78573 25 79098 18 79624 10
958114e5f37d5e1420b410bd716753b3e874b175f2b6958ebf1ec2bdf776e41f,244114 10 244631 15 245150 18 245669 20 246187 23 246706 24 247225 26 247744 27 248263 28 248782 29 249302 29 249821 30 250341 30 250860 30 251380 30 251899 30 252418 30 252938 29 253458 27 253977 27 254497 25 255017 22 255537 20 256057 18 256578 15 257099 11 257621 2
958114e5f37d5e1420b410bd716753b3e874b175f2b6958ebf1ec2bdf776e41f,227618 14 228134 21 228652 26 229170 29 229688 33 230207 35 230726 37 231245 38 231764 40 232283 41 232803 41 233323 41 233843 41 234363 41 234883 41 235404 40 235924 40 236444 40 236965 39 237485 38 238006 37 238527 35 239048 33 239570 30 240091 28 240613 25 241136 21 241660 15 242184 8
958114e5f37d5e1420b410bd716753b3e874b175f2b6958ebf1ec2bdf776e41f,59405 10 59923 14 60441 17 60960 20 61480 21 61999 23 62518 25 63038 26 63558 27 64078 27 64598 27 65117 28 65637 29 66157 29 66677 29 67197 29 67718 27 68238 27 68758 27 69279 25 69800 23 70320 22 70841 20 71362 18 71883 16 72405 12 72927 8
958114e5f37d5e1420b410bd716753b3e874b175f2b6958ebf1ec2bdf776e41f,221797 5 222318 4 222838 4 223358 4 223878 4 224398 4
958114e5f37d5e1420b410bd716753b3e874b175f2b6958ebf1ec2bdf776e41f,2482 8 2999 15 3517 18 4035 22 4553 25 5071 27 5590 29 6109 30 6628 31 7147 33 7666 34 8185 36 8705 36 9225 36 9745 36 10265 36 10785 36 11305 36 11825 36 12346 35 12866 34 13387 32 13907 31 14428 29 14949 25 15471 21 15992 18 16514 15 17037 7
958114e5f37d5e1420b410bd716753b3e874b175f2b6958ebf1ec2bdf776e41f,325518 3 326036 5 326555 6 327074 7 327593 8 328112 9 328631 10 329150 11 329670 11 330189 12 330708 13 331227 14 331747 14 332266 15 332785 16 333305 16 333825 16 334345 16 334864 17 335384 17 335904 17 336424 17 336944 17 337464 17 337984 17 338505 16 339025 16 339545 16 340066 15 340587 14 341108 13 341629 12 342151 6
958114e5f37d5e1420b410bd716753b3e874b175f2b6958ebf1ec2bdf776e41f,341848 6 342368 7 342888 8 343408 8 343929 7 344450 6 344971 5
958114e5f37d5e1420b410bd716753b3e874b175f2b6958ebf1ec2bdf776e41f,76924 9 77439 15 77958 18 78478 19 78998 20 79518 21 80038 22 80557 24 81077 24 81597 25 82117 25 82637 26 83157 27 83677 27 84197 28 84717 28 85237 28 85758 27 86279 27 86799 27 87320 26 87840 26 88361 25 88882 24 89402 24 89922 24 90442 24 90963 23 91483 22 92004 21 92525 20 93046 19 93567 18 94088 16 94609 15 95129 14 95650 12 96171 10 96693 7 97215 3
958114e5f37d5e1420b410bd716753b3e874b175f2b6958ebf1ec2bdf776e41f,203736 12 204252 20 204769 25 205288 27 205807 28 206326 30 206845 31 207364 32 207883 33 208403 34 208922 35 209442 35 209962 34 210481 34 211001 33 211521 32 212042 30 212562 29 213082 28 213603 26 214123 23 214644 21 215164 20 215685 17 216207 14 216728 11 217250 6
958114e5f37d5e1420b410bd716753b3e874b175f2b6958ebf1ec2bdf776e41f,295439 14 295955 20 296474 22 296992 25 297511 27 298030 28 298549 30 299068 31 299587 33 300107 33 300626 34 301146 34 301666 34 302186 34 302706 34 303226 33 303747 32 304267 31 304788 29 305309 27 305831 24 306353 20 306878 5
958114e5f37d5e1420b410bd716753b3e874b175f2b6958ebf1ec2bdf776e41f,87771 5 88289 9 88808 12 89327 14 89846 16 90366 17 90886 18 91405 19 91925 20 92445 21 92965 22 93485 23 94006 22 94526 23 95046 23 95567 22 96087 22 96608 21 97128 21 97649 20 98169 19 98690 18 99211 16 99732 15 100255 11 100776 9
958114e5f37d5e1420b410bd716753b3e874b175f2b6958ebf1ec2bdf776e41f,271766 10 272280 18 272798 21 273316 24 273833 27 274352 29 274870 31 275389 33 275908 34 276427 36 276947 36 277466 37 277985 38 278505 38 279024 38 279544 38 280063 38 280583 38 281103 37 281623 36 282143 36 282663 35 283184 33 283704 32 284224 30 284745 28 285266 25 285787 21 286308 18 286829 13 287351 7
958114e5f37d5e1420b410bd716753b3e874b175f2b6958ebf1ec2bdf776e41f,113078 4 113596 8 114115 10 114634 12 115153 14 115672 16 116191 17 116711 18 117231 19 117751 19 118271 19 118791 19 119311 19 119831 19 120351 19 120871 19 121391 19 121911 19 122431 19 122951 19 123471 19 123991 19 124511 19 125031 19 125552 18 126072 18 126592 18 127113 17 127633 17 128153 17 128673 17 129194 16 129714 15 130234 14 130755 12 131276 10 131797 8
958114e5f37d5e1420b410bd716753b3e874b175f2b6958ebf1ec2bdf776e41f,22014 4 22531 11 23050 13 23569 15 24089 16 24608 18 25128 19 25648 20 26167 22 26687 22 27207 23 27726 24 28245 25 28763 28 29282 29 29801 30 30321 30 30841 30 31361 30 31880 31 32401 30 32922 29 33443 28 33964 27 34485 26 35006 24 35527 23 36048 21 36570 18 37091 16 37612 14 38133 12 38654 10 39175 7
958114e5f37d5e1420b410bd716753b3e874b175f2b6958ebf1ec2bdf776e41f,174867 4 175384 11 175902 15 176420 20 176939 23 177459 25 177978 27 178498 28 179017 30 179537 30 180057 31 180577 31 181097 32 181617 32 182137 32 182657 33 183177 33 183697 33 184217 33 184737 33 185258 32 185778 32 186298 32 186818 32 187338 32 187858 32 188378 32 188898 31 189418 31 189938 31 190458 30 190979 28 191499 26 192019 23 192540 21 193061 18 193582 15 194105 9
958114e5f37d5e1420b410bd716753b3e874b175f2b6958ebf1ec2bdf776e41f,134752 5 135268 11 135785 15 136304 17 136823 18 137342 19 137860 22 138379 23 138899 23 139418 24 139937 24 140457 24 140976 25 141496 25 142016 25 142536 24 143056 24 143576 24 144096 23 144616 23 145136 22 145656 22 146177 21 146698 19 147219 17 147740 15 148261 13 148783 8 149305 3
958114e5f37d5e1420b410bd716753b3e874b175f2b6958ebf1ec2bdf776e41f,251615 16 252134 18 252648 25 253150 43 253664 49 254183 51 254702 52 255221 53 255740 53 256260 53 256780 52 257300 51 257820 49 258340 48 258860 46 259381 43 259901 41 260422 39 260943 36 261464 34 261986 30 262507 27 263031 19 263552 11
958114e5f37d5e1420b410bd716753b3e874b175f2b6958ebf1ec2bdf776e41f,279955 8 280471 15 280988 19 281504 24 282021 28 282540 30 283059 32 283578 33 284097 34 284617 34 285137 34 285657 34 286177 34 286697 33 287217 33 287738 31 288259 30 288780 28 289302 25 289823 22 290346 17 290868 14
958114e5f37d5e1420b410bd716753b3e874b175f2b6958ebf1ec2bdf776e41f,89518 6 90036 10 90554 14 91073 16 91592 18 92111 21 92631 22 93150 24 93670 25 94190 26 94710 26 95230 27 95750 27 96270 27 96790 28 97311 27 97831 27 98352 26 98873 25 99393 25 99914 24 100435 22 100957 20 101479 17 102001 14 102524 10
958114e5f37d5e1420b410bd716753b3e874b175f2b6958ebf1ec2bdf776e41f,183056 7 183574 11 184092 15 184611 17 185130 20 185650 21 186169 23 186689 24 187208 26 187728 27 188248 28 188769 28 189289 28 189809 29 190329 29 190849 29 191370 28 191891 27 192412 26 192933 24 193455 21 193976 19 194498 16 195021 11 195544 4
958114e5f37d5e1420b410bd716753b3e874b175f2b6958ebf1ec2bdf776e41f,26 23 546 23 1066 23 1586 22 2106 22 2627 21 3147 20 3667 20 4187 20 4707 19 5227 19 5747 18 6268 17 6788 17 7309 15 7829 14 8350 13 8871 11 9391 11 9912 9 10434 5
958114e5f37d5e1420b410bd716753b3e874b175f2b6958ebf1ec2bdf776e41f,138280 3 138798 6 139316 14 139835 16 140354 21 140874 23 141393 26 141912 28 142432 29 142952 29 143471 31 143991 31 144511 31 145031 31 145551 31 146070 32 146590 32 147110 31 147630 31 148150 30 148670 30 149190 29 149710 28 150230 27 150751 25 151272 23 151793 21 152314 18 152835 15 153357 12 153878 9
958114e5f37d5e1420b410bd716753b3e874b175f2b6958ebf1ec2bdf776e41f,265974 17 266492 21 267010 25 267528 28 268046 31 268565 33 269084 35 269601 38 270120 39 270638 41 271157 42 271676 43 272196 43 272716 43 273236 42 273756 42 274276 41 274796 41 275316 41 275837 41 276358 40 276880 31 277401 29 277926 19 277948 1 278447 5 278458 6
958114e5f37d5e1420b410bd716753b3e874b175f2b6958ebf1ec2bdf776e41f,233999 2 234518 3 235037 4 235557 4 236077 4 236597 4 237117 4 237637 4 238158 3 238679 2
958114e5f37d5e1420b410bd716753b3e874b175f2b6958ebf1ec2bdf776e41f,352888 7 353407 10 353925 13 354443 15 354962 17 355481 18 356000 20 356520 20 357039 21 357559 21 358079 21 358598 22 359118 22 359638 22 360158 22 360678 21 361198 21 361718 20
958114e5f37d5e1420b410bd716753b3e874b175f2b6958ebf1ec2bdf776e41f,244017 10 244535 14 245054 17 245572 20 246091 21 246610 23 247130 24 247649 26 248169 26 248688 28 249208 28 249728 28 250248 28 250767 29 251287 30 251807 30 252327 30 252846 31 253366 31 253885 32 254405 32 254925 32 255445 32 255965 32 256485 32 257005 33 257525 33 258045 33 258565 33 259085 34 259606 33 260126 33 260646 33 261167 32 261687 33 262208 32 262728 31 263249 30 263770 29 264290 29 264811 27 265332 26 265853 24 266374 22 266895 20 267416 18 267939 13 268462 8
958114e5f37d5e1420b410bd716753b3e874b175f2b6958ebf1ec2bdf776e41f,94063 7 94582 10 95101 12 95620 15 96140 16 96659 18 97179 19 97699 20 98219 21 98739 22 99259 22 99779 23 100299 24 100820 23 101340 24 101860 24 102381 23 102901 24 103422 23 103943 23 104464 23 104984 23 105505 23 106026 23 106547 22 107068 22 107588 22 108109 22 108630 21 109151 20 109672 19 110193 18 110714 17 111236 15 111757 13 112279 11 112800 9
958114e5f37d5e1420b410bd716753b3e874b175f2b6958ebf1ec2bdf776e41f,59060 6 59578 11 60097 13 60616 16 61135 18 61655 19 62174 21 62694 22 63214 23 63733 25 64253 26 64773 27 65293 27 65813 27 66333 28 66854 27 67374 27 67894 27 68414 27 68934 27 69454 27 69975 25 70495 25 71016 23 71536 23 72057 21 72577 20 73098 18 73619 17 74140 15 74661 14 75182 12 75703 10 76225 5
958114e5f37d5e1420b410bd716753b3e874b175f2b6958ebf1ec2bdf776e41f,209398 2 209403 10 209890 45 210408 48 210926 51 211445 52 211964 54 212484 55 213003 56 213523 56 214043 56 214563 56 215083 56 215603 55 216123 55 216644 53 217164 52 217685 50 218206 48 218727 46 219248 43 219770 40 220291 37 220814 31 221337 25 221861 17
958114e5f37d5e1420b410bd716753b3e874b175f2b6958ebf1ec2bdf776e41f,154997 4 155516 6 156035 8 156553 11 157072 12 157591 13 158110 15 158629 17 159148 19 159667 23 160186 25 160705 26 161224 27 161744 27 162264 27 162785 26 163305 25 163825 25 164345 24 164865 23 165386 22 165906 21 166427 18 166948 14 167468 12 167988 10 168509 7 169032 2
958114e5f37d5e1420b410bd716753b3e874b175f2b6958ebf1ec2bdf776e41f,264781 2 265299 8 265818 10 266337 12 266856 13 267375 15 267894 16 268413 17 268932 18 269451 19 269970 20 270489 21 271008 23 271528 23 272047 24 272566 25 273085 26 273604 27 274123 28 274642 29 275161 30 275681 30 276201 29 276721 29 277241 29 277762 28 278282 27 278803 26 279324 24 279845 21 280366 18 280888 13 281410 8
958114e5f37d5e1420b410bd716753b3e874b175f2b6958ebf1ec2bdf776e41f,38796 6 39315 9 39834 11 40353 13 40872 15 41392 16 41911 18 42431 19 42951 19 43471 20 43991 21 44511 21 45031 22 45552 22 46072 22 46592 23 47113 23 47633 23 48154 23 48674 24 49195 23 49716 22 50236 22 50757 21 51278 20 51799 19 52320 18 52841 16 53363 13 53885 10 54407 7
958114e5f37d5e1420b410bd716753b3e874b175f2b6958ebf1ec2bdf776e41f,103999 2 104518 3 105037 4 105556 5 106076 5 106595 6 107115 6 107634 7 108153 8 108673 8 109192 9 109712 9 110232 9 110751 10 111271 10 111791 10 112311 10 112831 10 113351 10 113871 10 114391 10 114911 10 115431 10 115951 10 116471 10 116991 10 117511 10 118031 10 118551 10 119072 9 119592 9 120113 8 120633 8 121153 8 121674 7 122194 7 122715 6 123235 6 123755 6 124276 5 124796 5 125317 4 125838 3
958114e5f37d5e1420b410bd716753b3e874b175f2b6958ebf1ec2bdf776e41f,41353 9 41871 13 42389 16 42908 18 43428 19 43947 21 44467 22 44986 23 45506 24 46026 25 46545 26 47065 27 47585 27 48105 28 48625 28 49146 27 49666 27 50186 27 50707 26 51227 26 51747 26 52268 25 52788 25 53308 25 53829 24 54349 23 54870 22 55390 21 55911 20 56432 18 56952 18 57473 16 57995 13 58518 5
958114e5f37d5e1420b410bd716753b3e874b175f2b6958ebf1ec2bdf776e41f,53518 5 54035 11 54553 14 55072 16 55591 18 56111 19 56630 20 57149 21 57668 23 58188 23 58707 24 59227 24 59747 24 60267 24 60787 25 61307 25 61827 24 62347 24 62867 23 63387 23 63907 22 64427 20 64948 18 65469 14 65989 12 66510 10 67033 4
958114e5f37d5e1420b410bd716753b3e874b175f2b6958ebf1ec2bdf776e41f,107223 7 107742 11 108261 16 108780 21 109300 23 109820 24 110340 25 110860 26 111380 27 111901 27 112422 27 112942 27 113463 27 113984 26 114506 25 115027 24 115547 25 116068 24 116589 24 117109 25 117630 24 118151 24 118672 23 119193 23 119714 22 120235 21 120756 21 121277 20 121798 19 122319 18 122839 17 123360 15 123882 12 124404 9
958114e5f37d5e1420b410bd716753b3e874b175f2b6958ebf1ec2bdf776e41f,280182 9 280701 12 281220 14 281739 17 282258 19 282777 22 283297 23 283817 25 284337 26 284857 27 285377 28 285897 29 286417 30 286937 31 287457 31 287977 32 288498 31 289018 32 289539 31 290060 30 290581 29 291101 29 291622 28 292143 27 292664 25 293186 23 293708 20 294230 17 294752 14 295278 2
958114e5f37d5e1420b410bd716753b3e874b175f2b6958ebf1ec2bdf776e41f,205441 10 205960 13 206479 16 206999 17 207518 20 208038 21 208559 20 209079 21 209600 21 210121 21 210641 21 211161 22 211682 21 212202 22 212722 22 213243 22 213763 22 214284 22 214805 21 215326 20 215847 19 216368 18 216889 17 217410 16 217932 14 218453 13 218974 12 219496 9 220019 4
958114e5f37d5e1420b410bd716753b3e874b175f2b6958ebf1ec2bdf776e41f,313374 9 313893 12 314412 14 314931 15 315450 17 315969 18 316488 19 317008 20 317527 21 318046 22 318566 21 319085 22 319605 22 320124 23 320643 23 321163 23 321683 22 322203 22 322723 22 323243 21 323763 21 324283 20 324803 20 325323 19 325843 18 326363 17 326884 14 327405 12 327926 10 328448 7
958114e5f37d5e1420b410bd716753b3e874b175f2b6958ebf1ec2bdf776e41f,1 19 521 19 1041 19 1561 18 2081 18 2601 17 3121 16 3641 15 4161 14 4681 13 5201 13 5721 12
958114e5f37d5e1420b410bd716753b3e874b175f2b6958ebf1ec2bdf776e41f,243652 3 244169 7 244684 12 245201 16 245719 19 246238 21 246756 24 247275 25 247794 26 248314 26 248833 27 249353 27 249872 28 250392 28 250912 28 251432 27 251953 26 252473 25 252994 24 253516 21 254037 20 254560 16
958114e5f37d5e1420b410bd716753b3e874b175f2b6958ebf1ec2bdf776e41f,121321 5 121838 11 122357 13 122876 15 123396 17 123915 19 124435 20 124955 20 125475 21 125995 22 126515 23 127035 24 127555 24 128076 24 128596 25 129116 26 129637 26 130157 27 130678 26 131198 26 131719 24 132240 23 132761 22 133281 22 133802 21 134323 19 134844 17 135365 15 135887 11 136410 6
958114e5f37d5e1420b410bd716753b3e874b175f2b6958ebf1ec2bdf776e41f,89826 11 90344 14 90862 17 91381 19 91900 21 92418 23 92938 23 93458 23 93978 23 94498 23 95018 23 95538 23 96058 23 96578 22 97098 22 97618 22 98138 21 98658 20 99178 20 99698 19 100218 17 100738 16 101258 15 101778 13 102297 12 102817 10 103337 8
958114e5f37d5e1420b410bd716753b3e874b175f2b6958ebf1ec2bdf776e41f,306278 3 306795 6 307314 7 307833 8 308352 9 308872 9 309392 9 309912 9 310432 9 310952 9 311473 8 311994 7 312515 6 313036 5 313559 2
958114e5f37d5e1420b410bd716753b3e874b175f2b6958ebf1ec2bdf776e41f,208131 2 208650 4 208659 2 209170 15 209689 20 210209 22 210729 24 211248 26 211768 26 212287 28 212806 29 213325 30 213845 30 214366 30 214886 30 215406 30 215926 30 216446 30 216966 30 217486 30 218007 29 218528 27 219049 26 219570 25 220092 23 220614 21 221135 20 221656 19 222177 17 222698 16 223219 15 223740 13 224261 11 224783 5
958114e5f37d5e1420b410bd716753b3e874b175f2b6958ebf1ec2bdf776e41f,24768 8 25287 11 25806 14 26326 16 26845 18 27365 19 27885 20 28405 21 28925 22 29445 23 29966 23 30486 24 31006 24 31527 23 32047 23 32567 24 33088 23 33608 23 34129 22 34649 22 35170 21 35690 22 36210 22 36731 22 37252 21 37772 21 38293 20 38814 18 39334 18 39855 17 40376 16 40897 14 41418 12 41940 9 42461 7
958114e5f37d5e1420b410bd716753b3e874b175f2b6958ebf1ec2bdf776e41f,47841 4 48361 5 48881 7 49401 8 49921 9 50441 10 50961 12 51481 13 52001 14 52521 15 53041 16 53561 17 54081 18 54601 19 55121 19 55641 19 56161 20 56681 20 57201 20 57721 20 58241 20 58762 18 59284 16 59805 14 60327 11 60849 7
958114e5f37d5e1420b410bd716753b3e874b175f2b6958ebf1ec2bdf776e41f,218654 11 219172 16 219690 19 220209 22 220729 24 221249 25 221769 26 222288 28 222808 30 223329 29 223849 29 224369 29 224889 31 225410 29 225931 27 226452 25 226973 24 227494 22 228015 20 228537 16 229061 10
958114e5f37d5e1420b410bd716753b3e874b175f2b6958ebf1ec2bdf776e41f,63324 2 63829 7 63840 11 64344 28 64862 32 65381 34 65900 36 66419 37 66939 38 67459 38 67979 38 68499 38 69019 38 69540 38 70060 38 70581 37 71102 37 71623 36 72144 35 72665 34 73187 32 73709 30 74231 28 74753 25 75275 23 75798 19 76320 16 76843 12
958114e5f37d5e1420b410bd716753b3e874b175f2b6958ebf1ec2bdf776e41f,254107 7 254625 13 255144 18 255663 21 256182 23 256701 26 257221 27 257741 27 258260 29 258780 30 259300 30 259820 31 260341 30 260861 31 261382 30 261902 30 262423 29 262944 28 263466 26 263989 23 264511 20 265033 17 265554 16 266077 12
958114e5f37d5e1420b410bd716753b3e874b175f2b6958ebf1ec2bdf776e41f,312625 8 313141 19 313659 25 314178 28 314697 30 315216 33 315736 34 316256 35 316775 37 317295 37 317815 38 318336 37 318856 37 319376 37 319897 36 320417 36 320938 35 321459 33 321979 32 322500 30 323021 27 323542 24 324064 13 324587 7
958114e5f37d5e1420b410bd716753b3e874b175f2b6958ebf1ec2bdf776e41f,338685 5 339202 11 339720 14 340237 18 340754 22 341273 23 341792 25 342311 26 342830 27 343350 26 343870 26 344390 27 344910 27 345430 27 345950 27 346470 27 346990 27 347511 26 348031 26 348551 26 349072 24 349592 24 350113 23 350633 23 351153 23 351674 22 352194 21 352714 21 353235 20 353756 18 354277 16 354799 13 355320 8 355842 4
958114e5f37d5e1420b410bd716753b3e874b175f2b6958ebf1ec2bdf776e41f,93757 8 94273 14 94791 17 95310 20 95829 22 96348 23 96867 25 97387 25 97906 27 98425 28 98944 29 99464 30 99983 31 100503 31 101023 31 101542 31 102062 31 102582 30 103102 29 103622 28 104142 27 104662 26 105183 24 105704 21 106224 20 106745 18 107266 15 107788 11 108310 3
958114e5f37d5e1420b410bd716753b3e874b175f2b6958ebf1ec2bdf776e41f,703 7 1220 13 1739 16 2258 19 2777 21 3297 22 3816 24 4336 24 4856 25 5376 26 5896 26 6416 26 6936 26 7456 27 7976 27 8496 27 9016 27 9536 27 10057 25 10577 25 11097 25 11618 24 12138 24 12658 23 13179 22 13699 22 14220 20 14741 19 15262 18 15783 16 16304 14 16826 10
958114e5f37d5e1420b410bd716753b3e874b175f2b6958ebf1ec2bdf776e41f,20495 8 21014 11 21533 14 22052 17 22571 19 23090 21 23610 22 24129 24 24649 24 25168 25 25688 26 26207 27 26727 27 27247 27 27768 26 28288 26 28808 26 29329 25 29849 24 30369 24 30890 23 31410 22 31931 21 32452 19 32974 16 33496 12 34021 5
958114e5f37d5e1420b410bd716753b3e874b175f2b6958ebf1ec2bdf776e41f,296404 9 296921 20 297441 22 297961 24 298481 25 299001 25 299521 26 300041 26 300561 27 301081 27 301601 27 302121 27 302641 26 303161 26 303681 26 304201 25 304721 24 305241 22 305762 18 306284 10 306806 4
958114e5f37d5e1420b410bd716753b3e874b175f2b6958ebf1ec2bdf776e41f,347261 4 347779 8 348298 10 348817 12 349336 14 349855 15 350374 17 350894 17 351414 17 351933 18 352453 19 352973 19 353492 20 354012 20 354532 20 355051 21 355571 22 356091 22 356611 22 357131 22 357651 22 358171 22 358691 23 359211 23 359731 23 360251 23 360771 23 361291 24 361811 24
958114e5f37d5e1420b410bd716753b3e874b175f2b6958ebf1ec2bdf776e41f,43192 6 43710 10 44229 20 44748 26 45268 28 45788 29 46308 30 46828 30 47348 31 47868 31 48389 31 48909 31 49429 31 49950 30 50471 29 50992 28 51513 26 52033 26 52554 24 53075 22 53597 19 54118 16 54641 12 55164 7
958114e5f37d5e1420b410bd716753b3e874b175f2b6958ebf1ec2bdf776e41f,10511 5 11029 10 11547 14 12065 17 12583 20 13102 21 13622 22 14141 23 14660 25 15178 27 15697 28 16217 28 16737 28 17256 29 17776 29 18296 29 18816 29 19336 29 19856 29 20377 27 20897 27 21418 26 21939 24 22460 22 22981 20 23503 17 24026 13
958114e5f37d5e1420b410bd716753b3e874b175f2b6958ebf1ec2bdf776e41f,163026 9 163543 14 164061 17 164580 19 165099 21 165618 22 166136 25 166655 27 167175 27 167694 28 168213 29 168733 29 169252 30 169772 30 170292 30 170812 30 171331 30 171851 30 172371 29 172891 29 173411 28 173932 27 174452 26 174973 24 175493 23 176014 21 176535 19 177068 4 177589 2
958114e5f37d5e1420b410bd716753b3e874b175f2b6958ebf1ec2bdf776e41f,260491 6 261008 11 261524 16 262041 20 262559 22 263078 24 263596 26 264115 27 264634 27 265154 27 265673 28 266193 27 266713 27 267233 26 267753 26 268273 25 268793 24 269313 24 269833 23 270354 22 270874 21 271394 20 271914 19 272434 19 272954 18 273475 16 273995 15 274516 12 275037 10 275558 7
958114e5f37d5e1420b410bd716753b3e874b175f2b6958ebf1ec2bdf776e41f,163661 9 164172 2 164177 15 164691 27 165211 30 165732 32 166252 34 166772 36 167292 37 167811 40 168331 41 168851 42 169371 44 169890 46 170410 46 170931 46 171451 47 171971 47 172492 47 173012 47 173533 47 174054 46 174574 46 175095 45 175616 44 176137 43 176658 42 177179 41 177701 38 178223 35 178745 32 179270 25 179800 8
958114e5f37d5e1420b410bd716753b3e874b175f2b6958ebf1ec2bdf776e41f,165927 1 166445 6 166962 10 167480 13 167998 16 168516 18 169034 20 169553 21 170074 20 170594 20 171113 21 171633 21 172153 20 172673 20 173193 21 173713 21 174233 21 174754 20 175274 20 175795 19 176315 20 176836 19 177356 19 177877 19 178397 19 178918 18 179439 17 179960 16 180481 15 181001 15 181522 13 182047 7 182570 3
958114e5f37d5e1420b410bd716753b3e874b175f2b6958ebf1ec2bdf776e41f,90740 3 91258 9 91777 11 92296 13 92815 15 93335 16 93855 16 94374 17 94894 18 95413 19 95933 19 96453 19 96972 21 97492 21 98012 21 98532 21 99052 21 99571 23 100091 23 100611 23 101131 23 101651 23 102171 24 102691 24 103211 24 103731 24 104251 25 104771 25 105291 25 105811 25 106331 25 106851 26 107371 26 107892 25 108413 23 108934 22 109455 21 109976 20 110498 17 111020 14 111543 10 112065 7
958114e5f37d5e1420b410bd716753b3e874b175f2b6958ebf1ec2bdf776e41f,175064 5 175576 16 176093 21 176610 26 177128 29 177646 32 178165 33 178683 36 179200 39 179719 40 180238 41 180757 42 181276 43 181795 44 182314 44 182833 44 183353 43 183873 42 184393 41 184913 40 185434 38 185954 36 186475 33 186996 31 187518 27 188039 24 188562 18 189085 13 189610 5
958114e5f37d5e1420b410bd716753b3e874b175f2b6958ebf1ec2bdf776e41f,105894 6 106412 9 106931 11 107449 14 107968 15 108487 17 109007 17 109526 19 110046 19 110566 20 111086 20 111606 21 112126 21 112645 22 113165 23 113685 23 114205 24 114726 23 115246 23 115766 23 116286 24 116807 23 117327 24 117847 24 118367 24 118888 23 119408 23 119929 23 120450 22 120971 21 121492 20 122012 20 122532 20 123053 19 123574 18 124094 18 124615 16 125142 6
958114e5f37d5e1420b410bd716753b3e874b175f2b6958ebf1ec2bdf776e41f,121978 6 122493 14 123009 19 123527 22 124045 25 124564 27 125083 28 125602 30 126121 31 126641 31 127161 32 127681 33 128201 34 128721 34 129241 35 129761 35 130281 35 130801 36 131321 36 131841 36 132361 36 132882 35 133414 23 133935 22 134455 22 134976 20 135497 19 136018 17 136539 15 137060 13 137581 11 138103 7
958114e5f37d5e1420b410bd716753b3e874b175f2b6958ebf1ec2bdf776e41f,344499 5 345017 8 345536 10 346055 12 346574 13 347093 15 347612 16 348132 17 348652 17 349172 18 349692 19 350213 19 350733 20 351253 21 351774 22 352294 24 352814 25 353334 25 353855 25 354375 26 354895 26 355415 26 355936 25 356456 25 356976 25 357496 25 358016 25 358536 25 359056 24 359576 23 360097 22 360617 21 361137 20 361658 18
958114e5f37d5e1420b410bd716753b3e874b175f2b6958ebf1ec2bdf776e41f,214791 8 215310 11 215830 13 216349 15 216869 17 217388 19 217908 20 218428 21 218948 22 219468 23 219988 24 220508 25 221029 24 221550 24 222071 23 222591 23 223110 24 223630 24 224151 24 224671 24 225192 23 225712 24 226233 23 226754 22 227275 21 227796 20 228317 19 228842 14 229363 13 229884 12 230405 10 230927 5
958114e5f37d5e1420b410bd716753b3e874b175f2b6958ebf1ec2bdf776e41f,122220 5 122737 9 123256 11 123775 12 124294 14 124813 17 125333 17 125853 17 126373 17 126893 17 127413 18 127933 18 128453 18 128973 18 129493 18 130012 18 130532 18 131052 19 131571 19 132091 22 132612 21 133133 21 133655 19 134176 18 134697 17 135218 15 135738 15 136258 14 136779 11 137305 2
958114e5f37d5e1420b410bd716753b3e874b175f2b6958ebf1ec2bdf776e41f,309159 6 309678 10 310197 13 310716 15 311235 18 311755 19 312275 21 312795 23 313315 24 313836 24 314357 24 314877 25 315398 25 315919 25 316440 25 316961 25 317482 25 318005 23 318526 22 319047 22 319568 21 320088 22 320609 21 321130 20 321651 20 322172 19 322694 17 323215 15 323736 13 324258 11 324780 8 325301 3
958114e5f37d5e1420b410bd716753b3e874b175f2b6958ebf1ec2bdf776e41f,335684 7 336202 11 336720 15 337239 17 337758 19 338277 21 338796 23 339315 25 339835 26 340354 27 340874 28 341394 28 341914 29 342435 28 342956 27 343477 26 343998 25 344519 24 345041 21 345562 19 346085 16 346607 13 347131 8
958114e5f37d5e1420b410bd716753b3e874b175f2b6958ebf1ec2bdf776e41f,72977 4 73495 7 74014 10 74533 12 75052 13 75571 15 76091 16 76610 18 77130 18 77650 18 78169 20 78689 20 79209 21 79730 20 80251 19 80771 20 81291 20 81811 20 82332 19 82852 19 83372 19 83893 18 84413 17 84933 17 85454 16 85974 15 86495 14 87017 11 87538 7
958114e5f37d5e1420b410bd716753b3e874b175f2b6958ebf1ec2bdf776e41f,331206 8 331723 12 332241 14 332760 15 333279 16 333797 19 334316 20 334835 21 335353 23 335872 24 336391 25 336910 26 337429 26 337948 26 338468 26 338988 26 339508 26 340027 28 340547 28 341068 27 341588 27 342109 26 342629 25 343150 23 343671 21 344193 18 344717 12 345238 10 345760 7
958114e5f37d5e1420b410bd716753b3e874b175f2b6958ebf1ec2bdf776e41f,12481 3 13001 5 13521 6 14041 9 14561 10 15081 12 15601 13 16121 14 16641 15 17161 16 17681 17 18201 18 18721 18 19241 19 19761 20 20281 20 20801 20 21321 21 21841 21 22361 21 22881 22 23401 22 23921 22 24441 22 24961 22 25481 22 26001 21 26521 20 27042 18 27563 16 28086 8
958114e5f37d5e1420b410bd716753b3e874b175f2b6958ebf1ec2bdf776e41f,3711 5 4230 9 4749 11 5268 13 5787 15 6306 17 6825 18 7344 20 7863 21 8383 21 8902 23 9422 23 9941 25 10461 25 10981 25 11501 26 12021 26 12541 26 13061 26 13581 27 14101 27 14621 27 15141 27 15661 27 16181 27 16701 27 17222 25 17742 25 18263 24 18783 23 19304 22 19825 20 20346 17 20867 14 21389 10
958114e5f37d5e1420b410bd716753b3e874b175f2b6958ebf1ec2bdf776e41f,320511 3 320517 6 321029 15 321548 17 322067 19 322587 20 323107 21 323627 21 324147 22 324667 22 325187 23 325707 23 326227 23 326747 23 327267 23 327788 23 328308 23 328828 23 329349 22 329869 22 330390 21 330911 19 331432 18 331953 17 332474 15 332996 11 333518 8 334039 5
958114e5f37d5e1420b410bd716753b3e874b175f2b6958ebf1ec2bdf776e41f,44827 1 45347 2 45866 6 46386 6 46906 7 47426 7 47947 5 48467 2
958114e5f37d5e1420b410bd716753b3e874b175f2b6958ebf1ec2bdf776e41f,28501 10 29019 13 29538 14 30057 16 30576 17 31095 18 31614 19 32133 20 32652 21 33171 22 33690 23 34209 23 34728 24 35247 24 35767 24 36286 24 36806 24 37326 23 37846 23 38366 22 38886 22 39406 21 39927 20 40448 18 40969 16 41490 14 42011 10 42534 4
958114e5f37d5e1420b410bd716753b3e874b175f2b6958ebf1ec2bdf776e41f,204525 8 205042 15 205560 20 206078 23 206597 25 207116 27 207636 28 208156 29 208675 30 209195 31 209715 31 210235 31 210755 31 211276 31 211796 31 212317 30 212838 29 213359 28 213880 26 214403 23 214924 6 214932 4 214939 6 215460 5 215981 3
958114e5f37d5e1420b410bd716753b3e874b175f2b6958ebf1ec2bdf776e41f,276911 16 277430 18 277949 19 278468 21 278988 21 279507 23 280027 23 280547 23 281067 23 281587 23 282107 23 282627 23 283147 22 283668 20 284188 19 284708 19 285229 18 285750 16 286271 14 286793 11 287315 3
958114e5f37d5e1420b410bd716753b3e874b175f2b6958ebf1ec2bdf776e41f,96908 8 97427 11 97946 14 98466 15 98985 17 99505 18 100024 19 100543 21 101063 21 101582 23 102102 23 102621 24 103141 24 103660 24 104180 24 104700 23 105220 23 105740 22 106260 22 106780 21 107301 19 107821 18 108342 16 108862 15 109383 13 109903 12 110424 10 110945 8 111466 6
958114e5f37d5e1420b410bd716753b3e874b175f2b6958ebf1ec2bdf776e41f,296700 5 297216 12 297735 15 298254 18 298774 19 299294 20 299813 23 300333 24 300853 25 301373 26 301893 27 302413 27 302934 26 303454 26 303975 25 304496 24 305017 23 305538 22 306059 21 306580 20 307102 17 307625 14 308147 12 308669 9 309190 6
958114e5f37d5e1420b410bd716753b3e874b175f2b6958ebf1ec2bdf776e41f,218888 3 219405 9 219923 15 220442 18 220961 20 221481 22 222000 24 222520 24 223040 25 223560 25 224080 26 224600 26 225120 26 225640 26 226161 25 226681 25 227201 24 227722 23 228242 23 228762 22 229283 21 229804 19 230324 18 230845 17 231366 15 231887 13 232409 10 232931 6
958114e5f37d5e1420b410bd716753b3e874b175f2b6958ebf1ec2bdf776e41f,113803 9 114321 14 114839 17 115358 20 115877 22 116396 24 116915 25 117434 27 117953 28 118472 30 118992 30 119511 31 120031 31 120550 32 121070 32 121590 32 122110 31 122629 32 123149 31 123670 29 124190 28 124710 28 125231 26 125752 23 126273 21 126795 17 127318 11
958114e5f37d5e1420b410bd716753b3e874b175f2b6958ebf1ec2bdf776e41f,46483 9 47001 13 47520 15 48040 17 48559 19 49079 20 49598 22 50118 23 50638 24 51158 25 51678 25 52198 25 52718 26 53238 26 53759 25 54279 25 54799 25 55319 25 55840 24 56360 23 56881 22 57401 22 57922 21 58442 20 58963 19 59484 18 60005 16 60526 14 61047 12 61568 10 62090 6
958114e5f37d5e1420b410bd716753b3e874b175f2b6958ebf1ec2bdf776e41f,275120 10 275639 14 276158 18 276677 20 277196 22 277716 24 278236 25 278756 26 279276 27 279796 27 280316 27 280837 27 281357 27 281878 26 282399 25 282920 23 283441 22 283963 19 284485 16 285007 12 285533 3
958114e5f37d5e1420b410bd716753b3e874b175f2b6958ebf1ec2bdf776e41f,331858 11 332373 20 332890 26 333409 28 333928 29 334447 31 334966 32 335485 33 336004 34 336524 34 337043 35 337562 35 338081 36 338600 36 339120 35 339639 35 340159 33 340679 32 341199 30 341719 29 342239 27 342760 24 343280 20 343801 12 344323 8
958114e5f37d5e1420b410bd716753b3e874b175f2b6958ebf1ec2bdf776e41f,77834 5 78352 8 78870 11 79389 13 79908 14 80427 15 80946 16 81465 17 81985 18 82504 19 83023 20 83542 21 84062 21 84582 21 85102 21 85621 22 86141 22 86661 21 87182 20 87702 20 88223 19 88743 18 89263 18 89784 17 90304 17 90825 16 91345 16 91865 15 92386 14 92906 14 93426 13 93946 13 94467 11 94987 10 95508 9 96028 8 96549 6 97070 3
958114e5f37d5e1420b410bd716753b3e874b175f2b6958ebf1ec2bdf776e41f,240801 8 241320 11 241840 13 242359 15 242878 17 243398 18 243918 19 244438 19 244958 20 245478 20 245998 21 246518 22 247038 22 247558 22 248078 23 248598 23 249118 23 249638 23 250158 23 250678 23 251198 23 251719 22 252239 22 252759 22 253279 22 253799 22 254320 20 254840 20 255360 19 255881 18 256402 16 256923 15 257449 8 257971 4
958114e5f37d5e1420b410bd716753b3e874b175f2b6958ebf1ec2bdf776e41f,313951 4 314469 8 314986 12 315505 14 316025 15 316544 16 317063 17 317582 18 318101 19 318620 20 319131 29 319646 34 320164 36 320683 36 321202 37 321722 36 322242 35 322762 32 323283 30 323804 29 324324 29 324847 27 325370 24 325892 21 326414 18 326936 15 327459 11 327981 8 328503 1
958114e5f37d5e1420b410bd716753b3e874b175f2b6958ebf1ec2bdf776e41f,346037 6 346556 9 347076 11 347595 14 348115 15 348634 18 349154 18 349674 18 350194 19 350714 19 351235 18 351755 19 352275 19 352796 18 353317 17 353837 18 354358 17 354878 17 355399 16 355920 16 356441 15 356962 14 357482 14 358002 14 358522 14 359043 13 359563 13 360083 14 360604 13 361124 13 361644 14
958114e5f37d5e1420b410bd716753b3e874b175f2b6958ebf1ec2bdf776e41f,344956 10 345473 14 345992 16 346511 18 347030 19 347549 21 348069 21 348588 22 349107 23 349626 25 350146 25 350665 26 351185 26 351705 25 352224 26 352744 26 353265 25 353785 25 354305 24 354825 24 355345 24 355865 23 356385 23 356905 23 357425 22 357946 21 358466 20 358986 20 359506 20 360027 18 360547 18 361068 16 361589 14
958114e5f37d5e1420b410bd716753b3e874b175f2b6958ebf1ec2bdf776e41f,182578 5 183096 11 183614 16 184133 18 184652 20 185171 23 185690 25 186209 26 186729 27 187248 28 187768 29 188288 29 188808 29 189328 30 189848 30 190369 28 190889 28 191410 27 191930 27 192451 25 192971 25 193492 24 194013 22 194534 21 195056 18 195577 16 196099 13 196622 9 197145 3
958114e5f37d5e1420b410bd716753b3e874b175f2b6958ebf1ec2bdf776e41f,43610 2 43618 5 44127 20 44644 24 45163 26 45682 28 46201 30 46720 31 47240 32 47760 32 48280 33 48800 33 49321 32 49842 31 50363 30 50885 27 51406 26 51927 25 52448 23 52969 21 53490 19 54011 17 54532 13 55054 9
958114e5f37d5e1420b410bd716753b3e874b175f2b6958ebf1ec2bdf776e41f,188105 6 188621 17 189138 23 189657 27 190175 31 190694 33 191212 36 191731 38 192250 40 192769 41 193288 43 193807 44 194326 45 194845 46 195365 46 195884 47 196404 46 196923 47 197443 47 197963 46 198483 45 199003 45 199523 44 200044 42 200565 39 201086 37 201607 35 202128 31 202650 27 203172 20 203697 8
958114e5f37d5e1420b410bd716753b3e874b175f2b6958ebf1ec2bdf776e41f,40408 6 40927 10 41446 15 41965 19 42484 23 43003 26 43522 28 44041 30 44561 31 45080 33 45600 34 46120 34 46640 34 47160 34 47681 33 48201 33 48722 32 49243 31 49764 29 50285 28 50806 26 51327 24 51849 20 52373 13 52897 4
958114e5f37d5e1420b410bd716753b3e874b175f2b6958ebf1ec2bdf776e41f,121052 5 121570 8 122088 12 122607 14 123126 16 123646 16 124165 18 124684 19 125204 19 125723 20 126243 20 126762 21 127281 21 127801 21 128320 22 128840 22 129359 23 129879 22 130398 23 130918 23 131438 22 131957 23 132477 23 132997 23 133516 23 134036 23 134556 23 135075 24 135595 24 136115 24 136635 23 137155 23 137675 22 138195 21 138715 20 139235 18 139756 15 140277 12 140798 8
958114e5f37d5e1420b410bd716753b3e874b175f2b6958ebf1ec2bdf776e41f,308786 1 309299 14 309818 18 310337 21 310856 25 311375 27 311894 29 312413 30 312933 31 313453 31 313973 31 314493 31 315013 31 315534 30 316056 27 316578 25 317101 21 317623 19 318145 16 318667 14 319189 10 319711 6
958114e5f37d5e1420b410bd716753b3e874b175f2b6958ebf1ec2bdf776e41f,50867 8 51385 12 51903 15 52422 17 52941 20 53461 21 53980 23 54500 24 55020 24 55540 25 56060 26 56580 26 57100 27 57621 26 58142 26 58662 26 59183 25 59704 23 60225 22 60745 21 61266 19 61787 17 62309 14 62830 12 63354 6
