9586e48a9a4353f11898a6a4b7475a91574e8af82e99c4b7a5e1f1b18f345f7a,64321 2 64575 5 64830 7 65085 8 65341 8
9586e48a9a4353f11898a6a4b7475a91574e8af82e99c4b7a5e1f1b18f345f7a,6547 5 6802 7 7057 9 7312 11 7568 11 7824 11 8080 10 8337 7
9586e48a9a4353f11898a6a4b7475a91574e8af82e99c4b7a5e1f1b18f345f7a,60809 5 61063 10 61318 12 61573 14 61829 14 62084 15 62340 15 62596 15 62853 13 63112 9 63372 2
9586e48a9a4353f11898a6a4b7475a91574e8af82e99c4b7a5e1f1b18f345f7a,52456 4 52711 6 52967 7 53223 8 53479 9 53735 9 53991 9 54248 8 54504 8 54761 6 55018 4
9586e48a9a4353f11898a6a4b7475a91574e8af82e99c4b7a5e1f1b18f345f7a,28777 3 29030 7 29285 9 29540 10 29796 10 30052 9 30308 9 30564 8 30821 5 31079 2
9586e48a9a4353f11898a6a4b7475a91574e8af82e99c4b7a5e1f1b18f345f7a,19802 4 20057 6 20312 7 20568 7 20824 7 21080 6 21337 4
9586e48a9a4353f11898a6a4b7475a91574e8af82e99c4b7a5e1f1b18f345f7a,50612 3 50867 7 51121 11 51376 14 51631 17 51887 18 52144 17 52400 17 52657 16 52914 15 53172 12 53429 10 53689 5
9586e48a9a4353f11898a6a4b7475a91574e8af82e99c4b7a5e1f1b18f345f7a,28132 7 28387 8 28642 9 28897 11 29152 12 29408 12 29664 12 29920 12 30176 12 30432 13 30689 12 30945 11 31202 9 31459 6 31717 3
9586e48a9a4353f11898a6a4b7475a91574e8af82e99c4b7a5e1f1b18f345f7a,52989 3 53244 5 53500 5 53756 5 54012 5 54268 5 54524 5 54780 5 55036 5 55293 3
9586e48a9a4353f11898a6a4b7475a91574e8af82e99c4b7a5e1f1b18f345f7a,43684 6 43939 8 44193 11 44447 13 44701 15 44956 15 45212 14 45468 13 45725 10 45982 8
9586e48a9a4353f11898a6a4b7475a91574e8af82e99c4b7a5e1f1b18f345f7a,3435 5 3690 7 3945 8 4199 10 4454 11 4710 11 4965 12 5221 12 5477 11 5734 10 5991 8 6247 7 6504 5
9586e48a9a4353f11898a6a4b7475a91574e8af82e99c4b7a5e1f1b18f345f7a,60270 5 60525 7 60780 9 61036 10 61292 10 61548 10 61804 10 62061 8 62318 6
9586e48a9a4353f11898a6a4b7475a91574e8af82e99c4b7a5e1f1b18f345f7a,37592 6 37846 9 38101 10 38356 11 38612 11 38868 10 39125 8 39383 4
9586e48a9a4353f11898a6a4b7475a91574e8af82e99c4b7a5e1f1b18f345f7a,5408 6 5663 8 5919 8 6175 8 6431 7 6687 5 6943 3
9586e48a9a4353f11898a6a4b7475a91574e8af82e99c4b7a5e1f1b18f345f7a,15856 4 16110 7 16365 8 16621 8 16877 8 17133 8 17389 8 17645 7 17902 5 18159 2
9586e48a9a4353f11898a6a4b7475a91574e8af82e99c4b7a5e1f1b18f345f7a,12608 6 12863 8 13117 11 13372 12 13628 12 13883 13 14139 13 14394 13 14650 13 14906 13 15163 11 15419 11 15676 9 15934 5
9586e48a9a4353f11898a6a4b7475a91574e8af82e99c4b7a5e1f1b18f345f7a,64455 5 64708 9 64963 11 65218 13 65474 13
9586e48a9a4353f11898a6a4b7475a91574e8af82e99c4b7a5e1f1b18f345f7a,52681 9 52935 12 53189 14 53444 16 53700 16 53955 16 54211 15 54467 14 54724 11 54981 5
9586e48a9a4353f11898a6a4b7475a91574e8af82e99c4b7a5e1f1b18f345f7a,55807 2 56062 3 56317 4 56572 5 56828 5 57084 5 57340 5 57597 4 57855 2
9586e48a9a4353f11898a6a4b7475a91574e8af82e99c4b7a5e1f1b18f345f7a,23655 5 23910 7 24166 7 24422 7 24678 7 24934 7 25190 7 25446 7 25702 7 25959 5
9586e48a9a4353f11898a6a4b7475a91574e8af82e99c4b7a5e1f1b18f345f7a,240 12 496 13 752 14 1009 14 1266 13 1523 11 1780 9 2037 7 2295 3
9586e48a9a4353f11898a6a4b7475a91574e8af82e99c4b7a5e1f1b18f345f7a,38401 2 38657 3 38913 3 39169 4 39425 4 39681 3 39937 2
9586e48a9a4353f11898a6a4b7475a91574e8af82e99c4b7a5e1f1b18f345f7a,63258 4 63513 7 63768 9 64024 10 64281 9 64538 8 64795 6 65054 2
9586e48a9a4353f11898a6a4b7475a91574e8af82e99c4b7a5e1f1b18f345f7a,33516 4 33771 7 34027 8 34283 8 34539 8 34796 7 35052 7 35309 5 35565 5 35822 3
9586e48a9a4353f11898a6a4b7475a91574e8af82e99c4b7a5e1f1b18f345f7a,34514 2 34769 7 35024 9 35279 11 35535 11 35791 11 36047 10 36302 11 36558 10 36814 9 37071 7 37328 2
9586e48a9a4353f11898a6a4b7475a91574e8af82e99c4b7a5e1f1b18f345f7a,1738 2 1993 4 2248 6 2504 6 2760 7 3016 7 3272 8 3528 8 3784 8 4040 8 4297 7 4554 5
9586e48a9a4353f11898a6a4b7475a91574e8af82e99c4b7a5e1f1b18f345f7a,8722 4 8977 6 9232 8 9488 8 9744 8 10000 9 10257 8 10514 7 10771 6 11028 4
9586e48a9a4353f11898a6a4b7475a91574e8af82e99c4b7a5e1f1b18f345f7a,6438 1 6692 5 6946 8 7201 9 7457 9 7713 8 7969 6 8226 3
9586e48a9a4353f11898a6a4b7475a91574e8af82e99c4b7a5e1f1b18f345f7a,17589 4 17844 7 18099 9 18355 9 18610 11 18866 11 19122 11 19378 11 19634 11 19890 11 20147 10 20404 9 20663 5
9586e48a9a4353f11898a6a4b7475a91574e8af82e99c4b7a5e1f1b18f345f7a,39834 6 40089 8 40344 9 40600 10 40856 10 41111 11 41366 12 41622 11 41878 10 42134 9 42390 8 42647 7 42903 6 43160 4
9586e48a9a4353f11898a6a4b7475a91574e8af82e99c4b7a5e1f1b18f345f7a,31229 4 31484 5 31739 6 31994 7 32250 7 32505 8 32761 8 33016 9 33272 9 33528 9 33784 9 34040 9 34297 7 34554 5
9586e48a9a4353f11898a6a4b7475a91574e8af82e99c4b7a5e1f1b18f345f7a,22689 2 22944 4 23200 5 23455 7 23710 9 23965 10 24221 10 24476 12 24732 12 24988 12 25244 12 25500 12 25756 12 26012 12 26268 12 26524 11 26781 10 27038 8 27297 4
9586e48a9a4353f11898a6a4b7475a91574e8af82e99c4b7a5e1f1b18f345f7a,61083 3 61338 5 61594 8 61850 9 62107 9 62364 9 62621 8 62877 9 63134 9 63390 9 63647 8 63903 8 64160 6
9586e48a9a4353f11898a6a4b7475a91574e8af82e99c4b7a5e1f1b18f345f7a,21335 2 21587 10 21842 11 22098 12 22354 13 22610 14 22867 13 23123 13 23380 12 23638 9 23896 5
9586e48a9a4353f11898a6a4b7475a91574e8af82e99c4b7a5e1f1b18f345f7a,44370 4 44624 7 44880 7 45136 7 45392 7 45648 7 45904 7 46161 6 46418 5
9586e48a9a4353f11898a6a4b7475a91574e8af82e99c4b7a5e1f1b18f345f7a,41397 3 41652 5 41907 6 42161 8 42416 8 42671 9 42927 8 43182 9 43438 8 43694 8 43950 7 44207 5
9586e48a9a4353f11898a6a4b7475a91574e8af82e99c4b7a5e1f1b18f345f7a,23549 2 23804 4 24059 6 24314 7 24570 7 24826 7 25082 7 25339 5 25596 3
9586e48a9a4353f11898a6a4b7475a91574e8af82e99c4b7a5e1f1b18f345f7a,25292 3 25546 7 25801 9 26056 10 26312 11 26568 11 26824 11 27079 12 27335 12 27590 13 27846 13 28103 11 28360 9 28618 6
9586e48a9a4353f11898a6a4b7475a91574e8af82e99c4b7a5e1f1b18f345f7a,740 6 992 10 1248 10 1505 9 1762 7 2020 4
9586e48a9a4353f11898a6a4b7475a91574e8af82e99c4b7a5e1f1b18f345f7a,25427 5 25682 9 25937 11 26193 11 26449 11 26706 10 26963 8 27220 6 27477 3
9586e48a9a4353f11898a6a4b7475a91574e8af82e99c4b7a5e1f1b18f345f7a,38918 4 39173 6 39429 6 39684 7 39939 8 40195 8 40451 8 40708 6 40965 3
9586e48a9a4353f11898a6a4b7475a91574e8af82e99c4b7a5e1f1b18f345f7a,7198 3 7453 4 7708 5 7964 5 8219 7 8475 10 8731 10 8987 10 9243 10 9499 10 9755 10 10012 9 10268 10 10525 9 10782 7 11038 6 11295 4
9586e48a9a4353f11898a6a4b7475a91574e8af82e99c4b7a5e1f1b18f345f7a,44633 3 44887 6 45143 7 45399 7 45655 7 45911 7 46167 6 46423 6 46680 5 46937 3
9586e48a9a4353f11898a6a4b7475a91574e8af82e99c4b7a5e1f1b18f345f7a,51593 2 51848 4 52103 6 52358 8 52614 8 52870 8 53126 8 53381 9 53637 9 53894 7 54151 4
9586e48a9a4353f11898a6a4b7475a91574e8af82e99c4b7a5e1f1b18f345f7a,60420 5 60675 7 60930 8 61185 10 61441 10 61697 9 61953 8 62209 7 62465 5
9586e48a9a4353f11898a6a4b7475a91574e8af82e99c4b7a5e1f1b18f345f7a,223 12 479 11 736 4
9586e48a9a4353f11898a6a4b7475a91574e8af82e99c4b7a5e1f1b18f345f7a,31635 4 31890 6 32145 8 32401 9 32657 10 32913 11 33169 11 33425 11 33682 10 33939 9 34196 7 34453 5
9586e48a9a4353f11898a6a4b7475a91574e8af82e99c4b7a5e1f1b18f345f7a,3392 4 3647 6 3902 7 4158 8 4413 9 4669 10 4925 10 5181 10 5438 8 5694 8 5951 6
9586e48a9a4353f11898a6a4b7475a91574e8af82e99c4b7a5e1f1b18f345f7a,7765 4 8020 6 8275 7 8531 7 8786 8 9042 8 9298 8 9554 8 9810 8 10067 6 10324 4
9586e48a9a4353f11898a6a4b7475a91574e8af82e99c4b7a5e1f1b18f345f7a,48786 3 49039 7 49294 9 49550 10 49805 11 50061 11 50317 12 50573 12 50830 11 51086 11 51342 11 51599 10 51856 9 52112 8 52369 7 52626 5
9586e48a9a4353f11898a6a4b7475a91574e8af82e99c4b7a5e1f1b18f345f7a,18543 6 18797 9 19052 10 19308 10 19563 10 19819 9 20076 6 20334 2
9586e48a9a4353f11898a6a4b7475a91574e8af82e99c4b7a5e1f1b18f345f7a,8057 5 8312 7 8567 8 8823 8 9078 9 9334 9 9590 9 9846 9 10103 8 10360 6
9586e48a9a4353f11898a6a4b7475a91574e8af82e99c4b7a5e1f1b18f345f7a,10357 3 10612 6 10868 6 11123 7 11378 9 11633 11 11889 11 12145 12 12401 13 12657 13 12915 11 13172 10 13429 9 13686 8 13943 6 14200 4
9586e48a9a4353f11898a6a4b7475a91574e8af82e99c4b7a5e1f1b18f345f7a,14426 3 14680 6 14935 8 15190 10 15446 10 15702 10 15958 10 16214 10 16471 9 16728 7 16985 5
9586e48a9a4353f11898a6a4b7475a91574e8af82e99c4b7a5e1f1b18f345f7a,59085 5 59339 9 59594 11 59849 13 60105 13 60361 13 60617 12 60874 10 61132 7
9586e48a9a4353f11898a6a4b7475a91574e8af82e99c4b7a5e1f1b18f345f7a,36102 2 36355 6 36610 8 36865 9 37121 8 37377 7 37634 5
9586e48a9a4353f11898a6a4b7475a91574e8af82e99c4b7a5e1f1b18f345f7a,27119 6 27374 8 27628 11 27883 13 28139 13 28395 13 28651 13 28908 11 29164 11 29420 11 29676 10 29932 8 30188 5 30445 3
9586e48a9a4353f11898a6a4b7475a91574e8af82e99c4b7a5e1f1b18f345f7a,25773 6 26028 8 26283 10 26539 10 26795 10 27051 10 27308 9 27565 7 27822 5 28080 2
9586e48a9a4353f11898a6a4b7475a91574e8af82e99c4b7a5e1f1b18f345f7a,38372 4 38627 6 38882 7 39137 7 39392 8 39647 8 39903 8 40158 8 40414 7 40670 6 40927 4
9586e48a9a4353f11898a6a4b7475a91574e8af82e99c4b7a5e1f1b18f345f7a,55661 2 55915 6 56170 8 56426 8 56682 8 56938 9 57194 9 57450 8 57707 6 57964 4
9586e48a9a4353f11898a6a4b7475a91574e8af82e99c4b7a5e1f1b18f345f7a,27739 5 27994 7 28249 9 28504 10 28759 11 29014 12 29270 12 29526 12 29783 10 30040 8 30297 6
9586e48a9a4353f11898a6a4b7475a91574e8af82e99c4b7a5e1f1b18f345f7a,3462 5 3717 8 3970 12 4225 14 4479 16 4734 17 4990 17 5245 18 5501 18 5757 17 6014 15 6274 10
9586e48a9a4353f11898a6a4b7475a91574e8af82e99c4b7a5e1f1b18f345f7a,5127 3 5382 4 5637 6 5892 8 6147 9 6403 9 6659 9 6915 9 7171 9 7427 8 7684 7 7942 4
9586e48a9a4353f11898a6a4b7475a91574e8af82e99c4b7a5e1f1b18f345f7a,23781 9 24036 11 24291 12 24546 13 24802 13 25059 12 25316 10 25573 6
9586e48a9a4353f11898a6a4b7475a91574e8af82e99c4b7a5e1f1b18f345f7a,19085 4 19340 6 19595 7 19851 7 20107 7 20364 5
9586e48a9a4353f11898a6a4b7475a91574e8af82e99c4b7a5e1f1b18f345f7a,44528 2 44781 7 45035 10 45290 12 45545 13 45800 14 46056 14 46312 14 46568 13 46825 11 47082 9 47339 4
9586e48a9a4353f11898a6a4b7475a91574e8af82e99c4b7a5e1f1b18f345f7a,5027 2 5281 6 5536 8 5791 9 6047 10 6304 10 6561 9 6818 8 7075 6
9586e48a9a4353f11898a6a4b7475a91574e8af82e99c4b7a5e1f1b18f345f7a,34971 4 35223 9 35478 11 35733 13 35988 14 36244 14 36500 13 36756 12 37013 10 37270 7 37527 5 37784 2
9586e48a9a4353f11898a6a4b7475a91574e8af82e99c4b7a5e1f1b18f345f7a,118 14 374 14 630 14 886 14 1143 12 1402 7
9586e48a9a4353f11898a6a4b7475a91574e8af82e99c4b7a5e1f1b18f345f7a,11370 6 11624 9 11879 10 12134 11 12390 11 12646 11 12902 11 13158 10 13414 9 13670 8 13927 6
9586e48a9a4353f11898a6a4b7475a91574e8af82e99c4b7a5e1f1b18f345f7a,54347 5 54602 8 54856 11 55111 12 55367 11 55623 11 55879 10 56136 8 56392 6 56649 3
9586e48a9a4353f11898a6a4b7475a91574e8af82e99c4b7a5e1f1b18f345f7a,48365 4 48619 7 48874 9 49129 10 49385 10 49641 9 49897 9 50154 7 50411 5
9586e48a9a4353f11898a6a4b7475a91574e8af82e99c4b7a5e1f1b18f345f7a,41378 4 41633 8 41889 9 42145 9 42401 10 42657 10 42913 10 43169 10 43426 8
9586e48a9a4353f11898a6a4b7475a91574e8af82e99c4b7a5e1f1b18f345f7a,17804 2 18059 5 18315 6 18571 6 18827 6 19084 1
9586e48a9a4353f11898a6a4b7475a91574e8af82e99c4b7a5e1f1b18f345f7a,42484 3 42739 6 42995 8 43251 9 43507 10 43763 10 44020 9 44276 10 44533 9 44790 8 45047 6 45304 4
9586e48a9a4353f11898a6a4b7475a91574e8af82e99c4b7a5e1f1b18f345f7a,31942 4 32196 12 32451 14 32707 14 32963 14 33220 12 33481 6
9586e48a9a4353f11898a6a4b7475a91574e8af82e99c4b7a5e1f1b18f345f7a,42066 4 42321 6 42577 6 42832 7 43088 6 43345 5 43601 4 43858 2
9586e48a9a4353f11898a6a4b7475a91574e8af82e99c4b7a5e1f1b18f345f7a,12701 8 12956 10 13211 11 13466 13 13722 13 13977 14 14233 14 14488 14 14744 14 15000 13 15256 12 15512 12 15769 11 16025 11 16282 9
9586e48a9a4353f11898a6a4b7475a91574e8af82e99c4b7a5e1f1b18f345f7a,48538 7 48793 9 49049 10 49305 10 49561 11 49818 11 50074 11 50331 10 50588 9 50845 7 51102 5
9586e48a9a4353f11898a6a4b7475a91574e8af82e99c4b7a5e1f1b18f345f7a,55700 5 55955 7 56210 9 56466 10 56722 11 56978 12 57235 11 57492 10 57748 11 58005 10 58262 8 58520 5 58778 2
9586e48a9a4353f11898a6a4b7475a91574e8af82e99c4b7a5e1f1b18f345f7a,43335 2 43590 5 43846 8 44102 9 44358 9 44615 9 44872 8 45128 8 45385 7 45642 6
9586e48a9a4353f11898a6a4b7475a91574e8af82e99c4b7a5e1f1b18f345f7a,55007 5 55261 8 55516 10 55772 10 56028 11 56284 11 56540 11 56796 11 57052 11 57308 10 57564 9 57821 7
9586e48a9a4353f11898a6a4b7475a91574e8af82e99c4b7a5e1f1b18f345f7a,39300 6 39555 8 39811 9 40067 9 40323 9 40579 9 40835 8 41092 6 41348 5 41605 3
9586e48a9a4353f11898a6a4b7475a91574e8af82e99c4b7a5e1f1b18f345f7a,5374 2 5629 4 5884 5 6140 5 6397 4 6653 4 6910 3 7167 2 7424 1
9586e48a9a4353f11898a6a4b7475a91574e8af82e99c4b7a5e1f1b18f345f7a,8344 2 8593 9 8848 11 9104 11 9360 11 9616 11 9872 11 10128 11 10385 10 10642 8 10899 5
9586e48a9a4353f11898a6a4b7475a91574e8af82e99c4b7a5e1f1b18f345f7a,19703 5 19958 7 20213 8 20469 8 20725 8 20981 7 21238 5
9586e48a9a4353f11898a6a4b7475a91574e8af82e99c4b7a5e1f1b18f345f7a,38266 3 38520 6 38775 8 39030 9 39286 9 39542 9 39798 8 40054 8 40311 7 40569 4
9586e48a9a4353f11898a6a4b7475a91574e8af82e99c4b7a5e1f1b18f345f7a,40044 4 40299 7 40554 11 40810 12 41066 13 41323 12 41581 10 41839 7
9586e48a9a4353f11898a6a4b7475a91574e8af82e99c4b7a5e1f1b18f345f7a,11477 7 11732 9 11987 10 12242 12 12497 13 12753 13 13009 12 13265 12 13521 11 13778 9 14035 7
9586e48a9a4353f11898a6a4b7475a91574e8af82e99c4b7a5e1f1b18f345f7a,40265 5 40520 7 40776 7 41031 8 41286 9 41542 9 41798 9 42054 9 42311 7 42568 4
9586e48a9a4353f11898a6a4b7475a91574e8af82e99c4b7a5e1f1b18f345f7a,10297 6 10552 9 10807 11 11063 11 11319 11 11576 10 11833 8 12090 5
9586e48a9a4353f11898a6a4b7475a91574e8af82e99c4b7a5e1f1b18f345f7a,18374 3 18629 7 18885 9 19141 12 19396 13 19652 14 19908 15 20164 15 20420 15 20677 14 20942 4
9586e48a9a4353f11898a6a4b7475a91574e8af82e99c4b7a5e1f1b18f345f7a,8319 5 8575 8 8831 9 9087 9 9343 10 9599 10 9855 10 10111 9 10366 10 10622 9 10879 8 11136 6 11393 4
9586e48a9a4353f11898a6a4b7475a91574e8af82e99c4b7a5e1f1b18f345f7a,16329 8 16584 13 16840 14 17096 14 17351 15 17607 15 17863 15 18119 15 18377 13 18636 9 18894 5
9586e48a9a4353f11898a6a4b7475a91574e8af82e99c4b7a5e1f1b18f345f7a,32556 3 32811 5 33066 7 33318 11 33573 11 33829 10 34085 10 34342 9 34599 7 34856 3
9586e48a9a4353f11898a6a4b7475a91574e8af82e99c4b7a5e1f1b18f345f7a,40505 5 40760 7 41015 9 41271 9 41527 10 41783 11 42039 11 42296 11 42553 10 42810 9 43067 8 43325 5 43583 2
9586e48a9a4353f11898a6a4b7475a91574e8af82e99c4b7a5e1f1b18f345f7a,3078 3 3333 6 3588 8 3844 9 4100 9 4356 9 4613 7 4870 4
9586e48a9a4353f11898a6a4b7475a91574e8af82e99c4b7a5e1f1b18f345f7a,20660 3 20668 1 20915 11 21171 11 21426 12 21682 12 21938 12 22194 12 22450 12 22707 11 22964 9 23222 6 23481 2
9586e48a9a4353f11898a6a4b7475a91574e8af82e99c4b7a5e1f1b18f345f7a,1516 4 1771 6 2027 6 2282 8 2538 8 2794 8 3049 9 3305 9 3561 9 3817 9 4074 8 4330 8 4586 8 4842 8 5099 7 5356 6 5613 4
