97126a9791f0c1176e4563ad679a301dac27c59011f579e808bbd6e9f4cd1034,95995 9 96353 13 96711 16 97069 19 97428 21 97787 23 98147 24 98506 25 98865 27 99224 28 99584 28 99943 30 100303 30 100663 30 101022 31 101382 31 101742 31 102101 33 102461 33 102821 33 103181 33 103541 33 103901 33 104261 33 104621 33 104981 34 105341 34 105701 34 106061 34 106421 35 106781 35 107140 36 107500 36 107860 36 108220 36 108580 37 108940 37 109300 37 109660 37 110021 36 110381 36 110741 36 111102 35 111462 35 111822 35 112182 35 112542 35 112902 35 113263 34 113624 33 113984 33 114344 32 114704 32 115064 32 115424 32 115784 32 116145 31 116505 31 116865 31 117225 31 117586 30 117946 30 118306 30 118667 29 119028 28 119389 26 119749 26 120110 25 120470 25 120831 23 121192 21 121553 20 121914 18 122275 17 122636 15 122997 13 123359 9
97126a9791f0c1176e4563ad679a301dac27c59011f579e808bbd6e9f4cd1034,67211 11 67569 21 67928 25 68287 29 68647 30 69006 33 69366 34 69725 36 70085 37 70444 39 70804 41 71163 43 71523 44 71883 45 72242 47 72602 48 72962 48 73322 49 73681 51 74041 52 74401 52 74761 52 75121 52 75481 52 75841 53 76202 53 76562 54 76922 54 77283 53 77643 54 78003 54 78363 55 78724 54 79084 54 79445 53 79805 53 80166 53 80526 53 80887 52 81248 51 81609 50 81969 50 82329 50 82690 49 83051 48 83412 47 83773 46 84134 45 84495 43 84855 43 85216 41 85577 40 85939 38 86300 36 86661 34 87023 29 87384 26 87747 21 88114 10
97126a9791f0c1176e4563ad679a301dac27c59011f579e808bbd6e9f4cd1034,51841 4 52201 5 52561 7 52921 9 53281 10 53641 10 54001 10 54361 11 54721 11 55081 12 55441 12 55801 13 56161 13 56521 13 56881 13 57241 13 57601 13 57961 13 58321 13 58681 13 59041 12 59401 12 59761 12 60121 11 60481 11 60841 11 61201 10 61561 10 61921 9 62281 9 62641 9 63001 8 63361 8 63721 7 64081 6 64441 5 64801 4 65161 4 65521 3 65881 2
97126a9791f0c1176e4563ad679a301dac27c59011f579e808bbd6e9f4cd1034,33082 3 33439 8 33797 13 34156 16 34514 20 34873 22 35232 24 35591 26 35950 28 36309 30 36668 33 37028 34 37387 35 37746 36 38106 36 38465 38 38825 38 39185 39 39544 40 39904 40 40263 41 40623 41 40983 41 41343 41 41703 41 42063 41 42422 42 42782 41 43143 40 43503 40 43863 40 44222 41 44582 41 44942 41 45302 41 45663 40 46023 40 46383 40 46743 40 47103 40 47464 39 47824 39 48184 39 48544 39 48905 38 49265 38 49625 38 49985 38 50345 37 50705 37 51065 37 51425 37 51786 36 52146 36 52507 35 52867 34 53227 34 53588 33 53948 33 54309 32 54670 30 55030 30 55391 29 55753 26 56114 25 56474 25 56835 23 57196 22 57557 20 57919 17 58282 12 58643 10 59004 9 59369 3
97126a9791f0c1176e4563ad679a301dac27c59011f579e808bbd6e9f4cd1034,83521 4 83881 5 84241 8 84601 10 84961 12 85321 15 85681 16 86041 18 86401 21 86761 23 87121 25 87481 27 87841 29 88201 33 88561 35 88921 36 89281 37 89641 38 90001 39 90361 39 90721 40 91081 41 91441 42 91801 43 92161 44 92521 45 92881 45 93241 46 93601 46 93961 47 94321 47 94681 47 95041 47 95401 47 95761 47 96121 46 96481 46 96843 44 97206 41 97569 38 97932 35 98294 32 98656 30 99017 28 99379 25 99741 22 100106 11
97126a9791f0c1176e4563ad679a301dac27c59011f579e808bbd6e9f4cd1034,44107 11 44464 15 44821 20 45179 23 45538 25 45897 26 46257 27 46616 28 46975 30 47334 31 47694 32 48053 33 48413 33 48773 33 49132 34 49492 34 49851 35 50211 35 50571 35 50931 35 51291 36 51651 36 52011 36 52371 37 52731 37 53091 37 53451 37 53810 38 54170 38 54530 38 54890 38 55251 37 55611 37 55971 37 56331 36 56691 36 57051 36 57411 36 57771 36 58131 36 58491 36 58851 36 59211 36 59571 36 59931 36 60291 36 60651 36 61011 36 61371 36 61731 35 62092 34 62452 34 62811 35 63171 35 63532 33 63892 33 64252 33 64613 31 64973 31 65334 29 65694 29 66055 27 66416 25 66777 23 67138 21 67500 18 67862 13
97126a9791f0c1176e4563ad679a301dac27c59011f579e808bbd6e9f4cd1034,21149 2 21507 11 21866 16 22225 18 22584 22 22942 25 23301 27 23661 28 24020 29 24379 31 24739 31 25098 33 25457 34 25815 36 26174 37 26533 38 26893 38 27252 39 27611 41 27970 42 28330 42 28689 43 29048 44 29407 45 29767 46 30126 47 30486 47 30846 47 31205 48 31564 49 31923 50 32282 51 32641 52 33001 52 33361 51 33721 51 34080 52 34440 52 34799 53 35159 53 35519 53 35878 54 36237 55 36597 55 36957 54 37316 55 37676 54 38036 54 38396 54 38756 54 39116 54 39476 53 39836 52 40196 52 40556 51 40916 51 41276 51 41636 50 41996 49 42357 47 42717 47 43077 46 43438 44 43798 44 44158 43 44519 41 44879 41 45239 40 45599 39 45959 39 46320 37 46680 37 47040 36 47400 36 47761 34 48121 33 48481 33 48842 31 49203 29 49564 27 49924 26 50285 24 50645 23 51006 21 51368 18 51730 14 52096 6
97126a9791f0c1176e4563ad679a301dac27c59011f579e808bbd6e9f4cd1034,110704 10 111062 18 111421 21 111780 24 112139 26 112498 29 112857 31 113216 33 113575 35 113935 36 114294 38 114653 40 115013 41 115372 42 115732 43 116091 45 116451 45 116811 46 117170 48 117530 49 117890 49 118250 50 118610 50 118970 50 119329 52 119689 52 120049 52 120409 52 120770 52 121130 52 121490 52 121850 53 122210 53 122570 53 122931 53 123291 53 123652 52 124012 52 124372 52 124732 52 125092 52 125452 51 125812 51 126172 50 126533 49 126893 49 127253 49 127613 49 127973 49 128333 49 128693 49 129054 47 129414 47
97126a9791f0c1176e4563ad679a301dac27c59011f579e808bbd6e9f4cd1034,38702 4 39061 6 39420 7 39780 7 40141 5
97126a9791f0c1176e4563ad679a301dac27c59011f579e808bbd6e9f4cd1034,127377 10 127736 13 128096 16 128455 18 128815 19 129176 19 129537 18
97126a9791f0c1176e4563ad679a301dac27c59011f579e808bbd6e9f4cd1034,54459 6 54468 5 54819 15 55178 18 55537 20 55895 23 56254 25 56613 27 56972 29 57331 31 57690 32 58049 33 58408 34 58767 35 59126 36 59486 36 59845 37 60204 38 60563 39 60923 39 61282 40 61642 39 62001 40 62360 41 62719 42 63079 42 63438 43 63797 44 64157 43 64517 43 64876 44 65236 44 65595 44 65955 44 66315 44 66675 43 67034 44 67394 44 67754 44 68114 43 68474 43 68834 43 69194 42 69554 41 69914 41 70274 41 70634 40 70994 40 71354 39 71714 38 72074 38 72434 38 72794 37 73155 36 73515 35 73875 34 74236 33 74596 32 74957 30 75317 29 75678 28 76039 26 76400 24 76761 23 77122 21 77482 19 77844 16 78207 13 78568 12 78930 9
97126a9791f0c1176e4563ad679a301dac27c59011f579e808bbd6e9f4cd1034,105820 7 106176 12 106534 15 106892 18 107251 19 107610 21 107969 23 108328 25 108688 26 109048 26 109407 28 109767 28 110126 30 110486 30 110845 32 111205 32 111565 32 111924 33 112284 33 112644 34 113004 34 113364 34 113724 34 114083 36 114443 36 114803 36 115162 37 115522 37 115882 38 116241 39 116601 39 116961 39 117321 39 117680 40 118040 40 118400 41 118760 41 119120 41 119480 41 119840 41 120200 41 120560 41 120920 41 121280 41 121640 41 122000 41 122359 42 122719 42 123080 41 123440 41 123801 40 124161 40 124521 40 124882 39 125242 39 125602 39 125962 39 126323 38 126683 37 127044 36 127404 35 127765 34 128126 32 128487 28 128848 26 129209 24 129570 23
97126a9791f0c1176e4563ad679a301dac27c59011f579e808bbd6e9f4cd1034,270 42 630 42 989 43 1349 43 1709 44 2069 44 2429 44 2789 44 3149 44 3509 44 3869 44 4229 44 4589 44 4949 44 5309 43 5670 42 6030 42 6390 42 6750 42 7110 42 7470 41 7829 42 8189 41 8549 41 8910 40 9270 39 9630 39 9990 38 10350 37 10711 35 11071 35 11432 34 11793 33 12154 32 12514 31 12875 29 13236 27 13596 26 13957 24 14318 22 14680 19 15042 16 15403 14 15766 10 16131 2
97126a9791f0c1176e4563ad679a301dac27c59011f579e808bbd6e9f4cd1034,23761 2 24121 7 24481 8 24841 11 25201 12 25561 12 25921 12 26281 12 26641 13 27001 13 27361 14 27721 14 28081 14 28441 14 28801 14 29161 14 29521 14 29881 14 30241 14 30601 14 30961 14 31321 14 31681 13 32041 13 32401 13 32761 13 33121 13 33481 12 33841 12 34201 12 34561 11 34921 11 35281 10 35641 9 36001 8 36361 8 36721 7 37081 6 37441 6 37801 5 38163 2
97126a9791f0c1176e4563ad679a301dac27c59011f579e808bbd6e9f4cd1034,64223 12 64581 15 64940 17 65299 19 65658 21 66017 23 66376 24 66735 26 67094 28 67453 29 67812 31 68171 32 68531 32 68890 34 69249 35 69609 35 69968 37 70328 37 70687 38 71047 38 71406 39 71766 39 72126 39 72485 40 72845 40 73204 41 73564 41 73924 41 74283 41 74643 41 75003 41 75363 41 75722 42 76082 42 76442 42 76802 42 77162 42 77521 43 77881 43 78241 43 78601 43 78961 43 79321 43 79680 44 80040 44 80400 44 80760 44 81120 43 81480 43 81840 43 82200 43 82560 43 82920 43 83280 43 83640 43 84001 41 84361 41 84721 41 85081 40 85442 39 85802 39 86162 38 86523 37 86883 36 87244 35 87604 34 87965 32 88326 30 88686 29 89047 27 89407 26 89768 24 90129 21 90491 18 90852 14 91217 2
97126a9791f0c1176e4563ad679a301dac27c59011f579e808bbd6e9f4cd1034,113401 4 113761 7 114121 9 114481 10 114841 12 115201 13 115561 15 115921 16 116281 17 116641 18 117001 19 117361 21 117721 22 118081 23 118441 24 118801 26 119161 27 119521 28 119881 29 120241 30 120601 31 120961 32 121321 32 121681 33 122041 33 122401 33 122761 34 123121 34 123481 34 123841 35 124201 35 124561 35 124921 35 125281 35 125641 35 126001 35 126361 34 126721 34 127081 34 127441 33 127801 33 128161 32 128521 32 128881 31 129241 30
97126a9791f0c1176e4563ad679a301dac27c59011f579e808bbd6e9f4cd1034,97130 15 97485 23 97842 27 98197 33 98553 38 98908 44 99266 47 99625 48 99984 50 100343 52 100702 53 101061 54 101421 54 101781 55 102141 55 102501 55 102861 55 103220 56 103580 56 103940 56 104300 56 104660 56 105021 55 105381 55 105741 55 106102 53 106462 52 106823 51 107183 50 107544 48 107904 47 108265 45 108627 42 108989 39 109350 37 109711 35 110073 31 110436 26 110799 17 111160 10 111521 4
97126a9791f0c1176e4563ad679a301dac27c59011f579e808bbd6e9f4cd1034,117496 12 117854 17 118212 20 118572 21 118931 22 119290 24 119649 26 120008 28 120368 28 120727 29 121086 30 121445 31 121805 31 122164 33 122524 33 122883 35 123242 36 123601 37 123961 37 124320 38 124680 37 125039 38 125399 38 125759 38 126119 38 126479 39 126838 41 127198 41 127558 41 127918 40 128278 40 128637 41 128997 41 129357 41
97126a9791f0c1176e4563ad679a301dac27c59011f579e808bbd6e9f4cd1034,113 36 472 37 831 38 1190 40 1549 41 1908 43 2268 43 2628 43 2987 44 3346 45 3706 45 4065 46 4425 46 4784 47 5143 48 5503 48 5863 48 6222 49 6582 48 6941 49 7301 49 7660 50 8020 50 8380 49 8740 49 9099 49 9459 48 9818 48 10177 49 10537 48 10897 48 11257 47 11616 47 11976 47 12335 47 12695 46 13055 46 13415 45 13775 45 14134 46 14494 46 14854 46 15214 46 15574 46 15934 46 16294 45 16654 45 17014 45 17374 44 17734 44 18094 44 18454 45 18814 45 19175 44 19535 44 19895 43 20255 43 20616 41 20976 41 21337 40 21698 38 22059 36 22420 35 22781 34 23142 32 23503 30 23864 29 24226 26 24587 24 24949 21 25311 17 25676 9
97126a9791f0c1176e4563ad679a301dac27c59011f579e808bbd6e9f4cd1034,1110 6 1467 12 1826 15 2184 19 2542 22 2901 24 3260 25 3620 25 3979 27 4338 28 4697 30 5057 30 5417 31 5776 32 6136 33 6495 34 6855 34 7214 36 7574 37 7934 37 8293 38 8653 39 9012 41 9372 41 9732 42 10092 42 10451 44 10811 44 11171 45 11530 46 11890 47 12249 48 12609 49 12969 50 13329 50 13689 51 14049 51 14408 53 14768 53 15128 53 15488 53 15848 54 16208 54 16568 55 16928 55 17288 55 17648 55 18009 54 18369 54 18729 54 19089 55 19449 55 19810 54 20170 54 20531 53 20891 53 21251 52 21612 51 21972 51 22333 50 22693 49 23054 48 23414 47 23775 46 24137 43 24498 41 24859 40 25220 38 25581 36 25942 35 26304 32 26666 29 27027 25 27389 21 27751 18 28116 12
