97158b2fe38783d88d4e44ba1b7bc6c84f225f8b35fcccc2f9265c65f14e7c8b,54923 5 55178 8 55434 9 55689 11 55944 13 56200 14 56455 15 56711 15 56967 15 57223 14 57479 13 57734 13 57990 13 58247 10 58503 9 58761 5
97158b2fe38783d88d4e44ba1b7bc6c84f225f8b35fcccc2f9265c65f14e7c8b,43269 4 43525 5 43781 5 44037 5 44294 3
97158b2fe38783d88d4e44ba1b7bc6c84f225f8b35fcccc2f9265c65f14e7c8b,11120 3 11374 6 11629 8 11884 9 12140 10 12396 10 12652 10 12908 10 13164 10 13421 8 13677 8 13934 6
97158b2fe38783d88d4e44ba1b7bc6c84f225f8b35fcccc2f9265c65f14e7c8b,9636 4 9891 7 10147 7 10403 8 10659 8 10915 8 11171 7 11428 5
97158b2fe38783d88d4e44ba1b7bc6c84f225f8b35fcccc2f9265c65f14e7c8b,42651 5 42906 7 43161 8 43417 8 43673 8 43928 9 44184 9 44439 10 44695 9 44951 9 45206 10 45462 9 45718 9 45974 8 46230 7 46487 3
97158b2fe38783d88d4e44ba1b7bc6c84f225f8b35fcccc2f9265c65f14e7c8b,40833 5 41089 7 41344 10 41599 16 41855 17 42111 17 42367 17 42623 17 42880 16 43139 12 43398 7
97158b2fe38783d88d4e44ba1b7bc6c84f225f8b35fcccc2f9265c65f14e7c8b,20802 6 21057 8 21312 10 21568 10 21824 11 22080 11 22336 10 22592 10 22849 8 23107 3
97158b2fe38783d88d4e44ba1b7bc6c84f225f8b35fcccc2f9265c65f14e7c8b,35759 6 36014 8 36268 11 36523 13 36778 14 37034 14 37289 15 37545 15 37801 15 38057 14 38314 11 38571 7
97158b2fe38783d88d4e44ba1b7bc6c84f225f8b35fcccc2f9265c65f14e7c8b,63850 1 64102 1 64104 5 64356 12 64611 13 64865 16 65120 18 65376 18
97158b2fe38783d88d4e44ba1b7bc6c84f225f8b35fcccc2f9265c65f14e7c8b,37406 7 37661 9 37917 10 38173 10 38428 11 38684 11 38939 12 39195 12 39451 11 39707 11 39963 10 40220 3
97158b2fe38783d88d4e44ba1b7bc6c84f225f8b35fcccc2f9265c65f14e7c8b,49202 1 49457 4 49712 6 49967 8 50222 9 50478 9 50733 10 50989 10 51245 10 51501 10 51758 8 52015 6
97158b2fe38783d88d4e44ba1b7bc6c84f225f8b35fcccc2f9265c65f14e7c8b,42131 4 42386 6 42642 6 42896 9 43152 9 43407 10 43662 11 43916 12 44171 13 44427 12 44683 12 44939 11 45195 10 45451 10 45708 8 45966 4
97158b2fe38783d88d4e44ba1b7bc6c84f225f8b35fcccc2f9265c65f14e7c8b,36887 5 37141 8 37395 10 37650 11 37906 11 38161 12 38417 11 38673 11 38930 9 39186 8 39443 6 39700 1
97158b2fe38783d88d4e44ba1b7bc6c84f225f8b35fcccc2f9265c65f14e7c8b,49368 4 49622 7 49878 8 50133 9 50389 9 50645 8 50902 7 51160 4
97158b2fe38783d88d4e44ba1b7bc6c84f225f8b35fcccc2f9265c65f14e7c8b,21091 4 21345 7 21600 8 21855 10 22111 9 22366 10 22622 10 22877 11 23133 11 23389 11 23645 11 23901 11 24157 10 24413 10 24670 8 24927 5
