9774c82396327929fea05e40ae153cabf0107178b2ae3e40a5709b409793887e,58744 5 58999 7 59254 8 59509 10 59765 10 60021 10 60277 10 60534 8 60791 6
9774c82396327929fea05e40ae153cabf0107178b2ae3e40a5709b409793887e,57712 2 57966 5 58221 7 58476 8 58732 9 58988 10 59245 9 59502 7 59758 7 60015 6
9774c82396327929fea05e40ae153cabf0107178b2ae3e40a5709b409793887e,143 8 398 10 653 11 909 10 1165 9 1422 6 1680 3
9774c82396327929fea05e40ae153cabf0107178b2ae3e40a5709b409793887e,49914 3 50168 6 50423 8 50679 8 50935 8 51191 8 51448 6
9774c82396327929fea05e40ae153cabf0107178b2ae3e40a5709b409793887e,7663 5 7918 7 8173 8 8428 9 8684 9 8939 10 9195 10 9451 9 9707 8 9964 6
9774c82396327929fea05e40ae153cabf0107178b2ae3e40a5709b409793887e,56676 2 56930 5 57185 6 57441 6 57697 7 57953 7 58209 7 58466 6 58723 5 58980 4 59237 2
9774c82396327929fea05e40ae153cabf0107178b2ae3e40a5709b409793887e,29932 6 30187 8 30442 10 30698 10 30954 10 31211 9 31471 5 31728 3
9774c82396327929fea05e40ae153cabf0107178b2ae3e40a5709b409793887e,59646 3 59901 4 60157 4 60413 4 60669 4 60925 4 61181 4 61437 4 61693 4 61949 4 62206 3
9774c82396327929fea05e40ae153cabf0107178b2ae3e40a5709b409793887e,54143 3 54398 5 54653 6 54909 6 55165 6 55421 5 55678 3
9774c82396327929fea05e40ae153cabf0107178b2ae3e40a5709b409793887e,5319 3 5574 5 5829 7 6085 8 6341 8 6597 8 6854 7 7110 7 7367 5 7625 2
9774c82396327929fea05e40ae153cabf0107178b2ae3e40a5709b409793887e,64162 4 64415 8 64669 10 64924 12 65180 13 65436 13
9774c82396327929fea05e40ae153cabf0107178b2ae3e40a5709b409793887e,53616 3 53871 5 54127 6 54383 6 54638 6 54894 6 55150 6 55406 6 55663 4
9774c82396327929fea05e40ae153cabf0107178b2ae3e40a5709b409793887e,61550 3 61805 5 62061 5 62317 6 62573 6 62829 6 63085 6 63342 5 63599 3
9774c82396327929fea05e40ae153cabf0107178b2ae3e40a5709b409793887e,31467 4 31722 6 31977 10 32233 10 32489 10 32745 10 33001 10 33258 8 33515 6
