98a463483fe3a56deacc8bc00ab8aa62668bd40ad0c70bbe7deb10d3e4aeb0c0,128181 2 128698 7 129216 10 129735 12 130254 13 130774 14 131293 16 131813 17 132333 17 132852 19 133372 20 133892 21 134412 22 134932 22 135452 22 135972 22 136492 22 137012 22 137532 22 138052 22 138572 22 139093 21 139613 20 140133 20 140654 19 141174 18 141694 18 142215 16 142735 16 143256 15 143776 14 144297 13 144818 12 145339 10 145860 8
98a463483fe3a56deacc8bc00ab8aa62668bd40ad0c70bbe7deb10d3e4aeb0c0,134888 11 135405 18 135923 24 136442 27 136961 29 137481 30 138000 32 138520 33 139039 35 139559 36 140079 36 140599 37 141119 38 141639 38 142159 39 142680 38 143200 38 143721 37 144241 37 144762 36 145283 35 145804 34 146325 33 146847 30 147368 29 147890 27 148413 23 148936 19 149458 16 149980 13 150502 10 151025 3
98a463483fe3a56deacc8bc00ab8aa62668bd40ad0c70bbe7deb10d3e4aeb0c0,125437 8 125955 11 126473 14 126992 16 127511 17 128030 18 128550 19 129069 21 129588 23 130108 23 130628 23 131148 24 131667 25 132187 26 132707 27 133227 28 133748 28 134268 30 134788 32 135309 32 135829 33 136350 33 136871 32 137391 33 137912 32 138433 30 138955 28 139477 26 140000 22 140522 19 141043 17 141567 11
98a463483fe3a56deacc8bc00ab8aa62668bd40ad0c70bbe7deb10d3e4aeb0c0,208097 8 208614 13 209133 16 209651 19 210170 21 210689 22 211209 23 211729 23 212248 25 212768 25 213287 27 213807 27 214327 27 214847 27 215367 27 215887 27 216407 27 216928 26 217448 25 217968 25 218488 25 219008 24 219528 24 220047 24 220566 25 221085 25 221604 26 222123 26 222643 26 223163 26 223683 25 224203 25 224724 24 225244 23 225765 22 226285 22 226806 20 227327 19 227848 17 228369 15 228890 13 229412 8
98a463483fe3a56deacc8bc00ab8aa62668bd40ad0c70bbe7deb10d3e4aeb0c0,4419 7 4936 15 5453 19 5972 22 6490 25 7009 26 7528 28 8046 30 8565 32 9085 32 9604 32 10123 33 10643 33 11163 33 11682 33 12202 32 12722 31 13242 30 13762 29 14282 28 14803 26 15324 24 15846 21 16371 11
98a463483fe3a56deacc8bc00ab8aa62668bd40ad0c70bbe7deb10d3e4aeb0c0,273567 6 274085 10 274604 12 275123 13 275642 15 276161 16 276680 17 277200 17 277719 18 278238 19 278757 20 279277 20 279796 21 280315 22 280835 22 281354 22 281874 22 282393 23 282913 23 283432 23 283952 23 284471 23 284991 23 285511 23 286030 23 286550 23 287070 22 287589 23 288109 22 288629 22 289149 21 289669 21 290189 20 290709 19 291229 19 291749 18 292269 17 292789 16 293309 16 293830 14 294350 13 294871 11 295392 8 295914 4
98a463483fe3a56deacc8bc00ab8aa62668bd40ad0c70bbe7deb10d3e4aeb0c0,95822 8 96338 14 96856 18 97374 22 97893 24 98412 26 98931 27 99451 28 99971 28 100492 28 101013 27 101534 27 102055 26 102577 24 103098 24 103619 23 104139 23 104660 22 105181 22 105702 21 106223 20 106744 19 107264 19 107785 17 108306 16 108828 14 109349 12
98a463483fe3a56deacc8bc00ab8aa62668bd40ad0c70bbe7deb10d3e4aeb0c0,338692 5 339211 8 339730 10 340249 12 340769 13 341289 14 341809 15 342329 16 342849 17 343369 18 343889 19 344409 19 344930 19 345450 20 345970 20 346491 20 347011 21 347532 20 348052 21 348572 21 349093 21 349614 21 350134 21 350655 21 351175 21 351696 21 352217 20 352738 19 353259 19 353780 18 354301 17 354823 15 355344 14 355865 13 356386 12 356908 10 357431 6
98a463483fe3a56deacc8bc00ab8aa62668bd40ad0c70bbe7deb10d3e4aeb0c0,174867 8 175386 12 175898 22 176416 25 176932 29 177448 34 177966 36 178483 39 179000 42 179517 46 180035 48 180554 49 181074 49 181593 50 182113 49 182633 49 183153 48 183673 48 184194 46 184714 45 185234 44 185755 42 186276 40 186797 38 187319 35 187840 32 188361 29 188882 26 189403 24 189925 19 190447 16 190969 12
98a463483fe3a56deacc8bc00ab8aa62668bd40ad0c70bbe7deb10d3e4aeb0c0,147739 4 148257 9 148774 14 149293 16 149812 17 150331 19 150850 20 151369 22 151888 23 152408 22 152927 23 153447 23 153966 23 154485 24 155005 24 155525 24 156045 23 156564 24 157083 25 157602 26 158121 27 158640 28 159160 28 159680 27 160200 27 160720 26 161239 26 161759 25 162279 25 162799 24 163319 24 163838 24 164358 24 164878 24 165399 22 165919 22 166439 21 166959 20 167480 18 168001 16 168521 16 169042 14 169563 11 170085 6
98a463483fe3a56deacc8bc00ab8aa62668bd40ad0c70bbe7deb10d3e4aeb0c0,204846 2 205366 3 205885 6 206404 9 206920 13 207439 14 207957 17 208476 19 208996 20 209515 22 210034 24 210553 25 211073 25 211592 27 212112 27 212631 28 213151 28 213670 29 214190 29 214710 29 215230 29 215749 29 216269 28 216790 26 217310 26 217830 25 218350 25 218870 24 219391 23 219911 23 220432 21 220952 21 221473 20 221994 18 222515 17 223036 15 223557 13 224078 11 224600 7
98a463483fe3a56deacc8bc00ab8aa62668bd40ad0c70bbe7deb10d3e4aeb0c0,253504 10 254021 15 254538 19 255057 21 255575 24 256094 25 256613 26 257132 28 257651 29 258171 29 258691 29 259211 29 259731 29 260250 30 260769 31 261289 30 261808 31 262328 30 262848 30 263367 30 263887 29 264407 28 264927 27 265446 27 265966 26 266487 24 267007 23 267527 21 268048 19 268569 16 269090 13 269611 9
98a463483fe3a56deacc8bc00ab8aa62668bd40ad0c70bbe7deb10d3e4aeb0c0,15062 9 15580 13 16099 15 16618 17 17137 19 17657 20 18176 22 18696 22 19216 23 19736 23 20256 23 20776 24 21296 25 21817 24 22337 24 22858 23 23379 22 23899 22 24420 21 24940 20 25461 18 25981 18 26501 17 27021 16 27542 15 28062 14 28583 13 29104 11 29625 10 30146 8 30668 4
98a463483fe3a56deacc8bc00ab8aa62668bd40ad0c70bbe7deb10d3e4aeb0c0,298309 4 298827 8 299346 11 299865 13 300385 14 300905 15 301425 16 301945 17 302465 17 302985 18 303505 19 304025 20 304546 20 305066 21 305586 22 306106 22 306627 22 307147 23 307667 24 308188 24 308709 24 309229 25 309750 25 310271 25 310791 26 311311 27 311832 27 312353 26 312874 26 313395 25 313916 24 314437 23 314958 22 315480 21 316001 20 316523 18 317044 16 317567 13 318089 10 318611 6
98a463483fe3a56deacc8bc00ab8aa62668bd40ad0c70bbe7deb10d3e4aeb0c0,44733 10 45251 14 45764 22 46281 26 46801 27 47321 27 47841 27 48361 27 48881 27 49401 27 49921 27 50441 27 50961 27 51481 27 52001 27 52524 23 53045 22 53566 21 54090 16 54612 14 55134 11 55658 5
98a463483fe3a56deacc8bc00ab8aa62668bd40ad0c70bbe7deb10d3e4aeb0c0,213975 5 213982 2 214493 15 215005 25 215521 30 216039 33 216557 36 217075 38 217593 40 218111 42 218630 43 219149 43 219668 44 220187 44 220706 44 221226 43 221745 43 222265 42 222785 40 223304 40 223824 38 224345 35 224865 32 225386 29 225907 26 226428 22 226950 15
98a463483fe3a56deacc8bc00ab8aa62668bd40ad0c70bbe7deb10d3e4aeb0c0,262432 9 262949 13 263466 17 263983 21 264501 23 265020 25 265538 27 266056 28 266574 30 267093 31 267611 32 268130 33 268649 33 269169 32 269688 32 270208 32 270728 31 271248 30 271768 28 272289 26 272809 25 273330 23 273851 20 274372 18 274894 13 275418 6
98a463483fe3a56deacc8bc00ab8aa62668bd40ad0c70bbe7deb10d3e4aeb0c0,27741 4 28259 10 28777 13 29295 16 29813 20 30332 22 30851 24 31370 26 31890 26 32409 28 32929 28 33449 29 33968 30 34488 30 35008 31 35528 31 36048 31 36569 30 37089 29 37609 28 38130 27 38650 26 39171 24 39692 22 40213 20 40734 17 41259 10
98a463483fe3a56deacc8bc00ab8aa62668bd40ad0c70bbe7deb10d3e4aeb0c0,155069 16 155586 22 156103 26 156622 30 157140 33 157659 36 158178 38 158697 40 159216 42 159736 43 160256 44 160776 44 161295 46 161815 46 162335 46 162855 46 163375 46 163895 46 164416 44 164936 44 165457 42 165978 40 166499 37 167021 33 167547 24 168071 15
98a463483fe3a56deacc8bc00ab8aa62668bd40ad0c70bbe7deb10d3e4aeb0c0,68214 2 68733 5 69251 8 69770 10 70290 10 70809 12 71328 13 71848 13 72367 14 72886 15 73405 15 73925 15 74444 16 74964 16 75483 17 76003 18 76522 20 77042 21 77562 22 78082 23 78602 24 79122 24 79642 24 80163 23 80683 23 81204 22 81725 20 82246 19 82767 17 83288 7
98a463483fe3a56deacc8bc00ab8aa62668bd40ad0c70bbe7deb10d3e4aeb0c0,278615 4 279130 14 279647 18 280165 21 280683 24 281202 26 281721 27 282240 28 282759 29 283278 30 283798 30 284318 30 284837 31 285357 30 285876 31 286396 31 286916 30 287436 29 287956 29 288476 28 288996 28 289516 27 290036 27 290556 26 291076 25 291596 25 292116 24 292637 21 293157 20 293678 18 294198 17 294719 15 295239 14 295759 13 296278 12 296798 7 297318 6 297838 6 298358 5 298879 2
98a463483fe3a56deacc8bc00ab8aa62668bd40ad0c70bbe7deb10d3e4aeb0c0,50784 7 51301 12 51820 15 52339 18 52858 20 53377 22 53896 24 54415 26 54934 28 55454 29 55974 30 56494 30 57014 31 57534 31 58053 33 58572 34 59092 34 59611 34 60131 34 60651 34 61171 34 61692 33 62212 32 62733 10 62751 12 63257 2 63275 7
98a463483fe3a56deacc8bc00ab8aa62668bd40ad0c70bbe7deb10d3e4aeb0c0,25545 5 26061 11 26579 14 27098 16 27617 18 28136 20 28655 22 29175 22 29694 24 30214 24 30733 25 31253 25 31773 26 32293 26 32813 26 33333 26 33853 27 34373 27 34893 27 35413 27 35933 28 36453 28 36973 28 37494 27 38014 27 38534 27 39055 26 39575 26 40096 25 40617 24 41138 23 41659 22 42179 21 42700 20 43222 4 43228 11 43749 7 44271 3
98a463483fe3a56deacc8bc00ab8aa62668bd40ad0c70bbe7deb10d3e4aeb0c0,152299 5 152817 8 153336 10 153855 12 154375 12 154894 13 155414 14 155934 14 156453 15 156973 15 157493 16 158013 16 158533 16 159053 16 159572 17 160092 18 160612 18 161132 18 161652 18 162172 18 162692 18 163212 18 163732 18 164252 18 164771 19 165291 19 165811 19 166331 19 166851 19 167371 19 167891 19 168410 20 168930 20 169450 20 169970 20 170490 20 171010 19 171530 19 172050 19 172569 20 173089 20 173609 20 174129 19 174649 19 175169 19 175689 19 176209 18 176729 17 177250 16 177770 15 178290 15 178811 12 179332 10 179855 3 179861 1
98a463483fe3a56deacc8bc00ab8aa62668bd40ad0c70bbe7deb10d3e4aeb0c0,203381 6 203900 8 204419 10 204938 12 205458 13 205978 14 206497 16 207017 17 207537 18 208057 19 208577 19 209096 21 209616 22 210136 23 210656 24 211176 25 211696 26 212216 27 212737 26 213257 26 213777 26 214297 26 214817 26 215338 25 215858 25 216378 24 216899 22 217420 21 217940 20 218461 17 218982 15 219503 12 220025 5
98a463483fe3a56deacc8bc00ab8aa62668bd40ad0c70bbe7deb10d3e4aeb0c0,22985 10 23503 13 24022 16 24541 18 25061 19 25580 21 26100 22 26620 22 27140 23 27660 24 28180 24 28700 25 29220 25 29741 24 30262 24 30782 24 31302 25 31822 26 32343 25 32863 25 33383 25 33903 25 34423 25 34944 24 35464 24 35985 23 36505 23 37026 22 37547 21 38068 20 38589 18 39110 16 39632 13 40153 10 40676 4
98a463483fe3a56deacc8bc00ab8aa62668bd40ad0c70bbe7deb10d3e4aeb0c0,14349 9 14362 5 14867 24 15386 27 15905 30 16424 32 16943 34 17463 34 17982 36 18502 37 19022 37 19542 38 20062 38 20581 40 21101 40 21622 39 22143 38 22664 37 23185 36 23705 36 24226 35 24747 35 25268 34 25788 34 26309 33 26830 32 27350 32 27870 32 28390 32 28911 31 29431 31 29951 30 30475 26 30997 6 31014 6 31535 3
98a463483fe3a56deacc8bc00ab8aa62668bd40ad0c70bbe7deb10d3e4aeb0c0,294982 5 295501 7 296020 9 296540 10 297060 10 297579 12 298099 12 298619 13 299139 13 299659 14 300179 14 300699 15 301219 15 301739 16 302259 16 302779 17 303299 17 303820 17 304340 17 304860 18 305380 19 305901 18 306421 19 306941 19 307462 19 307982 19 308502 20 309023 20 309543 20 310063 21 310584 21 311104 22 311625 21 312145 22 312666 21 313187 20 313708 20 314229 19 314750 18 315271 18 315792 17 316313 16 316834 15 317355 14 317878 10 318399 8 318922 3
98a463483fe3a56deacc8bc00ab8aa62668bd40ad0c70bbe7deb10d3e4aeb0c0,234040 16 234558 20 235076 24 235595 26 236114 29 236633 31 237153 32 237672 34 238192 34 238712 35 239232 36 239752 37 240272 38 240793 38 241313 38 241833 38 242354 37 242874 37 243395 36 243916 34 244437 32 244958 30 245479 28 246001 25 246524 20 247047 16 247573 9
98a463483fe3a56deacc8bc00ab8aa62668bd40ad0c70bbe7deb10d3e4aeb0c0,13974 5 14492 9 15011 11 15530 13 16050 14 16569 15 17088 17 17608 17 18127 19 18647 19 19166 20 19686 20 20206 20 20726 20 21246 20 21766 20 22286 21 22806 21 23326 21 23846 21 24365 21 24885 21 25405 21 25925 21 26445 21 26965 20 27485 20 28005 20 28525 20 29045 20 29565 20 30085 20 30606 19 31126 19 31646 19 32167 18 32687 17 33207 17 33728 16 34249 14 34769 14 35290 12 35812 9 36334 6
98a463483fe3a56deacc8bc00ab8aa62668bd40ad0c70bbe7deb10d3e4aeb0c0,156500 7 157018 11 157537 13 158056 15 158575 17 159095 18 159614 20 160134 21 160653 22 161173 23 161693 23 162213 23 162733 23 163253 24 163773 24 164293 24 164813 24 165333 24 165853 24 166373 24 166893 24 167413 24 167933 24 168453 24 168973 24 169493 24 170013 24 170533 24 171054 22 171574 22 172095 21 172616 19 173136 18 173657 16 174178 13 174701 5
98a463483fe3a56deacc8bc00ab8aa62668bd40ad0c70bbe7deb10d3e4aeb0c0,8986 5 9505 8 10024 10 10543 12 11063 12 11583 13 12102 14 12622 15 13141 16 13661 17 14181 17 14701 17 15220 19 15740 19 16260 20 16779 21 17298 22 17818 23 18338 23 18857 24 19377 25 19897 25 20417 25 20937 25 21457 25 21977 25 22498 24 23018 24 23538 24 24059 23 24580 22 25101 20 25622 19 26143 17 26665 14 27187 11 27710 6
98a463483fe3a56deacc8bc00ab8aa62668bd40ad0c70bbe7deb10d3e4aeb0c0,106448 10 106966 14 107484 17 108003 19 108523 20 109042 22 109562 23 110081 25 110601 25 111120 27 111640 28 112160 28 112680 29 113200 29 113720 29 114240 29 114761 28 115281 28 115801 28 116322 26 116842 26 117362 25 117883 24 118403 23 118924 21 119445 20 119965 19 120486 17 121009 13 121530 11 122053 5
98a463483fe3a56deacc8bc00ab8aa62668bd40ad0c70bbe7deb10d3e4aeb0c0,225464 11 225979 18 226496 22 227014 25 227532 28 228051 30 228569 32 229088 34 229607 35 230125 37 230644 38 231164 38 231683 39 232203 38 232722 38 233241 38 233761 38 234281 37 234802 35 235322 33 235842 32 236363 30 236884 27 237404 26 237925 24 238447 19 238968 17 239490 12
98a463483fe3a56deacc8bc00ab8aa62668bd40ad0c70bbe7deb10d3e4aeb0c0,341848 6 342366 10 342885 12 343405 14 343925 15 344445 17 344965 18 345485 19 346005 20 346526 20 347046 21 347566 22 348087 22 348608 21 349128 22 349648 23 350169 23 350689 23 351210 23 351730 23 352251 23 352771 23 353292 23 353813 22 354333 23 354854 22 355374 23 355895 23 356416 22 356937 22 357457 22 357978 21 358499 21 359020 20 359541 20 360061 20 360582 19 361103 19 361624 18
98a463483fe3a56deacc8bc00ab8aa62668bd40ad0c70bbe7deb10d3e4aeb0c0,243545 8 244063 11 244580 15 245099 17 245617 20 246136 21 246654 23 247173 24 247692 25 248211 25 248730 26 249249 27 249768 28 250287 28 250806 29 251326 28 251845 29 252364 29 252884 28 253403 29 253922 29 254442 28 254961 28 255481 27 256001 27 256521 26 257040 26 257559 26 258079 25 258598 25 259117 25 259637 24 260157 23 260676 24 261196 23 261716 22 262237 20 262757 18 263277 17 263797 15 264318 13 264845 4
98a463483fe3a56deacc8bc00ab8aa62668bd40ad0c70bbe7deb10d3e4aeb0c0,33051 2 33571 3 34090 5 34609 8 35128 10 35648 15 36167 20 36686 21 37206 21 37725 22 38245 23 38764 24 39284 24 39803 25 40323 25 40843 25 41363 25 41883 25 42402 26 42922 26 43442 26 43963 24 44483 23 45003 22 45524 19 46045 16 46566 12 47088 6
98a463483fe3a56deacc8bc00ab8aa62668bd40ad0c70bbe7deb10d3e4aeb0c0,267755 10 268273 15 268792 19 269311 22 269831 23 270351 25 270870 28 271390 29 271910 31 272430 32 272950 33 273471 33 273992 33 274513 34 275034 34 275555 35 276076 35 276597 35 277118 34 277639 34 278160 33 278681 33 279203 31 279725 28 280248 25 280774 19 281299 13 281824 7
98a463483fe3a56deacc8bc00ab8aa62668bd40ad0c70bbe7deb10d3e4aeb0c0,83725 3 84242 9 84761 11 85281 12 85801 13 86321 14 86841 15 87361 15 87881 16 88401 16 88921 16 89441 17 89961 17 90481 18 91001 19 91521 19 92041 19 92561 19 93081 20 93601 20 94121 20 94641 20 95161 20 95681 21 96201 21 96721 21 97241 21 97761 21 98281 21 98801 20 99321 19 99842 17 100363 15 100884 11 101406 8
98a463483fe3a56deacc8bc00ab8aa62668bd40ad0c70bbe7deb10d3e4aeb0c0,280054 3 280572 8 281091 10 281611 12 282130 14 282650 15 283170 16 283690 17 284209 19 284729 20 285249 21 285769 21 286289 22 286809 23 287329 23 287849 24 288369 24 288889 24 289409 24 289929 25 290449 25 290970 24 291490 24 292010 24 292530 23 293051 22 293571 22 294092 20 294612 20 295133 19 295654 17 296175 14 296697 11 297220 4
98a463483fe3a56deacc8bc00ab8aa62668bd40ad0c70bbe7deb10d3e4aeb0c0,332932 4 333449 9 333968 11 334487 13 335007 14 335526 16 336046 17 336566 17 337086 18 337606 18 338126 18 338645 19 339165 20 339684 21 340204 22 340724 22 341244 22 341764 22 342284 22 342804 23 343324 23 343844 23 344365 22 344885 23 345405 23 345925 23 346446 22 346966 22 347486 22 348006 22 348527 22 349047 22 349567 22 350088 20 350608 20 351129 19 351649 19 352170 18 352690 18 353211 16 353732 15 354253 14 354773 13 355294 12 355816 9 356340 3
98a463483fe3a56deacc8bc00ab8aa62668bd40ad0c70bbe7deb10d3e4aeb0c0,34685 8 35203 16 35722 18 36242 19 36761 21 37281 21 37800 23 38320 23 38839 25 39359 25 39878 26 40398 26 40918 27 41438 27 41958 28 42479 27 42999 27 43519 27 44039 27 44559 27 45080 26 45600 25 46121 23 46642 21 47162 20 47683 14 48204 12 48725 9 49246 7
98a463483fe3a56deacc8bc00ab8aa62668bd40ad0c70bbe7deb10d3e4aeb0c0,102624 1 103143 3 103663 10 104182 14 104700 17 105218 20 105737 23 106256 25 106775 27 107294 29 107814 30 108334 31 108853 33 109373 34 109893 34 110414 34 110934 34 111454 34 111974 35 112494 35 113014 35 113534 36 114054 36 114575 35 115095 35 115615 35 116135 35 116656 35 117176 35 117697 34 118218 33 118738 33 119258 32 119778 31 120299 29 120820 26 121341 24 121861 21 122382 19 122903 16 123424 13 123946 7
98a463483fe3a56deacc8bc00ab8aa62668bd40ad0c70bbe7deb10d3e4aeb0c0,28815 9 29333 16 29852 21 30371 23 30890 25 31409 27 31929 27 32448 28 32968 29 33488 29 34008 29 34528 28 35048 28 35569 27 36089 27 36610 25 37130 25 37651 24 38172 23 38693 21 39214 19 39735 18 40256 16 40777 14 41299 12 41820 10 42341 7 42862 4
98a463483fe3a56deacc8bc00ab8aa62668bd40ad0c70bbe7deb10d3e4aeb0c0,282369 5 282885 11 283403 14 283921 17 284441 17 284961 18 285481 18 286001 17 286521 17 287041 17 287561 16 288081 16 288601 15 289121 14 289641 13 290161 12 290681 11 291201 10 291721 9 292241 8 292761 7 293281 6 293801 5 294321 4 294841 3
98a463483fe3a56deacc8bc00ab8aa62668bd40ad0c70bbe7deb10d3e4aeb0c0,193418 5 193928 16 194442 22 194958 26 195477 27 195996 28 196515 29 197035 29 197555 29 198075 29 198595 29 199115 28 199635 28 200155 27 200675 27 201195 27 201715 27 202235 27 202756 26 203280 22 203804 18 204326 16 204848 14 205369 12 205891 9 206413 6
98a463483fe3a56deacc8bc00ab8aa62668bd40ad0c70bbe7deb10d3e4aeb0c0,124171 4 124689 10 125208 12 125727 14 126246 15 126765 16 127285 17 127804 18 128324 19 128843 20 129362 22 129883 21 130403 21 130923 22 131443 22 131963 22 132483 22 133003 22 133524 22 134044 23 134564 23 135088 19 135609 18 136130 17 136651 16 137172 14 137693 12 138213 11 138734 10 139255 8 139780 2
98a463483fe3a56deacc8bc00ab8aa62668bd40ad0c70bbe7deb10d3e4aeb0c0,93402 11 93919 15 94438 17 94957 19 95476 21 95995 22 96514 22 97033 23 97553 23 98072 23 98590 25 99109 26 99628 27 100148 27 100668 27 101188 27 101708 27 102228 27 102748 26 103268 26 103788 26 104308 26 104828 26 105348 25 105869 24 106390 23 106911 22 107433 20 107955 18 108477 16 109000 12
98a463483fe3a56deacc8bc00ab8aa62668bd40ad0c70bbe7deb10d3e4aeb0c0,6862 9 7381 12 7900 14 8419 16 8938 18 9458 18 9977 20 10497 22 11017 24 11537 25 12057 27 12577 28 13096 30 13616 31 14136 32 14656 33 15176 33 15696 34 16216 35 16736 35 17256 35 17777 34 18297 34 18818 32 19339 30 19862 27 20392 16 20920 2
98a463483fe3a56deacc8bc00ab8aa62668bd40ad0c70bbe7deb10d3e4aeb0c0,58240 1 58760 1 59280 1 59799 2 60319 2 60839 2 61359 2 61879 2 62399 2 62919 2 63439 2 63959 2 64480 1 65000 1 65520 1
98a463483fe3a56deacc8bc00ab8aa62668bd40ad0c70bbe7deb10d3e4aeb0c0,59016 8 59535 10 60054 11 60574 12 61093 14 61613 15 62133 17 62652 20 63172 21 63692 21 64212 22 64732 22 65252 23 65772 23 66292 24 66812 25 67332 25 67852 25 68372 26 68893 25 69413 25 69934 24 70454 24 70975 23 71496 22 72017 21 72538 20 73059 19 73581 16 74104 12
98a463483fe3a56deacc8bc00ab8aa62668bd40ad0c70bbe7deb10d3e4aeb0c0,5569 4 6087 8 6606 10 7125 12 7644 14 8163 16 8682 17 9201 18 9720 20 10239 22 10758 24 11277 26 11797 27 12316 28 12836 29 13355 30 13875 31 14395 32 14915 32 15435 33 15956 33 16476 33 16996 32 17517 30 18038 29 18559 28 19080 26 19604 22 20127 18 20649 15 21170 13 21692 9
98a463483fe3a56deacc8bc00ab8aa62668bd40ad0c70bbe7deb10d3e4aeb0c0,79904 8 80422 13 80940 16 81459 18 81979 19 82499 20 83018 22 83538 22 84058 22 84578 23 85098 23 85618 23 86138 23 86659 22 87179 22 87700 21 88220 20 88741 19 89261 20 89782 19 90302 19 90823 18 91343 18 91864 17 92384 17 92904 17 93425 16 93945 15 94466 14 94987 13 95508 11 96031 7
98a463483fe3a56deacc8bc00ab8aa62668bd40ad0c70bbe7deb10d3e4aeb0c0,208437 7 208955 10 209474 12 209993 13 210512 15 211031 16 211551 17 212070 18 212589 19 213109 19 213629 19 214148 21 214668 21 215187 22 215707 22 216226 23 216746 23 217266 23 217786 23 218306 23 218826 23 219346 23 219866 23 220386 23 220906 23 221426 23 221946 22 222467 21 222987 21 223508 19 224028 18 224549 16 225070 14 225591 11 226113 7
98a463483fe3a56deacc8bc00ab8aa62668bd40ad0c70bbe7deb10d3e4aeb0c0,52216 8 52734 14 53252 20 53771 22 54290 25 54809 27 55329 28 55849 29 56369 30 56890 30 57411 30 57932 30 58452 31 58972 31 59492 32 60012 32 60532 32 61052 32 61572 33 62092 33 62612 33 63132 33 63652 33 64172 33 64692 33 65212 32 65733 31 66253 31 66773 31 67294 29 67814 28 68335 27 68857 24 69378 22 69899 20 70420 16 70943 11
98a463483fe3a56deacc8bc00ab8aa62668bd40ad0c70bbe7deb10d3e4aeb0c0,495 26 1015 26 1535 26 2054 27 2574 27 3094 27 3614 27 4134 27 4654 27 5175 26 5695 26 6216 25 6736 25 7257 24 7777 23 8298 21 8818 20 9339 18 9860 15 10381 13 10903 8
98a463483fe3a56deacc8bc00ab8aa62668bd40ad0c70bbe7deb10d3e4aeb0c0,1653 3 2172 5 2692 5 3212 5 3733 4
98a463483fe3a56deacc8bc00ab8aa62668bd40ad0c70bbe7deb10d3e4aeb0c0,213867 6 214385 11 214903 14 215422 16 215941 18 216461 18 216980 20 217500 20 218019 21 218539 21 219059 22 219578 23 220098 23 220618 23 221138 23 221658 23 222177 24 222697 24 223217 24 223737 24 224256 25 224776 25 225296 25 225816 25 226336 25 226856 24 227376 24 227896 24 228416 24 228936 24 229456 23 229976 23 230496 22 231016 22 231536 21 232056 21 232576 20 233096 20 233616 19 234136 19 234657 17 235177 16 235697 15 236217 14 236738 12 237258 11 237779 9 238300 6
98a463483fe3a56deacc8bc00ab8aa62668bd40ad0c70bbe7deb10d3e4aeb0c0,250033 9 250550 15 251068 18 251586 21 252105 23 252624 25 253143 27 253662 28 254181 30 254700 31 255219 32 255738 33 256257 34 256777 34 257297 34 257816 34 258336 34 258856 33 259376 33 259896 32 260417 30 260938 27 261460 23 261983 19 262508 7
98a463483fe3a56deacc8bc00ab8aa62668bd40ad0c70bbe7deb10d3e4aeb0c0,46385 3 46902 8 47418 13 47937 15 48453 19 48972 21 49491 22 50010 24 50530 24 51050 24 51569 25 52089 26 52609 26 53129 26 53649 26 54169 26 54689 26 55209 26 55730 25 56250 25 56771 24 57292 23 57812 22 58333 21 58853 20 59374 19 59894 19 60415 17 60935 17 61455 17 61976 15 62497 13 63018 11 63540 6
98a463483fe3a56deacc8bc00ab8aa62668bd40ad0c70bbe7deb10d3e4aeb0c0,277942 4 278458 11 278975 15 279494 16 280012 19 280531 20 281049 22 281568 23 282087 24 282607 24 283126 25 283645 26 284165 26 284684 26 285203 27 285722 28 286241 29 286761 28 287280 29 287800 28 288319 29 288839 28 289359 27 289880 26 290400 26 290921 24 291443 20 291965 14
98a463483fe3a56deacc8bc00ab8aa62668bd40ad0c70bbe7deb10d3e4aeb0c0,11325 8 11845 10 12364 13 12884 14 13404 15 13924 16 14443 18 14963 19 15483 19 16002 21 16521 22 17041 23 17561 23 18081 24 18601 24 19122 23 19642 23 20162 23 20682 24 21202 24 21722 23 22242 23 22762 24 23282 24 23803 22 24323 22 24844 21 25365 20 25887 18 26408 16 26930 14 27451 12 27973 9 28494 6 29015 2
98a463483fe3a56deacc8bc00ab8aa62668bd40ad0c70bbe7deb10d3e4aeb0c0,187816 7 188333 17 188852 22 189371 25 189890 28 190410 30 190929 32 191449 33 191969 34 192489 34 193010 34 193530 34 194050 34 194571 34 195091 34 195612 33 196133 32 196654 31 197175 30 197696 29 198217 28 198739 26 199261 24 199784 20 200306 17 200829 13 201352 7
98a463483fe3a56deacc8bc00ab8aa62668bd40ad0c70bbe7deb10d3e4aeb0c0,44 9 563 11 1082 14 1602 16 2122 18 2642 20 3162 21 3683 21 4203 22 4724 22 5244 23 5765 23 6286 22 6806 23 7327 23 7848 22 8369 22 8890 21 9411 21 9932 20 10453 19 10975 17 11496 16 12017 15 12539 13 13061 10 13583 7
98a463483fe3a56deacc8bc00ab8aa62668bd40ad0c70bbe7deb10d3e4aeb0c0,172451 3 172970 5 173490 8 174010 10 174530 11 175050 12 175569 13 176089 14 176608 16 177127 18 177647 18 178166 20 178686 21 179205 23 179725 23 180244 25 180764 25 181283 27 181803 27 182323 28 182843 28 183363 29 183883 29 184404 29 184926 27 185448 25 185969 25 186490 24 187011 23 187532 22 188052 2 188056 18 188577 17 189098 16 189619 15 190140 14 190661 13 191182 12 191704 10 192225 8 192747 4
98a463483fe3a56deacc8bc00ab8aa62668bd40ad0c70bbe7deb10d3e4aeb0c0,104090 10 104608 13 105126 16 105645 18 106164 20 106684 21 107203 22 107722 24 108241 25 108761 25 109281 26 109800 27 110320 27 110839 28 111359 28 111878 29 112398 28 112918 28 113437 29 113957 28 114477 28 114997 28 115517 28 116038 26 116558 26 117078 26 117598 25 118119 23 118639 21 119159 20 119679 19 120200 17 120721 13 121242 9 121764 5
98a463483fe3a56deacc8bc00ab8aa62668bd40ad0c70bbe7deb10d3e4aeb0c0,20281 2 20801 3 21321 4 21841 5 22361 6 22881 8 23401 9 23921 10 24441 11 24961 12 25481 13 26001 14 26521 15 27041 16 27561 17 28081 17 28601 18 29121 18 29641 18 30161 18 30681 18 31201 18 31721 18 32241 17 32761 16 33281 15 33801 14 34322 11
98a463483fe3a56deacc8bc00ab8aa62668bd40ad0c70bbe7deb10d3e4aeb0c0,141332 4 141844 1 141849 11 142363 18 142883 19 143402 21 143921 23 144441 24 144961 25 145481 25 146001 25 146521 24 147042 23 147562 22 148082 22 148602 22 149122 22 149641 22 150160 22 150680 21 151200 20 151720 19 152239 19 152759 18 153280 16 153800 16 154320 15 154841 13 155361 12 155882 10 156403 8 156924 6
98a463483fe3a56deacc8bc00ab8aa62668bd40ad0c70bbe7deb10d3e4aeb0c0,21090 11 21605 17 22124 19 22644 20 23164 21 23683 22 24203 23 24723 24 25243 25 25763 25 26283 26 26803 27 27324 26 27844 26 28364 26 28885 26 29406 25 29926 25 30447 24 30968 23 31489 22 32010 21 32531 20 33053 18 33574 17 34095 16 34617 14 35138 13 35663 7
98a463483fe3a56deacc8bc00ab8aa62668bd40ad0c70bbe7deb10d3e4aeb0c0,260019 5 260536 11 261054 14 261573 16 262091 19 262610 20 263129 22 263648 23 264167 24 264686 25 265205 26 265725 25 266244 26 266763 26 267282 27 267801 27 268321 26 268841 25 269361 24 269881 23 270401 22 270921 21 271441 20 271961 19 272481 18 273001 17 273521 16 274041 15 274561 14 275081 12 275601 11 276121 7
98a463483fe3a56deacc8bc00ab8aa62668bd40ad0c70bbe7deb10d3e4aeb0c0,183313 7 183830 13 184348 18 184866 22 185385 24 185904 27 186423 29 186943 29 187462 31 187982 32 188502 32 189022 33 189542 33 190062 33 190583 32 191103 32 191623 32 192143 31 192664 30 193184 29 193705 27 194226 26 194746 25 195267 23 195788 21 196309 19 196830 17 197352 13 197873 10
98a463483fe3a56deacc8bc00ab8aa62668bd40ad0c70bbe7deb10d3e4aeb0c0,203862 8 204381 10 204900 13 205419 15 205938 16 206457 18 206976 20 207495 21 208014 22 208533 23 209053 24 209572 25 210091 26 210610 27 211130 27 211649 28 212168 29 212688 29 213209 28 213729 28 214249 27 214769 27 215290 26 215810 25 216330 25 216851 24 217371 23 217892 22 218413 20 218933 19 219454 17 219975 15 220496 13 221017 11 221538 8 222061 4
98a463483fe3a56deacc8bc00ab8aa62668bd40ad0c70bbe7deb10d3e4aeb0c0,51636 8 52154 12 52673 15 53192 18 53711 20 54230 22 54749 24 55269 25 55789 26 56308 28 56828 28 57348 29 57868 30 58388 30 58908 30 59428 30 59949 29 60469 29 60989 29 61510 28 62031 26 62552 25 63073 23 63595 20 64121 12
98a463483fe3a56deacc8bc00ab8aa62668bd40ad0c70bbe7deb10d3e4aeb0c0,151851 6 152368 10 152886 13 153404 15 153923 17 154442 18 154961 18 155481 18 156001 18 156521 18 157041 17 157561 16 158081 16 158601 15 159121 15 159641 14 160161 14 160681 13 161201 12 161721 11 162241 11 162761 10 163281 9 163801 8 164321 7 164841 5 165361 4 165881 3
98a463483fe3a56deacc8bc00ab8aa62668bd40ad0c70bbe7deb10d3e4aeb0c0,105087 6 105589 5 105604 10 106108 8 106122 13 106627 10 106641 15 107146 12 107160 17 107666 31 108186 31 108706 31 109226 31 109746 31 110266 30 110787 29 111307 29 111828 28 112349 26 112869 26 113390 25 113910 25 114431 24 114951 25 115472 25 115992 26 116025 3 116512 29 116543 6 117032 38 117552 38 118073 37 118593 37 119113 27 119143 6 119633 26 119665 2 120152 27 120672 27 121192 27 121712 26 122231 27 122751 26 123271 25 123791 22 124310 22 124830 21 125350 21 125870 21 126390 21 126910 22 127430 22 127950 21 128471 19 128991 18 129512 16 130032 13 130553 10 131075 6
98a463483fe3a56deacc8bc00ab8aa62668bd40ad0c70bbe7deb10d3e4aeb0c0,234346 6 234863 10 235381 13 235899 15 236417 18 236935 20 237454 21 237971 24 238490 25 239009 26 239527 28 240046 28 240565 29 241083 30 241602 31 242122 30 242641 30 243160 30 243679 30 244198 30 244717 30 245237 28 245756 28 246276 26 246796 24 247316 23 247836 21 248356 19 248876 17 249397 14 249919 9
98a463483fe3a56deacc8bc00ab8aa62668bd40ad0c70bbe7deb10d3e4aeb0c0,338955 8 339472 14 339990 19 340509 21 341028 23 341547 25 342066 27 342585 29 343105 29 343624 31 344143 33 344662 34 345182 35 345702 35 346222 35 346742 35 347261 36 347781 35 348301 35 348821 34 349342 33 349862 32 350382 32 350902 31 351422 30 351943 28 352463 26 352984 23 353505 20 354026 16 354549 8
98a463483fe3a56deacc8bc00ab8aa62668bd40ad0c70bbe7deb10d3e4aeb0c0,121831 4 122348 8 122867 11 123386 13 123905 15 124425 16 124945 17 125465 18 125985 18 126505 19 127025 20 127545 20 128065 20 128585 21 129106 20 129626 21 130147 20 130667 20 131187 20 131707 20 132227 20 132748 18 133269 17 133790 15 134310 14 134831 12 135352 10
98a463483fe3a56deacc8bc00ab8aa62668bd40ad0c70bbe7deb10d3e4aeb0c0,79768 12 80287 16 80806 19 81326 20 81845 22 82364 24 82884 25 83403 26 83923 27 84442 29 84962 30 85482 30 86002 31 86522 31 87042 32 87562 32 88082 33 88602 33 89123 32 89643 33 90164 32 90684 32 91205 31 91726 30 92247 29 92768 28 93288 28 93809 27 94330 26 94851 25 95372 24 95892 24 96413 23 96934 22 97456 20 97977 19 98499 17 99020 15 99541 14 100064 10 100585 8 101107 4
98a463483fe3a56deacc8bc00ab8aa62668bd40ad0c70bbe7deb10d3e4aeb0c0,171097 9 171613 15 172132 17 172650 20 173168 23 173686 25 174205 27 174725 27 175245 28 175764 29 176284 30 176804 30 177324 30 177844 30 178363 31 178882 32 179401 32 179921 32 180442 30 180963 28 181484 27 182004 26 182525 24 183047 21 183570 16 184092 11
98a463483fe3a56deacc8bc00ab8aa62668bd40ad0c70bbe7deb10d3e4aeb0c0,2982 10 3501 15 4021 20 4540 22 5060 23 5580 24 6100 24 6619 26 7139 26 7659 26 8179 26 8699 26 9219 26 9740 25 10261 24 10782 23 11303 22 11824 21 12344 20 12865 19 13385 19 13906 18 14427 16 14947 16 15468 15 15989 13 16511 10 17032 8
98a463483fe3a56deacc8bc00ab8aa62668bd40ad0c70bbe7deb10d3e4aeb0c0,120067 8 120586 11 121105 14 121624 16 122143 19 122663 20 123183 23 123703 25 124223 28 124743 30 125263 32 125784 33 126304 35 126825 35 127346 36 127866 37 128387 37 128908 37 129429 37 129950 37 130471 37 130992 37 131514 35 132035 35 132556 34 133077 33 133598 33 134119 32 134640 30 135161 29 135683 27 136204 25 136726 23 137249 20 137771 17 138292 14 138815 9
98a463483fe3a56deacc8bc00ab8aa62668bd40ad0c70bbe7deb10d3e4aeb0c0,255416 6 255934 9 256453 12 256972 14 257491 15 258010 16 258529 17 259049 17 259568 18 260087 19 260606 20 261126 20 261645 21 262164 21 262683 22 263203 22 263722 23 264241 23 264761 23 265280 24 265800 23 266319 24 266839 23 267358 24 267878 23 268397 23 268917 23 269436 23 269956 23 270476 22 270996 21 271515 22 272035 21 272555 20 273075 19 273595 18 274115 17 274634 17 275154 17 275675 15 276195 14 276716 11 277236 10 277757 7
98a463483fe3a56deacc8bc00ab8aa62668bd40ad0c70bbe7deb10d3e4aeb0c0,253964 6 254481 13 255000 16 255519 18 256038 19 256557 21 257075 24 257594 25 258113 26 258632 27 259152 27 259671 28 260190 29 260709 30 261228 31 261748 31 262267 32 262786 32 263306 31 263825 31 264345 31 264865 30 265384 30 265904 29 266423 27 266943 26 267463 26 267983 25 268503 25 269023 24 269543 23 270063 22 270583 21 271104 19 271624 18 272144 17 272665 15 273186 12 273707 9
98a463483fe3a56deacc8bc00ab8aa62668bd40ad0c70bbe7deb10d3e4aeb0c0,132247 2 132747 1 132766 4 133266 3 133286 4 133785 5 133805 6 134305 5 134324 7 134826 5 134843 7 135346 6 135362 8 135867 23 136387 22 136908 20 137430 16 137952 12 138476 4
98a463483fe3a56deacc8bc00ab8aa62668bd40ad0c70bbe7deb10d3e4aeb0c0,158313 7 158831 14 159349 18 159868 22 160387 24 160906 25 161426 26 161945 28 162465 28 162984 30 163504 30 164024 31 164544 31 165064 32 165584 33 166105 32 166625 33 167146 32 167666 31 168187 29 168707 28 169228 27 169749 25 170271 23 170792 21 171314 18 171836 14 172361 3
98a463483fe3a56deacc8bc00ab8aa62668bd40ad0c70bbe7deb10d3e4aeb0c0,184063 4 184581 8 185100 11 185619 13 186139 14 186658 15 187178 16 187698 16 188218 16 188738 16 189258 17 189778 17 190299 16 190821 15 191342 14 191863 14 192383 15 192903 17 193423 18 193944 17 194464 17 194984 17 195504 17 196024 17 196544 17 197064 17 197584 17 198107 14 198628 13 199149 12 199669 12 200190 11 200712 8
98a463483fe3a56deacc8bc00ab8aa62668bd40ad0c70bbe7deb10d3e4aeb0c0,68856 1 69375 3 69884 15 70403 17 70436 4 70923 20 70954 7 71442 40 71962 41 72482 42 73001 44 73521 44 74041 45 74562 44 75082 45 75603 44 76124 43 76645 41 77166 40 77687 39 78208 38 78729 36 79250 35 79780 24 80303 20 80825 1 80828 13
98a463483fe3a56deacc8bc00ab8aa62668bd40ad0c70bbe7deb10d3e4aeb0c0,79708 3 80226 7 80745 10 81264 12 81784 13 82303 14 82823 15 83342 17 83862 18 84382 18 84902 18 85422 19 85941 20 86460 22 86978 24 87497 25 88015 27 88530 32 89048 34 89563 39 90082 40 90602 40 91123 39 91644 37 92165 36 92686 34 93206 14 93222 18 93727 12 93744 15 94248 10 94265 13 94769 7 94786 11 95306 10 95830 6 96352 4 96874 2
98a463483fe3a56deacc8bc00ab8aa62668bd40ad0c70bbe7deb10d3e4aeb0c0,90242 7 90760 11 91279 14 91798 17 92318 19 92837 21 93356 23 93876 24 94396 26 94915 28 95435 29 95955 31 96475 32 96995 32 97515 32 98035 32 98555 33 99075 34 99595 33 100116 32 100636 32 101157 31 101677 31 102198 30 102718 30 103239 29 103760 26 104281 24 104802 22 105324 19 105846 16 106370 9
98a463483fe3a56deacc8bc00ab8aa62668bd40ad0c70bbe7deb10d3e4aeb0c0,165151 3 165664 13 166183 15 166702 17 167221 19 167740 21 168259 22 168778 24 169298 24 169818 24 170338 24 170857 25 171377 25 171897 25 172417 25 172936 26 173456 26 173976 26 174496 26 175016 26 175536 26 176056 25 176576 25 177096 24 177616 23 178137 21 178657 20 179177 19 179698 17 180218 16 180739 14 181259 14 181780 13 182301 11 182822 9 183344 6
98a463483fe3a56deacc8bc00ab8aa62668bd40ad0c70bbe7deb10d3e4aeb0c0,94529 6 94538 2 95047 13 95566 14 96086 14 96606 14 97126 15 97646 15 98165 16 98684 18 99203 19 99721 22 100239 24 100757 27 101271 33 101789 33 102307 34 102826 35 103346 34 103865 34 104385 33 104905 32 105425 31 105944 29 106464 27 106985 25 107506 24 108026 23 108547 21 109069 18 109591 14 110115 9
98a463483fe3a56deacc8bc00ab8aa62668bd40ad0c70bbe7deb10d3e4aeb0c0,21187 7 21705 11 22224 15 22744 18 23263 19 23783 20 24303 20 24822 22 25342 23 25862 25 26381 27 26901 29 27421 30 27941 32 28461 33 28981 34 29501 35 30021 35 30541 35 31061 35 31581 34 32102 32 32622 31 33143 16 33663 13 34184 10 34705 8 35226 5
98a463483fe3a56deacc8bc00ab8aa62668bd40ad0c70bbe7deb10d3e4aeb0c0,62813 5 63332 8 63852 10 64372 11 64891 13 65410 15 65929 17 66448 20 66968 21 67488 24 68008 25 68528 26 69048 27 69568 28 70088 28 70607 30 71126 31 71645 32 72165 32 72684 33 73204 32 73725 31 74245 30 74765 29 75285 27 75805 25 76326 22 76846 21 77367 19 77888 17 78410 13 78932 9
98a463483fe3a56deacc8bc00ab8aa62668bd40ad0c70bbe7deb10d3e4aeb0c0,60636 8 61154 11 61672 13 62191 15 62710 16 63229 17 63748 18 64268 18 64787 19 65303 23 65822 24 66341 25 66861 25 67381 25 67901 24 68421 24 68940 24 69460 24 69980 24 70500 23 71020 23 71540 22 72060 22 72580 21 73101 19 73621 19 74142 17 74663 15 75184 13 75709 6
98a463483fe3a56deacc8bc00ab8aa62668bd40ad0c70bbe7deb10d3e4aeb0c0,89863 10 90382 13 90901 15 91420 18 91940 20 92459 22 92979 23 93499 24 94019 25 94540 26 95060 27 95580 28 96100 29 96620 30 97141 29 97661 30 98181 31 98702 30 99222 31 99743 30 100263 30 100784 29 101304 30 101825 29 102346 28 102867 27 103387 27 103908 26 104429 25 104950 24 105470 24 105990 24 106511 23 107032 21 107554 18 108077 13 108600 8
98a463483fe3a56deacc8bc00ab8aa62668bd40ad0c70bbe7deb10d3e4aeb0c0,192759 2 193277 6 193795 9 194314 10 194834 11 195353 12 195872 13 196391 14 196910 14 197429 15 197948 16 198467 17 198986 18 199504 20 200023 21 200542 21 201061 22 201580 23 202100 23 202619 24 203138 24 203658 24 204178 23 204698 22 205217 23 205737 23 206257 22 206777 22 207297 22 207817 21 208337 21 208857 20 209377 19 209897 18 210418 14 210938 11 211459 7 211980 3
98a463483fe3a56deacc8bc00ab8aa62668bd40ad0c70bbe7deb10d3e4aeb0c0,87879 2 88398 3 88917 4 89436 5 89955 6 90474 7 90994 7 91513 8 92032 9 92552 9 93072 9 93591 10 94111 10 94631 10 95152 9 95672 9 96193 8 96714 7 97238 3
98a463483fe3a56deacc8bc00ab8aa62668bd40ad0c70bbe7deb10d3e4aeb0c0,48921 6 49440 9 49959 12 50478 14 50998 15 51517 17 52037 17 52556 18 53076 19 53596 19 54116 19 54636 19 55156 19 55676 19 56196 19 56716 19 57235 20 57755 20 58274 21 58793 22 59313 21 59833 21 60353 21 60873 20 61394 19 61914 18 62434 18 62955 16 63475 16 63996 14 64517 12 65038 11 65559 9 66080 7
98a463483fe3a56deacc8bc00ab8aa62668bd40ad0c70bbe7deb10d3e4aeb0c0,145428 7 145945 13 146464 19 146983 26 147502 28 148021 30 148541 31 149060 33 149580 34 150100 35 150620 35 151140 36 151660 36 152180 37 152700 37 153221 37 153741 37 154262 36 154783 35 155304 34 155825 33 156348 30 156879 18 157400 17 157922 14 158444 10 158967 4
98a463483fe3a56deacc8bc00ab8aa62668bd40ad0c70bbe7deb10d3e4aeb0c0,127265 10 127784 14 128304 16 128823 18 129343 19 129863 20 130383 20 130902 21 131422 21 131942 21 132463 20 132983 20 133503 21 134023 21 134544 20 135064 20 135584 20 136104 21 136624 21 137144 21 137664 21 138184 22 138704 22 139224 22 139744 22 140264 21 140784 21 141304 20 141825 19 142345 18 142866 17 143386 16 143907 14 144428 13 144949 11 145470 7
98a463483fe3a56deacc8bc00ab8aa62668bd40ad0c70bbe7deb10d3e4aeb0c0,54867 5 55386 7 55905 9 56425 10 56945 12 57465 13 57985 14 58504 16 59024 18 59545 18 60065 19 60586 20 61107 21 61628 22 62150 22 62672 21 63193 21 63713 22 64234 21 64754 22 65275 22 65795 22 66316 21 66837 20 67357 20 67877 20 68398 18 68918 18 69438 6 69446 9 69958 2 69967 7 70489 2
98a463483fe3a56deacc8bc00ab8aa62668bd40ad0c70bbe7deb10d3e4aeb0c0,50510 6 51028 9 51547 11 52066 13 52585 15 53104 17 53623 19 54142 21 54661 23 55180 25 55699 27 56219 27 56739 27 57259 27 57779 27 58299 28 58819 29 59339 30 59860 29 60381 29 60901 29 61422 28 61949 20 62471 18 62992 17 63514 14 64035 13 64556 12 65077 11 65598 9 66120 6 66642 3
98a463483fe3a56deacc8bc00ab8aa62668bd40ad0c70bbe7deb10d3e4aeb0c0,118308 7 118826 10 119345 12 119864 15 120384 16 120904 16 121423 18 121943 19 122463 19 122983 20 123504 19 124024 20 124544 21 125064 21 125585 21 126105 22 126626 22 127146 22 127667 21 128187 21 128706 22 129226 22 129747 21 130267 21 130788 20 131309 19 131830 18 132350 18 132871 16 133392 12 133913 10 134434 7
98a463483fe3a56deacc8bc00ab8aa62668bd40ad0c70bbe7deb10d3e4aeb0c0,140401 4 140921 7 141441 8 141961 9 142481 10 143001 11 143521 11 144041 12 144561 12 145081 12 145601 11 146121 11 146641 10 147161 10 147681 9 148201 8 148721 6 149241 4 149761 3
98a463483fe3a56deacc8bc00ab8aa62668bd40ad0c70bbe7deb10d3e4aeb0c0,307912 8 308430 12 308948 16 309466 19 309984 22 310503 24 311022 25 311541 26 312060 27 312579 28 313098 29 313617 29 314136 30 314655 30 315174 31 315693 31 316213 30 316732 30 317252 30 317771 30 318290 30 318810 28 319330 27 319850 26 320370 24 320890 22 321410 20 321931 17 322452 13 322974 8
98a463483fe3a56deacc8bc00ab8aa62668bd40ad0c70bbe7deb10d3e4aeb0c0,131 29 650 31 1170 31 1691 30 2211 30 2731 30 3252 29 3772 29 4293 28 4815 25 5337 22 5860 18 6388 7
98a463483fe3a56deacc8bc00ab8aa62668bd40ad0c70bbe7deb10d3e4aeb0c0,216209 3 216726 8 217245 10 217764 12 218283 13 218803 14 219323 14 219842 15 220361 16 220880 17 221400 18 221919 19 222439 19 222958 20 223478 20 223997 21 224517 21 225036 22 225556 21 226076 21 226595 22 227115 22 227635 22 228154 23 228674 22 229194 22 229714 22 230234 21 230753 22 231273 21 231793 21 232313 20 232833 19 233353 19 233873 18 234393 18 234913 17 235433 16 235953 15 236474 13 236995 10 237516 7 238037 4 238558 2
98a463483fe3a56deacc8bc00ab8aa62668bd40ad0c70bbe7deb10d3e4aeb0c0,71043 1 71562 9 72082 11 72601 13 73120 14 73640 15 74159 17 74678 19 75197 20 75715 22 76230 27 76750 27 77270 27 77789 28 78309 29 78828 30 79347 32 79867 12 79881 18 80387 9 80402 18 80907 8 80923 17 81427 7 81443 16 81946 7 81963 16 82465 8 82484 15 82985 8 83006 10 83504 8 83528 6 84023 9 84543 10 85063 12 85583 14 86104 14 86626 13 87147 13 87667 13 88188 12 88711 9 89232 7 89753 4
98a463483fe3a56deacc8bc00ab8aa62668bd40ad0c70bbe7deb10d3e4aeb0c0,57210 4 57728 9 58247 13 58766 15 59285 17 59805 18 60324 19 60844 20 61364 21 61884 22 62404 22 62924 23 63444 23 63964 24 64483 25 65003 25 65523 26 66044 25 66564 25 67084 25 67605 24 68125 24 68646 23 69166 22 69687 21 70209 18 70730 16 71252 13 71774 10
98a463483fe3a56deacc8bc00ab8aa62668bd40ad0c70bbe7deb10d3e4aeb0c0,61331 3 61846 10 62365 12 62884 14 63402 17 63921 19 64441 19 64960 20 65480 21 65999 22 66518 23 67038 23 67557 24 68077 24 68596 25 69116 25 69635 26 70155 26 70674 26 71194 26 71714 25 72233 26 72753 26 73273 25 73793 25 74313 25 74833 24 75353 23 75873 23 76393 23 76914 21 77434 20 77954 19 78475 17 78996 15 79517 13 80038 10 80560 6
98a463483fe3a56deacc8bc00ab8aa62668bd40ad0c70bbe7deb10d3e4aeb0c0,232927 5 233445 10 233963 15 234482 21 235002 23 235522 25 236041 28 236561 29 237082 29 237602 30 238122 31 238643 31 239163 31 239684 30 240205 29 240725 29 241246 28 241767 27 242288 26 242810 24 243333 20 243856 17 244379 13 244902 8
98a463483fe3a56deacc8bc00ab8aa62668bd40ad0c70bbe7deb10d3e4aeb0c0,169 31 689 31 1209 31 1729 30 2249 29 2769 28 3289 27 3809 25 4330 22 4850 18 5371 15 5891 13 6412 11 6933 7
98a463483fe3a56deacc8bc00ab8aa62668bd40ad0c70bbe7deb10d3e4aeb0c0,184398 6 184915 11 185434 14 185952 17 186471 19 186991 20 187510 22 188030 22 188549 24 189069 24 189588 26 190108 26 190628 26 191148 26 191668 26 192188 26 192708 26 193228 26 193749 25 194270 24 194790 24 195311 22 195832 19 196354 16 196875 14 197397 10
98a463483fe3a56deacc8bc00ab8aa62668bd40ad0c70bbe7deb10d3e4aeb0c0,242276 4 242795 6 243314 9 243834 12 244354 13 244874 15 245394 17 245914 20 246434 24 246955 25 247475 28 247995 31 248516 32 249036 33 249557 33 250077 34 250598 33 251119 32 251639 32 252160 30 252681 29 253202 27 253723 25 254245 22 254767 19 255290 15 255813 10
98a463483fe3a56deacc8bc00ab8aa62668bd40ad0c70bbe7deb10d3e4aeb0c0,121514 3 122031 8 122549 12 123067 15 123586 17 124105 19 124624 21 125143 22 125661 25 126180 27 126700 28 127221 27 127741 28 128261 28 128782 27 129302 27 129822 27 130342 27 130862 27 131382 27 131903 25 132423 25 132944 24 133464 24 133985 22 134505 21 135025 21 135546 20 136066 19 136587 15 137108 12 137631 6
98a463483fe3a56deacc8bc00ab8aa62668bd40ad0c70bbe7deb10d3e4aeb0c0,79606 2 80124 7 80643 9 81162 11 81677 2 81681 13 82194 21 82711 25 83230 26 83749 27 84269 27 84788 28 85308 28 85828 28 86348 28 86867 29 87387 29 87907 29 88427 29 88947 28 89467 28 89987 28 90507 27 91027 27 91547 27 92067 26 92588 25 93108 24 93628 23 94148 22 94669 20 95190 18 95712 14 96233 12 96755 7
98a463483fe3a56deacc8bc00ab8aa62668bd40ad0c70bbe7deb10d3e4aeb0c0,171494 3 172011 9 172529 13 173047 16 173565 19 174084 21 174603 22 175122 23 175641 25 176160 26 176679 27 177198 28 177718 28 178237 29 178757 28 179277 28 179796 29 180316 28 180836 28 181356 28 181876 27 182395 28 182915 27 183435 27 183955 27 184476 25 184996 24 185517 23 186037 22 186558 20 187079 18 187600 15 188121 13 188643 9
98a463483fe3a56deacc8bc00ab8aa62668bd40ad0c70bbe7deb10d3e4aeb0c0,136000 2 136518 9 137034 14 137554 20 138074 21 138594 22 139114 22 139633 23 140153 23 140673 23 141192 23 141712 23 142231 24 142751 24 143271 23 143790 23 144310 23 144830 23 145349 23 145868 24 146389 23 146909 22 147430 20 147950 19 148470 18 148990 17 149511 14 150032 11 150553 5
98a463483fe3a56deacc8bc00ab8aa62668bd40ad0c70bbe7deb10d3e4aeb0c0,41496 7 42014 12 42533 15 43052 17 43571 19 44091 20 44610 21 45130 22 45649 23 46169 24 46688 25 47208 25 47728 25 48247 26 48767 26 49287 26 49807 26 50327 26 50847 25 51368 23 51889 22 52409 21 52930 19 53450 18 53971 16 54492 14 55014 11 55536 7
98a463483fe3a56deacc8bc00ab8aa62668bd40ad0c70bbe7deb10d3e4aeb0c0,107784 1 108303 3 108822 6 109340 9 109859 18 110378 19 110898 20 111418 28 111938 31 111972 2 112458 36 112978 36 113498 36 114018 36 114539 36 115059 36 115580 35 116102 33 116624 32 117145 31 117667 30 118189 29 118712 26 119236 22 119757 21 120280 17 120801 15 121322 14 121843 12 122365 9 122887 6
98a463483fe3a56deacc8bc00ab8aa62668bd40ad0c70bbe7deb10d3e4aeb0c0,107420 6 107935 14 108454 17 108972 20 109491 22 110010 25 110529 27 111048 29 111567 30 112086 32 112605 33 113125 33 113644 34 114164 34 114684 33 115204 33 115724 33 116244 33 116765 31 117285 30 117806 27 118327 25 118848 21 119370 10
98a463483fe3a56deacc8bc00ab8aa62668bd40ad0c70bbe7deb10d3e4aeb0c0,348260 6 348778 9 349296 11 349815 13 350334 14 350853 15 351372 16 351891 17 352411 17 352930 18 353449 19 353968 20 354488 20 355007 20 355527 20 356046 21 356566 20 357086 20 357605 21 358125 20 358644 21 359164 20 359684 20 360204 19 360724 18 361244 18 361764 17
98a463483fe3a56deacc8bc00ab8aa62668bd40ad0c70bbe7deb10d3e4aeb0c0,195213 2 195732 4 196247 10 196764 14 197283 16 197801 18 198320 20 198839 21 199358 22 199877 23 200396 24 200915 25 201434 26 201953 27 202473 27 202993 26 203512 26 204032 26 204551 27 205070 27 205590 27 206109 27 206629 26 207148 27 207668 26 208187 26 208706 26 209226 25 209745 26 210265 25 210785 24 211304 23 211824 22 212344 21 212864 20 213384 19 213904 17 214424 16 214945 14 215465 13 215986 11 216506 9 217027 5
98a463483fe3a56deacc8bc00ab8aa62668bd40ad0c70bbe7deb10d3e4aeb0c0,100573 5 101090 13 101608 17 102127 19 102646 21 103165 22 103681 27 104199 30 104718 32 105238 33 105760 31 106281 30 106802 29 107323 28 107844 26 108365 25 108886 24 109407 22 109927 20 110448 18 110968 17 111488 16 112009 14 112529 13 113049 12 113570 10 114090 8 114610 7 115130 6 115650 5 116170 5 116691 3 117211 2
