98c5ead89cd066637efd5c93a6edc55c85908eb66807471f0d246d5457341f9c,6260 5 6512 10 6766 12 7019 15 7274 17 7526 21 7782 21 8039 20 8295 21 8551 21 8807 22 9063 22 9318 23 9575 22 9831 22 10087 21 10343 21 10599 20 10856 18 11113 16 11371 12 11628 10
98c5ead89cd066637efd5c93a6edc55c85908eb66807471f0d246d5457341f9c,5464 9 5719 11 5974 12 6229 14 6484 16 6739 17 6995 18 7250 20 7506 20 7762 20 8018 21 8274 21 8530 21 8786 21 9042 21 9298 20 9555 18 9811 17 10068 15 10327 11 10584 9 10843 5 11100 3
98c5ead89cd066637efd5c93a6edc55c85908eb66807471f0d246d5457341f9c,44 16 300 17 556 17 812 18 1067 19 1323 20 1579 20 1835 19 2091 18 2348 17 2604 16 2860 16 3116 15 3373 14 3629 14 3886 12 4143 11 4400 9 4657 7 4915 5 5173 2
98c5ead89cd066637efd5c93a6edc55c85908eb66807471f0d246d5457341f9c,21316 8 21570 13 21825 15 22080 18 22335 20 22590 23 22846 24 23101 25 23357 25 23612 27 23868 28 24124 28 24380 29 24635 30 24891 30 25148 29 25404 29 25660 29 25916 29 26173 28 26429 27 26686 25 26942 25 27199 23 27456 21 27713 19 27970 16 28228 13 28486 10
98c5ead89cd066637efd5c93a6edc55c85908eb66807471f0d246d5457341f9c,23204 6 23455 1 23459 8 23710 14 23965 16 24220 18 24476 18 24731 20 24987 20 25242 21 25498 22 25754 22 26010 22 26266 23 26522 23 26778 23 27034 23 27291 22 27547 22 27803 22 28060 20 28317 19 28574 17 28831 15 29088 12 29346 8
98c5ead89cd066637efd5c93a6edc55c85908eb66807471f0d246d5457341f9c,16226 4 16480 8 16735 10 16990 13 17245 15 17500 17 17755 19 18011 19 18266 20 18522 19 18777 20 19033 20 19289 20 19544 21 19800 21 20056 20 20312 20 20568 20 20824 19 21080 19 21337 17 21593 16 21849 15 22106 12 22362 7
98c5ead89cd066637efd5c93a6edc55c85908eb66807471f0d246d5457341f9c,30418 11 30672 15 30926 19 31181 21 31436 23 31691 25 31947 25 32202 27 32458 27 32713 28 32969 29 33225 29 33481 29 33737 29 33993 29 34249 29 34505 29 34761 29 35018 28 35274 28 35530 27 35787 25 36044 24 36300 23 36557 21 36814 19 37071 16 37329 13 37587 9
98c5ead89cd066637efd5c93a6edc55c85908eb66807471f0d246d5457341f9c,7208 5 7461 11 7715 14 7969 18 8224 20 8479 21 8734 23 8990 23 9245 25 9501 25 9757 25 10013 25 10269 25 10525 25 10781 25 11037 25 11294 24 11550 24 11807 23 12063 22 12320 21 12577 19 12834 17 13090 16 13348 12 13607 6
98c5ead89cd066637efd5c93a6edc55c85908eb66807471f0d246d5457341f9c,46337 2 46593 3 46849 6 47105 7 47361 7 47617 7 47873 7 48129 7 48385 8 48641 9 48897 9 49153 10 49409 10 49665 10 49921 10 50177 10 50433 10 50689 9 50945 8 51201 8 51457 8 51713 8 51969 7 52225 5 52482 3
98c5ead89cd066637efd5c93a6edc55c85908eb66807471f0d246d5457341f9c,16646 2 16899 9 17153 12 17409 13 17665 14 17921 15 18177 16 18433 16 18689 16 18945 17 19201 17 19457 17 19713 17 19969 17 20225 17 20481 17 20737 16 20993 16 21250 14 21508 11 21766 7
98c5ead89cd066637efd5c93a6edc55c85908eb66807471f0d246d5457341f9c,39693 1 39946 7 40201 9 40456 10 40711 12 40966 14 41221 16 41476 18 41731 20 41985 23 42241 24 42497 24 42753 25 43009 26 43267 24 43524 23 43780 23 44036 23 44293 22 44549 22 44805 22 45062 21 45318 21 45574 20 45830 20 46087 18 46343 18 46600 17 46856 17 47113 16 47369 16 47626 15 47882 13 48138 12 48394 11 48651 9 48909 2
98c5ead89cd066637efd5c93a6edc55c85908eb66807471f0d246d5457341f9c,622 3 877 9 1132 12 1387 15 1642 17 1897 19 2152 20 2407 22 2663 22 2920 22 3176 22 3432 22 3689 21 3945 21 4201 21 4457 21 4713 21 4969 20 5225 20 5482 13 5739 11
98c5ead89cd066637efd5c93a6edc55c85908eb66807471f0d246d5457341f9c,41353 8 41607 12 41861 15 42116 18 42372 18 42627 20 42883 21 43138 22 43394 23 43650 23 43906 23 44162 23 44418 23 44675 22 44931 22 45188 21 45444 20 45701 19 45958 18 46216 15 46473 13 46731 10 46991 4
98c5ead89cd066637efd5c93a6edc55c85908eb66807471f0d246d5457341f9c,87 19 344 17 600 13 857 10 1115 6
98c5ead89cd066637efd5c93a6edc55c85908eb66807471f0d246d5457341f9c,7054 13 7307 18 7561 21 7815 24 8070 25 8325 27 8580 28 8836 28 9091 29 9347 29 9603 29 9859 29 10115 29 10371 29 10628 28 10884 27 11141 26 11398 24 11655 22 11912 20 12170 17 12427 15 12685 12 12944 7
98c5ead89cd066637efd5c93a6edc55c85908eb66807471f0d246d5457341f9c,17442 9 17696 13 17951 15 18206 18 18461 20 18716 22 18972 23 19227 24 19483 25 19739 25 19995 25 20250 26 20506 26 20762 26 21018 26 21274 26 21531 24 21787 24 22044 22 22300 21 22557 20 22814 18 23071 16 23329 12 23587 8
98c5ead89cd066637efd5c93a6edc55c85908eb66807471f0d246d5457341f9c,229 20 484 23 739 26 994 27 1249 27 1504 27 1532 5 1758 28 1787 6 2013 29 2043 6 2268 37 2524 29 2554 7 2780 28 2809 8 3035 28 3065 8 3296 22 3321 8 3553 21 3576 9 3810 19 3832 9 4067 16 4088 9 4324 14 4344 9 4581 11 4601 8 4838 9 4857 8 5097 4 5113 8 5370 7 5627 6 5884 5 6141 4 6398 3 6655 2 6912 1
98c5ead89cd066637efd5c93a6edc55c85908eb66807471f0d246d5457341f9c,11283 3 11537 7 11791 9 12046 11 12301 12 12557 13 12812 14 13068 15 13323 16 13579 17 13835 18 14091 19 14347 20 14603 19 14859 19 15116 18 15372 17 15629 15 15885 14 16142 12 16400 8
98c5ead89cd066637efd5c93a6edc55c85908eb66807471f0d246d5457341f9c,15222 5 15477 8 15732 11 15987 13 16243 15 16499 16 16754 17 17009 19 17265 20 17521 20 17777 21 18033 21 18289 21 18545 22 18801 22 19057 23 19313 23 19569 24 19825 24 20081 25 20337 25 20593 25 20849 25 21105 25 21361 25 21617 25 21873 19 21893 5 22129 25 22385 25 22641 25 22898 24 23156 22 23413 20 23670 18 23928 16 24186 13 24445 9
98c5ead89cd066637efd5c93a6edc55c85908eb66807471f0d246d5457341f9c,34916 2 35169 10 35423 14 35678 16 35933 18 36188 20 36443 22 36699 23 36954 24 37210 25 37466 25 37721 27 37977 27 38233 27 38489 27 38746 26 39002 26 39258 26 39515 25 39771 24 40028 23 40285 21 40542 19 40799 17 41057 14 41316 8
98c5ead89cd066637efd5c93a6edc55c85908eb66807471f0d246d5457341f9c,6632 15 6887 17 7142 20 7397 22 7651 26 7906 28 8162 28 8417 30 8673 30 8928 31 9184 31 9440 31 9696 31 9952 31 10208 30 10465 29 10722 27 10979 25 11236 23 11493 16 11750 14
98c5ead89cd066637efd5c93a6edc55c85908eb66807471f0d246d5457341f9c,34288 17 34543 18 34797 20 35052 21 35308 21 35563 22 35819 22 36075 22 36331 22 36587 22 36843 22 37099 22 37356 21 37613 20 37870 19 38127 18 38384 17 38641 16 38898 15 39155 14 39412 13 39669 12 39926 11 40185 7
98c5ead89cd066637efd5c93a6edc55c85908eb66807471f0d246d5457341f9c,847 3 1100 11 1355 13 1609 15 1864 17 2118 19 2373 20 2628 21 2883 22 3138 23 3393 24 3649 24 3904 24 4160 23 4416 22 4671 22 4926 23 5182 22 5437 23 5693 23 5948 24 6204 24 6460 23 6717 22 6973 21 7230 19 7487 17 7745 14 8003 11 8264 1
98c5ead89cd066637efd5c93a6edc55c85908eb66807471f0d246d5457341f9c,11264 1 11517 4 11766 1 11772 5 12018 15 12273 16 12528 17 12783 18 13039 18 13295 18 13551 18 13807 18 14064 17 14322 15 14579 14 14835 14 15092 13 15348 13 15605 12 15862 11 16119 10 16377 8 16635 6
98c5ead89cd066637efd5c93a6edc55c85908eb66807471f0d246d5457341f9c,38594 10 38848 15 39103 17 39357 21 39612 23 39868 24 40123 25 40379 26 40634 27 40890 27 41146 28 41402 28 41658 28 41914 28 42171 27 42427 27 42684 26 42940 26 43197 24 43454 23 43711 22 43968 20 44225 18 44483 15 44746 6
98c5ead89cd066637efd5c93a6edc55c85908eb66807471f0d246d5457341f9c,1 14 257 14 513 13 769 12 1025 11 1281 11 1537 10 1793 10 2049 9 2306 6
98c5ead89cd066637efd5c93a6edc55c85908eb66807471f0d246d5457341f9c,38887 10 39142 12 39397 14 39652 17 39908 18 40164 20 40420 20 40676 21 40932 21 41188 21 41444 21 41700 21 41957 20 42213 20 42469 20 42725 20 42982 18 43240 13 43497 11 43754 5 44011 3
98c5ead89cd066637efd5c93a6edc55c85908eb66807471f0d246d5457341f9c,199 25 455 24 711 24 967 23 1224 22 1481 21 1737 21 1994 19 2250 18 2507 17 2763 17 3020 15 3277 13 3534 11 3791 10 4048 8
