9bf9f3dcadeb152a9a26b23e2fb199dcf9b2b17660b1646326f5b10cbf51eaee,16164 7 16419 9 16675 9 16931 9 17188 7
9bf9f3dcadeb152a9a26b23e2fb199dcf9b2b17660b1646326f5b10cbf51eaee,24685 7 24940 9 25196 9 25452 9 25709 8 25965 7 26222 5
9bf9f3dcadeb152a9a26b23e2fb199dcf9b2b17660b1646326f5b10cbf51eaee,63619 3 63874 6 64129 8 64385 9 64640 11 64896 11 65153 10 65409 10
9bf9f3dcadeb152a9a26b23e2fb199dcf9b2b17660b1646326f5b10cbf51eaee,25972 8 26227 10 26482 12 26737 13 26992 14 27248 14 27504 14 27760 14 28017 12
9bf9f3dcadeb152a9a26b23e2fb199dcf9b2b17660b1646326f5b10cbf51eaee,30515 3 30770 5 31026 5 31282 5 31539 3
9bf9f3dcadeb152a9a26b23e2fb199dcf9b2b17660b1646326f5b10cbf51eaee,53486 4 53739 8 53994 10 54250 11 54506 11 54762 11 55019 10 55276 8 55533 5 55791 2
9bf9f3dcadeb152a9a26b23e2fb199dcf9b2b17660b1646326f5b10cbf51eaee,29372 3 29626 6 29881 7 30136 9 30389 12 30642 16 30897 17 31153 16 31409 16 31665 15 31922 13 32179 11 32437 6
9bf9f3dcadeb152a9a26b23e2fb199dcf9b2b17660b1646326f5b10cbf51eaee,23158 5 23413 7 23669 7 23925 7 24182 5
9bf9f3dcadeb152a9a26b23e2fb199dcf9b2b17660b1646326f5b10cbf51eaee,1018 4 1273 6 1528 7 1784 7 2040 7 2296 7 2552 7 2808 7 3065 5
9bf9f3dcadeb152a9a26b23e2fb199dcf9b2b17660b1646326f5b10cbf51eaee,4351 2 4606 3 4862 3 5118 3 5373 4 5629 4 5884 5 6140 5 6396 5 6652 5 6908 5 7164 5 7421 3
9bf9f3dcadeb152a9a26b23e2fb199dcf9b2b17660b1646326f5b10cbf51eaee,6260 3 6515 5 6771 5 7027 5 7284 3
9bf9f3dcadeb152a9a26b23e2fb199dcf9b2b17660b1646326f5b10cbf51eaee,34226 6 34480 9 34735 10 34991 10 35247 10 35504 9 35760 9 36016 8 36272 7 36528 6 36785 5 37042 3
9bf9f3dcadeb152a9a26b23e2fb199dcf9b2b17660b1646326f5b10cbf51eaee,1083 5 1338 7 1593 9 1849 9 2105 10 2361 11 2618 11 2874 11 3130 11 3387 10 3644 9 3901 8 4159 5
9bf9f3dcadeb152a9a26b23e2fb199dcf9b2b17660b1646326f5b10cbf51eaee,17548 5 17803 7 18058 8 18313 9 18569 9 18825 8 19081 8 19337 8 19593 8 19850 6
9bf9f3dcadeb152a9a26b23e2fb199dcf9b2b17660b1646326f5b10cbf51eaee,11287 4 11542 6 11798 7 12054 7 12311 6 12568 4
9bf9f3dcadeb152a9a26b23e2fb199dcf9b2b17660b1646326f5b10cbf51eaee,9069 1 9322 5 9578 8 9833 10 10089 10 10344 11 10600 10 10857 9 11114 8 11370 9 11627 9 11884 8 12141 6 12400 2
9bf9f3dcadeb152a9a26b23e2fb199dcf9b2b17660b1646326f5b10cbf51eaee,27475 4 27730 6 27985 8 28241 8 28497 9 28754 8 29011 7 29267 7 29523 8 29779 8 30035 8 30291 8 30548 6 30805 3
9bf9f3dcadeb152a9a26b23e2fb199dcf9b2b17660b1646326f5b10cbf51eaee,17447 4 17702 6 17957 7 18213 7 18469 6 18725 5 18981 5 19238 3
9bf9f3dcadeb152a9a26b23e2fb199dcf9b2b17660b1646326f5b10cbf51eaee,44033 1 44289 2 44545 3 44801 3 45057 3 45313 3 45569 3 45825 3 46081 3 46337 2
9bf9f3dcadeb152a9a26b23e2fb199dcf9b2b17660b1646326f5b10cbf51eaee,62905 3 63160 6 63415 8 63670 9 63926 9 64182 9 64438 10 64694 11 64950 12 65206 13 65463 13
9bf9f3dcadeb152a9a26b23e2fb199dcf9b2b17660b1646326f5b10cbf51eaee,33323 1 33578 7 33834 7 34090 8 34345 10 34601 10 34857 10 35113 10 35370 9 35630 4
9bf9f3dcadeb152a9a26b23e2fb199dcf9b2b17660b1646326f5b10cbf51eaee,12681 4 12936 6 13191 7 13446 7 13702 7 13957 7 14213 6 14469 6 14725 6 14982 5 15239 3
9bf9f3dcadeb152a9a26b23e2fb199dcf9b2b17660b1646326f5b10cbf51eaee,18000 6 18255 8 18511 8 18766 9 19022 9 19278 9 19534 9 19789 10 20044 11 20300 11 20556 11 20812 11 21068 10 21323 9 21579 8 21836 6
9bf9f3dcadeb152a9a26b23e2fb199dcf9b2b17660b1646326f5b10cbf51eaee,746 6 1001 8 1257 9 1513 10 1769 10 2025 10 2281 9 2537 8 2794 5
9bf9f3dcadeb152a9a26b23e2fb199dcf9b2b17660b1646326f5b10cbf51eaee,37887 2 38140 5 38395 6 38650 7 38906 7 39163 6 39421 4 39679 2
9bf9f3dcadeb152a9a26b23e2fb199dcf9b2b17660b1646326f5b10cbf51eaee,28323 2 28578 4 28833 5 29089 6 29345 7 29601 7 29857 7 30113 7 30369 7 30625 7 30881 8 31138 8 31394 8 31651 7 31908 5 32166 2
9bf9f3dcadeb152a9a26b23e2fb199dcf9b2b17660b1646326f5b10cbf51eaee,14707 3 14962 7 15218 9 15474 10 15731 9 15988 8 16245 7 16502 6 16758 6 17015 4 17272 2
9bf9f3dcadeb152a9a26b23e2fb199dcf9b2b17660b1646326f5b10cbf51eaee,6640 3 6895 6 7150 8 7406 9 7661 11 7916 12 8172 11 8428 10 8685 8 8945 3
9bf9f3dcadeb152a9a26b23e2fb199dcf9b2b17660b1646326f5b10cbf51eaee,8930 7 9185 10 9441 12 9697 14 9954 14 10212 12 10469 11 10726 10 10987 4
9bf9f3dcadeb152a9a26b23e2fb199dcf9b2b17660b1646326f5b10cbf51eaee,22273 4 22529 5 22785 5 23041 5 23297 4
9bf9f3dcadeb152a9a26b23e2fb199dcf9b2b17660b1646326f5b10cbf51eaee,12310 1 12565 3 12572 1 12821 9 13077 9 13333 8 13589 8 13846 6 14104 3
9bf9f3dcadeb152a9a26b23e2fb199dcf9b2b17660b1646326f5b10cbf51eaee,33143 6 33396 10 33651 11 33906 12 34162 12 34418 13 34674 13 34930 13 35187 12 35444 10
9bf9f3dcadeb152a9a26b23e2fb199dcf9b2b17660b1646326f5b10cbf51eaee,7020 6 7275 8 7531 8 7786 9 8041 9 8296 9 8552 8 8808 7 9065 4
9bf9f3dcadeb152a9a26b23e2fb199dcf9b2b17660b1646326f5b10cbf51eaee,7099 4 7354 6 7610 7 7865 8 8121 9 8377 9 8632 10 8888 10 9144 11 9400 11 9656 11 9913 10 10169 9 10425 9 10682 8 10939 7 11196 5
9bf9f3dcadeb152a9a26b23e2fb199dcf9b2b17660b1646326f5b10cbf51eaee,55330 5 55585 7 55840 8 56095 9 56350 10 56606 9 56862 9 57118 8 57375 6
9bf9f3dcadeb152a9a26b23e2fb199dcf9b2b17660b1646326f5b10cbf51eaee,20531 6 20785 9 21039 11 21294 12 21550 12 21806 11 22063 9 22319 8 22575 7 22832 5 23088 5 23345 3
9bf9f3dcadeb152a9a26b23e2fb199dcf9b2b17660b1646326f5b10cbf51eaee,34954 2 35202 12 35456 15 35711 17 35967 17 36223 17 36480 16 36737 15 36994 13 37251 10 37508 7
9bf9f3dcadeb152a9a26b23e2fb199dcf9b2b17660b1646326f5b10cbf51eaee,12207 8 12462 10 12718 11 12975 10 13232 8 13488 8 13745 7 14001 6 14257 6 14513 6 14769 6 15025 6 15281 5 15538 3
9bf9f3dcadeb152a9a26b23e2fb199dcf9b2b17660b1646326f5b10cbf51eaee,1327 2 1582 4 1837 6 2093 6 2348 7 2604 7 2860 7 3116 6 3373 4
9bf9f3dcadeb152a9a26b23e2fb199dcf9b2b17660b1646326f5b10cbf51eaee,60427 4 60682 6 60937 8 61193 8 61449 8 61705 8 61961 7 62217 7 62473 7 62730 5 62987 3
9bf9f3dcadeb152a9a26b23e2fb199dcf9b2b17660b1646326f5b10cbf51eaee,19751 5 20006 7 20262 7 20519 5
9bf9f3dcadeb152a9a26b23e2fb199dcf9b2b17660b1646326f5b10cbf51eaee,59966 5 60220 8 60475 9 60731 9 60987 9 61244 7
9bf9f3dcadeb152a9a26b23e2fb199dcf9b2b17660b1646326f5b10cbf51eaee,23553 5 23809 6 24065 6 24321 6 24577 5 24833 4
9bf9f3dcadeb152a9a26b23e2fb199dcf9b2b17660b1646326f5b10cbf51eaee,32566 5 32821 7 33076 9 33332 9 33588 9 33844 9 34100 9 34356 8 34613 5 34870 3
9bf9f3dcadeb152a9a26b23e2fb199dcf9b2b17660b1646326f5b10cbf51eaee,61236 4 61491 6 61746 7 62002 8 62258 8 62514 8 62770 8 63027 7 63284 6 63541 4
9bf9f3dcadeb152a9a26b23e2fb199dcf9b2b17660b1646326f5b10cbf51eaee,21175 6 21430 8 21685 10 21940 11 22195 12 22450 13 22703 15 22958 15 23214 13 23470 12 23726 11 23983 8 24240 4
9bf9f3dcadeb152a9a26b23e2fb199dcf9b2b17660b1646326f5b10cbf51eaee,31792 5 32046 8 32300 10 32555 11 32811 10 33067 9 33324 5
9bf9f3dcadeb152a9a26b23e2fb199dcf9b2b17660b1646326f5b10cbf51eaee,25984 3 26239 5 26494 6 26750 6 27006 6 27262 7 27518 8 27774 10 28030 12 28286 13 28542 13 28798 13 29055 12 29312 11 29569 9 29826 6
9bf9f3dcadeb152a9a26b23e2fb199dcf9b2b17660b1646326f5b10cbf51eaee,183 10 439 10 695 10 952 9 1208 8 1465 6 1721 5 1978 2
9bf9f3dcadeb152a9a26b23e2fb199dcf9b2b17660b1646326f5b10cbf51eaee,24837 1 25089 6 25345 6 25601 6 25857 6 26115 3
9bf9f3dcadeb152a9a26b23e2fb199dcf9b2b17660b1646326f5b10cbf51eaee,23405 7 23660 9 23916 9 24172 10 24187 1 24429 7 24438 7 24694 7 24950 7 25206 7 25462 6 25719 4
9bf9f3dcadeb152a9a26b23e2fb199dcf9b2b17660b1646326f5b10cbf51eaee,8473 4 8728 6 8982 9 9237 10 9493 9 9750 8 10007 6
9bf9f3dcadeb152a9a26b23e2fb199dcf9b2b17660b1646326f5b10cbf51eaee,18337 2 18590 6 18845 8 19101 9 19357 9 19613 8 19869 7 20125 6 20382 4 20639 2
9bf9f3dcadeb152a9a26b23e2fb199dcf9b2b17660b1646326f5b10cbf51eaee,14813 2 15068 4 15323 6 15579 7 15835 7 16091 7 16346 9 16601 10 16856 11 17110 13 17365 13 17620 14 17876 14 18133 12 18390 10
9bf9f3dcadeb152a9a26b23e2fb199dcf9b2b17660b1646326f5b10cbf51eaee,17344 6 17599 8 17855 9 18110 10 18366 10 18622 10 18878 10 19135 8 19392 5
9bf9f3dcadeb152a9a26b23e2fb199dcf9b2b17660b1646326f5b10cbf51eaee,2719 7 2974 10 3229 12 3485 13 3741 13 3997 13 4253 13 4509 12 4766 4
9bf9f3dcadeb152a9a26b23e2fb199dcf9b2b17660b1646326f5b10cbf51eaee,54319 2 54574 4 54829 6 55085 6 55340 7 55596 7 55852 7 56108 7 56363 8 56619 7 56876 5 57133 3
9bf9f3dcadeb152a9a26b23e2fb199dcf9b2b17660b1646326f5b10cbf51eaee,19412 7 19667 9 19922 10 20178 10 20434 10 20690 10 20947 8 21204 7 21461 6 21719 3
9bf9f3dcadeb152a9a26b23e2fb199dcf9b2b17660b1646326f5b10cbf51eaee,23057 4 23312 6 23567 7 23822 8 24078 8 24334 8 24590 8 24847 6 25104 4
