9c95eae11da041189e84cda20bdfb75716a6594684de4b6ce12a9aaadbb874c9,59523 6 59777 8 60032 8 60287 8 60544 6 60801 4
9c95eae11da041189e84cda20bdfb75716a6594684de4b6ce12a9aaadbb874c9,28068 4 28323 6 28578 9 28834 10 29090 10 29346 10 29603 8 29859 7 30116 4
9c95eae11da041189e84cda20bdfb75716a6594684de4b6ce12a9aaadbb874c9,1971 8 2223 13 2478 14 2734 14 2990 14 3246 14 3502 14 3758 13 4014 10 4271 4
9c95eae11da041189e84cda20bdfb75716a6594684de4b6ce12a9aaadbb874c9,32754 4 33010 6 33266 6 33523 5 33779 5 34035 5 34291 5 34549 2
9c95eae11da041189e84cda20bdfb75716a6594684de4b6ce12a9aaadbb874c9,35587 3 35842 5 36098 5 36354 5 36611 3
9c95eae11da041189e84cda20bdfb75716a6594684de4b6ce12a9aaadbb874c9,4275 6 4531 6 4787 6 5044 4
9c95eae11da041189e84cda20bdfb75716a6594684de4b6ce12a9aaadbb874c9,46081 3 46337 4 46593 4 46849 4 47105 4 47361 4 47617 4 47873 4 48129 4 48385 3
9c95eae11da041189e84cda20bdfb75716a6594684de4b6ce12a9aaadbb874c9,34309 3 34564 5 34820 5 35076 5 35333 3
9c95eae11da041189e84cda20bdfb75716a6594684de4b6ce12a9aaadbb874c9,26359 3 26614 5 26870 5 27126 5 27383 3
9c95eae11da041189e84cda20bdfb75716a6594684de4b6ce12a9aaadbb874c9,26533 3 26788 5 27044 5 27300 5 27557 3
9c95eae11da041189e84cda20bdfb75716a6594684de4b6ce12a9aaadbb874c9,25320 7 25575 9 25830 11 26085 12 26341 12 26597 12 26852 13 27108 13 27364 14 27621 13 27877 12 28133 12 28390 11 28646 10 28903 9 29161 6
9c95eae11da041189e84cda20bdfb75716a6594684de4b6ce12a9aaadbb874c9,31651 6 31906 9 32161 11 32417 11 32673 11 32929 10 33184 11 33440 11 33696 11 33952 11 34208 11 34464 11 34720 11 34976 11 35232 11 35489 10 35746 9 36003 7
9c95eae11da041189e84cda20bdfb75716a6594684de4b6ce12a9aaadbb874c9,25239 3 25494 5 25750 6 26006 8 26262 11 26519 11 26775 11 27032 10 27289 9 27548 5
9c95eae11da041189e84cda20bdfb75716a6594684de4b6ce12a9aaadbb874c9,24220 3 24475 5 24731 6 24987 7 25243 7 25499 7 25756 6 26014 3
9c95eae11da041189e84cda20bdfb75716a6594684de4b6ce12a9aaadbb874c9,56450 2 56703 7 56958 9 57214 10 57469 11 57725 11 57981 11 58237 10 58493 9 58754 1
9c95eae11da041189e84cda20bdfb75716a6594684de4b6ce12a9aaadbb874c9,28411 1 28666 3 28922 4 29176 6 29432 7 29688 6 29945 5 30202 3
9c95eae11da041189e84cda20bdfb75716a6594684de4b6ce12a9aaadbb874c9,35336 3 35591 5 35847 5 36103 5 36360 3
9c95eae11da041189e84cda20bdfb75716a6594684de4b6ce12a9aaadbb874c9,29594 6 29849 8 30105 8 30361 8 30617 8 30873 8 31130 7 31388 4
9c95eae11da041189e84cda20bdfb75716a6594684de4b6ce12a9aaadbb874c9,31661 3 31916 5 32172 5 32428 5 32684 5 32939 6 33195 6 33451 5 33707 5 33963 5 34219 5 34475 5 34731 5 34987 5 35243 6 35499 6 35755 6 36012 5 36269 3
9c95eae11da041189e84cda20bdfb75716a6594684de4b6ce12a9aaadbb874c9,30379 3 30634 5 30890 5 31146 5 31403 3
