9cdac2870cfe65b6cb61bd151020068a3b427118a27343767b07ea39483fee32,163 17 419 18 675 18 932 16 1188 15 1445 13 1702 11 1960 8
9cdac2870cfe65b6cb61bd151020068a3b427118a27343767b07ea39483fee32,58113 1 58369 2 58625 3 58881 4 59137 4 59393 5 59649 5 59905 6 60161 6 60417 6 60673 6 60929 6 61185 7 61441 7 61697 7 61953 7 62209 6 62465 6 62721 6 62977 5 63233 3 63489 1
9cdac2870cfe65b6cb61bd151020068a3b427118a27343767b07ea39483fee32,7068 6 7323 9 7578 11 7834 12 8090 12 8346 13 8602 13 8858 13 9114 13 9370 14 9627 13 9883 13 10140 11 10398 8 10656 4
9cdac2870cfe65b6cb61bd151020068a3b427118a27343767b07ea39483fee32,30900 17 31155 19 31411 20 31667 20 31924 19 32182 18 32439 17 32695 17 32951 17 33207 17 33463 18 33720 18 33977 17 34234 16 34490 16 34746 16 35002 16 35258 15 35514 15 35770 15 36027 13 36284 9 36541 6
9cdac2870cfe65b6cb61bd151020068a3b427118a27343767b07ea39483fee32,25583 4 25835 18 26090 20 26345 22 26601 23 26857 23 27113 23 27369 24 27626 23 27882 23 28138 23 28395 22 28651 22 28908 21 29164 21 29420 20 29677 19 29933 19 30190 18 30446 18 30703 16 30960 13 31217 11
9cdac2870cfe65b6cb61bd151020068a3b427118a27343767b07ea39483fee32,31967 4 32221 7 32476 10 32731 12 32987 13 33243 14 33499 14 33755 13 34011 13 34268 11 34524 10 34781 7 35038 5 35295 3
9cdac2870cfe65b6cb61bd151020068a3b427118a27343767b07ea39483fee32,32241 7 32496 9 32751 10 33006 12 33262 12 33518 12 33774 12 34030 12 34286 12 34542 12 34798 11 35054 11 35310 11 35567 10 35823 9 36080 7 36338 3
9cdac2870cfe65b6cb61bd151020068a3b427118a27343767b07ea39483fee32,26045 4 26300 6 26554 8 26809 10 27064 15 27320 16 27575 17 27830 18 28086 18 28341 19 28596 20 28852 20 29108 20 29365 19 29622 18 29880 16 30139 5 30146 6 30403 4
9cdac2870cfe65b6cb61bd151020068a3b427118a27343767b07ea39483fee32,4542 3 4794 9 5049 11 5302 14 5557 16 5812 17 6067 18 6323 18 6578 19 6834 19 7090 18 7346 17 7603 15 7860 13 8121 6 8378 3
9cdac2870cfe65b6cb61bd151020068a3b427118a27343767b07ea39483fee32,22321 5 22574 10 22828 13 23083 15 23338 17 23594 17 23850 17 24106 17 24362 16 24618 16 24874 16 25130 15 25387 12 25645 9 25903 3
9cdac2870cfe65b6cb61bd151020068a3b427118a27343767b07ea39483fee32,52103 8 52358 10 52612 13 52866 16 53121 17 53376 18 53632 18 53888 18 54145 17 54401 17 54657 16 54913 15 55169 13 55426 11 55683 5
9cdac2870cfe65b6cb61bd151020068a3b427118a27343767b07ea39483fee32,21167 7 21422 9 21677 12 21932 14 22187 16 22443 16 22699 17 22955 17 23211 17 23467 17 23723 17 23979 17 24235 17 24492 16 24749 15 25006 13 25263 12 25519 12 25776 11 26033 9 26290 7
9cdac2870cfe65b6cb61bd151020068a3b427118a27343767b07ea39483fee32,43309 4 43564 7 43819 10 44074 12 44329 14 44584 15 44840 15 45095 17 45351 17 45607 16 45863 16 46119 16 46375 15 46632 14 46888 14 47145 12 47402 11 47659 9 47917 4
9cdac2870cfe65b6cb61bd151020068a3b427118a27343767b07ea39483fee32,37910 3 38164 7 38419 9 38674 11 38929 12 39185 13 39440 14 39696 15 39952 16 40207 18 40463 19 40719 19 40975 19 41231 19 41488 18 41744 17 42001 15 42258 13 42515 11 42772 9 43029 5
9cdac2870cfe65b6cb61bd151020068a3b427118a27343767b07ea39483fee32,1533 4 1788 5 2044 5 2299 6 2555 6 2810 7 3065 8 3321 8 3577 8 3833 8 4089 8 4345 8 4601 8 4858 7 5117 4 5374 3
9cdac2870cfe65b6cb61bd151020068a3b427118a27343767b07ea39483fee32,979 8 1234 10 1489 12 1744 14 1999 16 2255 17 2511 17 2766 19 3022 19 3277 20 3532 20 3788 20 4044 20 4300 20 4556 20 4812 19 5069 17 5325 16 5582 13 5839 11 6099 5
9cdac2870cfe65b6cb61bd151020068a3b427118a27343767b07ea39483fee32,10008 3 10261 8 10516 10 10771 12 11026 13 11281 14 11536 15 11792 15 12048 16 12304 16 12560 15 12816 14 13072 14 13328 13 13585 11 13842 9 14100 4
9cdac2870cfe65b6cb61bd151020068a3b427118a27343767b07ea39483fee32,38120 2 38374 6 38629 8 38884 10 39139 11 39394 12 39650 12 39905 13 40160 14 40415 15 40671 15 40926 16 41182 16 41438 16 41695 15 41951 15 42208 14 42465 13 42722 11 42979 8 43237 5
9cdac2870cfe65b6cb61bd151020068a3b427118a27343767b07ea39483fee32,63943 5 64196 10 64451 12 64706 14 64962 14 65217 16 65473 17
9cdac2870cfe65b6cb61bd151020068a3b427118a27343767b07ea39483fee32,31287 4 31542 8 31798 9 32053 10 32308 11 32564 11 32819 12 33075 13 33331 14 33587 14 33842 15 34097 16 34353 16 34609 16 34865 16 35121 16 35377 16 35633 16 35889 15 36145 13 36402 11 36659 6 36916 3
9cdac2870cfe65b6cb61bd151020068a3b427118a27343767b07ea39483fee32,50282 4 50537 7 50792 9 51047 11 51303 11 51559 11 51815 10 52071 10 52327 10 52583 10 52839 10 53096 10 53353 9 53611 6 53869 3
9cdac2870cfe65b6cb61bd151020068a3b427118a27343767b07ea39483fee32,16 6 272 7 527 8 782 9 1038 9 1294 9 1550 8 1806 8 2063 6
9cdac2870cfe65b6cb61bd151020068a3b427118a27343767b07ea39483fee32,57848 3 58103 5 58358 8 58614 11 58870 11 59125 12 59381 12 59637 12 59893 12 60149 12 60405 12 60661 12 60917 12 61173 12 61429 12 61686 11 61943 9 62200 4
9cdac2870cfe65b6cb61bd151020068a3b427118a27343767b07ea39483fee32,16897 1 17153 2 17409 2 17665 3 17921 3 18177 3 18433 3 18689 3 18945 2 19201 1 19457 1 19713 1
9cdac2870cfe65b6cb61bd151020068a3b427118a27343767b07ea39483fee32,48092 2 48347 4 48601 8 48854 12 49109 14 49365 14 49621 15 49877 15 50134 14 50391 13 50648 11 50904 11 51161 10 51417 9 51674 6
9cdac2870cfe65b6cb61bd151020068a3b427118a27343767b07ea39483fee32,52663 7 52918 10 53172 13 53427 15 53682 17 53937 20 54192 22 54447 23 54703 23 54959 23 55215 23 55471 23 55728 22 55984 22 56240 21 56497 20 56753 19 57010 17 57268 14 57525 12 57783 9 58041 5
9cdac2870cfe65b6cb61bd151020068a3b427118a27343767b07ea39483fee32,5382 4 5635 8 5890 10 6145 12 6401 13 6657 13 6913 14 7169 14 7425 14 7681 14 7937 14 8193 14 8449 13 8705 12 8962 10 9223 3
9cdac2870cfe65b6cb61bd151020068a3b427118a27343767b07ea39483fee32,43908 4 44161 11 44416 13 44672 14 44929 13 45185 14 45440 15 45695 17 45949 20 46204 21 46460 21 46716 20 46972 20 47228 19 47484 19 47740 18 47997 16 48254 14 48511 12 48769 9 49026 4
9cdac2870cfe65b6cb61bd151020068a3b427118a27343767b07ea39483fee32,30757 6 31012 8 31267 10 31522 12 31777 14 32033 15 32288 17 32544 18 32800 19 33056 19 33312 19 33568 19 33824 18 34080 17 34336 17 34593 16 34850 15 35107 14 35363 14 35620 13 35876 13 36133 12 36390 10 36650 3
9cdac2870cfe65b6cb61bd151020068a3b427118a27343767b07ea39483fee32,14333 4 14587 6 14841 8 15096 9 15351 10 15607 10 15863 10 16119 10 16374 11 16630 11 16886 11 17142 11 17398 11 17655 10 17915 6 18172 5 18428 5 18685 4 18941 4 19198 3
9cdac2870cfe65b6cb61bd151020068a3b427118a27343767b07ea39483fee32,46269 12 46524 15 46779 17 47034 19 47289 21 47545 21 47801 21 48057 22 48313 23 48569 23 48825 23 49082 22 49339 21 49596 19 49853 17 50110 15 50367 13 50626 9 50885 4
9cdac2870cfe65b6cb61bd151020068a3b427118a27343767b07ea39483fee32,11451 8 11706 10 11961 12 12217 13 12472 15 12727 17 12983 17 13239 17 13495 17 13751 17 14007 17 14263 17 14520 15 14778 11
9cdac2870cfe65b6cb61bd151020068a3b427118a27343767b07ea39483fee32,63136 7 63389 11 63643 14 63898 15 64154 14 64409 15 64665 16 64921 16 65177 16 65433 15
9cdac2870cfe65b6cb61bd151020068a3b427118a27343767b07ea39483fee32,40182 4 40437 6 40693 7 40948 9 41204 9 41460 9 41716 8 41973 7 42232 3
9cdac2870cfe65b6cb61bd151020068a3b427118a27343767b07ea39483fee32,23055 4 23307 9 23562 11 23817 13 24073 14 24329 15 24585 17 24841 18 25098 17 25354 17 25610 17 25867 16 26123 16 26379 15 26635 14 26891 13 27148 11 27407 6
9cdac2870cfe65b6cb61bd151020068a3b427118a27343767b07ea39483fee32,57476 4 57731 6 57986 7 58241 8 58497 9 58752 11 59008 12 59264 13 59520 13 59776 13 60032 13 60289 11 60545 10 60802 9 61059 7 61317 4
9cdac2870cfe65b6cb61bd151020068a3b427118a27343767b07ea39483fee32,9686 3 9941 10 10196 13 10451 15 10706 17 10962 17 11218 17 11474 18 11730 18 11986 18 12242 19 12498 19 12755 19 13011 19 13267 19 13524 18 13780 18 14036 18 14292 18 14549 16 14806 15 15063 13 15320 11 15577 8
9cdac2870cfe65b6cb61bd151020068a3b427118a27343767b07ea39483fee32,40635 9 40889 12 41143 14 41398 15 41653 16 41909 17 42165 17 42421 18 42676 20 42932 20 43188 20 43445 19 43702 18 43958 18 44215 17 44473 15 44730 14 44987 12 45243 10 45500 8
9cdac2870cfe65b6cb61bd151020068a3b427118a27343767b07ea39483fee32,34722 4 34976 9 35231 11 35487 12 35742 13 35997 13 36253 13 36509 12 36765 12 37021 12 37277 11 37534 10 37791 8 38048 6 38305 4
9cdac2870cfe65b6cb61bd151020068a3b427118a27343767b07ea39483fee32,25506 7 25761 9 26017 10 26272 11 26528 12 26784 13 27040 13 27297 13 27554 12 27810 12 28066 11 28322 10 28579 8
9cdac2870cfe65b6cb61bd151020068a3b427118a27343767b07ea39483fee32,7161 6 7416 9 7671 10 7927 10 8183 10 8438 11 8694 11 8950 11 9206 11 9462 11 9719 10 9975 10 10232 8
9cdac2870cfe65b6cb61bd151020068a3b427118a27343767b07ea39483fee32,232 11 488 12 744 12 1001 11 1262 5
9cdac2870cfe65b6cb61bd151020068a3b427118a27343767b07ea39483fee32,7398 7 7653 10 7908 12 8163 14 8419 14 8675 14 8931 15 9186 17 9442 17 9699 16 9955 16 10212 15 10470 12 10727 11 10984 9 11243 2
9cdac2870cfe65b6cb61bd151020068a3b427118a27343767b07ea39483fee32,2827 3 3082 5 3338 5 3594 5 3850 5 4106 5 4363 3
