9ebcfaf2322932d464f15b5662cae4d669b2d785b8299556d73fffcae8365d32,77096 9 77351 12 77605 17 77860 19 78115 21 78370 23 78626 25 78881 27 79136 29 79391 31 79647 31 79903 31 80159 32 80415 32 80670 33 80926 32 81182 33 81439 32 81696 31
9ebcfaf2322932d464f15b5662cae4d669b2d785b8299556d73fffcae8365d32,2452 6 2707 8 2961 13 3213 18 3466 21 3720 24 3975 25 4228 29 4483 30 4738 32 4993 34 5248 35 5504 35 5760 35 6016 36 6272 36 6528 36 6784 36 7040 35 7296 35 7552 34 7808 34 8065 33 8323 30 8581 28 8838 27 9096 24 9359 15 9618 10
9ebcfaf2322932d464f15b5662cae4d669b2d785b8299556d73fffcae8365d32,52077 6 52331 9 52587 10 52841 13 53096 14 53351 15 53607 15 53862 16 54117 17 54372 18 54628 17 54883 18 55140 16 55397 14 55654 12 55912 10 56169 8 56426 6
9ebcfaf2322932d464f15b5662cae4d669b2d785b8299556d73fffcae8365d32,58110 3 58365 4 58621 4 58876 5 59132 5 59387 6 59642 7 59898 7 60154 7 60409 8 60664 9 60920 9 61176 9 61432 9 61688 9 61944 9 62200 9 62456 9 62713 8 62970 6
9ebcfaf2322932d464f15b5662cae4d669b2d785b8299556d73fffcae8365d32,55676 8 55931 10 56185 12 56439 15 56694 18 56949 20 57204 21 57459 22 57714 23 57970 23 58225 24 58481 24 58737 24 58993 23 59249 23 59504 23 59760 23 60016 21 60272 20 60528 20 60785 18 61041 16 61297 14 61554 12 61811 10 62069 7 62326 5
9ebcfaf2322932d464f15b5662cae4d669b2d785b8299556d73fffcae8365d32,69522 8 69776 12 70030 15 70284 18 70539 20 70793 22 71048 23 71303 24 71556 28 71811 29 72066 30 72321 31 72576 32 72832 32 73087 33 73343 32 73598 32 73854 32 74110 32 74366 32 74622 31 74878 31 75134 30 75391 28 75647 27 75904 26 76161 25 76417 24 76674 22 76931 20 77188 16 77445 13 77702 10 77960 6
9ebcfaf2322932d464f15b5662cae4d669b2d785b8299556d73fffcae8365d32,74179 2 74433 11 74687 15 74943 16 75198 18 75453 19 75708 21 75964 22 76220 22 76475 24 76730 26 76986 27 77242 27 77498 28 77754 28 78010 28 78266 28 78522 28 78778 28 79034 27 79290 27 79546 27 79802 27 80058 26 80315 24 80572 22 80830 17 81088 13 81348 5
9ebcfaf2322932d464f15b5662cae4d669b2d785b8299556d73fffcae8365d32,70196 2 70200 1 70450 8 70703 11 70959 11 71215 12 71470 13 71726 13 71982 13 72238 12 72494 12 72750 12 73007 10 73263 10 73519 9 73775 8 74031 7 74288 5
9ebcfaf2322932d464f15b5662cae4d669b2d785b8299556d73fffcae8365d32,61542 5 61797 9 62052 11 62308 13 62563 15 62819 15 63075 15 63331 15 63587 15 63843 15 64099 15 64356 14 64612 13 64869 12 65126 10 65383 7 65642 3
9ebcfaf2322932d464f15b5662cae4d669b2d785b8299556d73fffcae8365d32,42374 10 42629 12 42882 17 43135 21 43385 3 43389 23 43640 29 43895 30 44150 31 44406 31 44661 32 44916 33 45172 33 45428 33 45684 33 45940 33 46195 34 46451 32 46707 31 46963 31 47220 30 47477 28 47734 26 47990 24 48247 24 48504 22 48761 18 49020 13
9ebcfaf2322932d464f15b5662cae4d669b2d785b8299556d73fffcae8365d32,58335 6 58588 12 58842 16 59097 18 59352 20 59608 20 59863 21 60119 22 60374 23 60630 23 60885 24 61141 24 61397 24 61654 23 61911 22 62167 22 62424 21 62680 20 62937 18 63193 16 63450 11 63708 5
9ebcfaf2322932d464f15b5662cae4d669b2d785b8299556d73fffcae8365d32,66893 4 67148 8 67401 13 67655 18 67910 20 68166 21 68421 22 68676 24 68932 24 69187 25 69443 26 69698 27 69954 28 70210 28 70466 27 70722 27 70978 27 71235 26 71490 27 71746 27 72002 27 72258 27 72515 25 72771 24 73027 23 73284 21 73540 19 73797 16 74055 12 74314 7
9ebcfaf2322932d464f15b5662cae4d669b2d785b8299556d73fffcae8365d32,49091 4 49344 10 49597 14 49851 17 50106 18 50361 20 50614 23 50869 24 51123 26 51378 27 51634 27 51890 27 52146 27 52402 27 52658 26 52914 24 53171 22 53427 22 53683 21 53940 18 54197 16 54455 9
9ebcfaf2322932d464f15b5662cae4d669b2d785b8299556d73fffcae8365d32,43887 4 44142 6 44397 7 44652 8 44907 9 45163 9 45417 11 45672 12 45928 12 46183 12 46439 12 46695 12 46950 13 47205 15 47460 17 47716 18 47972 18 48228 19 48484 20 48740 21 48997 23 49253 24 49510 23 49765 24 50023 22 50279 21 50536 18 50793 15 51050 13 51308 10 51566 6
9ebcfaf2322932d464f15b5662cae4d669b2d785b8299556d73fffcae8365d32,40947 11 41200 16 41455 18 41709 20 41963 22 42218 23 42472 25 42726 27 42980 29 43235 30 43489 32 43744 33 43999 34 44253 36 44508 37 44762 39 45017 40 45271 42 45526 43 45781 44 46036 45 46291 46 46547 46 46802 47 47057 48 47312 49 47568 49 47824 49 48080 49 48336 49 48592 49 48848 49 49104 49 49360 49 49617 47 49873 45 50130 42 50386 40 50643 38 50900 36 51157 33 51414 29 51671 27 51929 22 52188 17 52448 8
9ebcfaf2322932d464f15b5662cae4d669b2d785b8299556d73fffcae8365d32,40097 6 40348 13 40602 16 40857 17 41112 19 41367 21 41622 22 41878 22 42133 24 42389 24 42644 25 42900 26 43157 25 43414 24 43670 24 43927 23 44183 22 44440 20 44697 5 44703 13 44953 3 44959 12 45210 2 45216 10 45471 10 45728 7 45987 3
9ebcfaf2322932d464f15b5662cae4d669b2d785b8299556d73fffcae8365d32,60958 10 61211 16 61466 18 61718 23 61973 24 62229 25 62484 27 62739 28 62995 29 63250 31 63505 32 63761 32 64016 33 64272 33 64527 33 64783 33 65038 33 65294 33 65550 33 65806 32 66062 31 66318 31 66574 31 66830 30 67087 28 67344 26 67601 23 67858 19 68114 18 68371 16 68629 7
9ebcfaf2322932d464f15b5662cae4d669b2d785b8299556d73fffcae8365d32,55351 2 55606 4 55861 5 56115 9 56370 10 56625 11 56880 13 57135 13 57390 14 57646 15 57901 17 58157 19 58413 20 58668 21 58924 21 59179 22 59435 21 59690 22 59946 21 60202 21 60459 19 60716 18 60973 17 61230 16 61487 15 61744 13 62000 12 62257 10 62513 9 62769 8 63025 8 63281 7 63538 5 63795 2
9ebcfaf2322932d464f15b5662cae4d669b2d785b8299556d73fffcae8365d32,35544 13 35793 22 36047 26 36300 30 36555 32 36808 35 37063 36 37317 40 37572 42 37827 43 38082 44 38337 44 38592 45 38848 45 39104 44 39360 43 39614 45 39870 45 40126 45 40382 45 40638 44 40894 43 41150 43 41406 42 41662 41 41918 40 42174 39 42430 39 42686 38 42943 35 43200 33 43457 31 43713 29 43970 27 44227 25 44484 22 44741 19 44999 16 45256 13 45515 9 45771 5
9ebcfaf2322932d464f15b5662cae4d669b2d785b8299556d73fffcae8365d32,18151 12 18406 16 18660 19 18915 21 19170 23 19425 25 19680 26 19935 28 20190 29 20445 30 20700 31 20956 31 21212 31 21468 31 21724 31 21980 31 22236 31 22492 31 22749 30 23005 29 23262 27 23518 25 23775 23 24033 18 24291 13 24549 7
9ebcfaf2322932d464f15b5662cae4d669b2d785b8299556d73fffcae8365d32,54972 8 55227 10 55483 10 55738 11 55993 13 56248 14 56503 15 56759 15 57015 14 57271 13 57527 12 57784 10 58041 8 58299 3
9ebcfaf2322932d464f15b5662cae4d669b2d785b8299556d73fffcae8365d32,224 33 480 33 735 34 991 34 1247 34 1502 35 1758 35 2014 35 2271 34 2527 34 2783 34 3040 33 3299 30 3556 29 3813 28 4070 27 4327 26 4584 25 4841 24 5098 2 5101 19 5354 1 5359 16 5618 12 5877 7
9ebcfaf2322932d464f15b5662cae4d669b2d785b8299556d73fffcae8365d32,114 34 370 35 626 35 881 35 1137 35 1393 35 1648 36 1904 35 2160 35 2416 34 2672 33 2928 32 3185 28 3441 25 3698 22 3955 20 4212 16 4469 14 4727 11 4984 9
9ebcfaf2322932d464f15b5662cae4d669b2d785b8299556d73fffcae8365d32,48208 7 48462 11 48717 14 48969 20 49224 22 49478 25 49733 26 49989 26 50244 27 50500 28 50755 29 51011 29 51266 30 51521 31 51777 31 52032 31 52288 32 52543 32 52799 32 53054 32 53310 31 53565 32 53821 32 54076 32 54332 31 54588 30 54844 28 55100 27 55356 26 55612 24 55868 24 56124 23 56380 22 56636 21 56893 12 56908 4 57150 5
9ebcfaf2322932d464f15b5662cae4d669b2d785b8299556d73fffcae8365d32,76868 12 77120 17 77375 18 77631 18 77886 18 78142 17 78398 17 78653 18 78909 18 79165 18 79422 17 79678 17 79934 17 80191 16 80447 16 80703 16 80958 16 81215 11
9ebcfaf2322932d464f15b5662cae4d669b2d785b8299556d73fffcae8365d32,70936 12 71191 14 71446 16 71701 17 71956 20 72211 22 72467 22 72722 24 72978 24 73234 24 73490 24 73746 24 74002 24 74258 24 74515 22 74771 22 75027 21 75283 21 75540 19 75796 19 76053 17 76309 16 76566 13 76824 10 77082 5
9ebcfaf2322932d464f15b5662cae4d669b2d785b8299556d73fffcae8365d32,42834 6 43089 10 43343 15 43598 17 43854 18 44109 20 44364 23 44619 25 44874 26 45130 26 45386 26 45642 26 45897 28 46153 29 46409 29 46664 29 46921 27 47177 26 47433 25 47689 24 47945 23 48201 7 48215 8 48458 4 48473 4
9ebcfaf2322932d464f15b5662cae4d669b2d785b8299556d73fffcae8365d32,68853 1 69105 5 69359 8 69614 10 69870 11 70125 13 70381 13 70637 13 70893 14 71149 14 71406 14 71662 14 71918 14 72174 14 72431 12 72687 11 72944 10 73201 8 73459 5
9ebcfaf2322932d464f15b5662cae4d669b2d785b8299556d73fffcae8365d32,1995 7 2250 16 2505 17 2525 1 2760 22 3016 24 3271 28 3526 30 3781 32 4037 33 4293 34 4548 36 4804 37 5060 38 5316 38 5573 37 5830 36 6086 36 6343 35 6600 34 6857 33 7114 32 7371 30 7630 27 7890 22 8149 18 8409 11
9ebcfaf2322932d464f15b5662cae4d669b2d785b8299556d73fffcae8365d32,6653 4 6908 5 7164 5 7420 5 7676 5 7932 5 8187 6 8442 7 8698 7 8954 7 9210 7 9467 6 9723 6 9979 6 10235 6 10491 6 10748 5 11004 5 11260 5 11516 5 11773 4 12031 1
9ebcfaf2322932d464f15b5662cae4d669b2d785b8299556d73fffcae8365d32,63834 7 64089 9 64343 12 64597 15 64852 17 65107 19 65362 21 65618 21 65874 21 66130 21 66386 21 66643 20 66899 20 67156 19 67414 16 67673 13 67930 11 68187 10 68443 9 68700 6 68956 5 69212 5 69469 3
9ebcfaf2322932d464f15b5662cae4d669b2d785b8299556d73fffcae8365d32,48933 10 49187 14 49442 16 49696 19 49950 22 50205 23 50459 26 50714 27 50969 29 51224 30 51479 31 51735 31 51990 32 52245 33 52501 33 52757 33 53013 33 53269 33 53524 33 53779 34 54035 34 54290 35 54546 34 54802 32 55057 32 55313 32 55569 31 55825 30 56081 29 56337 28 56593 26 56849 25 57105 24 57361 23 57617 23 57873 22 58129 22 58385 21 58641 21 58897 20 59153 18 59409 17 59665 15 59921 13 60178 9 60435 7
9ebcfaf2322932d464f15b5662cae4d669b2d785b8299556d73fffcae8365d32,52136 10 52393 9 52648 10 52903 11 53157 14 53412 15 53668 15 53924 16 54179 18 54433 1 54435 18 54689 20 54945 20 55201 20 55457 20 55713 19 55969 18 56225 17 56481 17 56737 16 56994 14 57250 13 57507 9 57764 7
9ebcfaf2322932d464f15b5662cae4d669b2d785b8299556d73fffcae8365d32,56153 8 56408 11 56663 13 56917 15 57172 17 57427 18 57683 19 57938 20 58194 20 58449 21 58704 22 58959 23 59215 23 59471 23 59727 23 59982 24 60238 24 60494 24 60750 24 61006 23 61262 23 61518 23 61774 22 62030 20 62287 18 62543 17 62800 14 63056 13 63313 11 63570 7
9ebcfaf2322932d464f15b5662cae4d669b2d785b8299556d73fffcae8365d32,70101 12 70356 17 70611 20 70867 21 71122 22 71378 23 71634 23 71890 24 72146 25 72402 25 72658 25 72914 25 73170 25 73426 25 73682 25 73938 25 74194 25 74450 25 74706 25 74962 25 75219 24 75476 23 75732 23 75988 23 76244 23 76501 21 76758 19 77015 18 77273 16 77530 14 77789 9
9ebcfaf2322932d464f15b5662cae4d669b2d785b8299556d73fffcae8365d32,60087 6 60338 14 60593 16 60848 19 61103 21 61359 21 61614 23 61870 23 62125 24 62380 26 62635 28 62892 27 63147 28 63403 28 63658 28 63913 28 64169 28 64425 28 64680 29 64936 29 65192 29 65448 29 65704 28 65960 28 66216 28 66472 28 66729 27 66985 26 67241 24 67498 22 67754 20 68011 18 68269 7 68277 6
9ebcfaf2322932d464f15b5662cae4d669b2d785b8299556d73fffcae8365d32,65401 7 65654 12 65907 16 66162 18 66417 19 66671 22 66926 23 67180 26 67435 27 67690 28 67945 28 68200 29 68455 30 68711 30 68966 30 69222 30 69477 30 69733 29 69989 28 70245 27 70500 28 70756 27 71012 26 71268 26 71525 24 71782 23 72039 21 72295 19 72554 14 72811 11 73068 7
9ebcfaf2322932d464f15b5662cae4d669b2d785b8299556d73fffcae8365d32,51926 3 52181 7 52434 14 52689 18 52943 21 53198 22 53453 23 53707 25 53962 26 54217 27 54472 27 54727 28 54983 28 55239 27 55496 25 55752 25 56008 24 56264 23 56520 22 56776 21 57032 20 57289 18 57547 13 57804 11 58060 9 58317 6
9ebcfaf2322932d464f15b5662cae4d669b2d785b8299556d73fffcae8365d32,51699 5 51954 7 52206 12 52461 14 52716 16 52971 18 53227 18 53482 19 53737 20 53992 21 54246 23 54501 25 54756 27 55012 27 55268 27 55524 27 55780 27 56036 27 56292 26 56548 26 56804 25 57060 25 57316 24 57572 23 57829 22 58088 18 58345 16 58603 13 58861 10 59119 7
9ebcfaf2322932d464f15b5662cae4d669b2d785b8299556d73fffcae8365d32,41788 6 42041 10 42295 14 42550 16 42804 19 43059 21 43312 24 43567 25 43823 25 44078 26 44334 26 44589 27 44844 28 45101 26 45357 26 45613 25 45870 24 46127 22 46388 14 46645 10
9ebcfaf2322932d464f15b5662cae4d669b2d785b8299556d73fffcae8365d32,24304 1 24538 9 24556 8 24793 11 24805 16 25048 29 25302 31 25557 32 25812 33 26067 34 26322 34 26578 33 26834 33 27090 32 27346 32 27602 31 27858 29 28115 27 28372 24 28629 21 28886 18 29144 14
9ebcfaf2322932d464f15b5662cae4d669b2d785b8299556d73fffcae8365d32,19407 7 19661 11 19903 26 20158 28 20412 30 20667 31 20922 33 21177 34 21433 34 21688 35 21943 35 22199 35 22454 36 22710 36 22966 36 23222 36 23478 35 23735 34 23991 33 24248 31 24505 29 24761 28 25018 26 25275 23 25533 20 25791 16 26053 5
9ebcfaf2322932d464f15b5662cae4d669b2d785b8299556d73fffcae8365d32,59712 9 59967 11 60223 12 60479 13 60734 15 60990 15 61246 16 61502 16 61757 17 62012 18 62267 20 62522 21 62777 22 63033 22 63288 23 63544 22 63800 21 64056 20 64312 19 64568 19 64824 18 65080 17 65336 15 65592 14 65848 12 66105 10 66362 7 66619 5 66876 3
9ebcfaf2322932d464f15b5662cae4d669b2d785b8299556d73fffcae8365d32,56209 5 56462 10 56717 13 56972 16 57228 18 57484 19 57740 20 57995 22 58250 23 58505 25 58761 25 59016 26 59272 26 59527 27 59783 27 60037 29 60292 30 60548 30 60804 30 61060 29 61316 29 61572 28 61828 28 62084 27 62340 26 62596 26 62852 25 63108 25 63364 23 63621 22 63877 21 64134 18 64390 16 64647 14 64904 11
9ebcfaf2322932d464f15b5662cae4d669b2d785b8299556d73fffcae8365d32,19871 8 20123 13 20377 16 20632 18 20885 22 21140 23 21393 26 21648 27 21903 28 22157 30 22412 30 22667 31 22922 31 23178 31 23433 31 23688 32 23944 31 24199 32 24454 33 24709 33 24965 33 25221 32 25476 32 25732 32 25987 32 26243 31 26499 29 26755 28 27011 26 27268 24 27525 21 27785 14 28044 10
9ebcfaf2322932d464f15b5662cae4d669b2d785b8299556d73fffcae8365d32,48526 6 48779 10 49033 13 49284 19 49540 19 49794 22 50049 24 50304 25 50560 25 50815 26 51070 27 51325 27 51581 27 51837 27 52093 27 52349 27 52605 25 52862 23 53118 23 53375 19 53633 16 53891 12 54148 6
9ebcfaf2322932d464f15b5662cae4d669b2d785b8299556d73fffcae8365d32,23807 2 24062 3 24317 4 24572 5 24828 5 25084 5 25339 6 25594 7 25850 7 26105 8 26360 9 26617 8 26874 7 27130 7 27387 6 27644 5 27901 4 28158 2
9ebcfaf2322932d464f15b5662cae4d669b2d785b8299556d73fffcae8365d32,30128 5 30383 7 30638 8 30894 8 31150 8 31405 9 31661 9 31918 8 32175 6 32433 3
9ebcfaf2322932d464f15b5662cae4d669b2d785b8299556d73fffcae8365d32,36732 6 36987 9 37233 20 37487 23 37740 27 37995 29 38249 35 38504 37 38759 38 39014 39 39270 39 39525 41 39781 41 40037 41 40293 41 40550 40 40807 39 41063 39 41319 38 41575 36 41832 34 42090 31 42347 27 42605 24 42862 20 43123 12
9ebcfaf2322932d464f15b5662cae4d669b2d785b8299556d73fffcae8365d32,61651 3 61906 5 62161 6 62417 7 62672 8 62927 10 63183 10 63439 11 63694 14 63713 3 63950 23 64206 24 64462 24 64717 25 64973 26 65229 26 65485 26 65740 27 65996 26 66252 25 66508 24 66764 23 67020 23 67275 23 67531 22 67787 21 68044 19 68300 18 68557 15 68814 12 69071 8 69328 5
9ebcfaf2322932d464f15b5662cae4d669b2d785b8299556d73fffcae8365d32,66500 1 66756 2 67011 4 67265 7 67520 9 67774 11 68029 12 68276 1 68283 14 68526 26 68781 27 69036 28 69292 28 69547 28 69803 27 70059 26 70315 25 70571 24 70827 22 71084 20 71341 16 71598 13
9ebcfaf2322932d464f15b5662cae4d669b2d785b8299556d73fffcae8365d32,27246 4 27499 12 27754 17 28006 25 28260 28 28515 30 28770 32 29025 34 29280 35 29535 37 29791 38 30046 40 30302 40 30557 41 30813 42 31068 43 31324 43 31580 44 31837 43 32093 43 32350 42 32606 42 32863 41 33119 41 33375 41 33632 40 33889 39 34145 39 34402 37 34658 36 34915 35 35172 33 35429 32 35687 29 35945 26 36205 20 36463 17 36722 8
9ebcfaf2322932d464f15b5662cae4d669b2d785b8299556d73fffcae8365d32,13511 8 13765 15 14020 17 14275 23 14529 26 14784 27 15040 27 15296 26 15551 27 15807 27 16062 27 16317 28 16573 27 16829 26 17085 25 17340 26 17595 26 17851 25 18107 25 18363 24 18619 22 18875 20 19131 19 19387 17 19644 15
9ebcfaf2322932d464f15b5662cae4d669b2d785b8299556d73fffcae8365d32,156 30 412 30 668 30 925 28 1182 27 1440 25 1697 23 1954 21 2214 16 2471 13
9ebcfaf2322932d464f15b5662cae4d669b2d785b8299556d73fffcae8365d32,72618 6 72873 8 73128 11 73383 13 73634 19 73889 22 74143 25 74398 27 74654 27 74910 27 75166 28 75421 30 75677 30 75932 31 76188 31 76444 30 76699 31 76955 30 77211 30 77466 31 77722 30 77978 30 78233 30 78489 30 78745 29 79001 8 79010 19 79258 26 79516 23 79773 21 80030 20 80288 17 80548 11 80805 9
9ebcfaf2322932d464f15b5662cae4d669b2d785b8299556d73fffcae8365d32,28054 6 28304 13 28558 15 28813 17 29068 19 29323 21 29579 21 29834 22 30089 24 30344 25 30600 25 30855 26 31111 26 31367 26 31624 25 31880 25 32136 25 32392 25 32648 25 32904 25 33160 25 33416 25 33672 25 33928 25 34184 25 34440 24 34697 22 34953 22 35210 20 35466 20 35722 19 35979 17 36238 11 36496 5
9ebcfaf2322932d464f15b5662cae4d669b2d785b8299556d73fffcae8365d32,72548 6 72802 9 73056 12 73310 16 73565 18 73819 21 74074 23 74329 25 74583 27 74838 28 75093 29 75349 29 75604 30 75859 31 76114 32 76370 31 76626 30 76881 30 77137 30 77393 29 77649 28 77904 29 78159 29 78415 29 78671 28 78927 26 79183 25 79439 24 79695 23 79951 23 80207 22 80463 21 80719 21 80976 19 81233 17 81489 16 81745 6 81753 6
9ebcfaf2322932d464f15b5662cae4d669b2d785b8299556d73fffcae8365d32,45481 5 45735 8 45990 10 46243 14 46499 15 46754 16 47009 18 47264 19 47520 19 47776 19 48032 19 48287 20 48543 20 48799 19 49055 19 49311 19 49567 18 49823 18 50079 17 50336 15 50593 13 50850 11 51107 9 51365 5
