9f073db4acd7e634fd578af50d4e77218742f63a4d423a99808d6fd7cb0d3cdb,27873 6 28129 8 28384 11 28638 13 28893 15 29149 16 29405 16 29661 16 29917 15 30173 15 30429 15 30685 15 30942 13 31199 10 31456 8 31714 4
9f073db4acd7e634fd578af50d4e77218742f63a4d423a99808d6fd7cb0d3cdb,39038 3 39291 7 39545 9 39799 10 40053 11 40307 12 40560 14 40814 15 41067 13 41322 12 41577 12 41832 12 42088 12 42344 8 42600 7 42858 1
9f073db4acd7e634fd578af50d4e77218742f63a4d423a99808d6fd7cb0d3cdb,29719 5 29973 9 30228 13 30483 15 30738 16 30994 17 31249 18 31505 18 31761 18 32017 18 32273 18 32530 17 32786 17 33042 17 33298 16 33554 16 33811 14 34068 12 34325 10 34586 3
9f073db4acd7e634fd578af50d4e77218742f63a4d423a99808d6fd7cb0d3cdb,20893 5 21147 8 21401 12 21657 14 21912 16 22168 16 22424 16 22682 15 22938 15 23195 15 23452 14 23709 13 23966 12 24223 11 24479 11 24735 10 24991 10 25247 10 25503 10 25760 8 26017 5
9f073db4acd7e634fd578af50d4e77218742f63a4d423a99808d6fd7cb0d3cdb,52458 6 52712 9 52966 12 53221 13 53477 13 53731 15 53986 16 54242 17 54498 17 54753 18 55009 17 55265 17 55522 15 55778 15 56035 13 56291 12 56548 10 56805 8
9f073db4acd7e634fd578af50d4e77218742f63a4d423a99808d6fd7cb0d3cdb,24295 8 24548 14 24801 18 25056 21 25311 22 25566 24 25822 25 26077 26 26332 27 26588 27 26844 27 27101 26 27357 26 27613 6 27620 19 27870 3 27880 15 28137 13 28395 10 28652 8 28908 6
9f073db4acd7e634fd578af50d4e77218742f63a4d423a99808d6fd7cb0d3cdb,44180 6 44435 8 44690 10 44946 10 45203 9 45459 9 45715 9 45972 8 46228 7 46485 5
9f073db4acd7e634fd578af50d4e77218742f63a4d423a99808d6fd7cb0d3cdb,32079 6 32331 12 32586 14 32840 17 33095 18 33349 21 33604 22 33860 22 34115 23 34371 23 34627 23 34883 21 35139 21 35395 20 35651 18 35907 18 36163 17 36420 15 36677 13 36934 11 37192 7
9f073db4acd7e634fd578af50d4e77218742f63a4d423a99808d6fd7cb0d3cdb,2498 6 2750 11 3006 11 3262 11 3518 11 3775 10 4032 9 4288 8 4545 3
9f073db4acd7e634fd578af50d4e77218742f63a4d423a99808d6fd7cb0d3cdb,50303 6 50557 11 50812 13 51067 15 51322 17 51578 18 51833 19 52089 19 52345 19 52601 19 52858 18 53114 18 53371 16 53628 15 53884 14 54141 12 54398 11 54658 5
9f073db4acd7e634fd578af50d4e77218742f63a4d423a99808d6fd7cb0d3cdb,23836 16 24091 20 24346 22 24601 24 24857 24 25113 25 25368 26 25624 26 25880 26 26136 26 26392 25 26649 24 26907 22 27165 19 27429 10 27687 7
9f073db4acd7e634fd578af50d4e77218742f63a4d423a99808d6fd7cb0d3cdb,1537 2 1793 4 2049 5 2305 6 2561 6 2817 7 3073 7 3329 7 3585 7 3841 7 4097 7 4353 7 4609 6 4865 6 5121 6 5377 5 5633 5 5889 5 6145 3 6401 2
9f073db4acd7e634fd578af50d4e77218742f63a4d423a99808d6fd7cb0d3cdb,60604 6 60859 10 61113 13 61368 15 61624 15 61879 17 62135 17 62391 17 62646 18 62902 18 63158 18 63414 18 63671 16 63927 16 64184 14 64441 12 64698 11 64956 8 65213 6
9f073db4acd7e634fd578af50d4e77218742f63a4d423a99808d6fd7cb0d3cdb,42394 6 42649 8 42905 8 43160 10 43416 11 43672 11 43928 11 44186 9 44443 8 44700 6 44956 4
9f073db4acd7e634fd578af50d4e77218742f63a4d423a99808d6fd7cb0d3cdb,72 11 327 14 582 16 837 17 1093 17 1348 19 1604 19 1860 19 2116 19 2373 18 2629 18 2886 17 3142 17 3399 15 3655 15 3913 12 4170 10 4428 7
9f073db4acd7e634fd578af50d4e77218742f63a4d423a99808d6fd7cb0d3cdb,18094 1 18348 7 18603 10 18859 10 19114 12 19369 14 19623 16 19879 16 20134 18 20390 18 20646 18 20902 18 21159 17 21415 17 21672 16 21929 15 22186 14 22442 13 22699 12 22956 10 23214 7
9f073db4acd7e634fd578af50d4e77218742f63a4d423a99808d6fd7cb0d3cdb,45795 2 46048 8 46303 11 46558 13 46814 14 47069 15 47323 18 47579 18 47834 20 48090 20 48345 21 48601 22 48857 22 49113 23 49370 22 49626 22 49885 19 50141 19 50397 17 50654 16 50910 14 51167 12 51425 8
9f073db4acd7e634fd578af50d4e77218742f63a4d423a99808d6fd7cb0d3cdb,184 11 440 11 697 10 953 10 1208 11 1464 11 1721 10 1979 8
