a02ec007ae8feddb758078b1dfb8010c26886fd3c8babdc308ead8b4a63acbdb,71901 12 72419 16 72938 19 73458 20 73977 22 74497 23 75016 25 75536 26 76056 26 76576 26 77096 26 77616 26 78136 26 78656 27 79177 26 79697 26 80217 26 80738 25 81258 24 81779 23 82300 22 82820 22 83341 21 83862 20 84383 19 84904 17 85425 15 85946 13 86467 11 86989 6
a02ec007ae8feddb758078b1dfb8010c26886fd3c8babdc308ead8b4a63acbdb,1951 5 2470 7 2989 10 3508 12 4028 12 4548 12 5067 13 5586 13 6106 13 6626 12 7147 10 7668 8 8190 4
a02ec007ae8feddb758078b1dfb8010c26886fd3c8babdc308ead8b4a63acbdb,21088 5 21607 8 22126 10 22646 11 23166 11 23686 12 24206 12 24726 12 25247 11 25767 10 26288 9 26809 8 27331 5
a02ec007ae8feddb758078b1dfb8010c26886fd3c8babdc308ead8b4a63acbdb,202844 3 203363 5 203882 7 204401 8 204920 9 205439 10 205959 10 206478 11 206998 10 207518 8 208038 7
a02ec007ae8feddb758078b1dfb8010c26886fd3c8babdc308ead8b4a63acbdb,191139 6 191657 9 192176 10 192695 11 193214 13 193734 15 194254 16 194774 17 195294 18 195814 19 196333 20 196852 21 197371 22 197891 21 198411 21 198930 22 199450 21 199970 21 200491 20 201011 19 201532 17 202053 15 202574 12 203096 7
a02ec007ae8feddb758078b1dfb8010c26886fd3c8babdc308ead8b4a63acbdb,266937 5 267456 8 267975 10 268494 11 269014 12 269534 12 270054 12 270574 11 271095 10 271616 9
a02ec007ae8feddb758078b1dfb8010c26886fd3c8babdc308ead8b4a63acbdb,154608 3 155122 3 155127 5 155641 11 156161 10 156680 11 157200 11 157720 11 158239 12 158758 14 159276 16 159795 16 160314 16 160834 15 161353 13 161873 12 162393 12 162913 12 163433 12 163952 12 164472 11 164991 11 165511 9 166031 7 166551 6 167072 4
a02ec007ae8feddb758078b1dfb8010c26886fd3c8babdc308ead8b4a63acbdb,52572 12 53089 19 53608 23 54126 27 54645 31 55164 33 55683 35 56203 37 56723 38 57243 38 57763 39 58283 39 58804 39 59324 39 59844 39 60365 38 60886 37 61406 36 61927 35 62448 34 62970 31 63491 29 64012 27 64536 22 65059 17 65582 11
a02ec007ae8feddb758078b1dfb8010c26886fd3c8babdc308ead8b4a63acbdb,220276 5 220794 8 221313 10 221832 11 222351 13 222871 13 223391 13 223911 13 224433 10 224954 9 225475 7 225996 5
a02ec007ae8feddb758078b1dfb8010c26886fd3c8babdc308ead8b4a63acbdb,42276 9 42287 3 42792 24 43309 29 43827 32 44342 38 44860 40 45379 41 45899 41 46419 41 46939 41 47460 40 47983 36 48504 34 49025 32 49546 30 50067 28 50588 26 51110 23 51632 19 52154 15 52678 9
a02ec007ae8feddb758078b1dfb8010c26886fd3c8babdc308ead8b4a63acbdb,21585 4 22104 6 22623 8 23142 9 23661 10 24179 12 24698 13 25217 14 25736 14 26255 15 26772 17 27291 17 27809 19 28328 19 28847 20 29365 21 29884 21 30404 21 30923 21 31442 22 31962 21 32482 21 33001 21 33520 22 34040 21 34559 21 35079 20 35599 19 36118 19 36638 18 37158 17 37679 14 38200 12 38721 9 39242 6 39763 2
a02ec007ae8feddb758078b1dfb8010c26886fd3c8babdc308ead8b4a63acbdb,282652 3 283167 9 283684 12 284200 16 284718 18 285236 20 285755 21 286274 22 286793 23 287312 24 287831 25 288351 25 288871 25 289391 25 289911 24 290431 24 290951 24 291471 23 291992 21 292513 20 293034 18 293555 16 294077 12 294600 7 295123 2
a02ec007ae8feddb758078b1dfb8010c26886fd3c8babdc308ead8b4a63acbdb,142591 8 143109 11 143627 14 144145 17 144664 19 145184 19 145703 20 146222 21 146741 22 147260 23 147780 23 148299 24 148819 24 149338 24 149858 24 150378 24 150897 24 151417 24 151937 24 152456 24 152976 24 153496 23 154016 23 154536 22 155056 22 155576 22 156096 21 156616 20 157137 18 157657 16 158178 14 158699 12 159220 10 159741 6
a02ec007ae8feddb758078b1dfb8010c26886fd3c8babdc308ead8b4a63acbdb,104876 6 105395 9 105914 11 106434 12 106953 13 107473 14 107993 14 108513 14 109033 13 109553 13 110073 12 110593 11 111113 11 111634 9 112154 9 112675 8 113196 7 113717 6 114238 4
a02ec007ae8feddb758078b1dfb8010c26886fd3c8babdc308ead8b4a63acbdb,180958 3 181476 5 181994 7 182512 9 183031 10 183550 11 184069 12 184588 13 185108 13 185628 13 186148 13 186667 14 187187 14 187708 13 188228 13 188748 13 189269 12 189789 12 190310 11 190830 11 191351 10 191872 9 192394 7 192916 5
a02ec007ae8feddb758078b1dfb8010c26886fd3c8babdc308ead8b4a63acbdb,194694 6 195212 10 195731 12 196251 12 196770 14 197289 15 197808 17 198328 17 198847 18 199367 18 199886 19 200406 19 200926 19 201445 20 201965 20 202485 20 203005 20 203525 20 204045 20 204565 20 205085 20 205605 20 206125 19 206645 19 207165 19 207685 19 208205 18 208726 17 209246 16 209767 14 210287 14 210808 12 211329 9 211850 7
a02ec007ae8feddb758078b1dfb8010c26886fd3c8babdc308ead8b4a63acbdb,272136 11 272654 15 273173 17 273691 20 274210 22 274729 23 275249 23 275768 24 276288 24 276808 24 277328 24 277848 23 278368 22 278888 21 279408 20 279929 18 280450 16 280971 13 281492 10
a02ec007ae8feddb758078b1dfb8010c26886fd3c8babdc308ead8b4a63acbdb,87465 3 87981 11 88500 15 89018 18 89537 22 90056 25 90576 26 91095 29 91615 30 92134 32 92654 33 93174 34 93693 36 94213 36 94733 36 95253 37 95774 36 96295 35 96815 35 97335 34 97856 33 98377 31 98899 29 99420 27 99942 23 100465 18
a02ec007ae8feddb758078b1dfb8010c26886fd3c8babdc308ead8b4a63acbdb,233851 4 234368 10 234886 14 235405 16 235924 18 236443 20 236962 22 237481 23 238000 25 238520 26 239039 27 239558 28 240078 29 240598 29 241118 29 241638 29 242158 29 242678 29 243198 29 243717 29 244237 29 244757 29 245277 28 245797 28 246317 28 246837 27 247357 27 247877 27 248397 26 248917 26 249438 25 249958 24 250478 24 250999 23 251519 22 252040 20 252560 19 253081 17 253601 16 254122 14 254644 10 255166 5
a02ec007ae8feddb758078b1dfb8010c26886fd3c8babdc308ead8b4a63acbdb,14225 4 14743 9 15262 11 15781 13 16301 13 16820 15 17339 16 17859 17 18379 17 18899 17 19419 17 19940 17 20460 17 20980 17 21501 15 22022 14 22543 13 23064 11 23585 9 24106 7
a02ec007ae8feddb758078b1dfb8010c26886fd3c8babdc308ead8b4a63acbdb,64450 5 64969 11 65488 13 66007 15 66526 17 67045 18 67564 20 68084 20 68603 22 69123 22 69643 22 70162 23 70682 23 71201 24 71721 24 72241 23 72760 24 73280 24 73800 24 74319 25 74839 25 75359 25 75879 24 76399 24 76919 24 77439 24 77959 23 78479 23 78999 23 79519 22 80039 22 80559 21 81079 21 81599 20 82120 19 82640 18 83160 17 83681 15 84202 13 84723 11 85245 7
a02ec007ae8feddb758078b1dfb8010c26886fd3c8babdc308ead8b4a63acbdb,266819 5 267336 11 267855 13 268373 16 268892 17 269411 19 269930 20 270449 21 270968 22 271488 22 272007 23 272527 23 273046 24 273566 23 274086 23 274606 22 275126 22 275646 21 276167 20 276687 19 277207 18 277728 15 278249 12 278770 10 279292 5
a02ec007ae8feddb758078b1dfb8010c26886fd3c8babdc308ead8b4a63acbdb,43951 10 44468 16 44987 19 45506 21 46025 23 46544 25 47064 26 47583 27 48103 28 48623 28 49142 29 49662 29 50182 30 50701 31 51221 30 51741 29 52260 30 52780 29 53300 28 53820 27 54340 26 54860 25 55381 23 55901 22 56422 20 56943 18 57465 12 57987 5
a02ec007ae8feddb758078b1dfb8010c26886fd3c8babdc308ead8b4a63acbdb,327886 7 328404 10 328923 13 329442 17 329961 18 330481 18 331001 19 331521 20 332041 20 332561 20 333080 22 333600 22 334120 22 334640 23 335160 23 335680 23 336201 22 336721 23 337241 23 337761 22 338281 22 338801 22 339322 21 339842 21 340362 21 340882 20 341403 19 341923 18 342444 17 342965 15 343485 14 344006 11 344528 7 345050 2
a02ec007ae8feddb758078b1dfb8010c26886fd3c8babdc308ead8b4a63acbdb,226928 6 227445 11 227962 15 228480 17 228999 19 229518 20 230037 22 230556 23 231075 23 231595 23 232114 24 232633 24 233153 24 233673 24 234192 24 234712 23 235232 23 235752 22 236272 21 236792 21 237312 20 237833 18 238353 17 238874 15 239395 13 239917 9
a02ec007ae8feddb758078b1dfb8010c26886fd3c8babdc308ead8b4a63acbdb,193484 8 194000 13 194516 18 195034 21 195553 23 196072 24 196592 24 197112 24 197632 24 198152 24 198672 23 199192 22 199712 21 200232 20 200752 19 201271 19 201786 22 202305 22 202824 20 203342 21 203861 21 204381 20 204902 18 205422 17 205942 17 206462 16 206982 16 207502 16 208023 15 208543 14 209064 12 209585 10
a02ec007ae8feddb758078b1dfb8010c26886fd3c8babdc308ead8b4a63acbdb,107519 5 108038 8 108557 10 109077 11 109597 12 110118 11 110638 11 111158 11 111679 10 112200 9 112722 6 113244 3
a02ec007ae8feddb758078b1dfb8010c26886fd3c8babdc308ead8b4a63acbdb,62146 3 62665 7 63185 10 63705 11 64226 11 64746 12 65266 13 65785 15 66305 15 66826 14 67346 14 67866 13 68387 11 68909 7
a02ec007ae8feddb758078b1dfb8010c26886fd3c8babdc308ead8b4a63acbdb,190337 7 190856 10 191375 13 191894 15 192414 16 192935 16 193455 16 193975 17 194495 17 195015 17 195535 18 196055 17 196574 18 197093 19 197612 19 198131 19 198651 18 199170 19 199690 18 200210 17 200730 17 201250 17 201770 16 202291 14 202811 13 203332 10 203853 8 204376 2
a02ec007ae8feddb758078b1dfb8010c26886fd3c8babdc308ead8b4a63acbdb,15896 4 16415 6 16935 7 17455 8 17974 9 18494 9 19014 9 19534 9 20055 8 20575 8 21095 8 21615 7 22136 6 22657 4 23177 2
a02ec007ae8feddb758078b1dfb8010c26886fd3c8babdc308ead8b4a63acbdb,181561 2 182078 6 182597 8 182607 3 183117 14 183636 15 184156 15 184677 15 185198 16 185718 17 186238 18 186758 18 187278 19 187798 21 188318 23 188838 24 189358 25 189879 25 190400 25 190920 26 191441 26 191962 26 192485 24 193006 24 193526 25 194047 25 194568 25 195090 24 195613 22 196134 21 196654 22 197174 23 197694 23 198214 23 198735 23 199256 22 199776 22 200297 21 200818 20 201338 19 201859 18 202380 16 202901 14 203423 11 203945 7
a02ec007ae8feddb758078b1dfb8010c26886fd3c8babdc308ead8b4a63acbdb,214427 7 214938 5 214945 10 215457 19 215977 19 216497 19 217017 19 217538 18 218060 15 218586 9 219108 6 219630 2
a02ec007ae8feddb758078b1dfb8010c26886fd3c8babdc308ead8b4a63acbdb,161383 6 161901 10 162419 13 162938 15 163457 16 163976 18 164494 20 165013 21 165533 21 166052 22 166572 22 167091 23 167611 23 168131 23 168650 24 169170 24 169689 25 170209 25 170729 25 171249 24 171769 24 172289 23 172808 24 173328 23 173849 21 174369 21 174889 20 175409 19 175930 17 176451 15 176972 13 177493 10 178014 7
a02ec007ae8feddb758078b1dfb8010c26886fd3c8babdc308ead8b4a63acbdb,180475 4 180993 7 181511 10 182030 11 182549 13 183068 14 183587 15 184107 16 184627 21 185147 23 185668 23 186188 23 186709 23 187229 23 187750 22 188271 20 188793 18 189314 16 189837 11 190362 4
a02ec007ae8feddb758078b1dfb8010c26886fd3c8babdc308ead8b4a63acbdb,187063 6 187580 11 188099 14 188618 16 189138 17 189658 18 190178 20 190697 22 191217 23 191737 24 192257 25 192777 25 193297 26 193817 27 194337 27 194858 27 195378 28 195898 29 196418 30 196938 31 197459 30 197979 31 198500 30 199021 29 199541 28 200062 26 200583 24 201104 22 201625 19 202146 16 202668 12 203190 7
a02ec007ae8feddb758078b1dfb8010c26886fd3c8babdc308ead8b4a63acbdb,304240 3 304754 11 305272 15 305791 17 306309 20 306828 21 307347 23 307866 24 308385 25 308905 25 309424 25 309943 26 310462 26 310982 26 311501 26 312021 25 312540 25 313060 24 313580 22 314100 21 314621 18 315141 17 315662 15 316182 13 316703 11 317225 7
a02ec007ae8feddb758078b1dfb8010c26886fd3c8babdc308ead8b4a63acbdb,208346 2 208857 3 208865 4 209376 6 209384 9 209896 18 210417 17 210937 18 211456 19 211976 19 212495 20 213014 20 213533 21 214051 23 214570 24 215089 25 215609 25 216129 25 216648 26 217168 26 217688 26 218208 26 218728 26 219249 24 219769 23 220289 21 220810 16 221331 10 221852 4
a02ec007ae8feddb758078b1dfb8010c26886fd3c8babdc308ead8b4a63acbdb,201484 11 202003 22 202523 24 203042 26 203561 28 204081 29 204601 30 205121 30 205641 31 206161 31 206682 30 207202 31 207722 31 208243 30 208764 29 209285 28 209806 27 210327 26 210849 24 211372 20 211895 16 212418 12 212943 4
a02ec007ae8feddb758078b1dfb8010c26886fd3c8babdc308ead8b4a63acbdb,4496 4 5015 13 5536 12 6056 12 6576 12 7096 12 7616 12 8137 11 8658 9 9179 6
a02ec007ae8feddb758078b1dfb8010c26886fd3c8babdc308ead8b4a63acbdb,60553 5 61072 8 61591 10 62111 11 62631 12 63151 14 63671 15 64191 16 64712 15 65232 16 65752 16 66273 15 66794 14 67315 12 67836 11 68357 9 68880 5
a02ec007ae8feddb758078b1dfb8010c26886fd3c8babdc308ead8b4a63acbdb,44295 5 44814 7 45333 8 45853 8 46372 9 46890 11 47409 13 47928 14 48447 15 48967 14 49487 14 50008 12 50530 9 51051 7
a02ec007ae8feddb758078b1dfb8010c26886fd3c8babdc308ead8b4a63acbdb,241030 9 241548 13 242066 16 242584 19 243103 21 243620 25 244138 28 244657 29 245176 30 245695 31 246215 31 246734 31 247254 31 247774 30 248294 30 248814 30 249335 28 249855 28 250375 27 250896 25 251417 22 251938 20 252459 18 252981 14 253503 10 254027 3
a02ec007ae8feddb758078b1dfb8010c26886fd3c8babdc308ead8b4a63acbdb,182474 4 182992 8 183511 10 184031 10 184550 11 185069 13 185589 13 186109 13 186628 14 187148 14 187668 14 188188 14 188708 14 189228 14 189748 13 190267 14 190787 14 191306 15 191826 15 192345 16 192865 16 193385 15 193905 15 194424 16 194944 16 195464 15 195985 14 196505 14 197025 13 197546 12 198067 10 198588 8 199110 5
a02ec007ae8feddb758078b1dfb8010c26886fd3c8babdc308ead8b4a63acbdb,292962 11 293479 18 293997 23 294516 26 295036 28 295555 30 296075 31 296595 32 297115 33 297635 34 298155 35 298676 34 299196 34 299717 33 300237 33 300758 31 301279 30 301801 27 302322 24 302844 20
a02ec007ae8feddb758078b1dfb8010c26886fd3c8babdc308ead8b4a63acbdb,7555 2 8074 4 8594 4 9114 5 9634 6 10154 7 10673 8 11193 8 11713 8 12233 8 12754 7 13274 7 13794 6 14314 6 14835 4
a02ec007ae8feddb758078b1dfb8010c26886fd3c8babdc308ead8b4a63acbdb,53256 4 53772 11 54291 13 54810 15 55329 17 55848 18 56367 19 56887 19 57407 19 57926 20 58446 19 58966 19 59486 18 60006 18 60526 18 61046 17 61566 17 62086 16 62606 16 63126 15 63646 14 64166 13 64687 11 65208 8
a02ec007ae8feddb758078b1dfb8010c26886fd3c8babdc308ead8b4a63acbdb,148600 4 149119 6 149639 7 150158 8 150678 8 151199 7 151720 5 152241 2
a02ec007ae8feddb758078b1dfb8010c26886fd3c8babdc308ead8b4a63acbdb,219223 7 219741 10 220260 11 220779 12 221298 13 221818 13 222337 14 222857 14 223377 14 223897 14 224417 13 224937 12 225458 10 225979 8 226500 6
a02ec007ae8feddb758078b1dfb8010c26886fd3c8babdc308ead8b4a63acbdb,167954 7 168472 9 168991 10 169511 10 170031 10 170550 11 171070 11 171590 11 172110 11 172630 11 173150 11 173670 11 174190 11 174711 10 175231 10 175751 10 176272 9 176793 8 177315 6 177838 3
a02ec007ae8feddb758078b1dfb8010c26886fd3c8babdc308ead8b4a63acbdb,200285 5 200804 7 201324 8 201844 8 202365 7 202886 6 203407 4
a02ec007ae8feddb758078b1dfb8010c26886fd3c8babdc308ead8b4a63acbdb,11656 6 12175 8 12694 11 13213 13 13732 15 14251 17 14771 18 15291 18 15810 20 16330 20 16850 21 17369 22 17889 22 18409 23 18929 23 19449 23 19969 23 20489 23 21009 23 21529 23 22049 23 22569 22 23089 22 23610 21 24130 20 24650 20 25170 20 25691 18 26211 17 26732 15 27252 14 27773 13 28294 11 28815 9 29337 5
a02ec007ae8feddb758078b1dfb8010c26886fd3c8babdc308ead8b4a63acbdb,169307 4 169825 8 170344 10 170863 12 171382 13 171902 14 172421 15 172941 15 173462 13 173982 13 174502 13 175023 11 175544 10 176065 8 176587 5
a02ec007ae8feddb758078b1dfb8010c26886fd3c8babdc308ead8b4a63acbdb,160514 8 161030 14 161548 17 162067 19 162585 22 163103 25 163622 26 164141 27 164660 28 165179 29 165698 30 166217 31 166737 31 167256 31 167776 31 168295 31 168815 31 169334 31 169854 30 170374 29 170894 29 171414 28 171933 28 172453 27 172973 26 173493 25 174014 24 174534 23 175054 22 175574 21 176094 19 176614 18 177134 16 177654 13 178175 11 178698 6
a02ec007ae8feddb758078b1dfb8010c26886fd3c8babdc308ead8b4a63acbdb,21627 4 22146 7 22665 9 23184 11 23704 12 24223 14 24743 14 25262 16 25781 17 26300 18 26819 20 27338 21 27858 21 28377 22 28897 22 29417 22 29936 23 30456 23 30976 23 31495 23 32015 23 32535 23 33055 22 33575 22 34095 21 34615 21 35135 20 35655 20 36175 19 36695 18 37215 18 37735 17 38255 16 38775 15 39296 13 39816 11 40337 9 40859 5
a02ec007ae8feddb758078b1dfb8010c26886fd3c8babdc308ead8b4a63acbdb,245238 7 245757 10 246276 12 246795 13 247314 14 247833 15 248352 16 248872 16 249391 17 249911 17 250430 18 250949 19 251469 19 251989 20 252508 21 253028 21 253548 22 254068 22 254588 22 255108 22 255628 22 256148 22 256668 22 257188 22 257709 21 258229 20 258750 18 259271 17 259792 15 260314 10
a02ec007ae8feddb758078b1dfb8010c26886fd3c8babdc308ead8b4a63acbdb,74024 4 74542 8 75060 12 75579 14 76098 17 76618 18 77138 19 77657 21 78177 21 78697 22 79217 23 79737 23 80257 24 80777 24 81297 24 81817 25 82337 25 82858 24 83378 25 83899 24 84419 24 84940 24 85460 24 85980 24 86501 23 87022 22 87543 21 88064 20 88585 19 89106 18 89628 15 90150 12 90672 9 91197 3
a02ec007ae8feddb758078b1dfb8010c26886fd3c8babdc308ead8b4a63acbdb,16247 7 16760 21 17275 29 17794 32 18313 35 18832 37 19351 39 19871 40 20391 41 20910 43 21430 43 21950 44 22471 44 22991 44 23511 44 24032 44 24552 44 25073 42 25594 41 26116 39 26638 37 27160 34 27682 32 28207 26 28732 20 29257 12
a02ec007ae8feddb758078b1dfb8010c26886fd3c8babdc308ead8b4a63acbdb,121499 6 122018 8 122537 10 123056 12 123575 14 124094 15 124614 15 125134 16 125653 17 126173 17 126692 18 127212 17 127732 17 128252 17 128771 18 129291 18 129811 18 130331 18 130851 18 131371 17 131891 16 132411 16 132931 16 133451 15 133971 14 134491 14 135012 12 135532 11 136053 9 136574 6
a02ec007ae8feddb758078b1dfb8010c26886fd3c8babdc308ead8b4a63acbdb,331 51 850 52 1369 54 1888 59 2408 60 2928 61 3448 60 3969 59 4490 6 4500 8 4513 35 5011 4 5034 33 5554 32 6073 33 6593 30 7113 28 7633 20 8152 20 8671 20 9191 19 9711 17 10231 15 10751 9 11272 7
a02ec007ae8feddb758078b1dfb8010c26886fd3c8babdc308ead8b4a63acbdb,168627 3 169146 11 169666 12 170187 12 170707 12 171226 13 171742 18 172259 21 172778 22 173294 26 173813 27 174333 27 174853 27 175373 27 175894 25 176416 22 176937 21 177457 21 177977 21 178497 21 179016 21 179536 20 180056 18 180577 16 181098 15 181619 13 182141 10 182663 7
a02ec007ae8feddb758078b1dfb8010c26886fd3c8babdc308ead8b4a63acbdb,325294 5 325813 7 326332 9 326852 10 327372 10 327893 9 328414 8 328936 5
a02ec007ae8feddb758078b1dfb8010c26886fd3c8babdc308ead8b4a63acbdb,145211 2 145730 4 146250 4 146769 4 147288 4 147807 4 148326 5 148846 5 149366 5 149887 4 150408 2
a02ec007ae8feddb758078b1dfb8010c26886fd3c8babdc308ead8b4a63acbdb,96 36 615 38 1135 38 1655 38 2175 38 2695 38 3216 37 3736 37 4256 37 4777 36 5298 34 5818 33 6339 32 6860 30 7381 27 7903 24 8426 19 8949 13
a02ec007ae8feddb758078b1dfb8010c26886fd3c8babdc308ead8b4a63acbdb,12855 11 13373 14 13891 18 14409 21 14928 23 15446 25 15964 27 16483 29 17002 30 17522 30 18041 31 18560 31 19080 31 19600 30 20120 29 20640 28 21160 27 21681 23 22201 20 22722 17 23244 12 23766 4
a02ec007ae8feddb758078b1dfb8010c26886fd3c8babdc308ead8b4a63acbdb,258357 12 258875 16 259393 19 259912 22 260431 24 260950 26 261469 28 261988 29 262507 31 263027 31 263546 32 264066 33 264586 33 265105 34 265625 33 266146 32 266666 33 267186 33 267706 33 268227 32 268747 32 269268 31 269789 29 270310 28 270831 26 271352 24 271873 21 272395 14 272917 6
a02ec007ae8feddb758078b1dfb8010c26886fd3c8babdc308ead8b4a63acbdb,214223 2 214741 7 215259 10 215778 12 216298 13 216818 14 217337 15 217857 16 218377 16 218897 16 219417 16 219937 16 220457 16 220977 16 221497 16 222017 16 222537 16 223057 16 223577 17 224098 16 224618 16 225138 15 225659 14 226179 14 226700 12 227221 11 227742 9 228264 5
a02ec007ae8feddb758078b1dfb8010c26886fd3c8babdc308ead8b4a63acbdb,28678 5 29192 17 29709 23 30227 28 30746 31 31265 33 31784 36 32303 38 32822 40 33341 41 33861 42 34380 43 34900 43 35420 43 35939 44 36459 43 36979 42 37499 41 38019 40 38540 38 39060 37 39581 34 40101 30 40622 28 41144 24 41665 21 42188 15
a02ec007ae8feddb758078b1dfb8010c26886fd3c8babdc308ead8b4a63acbdb,271454 7 271971 11 272490 13 273009 15 273528 16 274048 17 274568 17 275087 18 275606 19 276126 19 276646 19 277166 19 277685 20 278205 20 278725 19 279245 19 279765 18 280285 18 280805 18 281325 17 281845 17 282366 15 282886 14 283407 11 283928 9 284450 4
a02ec007ae8feddb758078b1dfb8010c26886fd3c8babdc308ead8b4a63acbdb,488 17 1008 17 1528 17 2048 17 2568 17 3088 18 3608 18 4129 17 4649 17 5169 17 5689 17 6210 16 6730 16 7250 16 7770 16 8290 15 8810 15 9330 15 9850 15 10370 15 10890 15 11411 14 11931 14 12451 13 12971 13 13492 12 14012 12 14532 11 15053 10 15573 10 16094 8 16615 6 17136 3
a02ec007ae8feddb758078b1dfb8010c26886fd3c8babdc308ead8b4a63acbdb,132141 4 132659 8 133178 10 133697 11 134217 12 134736 13 135256 13 135775 15 136295 15 136815 15 137334 16 137854 16 138374 17 138893 18 139413 18 139932 19 140452 19 140971 20 141491 20 142010 21 142530 21 143050 21 143569 22 144089 22 144608 23 145128 23 145648 23 146168 23 146688 22 147208 22 147728 22 148248 22 148769 21 149290 2 149294 16 149815 14 150335 14 150855 14 151375 14 151895 14 152415 13 152935 13 153456 12 153976 11 154496 11 155017 9 155537 9 156058 7 156580 3
a02ec007ae8feddb758078b1dfb8010c26886fd3c8babdc308ead8b4a63acbdb,257683 5 258202 7 258722 8 259242 8 259762 8 260282 8 260803 8 261324 7 261844 7 262364 7 262885 6 263406 5 263928 2
