a0325cb7aa59e9c0a75e64ba26855d8032c46161aa4bca0c01bac5e4a836485e,51593 7 51847 10 52102 12 52356 15 52611 16 52867 16 53123 16 53379 16 53636 15 53893 14 54149 14 54406 13 54663 12 54922 8
a0325cb7aa59e9c0a75e64ba26855d8032c46161aa4bca0c01bac5e4a836485e,72620 6 72873 10 73128 12 73383 14 73639 14 73895 11 74152 8 74408 7 74664 7 74921 6 75178 6 75435 5 75691 5 75947 6 76203 6 76459 7 76715 8 76971 9 77230 8 77487 6 77743 6 78000 4 78258 2
a0325cb7aa59e9c0a75e64ba26855d8032c46161aa4bca0c01bac5e4a836485e,71275 2 71531 5 71787 5 72043 4 72060 1 72298 5 72315 3 72554 5 72567 8 72811 5 72823 10 73067 5 73079 11 73323 6 73335 11 73579 7 73591 11 73835 7 73847 12 74091 7 74103 12 74348 7 74358 13 74604 23 74861 23 75118 22 75374 21 75630 5 75638 13 75887 3 75895 12 76151 11 76407 10 76663 9 76919 9 77175 8 77432 7 77689 5
a0325cb7aa59e9c0a75e64ba26855d8032c46161aa4bca0c01bac5e4a836485e,34305 5 34561 6 34817 7 35073 8 35329 8 35585 9 35841 9 36097 9 36353 10 36609 10 36865 11 37121 11 37377 12 37633 13 37889 14 38145 15 38402 15 38659 15 38917 13 39175 11 39434 8 39693 4
a0325cb7aa59e9c0a75e64ba26855d8032c46161aa4bca0c01bac5e4a836485e,42282 3 42537 5 42786 12 43041 14 43297 14 43553 15 43808 16 44064 16 44319 18 44575 18 44831 19 45086 21 45342 35 45598 37 45854 39 46110 41 46366 42 46623 42 46879 43 47135 43 47392 43 47648 44 47904 45 48161 45 48418 45 48675 44 48933 42 49193 38 49459 28 49723 20 49983 16 50245 9
a0325cb7aa59e9c0a75e64ba26855d8032c46161aa4bca0c01bac5e4a836485e,62808 7 63062 12 63317 14 63572 16 63828 18 64084 19 64340 19 64594 22 64849 23 65104 24 65360 24 65616 24 65872 24 66129 23 66385 23 66641 22 66898 21 67155 20 67412 20 67668 20 67925 19 68182 18 68439 16 68696 15 68954 12 69217 4
a0325cb7aa59e9c0a75e64ba26855d8032c46161aa4bca0c01bac5e4a836485e,45059 4 45313 7 45569 8 45825 8 46081 9 46337 10 46593 11 46849 13 47105 14 47361 17 47617 18 47875 17 48133 16 48391 15 48650 13 48908 12 49165 12 49421 12 49678 11 49934 11 50191 11 50447 11 50703 12 50959 13 51215 14 51471 15 51727 16 51984 16 52241 14 52498 6 52755 2
a0325cb7aa59e9c0a75e64ba26855d8032c46161aa4bca0c01bac5e4a836485e,68541 6 68795 9 69048 12 69303 13 69558 14 69813 14 70068 15 70324 14 70579 14 70835 14 71090 14 71347 13 71603 12 71860 10 72117 8 72374 6
a0325cb7aa59e9c0a75e64ba26855d8032c46161aa4bca0c01bac5e4a836485e,68753 5 69004 12 69259 16 69513 19 69768 21 70023 22 70279 23 70535 23 70791 23 71047 23 71303 23 71559 24 71815 24 72071 25 72328 25 72584 25 72841 24 73098 24 73354 24 73610 24 73866 24 74122 23 74378 23 74635 22 74891 22 75148 21 75404 21 75661 20 75918 19 76175 17 76436 11 76694 2
a0325cb7aa59e9c0a75e64ba26855d8032c46161aa4bca0c01bac5e4a836485e,291 4 546 7 802 8 1057 10 1312 11 1567 13 1822 15 2078 15 2333 16 2589 16 2845 16 3101 15 3358 14 3614 14 3870 14 4126 14 4382 14 4637 15 4893 15 5148 16 5404 16 5660 15 5917 14 6173 14 6429 13 6685 12 6942 8
a0325cb7aa59e9c0a75e64ba26855d8032c46161aa4bca0c01bac5e4a836485e,49452 7 49708 13 49964 14 50220 15 50476 16 50732 18 50988 20 51244 22 51500 23 51756 24 52012 25 52269 3 52276 18 52537 13 52794 13 53051 13 53308 12 53564 12 53820 12 54076 12 54332 11 54588 11 54843 11 55099 10 55355 8 55612 3
a0325cb7aa59e9c0a75e64ba26855d8032c46161aa4bca0c01bac5e4a836485e,26369 9 26625 11 26881 12 27137 13 27393 14 27649 15 27905 15 28161 16 28417 16 28673 17 28929 17 29185 17 29442 16 29702 12 29961 8 30221 3
a0325cb7aa59e9c0a75e64ba26855d8032c46161aa4bca0c01bac5e4a836485e,5725 10 5979 14 6234 17 6489 19 6716 14 6745 19 6969 18 6990 6 7000 21 7224 29 7256 21 7479 31 7512 21 7735 32 7768 21 7991 33 8025 21 8247 33 8282 20 8503 33 8538 21 8759 33 8795 20 9016 32 9051 21 9272 33 9307 22 9529 32 9563 23 9785 32 9819 23 10041 32 10075 24 10298 30 10331 24 10554 29 10587 24 10811 27 10842 25 11068 25 11098 24 11325 19 11355 22 11581 17 11611 20 11838 15 11868 18 12095 13 12126 14 12353 10 12384 11 12610 7 12644 5
a0325cb7aa59e9c0a75e64ba26855d8032c46161aa4bca0c01bac5e4a836485e,63861 4 64117 5 64372 6 64626 8 64880 11 65134 14 65389 15 65645 15 65900 15 66156 14 66412 13 66668 13 66924 12 67180 11 67436 11 67693 10 67949 11 68206 11 68462 11 68718 11 68974 11 69230 11 69486 11 69743 10 70000 9 70259 6 70519 2
a0325cb7aa59e9c0a75e64ba26855d8032c46161aa4bca0c01bac5e4a836485e,43369 6 43623 11 43878 13 44133 15 44388 17 44643 19 44898 21 45154 21 45410 22 45666 22 45922 22 46179 21 46435 21 46691 22 46947 22 47203 23 47459 23 47716 23 47972 24 48229 23 48486 22 48743 21 49000 21 49258 19 49515 18 49772 17 50029 16 50286 14 50545 10
a0325cb7aa59e9c0a75e64ba26855d8032c46161aa4bca0c01bac5e4a836485e,7715 8 7968 12 8222 15 8476 17 8730 20 8985 22 9240 23 9495 25 9750 27 10005 28 10261 29 10517 29 10772 30 11028 31 11284 31 11540 31 11796 30 12052 30 12308 29 12565 28 12821 28 13077 28 13334 26 13591 24 13847 23 14104 21 14361 19
a0325cb7aa59e9c0a75e64ba26855d8032c46161aa4bca0c01bac5e4a836485e,21272 5 21527 7 21782 8 22037 10 22292 11 22547 12 22803 12 23059 12 23315 12 23572 11 23831 8 24088 7 24346 4
a0325cb7aa59e9c0a75e64ba26855d8032c46161aa4bca0c01bac5e4a836485e,77226 4 77478 9 77732 11 77987 13 78243 15 78499 17 78756 17 79013 17 79270 17 79527 17 79784 17 80041 16 80298 14 80555 10 80812 7 81069 2
a0325cb7aa59e9c0a75e64ba26855d8032c46161aa4bca0c01bac5e4a836485e,61756 5 62012 6 62268 7 62524 8 62780 9 63036 10 63293 9 63549 10 63806 10 64062 11 64319 11 64576 10 64832 11 65089 11 65346 11 65603 10 65860 10 66117 10 66374 10 66630 11 66887 11 67143 12 67399 12 67655 13 67912 13 68169 13 68426 13 68683 12 68939 12 69196 11 69452 12 69709 11 69965 12 70222 11 70478 11 70734 11 70991 11 71247 11 71503 11 71760 10 72017 9 72274 9 72530 9 72787 8 73043 8 73300 7 73556 7 73812 7 74068 7 74324 7 74580 4 74836 2 75092 1
a0325cb7aa59e9c0a75e64ba26855d8032c46161aa4bca0c01bac5e4a836485e,79558 1 79813 4 80057 17 80312 18 80565 22 80819 24 81071 29 81326 30 81582 31 81838 31
a0325cb7aa59e9c0a75e64ba26855d8032c46161aa4bca0c01bac5e4a836485e,32780 4 33036 5 33292 6 33547 8 33802 15 34058 16 34314 17 34570 18 34826 19 35081 21 35337 21 35594 20 35850 20 36106 20 36363 20 36619 20 36876 18 37132 18 37389 16 37646 15 37903 13 38160 12 38417 10 38674 8 38930 2
a0325cb7aa59e9c0a75e64ba26855d8032c46161aa4bca0c01bac5e4a836485e,69479 5 69734 9 69990 10 70246 13 70503 16 70761 17 71019 16 71277 15 71536 12 71796 8 72053 7 72311 4
a0325cb7aa59e9c0a75e64ba26855d8032c46161aa4bca0c01bac5e4a836485e,65455 6 65707 11 65962 12 66217 14 66473 15 66731 14 66988 14 67244 15 67501 14 67757 15 68014 15 68271 15 68527 14 68783 12 69040 8 69297 6 69553 5 69810 3 70066 2 70322 2 70578 1 70834 1
a0325cb7aa59e9c0a75e64ba26855d8032c46161aa4bca0c01bac5e4a836485e,17153 4 17409 5 17665 6 17921 7 18177 8 18433 8 18689 8 18945 9 19201 9 19457 9 19713 9 19969 9 20225 9 20481 8 20737 7 20993 6 21249 5 21505 4 21761 2 22017 1 22273 1 22529 2 22534 10 22785 17 23041 17 23297 17 23553 16 23809 15 24065 15 24321 15 24577 14 24833 13 25089 13 25345 12 25601 11 25857 10 26113 9
a0325cb7aa59e9c0a75e64ba26855d8032c46161aa4bca0c01bac5e4a836485e,36648 2 36903 10 37157 13 37412 15 37668 16 37924 18 38179 21 38435 22 38691 23 38946 25 39202 26 39458 28 39714 29 39971 31 40228 32 40485 34 40742 34 41003 30 41261 28 41522 24 41781 22 42039 20 42298 18 42556 16 42813 16 43072 14 43329 13 43585 14 43841 14 44097 15 44354 15 44610 15 44866 16 45121 17 45377 17 45635 15 45893 12 46151 9 46408 5 46665 1
a0325cb7aa59e9c0a75e64ba26855d8032c46161aa4bca0c01bac5e4a836485e,80 13 336 13 593 11 854 5
a0325cb7aa59e9c0a75e64ba26855d8032c46161aa4bca0c01bac5e4a836485e,52272 4 52525 12 52781 13 53037 14 53294 14 53550 14 53807 13 54063 13 54320 12 54576 12 54833 10 55090 9 55346 9 55604 6
a0325cb7aa59e9c0a75e64ba26855d8032c46161aa4bca0c01bac5e4a836485e,58489 3 58744 5 59000 6 59255 7 59509 9 59763 10 60018 11 60273 11 60529 10 60785 9 61041 9 61297 9 61553 10 61810 9 62066 9 62322 9 62578 9 62834 10 63091 9 63348 8 63605 6
a0325cb7aa59e9c0a75e64ba26855d8032c46161aa4bca0c01bac5e4a836485e,44944 4 45199 6 45454 8 45710 9 45966 9 46222 9 46479 7
a0325cb7aa59e9c0a75e64ba26855d8032c46161aa4bca0c01bac5e4a836485e,73398 6 73653 8 73906 12 74160 15 74415 16 74671 17 74927 17 75184 16 75440 16 75696 16 75953 15 76209 14 76466 13 76723 12 76980 6
a0325cb7aa59e9c0a75e64ba26855d8032c46161aa4bca0c01bac5e4a836485e,47185 1 47440 3 47696 11 47952 13 48209 15 48227 2 48466 20 48723 20 48979 21 49236 22 49492 23 49749 23 50005 23 50260 23 50516 23 50772 23 51028 23 51284 23 51540 23 51797 21 52054 20 52311 19 52568 17 52828 13 53086 10
a0325cb7aa59e9c0a75e64ba26855d8032c46161aa4bca0c01bac5e4a836485e,66727 4 66982 6 67237 7 67492 9 67748 9 68004 10 68261 10 68517 10 68773 10 69029 11 69285 12 69541 12 69797 13 70053 13 70310 12 70566 12 70823 11 71080 10 71337 5 71594 3
a0325cb7aa59e9c0a75e64ba26855d8032c46161aa4bca0c01bac5e4a836485e,76986 5 77238 11 77493 13 77749 14 78004 16 78260 17 78516 17 78773 17 79030 16 79287 15 79544 14 79801 12
a0325cb7aa59e9c0a75e64ba26855d8032c46161aa4bca0c01bac5e4a836485e,42113 3 42368 6 42623 8 42878 10 43133 12 43388 13 43643 14 43899 15 44154 17 44410 17 44666 17 44922 17 45178 17 45434 16 45691 14 45948 13 46208 10 46465 10 46722 10 46981 6 47239 3
a0325cb7aa59e9c0a75e64ba26855d8032c46161aa4bca0c01bac5e4a836485e,54137 3 54392 5 54405 1 54647 7 54661 2 54675 1 54902 8 54917 5 54930 1 55157 9 55173 14 55413 9 55430 12 55669 9 55686 12 55925 9 55941 13 56153 6 56180 10 56197 13 56407 9 56435 10 56453 13 56662 11 56690 11 56708 15 56917 14 56945 12 56964 15 57171 17 57201 12 57219 16 57426 20 57457 12 57475 16 57681 22 57713 12 57731 16 57936 24 57969 13 57987 16 58192 25 58225 13 58243 15 58449 25 58481 8 58492 3 58499 15 58705 25 58737 7 58749 20 58962 25 58993 7 59006 18 59218 27 59249 6 59262 15 59474 28 59505 4 59518 13 59731 32 59773 13 59987 31 60029 13 60244 29 60284 15 60501 28 60539 16 60758 27 60794 17 61015 26 61050 17 61272 25 61306 16 61529 21 61552 1 61563 14 61787 19 61809 1 61819 13 62048 13 62065 1 62075 13 62306 11 62331 12 62563 10 62587 11 62820 9 62844 9 63077 7 63100 8 63335 4 63356 5 63612 2
a0325cb7aa59e9c0a75e64ba26855d8032c46161aa4bca0c01bac5e4a836485e,74584 4 74838 8 75093 10 75348 12 75603 14 75859 15 76114 17 76370 18 76626 19 76882 19 77138 20 77394 20 77651 20 77907 20 78163 21 78419 21 78676 21 78932 21 79188 21 79445 21 79702 20 79959 20 80215 21 80472 20 80729 19 80987 16 81245 13
a0325cb7aa59e9c0a75e64ba26855d8032c46161aa4bca0c01bac5e4a836485e,34962 3 35216 8 35470 11 35725 13 35980 15 36235 16 36490 18 36745 19 37001 20 37257 20 37513 20 37769 20 38025 20 38281 20 38536 21 38792 20 39048 20 39304 19 39560 19 39816 19 40073 17 40329 17 40585 17 40842 15 41098 14 41354 9 41611 7 41867 7 42123 7 42380 6 42637 4
a0325cb7aa59e9c0a75e64ba26855d8032c46161aa4bca0c01bac5e4a836485e,69855 3 70110 8 70131 13 70366 35 70622 35 70878 35 71135 34 71393 32 71650 31 71907 30 72164 29 72421 28 72678 27 72934 27 73191 26 73448 24 73706 21 73964 18 74222 15 74482 7
a0325cb7aa59e9c0a75e64ba26855d8032c46161aa4bca0c01bac5e4a836485e,11531 2 11785 5 12035 12 12290 14 12546 15 12801 16 13057 16 13313 16 13569 17 13825 17 14081 17 14337 17 14593 17 14850 15 15107 14 15364 11 15621 9 15878 7 16136 4 16393 2
