a0afead3b4fe393f6a6159de040ecb2e66f8a89090abf0d0bf5b8e1d38ae667c,85361 13 85717 20 86076 23 86434 26 86793 28 87153 29 87510 33 87869 34 88229 35 88588 37 88947 38 89306 40 89666 40 90024 43 90384 43 90744 44 91103 45 91463 45 91822 47 92181 49 92541 49 92901 50 93261 50 93620 51 93980 51 94340 51 94700 51 95060 51 95420 51 95779 52 96139 51 96499 51 96859 51 97219 51 97579 50 97939 50 98299 49 98660 48 99020 48 99380 47 99740 47 100100 47 100460 46 100821 45 101181 45 101541 44 101903 42 102263 42 102624 40 102985 38 103346 36 103706 36 104067 35 104428 32 104789 31 105151 28 105511 26 105873 22 106235 18 106598 15
a0afead3b4fe393f6a6159de040ecb2e66f8a89090abf0d0bf5b8e1d38ae667c,250 32 608 36 967 37 1326 40 1685 41 2045 42 2404 44 2763 46 3122 47 3482 47 3842 48 4200 50 4560 50 4919 52 5279 51 5638 54 5998 54 6357 55 6717 55 7076 56 7436 57 7796 57 8155 58 8515 57 8875 57 9234 59 9594 58 9953 58 10313 58 10673 57 11032 58 11392 57 11752 57 12111 58 12472 56 12831 56 13191 55 13551 54 13911 54 14271 53 14631 52 14991 50 15352 49 15712 47 16072 46 16432 45 16793 43 17153 42 17514 40 17874 39 18235 37 18596 34 18957 32 19318 28 19680 24 20042 19 20404 17 20769 1 20773 1
a0afead3b4fe393f6a6159de040ecb2e66f8a89090abf0d0bf5b8e1d38ae667c,40391 10 40749 14 41107 17 41465 20 41823 24 42182 27 42540 30 42899 31 43259 32 43617 35 43976 36 44336 36 44694 39 45054 39 45413 40 45772 41 46132 41 46491 42 46850 43 47210 43 47569 44 47928 45 48288 45 48647 46 49006 46 49365 47 49724 48 50084 47 50443 47 50803 46 51162 47 51521 48 51881 47 52240 47 52600 46 52959 46 53319 46 53679 45 54038 45 54398 44 54758 43 55118 42 55478 41 55838 41 56198 40 56558 39 56918 38 57278 37 57638 36 57999 35 58359 33 58719 32 59079 31 59440 29 59801 26 60162 25 60522 24 60884 20 61244 19 61605 16 61968 11 62330 8
a0afead3b4fe393f6a6159de040ecb2e66f8a89090abf0d0bf5b8e1d38ae667c,54281 14 54633 24 54992 26 55350 30 55709 32 56068 33 56424 38 56784 38 57145 38 57504 39 57863 40 58222 42 58581 43 58941 43 59300 45 59659 46 60019 47 60379 47 60738 49 61098 49 61457 50 61817 51 62177 51 62537 51 62897 52 63257 52 63617 52 63978 52 64338 53 64698 55 65059 54 65421 53 65781 54 66142 53 66503 53 66863 53 67224 53 67585 52 67946 51 68307 46 68354 4 68669 49 69031 47 69394 44 69757 41 70119 40 70480 39 70841 38 71201 38 71562 37 71923 36 72283 36 72644 35 73005 33 73366 32 73727 30 74089 28 74450 26 74811 24 75173 6 75180 14 75534 19 75895 17 76257 13 76618 11
a0afead3b4fe393f6a6159de040ecb2e66f8a89090abf0d0bf5b8e1d38ae667c,84599 2 84957 4 85316 5 85675 6 86033 8 86392 9 86750 11 87109 12 87469 12 87829 12 88189 12 88549 12 88910 11 89271 10 89632 9 89992 9 90354 7 90715 6 91077 4 91438 3 91800 1 93946 11 94305 13 94665 15 95023 18 95383 18 95743 18 96102 19 96461 20 96821 20 97180 21 97539 22 97899 22 98259 22 98619 22 98978 23 99338 23 99698 23 100058 23 100418 23 100777 24 101137 24 101497 24 101857 24 102218 23 102578 23 102938 23 103298 23 103659 22 104019 22 104380 21 104740 21 105101 20 105462 19 105823 18 106184 17 106545 16 106906 15 107267 14 107628 13 107989 12 108351 10 108713 8 109078 3
a0afead3b4fe393f6a6159de040ecb2e66f8a89090abf0d0bf5b8e1d38ae667c,43441 2 43798 7 44158 8 44518 9 44878 10 45238 11 45598 12 45958 12 46319 13 46680 13 47040 14 47402 13 47763 13 48123 14 48483 14 48844 14 49205 13 49566 13 49926 14 50286 15 50646 15 51007 14 51368 14 51728 14 52089 13 52450 12 52810 12 53171 11 53531 11 53892 10 54252 10 54613 9 54973 9 55334 7 55696 5 56058 3
a0afead3b4fe393f6a6159de040ecb2e66f8a89090abf0d0bf5b8e1d38ae667c,104711 14 105069 18 105425 24 105783 27 106141 30 106500 32 106859 34 107218 36 107577 37 107937 37 108296 38 108656 39 109015 41 109375 41 109735 41 110095 41 110455 4 110460 36 110815 42 111174 43 111534 43 111894 44 112254 44 112614 44 112974 44 113335 43 113695 43 114055 43 114415 43 114776 42 115136 42 115497 41 115858 39 116219 38 116580 36 116940 36 117301 34 117662 33 118022 32 118382 32 118742 31 119103 30 119463 29 119824 28 120184 28 120545 26 120905 26 121265 25 121625 25 121986 23 122346 23 122707 21 123067 21 123427 20 123787 20 124147 19 124503 22 124863 22 125223 22 125583 21 125950 13 126310 12 126671 11 127033 8
a0afead3b4fe393f6a6159de040ecb2e66f8a89090abf0d0bf5b8e1d38ae667c,115816 10 116174 14 116533 16 116891 19 117251 20 117611 21 117971 21 118330 23 118689 24 119049 24 119408 26 119768 26 120128 26 120487 27 120846 28 121206 28 121566 29 121926 29 122286 29 122646 30 123006 30 123365 32 123725 33 124085 33 124445 34 124804 36 125164 36 125524 37 125884 37 126244 38 126604 38 126964 39 127324 40 127684 40 128044 41 128404 3 128408 38 128764 43 129124 43 129484 44
a0afead3b4fe393f6a6159de040ecb2e66f8a89090abf0d0bf5b8e1d38ae667c,67866 6 68215 26 68572 31 68928 36 69285 40 69643 43 70000 1 70002 45 70359 50 70718 52 71077 53 71436 55 71795 57 72154 58 72513 59 72873 55 72929 3 73232 56 73289 3 73591 56 73648 4 73950 62 74310 62 74669 58 74728 3 75028 58 75087 4 75388 58 75447 4 75748 62 76108 62 76468 61 76828 60 77188 60 77548 59 77908 58 78269 56 78630 55 78990 54 79350 52 79711 50 80072 48 80432 47 80792 46 81153 43 81513 42 81874 40 82234 38 82595 36 82956 31 83317 28 83678 25 84039 23 84400 20 84766 11
a0afead3b4fe393f6a6159de040ecb2e66f8a89090abf0d0bf5b8e1d38ae667c,334 27 693 28 1052 29 1411 30 1770 31 2129 32 2488 33 2847 34 3206 35 3565 36 3925 36 4283 38 4643 38 5002 39 5362 39 5721 40 6080 41 6440 41 6800 41 7159 42 7519 42 7879 42 8239 42 8598 43 8958 43 9318 43 9678 43 10038 43 10398 43 10757 44 11117 44 11477 44 11837 44 12197 44 12558 43 12918 43 13278 43 13638 43 13999 42 14359 42 14720 41 15081 40 15441 40 15802 39 16162 39 16523 38 16883 38 17244 37 17604 37 17965 35 18325 34 18686 33 19046 32 19407 30 19768 29 20129 26 20491 24 20854 20 21215 2 21218 15 21578 15 21941 10 22305 5
a0afead3b4fe393f6a6159de040ecb2e66f8a89090abf0d0bf5b8e1d38ae667c,48594 7 48951 10 49308 13 49667 14 50025 16 50385 16 50744 17 51102 19 51462 19 51821 20 52180 21 52540 21 52899 22 53259 22 53618 23 53978 23 54338 23 54698 23 55058 23 55418 23 55778 23 56138 23 56498 23 56858 23 57217 24 57577 24 57937 24 58297 24 58657 24 59016 25 59376 25 59736 25 60096 25 60456 25 60816 25 61176 25 61536 25 61896 25 62256 25 62616 25 62976 25 63336 25 63696 25 64056 25 64416 25 64778 23 65138 23 65498 23 65858 23 66219 22 66580 21 66941 20 67302 19 67663 18 68025 16 68388 13
a0afead3b4fe393f6a6159de040ecb2e66f8a89090abf0d0bf5b8e1d38ae667c,60484 13 60843 16 61202 18 61561 20 61921 22 62281 22 62641 22 63001 22 63361 23 63721 23 64081 23 64441 24 64801 24 65161 24 65521 24 65881 24 66241 24 66601 25 66961 25 67321 25 67681 25 68041 26 68401 26 68761 26 69121 27 69481 27 69841 27 70201 27 70561 28 70921 28 71281 28 71641 28 72001 28 72361 28 72721 28 73081 28 73441 28 73801 28 74161 28 74521 29 74881 29 75241 29 75601 28 75961 28 76321 28 76681 27 77041 27 77401 26 77761 25 78121 25 78481 25 78841 23 79201 23 79561 23 79921 22 80281 21 80641 21 81001 20 81361 19 81721 18 82081 17 82441 15 82801 13 83161 10
a0afead3b4fe393f6a6159de040ecb2e66f8a89090abf0d0bf5b8e1d38ae667c,39132 11 39490 18 39848 22 40207 26 40566 30 40925 43 41283 22 41306 23 41642 3 41646 44 42002 42 42045 5 42359 37 42397 14 42718 55 43078 42 43121 13 43438 3 43443 51 43805 50 44166 49 44527 49 44888 48 45249 47 45610 8 45619 37 45970 47 46332 45 46693 44 47054 43 47416 41 47776 41 48137 40 48498 7 48506 31 48859 6 48866 31 49219 31 49251 6 49580 36 49940 36 50301 34 50661 33 51022 31 51382 30 51742 29 52102 3 52106 15 52122 7 52462 26 52822 24 53182 23 53542 20 53902 18 54262 11 54622 9 54982 8 55342 7 55702 5 56062 5 56418 6 56778 6 57138 7
a0afead3b4fe393f6a6159de040ecb2e66f8a89090abf0d0bf5b8e1d38ae667c,62115 5 62475 7 62835 7 63195 8 63555 8 63915 8 64275 8 64635 8 64996 6
a0afead3b4fe393f6a6159de040ecb2e66f8a89090abf0d0bf5b8e1d38ae667c,89396 11 89756 16 90115 20 90474 24 90833 28 91192 32 91550 35 91909 38 92268 40 92628 41 92987 43 93347 44 93707 45 94067 46 94426 47 94786 48 95146 49 95506 4 95511 44 95866 49 96226 50 96586 51 96946 51 97306 51 97666 51 98026 51 98386 51 98747 50 99107 50 99467 51 99827 51 100187 51 100547 51 100907 51 101268 50 101628 50 101988 50 102349 48 102709 48 103069 48 103430 47 103789 47 104149 46 104510 45 104869 46 105229 45 105590 44 105950 43 106310 42 106671 41 107031 40 107391 40 107752 38 108112 37 108473 35 108833 34 109194 32 109555 29 109916 27 110278 20 110639 17 111000 13 111363 6
a0afead3b4fe393f6a6159de040ecb2e66f8a89090abf0d0bf5b8e1d38ae667c,6421 7 6781 7 7141 7 7501 7 7861 7 8221 6 8582 4
a0afead3b4fe393f6a6159de040ecb2e66f8a89090abf0d0bf5b8e1d38ae667c,42974 5 43331 10 43689 13 44048 16 44407 17 44766 20 45126 21 45485 23 45845 24 46205 25 46564 27 46923 29 47283 29 47642 31 48001 33 48360 34 48720 35 49079 36 49439 36 49798 38 50157 39 50516 40 50875 41 51234 43 51592 45 51951 46 52309 48 52668 49 53026 51 53385 52 53744 52 54103 53 54462 50 54822 50 55182 50 55541 51 55901 51 56261 50 56621 50 56982 49 57341 49 57702 48 58062 48 58423 47 58783 46 59143 46 59504 45 59865 43 60225 43 60587 40 60947 39 61307 39 61668 37 62028 36 62390 33 62750 32 63111 30 63472 27 63833 24 64193 23 64554 20 64915 18 65276 15 65638 11 65999 6 66006 1
a0afead3b4fe393f6a6159de040ecb2e66f8a89090abf0d0bf5b8e1d38ae667c,82275 10 82631 17 82987 22 83345 25 83703 28 84062 30 84421 31 84780 32 85139 34 85497 36 85856 37 86216 37 86575 39 86934 41 87294 41 87653 42 88012 44 88371 45 88731 45 89090 46 89450 45 89809 46 90169 46 90529 46 90888 47 91248 47 91607 48 91967 48 92326 49 92686 48 93046 47 93406 47 93766 46 94126 45 94485 46 94845 46 95205 46 95565 45 95924 46 96284 46 96644 45 97003 46 97363 46 97723 46 98083 45 98443 45 98802 46 99162 45 99522 45 99882 45 100243 43 100603 43 100963 43 101324 38 101363 3 101684 42 102044 42 102404 42 102764 41 103125 40 103486 38 103846 38 104207 37 104567 36 104928 35 105289 33 105649 21 105671 11 106010 31 106370 31 106731 29 107092 28 107453 26 107815 23 108178 18 108539 17
