a0de55384fada5cbc46bd7a41f6feeef93b67d088497c7316079ccec39c2a834,181 5 189 1 446 2 702 3 958 5 1213 6 1466 10 1721 12 1977 12 2234 11 2491 10 2748 8 3005 5
a0de55384fada5cbc46bd7a41f6feeef93b67d088497c7316079ccec39c2a834,39462 3 39716 6 39971 7 40226 9 40482 9 40738 9 40994 9 41250 8 41507 6
a0de55384fada5cbc46bd7a41f6feeef93b67d088497c7316079ccec39c2a834,4319 4 4573 7 4828 9 5084 9 5339 10 5595 10 5851 11 6107 11 6363 11 6619 10 6876 7
a0de55384fada5cbc46bd7a41f6feeef93b67d088497c7316079ccec39c2a834,14018 4 14273 6 14529 6 14784 7 15040 7 15295 8 15551 8 15806 9 16062 9 16318 9 16574 8 16830 7 17087 5
a0de55384fada5cbc46bd7a41f6feeef93b67d088497c7316079ccec39c2a834,58629 7 58884 9 59139 10 59394 11 59650 10 59907 7 60164 5
a0de55384fada5cbc46bd7a41f6feeef93b67d088497c7316079ccec39c2a834,4027 6 4282 8 4537 9 4792 10 5048 10 5304 10 5560 10 5817 9 6073 8 6330 7 6587 5
a0de55384fada5cbc46bd7a41f6feeef93b67d088497c7316079ccec39c2a834,45656 4 45910 8 46165 10 46421 10 46676 11 46932 11 47188 11 47445 10 47701 9 47958 7 48215 5
a0de55384fada5cbc46bd7a41f6feeef93b67d088497c7316079ccec39c2a834,3104 2 3359 4 3614 6 3869 8 4125 8 4380 9 4636 9 4893 7 5149 7 5405 6 5662 4
a0de55384fada5cbc46bd7a41f6feeef93b67d088497c7316079ccec39c2a834,1974 3 2229 5 2485 6 2742 6 2999 6 3255 6 3511 6 3768 5 4026 1
a0de55384fada5cbc46bd7a41f6feeef93b67d088497c7316079ccec39c2a834,11589 5 11844 7 12099 9 12355 9 12611 9 12868 7 13125 5 13381 3
a0de55384fada5cbc46bd7a41f6feeef93b67d088497c7316079ccec39c2a834,18545 7 18800 9 19055 11 19311 11 19566 12 19822 12 20079 11 20335 10 20592 8 20849 5 21105 4 21360 5 21615 7 21870 9 22126 10 22382 10 22638 10 22894 10 23151 8 23408 7 23665 5
a0de55384fada5cbc46bd7a41f6feeef93b67d088497c7316079ccec39c2a834,36703 3 36958 5 37214 6 37471 6 37727 6 37983 7 38239 7 38495 7 38751 7 39008 7 39264 7 39520 7 39776 7 40032 7 40288 6 40545 5 40801 4 41058 2
a0de55384fada5cbc46bd7a41f6feeef93b67d088497c7316079ccec39c2a834,62329 5 62584 7 62839 9 63094 11 63349 13 63605 13 63860 14 64116 14 64372 14 64628 13 64884 13 65141 11 65398 9
a0de55384fada5cbc46bd7a41f6feeef93b67d088497c7316079ccec39c2a834,52034 7 52289 9 52544 10 52799 11 53054 12 53309 12 53565 12 53821 11 54077 10 54332 10 54588 9 54844 8 55100 8 55357 6 55613 5 55870 3
a0de55384fada5cbc46bd7a41f6feeef93b67d088497c7316079ccec39c2a834,24838 4 25093 7 25348 9 25604 9 25860 9 26116 9 26372 9 26631 6 26888 5 27145 4 27401 4 27658 3 27914 3 28170 2
a0de55384fada5cbc46bd7a41f6feeef93b67d088497c7316079ccec39c2a834,45606 3 45861 5 46117 5 46373 5 46630 3
a0de55384fada5cbc46bd7a41f6feeef93b67d088497c7316079ccec39c2a834,11830 4 12085 7 12341 8 12597 8 12853 8 13109 7 13365 7 13622 5
a0de55384fada5cbc46bd7a41f6feeef93b67d088497c7316079ccec39c2a834,21556 2 21809 6 22063 10 22318 12 22573 14 22828 15 23084 15 23340 15 23596 15 23852 14 24108 14 24365 12 24622 10 24879 8 25137 3
a0de55384fada5cbc46bd7a41f6feeef93b67d088497c7316079ccec39c2a834,4884 2 5135 8 5388 11 5643 13 5899 13 6156 11 6412 10 6667 11 6922 13 7178 14 7434 14 7691 4 7698 6 7955 4
a0de55384fada5cbc46bd7a41f6feeef93b67d088497c7316079ccec39c2a834,21093 2 21348 5 21603 7 21858 8 22114 8 22369 9 22625 9 22881 8 23138 2
a0de55384fada5cbc46bd7a41f6feeef93b67d088497c7316079ccec39c2a834,49938 6 50193 8 50449 9 50705 10 50961 11 51217 11 51473 11 51729 11 51985 11 52242 10 52500 8 52757 6
a0de55384fada5cbc46bd7a41f6feeef93b67d088497c7316079ccec39c2a834,32905 2 33159 8 33414 10 33670 11 33925 12 34181 12 34437 12 34694 11 34950 10 35206 10 35463 8 35720 5
a0de55384fada5cbc46bd7a41f6feeef93b67d088497c7316079ccec39c2a834,34417 3 34672 6 34928 7 35184 8 35439 9 35694 11 35950 12 36206 12 36462 12 36719 3 36727 2
a0de55384fada5cbc46bd7a41f6feeef93b67d088497c7316079ccec39c2a834,21023 8 21278 10 21534 10 21790 10 22046 10 22303 9 22559 9 22816 7
a0de55384fada5cbc46bd7a41f6feeef93b67d088497c7316079ccec39c2a834,3216 3 3471 5 3727 5 3983 5 4239 5 4496 3
a0de55384fada5cbc46bd7a41f6feeef93b67d088497c7316079ccec39c2a834,13615 5 13870 7 14126 7 14382 8 14638 8 14894 9 15150 9 15406 9 15662 9 15919 7 16176 6 16434 3
a0de55384fada5cbc46bd7a41f6feeef93b67d088497c7316079ccec39c2a834,23837 7 24092 10 24347 12 24602 14 24858 14 25115 13 25372 11 25629 8 25885 7 26142 6 26399 5 26656 4 26913 2
a0de55384fada5cbc46bd7a41f6feeef93b67d088497c7316079ccec39c2a834,6256 8 6511 10 6766 12 7022 12 7277 13 7533 14 7789 14 8045 14 8301 14 8557 14 8813 13 9070 12 9327 10 9585 6
a0de55384fada5cbc46bd7a41f6feeef93b67d088497c7316079ccec39c2a834,53914 5 54169 7 54424 8 54679 9 54935 9 55192 8 55449 7 55705 7 55961 6 56220 2
a0de55384fada5cbc46bd7a41f6feeef93b67d088497c7316079ccec39c2a834,52140 4 52395 6 52651 7 52907 8 53163 9 53419 9 53676 7 53933 5 54190 3
a0de55384fada5cbc46bd7a41f6feeef93b67d088497c7316079ccec39c2a834,23117 3 23371 6 23626 8 23882 9 24137 10 24393 10 24650 9 24906 9 25163 7 25421 4
a0de55384fada5cbc46bd7a41f6feeef93b67d088497c7316079ccec39c2a834,2070 3 2324 6 2579 7 2834 7 3090 6 3346 6 3603 4
a0de55384fada5cbc46bd7a41f6feeef93b67d088497c7316079ccec39c2a834,13728 5 13983 7 14238 9 14494 9 14750 9 15006 8 15263 7 15520 5 15777 3
a0de55384fada5cbc46bd7a41f6feeef93b67d088497c7316079ccec39c2a834,1768 6 2023 8 2279 9 2535 10 2791 10 3047 10 3304 9 3561 7
a0de55384fada5cbc46bd7a41f6feeef93b67d088497c7316079ccec39c2a834,11968 5 12222 8 12477 10 12732 12 12988 12 13243 13 13499 14 13755 14 14011 7 14022 3 14268 5 14279 1 14524 5 14781 3 15038 2
a0de55384fada5cbc46bd7a41f6feeef93b67d088497c7316079ccec39c2a834,15744 6 15999 8 16254 10 16509 12 16765 12 17020 13 17276 13 17532 14 17787 15 18043 15 18300 14 18557 12 18814 11 19071 9 19328 7 19586 2
a0de55384fada5cbc46bd7a41f6feeef93b67d088497c7316079ccec39c2a834,169 5 425 6 681 7 938 6 1196 3
a0de55384fada5cbc46bd7a41f6feeef93b67d088497c7316079ccec39c2a834,35550 7 35805 10 36058 14 36313 15 36568 17 36824 17 37079 18 37335 19 37591 19 37847 19 38104 18 38360 18 38616 17 38873 15 39130 13 39387 10 39645 5
a0de55384fada5cbc46bd7a41f6feeef93b67d088497c7316079ccec39c2a834,59194 3 59449 6 59704 8 59960 9 60215 10 60471 11 60727 11 60983 11 61240 9 61497 8 61755 5
a0de55384fada5cbc46bd7a41f6feeef93b67d088497c7316079ccec39c2a834,64825 6 65080 8 65336 8
a0de55384fada5cbc46bd7a41f6feeef93b67d088497c7316079ccec39c2a834,43559 1 43810 7 44065 7 44321 7 44577 7 44833 6 45090 5 45348 3 45605 1
a0de55384fada5cbc46bd7a41f6feeef93b67d088497c7316079ccec39c2a834,2975 10 3227 15 3481 18 3736 19 3992 19 4248 10 4262 4 4505 6
a0de55384fada5cbc46bd7a41f6feeef93b67d088497c7316079ccec39c2a834,42793 3 43048 5 43304 5 43560 5 43817 3
a0de55384fada5cbc46bd7a41f6feeef93b67d088497c7316079ccec39c2a834,51310 6 51565 8 51820 10 52075 12 52330 14 52586 14 52842 14 53097 15 53353 15 53609 15 53866 13 54122 13 54378 12 54635 10 54892 7
a0de55384fada5cbc46bd7a41f6feeef93b67d088497c7316079ccec39c2a834,19222 5 19477 7 19732 8 19988 8 20244 7 20500 7 20757 5
a0de55384fada5cbc46bd7a41f6feeef93b67d088497c7316079ccec39c2a834,48301 2 48553 9 48808 11 49063 13 49319 14 49575 15 49831 15 50087 15 50344 14 50601 13 50859 11 51118 7
a0de55384fada5cbc46bd7a41f6feeef93b67d088497c7316079ccec39c2a834,54292 2 54547 4 54802 5 55056 7 55311 8 55566 9 55821 9 56077 9 56333 8 56589 8 56846 7 57103 6 57360 4 57617 2
a0de55384fada5cbc46bd7a41f6feeef93b67d088497c7316079ccec39c2a834,51457 4 51713 5 51969 5 52225 6 52481 6 52737 6 52993 6 53249 6 53505 5 53761 4 54017 3
a0de55384fada5cbc46bd7a41f6feeef93b67d088497c7316079ccec39c2a834,59164 6 59419 8 59675 9 59930 10 60185 10 60441 10 60697 9 60954 6 61211 4
a0de55384fada5cbc46bd7a41f6feeef93b67d088497c7316079ccec39c2a834,12864 4 13119 6 13375 6 13631 6 13887 6 14144 5 14401 3
a0de55384fada5cbc46bd7a41f6feeef93b67d088497c7316079ccec39c2a834,33015 2 33270 4 33526 4 33782 4 34037 6 34292 8 34548 9 34804 9 35060 8 35316 7 35571 8 35826 10 36082 10 36339 9 36598 6 36855 4
a0de55384fada5cbc46bd7a41f6feeef93b67d088497c7316079ccec39c2a834,37889 3 38145 4 38401 4 38657 4 38913 4 39169 3
a0de55384fada5cbc46bd7a41f6feeef93b67d088497c7316079ccec39c2a834,1585 5 1840 8 2095 10 2351 11 2607 11 2863 11 3120 10 3377 9 3634 7 3891 4
a0de55384fada5cbc46bd7a41f6feeef93b67d088497c7316079ccec39c2a834,54416 4 54671 7 54926 9 55182 10 55438 11 55695 10 55952 9 56209 8 56466 7 56724 4
a0de55384fada5cbc46bd7a41f6feeef93b67d088497c7316079ccec39c2a834,34997 3 35252 7 35506 10 35761 12 36016 13 36272 13 36528 13 36784 13 37040 13 37297 12 37553 12 37810 10 38067 8 38324 6
a0de55384fada5cbc46bd7a41f6feeef93b67d088497c7316079ccec39c2a834,19525 3 19780 5 20033 9 20288 11 20544 12 20800 12 21056 12 21313 12 21570 11 21826 10 22083 9 22341 6
a0de55384fada5cbc46bd7a41f6feeef93b67d088497c7316079ccec39c2a834,35888 3 36143 5 36396 8 36651 10 36906 11 37162 11 37418 11 37674 10 37931 9 38188 7 38445 2
a0de55384fada5cbc46bd7a41f6feeef93b67d088497c7316079ccec39c2a834,48385 4 48641 5 48897 5 49153 5 49409 4 49665 4 49921 3
a0de55384fada5cbc46bd7a41f6feeef93b67d088497c7316079ccec39c2a834,15536 3 15791 6 16047 7 16303 7 16559 8 16816 7 17072 7 17329 5
a0de55384fada5cbc46bd7a41f6feeef93b67d088497c7316079ccec39c2a834,61737 5 61991 8 62246 9 62502 9 62757 11 63013 11 63269 11 63525 11 63781 10 64038 9 64294 8 64551 5
a0de55384fada5cbc46bd7a41f6feeef93b67d088497c7316079ccec39c2a834,28707 6 28962 8 29218 9 29474 16 29730 17 29986 17 30242 16 30499 15 30756 13 31013 11 31271 6
a0de55384fada5cbc46bd7a41f6feeef93b67d088497c7316079ccec39c2a834,5841 4 6096 7 6352 8 6608 9 6864 9 7120 10 7376 10 7631 11 7887 11 8142 12 8398 12 8654 12 8910 11 9167 9 9424 7
a0de55384fada5cbc46bd7a41f6feeef93b67d088497c7316079ccec39c2a834,45313 5 45569 6 45825 7 46081 8 46337 8 46593 9 46849 9 47105 9 47361 9 47617 8 47873 7 48129 5
a0de55384fada5cbc46bd7a41f6feeef93b67d088497c7316079ccec39c2a834,31316 2 31571 4 31826 6 32080 8 32333 12 32587 15 32842 16 33097 17 33353 16 33610 14 33867 13 34124 11 34382 8
a0de55384fada5cbc46bd7a41f6feeef93b67d088497c7316079ccec39c2a834,26626 5 26881 7 27137 8 27393 8 27649 9 27905 9 28161 9 28417 8 28674 4
a0de55384fada5cbc46bd7a41f6feeef93b67d088497c7316079ccec39c2a834,4266 4 4521 6 4777 9 5033 10 5290 9 5547 8 5804 6
a0de55384fada5cbc46bd7a41f6feeef93b67d088497c7316079ccec39c2a834,32358 5 32613 7 32869 8 33125 9 33381 9 33637 9 33893 9 34150 8 34407 7 34665 4
a0de55384fada5cbc46bd7a41f6feeef93b67d088497c7316079ccec39c2a834,1457 3 1712 5 1968 6 2224 5 2480 5 2737 2
