a101a00fea63f0c43abe5323f4f890bec881eb0caa3bc8498991ff5fd207ed91,48327 5 48582 6 48838 6 49094 6 49350 6 49607 3
a101a00fea63f0c43abe5323f4f890bec881eb0caa3bc8498991ff5fd207ed91,33491 4 33746 7 34002 8 34258 9 34514 9 34770 10 35027 9 35284 8 35542 6 35800 3
a101a00fea63f0c43abe5323f4f890bec881eb0caa3bc8498991ff5fd207ed91,8360 4 8615 6 8870 8 9126 9 9382 9 9638 9 9894 10 10150 10 10406 10 10663 9 10919 8 11176 7 11433 5 11690 3
a101a00fea63f0c43abe5323f4f890bec881eb0caa3bc8498991ff5fd207ed91,56594 2 56849 4 57105 5 57360 6 57616 6 57871 7 58127 7 58382 8 58638 7 58894 7 59150 7 59406 6 59662 6 59919 4
a101a00fea63f0c43abe5323f4f890bec881eb0caa3bc8498991ff5fd207ed91,29369 4 29624 7 29879 8 30134 9 30389 10 30645 11 30901 11 31156 12 31411 12 31667 11 31923 10 32180 8 32437 6 32695 3
a101a00fea63f0c43abe5323f4f890bec881eb0caa3bc8498991ff5fd207ed91,56435 6 56690 8 56945 10 57201 10 57457 11 57713 11 57969 12 58225 12 58482 11 58740 8 58997 7 59255 4
a101a00fea63f0c43abe5323f4f890bec881eb0caa3bc8498991ff5fd207ed91,7124 3 7380 3 7635 5 7891 7 8147 8 8404 8 8661 7 8917 8 9173 10 9430 9 9686 9 9943 8 10199 8 10456 5 10712 4
a101a00fea63f0c43abe5323f4f890bec881eb0caa3bc8498991ff5fd207ed91,64194 3 64448 10 64703 13 64958 15 65213 17 65469 17
a101a00fea63f0c43abe5323f4f890bec881eb0caa3bc8498991ff5fd207ed91,8892 7 9147 9 9402 11 9658 11 9915 10 10173 7
a101a00fea63f0c43abe5323f4f890bec881eb0caa3bc8498991ff5fd207ed91,60253 3 60508 6 60764 7 61020 8 61276 9 61532 9 61789 9 62046 8 62303 7 62560 5
a101a00fea63f0c43abe5323f4f890bec881eb0caa3bc8498991ff5fd207ed91,11366 5 11621 7 11877 7 12133 8 12389 9 12646 8 12903 6 13160 4
a101a00fea63f0c43abe5323f4f890bec881eb0caa3bc8498991ff5fd207ed91,32988 3 33242 6 33497 8 33753 9 34010 9 34267 8 34523 8 34780 7 35036 7 35292 7 35549 6 35806 5 36062 4
a101a00fea63f0c43abe5323f4f890bec881eb0caa3bc8498991ff5fd207ed91,890 4 1145 6 1401 6 1657 7 1913 7 2169 7 2425 7 2681 7 2937 6 3194 4 3451 2
a101a00fea63f0c43abe5323f4f890bec881eb0caa3bc8498991ff5fd207ed91,51618 3 51622 4 51873 10 52129 10 52384 11 52640 11 52896 11 53152 10 53408 10 53664 10 53920 9 54176 8 54433 7 54691 5
a101a00fea63f0c43abe5323f4f890bec881eb0caa3bc8498991ff5fd207ed91,27826 6 28081 8 28336 9 28592 9 28847 10 29103 11 29358 11 29614 10 29870 9 30126 8 30382 7 30638 7 30895 6
a101a00fea63f0c43abe5323f4f890bec881eb0caa3bc8498991ff5fd207ed91,41720 4 41975 6 42230 8 42486 8 42742 8 42998 8 43254 8 43510 8 43767 6 44024 5 44282 2
a101a00fea63f0c43abe5323f4f890bec881eb0caa3bc8498991ff5fd207ed91,46097 3 46352 5 46607 8 46863 9 47119 10 47375 10 47631 11 47888 10 48144 10 48400 10 48657 9 48915 6
a101a00fea63f0c43abe5323f4f890bec881eb0caa3bc8498991ff5fd207ed91,55620 4 55875 6 56131 7 56387 8 56644 8 56901 7 57158 7 57415 6 57672 4
