a102535b0e88374bea4a1cfd9ee7cb3822ff54f4ab2a9845d428ec22f9ee2288,452699 12 453298 17 453900 18 454503 18 455106 18 455710 17 456314 16 456918 15 457522 13 458129 8
a102535b0e88374bea4a1cfd9ee7cb3822ff54f4ab2a9845d428ec22f9ee2288,253683 3 254284 6 254886 7 255489 7 256093 6 256698 3
a102535b0e88374bea4a1cfd9ee7cb3822ff54f4ab2a9845d428ec22f9ee2288,302498 3 303099 6 303701 7 304303 8 304906 8 305509 7 306112 6 306715 5 307318 5 307922 4 308526 2
a102535b0e88374bea4a1cfd9ee7cb3822ff54f4ab2a9845d428ec22f9ee2288,306758 4 307360 6 307963 7 308565 8 309167 9 309768 11 310370 12 310973 12 311576 11 312179 10 312782 9 313385 8 313989 5 314592 4 315195 3 315798 2 316399 5 317000 12 317602 14 318204 15 318807 15 319411 14 320015 13 320619 12 321222 11 321825 7 322428 6 323032 3
a102535b0e88374bea4a1cfd9ee7cb3822ff54f4ab2a9845d428ec22f9ee2288,259710 4 260310 8 260912 10 261514 11 262117 10 262719 11 263322 10 263925 10 264529 9 265133 7
a102535b0e88374bea4a1cfd9ee7cb3822ff54f4ab2a9845d428ec22f9ee2288,216853 6 217455 8 218058 9 218661 11 219265 11 219869 11 220472 11 221076 10 221680 9 222284 8 222889 5
a102535b0e88374bea4a1cfd9ee7cb3822ff54f4ab2a9845d428ec22f9ee2288,234877 2 235479 4 236081 5 236683 7 237286 7 237889 7 238492 7 239095 6 239699 3
a102535b0e88374bea4a1cfd9ee7cb3822ff54f4ab2a9845d428ec22f9ee2288,435806 5 436409 5 437011 6 437614 6 438217 5 438820 5
a102535b0e88374bea4a1cfd9ee7cb3822ff54f4ab2a9845d428ec22f9ee2288,269352 7 269954 10 270557 12 271159 14 271762 14 272365 14 272969 12 273574 9
a102535b0e88374bea4a1cfd9ee7cb3822ff54f4ab2a9845d428ec22f9ee2288,274670 5 275272 7 275873 10 276473 13 277075 14 277678 13 278282 12 278885 11 279489 9 280093 7 280697 4
a102535b0e88374bea4a1cfd9ee7cb3822ff54f4ab2a9845d428ec22f9ee2288,361626 3 362228 7 362830 9 363433 10 364036 10 364639 9 365243 7 365847 5 366451 3
a102535b0e88374bea4a1cfd9ee7cb3822ff54f4ab2a9845d428ec22f9ee2288,506648 7 507249 13 507848 20 508450 22 509053 22 509656 21 510259 19 510862 16 511466 12 512072 3
a102535b0e88374bea4a1cfd9ee7cb3822ff54f4ab2a9845d428ec22f9ee2288,272232 6 272834 9 273436 11 274039 12 274641 14 275243 15 275846 15 276450 13 277054 11 277658 8 278263 5
a102535b0e88374bea4a1cfd9ee7cb3822ff54f4ab2a9845d428ec22f9ee2288,342955 9 343557 12 344160 13 344764 12 345367 12 345971 11 346575 10 347178 10 347781 10 348384 10 348987 9 349590 6 350194 3
a102535b0e88374bea4a1cfd9ee7cb3822ff54f4ab2a9845d428ec22f9ee2288,247642 3 248244 5 248846 7 249448 8 250051 8 250654 8 251258 6 251862 4
a102535b0e88374bea4a1cfd9ee7cb3822ff54f4ab2a9845d428ec22f9ee2288,320636 5 321238 7 321841 8 322443 9 323045 9 323646 11 324248 11 324851 11 325454 10 326058 8 326662 5
a102535b0e88374bea4a1cfd9ee7cb3822ff54f4ab2a9845d428ec22f9ee2288,407463 5 408064 8 408666 9 409268 10 409871 9 410474 9 411077 8 411681 5 412285 2
a102535b0e88374bea4a1cfd9ee7cb3822ff54f4ab2a9845d428ec22f9ee2288,313803 2 314404 5 315005 7 315607 8 316210 8 316813 9 317416 9 318020 7 318625 3
a102535b0e88374bea4a1cfd9ee7cb3822ff54f4ab2a9845d428ec22f9ee2288,631716 3 632318 5 632921 6 633524 8 634128 8 634731 9 635334 10 635938 10 636541 10 637145 9 637748 9 638351 10 638955 11 639559 11 640163 12 640767 12 641371 11 641975 11 642579 10 643183 9 643787 8 644391 6
a102535b0e88374bea4a1cfd9ee7cb3822ff54f4ab2a9845d428ec22f9ee2288,248149 3 248751 5 249354 5 249957 5 250559 6 251162 7 251765 8 252369 7 252972 7 253575 7 254178 7 254782 5 255385 5 255989 3
a102535b0e88374bea4a1cfd9ee7cb3822ff54f4ab2a9845d428ec22f9ee2288,311372 2 311973 5 312575 6 313177 8 313780 9 314384 9 314988 9 315592 8 316195 9 316799 8 317403 7 318007 6 318612 3
a102535b0e88374bea4a1cfd9ee7cb3822ff54f4ab2a9845d428ec22f9ee2288,278949 3 279550 6 280151 9 280753 10 281356 11 281960 10 282563 11 283166 11 283769 10 284372 9 284975 8 285579 7 286184 4
a102535b0e88374bea4a1cfd9ee7cb3822ff54f4ab2a9845d428ec22f9ee2288,270998 2 271599 5 272201 7 272803 8 273406 8 274010 7 274613 7 275217 5 275821 3
a102535b0e88374bea4a1cfd9ee7cb3822ff54f4ab2a9845d428ec22f9ee2288,243913 7 244515 9 245118 10 245722 9 246325 10 246929 9 247532 9 248135 8 248739 5 249342 4 249946 2
a102535b0e88374bea4a1cfd9ee7cb3822ff54f4ab2a9845d428ec22f9ee2288,208984 2 209586 4 210188 6 210791 7 211393 8 211996 8 212599 7 213203 4
a102535b0e88374bea4a1cfd9ee7cb3822ff54f4ab2a9845d428ec22f9ee2288,348711 3 349314 3 349916 4 350519 4 351122 4 351725 4 352328 4
a102535b0e88374bea4a1cfd9ee7cb3822ff54f4ab2a9845d428ec22f9ee2288,683435 3 684037 5 684640 5 685243 6 685846 6 686449 6 687052 5 687656 3
a102535b0e88374bea4a1cfd9ee7cb3822ff54f4ab2a9845d428ec22f9ee2288,309709 3 310312 3 310913 6 311516 6 312119 6 312722 5 313325 5 313928 4
a102535b0e88374bea4a1cfd9ee7cb3822ff54f4ab2a9845d428ec22f9ee2288,293955 2 294557 4 295160 4 295763 4 296366 5 296969 6 297572 7 298175 7 298778 7 299381 7 299984 7 300588 6 301192 4
a102535b0e88374bea4a1cfd9ee7cb3822ff54f4ab2a9845d428ec22f9ee2288,547354 3 547953 9 548555 12 549158 14 549761 15 550365 18 550970 17 551576 15 552180 14 552784 13 553388 12 553992 11 554597 9 555200 8 555807 3
a102535b0e88374bea4a1cfd9ee7cb3822ff54f4ab2a9845d428ec22f9ee2288,293912 5 294514 8 295116 10 295718 11 296321 11 296924 11 297527 10 298131 9 298734 9 299338 8 299942 6 300547 3
a102535b0e88374bea4a1cfd9ee7cb3822ff54f4ab2a9845d428ec22f9ee2288,216873 3 217475 5 218078 6 218681 6 219284 7 219888 6 220492 5 221097 2
a102535b0e88374bea4a1cfd9ee7cb3822ff54f4ab2a9845d428ec22f9ee2288,321644 3 322246 5 322849 6 323452 8 324055 9 324658 9 325262 9 325866 8 326470 7 327076 3
a102535b0e88374bea4a1cfd9ee7cb3822ff54f4ab2a9845d428ec22f9ee2288,407810 7 408412 12 409015 13 409618 13 410222 13 410826 13 411430 12 412034 10 412639 7 413245 3
a102535b0e88374bea4a1cfd9ee7cb3822ff54f4ab2a9845d428ec22f9ee2288,593759 5 594361 7 594963 9 595566 10 596169 11 596772 12 597375 12 597979 12 598583 13 599187 13 599791 12 600397 9 601002 8 601606 7 602212 3
a102535b0e88374bea4a1cfd9ee7cb3822ff54f4ab2a9845d428ec22f9ee2288,249331 4 249933 6 250536 7 251138 8 251741 9 252344 9 252948 8 253551 8 254155 7 254759 5
a102535b0e88374bea4a1cfd9ee7cb3822ff54f4ab2a9845d428ec22f9ee2288,544624 2 545226 4 545829 5 546432 5 547035 5 547639 3
a102535b0e88374bea4a1cfd9ee7cb3822ff54f4ab2a9845d428ec22f9ee2288,285464 6 286066 8 286668 9 287270 11 287873 11 288476 11 289079 11 289683 9 290286 7 290890 2
a102535b0e88374bea4a1cfd9ee7cb3822ff54f4ab2a9845d428ec22f9ee2288,576273 3 576876 4 577479 6 578083 6 578686 7 579290 7 579894 8 580498 7 581103 7 581706 7 582309 11 582913 12 583518 12 584124 10 584728 10 585331 10 585936 7 586539 4
a102535b0e88374bea4a1cfd9ee7cb3822ff54f4ab2a9845d428ec22f9ee2288,263794 5 264396 8 264998 9 265601 9 266205 9 266809 8 267412 8 268015 8 268618 7 269222 6
a102535b0e88374bea4a1cfd9ee7cb3822ff54f4ab2a9845d428ec22f9ee2288,488296 3 488896 9 489499 10 490102 10 490707 8
a102535b0e88374bea4a1cfd9ee7cb3822ff54f4ab2a9845d428ec22f9ee2288,326072 7 326674 9 327277 10 327880 10 328484 9 329088 8 329692 6
a102535b0e88374bea4a1cfd9ee7cb3822ff54f4ab2a9845d428ec22f9ee2288,263838 4 264440 7 265043 8 265646 8 266248 8 266850 9 267452 10 268055 10 268658 10 269262 9 269869 4
a102535b0e88374bea4a1cfd9ee7cb3822ff54f4ab2a9845d428ec22f9ee2288,406878 7 406888 2 407480 14 408082 15 408684 16 409287 16 409891 15 410496 12 411101 10 411708 5
a102535b0e88374bea4a1cfd9ee7cb3822ff54f4ab2a9845d428ec22f9ee2288,286193 2 286795 4 287397 6 287999 7 288601 8 289203 9 289806 9 290409 8 291013 6 291617 5 292221 3
a102535b0e88374bea4a1cfd9ee7cb3822ff54f4ab2a9845d428ec22f9ee2288,665916 2 666518 4 667120 5 667722 7 668325 7 668928 7 669531 6 670134 6 670737 6 671340 6 671943 6 672546 6 673149 6 673751 8 674354 8 674956 10 675559 10 676162 9 676765 9 677369 7 677973 4
a102535b0e88374bea4a1cfd9ee7cb3822ff54f4ab2a9845d428ec22f9ee2288,294650 6 295252 8 295855 8 296457 9 297060 10 297662 11 298265 11 298869 10 299473 9 300078 6
a102535b0e88374bea4a1cfd9ee7cb3822ff54f4ab2a9845d428ec22f9ee2288,277719 2 278320 5 278922 7 279524 9 280127 9 280730 9 281333 9 281936 8 282540 7 283143 8 283747 7 284352 5 284956 3
a102535b0e88374bea4a1cfd9ee7cb3822ff54f4ab2a9845d428ec22f9ee2288,245687 6 246289 8 246892 8 247496 7 248099 7 248702 6 249306 4
a102535b0e88374bea4a1cfd9ee7cb3822ff54f4ab2a9845d428ec22f9ee2288,260858 3 261460 5 262063 5 262666 5 263269 5 263872 5 264475 5 265078 5 265682 4 266285 4 266888 4 267492 2
a102535b0e88374bea4a1cfd9ee7cb3822ff54f4ab2a9845d428ec22f9ee2288,388156 3 388758 5 389360 7 389963 8 390566 9 391170 9 391773 9 392377 8 392982 5
a102535b0e88374bea4a1cfd9ee7cb3822ff54f4ab2a9845d428ec22f9ee2288,670263 2 670865 4 671467 6 672070 7 672673 7 673275 9 673878 9 674481 10 675084 10 675687 10 676290 10 676893 10 677496 11 678099 11 678702 12 679305 12 679909 11 680512 11 681116 10 681719 10 682322 9 682925 10 683528 11 684132 10 684735 10 685339 8 685944 4
a102535b0e88374bea4a1cfd9ee7cb3822ff54f4ab2a9845d428ec22f9ee2288,569654 3 570256 7 570859 8 571462 8 572066 8 572670 9 573274 9 573878 9 574483 8 575088 8 575692 8 576296 8 576900 8 577504 7 578108 6 578711 5 579316 3
a102535b0e88374bea4a1cfd9ee7cb3822ff54f4ab2a9845d428ec22f9ee2288,301803 3 302405 5 303007 7 303610 7 304212 8 304815 8 305418 7 306021 6 306625 3
a102535b0e88374bea4a1cfd9ee7cb3822ff54f4ab2a9845d428ec22f9ee2288,416857 6 417459 8 418061 9 418663 10 419264 12 419866 12 420468 12 421071 11 421675 6
a102535b0e88374bea4a1cfd9ee7cb3822ff54f4ab2a9845d428ec22f9ee2288,398790 3 399391 7 399993 9 400596 9 401199 9 401803 7 402407 5 403011 3
a102535b0e88374bea4a1cfd9ee7cb3822ff54f4ab2a9845d428ec22f9ee2288,368267 4 368869 6 369472 8 370075 9 370678 9 371281 9 371885 7
a102535b0e88374bea4a1cfd9ee7cb3822ff54f4ab2a9845d428ec22f9ee2288,274191 2 274793 4 275395 5 275998 6 276601 7 277204 8 277807 9 278411 9 279015 8 279619 7 280225 3
a102535b0e88374bea4a1cfd9ee7cb3822ff54f4ab2a9845d428ec22f9ee2288,239797 5 240399 7 241002 8 241604 9 242207 10 242810 10 243414 8 244019 3
a102535b0e88374bea4a1cfd9ee7cb3822ff54f4ab2a9845d428ec22f9ee2288,269801 3 270403 5 271005 7 271608 8 272211 9 272814 10 273418 9 274022 8 274626 7 275230 6 275834 5 276439 2
a102535b0e88374bea4a1cfd9ee7cb3822ff54f4ab2a9845d428ec22f9ee2288,332517 3 333118 6 333720 7 334323 7 334927 6 335531 4 336135 2
a102535b0e88374bea4a1cfd9ee7cb3822ff54f4ab2a9845d428ec22f9ee2288,329437 4 330039 6 330642 6 331245 5 331849 3
a102535b0e88374bea4a1cfd9ee7cb3822ff54f4ab2a9845d428ec22f9ee2288,398157 2 398759 5 399362 7 399965 9 400569 11 401172 15 401775 17 402378 19 402980 22 403583 23 404186 11 404200 10 404789 8 404805 8 405393 3 405410 6 406015 4 406619 2
a102535b0e88374bea4a1cfd9ee7cb3822ff54f4ab2a9845d428ec22f9ee2288,248836 3 249437 6 250039 8 250641 9 251244 9 251847 9 252450 9 253053 9 253656 8 254259 7 254863 5
a102535b0e88374bea4a1cfd9ee7cb3822ff54f4ab2a9845d428ec22f9ee2288,204171 2 204773 4 205375 5 205977 6 206580 6 207184 5 207788 3
a102535b0e88374bea4a1cfd9ee7cb3822ff54f4ab2a9845d428ec22f9ee2288,286169 2 286771 4 287374 4 287976 5 288577 7 289179 8 289782 7 290386 6 290989 5 291593 3
a102535b0e88374bea4a1cfd9ee7cb3822ff54f4ab2a9845d428ec22f9ee2288,317582 3 318184 5 318786 6 319388 7 319991 7 320593 7 321196 7 321799 6 322403 2
a102535b0e88374bea4a1cfd9ee7cb3822ff54f4ab2a9845d428ec22f9ee2288,227693 4 228294 7 228896 8 229498 9 230101 9 230703 10 231306 11 231909 11 232512 11 233116 9 233720 7 234325 4
a102535b0e88374bea4a1cfd9ee7cb3822ff54f4ab2a9845d428ec22f9ee2288,246406 3 247007 7 247609 9 248212 10 248815 10 249418 9 250020 8 250623 7 251227 5
a102535b0e88374bea4a1cfd9ee7cb3822ff54f4ab2a9845d428ec22f9ee2288,278841 6 279443 8 280045 10 280647 12 281250 12 281853 12 282456 12 283060 10 283669 3
a102535b0e88374bea4a1cfd9ee7cb3822ff54f4ab2a9845d428ec22f9ee2288,663642 5 664244 7 664846 8 665449 8 666052 8 666655 8 667258 9 667861 9 668464 9 669067 10 669670 11 670274 10 670877 10 671480 10 672083 11 672687 10 673291 9 673894 9 674497 9 675101 8 675705 6 676309 5 676913 3
a102535b0e88374bea4a1cfd9ee7cb3822ff54f4ab2a9845d428ec22f9ee2288,394223 3 394824 7 395423 12 396022 17 396625 18 397228 18 397832 17 398437 14 399042 8 399647 6
a102535b0e88374bea4a1cfd9ee7cb3822ff54f4ab2a9845d428ec22f9ee2288,500006 6 500608 16 501211 26 501813 32 502415 8 502431 23 503018 6 503044 14 503621 5 503650 11 504255 9 504859 8 505462 8 506067 3
a102535b0e88374bea4a1cfd9ee7cb3822ff54f4ab2a9845d428ec22f9ee2288,412325 2 412927 4 413529 6 414131 7 414733 8 415336 7 415940 4
a102535b0e88374bea4a1cfd9ee7cb3822ff54f4ab2a9845d428ec22f9ee2288,685798 3 686400 7 687002 9 687605 9 688207 10 688810 11 689413 12 690017 12 690619 14 691222 14 691825 13 692430 9 693033 9 693636 6 694240 5
a102535b0e88374bea4a1cfd9ee7cb3822ff54f4ab2a9845d428ec22f9ee2288,291678 3 292280 6 292883 7 293486 8 294089 8 294693 7 295297 5
a102535b0e88374bea4a1cfd9ee7cb3822ff54f4ab2a9845d428ec22f9ee2288,229462 2 230064 4 230666 5 231268 6 231871 6 232474 6 233078 5 233682 4 234286 2
a102535b0e88374bea4a1cfd9ee7cb3822ff54f4ab2a9845d428ec22f9ee2288,291472 3 292071 8 292673 10 293276 11 293880 11 294483 11 295086 10 295689 6 296292 5 296896 2
a102535b0e88374bea4a1cfd9ee7cb3822ff54f4ab2a9845d428ec22f9ee2288,265023 3 265625 5 266227 6 266829 7 267432 8 268035 8 268639 7 269242 7 269845 7 270449 6 271053 4
a102535b0e88374bea4a1cfd9ee7cb3822ff54f4ab2a9845d428ec22f9ee2288,290949 2 291551 4 292154 5 292757 5 293360 6 293963 6 294567 5 295170 6 295773 6 296376 6 296979 6 297582 6 298186 4
a102535b0e88374bea4a1cfd9ee7cb3822ff54f4ab2a9845d428ec22f9ee2288,320428 3 321030 5 321632 6 322233 8 322835 9 323438 9 324042 8 324646 6
a102535b0e88374bea4a1cfd9ee7cb3822ff54f4ab2a9845d428ec22f9ee2288,301139 3 301741 5 302344 6 302946 9 303549 10 304152 11 304756 10 305359 11 305962 11 306566 9 307169 8 307773 7 308377 7 308980 7 309584 6 310189 3
a102535b0e88374bea4a1cfd9ee7cb3822ff54f4ab2a9845d428ec22f9ee2288,601329 3 601930 5 602531 7 603132 8 603734 8 604336 8 604938 8 605539 8 606141 8 606743 9 607345 9 607947 10 608549 11 609149 14 609751 15 610353 15 610955 15 611558 14 612161 13 612764 12 613366 11 613969 9 614573 6
a102535b0e88374bea4a1cfd9ee7cb3822ff54f4ab2a9845d428ec22f9ee2288,232555 5 233157 7 233760 8 234362 9 234964 10 235566 11 236169 10 236773 9 237377 7
a102535b0e88374bea4a1cfd9ee7cb3822ff54f4ab2a9845d428ec22f9ee2288,505169 6 505772 6 506375 8 506980 6 507584 5 508187 5
a102535b0e88374bea4a1cfd9ee7cb3822ff54f4ab2a9845d428ec22f9ee2288,265672 4 266274 6 266876 7 267479 7 268082 7 268684 9 269287 9 269891 7 270494 7 271098 6 271701 6 272304 5 272907 4 273511 2
a102535b0e88374bea4a1cfd9ee7cb3822ff54f4ab2a9845d428ec22f9ee2288,225834 3 226436 5 227038 6 227640 7 228242 8 228844 8 229447 7 230050 7 230654 6 231258 4
a102535b0e88374bea4a1cfd9ee7cb3822ff54f4ab2a9845d428ec22f9ee2288,400555 9 401156 12 401758 14 402361 14 402965 13 403570 10 404176 6
a102535b0e88374bea4a1cfd9ee7cb3822ff54f4ab2a9845d428ec22f9ee2288,254748 4 255350 6 255953 7 256556 7 257159 7 257762 7 258365 7 258969 5 259573 3
a102535b0e88374bea4a1cfd9ee7cb3822ff54f4ab2a9845d428ec22f9ee2288,435219 6 435820 9 436420 14 437022 16 437624 18 438226 19 438829 19 439432 19 440035 19 440639 17 441243 15 441847 11 442452 2
a102535b0e88374bea4a1cfd9ee7cb3822ff54f4ab2a9845d428ec22f9ee2288,284878 5 285480 8 286082 11 286684 13 287286 14 287889 14 288492 14 289095 13 289698 12 290302 10
a102535b0e88374bea4a1cfd9ee7cb3822ff54f4ab2a9845d428ec22f9ee2288,297595 2 298197 4 298799 5 299402 5 300004 7 300607 7 301209 8 301812 7 302415 7 303019 6 303623 4
a102535b0e88374bea4a1cfd9ee7cb3822ff54f4ab2a9845d428ec22f9ee2288,638945 2 639547 7 640150 8 640753 9 641356 9 641959 9 642562 10 643165 11 643768 12 644371 13 644975 13 645580 11 646184 11 646788 11 647391 11 647994 11 648596 12 649199 12 649803 12 650407 11 651012 9 651619 5 652223 4 652827 2
a102535b0e88374bea4a1cfd9ee7cb3822ff54f4ab2a9845d428ec22f9ee2288,361642 4 362244 7 362847 8 363449 9 364052 10 364655 10 365258 10 365862 9 366466 7 367071 4
a102535b0e88374bea4a1cfd9ee7cb3822ff54f4ab2a9845d428ec22f9ee2288,561516 2 561524 3 562118 13 562717 21 563318 24 563920 24 564522 24 565122 26 565724 24 566327 23 566931 20 567535 17 568139 13 568743 11 569347 8 569951 5
a102535b0e88374bea4a1cfd9ee7cb3822ff54f4ab2a9845d428ec22f9ee2288,395445 3 396047 5 396650 6 397253 6 397856 6 398459 5 399063 4 399667 2
a102535b0e88374bea4a1cfd9ee7cb3822ff54f4ab2a9845d428ec22f9ee2288,197544 2 198146 4 198749 5 199352 6 199955 6 200558 6 201161 6 201765 5 202369 3
a102535b0e88374bea4a1cfd9ee7cb3822ff54f4ab2a9845d428ec22f9ee2288,383070 4 383673 6 384276 6 384879 6 385482 5
a102535b0e88374bea4a1cfd9ee7cb3822ff54f4ab2a9845d428ec22f9ee2288,237962 5 238562 9 239164 11 239767 12 240370 12 240973 12 241576 12 242179 11 242783 9 243386 8 243990 3
a102535b0e88374bea4a1cfd9ee7cb3822ff54f4ab2a9845d428ec22f9ee2288,279633 3 280235 5 280838 6 281442 6 282046 5 282651 2
a102535b0e88374bea4a1cfd9ee7cb3822ff54f4ab2a9845d428ec22f9ee2288,512699 2 513297 8 513899 9 514492 2 514497 15 515084 32 515686 33 516289 32 516892 31 517495 29 518098 28 518701 27 519305 13 519320 2 519909 11
a102535b0e88374bea4a1cfd9ee7cb3822ff54f4ab2a9845d428ec22f9ee2288,276404 3 277005 6 277607 7 278210 6 278813 5 279417 3
a102535b0e88374bea4a1cfd9ee7cb3822ff54f4ab2a9845d428ec22f9ee2288,554584 4 555186 6 555789 7 556392 9 556995 12 557599 13 558203 14 558807 15 559412 17 560017 16 560623 14 561229 12 561834 11 562439 10 563044 8 563649 5
a102535b0e88374bea4a1cfd9ee7cb3822ff54f4ab2a9845d428ec22f9ee2288,277151 4 277753 6 278355 8 278958 8 279561 9 280164 9 280767 10 281371 9 281975 8 282579 6 283183 4
a102535b0e88374bea4a1cfd9ee7cb3822ff54f4ab2a9845d428ec22f9ee2288,324840 6 325440 10 326041 13 326643 14 327245 15 327846 17 328448 17 329051 16 329654 15 330258 12 330864 4
a102535b0e88374bea4a1cfd9ee7cb3822ff54f4ab2a9845d428ec22f9ee2288,259063 4 259665 6 260267 7 260867 10 261469 11 262072 10 262675 10 263279 9 263882 8 264484 8 265087 7 265691 3
a102535b0e88374bea4a1cfd9ee7cb3822ff54f4ab2a9845d428ec22f9ee2288,474999 6 475601 8 476204 8 476807 8 477411 6 478016 3
a102535b0e88374bea4a1cfd9ee7cb3822ff54f4ab2a9845d428ec22f9ee2288,227671 2 228273 4 228876 4 229479 4 230081 5 230684 5 231288 3
a102535b0e88374bea4a1cfd9ee7cb3822ff54f4ab2a9845d428ec22f9ee2288,318768 3 319371 3 319974 3 320577 3 321180 3 321783 3 322386 3
a102535b0e88374bea4a1cfd9ee7cb3822ff54f4ab2a9845d428ec22f9ee2288,290913 7 291516 9 292118 11 292721 11 293323 12 293926 12 294529 12 295133 10 295739 6
a102535b0e88374bea4a1cfd9ee7cb3822ff54f4ab2a9845d428ec22f9ee2288,271675 7 272277 9 272880 10 273483 10 274086 10 274690 10 275294 9 275901 5 276506 2
a102535b0e88374bea4a1cfd9ee7cb3822ff54f4ab2a9845d428ec22f9ee2288,465953 5 466555 7 467158 7 467761 7 468365 6 468970 3
a102535b0e88374bea4a1cfd9ee7cb3822ff54f4ab2a9845d428ec22f9ee2288,357748 4 358350 5 358953 5 359556 5 360159 5 360762 5 361366 3
a102535b0e88374bea4a1cfd9ee7cb3822ff54f4ab2a9845d428ec22f9ee2288,400235 9 400833 16 401435 18 402038 19 402641 19 403245 18 403848 17 404452 13 405057 10 405662 6
a102535b0e88374bea4a1cfd9ee7cb3822ff54f4ab2a9845d428ec22f9ee2288,355345 2 355947 6 356550 7 357153 7 357756 7 358359 7 358962 7 359565 7 360171 4
a102535b0e88374bea4a1cfd9ee7cb3822ff54f4ab2a9845d428ec22f9ee2288,332067 6 332669 9 333271 11 333874 11 334477 11 335080 11 335684 10 336288 8 336892 4
a102535b0e88374bea4a1cfd9ee7cb3822ff54f4ab2a9845d428ec22f9ee2288,619676 3 620278 5 620881 5 621484 5 622087 6 622690 8 623293 9 623897 9 624501 8 625104 9 625708 9 626311 10 626914 11 627518 10 628122 10 628725 11 629329 10 629933 9 630537 8 631141 6 631745 4 632349 2
a102535b0e88374bea4a1cfd9ee7cb3822ff54f4ab2a9845d428ec22f9ee2288,320004 6 320606 8 321209 9 321813 8 322416 8 323019 7 323623 4
a102535b0e88374bea4a1cfd9ee7cb3822ff54f4ab2a9845d428ec22f9ee2288,264987 5 265588 7 266190 9 266793 10 267397 9 268000 9 268604 8 269207 8 269810 8 270414 6 271018 4 271621 4
a102535b0e88374bea4a1cfd9ee7cb3822ff54f4ab2a9845d428ec22f9ee2288,390295 4 390896 6 391499 6 392102 5 392705 5 393308 4 393912 3
a102535b0e88374bea4a1cfd9ee7cb3822ff54f4ab2a9845d428ec22f9ee2288,429206 2 429808 5 430406 11 431008 12 431611 12 432214 11 432818 9 433422 7 434028 3
a102535b0e88374bea4a1cfd9ee7cb3822ff54f4ab2a9845d428ec22f9ee2288,361401 3 362003 5 362605 7 363207 9 363810 11 364413 12 365017 12 365620 13 366222 14 366825 14 367427 14 368030 14 368634 13 369238 12 369842 10
a102535b0e88374bea4a1cfd9ee7cb3822ff54f4ab2a9845d428ec22f9ee2288,378551 4 379152 7 379754 8 380356 9 380959 10 381562 10 382166 9 382769 9 383372 9 383976 7 384580 3
a102535b0e88374bea4a1cfd9ee7cb3822ff54f4ab2a9845d428ec22f9ee2288,446392 4 446994 6 447597 7 448199 8 448802 8 449405 7 450009 5
a102535b0e88374bea4a1cfd9ee7cb3822ff54f4ab2a9845d428ec22f9ee2288,454799 3 455401 5 456003 7 456606 7 457209 6 457813 4 458417 2
a102535b0e88374bea4a1cfd9ee7cb3822ff54f4ab2a9845d428ec22f9ee2288,292217 3 292819 5 293421 6 294023 7 294626 7 295228 7 295830 8 296432 8 297035 8 297638 8 298242 6 298846 3
a102535b0e88374bea4a1cfd9ee7cb3822ff54f4ab2a9845d428ec22f9ee2288,265749 3 266351 6 266954 7 267557 7 268160 7 268763 6 269367 4
a102535b0e88374bea4a1cfd9ee7cb3822ff54f4ab2a9845d428ec22f9ee2288,425873 3 426475 6 427077 10 427679 16 428281 19 428884 21 429487 22 430091 22 430696 21 431300 22 431904 22 432508 23 433112 23 433716 22 434324 17 434936 8 435543 4 436147 2
a102535b0e88374bea4a1cfd9ee7cb3822ff54f4ab2a9845d428ec22f9ee2288,613641 4 614243 6 614846 7 615450 6 616053 5 616657 3
a102535b0e88374bea4a1cfd9ee7cb3822ff54f4ab2a9845d428ec22f9ee2288,320046 4 320648 6 321251 7 321854 7 322457 7 323061 5 323666 2
a102535b0e88374bea4a1cfd9ee7cb3822ff54f4ab2a9845d428ec22f9ee2288,270506 4 271108 6 271711 6 272314 6 272917 6 273519 7 274121 8 274724 7 275327 7 275930 7 276533 6 277137 4
a102535b0e88374bea4a1cfd9ee7cb3822ff54f4ab2a9845d428ec22f9ee2288,522335 5 522934 11 523535 16 524132 23 524731 27 525331 29 525933 30 526536 29 527139 28 527741 10 527758 10 528344 10 528948 9 529552 8 530156 6
a102535b0e88374bea4a1cfd9ee7cb3822ff54f4ab2a9845d428ec22f9ee2288,296335 2 296937 5 297540 7 298143 8 298746 8 299349 8 299952 8 300555 8 301158 8 301761 8 302364 8 302967 8 303571 7 304174 6 304778 4
a102535b0e88374bea4a1cfd9ee7cb3822ff54f4ab2a9845d428ec22f9ee2288,267501 3 268103 7 268705 9 269308 9 269910 11 270513 11 271116 11 271720 9 272325 6 272929 4
a102535b0e88374bea4a1cfd9ee7cb3822ff54f4ab2a9845d428ec22f9ee2288,368305 4 368908 5 369511 5 370114 5 370718 4 371321 4
a102535b0e88374bea4a1cfd9ee7cb3822ff54f4ab2a9845d428ec22f9ee2288,478631 10 479230 15 479832 17 480434 19 481037 19 481639 19 482242 19 482846 18 483450 18 484054 17 484660 14 485266 10 485873 2
a102535b0e88374bea4a1cfd9ee7cb3822ff54f4ab2a9845d428ec22f9ee2288,336716 4 337316 8 337918 10 338521 10 339124 11 339727 11 340330 12 340934 11 341538 9 342142 4
a102535b0e88374bea4a1cfd9ee7cb3822ff54f4ab2a9845d428ec22f9ee2288,590470 3 590475 3 591071 11 591671 15 592273 16 592875 17 593477 18 594078 20 594680 20 595282 21 595884 21 596487 18 597089 18 597691 18 598293 18 598895 17 599497 17 600100 16 600704 8 601310 4 601914 2
a102535b0e88374bea4a1cfd9ee7cb3822ff54f4ab2a9845d428ec22f9ee2288,417710 6 418312 7 418915 7 419518 7 420121 3
a102535b0e88374bea4a1cfd9ee7cb3822ff54f4ab2a9845d428ec22f9ee2288,308520 2 309122 4 309724 5 310326 6 310928 6 311530 7 312133 6 312737 4
a102535b0e88374bea4a1cfd9ee7cb3822ff54f4ab2a9845d428ec22f9ee2288,332468 6 333070 9 333673 10 334276 11 334879 14 335482 15 336086 15 336692 13 337296 12 337900 10 338505 6
a102535b0e88374bea4a1cfd9ee7cb3822ff54f4ab2a9845d428ec22f9ee2288,263762 3 264364 5 264967 6 265570 6 266173 6 266777 4
a102535b0e88374bea4a1cfd9ee7cb3822ff54f4ab2a9845d428ec22f9ee2288,490370 9 490969 14 490985 5 491571 24 492174 25 492777 26 493380 27 493984 26 494588 24 495192 23 495795 23 496397 23 497000 22 497603 22 498206 21 498809 20 499413 17 500020 9
a102535b0e88374bea4a1cfd9ee7cb3822ff54f4ab2a9845d428ec22f9ee2288,293295 3 293897 6 294499 8 295102 8 295705 8 296308 8 296912 7 297516 5 298121 2
a102535b0e88374bea4a1cfd9ee7cb3822ff54f4ab2a9845d428ec22f9ee2288,291532 6 292133 9 292735 10 293338 10 293941 10 294544 10 295147 11 295750 11 296353 11 296956 11 297559 11 298163 9 298771 3
a102535b0e88374bea4a1cfd9ee7cb3822ff54f4ab2a9845d428ec22f9ee2288,675620 3 676222 5 676824 7 677426 9 678028 10 678631 9 679235 8 679838 8 680441 8 681044 8 681646 8 682249 8 682852 7 683455 7 684058 7 684661 7 685264 7 685867 7 686470 6 687074 4 687677 4 688279 5 688882 4 689484 5 690087 5 690691 4 691295 2
a102535b0e88374bea4a1cfd9ee7cb3822ff54f4ab2a9845d428ec22f9ee2288,529264 2 529866 5 530469 10 531072 11 531676 13 532279 17 532883 17 533486 17 534089 18 534693 19 535296 22 535900 23 536504 24 537109 25 537715 23 538321 20 538928 15 539533 11
a102535b0e88374bea4a1cfd9ee7cb3822ff54f4ab2a9845d428ec22f9ee2288,330910 3 331512 5 332115 5 332718 5 333321 6 333924 6 334527 6 335131 4
a102535b0e88374bea4a1cfd9ee7cb3822ff54f4ab2a9845d428ec22f9ee2288,299497 5 300099 8 300701 10 301303 12 301906 12 302509 12 303112 11 303715 9 304319 7 304923 5
a102535b0e88374bea4a1cfd9ee7cb3822ff54f4ab2a9845d428ec22f9ee2288,295807 2 296409 4 297012 5 297615 5 298218 4 298820 5 299423 5 300025 5 300628 5 301231 5 301835 4 302439 2
a102535b0e88374bea4a1cfd9ee7cb3822ff54f4ab2a9845d428ec22f9ee2288,420153 10 420754 13 421356 14 421959 14 422563 13 423167 12 423770 12 424373 12 424975 12 425578 11 426182 8
a102535b0e88374bea4a1cfd9ee7cb3822ff54f4ab2a9845d428ec22f9ee2288,305335 3 305937 5 306540 6 307143 6 307746 6 308349 6 308953 6 309557 5 310161 3
a102535b0e88374bea4a1cfd9ee7cb3822ff54f4ab2a9845d428ec22f9ee2288,539507 3 540110 7 540713 12 541317 16 541921 18 542527 21 543131 22 543735 25 544344 19 544949 18 545554 16 546162 11 546766 10 547370 8 547973 8 548577 6
a102535b0e88374bea4a1cfd9ee7cb3822ff54f4ab2a9845d428ec22f9ee2288,258378 3 258980 5 259583 7 260186 8 260787 10 261390 10 261993 10 262596 9 263202 5 263805 4 264409 2
a102535b0e88374bea4a1cfd9ee7cb3822ff54f4ab2a9845d428ec22f9ee2288,459298 5 459901 5 460504 5 461104 8 461707 7 462309 8 462912 6 463514 5 464117 5 464720 4
a102535b0e88374bea4a1cfd9ee7cb3822ff54f4ab2a9845d428ec22f9ee2288,332439 3 333041 4 333644 7 334247 7 334849 8 335452 7 336055 7 336659 6 337263 4
a102535b0e88374bea4a1cfd9ee7cb3822ff54f4ab2a9845d428ec22f9ee2288,215610 5 216212 7 216814 8 217416 9 218018 10 218621 10 219225 8 219829 6 220433 4 221037 2
a102535b0e88374bea4a1cfd9ee7cb3822ff54f4ab2a9845d428ec22f9ee2288,347150 5 347752 7 348354 9 348957 10 349560 10 350163 10 350766 9 351370 7 351975 4
a102535b0e88374bea4a1cfd9ee7cb3822ff54f4ab2a9845d428ec22f9ee2288,253590 3 254191 6 254793 7 255395 8 255997 10 256600 10 257203 10 257807 9 258410 9 259013 8 259616 8 260219 8 260823 6
a102535b0e88374bea4a1cfd9ee7cb3822ff54f4ab2a9845d428ec22f9ee2288,294588 6 295190 8 295793 8 296396 8 297000 7 297604 6 298207 6 298811 4
a102535b0e88374bea4a1cfd9ee7cb3822ff54f4ab2a9845d428ec22f9ee2288,338748 3 339348 7 339950 8 340553 9 341157 8 341761 6 342365 5 342969 3
a102535b0e88374bea4a1cfd9ee7cb3822ff54f4ab2a9845d428ec22f9ee2288,531378 5 531979 9 532581 11 533183 13 533781 18 534381 21 534980 25 535582 25 536184 26 536786 26 537388 26 537991 23 538594 11 539198 6
a102535b0e88374bea4a1cfd9ee7cb3822ff54f4ab2a9845d428ec22f9ee2288,330280 5 330877 12 331479 13 332081 14 332684 13 333286 14 333889 13 334493 11 335099 4
a102535b0e88374bea4a1cfd9ee7cb3822ff54f4ab2a9845d428ec22f9ee2288,243352 3 243954 5 244556 6 245158 8 245761 9 246364 10 246968 10 247572 9 248173 10 248776 9 249379 3
a102535b0e88374bea4a1cfd9ee7cb3822ff54f4ab2a9845d428ec22f9ee2288,436445 2 437047 4 437649 6 438252 6 438855 7 439459 6 440063 4
a102535b0e88374bea4a1cfd9ee7cb3822ff54f4ab2a9845d428ec22f9ee2288,652604 4 653204 8 653806 9 654409 9 655011 10 655614 10 656216 12 656819 12 657421 12 658024 11 658626 11 659229 10 659832 10 660434 11 661037 11 661640 10 662243 10 662847 9 663451 8 664058 4 664662 2
a102535b0e88374bea4a1cfd9ee7cb3822ff54f4ab2a9845d428ec22f9ee2288,368858 2 369460 4 370062 5 370665 4 371268 3 371870 4 372473 4 373076 5 373679 5 374282 5 374885 6 375488 6 376091 6 376695 4
a102535b0e88374bea4a1cfd9ee7cb3822ff54f4ab2a9845d428ec22f9ee2288,301853 4 302455 5 303058 5 303661 5 304264 5 304867 5 305470 5 306074 4
a102535b0e88374bea4a1cfd9ee7cb3822ff54f4ab2a9845d428ec22f9ee2288,337500 6 338102 8 338705 8 339307 9 339910 8 340512 9 341114 10 341716 11 342319 11 342923 9 343527 7 344132 4
a102535b0e88374bea4a1cfd9ee7cb3822ff54f4ab2a9845d428ec22f9ee2288,260939 3 261541 5 262144 5 262747 6 263350 6 263953 7 264556 7 265159 6 265762 5 266366 2
a102535b0e88374bea4a1cfd9ee7cb3822ff54f4ab2a9845d428ec22f9ee2288,262690 5 263292 7 263894 8 264497 9 265100 9 265702 10 266305 10 266908 10 267511 10 268115 8
a102535b0e88374bea4a1cfd9ee7cb3822ff54f4ab2a9845d428ec22f9ee2288,574466 7 575068 12 575671 13 576276 13 576880 13 577485 16 578089 16 578697 12 579301 15 579908 14 580514 11 581120 8
a102535b0e88374bea4a1cfd9ee7cb3822ff54f4ab2a9845d428ec22f9ee2288,249395 6 249997 7 250600 8 251201 10 251804 10 252407 9 253010 8 253613 8 254220 4
a102535b0e88374bea4a1cfd9ee7cb3822ff54f4ab2a9845d428ec22f9ee2288,417433 4 418035 8 418638 10 419241 12 419843 16 420446 17 421049 17 421652 18 422256 19 422860 20 423464 20 424070 18 424676 16 425280 15 425885 13 426489 12 427095 8 427701 4
a102535b0e88374bea4a1cfd9ee7cb3822ff54f4ab2a9845d428ec22f9ee2288,338537 2 339139 4 339742 5 340346 4 340949 4 341551 6 342154 6 342757 6 343361 4
a102535b0e88374bea4a1cfd9ee7cb3822ff54f4ab2a9845d428ec22f9ee2288,443937 3 444540 3 445140 6 445743 6 446346 5 446949 4 447552 4
a102535b0e88374bea4a1cfd9ee7cb3822ff54f4ab2a9845d428ec22f9ee2288,251820 3 252422 7 253025 8 253627 9 254229 10 254831 11 255433 12 256036 11 256639 9 257242 8 257845 8 258448 7 259052 5
a102535b0e88374bea4a1cfd9ee7cb3822ff54f4ab2a9845d428ec22f9ee2288,219255 4 219856 7 220458 8 221061 8 221664 9 222268 8 222871 8 223474 8 224078 6
a102535b0e88374bea4a1cfd9ee7cb3822ff54f4ab2a9845d428ec22f9ee2288,240388 3 240990 7 241593 8 242196 8 242799 8 243401 8 244003 9 244605 9 245208 8 245810 8 246413 7 247017 4
a102535b0e88374bea4a1cfd9ee7cb3822ff54f4ab2a9845d428ec22f9ee2288,214422 3 215024 5 215625 7 216226 9 216828 11 217430 12 218033 12 218636 11 219239 10 219842 10 220446 9 221051 7 221656 4
a102535b0e88374bea4a1cfd9ee7cb3822ff54f4ab2a9845d428ec22f9ee2288,495521 2 496123 9 496726 10 497329 11 497935 8 498540 6 499145 3
a102535b0e88374bea4a1cfd9ee7cb3822ff54f4ab2a9845d428ec22f9ee2288,278305 5 278907 7 279509 10 280112 11 280715 11 281318 11 281922 10 282526 8 283131 5
a102535b0e88374bea4a1cfd9ee7cb3822ff54f4ab2a9845d428ec22f9ee2288,235465 6 236067 8 236670 8 237273 8 237876 8 238480 6
a102535b0e88374bea4a1cfd9ee7cb3822ff54f4ab2a9845d428ec22f9ee2288,330679 3 331280 6 331882 7 332484 9 333087 9 333690 9 334293 8 334896 8 335500 6 336104 3
a102535b0e88374bea4a1cfd9ee7cb3822ff54f4ab2a9845d428ec22f9ee2288,481337 3 481936 9 482538 12 483137 17 483739 20 484341 23 484943 25 485546 26 486150 26 486755 24 487361 20 487965 13 488569 7
a102535b0e88374bea4a1cfd9ee7cb3822ff54f4ab2a9845d428ec22f9ee2288,260156 4 260756 8 261358 9 261961 9 262563 10 263166 10 263769 9 264372 8 264976 6 265581 3
a102535b0e88374bea4a1cfd9ee7cb3822ff54f4ab2a9845d428ec22f9ee2288,269234 2 269836 5 270438 7 271040 9 271642 10 272245 9 272848 8 273452 3
a102535b0e88374bea4a1cfd9ee7cb3822ff54f4ab2a9845d428ec22f9ee2288,607618 3 608220 5 608823 6 609426 7 610030 7 610633 7 611236 8 611839 8 612443 7 613046 8 613650 8 614254 9 614858 9 615461 9 616065 9 616668 10 617270 12 617873 13 618476 13 619080 12 619684 11 620288 10 620892 9 621496 8 622103 4 622707 2
a102535b0e88374bea4a1cfd9ee7cb3822ff54f4ab2a9845d428ec22f9ee2288,425259 2 425861 4 426464 5 427067 6 427670 7 428274 6 428879 3
a102535b0e88374bea4a1cfd9ee7cb3822ff54f4ab2a9845d428ec22f9ee2288,259084 4 259686 6 260287 8 260889 9 261492 10 262095 11 262699 10 263302 9 263905 8 264509 6
a102535b0e88374bea4a1cfd9ee7cb3822ff54f4ab2a9845d428ec22f9ee2288,439123 7 439725 10 440328 15 440931 16 441535 18 442139 21 442745 20 443349 22 443953 22 444557 22 445161 22 445765 22 446370 20 446974 18 447579 15 448185 10 448791 5
a102535b0e88374bea4a1cfd9ee7cb3822ff54f4ab2a9845d428ec22f9ee2288,286143 4 286745 6 287348 7 287952 7 288555 7 289159 6 289762 6 290365 5 290969 3
a102535b0e88374bea4a1cfd9ee7cb3822ff54f4ab2a9845d428ec22f9ee2288,402667 12 403269 15 403872 16 404476 15 405087 7 405691 6 406295 4
a102535b0e88374bea4a1cfd9ee7cb3822ff54f4ab2a9845d428ec22f9ee2288,270533 5 271134 7 271735 9 272337 10 272939 10 273542 10 274145 10 274748 9 275351 7 275954 6 276556 6 277159 5 277763 2
a102535b0e88374bea4a1cfd9ee7cb3822ff54f4ab2a9845d428ec22f9ee2288,470186 15 470788 17 471391 18 471995 18 472600 17 473204 16 473807 16 474410 16 475014 14
a102535b0e88374bea4a1cfd9ee7cb3822ff54f4ab2a9845d428ec22f9ee2288,268673 1 269275 4 269878 7 270481 8 271084 8 271687 9 272290 9 272893 9 273497 9 274102 7 274707 5 275312 2
a102535b0e88374bea4a1cfd9ee7cb3822ff54f4ab2a9845d428ec22f9ee2288,470465 5 471068 6 471671 6 472274 6 472877 5 473480 3
a102535b0e88374bea4a1cfd9ee7cb3822ff54f4ab2a9845d428ec22f9ee2288,372824 4 373427 5 374030 5 374632 6 375234 7 375837 6 376440 5
a102535b0e88374bea4a1cfd9ee7cb3822ff54f4ab2a9845d428ec22f9ee2288,303690 4 304290 8 304892 9 305495 10 306098 10 306701 5 306708 2
a102535b0e88374bea4a1cfd9ee7cb3822ff54f4ab2a9845d428ec22f9ee2288,258401 2 259003 4 259605 5 260208 6 260811 7 261413 8 262016 9 262618 10 263221 10 263824 10 264427 10 265030 9 265634 8 266238 7 266844 3
a102535b0e88374bea4a1cfd9ee7cb3822ff54f4ab2a9845d428ec22f9ee2288,307196 3 307798 5 308400 7 309003 8 309606 9 310209 10 310812 11 311416 11 312019 11 312623 9 313227 6
a102535b0e88374bea4a1cfd9ee7cb3822ff54f4ab2a9845d428ec22f9ee2288,217404 2 218006 5 218608 7 219210 8 219812 9 220414 10 221017 10 221621 8 222224 7 222828 4
a102535b0e88374bea4a1cfd9ee7cb3822ff54f4ab2a9845d428ec22f9ee2288,260232 5 260833 8 261435 9 262037 10 262640 10 263243 11 263847 10 264451 9 265055 8 265660 6 266265 3
a102535b0e88374bea4a1cfd9ee7cb3822ff54f4ab2a9845d428ec22f9ee2288,286235 3 286835 7 287437 8 288039 8 288642 8 289244 8 289846 9 290449 8 291053 6 291657 4
a102535b0e88374bea4a1cfd9ee7cb3822ff54f4ab2a9845d428ec22f9ee2288,245148 4 245750 6 246352 8 246954 9 247557 9 248160 9 248763 10 249366 10 249969 9 250573 7
a102535b0e88374bea4a1cfd9ee7cb3822ff54f4ab2a9845d428ec22f9ee2288,254735 5 255337 7 255940 7 256543 7 257146 7 257750 7 258354 7 258958 6 259562 5 260166 4 260770 2
a102535b0e88374bea4a1cfd9ee7cb3822ff54f4ab2a9845d428ec22f9ee2288,643550 4 644151 7 644752 9 645353 12 645955 14 646557 15 647159 16 647759 18 648361 18 648963 17 649565 17 650167 17 650770 14 651374 11 651977 9 652581 7 653185 5 653790 2
a102535b0e88374bea4a1cfd9ee7cb3822ff54f4ab2a9845d428ec22f9ee2288,252440 3 253042 5 253644 7 254246 9 254848 11 255450 12 256053 12 256656 12 257259 12 257863 11 258467 9 259071 7 259675 4
a102535b0e88374bea4a1cfd9ee7cb3822ff54f4ab2a9845d428ec22f9ee2288,223459 2 224061 7 224664 8 225265 10 225868 10 226471 9 227076 6 227679 6 228282 7 228886 6 229491 3
a102535b0e88374bea4a1cfd9ee7cb3822ff54f4ab2a9845d428ec22f9ee2288,293461 4 294062 7 294664 9 295267 9 295870 9 296472 9 297075 9 297678 9 298281 8 298883 7 299486 6 300090 4
a102535b0e88374bea4a1cfd9ee7cb3822ff54f4ab2a9845d428ec22f9ee2288,461152 7 461738 28 462340 31 462943 32 463546 33 464149 33 464753 32 465356 32 465960 31 466564 15 466582 11 467168 13 467186 9 467774 4 467792 4
a102535b0e88374bea4a1cfd9ee7cb3822ff54f4ab2a9845d428ec22f9ee2288,321671 3 322272 6 322874 7 323477 8 324081 7 324684 7 325287 6 325891 3
a102535b0e88374bea4a1cfd9ee7cb3822ff54f4ab2a9845d428ec22f9ee2288,251790 4 251796 3 252392 11 252995 11 253598 11 254201 11 254804 10 255407 10 256010 9 256613 9 257217 7 257823 3
a102535b0e88374bea4a1cfd9ee7cb3822ff54f4ab2a9845d428ec22f9ee2288,304771 2 305373 4 305975 6 306578 7 307181 7 307785 7 308388 8 308990 9 309593 9 310197 8 310801 7 311405 5
a102535b0e88374bea4a1cfd9ee7cb3822ff54f4ab2a9845d428ec22f9ee2288,310990 4 311592 6 312195 6 312798 7 313400 9 314002 11 314604 13 315207 13 315810 12 316413 11 317017 8 317620 7 318224 5
a102535b0e88374bea4a1cfd9ee7cb3822ff54f4ab2a9845d428ec22f9ee2288,310225 4 310827 6 311429 8 312032 9 312635 9 313238 9 313842 7 314445 6 315049 4
a102535b0e88374bea4a1cfd9ee7cb3822ff54f4ab2a9845d428ec22f9ee2288,378258 4 378861 6 379464 9 380067 9 380667 3 380672 7 381270 6 381277 9 381873 20 382476 23 383080 27 383685 7 383693 21 384291 3 384295 8 384305 15 384898 12 384911 14 385501 28 386107 25 386710 25 387313 20 387334 4 387917 9 387928 13 388523 6 388533 11 389128 4 389140 7 389733 3 389744 3 390336 3 390940 2
a102535b0e88374bea4a1cfd9ee7cb3822ff54f4ab2a9845d428ec22f9ee2288,390904 3 391505 10 392108 11 392711 12 393314 13 393917 15 394520 15 395123 15 395726 15 396329 7 396337 8 396932 3 396936 3 396941 7 397544 7
a102535b0e88374bea4a1cfd9ee7cb3822ff54f4ab2a9845d428ec22f9ee2288,511775 2 512377 4 512980 6 513583 7 514186 8 514790 7 515395 4
a102535b0e88374bea4a1cfd9ee7cb3822ff54f4ab2a9845d428ec22f9ee2288,466535 9 467137 11 467739 13 468342 13 468946 11 469552 7
a102535b0e88374bea4a1cfd9ee7cb3822ff54f4ab2a9845d428ec22f9ee2288,354986 2 355588 4 356191 5 356794 6 357397 6 358000 6 358604 5 359209 2
a102535b0e88374bea4a1cfd9ee7cb3822ff54f4ab2a9845d428ec22f9ee2288,364990 3 365592 5 366194 6 366797 6 367400 6 368004 4 368607 4 369211 2
a102535b0e88374bea4a1cfd9ee7cb3822ff54f4ab2a9845d428ec22f9ee2288,256625 4 257227 8 257829 10 258432 11 259035 11 259638 11 260241 11 260844 10 261446 11 262049 10 262653 8 263257 5 263862 2
a102535b0e88374bea4a1cfd9ee7cb3822ff54f4ab2a9845d428ec22f9ee2288,251707 5 252308 8 252910 9 253512 9 254115 9 254718 9 255322 8 255925 7 256529 5
a102535b0e88374bea4a1cfd9ee7cb3822ff54f4ab2a9845d428ec22f9ee2288,584713 3 585315 6 585918 8 586522 10 587126 10 587729 11 588333 11 588937 11 589541 11 590145 11 590750 11 591355 10 591959 9 592562 10 593165 11 593769 11 594374 10 594978 10 595581 11 596185 10 596789 9 597393 8 597996 8 598600 6
a102535b0e88374bea4a1cfd9ee7cb3822ff54f4ab2a9845d428ec22f9ee2288,623887 3 624489 5 625092 5 625695 6 626298 6 626901 7 627504 7 628107 8 628711 8 629315 8 629918 8 630521 9 631124 10 631727 10 632331 9 632934 10 633538 10 634141 11 634744 11 635348 11 635952 10 636558 6
a102535b0e88374bea4a1cfd9ee7cb3822ff54f4ab2a9845d428ec22f9ee2288,314419 2 315020 5 315622 6 316225 6 316828 7 317431 7 318034 7 318638 7 319242 6 319846 6 320450 5 321054 3
a102535b0e88374bea4a1cfd9ee7cb3822ff54f4ab2a9845d428ec22f9ee2288,265727 2 266326 7 266928 8 267530 9 268132 10 268734 10 269337 9 269940 9 270544 7 271150 3
a102535b0e88374bea4a1cfd9ee7cb3822ff54f4ab2a9845d428ec22f9ee2288,209627 4 210228 7 210830 9 211433 10 212037 9 212641 8 213246 6 213850 4
a102535b0e88374bea4a1cfd9ee7cb3822ff54f4ab2a9845d428ec22f9ee2288,238506 2 239108 4 239710 6 240312 7 240915 7 241518 8 242120 9 242722 10 243325 9 243928 8 244531 7 245134 6 245738 4
a102535b0e88374bea4a1cfd9ee7cb3822ff54f4ab2a9845d428ec22f9ee2288,233707 7 234309 9 234911 10 235514 9 236116 10 236719 9 237321 10 237924 9 238527 9 239130 9 239733 9 240336 8 240939 5 241543 3
a102535b0e88374bea4a1cfd9ee7cb3822ff54f4ab2a9845d428ec22f9ee2288,323678 4 324279 6 324882 6 325485 5 326088 5 326691 4 327295 3
a102535b0e88374bea4a1cfd9ee7cb3822ff54f4ab2a9845d428ec22f9ee2288,354419 3 355018 8 355620 11 356222 12 356825 12 357428 12 358031 12 358635 11
a102535b0e88374bea4a1cfd9ee7cb3822ff54f4ab2a9845d428ec22f9ee2288,287383 2 287985 4 288588 5 289191 6 289795 5 290399 4 291002 4 291604 5 292207 5 292811 3
a102535b0e88374bea4a1cfd9ee7cb3822ff54f4ab2a9845d428ec22f9ee2288,230731 4 231333 6 231936 7 232539 7 233143 7 233746 7 234350 6 234954 5 235558 3
a102535b0e88374bea4a1cfd9ee7cb3822ff54f4ab2a9845d428ec22f9ee2288,369493 5 370090 12 370691 15 371293 16 371896 15 372499 14 373103 12 373708 4
a102535b0e88374bea4a1cfd9ee7cb3822ff54f4ab2a9845d428ec22f9ee2288,292298 5 292900 7 293503 8 294106 8 294709 8 295311 9 295914 9 296516 10 297119 9 297722 8 298326 6
a102535b0e88374bea4a1cfd9ee7cb3822ff54f4ab2a9845d428ec22f9ee2288,286156 3 286758 5 287360 6 287963 7 288566 7 289170 6 289773 6 290377 5 290980 5 291582 5 292185 4 292789 2
a102535b0e88374bea4a1cfd9ee7cb3822ff54f4ab2a9845d428ec22f9ee2288,224712 3 225311 8 225913 9 226516 9 227119 9 227723 8 228327 6 228932 3
a102535b0e88374bea4a1cfd9ee7cb3822ff54f4ab2a9845d428ec22f9ee2288,385757 3 385766 11 386359 22 386962 23 387566 22 388175 17 388784 11 389388 10 389992 9 390595 9 391197 9 391800 7 392403 6 393006 4
a102535b0e88374bea4a1cfd9ee7cb3822ff54f4ab2a9845d428ec22f9ee2288,437644 3 438247 4 438849 6 439452 7 440055 7 440658 6 441262 5 441865 4 442469 2
a102535b0e88374bea4a1cfd9ee7cb3822ff54f4ab2a9845d428ec22f9ee2288,277670 5 278272 7 278874 8 279476 9 280078 10 280681 9 281283 10 281886 10 282490 8
a102535b0e88374bea4a1cfd9ee7cb3822ff54f4ab2a9845d428ec22f9ee2288,447566 4 448168 6 448770 7 449373 6 449976 5 450580 3
a102535b0e88374bea4a1cfd9ee7cb3822ff54f4ab2a9845d428ec22f9ee2288,425906 2 426508 4 427111 5 427714 5 428317 6 428920 6 429523 6 430125 7 430728 7 431331 7 431935 7 432538 7 433142 6 433746 4
a102535b0e88374bea4a1cfd9ee7cb3822ff54f4ab2a9845d428ec22f9ee2288,373125 4 373725 8 374327 10 374929 12 375532 12 376136 11 376743 6
a102535b0e88374bea4a1cfd9ee7cb3822ff54f4ab2a9845d428ec22f9ee2288,601594 5 602196 8 602798 11 603401 12 604004 13 604608 13 605212 13 605816 13 606419 14 607023 14 607627 14 608231 13 608835 13 609440 12 610044 12 610647 12 611251 11 611855 10 612460 8 613064 7 613668 5 614272 3
a102535b0e88374bea4a1cfd9ee7cb3822ff54f4ab2a9845d428ec22f9ee2288,302995 2 303597 4 304199 6 304802 8 305404 10 306007 11 306611 10 307216 7 307819 5 308423 4
a102535b0e88374bea4a1cfd9ee7cb3822ff54f4ab2a9845d428ec22f9ee2288,301263 3 301865 5 302468 5 303071 5 303674 6 304277 7 304880 7 305484 5
a102535b0e88374bea4a1cfd9ee7cb3822ff54f4ab2a9845d428ec22f9ee2288,316787 2 317388 7 317990 10 318592 12 319195 13 319798 13 320402 12 321006 10 321610 5 322214 3
a102535b0e88374bea4a1cfd9ee7cb3822ff54f4ab2a9845d428ec22f9ee2288,376480 3 377083 3 377686 5 378289 5 378892 5 379494 6 380097 6 380700 4
a102535b0e88374bea4a1cfd9ee7cb3822ff54f4ab2a9845d428ec22f9ee2288,672588 4 673190 6 673789 10 674391 11 674994 12 675597 13 676200 13 676803 14 677406 14 678009 13 678612 13 679215 12 679817 13 680420 8 680430 2 681023 7 681627 5
a102535b0e88374bea4a1cfd9ee7cb3822ff54f4ab2a9845d428ec22f9ee2288,351779 3 352379 6 352982 6 353583 8 354186 8 354789 8 355392 7 355995 7 356600 4
a102535b0e88374bea4a1cfd9ee7cb3822ff54f4ab2a9845d428ec22f9ee2288,292871 4 293473 6 294076 6 294678 8 295281 8 295884 9 296488 8 297091 8 297695 7 298299 5
a102535b0e88374bea4a1cfd9ee7cb3822ff54f4ab2a9845d428ec22f9ee2288,481629 2 482230 5 482832 7 483434 8 484036 9 484639 9 485242 8 485846 6
a102535b0e88374bea4a1cfd9ee7cb3822ff54f4ab2a9845d428ec22f9ee2288,515416 5 516017 9 516616 14 517218 17 517821 18 518425 18 519030 17 519639 12 520243 11 520846 10 521450 8 522054 6
a102535b0e88374bea4a1cfd9ee7cb3822ff54f4ab2a9845d428ec22f9ee2288,294009 3 294611 5 295214 6 295818 5 296422 4 297026 2
a102535b0e88374bea4a1cfd9ee7cb3822ff54f4ab2a9845d428ec22f9ee2288,362217 2 362819 5 363422 6 364024 7 364627 7 365230 8 365833 8 366436 8 367039 7 367643 5
a102535b0e88374bea4a1cfd9ee7cb3822ff54f4ab2a9845d428ec22f9ee2288,697310 2 697912 5 698514 7 699117 8 699720 8 700323 9 700926 9 701530 8 702133 7 702737 5 703341 2
a102535b0e88374bea4a1cfd9ee7cb3822ff54f4ab2a9845d428ec22f9ee2288,298113 2 298710 9 299312 10 299914 12 300517 12 301120 13 301724 12 302329 10 302937 4
a102535b0e88374bea4a1cfd9ee7cb3822ff54f4ab2a9845d428ec22f9ee2288,285451 3 286053 5 286656 5 287259 5 287862 5 288465 5 289069 3
a102535b0e88374bea4a1cfd9ee7cb3822ff54f4ab2a9845d428ec22f9ee2288,571774 4 572375 8 572976 11 573577 13 574177 15 574779 14 575377 18 575979 18 576582 16 577185 15 577788 13 578390 13 578992 11 579595 10 580199 9 580806 4 581410 2
a102535b0e88374bea4a1cfd9ee7cb3822ff54f4ab2a9845d428ec22f9ee2288,284452 2 285054 4 285657 5 286260 7 286863 8 287466 9 288069 9 288672 8 289276 5 289880 2
a102535b0e88374bea4a1cfd9ee7cb3822ff54f4ab2a9845d428ec22f9ee2288,626052 3 626654 5 627255 8 627854 12 628456 13 629059 13 629662 12 630265 11 630868 10 631471 8 632075 6 632678 5 633282 3
a102535b0e88374bea4a1cfd9ee7cb3822ff54f4ab2a9845d428ec22f9ee2288,269777 5 270379 7 270982 7 271585 6 272188 5 272792 2
a102535b0e88374bea4a1cfd9ee7cb3822ff54f4ab2a9845d428ec22f9ee2288,312143 2 312745 4 313348 5 313951 6 314554 6 315157 7 315760 7 316363 7 316966 7 317569 6 318172 6 318776 4 319380 2
a102535b0e88374bea4a1cfd9ee7cb3822ff54f4ab2a9845d428ec22f9ee2288,347511 7 348113 9 348716 10 349320 10 349924 9 350529 6
a102535b0e88374bea4a1cfd9ee7cb3822ff54f4ab2a9845d428ec22f9ee2288,340924 4 341527 5 342130 6 342731 8 343334 8 343937 8 344541 5
a102535b0e88374bea4a1cfd9ee7cb3822ff54f4ab2a9845d428ec22f9ee2288,269981 2 270583 4 271186 4 271788 6 272391 6 272994 7 273597 7 274201 6 274804 5 275407 4 276009 4 276612 4 277216 2
a102535b0e88374bea4a1cfd9ee7cb3822ff54f4ab2a9845d428ec22f9ee2288,335474 2 336071 9 336672 11 337274 13 337877 16 338480 17 339083 19 339686 20 340290 23 340894 23 341499 3 341505 16 342110 15 342715 13 343320 10 343925 8 344529 8 345135 6 345738 8 346342 8 346949 5 347552 5 348156 4
a102535b0e88374bea4a1cfd9ee7cb3822ff54f4ab2a9845d428ec22f9ee2288,698553 3 699154 6 699756 8 700358 10 700960 11 701562 12 702164 13 702766 14 703369 14 703973 13 704576 13 705180 11 705787 6 706392 3
a102535b0e88374bea4a1cfd9ee7cb3822ff54f4ab2a9845d428ec22f9ee2288,302551 2 303150 7 303752 9 304355 9 304959 8 305562 7 306165 6 306769 2
a102535b0e88374bea4a1cfd9ee7cb3822ff54f4ab2a9845d428ec22f9ee2288,370420 6 371022 12 371624 15 372227 19 372830 26 373433 31 374037 34 374647 27 375252 25 375859 14 375875 3 376464 10 377068 8 377672 6 378276 5 378880 3
a102535b0e88374bea4a1cfd9ee7cb3822ff54f4ab2a9845d428ec22f9ee2288,352949 8 353550 10 354152 11 354755 12 355358 13 355960 16 356563 16 357166 16 357769 16 358374 14 358978 13 359582 12 360185 7
a102535b0e88374bea4a1cfd9ee7cb3822ff54f4ab2a9845d428ec22f9ee2288,428580 2 428589 2 429179 16 429781 18 430384 18 430987 17 431590 15 432193 13 432797 5
a102535b0e88374bea4a1cfd9ee7cb3822ff54f4ab2a9845d428ec22f9ee2288,223441 3 224043 5 224646 5 225248 6 225851 6 226454 5 227058 3
a102535b0e88374bea4a1cfd9ee7cb3822ff54f4ab2a9845d428ec22f9ee2288,587151 5 587754 6 588354 10 588957 10 589560 10 590165 8 590769 6
a102535b0e88374bea4a1cfd9ee7cb3822ff54f4ab2a9845d428ec22f9ee2288,455697 6 456299 8 456902 9 457504 10 458107 10 458710 9 459313 8 459916 8 460520 6 461124 4
a102535b0e88374bea4a1cfd9ee7cb3822ff54f4ab2a9845d428ec22f9ee2288,338696 3 339296 7 339898 8 340501 8 341104 7 341706 8 342309 7 342913 3
a102535b0e88374bea4a1cfd9ee7cb3822ff54f4ab2a9845d428ec22f9ee2288,662887 2 663488 5 664090 6 664692 8 665294 9 665897 9 666499 10 667102 10 667705 9 668308 9 668911 8 669514 8 670116 10 670719 10 671322 9 671926 8 672529 7 673131 8 673734 8 674338 6
a102535b0e88374bea4a1cfd9ee7cb3822ff54f4ab2a9845d428ec22f9ee2288,277621 3 278223 5 278824 7 279427 8 280030 8 280634 8 281237 9 281840 9 282445 7
a102535b0e88374bea4a1cfd9ee7cb3822ff54f4ab2a9845d428ec22f9ee2288,336915 2 337517 4 338120 5 338722 7 339322 10 339924 11 340526 11 341129 12 341731 13 342334 13 342937 13 343540 12 344143 9 344747 3
a102535b0e88374bea4a1cfd9ee7cb3822ff54f4ab2a9845d428ec22f9ee2288,506963 4 506970 3 507565 7 507573 4 508167 15 508770 15 509374 2 509377 12 509980 12 510583 12 511182 3 511187 11 511785 16 512388 16 512993 10 513597 5
a102535b0e88374bea4a1cfd9ee7cb3822ff54f4ab2a9845d428ec22f9ee2288,241569 2 242171 4 242774 4 243377 4 243979 5 244581 7 245183 8 245785 9 246388 9 246992 7 247595 7 248198 6 248801 5 249405 3
a102535b0e88374bea4a1cfd9ee7cb3822ff54f4ab2a9845d428ec22f9ee2288,280795 5 281397 8 282000 9 282602 11 283204 12 283807 11 284410 11 285013 10 285616 9 286220 7 286824 5 287428 3
a102535b0e88374bea4a1cfd9ee7cb3822ff54f4ab2a9845d428ec22f9ee2288,234898 3 235500 5 236103 6 236706 7 237309 8 237912 8 238516 7 239119 7 239722 6 240325 6 240929 4
a102535b0e88374bea4a1cfd9ee7cb3822ff54f4ab2a9845d428ec22f9ee2288,299967 3 300569 5 301172 7 301775 8 302379 7 302982 6 303584 7 304187 6 304790 6 305393 6 305997 5 306601 3
a102535b0e88374bea4a1cfd9ee7cb3822ff54f4ab2a9845d428ec22f9ee2288,381519 3 382121 5 382724 5 383327 5 383930 5 384534 4 385138 2
a102535b0e88374bea4a1cfd9ee7cb3822ff54f4ab2a9845d428ec22f9ee2288,284891 9 285493 12 286096 13 286700 12 287303 12 287906 13 288509 13 289112 13 289716 11 290320 9 290925 6
a102535b0e88374bea4a1cfd9ee7cb3822ff54f4ab2a9845d428ec22f9ee2288,495504 3 496106 6 496709 12 497311 18 497914 18 498517 18 499120 19 499723 19 500327 19 500930 19 501534 18 502140 14 502744 12 503349 9 503955 3
a102535b0e88374bea4a1cfd9ee7cb3822ff54f4ab2a9845d428ec22f9ee2288,286817 3 287420 3 288023 5 288626 7 289229 8 289831 10 290434 10 291037 10 291640 10 292242 11 292845 10 293448 9
a102535b0e88374bea4a1cfd9ee7cb3822ff54f4ab2a9845d428ec22f9ee2288,331294 3 331896 5 332498 6 333101 6 333705 4
a102535b0e88374bea4a1cfd9ee7cb3822ff54f4ab2a9845d428ec22f9ee2288,334463 3 335066 5 335667 7 336270 7 336873 6 337476 4
a102535b0e88374bea4a1cfd9ee7cb3822ff54f4ab2a9845d428ec22f9ee2288,277192 3 277794 8 278396 10 278998 11 279600 12 280203 12 280807 11 281412 9 282016 7 282619 6 283223 2
a102535b0e88374bea4a1cfd9ee7cb3822ff54f4ab2a9845d428ec22f9ee2288,231321 2 231923 4 232525 6 233128 7 233730 9 234333 9 234936 8 235538 9 236141 9 236744 8 237347 7 237951 3
a102535b0e88374bea4a1cfd9ee7cb3822ff54f4ab2a9845d428ec22f9ee2288,324071 4 324673 6 325275 7 325878 7 326481 7 327085 6 327688 6 328292 4 328896 2
a102535b0e88374bea4a1cfd9ee7cb3822ff54f4ab2a9845d428ec22f9ee2288,362592 3 363194 5 363794 10 364396 11 364999 11 365602 11 366207 7 366811 6 367415 5
a102535b0e88374bea4a1cfd9ee7cb3822ff54f4ab2a9845d428ec22f9ee2288,304333 3 304935 5 305535 9 306137 10 306739 11 307341 12 307944 11 308547 7 309151 4
a102535b0e88374bea4a1cfd9ee7cb3822ff54f4ab2a9845d428ec22f9ee2288,357448 2 358050 4 358653 5 359256 6 359859 6 360463 4
a102535b0e88374bea4a1cfd9ee7cb3822ff54f4ab2a9845d428ec22f9ee2288,286275 4 286877 6 287480 6 288083 6 288687 4
a102535b0e88374bea4a1cfd9ee7cb3822ff54f4ab2a9845d428ec22f9ee2288,522031 4 522633 10 523236 14 523840 14 524443 15 525047 15 525650 16 526254 16 526858 16 527463 16 528068 15 528672 14 529276 14 529884 9 530488 8 531094 5 531699 2
a102535b0e88374bea4a1cfd9ee7cb3822ff54f4ab2a9845d428ec22f9ee2288,277729 6 278331 8 278933 9 279536 9 280139 9 280743 8 281346 8 281949 8 282553 6 283156 6 283760 5 284364 3
a102535b0e88374bea4a1cfd9ee7cb3822ff54f4ab2a9845d428ec22f9ee2288,255476 5 256078 7 256680 9 257282 10 257885 10 258488 10 259091 9 259694 8 260298 6 260902 4 261506 2
a102535b0e88374bea4a1cfd9ee7cb3822ff54f4ab2a9845d428ec22f9ee2288,208971 2 209572 5 210174 6 210776 6 211379 6 211983 4
a102535b0e88374bea4a1cfd9ee7cb3822ff54f4ab2a9845d428ec22f9ee2288,669552 3 670154 6 670757 7 671360 8 671962 9 672564 10 673166 11 673769 10 674371 10 674974 9 675576 10 676179 9 676782 9 677386 8 677989 7 678592 7 679195 7 679799 6 680403 5 681007 4 681611 2
a102535b0e88374bea4a1cfd9ee7cb3822ff54f4ab2a9845d428ec22f9ee2288,371057 7 371659 9 372262 9 372865 9 373469 8 374073 7 374677 5 375282 2
a102535b0e88374bea4a1cfd9ee7cb3822ff54f4ab2a9845d428ec22f9ee2288,269858 3 270459 7 271061 9 271663 10 272266 10 272869 9 273472 9 274075 8 274678 8 275282 6 275885 5 276489 3
a102535b0e88374bea4a1cfd9ee7cb3822ff54f4ab2a9845d428ec22f9ee2288,315635 3 316237 6 316840 8 317443 9 318046 9 318649 8 319252 7 319856 5 320461 2
a102535b0e88374bea4a1cfd9ee7cb3822ff54f4ab2a9845d428ec22f9ee2288,312169 5 312771 7 313373 9 313975 10 314577 11 315179 11 315782 10 316385 7 316989 5
a102535b0e88374bea4a1cfd9ee7cb3822ff54f4ab2a9845d428ec22f9ee2288,310153 2 310754 5 311356 6 311958 7 312561 7 313164 7 313767 7 314371 5
a102535b0e88374bea4a1cfd9ee7cb3822ff54f4ab2a9845d428ec22f9ee2288,387909 8 388509 14 389108 20 389709 24 390312 24 390914 26 391517 28 392120 29 392723 29 393329 26 393935 23 394540 3 394544 18 395148 17 395752 16 396357 14 396962 12 397567 10 398170 9 398775 7
a102535b0e88374bea4a1cfd9ee7cb3822ff54f4ab2a9845d428ec22f9ee2288,612181 2 612783 7 613386 8 613988 9 614590 10 615192 10 615794 11 616396 12 616998 12 617600 12 618202 12 618805 12 619407 13 620009 14 620611 15 621213 15 621816 14 622419 12 623023 9 623627 6 624230 5 624834 3
a102535b0e88374bea4a1cfd9ee7cb3822ff54f4ab2a9845d428ec22f9ee2288,284912 4 285513 8 286116 9 286718 10 287321 10 287924 9 288527 9 289130 5 289733 5 290336 5 290939 4 291543 3
a102535b0e88374bea4a1cfd9ee7cb3822ff54f4ab2a9845d428ec22f9ee2288,377327 7 377928 10 378529 12 379131 13 379734 13 380336 13 380939 13 381543 11 382147 9 382751 7 383356 3
a102535b0e88374bea4a1cfd9ee7cb3822ff54f4ab2a9845d428ec22f9ee2288,323428 4 324031 6 324633 7 325236 8 325838 9 326441 10 327044 11 327647 11 328249 12 328852 12 329455 12 330063 7 330667 6 331273 3
a102535b0e88374bea4a1cfd9ee7cb3822ff54f4ab2a9845d428ec22f9ee2288,277769 6 278369 10 278971 12 279574 12 280176 13 280779 13 281382 13 281985 13 282588 12 283191 11 283795 9 284399 7 285003 5
a102535b0e88374bea4a1cfd9ee7cb3822ff54f4ab2a9845d428ec22f9ee2288,283232 6 283834 8 284437 8 285039 8 285641 9 286243 9 286845 10 287448 10 288051 10 288655 9 289260 6 289864 3
a102535b0e88374bea4a1cfd9ee7cb3822ff54f4ab2a9845d428ec22f9ee2288,305349 5 305951 8 306554 9 307156 11 307759 12 308362 13 308965 13 309569 12 310173 11 310777 10 311381 9 311986 6
a102535b0e88374bea4a1cfd9ee7cb3822ff54f4ab2a9845d428ec22f9ee2288,295242 3 295844 5 296446 6 297049 6 297652 6 298255 6 298858 5 299462 3
a102535b0e88374bea4a1cfd9ee7cb3822ff54f4ab2a9845d428ec22f9ee2288,376101 3 376703 12 377305 14 377908 14 378511 13 379113 13 379716 12 380319 10 380924 8 381529 6 382133 4
a102535b0e88374bea4a1cfd9ee7cb3822ff54f4ab2a9845d428ec22f9ee2288,242092 5 242694 9 243297 10 243900 10 244503 10 245107 8 245711 5 246315 3
a102535b0e88374bea4a1cfd9ee7cb3822ff54f4ab2a9845d428ec22f9ee2288,688295 3 688895 8 689497 9 690100 10 690702 11 691304 12 691907 12 692510 12 693112 13 693715 13 694318 8 694923 4
a102535b0e88374bea4a1cfd9ee7cb3822ff54f4ab2a9845d428ec22f9ee2288,307331 5 307932 8 308534 9 309136 10 309739 10 310342 10 310946 8 311550 7 312154 6 312758 4
a102535b0e88374bea4a1cfd9ee7cb3822ff54f4ab2a9845d428ec22f9ee2288,288544 4 289146 7 289749 8 290352 9 290955 9 291559 9 292163 8 292767 7 293371 6 293976 3
a102535b0e88374bea4a1cfd9ee7cb3822ff54f4ab2a9845d428ec22f9ee2288,319186 4 319789 4 320391 5 320994 5 321597 4
a102535b0e88374bea4a1cfd9ee7cb3822ff54f4ab2a9845d428ec22f9ee2288,443649 9 444251 12 444854 21 445458 22 446061 23 446663 25 447265 26 447867 27 448470 27 449074 17 449094 5 449678 7
a102535b0e88374bea4a1cfd9ee7cb3822ff54f4ab2a9845d428ec22f9ee2288,449991 2 450589 10 451190 14 451792 16 452395 17 452997 19 453600 20 454203 20 454807 19 455411 17 456016 14 456621 11 457225 6 457829 3
a102535b0e88374bea4a1cfd9ee7cb3822ff54f4ab2a9845d428ec22f9ee2288,678670 4 679272 6 679874 7 680477 7 681080 8 681683 8 682285 9 682888 9 683491 9 684094 9 684697 8 685301 7 685904 7 686508 7 687111 8 687714 8 688317 8 688920 7 689524 6 690127 6 690731 6 691335 5 691939 4 692543 2
a102535b0e88374bea4a1cfd9ee7cb3822ff54f4ab2a9845d428ec22f9ee2288,349601 5 350203 7 350806 7 351409 6 352013 4
a102535b0e88374bea4a1cfd9ee7cb3822ff54f4ab2a9845d428ec22f9ee2288,540422 10 541023 13 541621 19 542222 21 542825 21 543428 21 544031 21 544635 19 545238 16 545841 14 546445 10
a102535b0e88374bea4a1cfd9ee7cb3822ff54f4ab2a9845d428ec22f9ee2288,324819 3 325421 5 326024 6 326626 8 327229 8 327831 9 328434 9 329038 9 329641 9 330245 8 330849 6 331454 2
a102535b0e88374bea4a1cfd9ee7cb3822ff54f4ab2a9845d428ec22f9ee2288,487064 6 487665 12 488267 15 488869 17 489472 19 490075 22 490679 22 491283 21 491888 18 492492 16 493096 14 493704 8 494311 3
a102535b0e88374bea4a1cfd9ee7cb3822ff54f4ab2a9845d428ec22f9ee2288,579010 5 579611 8 580213 10 580815 11 581417 12 582018 13 582617 17 583217 20 583819 21 584422 20 585024 17 585627 16 586229 6 586832 5 587436 3
a102535b0e88374bea4a1cfd9ee7cb3822ff54f4ab2a9845d428ec22f9ee2288,278899 2 279501 4 280103 6 280706 6 281309 6 281912 6 282514 7 283116 9 283718 10 284320 11 284923 10 285526 9 286130 6
a102535b0e88374bea4a1cfd9ee7cb3822ff54f4ab2a9845d428ec22f9ee2288,549473 3 550074 6 550670 14 551265 22 551866 24 552468 25 553069 27 553671 27 554274 25 554877 23 555480 22 556083 18 556687 15 557291 10 557899 4
a102535b0e88374bea4a1cfd9ee7cb3822ff54f4ab2a9845d428ec22f9ee2288,654035 3 654636 5 655237 7 655839 8 656442 8 657045 7 657649 2
a102535b0e88374bea4a1cfd9ee7cb3822ff54f4ab2a9845d428ec22f9ee2288,463837 3 464439 5 465041 6 465644 6 466247 6 466851 5 467454 5 468058 3
a102535b0e88374bea4a1cfd9ee7cb3822ff54f4ab2a9845d428ec22f9ee2288,324015 4 324617 6 325220 6 325823 6 326426 8 327029 8 327634 7 328237 8 328841 7 329445 6 330050 4
a102535b0e88374bea4a1cfd9ee7cb3822ff54f4ab2a9845d428ec22f9ee2288,650996 3 651598 5 652201 7 652805 7 653409 7 654013 6 654616 7 655214 3 655218 8 655817 13 656420 14 657023 15 657626 16 658229 17 658832 18 659435 18 660038 17 660641 17 661245 15 661850 13 662454 11 663057 10 663661 8 664265 5
a102535b0e88374bea4a1cfd9ee7cb3822ff54f4ab2a9845d428ec22f9ee2288,452714 8 453315 11 453918 13 454521 14 455124 15 455727 15 456331 14 456935 13 457539 11
a102535b0e88374bea4a1cfd9ee7cb3822ff54f4ab2a9845d428ec22f9ee2288,478907 3 479508 6 480110 7 480713 6 481316 6 481920 4 482524 2
a102535b0e88374bea4a1cfd9ee7cb3822ff54f4ab2a9845d428ec22f9ee2288,253565 2 254167 4 254770 5 255372 7 255975 9 256578 9 257182 8 257785 8 258388 8 258992 6 259596 5 260199 5 260803 3
a102535b0e88374bea4a1cfd9ee7cb3822ff54f4ab2a9845d428ec22f9ee2288,362260 8 362862 10 363465 10 364069 10 364673 9 365276 9 365880 8 366484 7 367088 5 367692 4 368296 2
a102535b0e88374bea4a1cfd9ee7cb3822ff54f4ab2a9845d428ec22f9ee2288,246304 3 246906 5 247508 6 248110 7 248713 8 249316 8 249919 9 250522 9 251126 7 251730 5
a102535b0e88374bea4a1cfd9ee7cb3822ff54f4ab2a9845d428ec22f9ee2288,426151 4 426754 6 427357 6 427961 5 428564 5 429168 4
a102535b0e88374bea4a1cfd9ee7cb3822ff54f4ab2a9845d428ec22f9ee2288,272955 9 273557 11 274159 12 274762 12 275365 12 275968 12 276571 12 277174 12 277777 11 278381 7
a102535b0e88374bea4a1cfd9ee7cb3822ff54f4ab2a9845d428ec22f9ee2288,392397 3 392993 11 393595 12 394198 12 394801 11 395405 10 396009 9 396613 7
a102535b0e88374bea4a1cfd9ee7cb3822ff54f4ab2a9845d428ec22f9ee2288,358592 4 359194 6 359797 6 360400 6 361004 4
a102535b0e88374bea4a1cfd9ee7cb3822ff54f4ab2a9845d428ec22f9ee2288,478046 2 478648 4 479251 4 479854 5 480457 5 481060 5 481663 4 482267 2
a102535b0e88374bea4a1cfd9ee7cb3822ff54f4ab2a9845d428ec22f9ee2288,342699 7 343301 10 343904 12 344507 13 345111 14 345714 16 346317 17 346921 18 347525 19 348131 18 348735 18 349339 18 349944 16 350548 16 351152 15 351757 13 352364 9 352968 7 353572 5 354177 2
a102535b0e88374bea4a1cfd9ee7cb3822ff54f4ab2a9845d428ec22f9ee2288,237942 2 238544 4 239146 5 239747 7 240349 8 240951 9 241554 9 242156 10 242759 10 243362 9 243965 9 244569 7 245173 2
a102535b0e88374bea4a1cfd9ee7cb3822ff54f4ab2a9845d428ec22f9ee2288,697884 5 698486 7 699089 8 699691 10 700294 11 700897 12 701500 12 702104 10 702708 8 703312 5
a102535b0e88374bea4a1cfd9ee7cb3822ff54f4ab2a9845d428ec22f9ee2288,348345 4 348947 6 349549 7 350152 7 350755 6 351359 5 351963 3
a102535b0e88374bea4a1cfd9ee7cb3822ff54f4ab2a9845d428ec22f9ee2288,675070 2 675672 4 676272 8 676874 9 677477 9 678080 9 678683 9 679285 11 679888 11 680490 12 681093 12 681697 11 682301 10 682905 9 683508 9 684111 10 684714 10 685318 8 685921 8 686525 6 687129 5 687732 5 688335 6 688938 6 689540 6 690142 6 690744 6 691346 6 691948 7 692551 6 693154 3
a102535b0e88374bea4a1cfd9ee7cb3822ff54f4ab2a9845d428ec22f9ee2288,299517 9 300119 11 300722 12 301325 12 301929 10 302533 8 303136 6 303740 4
a102535b0e88374bea4a1cfd9ee7cb3822ff54f4ab2a9845d428ec22f9ee2288,564830 3 565432 6 566035 8 566638 9 567242 9 567845 12 568449 15 569056 14 569660 15 570265 14 570874 9 571478 8 572084 4
a102535b0e88374bea4a1cfd9ee7cb3822ff54f4ab2a9845d428ec22f9ee2288,347770 3 348372 7 348974 10 349577 11 350180 12 350784 11 351387 10 351989 10 352591 10 353193 10 353796 8 354398 6 355000 6 355599 11 356201 13 356803 15 357406 15 358010 13 358614 11 359218 9 359824 3
a102535b0e88374bea4a1cfd9ee7cb3822ff54f4ab2a9845d428ec22f9ee2288,333306 7 333908 11 334510 13 335113 13 335716 13 336320 12 336924 10 337528 8 338132 5
a102535b0e88374bea4a1cfd9ee7cb3822ff54f4ab2a9845d428ec22f9ee2288,286201 5 286803 7 287406 7 288009 7 288612 7 289215 7 289818 7 290421 7 291024 7 291626 7 292229 7 292832 6 293436 4
a102535b0e88374bea4a1cfd9ee7cb3822ff54f4ab2a9845d428ec22f9ee2288,661060 5 661662 7 662265 8 662868 8 663471 8 664073 9 664675 10 665278 10 665880 10 666482 10 667085 10 667688 9 668291 9 668894 9 669497 8 670100 7 670703 6 671307 3
a102535b0e88374bea4a1cfd9ee7cb3822ff54f4ab2a9845d428ec22f9ee2288,407782 4 408385 9 408988 22 409591 22 410194 22 410797 24 411400 25 412003 8 412012 17 412607 26 413210 26 413814 25 414420 22 415023 22 415632 15 416240 6
a102535b0e88374bea4a1cfd9ee7cb3822ff54f4ab2a9845d428ec22f9ee2288,556993 2 557595 4 558198 5 558802 5 559405 6 560009 5 560612 7 561216 7 561820 7 562425 6 563029 7 563633 7 564237 7 564841 6 565445 6 566049 5 566652 5 567256 5 567860 5 568464 5 569070 2
a102535b0e88374bea4a1cfd9ee7cb3822ff54f4ab2a9845d428ec22f9ee2288,435523 10 436125 14 436728 16 437332 17 437936 17 438540 17 439146 14 439753 10 440359 6 440963 4
a102535b0e88374bea4a1cfd9ee7cb3822ff54f4ab2a9845d428ec22f9ee2288,682813 3 683415 7 684018 8 684622 7 685226 6 685830 4
a102535b0e88374bea4a1cfd9ee7cb3822ff54f4ab2a9845d428ec22f9ee2288,634502 2 635104 4 635706 5 636308 5 636910 5 637512 4 638113 5 638714 7 639316 8 639918 9 640520 9 641122 9 641725 8 642328 5 642932 2
a102535b0e88374bea4a1cfd9ee7cb3822ff54f4ab2a9845d428ec22f9ee2288,470492 2 470496 3 471089 14 471687 19 472288 22 472887 27 473489 29 474092 30 474694 31 475297 31 475900 31 476503 15 476520 13 477106 14 477124 11 477710 12 477728 10 478315 5 478332 8 478940 2
a102535b0e88374bea4a1cfd9ee7cb3822ff54f4ab2a9845d428ec22f9ee2288,412898 7 413500 10 414102 16 414705 20 415308 21 415911 21 416514 21 417118 19 417723 16
a102535b0e88374bea4a1cfd9ee7cb3822ff54f4ab2a9845d428ec22f9ee2288,459632 4 460232 10 460834 14 461437 15 462040 21 462643 22 463245 23 463848 23 464450 23 465053 23 465657 21 466260 22 466864 21 467467 20 468071 13 468683 3
a102535b0e88374bea4a1cfd9ee7cb3822ff54f4ab2a9845d428ec22f9ee2288,419527 4 420129 7 420732 9 421334 11 421937 14 422540 15 423143 15 423747 13 424352 10 424957 7
a102535b0e88374bea4a1cfd9ee7cb3822ff54f4ab2a9845d428ec22f9ee2288,277651 3 278253 6 278855 8 279457 10 280060 10 280663 11 281266 12 281869 12 282473 11 283076 10 283679 10 284283 8 284887 4
a102535b0e88374bea4a1cfd9ee7cb3822ff54f4ab2a9845d428ec22f9ee2288,433099 4 433701 6 434304 7 434908 6 435512 4
a102535b0e88374bea4a1cfd9ee7cb3822ff54f4ab2a9845d428ec22f9ee2288,388197 4 388799 10 389402 11 390005 11 390609 10 391213 8
a102535b0e88374bea4a1cfd9ee7cb3822ff54f4ab2a9845d428ec22f9ee2288,355376 4 355979 6 356582 8 357185 8 357789 9 358392 9 358995 9 359598 9 360201 8 360804 8 361410 5
a102535b0e88374bea4a1cfd9ee7cb3822ff54f4ab2a9845d428ec22f9ee2288,399016 4 399618 6 400220 7 400823 7 401426 6 402029 6 402633 5 403237 3
a102535b0e88374bea4a1cfd9ee7cb3822ff54f4ab2a9845d428ec22f9ee2288,363491 4 364093 5 364696 5 365299 5 365902 5 366506 4
a102535b0e88374bea4a1cfd9ee7cb3822ff54f4ab2a9845d428ec22f9ee2288,211367 6 211969 8 212572 8 213175 8 213779 7 214382 6 214986 4 215590 2
