a22b7882fa85b9f0fcef659a7b82bfcddf01710f9a7617a9e036e84ac6901841,62689 13 62943 16 63198 18 63453 19 63708 20 63964 21 64219 22 64475 23 64730 26 64986 27 65241 29 65497 29
a22b7882fa85b9f0fcef659a7b82bfcddf01710f9a7617a9e036e84ac6901841,10447 11 10701 15 10956 18 11211 20 11466 22 11721 24 11977 25 12233 26 12488 27 12745 27 13001 27 13257 28 13514 27 13771 26 14028 25 14284 25 14540 24 14796 24 15052 24 15308 23 15564 23 15821 21 16078 19 16335 17 16592 15 16851 10
a22b7882fa85b9f0fcef659a7b82bfcddf01710f9a7617a9e036e84ac6901841,39414 3 39666 8 39921 10 40177 11 40432 13 40688 13 40943 15 41199 16 41455 17 41711 17 41967 17 42223 17 42479 17 42735 17 42991 17 43247 17 43503 16 43759 16 44015 16 44271 15 44527 15 44784 14 45040 13 45297 11 45554 9 45811 6
a22b7882fa85b9f0fcef659a7b82bfcddf01710f9a7617a9e036e84ac6901841,10226 8 10481 10 10735 13 10990 14 11246 14 11502 15 11758 17 12013 19 12269 20 12525 20 12781 20 13038 19 13294 19 13550 19 13806 19 14063 17 14319 16 14576 14 14833 12 15091 9
a22b7882fa85b9f0fcef659a7b82bfcddf01710f9a7617a9e036e84ac6901841,59649 3 59905 4 60161 4 60417 4 60673 5 60929 6 61185 6 61441 6 61697 7 61953 6 62209 5 62465 4 62721 3 62977 2
a22b7882fa85b9f0fcef659a7b82bfcddf01710f9a7617a9e036e84ac6901841,33660 2 33914 7 34169 11 34424 21 34680 22 34936 22 35192 23 35448 24 35704 24 35960 25 36216 25 36472 25 36728 25 36984 25 37240 25 37497 24 37753 24 38009 24 38265 24 38521 23 38778 22 39035 20 39292 19 39550 16 39807 14 40064 12
a22b7882fa85b9f0fcef659a7b82bfcddf01710f9a7617a9e036e84ac6901841,38877 8 39130 13 39384 17 39638 19 39893 21 40148 22 40403 23 40659 23 40914 24 41170 25 41426 25 41681 26 41937 25 42193 25 42449 25 42705 25 42961 25 43218 23 43474 23 43730 23 43987 22 44243 22 44500 21 44757 20 45014 16 45271 4 45529 1
a22b7882fa85b9f0fcef659a7b82bfcddf01710f9a7617a9e036e84ac6901841,46080 1 46335 2 46589 4 46844 5 47099 6 47353 8 47608 9 47864 9 48119 10 48375 10 48630 11 48886 11 49142 11 49398 11 49654 11 49910 11 50166 11 50421 12 50677 12 50933 12 51189 12 51445 12 51702 11 51958 11 52215 10 52472 9 52728 9 52985 8
a22b7882fa85b9f0fcef659a7b82bfcddf01710f9a7617a9e036e84ac6901841,53 21 308 23 564 24 820 24 1076 25 1331 26 1587 26 1843 26 2099 26 2355 26 2611 26 2868 24 3124 23 3381 22 3638 20 3895 18 4152 16 4409 11 4666 9 4923 4
a22b7882fa85b9f0fcef659a7b82bfcddf01710f9a7617a9e036e84ac6901841,62983 4 63238 8 63493 10 63748 11 64004 12 64260 12 64516 12 64772 12 65028 12 65285 11
a22b7882fa85b9f0fcef659a7b82bfcddf01710f9a7617a9e036e84ac6901841,14253 3 14508 5 14764 5 15020 5 15277 3
a22b7882fa85b9f0fcef659a7b82bfcddf01710f9a7617a9e036e84ac6901841,27237 8 27492 10 27745 13 28000 15 28256 15 28512 16 28768 17 29024 18 29279 19 29535 19 29792 18 30048 18 30304 18 30560 18 30816 18 31073 17 31330 15 31587 13 31844 6
a22b7882fa85b9f0fcef659a7b82bfcddf01710f9a7617a9e036e84ac6901841,8725 3 8980 5 9236 5 9492 5 9749 3
a22b7882fa85b9f0fcef659a7b82bfcddf01710f9a7617a9e036e84ac6901841,62748 4 63003 6 63257 12 63512 14 63765 18 64020 20 64276 21 64532 22 64788 23 65044 24 65300 24
a22b7882fa85b9f0fcef659a7b82bfcddf01710f9a7617a9e036e84ac6901841,4639 3 4893 11 5148 14 5403 17 5658 19 5914 20 6170 21 6426 22 6681 23 6937 24 7193 24 7448 25 7704 25 7961 24 8217 24 8473 24 8729 24 8986 23 9242 23 9499 22 9756 21 10012 21 10269 19 10526 17 10786 10
a22b7882fa85b9f0fcef659a7b82bfcddf01710f9a7617a9e036e84ac6901841,510 3 765 4 1019 6 1273 8 1528 9 1783 10 2039 10 2295 10 2551 10 2808 9 3064 9 3321 8 3578 7 3834 7 4091 6 4348 5 4605 4 4864 1
a22b7882fa85b9f0fcef659a7b82bfcddf01710f9a7617a9e036e84ac6901841,24607 5 24859 11 25113 14 25368 16 25623 19 25879 20 26135 20 26390 21 26646 22 26902 22 27158 22 27414 22 27670 22 27927 20 28183 20 28439 20 28695 19 28952 18 29209 16 29466 14 29724 11 29982 6
a22b7882fa85b9f0fcef659a7b82bfcddf01710f9a7617a9e036e84ac6901841,27042 4 27295 10 27550 12 27805 14 28060 16 28315 18 28571 18 28827 18 29082 20 29338 20 29594 20 29851 18 30107 18 30363 18 30620 16 30876 16 31133 14 31390 11 31648 8
a22b7882fa85b9f0fcef659a7b82bfcddf01710f9a7617a9e036e84ac6901841,34531 7 34786 9 35042 9 35297 10 35553 9 35809 6 36065 6 36321 6 36577 6 36833 7 37090 6 37346 6 37603 4
a22b7882fa85b9f0fcef659a7b82bfcddf01710f9a7617a9e036e84ac6901841,221 21 477 21 733 21 988 22 1243 23 1498 24 1754 24 2010 24 2266 23 2522 22 2778 22 3035 20 3292 19 3549 17 3805 16 4062 12 4319 9
a22b7882fa85b9f0fcef659a7b82bfcddf01710f9a7617a9e036e84ac6901841,7674 3 7929 5 8185 5 8441 5 8698 3
a22b7882fa85b9f0fcef659a7b82bfcddf01710f9a7617a9e036e84ac6901841,44545 3 44801 4 45057 5 45313 6 45569 6 45825 7 46081 7 46337 7 46593 7 46849 7 47105 7 47361 7 47617 6 47873 6 48129 5 48385 5 48641 4 48897 3
a22b7882fa85b9f0fcef659a7b82bfcddf01710f9a7617a9e036e84ac6901841,60413 4 60667 6 60921 8 61175 10 61430 11 61686 11 61942 11 62198 11 62454 11 62710 11 62966 11 63223 10 63479 10 63738 3 63743 2 64000 1 64256 1 64512 1 64767 2 65022 3 65277 4 65532 5
a22b7882fa85b9f0fcef659a7b82bfcddf01710f9a7617a9e036e84ac6901841,22379 6 22633 9 22888 11 23143 12 23399 13 23654 14 23909 16 24164 17 24420 16 24676 16 24933 15 25189 14 25446 12 25703 8 25960 6
a22b7882fa85b9f0fcef659a7b82bfcddf01710f9a7617a9e036e84ac6901841,18113 4 18366 10 18621 12 18876 14 19131 16 19386 17 19642 17 19897 19 20153 19 20409 19 20665 19 20921 19 21178 18 21434 18 21690 17 21947 16 22203 15 22460 13 22717 11 22974 9 23233 3
a22b7882fa85b9f0fcef659a7b82bfcddf01710f9a7617a9e036e84ac6901841,3422 7 3675 13 3929 16 4183 19 4438 21 4694 22 4949 24 5205 25 5460 27 5716 28 5972 29 6229 28 6487 26 6744 26 7000 26 7256 26 7511 27 7765 29 8020 30 8276 30 8531 31 8787 30 9043 30 9299 30 9554 30 9810 30 10066 29 10322 28 10578 28 10834 10 10851 10 11091 6 11108 7 11365 5
a22b7882fa85b9f0fcef659a7b82bfcddf01710f9a7617a9e036e84ac6901841,185 25 441 25 698 23 954 23 1211 21 1467 20 1724 19 1981 17 2239 14 2496 11 2755 6
a22b7882fa85b9f0fcef659a7b82bfcddf01710f9a7617a9e036e84ac6901841,14938 7 15192 11 15447 13 15702 15 15958 16 16214 17 16469 19 16725 20 16981 20 17236 22 17492 22 17748 22 18004 22 18260 22 18516 21 18772 20 19028 20 19284 20 19540 21 19797 23 20053 24 20309 24 20565 24 20821 23 21078 22 21335 20 21591 19 21848 15 22105 11 22363 8 22624 2
a22b7882fa85b9f0fcef659a7b82bfcddf01710f9a7617a9e036e84ac6901841,59401 11 59656 13 59912 14 60167 16 60423 17 60679 17 60935 17 61191 17 61447 17 61704 16 61961 14 62218 13 62476 10
a22b7882fa85b9f0fcef659a7b82bfcddf01710f9a7617a9e036e84ac6901841,13928 3 14183 5 14439 5 14695 5 14952 3
a22b7882fa85b9f0fcef659a7b82bfcddf01710f9a7617a9e036e84ac6901841,7064 2 7316 8 7571 11 7825 15 8080 18 8335 20 8590 22 8845 24 9101 25 9356 26 9612 27 9868 27 10123 29 10379 29 10635 30 10891 30 11148 29 11405 28 11663 26 11920 25 12176 25 12432 25 12688 25 12943 26 13199 25 13455 24 13712 22 13968 22 14226 19 14483 18 14740 16 14997 15 15254 14 15511 12 15768 10 16024 8
