a31deaf0ac279d5f34fb2eca80cc2abce6ef30bd64e7aca40efe4b2ba8e9ad3d,34142 3 34397 4 34652 5 34907 7 35163 7 35418 8 35673 10 35929 10 36184 12 36440 14 36695 16 36951 16 37206 17 37462 17 37718 17 37973 18 38229 18 38485 18 38741 18 38997 18 39253 18 39509 18 39765 18 40021 17 40277 17 40533 17 40790 16 41046 15 41303 14 41560 12 41817 10 42074 8
a31deaf0ac279d5f34fb2eca80cc2abce6ef30bd64e7aca40efe4b2ba8e9ad3d,5251 5 5502 12 5756 14 6010 16 6265 8 6276 7 6521 7 6532 7 6777 5 6791 4 7034 5 7041 6 7048 3 7290 6 7297 6 7304 3 7547 16 7804 15 8062 12 8320 10 8577 9 8836 6
a31deaf0ac279d5f34fb2eca80cc2abce6ef30bd64e7aca40efe4b2ba8e9ad3d,5889 2 6145 2 6401 2 6657 2 6913 2 7169 2 7425 2 7681 2 7937 2 8193 2 8449 2 8705 2 8961 2
a31deaf0ac279d5f34fb2eca80cc2abce6ef30bd64e7aca40efe4b2ba8e9ad3d,68850 3 69105 4 69361 4 69617 3 69872 4 70128 3 70383 4 70639 4 70894 5 71149 6 71404 6 71660 6 71915 7 72170 8 72425 9 72680 10 72935 11 73190 12 73445 13 73701 13 73956 14 74211 15 74467 15 74723 15 74979 15 75235 15 75490 16 75746 16 76002 16 76258 17 76514 17 76770 16 77027 14 77283 13 77540 11 77796 10
a31deaf0ac279d5f34fb2eca80cc2abce6ef30bd64e7aca40efe4b2ba8e9ad3d,36400 3 36655 7 36673 1 36910 21 37164 23 37420 23 37676 24 37932 25 38188 26 38444 27 38700 28 38957 28 39213 28 39470 27 39727 26 39983 26 40240 25 40498 23 40755 20 41012 19 41269 18 41528 14 41785 13 42046 6
a31deaf0ac279d5f34fb2eca80cc2abce6ef30bd64e7aca40efe4b2ba8e9ad3d,59947 8 60200 12 60452 16 60707 17 60963 17 61219 16 61476 13
a31deaf0ac279d5f34fb2eca80cc2abce6ef30bd64e7aca40efe4b2ba8e9ad3d,18344 10 18599 13 18853 15 19109 16 19365 16 19621 17 19878 16 20134 16 20391 15 20647 15 20903 15 21160 13 21417 12 21673 11 21930 10 22189 6
a31deaf0ac279d5f34fb2eca80cc2abce6ef30bd64e7aca40efe4b2ba8e9ad3d,62382 10 62636 14 62891 17 63146 18 63401 19 63657 6 63668 9 63913 4 63926 7 64183 6 64440 5 64697 4 64954 3 65210 3
a31deaf0ac279d5f34fb2eca80cc2abce6ef30bd64e7aca40efe4b2ba8e9ad3d,20557 3 20813 4 21068 6 21323 8 21578 9 21833 10 22088 12 22343 13 22599 13 22855 13 23111 13 23367 13 23623 14 23879 14 24135 14 24391 14 24647 14 24903 13 25159 12 25416 10 25672 8 25928 8 26184 7 26441 6 26698 4 26955 3
a31deaf0ac279d5f34fb2eca80cc2abce6ef30bd64e7aca40efe4b2ba8e9ad3d,1453 6 1460 2 1709 11 1965 13 2222 14 2478 16 2735 17 2981 4 2992 17 3235 32 3491 33 3747 34 4003 34 4259 35 4516 35 4773 35 5029 35 5286 35 5543 35 5800 34 6056 35 6313 34 6569 34 6826 34 7083 34 7340 33 7597 32 7854 31 8111 30 8368 28 8625 27 8882 25 9140 22 9397 20 9654 17 9912 13 10169 11
a31deaf0ac279d5f34fb2eca80cc2abce6ef30bd64e7aca40efe4b2ba8e9ad3d,24662 7 24916 9 25171 10 25426 11 25680 13 25936 14 26191 15 26447 15 26703 15 26959 15 27215 15 27471 15 27727 15 27983 15 28240 14 28496 13 28753 12 29009 12 29266 10 29523 9 29780 7
a31deaf0ac279d5f34fb2eca80cc2abce6ef30bd64e7aca40efe4b2ba8e9ad3d,29812 10 30067 13 30322 16 30577 18 30833 19 31089 19 31344 21 31600 21 31856 22 32112 22 32367 23 32623 23 32879 23 33135 23 33391 23 33647 23 33903 23 34159 23 34415 23 34671 23 34927 23 35183 23 35440 21 35696 21 35952 21 36208 21 36464 20 36720 20 36976 20 37232 20 37489 19 37745 19 38002 18 38258 17 38515 16 38771 15 39028 13 39284 13 39541 10 39798 8
a31deaf0ac279d5f34fb2eca80cc2abce6ef30bd64e7aca40efe4b2ba8e9ad3d,29078 1 29334 1 29590 1 29846 1 30102 1 30358 1 30614 1 30870 1 31126 1 31382 1 31638 1 31894 2 32150 1 32406 3 32661 5 32916 6 33159 4 33171 7 33414 7 33425 10 33670 21 33926 21 34182 21 34438 21 34694 20 34950 20 35206 20 35461 21 35717 20 35973 20 36229 19 36484 19 36740 18 36996 17 37252 16 37510 12
a31deaf0ac279d5f34fb2eca80cc2abce6ef30bd64e7aca40efe4b2ba8e9ad3d,49156 4 49412 6 49668 8 49924 8 50180 8 50436 8 50692 8 50948 8 51204 8 51460 8 51717 4
a31deaf0ac279d5f34fb2eca80cc2abce6ef30bd64e7aca40efe4b2ba8e9ad3d,23692 5 23947 8 24202 9 24457 11 24713 11 24969 11 25225 12 25481 12 25737 12 25992 13 26248 13 26504 13 26760 14 27016 14 27272 14 27528 14 27784 14 28040 14 28296 14 28552 14 28808 14 29064 14 29320 14 29576 14 29832 14 30088 14 30344 14 30600 14 30856 14 31112 14 31368 14 31624 14 31880 14 32136 14 32393 13 32649 12 32905 11 33163 8 33421 4
a31deaf0ac279d5f34fb2eca80cc2abce6ef30bd64e7aca40efe4b2ba8e9ad3d,57485 18 57738 22 57992 25 58248 25 58503 26 58759 26 59015 26 59271 25 59527 14 59548 4 59783 13 59805 3 60039 11 60061 3 60295 10 60550 11 60806 10 61062 9 61318 9 61574 8 61830 8 62086 7 62342 7 62599 6 62855 5 63112 4 63368 4
a31deaf0ac279d5f34fb2eca80cc2abce6ef30bd64e7aca40efe4b2ba8e9ad3d,43521 6 43777 7 44033 7 44289 8 44545 8 44801 9 45057 9 45313 9 45569 10 45825 10 46082 10 46338 10 46594 10 46851 9 47107 9 47364 7
a31deaf0ac279d5f34fb2eca80cc2abce6ef30bd64e7aca40efe4b2ba8e9ad3d,60754 1 61010 2 61013 4 61265 12 61521 14 61776 18 62032 20 62287 22 62544 20 62800 20 63057 18 63314 17 63572 15 63830 12 64088 10 64351 3
a31deaf0ac279d5f34fb2eca80cc2abce6ef30bd64e7aca40efe4b2ba8e9ad3d,20324 7 20580 9 20835 11 21091 12 21347 13 21602 14 21858 14 22114 14 22369 16 22626 15 22883 14 23140 12 23397 11 23654 9
a31deaf0ac279d5f34fb2eca80cc2abce6ef30bd64e7aca40efe4b2ba8e9ad3d,67858 7 68111 13 68366 20 68619 26 68873 8 68882 12 68895 8 69127 25 69153 7 69383 35 69638 38 69893 40 70149 42 70404 44 70660 45 70916 46 71172 46 71428 47 71685 46 71941 46 72197 46 72454 45 72710 45 72967 44 73224 43 73481 42 73738 41 73995 39 74252 38 74510 35 74767 33 75025 30 75284 26 75541 23 75801 17
a31deaf0ac279d5f34fb2eca80cc2abce6ef30bd64e7aca40efe4b2ba8e9ad3d,66609 7 66865 8 67121 9 67377 11 67633 12 67889 13 68145 14 68402 15 68658 16 68915 16 69171 17 69427 18 69684 18 69941 18 70198 17 70454 18 70711 18 70968 17 71224 18 71481 17 71737 18 71994 17 72250 17 72506 18 72763 17 73019 17 73276 16 73532 16 73789 15 74046 15 74302 16 74559 15 74816 15 75073 14 75330 12 75588 10 75846 7
a31deaf0ac279d5f34fb2eca80cc2abce6ef30bd64e7aca40efe4b2ba8e9ad3d,23581 5 23835 9 24090 10 24346 12 24601 14 24857 14 25112 15 25368 16 25624 16 25880 17 26135 18 26391 19 26647 19 26903 20 27159 20 27416 20 27672 20 27928 20 28185 20 28441 20 28697 20 28954 19 29210 19 29466 19 29723 18 29979 17 30235 17 30492 15 30748 16 31005 15 31261 13 31518 11 31775 10 32032 8
a31deaf0ac279d5f34fb2eca80cc2abce6ef30bd64e7aca40efe4b2ba8e9ad3d,14593 11 14849 12 15105 12 15361 12 15617 11 15873 10 16129 9 16385 8 16641 8 16897 7 17153 6 17409 5 17665 4 17921 4 18177 4
a31deaf0ac279d5f34fb2eca80cc2abce6ef30bd64e7aca40efe4b2ba8e9ad3d,32461 11 32712 18 32967 21 33222 24 33478 25 33734 16 33753 8 33990 28 34246 30 34502 31 34758 3 34762 28 35014 33 35270 33 35526 34 35783 34 36039 5 36045 29 36296 34 36553 34 36810 33 37067 32 37323 32 37580 31 37838 29 38095 29 38352 28 38610 26 38866 27 39124 25 39382 23 39639 22 39897 21 40154 20 40411 19 40669 17 40926 16 41183 15 41440 14 41697 13 41954 11 42212 9 42470 5
a31deaf0ac279d5f34fb2eca80cc2abce6ef30bd64e7aca40efe4b2ba8e9ad3d,75946 12 76199 17 76453 21 76708 22 76963 24 77218 26 77473 28 77729 29 77985 30 78241 30 78497 30 78753 22 79009 19 79265 18 79522 15 79778 14 80035 11 80291 11 80548 9 80806 6 81063 5 81320 3
a31deaf0ac279d5f34fb2eca80cc2abce6ef30bd64e7aca40efe4b2ba8e9ad3d,24500 3 24755 6 25010 7 25266 8 25522 8 25778 8 26034 8 26290 8 26546 8 26801 9 27057 9 27312 10 27568 9 27824 9 28080 8 28336 7 28594 4
a31deaf0ac279d5f34fb2eca80cc2abce6ef30bd64e7aca40efe4b2ba8e9ad3d,25666 1 25922 1 26177 7 26425 16 26682 16 26702 1 26938 17 26958 1 27194 21 27450 21 27706 21 27962 21 28218 22 28473 23 28729 24 28986 21 29243 20 29499 19 29755 19 30011 19 30267 19 30523 19 30780 17 31037 16 31294 14 31551 13 31808 11 32064 11 32323 6
a31deaf0ac279d5f34fb2eca80cc2abce6ef30bd64e7aca40efe4b2ba8e9ad3d,28351 9 28606 12 28861 14 29115 18 29369 21 29624 22 29879 24 30135 24 30391 24 30647 23 30904 21 31161 18 31418 15 31675 12 31932 9 32188 6
a31deaf0ac279d5f34fb2eca80cc2abce6ef30bd64e7aca40efe4b2ba8e9ad3d,49288 13 49543 16 49799 17 50054 18 50309 19 50565 19 50820 20 51075 21 51330 21 51586 20 51841 21 52096 21 52351 20 52606 20 52862 19 53118 18 53375 16 53631 14 53887 11 54144 9
a31deaf0ac279d5f34fb2eca80cc2abce6ef30bd64e7aca40efe4b2ba8e9ad3d,47300 22 47553 31 47808 34 48062 37 48317 40 48572 41 48827 43 49082 44 49338 44 49594 44 49850 44 50106 44 50363 43 50620 42 50878 9 50897 20 51140 1 51155 18 51412 17 51669 15 51925 14 52181 12 52438 10 52694 8 52950 6
a31deaf0ac279d5f34fb2eca80cc2abce6ef30bd64e7aca40efe4b2ba8e9ad3d,58497 3 58753 3 59008 4 59264 4 59519 5 59774 6 60029 7 60273 2 60284 8 60529 19 60785 19 61041 18 61297 18 61554 17 61810 16 62067 15 62324 13 62580 12 62837 10 63095 6
a31deaf0ac279d5f34fb2eca80cc2abce6ef30bd64e7aca40efe4b2ba8e9ad3d,63428 5 63684 7 63939 9 64195 11 64451 12 64706 13 64962 13 65218 13 65474 13 65729 14 65985 14 66241 14 66496 15 66752 15 67008 15 67263 16 67519 16 67775 16 68030 17 68286 17 68542 17 68797 17 69053 17 69309 17 69565 17 69821 17 70081 12 70341 8 70600 5
a31deaf0ac279d5f34fb2eca80cc2abce6ef30bd64e7aca40efe4b2ba8e9ad3d,15170 10 15425 12 15680 14 15935 15 16190 17 16445 19 16701 22 16957 21 17212 22 17468 21 17724 21 17980 21 18236 21 18492 21 18748 21 19005 20 19261 20 19517 19 19773 19 20029 18 20285 17 20541 16 20798 15 21055 13 21311 12 21568 10 21825 8 22084 3
a31deaf0ac279d5f34fb2eca80cc2abce6ef30bd64e7aca40efe4b2ba8e9ad3d,247 10 502 11 758 10 1013 11 1269 11 1524 12 1779 12 2035 12 2290 13 2545 14 2801 13 3057 13 3313 12 3569 12 3825 12 4081 12 4338 10 4594 10 4850 9 5106 8 5362 8 5617 8 5873 8 6129 8 6385 7 6641 6 6897 5
a31deaf0ac279d5f34fb2eca80cc2abce6ef30bd64e7aca40efe4b2ba8e9ad3d,63033 11 63286 18 63541 20 63797 22 64053 24 64309 26 64565 27 64821 28 65077 29 65333 30 65589 31 65845 26 65872 5 66101 32 66357 34 66616 31 66873 31 67130 30 67388 30 67645 30 67902 29 68159 29 68417 27 68674 27 68931 26 69188 25 69445 25 69702 24 69959 23 70215 23 70472 22 70729 21 70985 21 71242 20 71499 19 71755 19 72011 19 72268 17 72524 16 72782 13 73040 11 73298 7
a31deaf0ac279d5f34fb2eca80cc2abce6ef30bd64e7aca40efe4b2ba8e9ad3d,20122 8 20377 11 20632 13 20888 14 21143 16 21398 17 21654 17 21909 19 22165 19 22420 20 22676 20 22932 20 23188 20 23444 20 23700 20 23956 19 24212 19 24468 19 24724 19 24980 19 25237 17 25493 17 25749 17 26005 16 26262 15 26518 15 26774 14 27030 14 27286 14 27542 13 27799 12 28055 11 28312 10 28568 8 28827 5
a31deaf0ac279d5f34fb2eca80cc2abce6ef30bd64e7aca40efe4b2ba8e9ad3d,30800 4 31055 6 31309 9 31565 10 31820 11 32076 12 32331 13 32587 14 32843 14 33098 15 33354 15 33609 16 33865 16 34121 15 34376 16 34632 15 34888 15 35143 16 35399 15 35654 15 35910 15 36166 15 36422 14 36678 14 36934 13 37191 11 37447 11 37703 10 37960 8 38217 5
a31deaf0ac279d5f34fb2eca80cc2abce6ef30bd64e7aca40efe4b2ba8e9ad3d,42640 12 42894 16 43149 19 43404 21 43659 24 43915 25 44170 27 44426 28 44682 29 44937 31 45193 32 45449 33 45705 33 45961 34 46217 34 46473 34 46729 34 46987 31 47243 31 47500 29 47756 27 48013 25 48270 22 48527 19 48785 14 49036 14 49301 2
a31deaf0ac279d5f34fb2eca80cc2abce6ef30bd64e7aca40efe4b2ba8e9ad3d,50887 10 51141 14 51396 16 51651 18 51906 19 52162 19 52418 20 52674 20 52930 20 53186 20 53442 20 53698 20 53954 21 54210 21 54466 21 54723 20 54979 20 55235 21 55492 20 55748 20 56005 19 56261 19 56517 19 56773 19 57029 19 57286 18 57542 18 57798 17 58055 16 58311 16 58567 16 58823 16 59080 14 59336 14 59592 14 59848 13 60105 12 60361 11 60618 9 60874 9 61130 8 61387 7 61643 6 61900 4
a31deaf0ac279d5f34fb2eca80cc2abce6ef30bd64e7aca40efe4b2ba8e9ad3d,23227 7 23483 9 23739 10 23995 10 24251 12 24507 12 24763 15 25020 16 25278 14 25534 14 25792 12 26049 11 26307 8 26564 6 26822 3
a31deaf0ac279d5f34fb2eca80cc2abce6ef30bd64e7aca40efe4b2ba8e9ad3d,65255 8 65509 12 65764 13 66020 14 66276 14 66532 14 66788 14 67044 14 67300 14 67556 14 67812 14 68068 14 68324 14 68580 14 68836 14 69092 13 69348 13 69604 13 69860 12 70115 13 70371 12 70627 12 70883 11 71139 10 71395 9
a31deaf0ac279d5f34fb2eca80cc2abce6ef30bd64e7aca40efe4b2ba8e9ad3d,30674 6 30927 12 31182 14 31435 18 31689 21 31945 22 32201 6 32211 13 32457 3 32472 8 32730 7 32988 6 33246 5 33503 4 33761 2 34018 1
a31deaf0ac279d5f34fb2eca80cc2abce6ef30bd64e7aca40efe4b2ba8e9ad3d,63842 1 64087 1 64098 1 64342 9 64354 1 64594 15 64610 1 64850 17 65106 17 65363 17 65620 17 65877 16 66133 16 66391 15 66647 15 66904 15 67160 15 67418 14 67675 14 67931 15 68188 15 68444 15 68701 14 68957 14 69213 12 69470 10 69726 9 69982 9 70238 8 70494 7 70750 7 71006 6 71262 6 71518 6 71774 5 72030 5 72285 6 72540 7 72795 8 73051 7 73305 9 73557 13 73814 12 74071 11 74327 12 74584 11 74840 11 75097 11 75353 11 75610 10 75867 10 76123 10 76381 9 76638 8 76896 6
a31deaf0ac279d5f34fb2eca80cc2abce6ef30bd64e7aca40efe4b2ba8e9ad3d,19206 1 19463 1 19719 1 19975 3 19980 4 20231 11 20487 12 20743 13 20998 15 21254 15 21510 16 21766 16 22021 17 22277 17 22533 17 22788 18 23044 18 23300 18 23553 21 23809 21 24065 20 24321 20 24577 19 24833 19 25089 19 25345 19 25601 18 25857 17 26113 16 26369 16 26625 15 26881 14 27138 11 27396 7
a31deaf0ac279d5f34fb2eca80cc2abce6ef30bd64e7aca40efe4b2ba8e9ad3d,35244 10 35496 18 35749 23 36003 27 36257 30 36512 32 36766 35 37021 37 37276 39 37532 40 37788 40 38044 40 38300 40 38556 40 38813 39 39069 39 39326 36 39583 35 39839 34 40097 31 40355 28 40612 24 40871 19 41130 16
a31deaf0ac279d5f34fb2eca80cc2abce6ef30bd64e7aca40efe4b2ba8e9ad3d,63663 5 63917 9 64171 12 64426 14 64680 17 64935 19 65190 20 65445 23 65700 24 65955 25 66210 26 66466 26 66720 28 66976 28 67231 29 67487 28 67743 28 67999 27 68255 26 68511 25 68768 23 69024 23 69280 23 69537 21 69794 16 70052 12 70310 8
a31deaf0ac279d5f34fb2eca80cc2abce6ef30bd64e7aca40efe4b2ba8e9ad3d,64524 12 64778 17 65033 20 65289 24 65544 27 65799 30 66054 34 66310 35 66566 36 66822 37 67078 38 67334 39 67590 39 67846 11 67865 21 68102 9 68124 19 68359 7 68386 13 68615 4 68645 10 68903 8 69161 6 69418 5
a31deaf0ac279d5f34fb2eca80cc2abce6ef30bd64e7aca40efe4b2ba8e9ad3d,13276 4 13530 8 13785 10 14040 12 14295 14 14551 15 14806 16 15061 18 15316 19 15572 19 15826 21 16081 22 16336 23 16590 25 16845 26 17099 28 17354 29 17609 30 17864 31 18120 31 18375 31 18630 32 18886 31 19142 31 19398 30 19654 29 19910 28 20166 27 20423 25 20679 24 20936 21 21192 20 21449 17 21707 12
a31deaf0ac279d5f34fb2eca80cc2abce6ef30bd64e7aca40efe4b2ba8e9ad3d,21218 6 21471 11 21725 14 21980 16 22235 18 22490 20 22745 22 23001 23 23256 24 23511 25 23766 27 24022 27 24277 29 24533 29 24789 29 25045 29 25301 29 25556 30 25812 30 26068 30 26324 30 26580 30 26836 30 27092 30 27348 30 27604 29 27860 29 28117 27 28373 26 28630 25 28886 24 29142 23 29399 20 29655 19 29912 7 29920 9 30169 15 30426 11 30684 7
a31deaf0ac279d5f34fb2eca80cc2abce6ef30bd64e7aca40efe4b2ba8e9ad3d,59541 7 59796 9 60050 11 60305 13 60561 14 60816 15 61071 16 61327 16 61582 17 61838 17 62093 18 62349 17 62605 17 62860 18 63116 18 63372 18 63627 19 63883 19 64139 19 64395 19 64651 18 64908 16 65164 16 65421 15 65677 15 65934 14 66190 14 66447 12 66703 12 66960 10 67217 9 67473 9 67731 6 67989 4
a31deaf0ac279d5f34fb2eca80cc2abce6ef30bd64e7aca40efe4b2ba8e9ad3d,29944 6 30196 12 30449 16 30703 18 30957 20 31210 23 31464 25 31719 26 31975 26 32230 27 32486 27 32742 27 32998 27 33255 3 33269 12 33527 5 33534 3 33784 9 34040 9 34297 8 34553 6
a31deaf0ac279d5f34fb2eca80cc2abce6ef30bd64e7aca40efe4b2ba8e9ad3d,197 29 454 28 711 27 969 23 1226 22 1484 20 1742 17 2000 14 2257 10
a31deaf0ac279d5f34fb2eca80cc2abce6ef30bd64e7aca40efe4b2ba8e9ad3d,15975 5 16230 7 16485 9 16741 10 16997 11 17252 13 17508 14 17764 15 18020 15 18276 16 18532 16 18788 16 19044 16 19301 15 19560 11
a31deaf0ac279d5f34fb2eca80cc2abce6ef30bd64e7aca40efe4b2ba8e9ad3d,49188 12 49440 19 49693 23 49947 25 50200 28 50454 29 50707 32 50961 32 51214 34 51468 33 51721 34 51975 34 52231 32 52486 31 52741 29 52997 28 53253 25 53509 20 53767 12 54025 7
a31deaf0ac279d5f34fb2eca80cc2abce6ef30bd64e7aca40efe4b2ba8e9ad3d,57089 5 57345 8 57601 9 57857 10 58113 10 58369 10 58625 10 58881 10 59137 10 59393 10 59649 10 59905 10 60161 9 60417 8 60673 6 60929 5 61185 3
a31deaf0ac279d5f34fb2eca80cc2abce6ef30bd64e7aca40efe4b2ba8e9ad3d,46973 5 47225 12 47477 17 47730 21 47984 17 48002 5 48239 24 48494 25 48749 26 49004 27 49259 28 49514 29 49769 20 49790 9 50024 21 50046 6 50279 29 50534 29 50789 30 51045 30 51300 24 51325 5 51555 24 51580 5 51811 22 51835 6 52066 23 52090 6 52322 29 52578 28 52834 14 52852 8 53090 13 53346 8 53603 3
a31deaf0ac279d5f34fb2eca80cc2abce6ef30bd64e7aca40efe4b2ba8e9ad3d,58018 4 58274 5 58529 6 58785 7 59041 7 59296 8 59552 8 59808 8 60064 8 60319 9 60575 9 60831 9 61087 8 61343 8 61599 8 61855 8 62111 7 62366 8 62622 8 62878 8 63134 7 63390 7 63646 6 63902 6 64158 6 64414 5 64670 5
a31deaf0ac279d5f34fb2eca80cc2abce6ef30bd64e7aca40efe4b2ba8e9ad3d,15920 8 16173 16 16427 18 16680 21 16934 23 17189 23 17443 25 17698 26 17953 27 18208 28 18463 29 18718 30 18974 31 19230 31 19486 31 19742 31 19998 31 20254 30 20511 17 20770 9 21031 2
a31deaf0ac279d5f34fb2eca80cc2abce6ef30bd64e7aca40efe4b2ba8e9ad3d,62310 7 62564 10 62820 11 63076 12 63331 14 63587 16 63843 17 64099 17 64355 18 64611 8 64620 10 64867 20 65123 20 65380 20 65637 10 65648 8 65893 19 66149 20 66406 19 66662 19 66919 18 67176 17 67433 16 67690 14 67947 13 68205 11 68463 7
a31deaf0ac279d5f34fb2eca80cc2abce6ef30bd64e7aca40efe4b2ba8e9ad3d,64726 8 64981 11 65236 12 65491 14 65746 16 66002 16 66257 18 66512 20 66768 20 67023 21 67279 21 67535 21 67791 21 68047 21 68303 21 68559 21 68814 22 69070 22 69326 22 69582 22 69838 22 70094 21 70350 21 70606 21 70862 21 71118 21 71374 21 71630 21 71886 21 72143 20 72399 19 72655 19 72912 17 73168 17 73424 16 73681 14 73938 12 74197 7
a31deaf0ac279d5f34fb2eca80cc2abce6ef30bd64e7aca40efe4b2ba8e9ad3d,78527 1 78775 11 79028 16 79283 19 79537 22 79792 25 80046 29 80302 30 80557 32 80812 34 81068 35 81323 37 81577 39 81834 39
a31deaf0ac279d5f34fb2eca80cc2abce6ef30bd64e7aca40efe4b2ba8e9ad3d,53144 7 53397 11 53650 14 53902 19 54156 21 54410 23 54665 24 54919 26 55175 26 55430 6 55437 20 55686 27 55941 28 56197 28 56453 28 56709 27 56965 26 57221 17 57477 8 57735 3
a31deaf0ac279d5f34fb2eca80cc2abce6ef30bd64e7aca40efe4b2ba8e9ad3d,18433 4 18689 4 18945 5 19201 5 19457 6 19713 6 19969 6 20225 6 20481 6 20737 6 20993 5 21249 5 21505 5 21761 5 22017 4 22273 4 22529 4 22785 3 23041 3 23297 3
a31deaf0ac279d5f34fb2eca80cc2abce6ef30bd64e7aca40efe4b2ba8e9ad3d,52848 4 53103 12 53354 18 53606 22 53859 26 54115 27 54370 29 54626 30 54881 32 55137 33 55393 33 55649 33 55905 33 56162 32 56418 35 56675 31 56931 31 57188 30 57444 30 57701 29 57958 28 58215 27 58472 25 58730 23 58987 21 59244 20 59502 17 59759 15 60017 12 60275 9
a31deaf0ac279d5f34fb2eca80cc2abce6ef30bd64e7aca40efe4b2ba8e9ad3d,30766 6 31020 11 31274 15 31529 18 31785 20 32040 23 32295 25 32550 27 32805 6 32812 21 33060 8 33069 21 33316 31 33572 31 33828 31 34084 32 34340 32 34597 31 34853 31 35111 29 35369 27 35626 26 35885 22 36143 20 36403 16 36662 11
a31deaf0ac279d5f34fb2eca80cc2abce6ef30bd64e7aca40efe4b2ba8e9ad3d,87 17 343 16 600 15 857 13 1114 11 1372 7
a31deaf0ac279d5f34fb2eca80cc2abce6ef30bd64e7aca40efe4b2ba8e9ad3d,72961 6 73217 7 73473 8 73729 9 73985 10 74241 11 74497 13 74753 14 75009 16 75265 19 75521 20 75778 21 76035 20 76291 20 76549 18 76806 17 77063 16 77320 15 77578 11
a31deaf0ac279d5f34fb2eca80cc2abce6ef30bd64e7aca40efe4b2ba8e9ad3d,40268 5 40524 7 40780 8 41036 8 41291 10 41546 12 41802 13 42057 14 42313 15 42569 15 42825 16 43081 16 43337 17 43593 17 43849 17 44104 18 44360 18 44616 18 44872 17 45128 17 45385 16 45641 16 45897 16 46153 16 46410 14 46667 13 46925 10 47183 5
a31deaf0ac279d5f34fb2eca80cc2abce6ef30bd64e7aca40efe4b2ba8e9ad3d,42364 9 42618 11 42872 14 43126 16 43381 18 43635 20 43888 23 44142 25 44396 27 44651 27 44906 28 45160 30 45416 29 45672 29 45928 29 46184 28 46440 28 46697 25 46953 20 47210 15 47467 10 47724 6
a31deaf0ac279d5f34fb2eca80cc2abce6ef30bd64e7aca40efe4b2ba8e9ad3d,69225 2 69480 6 69735 7 69991 7 70246 9 70501 10 70757 10 71012 11 71268 12 71524 12 71779 14 72035 14 72291 15 72547 15 72803 16 73058 17 73314 18 73570 19 73826 19 74082 20 74339 20 74595 21 74851 21 75108 21 75364 22 75620 22 75877 22 76133 23 76390 22 76646 23 76903 22 77160 21 77417 21 77674 20 77931 19 78188 18 78446 16 78703 15 78961 12 79219 9
a31deaf0ac279d5f34fb2eca80cc2abce6ef30bd64e7aca40efe4b2ba8e9ad3d,1640 6 1890 12 2143 15 2398 16 2653 17 2908 18 3162 20 3418 20 3674 20 3930 20 4186 20 4439 23 4695 23 4951 23 5206 25 5462 25 5718 25 5973 26 6228 27 6484 25 6740 24 6996 22 7253 20 7510 17 7769 10
a31deaf0ac279d5f34fb2eca80cc2abce6ef30bd64e7aca40efe4b2ba8e9ad3d,33260 9 33512 15 33764 20 34019 21 34276 21 34533 20 34790 21 35047 21 35303 26 35560 25 35817 24 36074 23 36330 23 36587 22 36843 22 37099 22 37355 22 37611 22 37867 22 38124 21 38381 20 38638 19 38895 18 39152 17 39408 17 39666 15 39923 14 40180 13 40437 12 40693 12 40950 11 41207 10 41463 10 41721 8 41978 7 42239 2
a31deaf0ac279d5f34fb2eca80cc2abce6ef30bd64e7aca40efe4b2ba8e9ad3d,61952 1 62208 1 62463 2 62718 3 62974 3 63229 4 63485 4 63740 5 63996 5 64251 6 64507 6 64763 6 65019 6 65274 7 65530 7 65786 7 66041 8 66297 8 66553 8 66808 9 67064 6 67320 3 67576 3
a31deaf0ac279d5f34fb2eca80cc2abce6ef30bd64e7aca40efe4b2ba8e9ad3d,77056 1 77311 2 77565 4 77821 4 78076 5 78331 6 78587 6 78842 7 79098 7 79353 8 79609 8 79864 9 80120 9 80375 10 80631 10 80887 10 81143 10 81399 10 81655 10 81911 10
a31deaf0ac279d5f34fb2eca80cc2abce6ef30bd64e7aca40efe4b2ba8e9ad3d,31588 12 31844 12 32099 13 32354 13 32610 13 32866 13 33122 13 33377 14 33633 14 33889 14 34145 14 34401 14 34657 14 34914 13 35170 13 35426 14 35683 13 35939 13 36196 12 36454 10 36713 6
a31deaf0ac279d5f34fb2eca80cc2abce6ef30bd64e7aca40efe4b2ba8e9ad3d,111 6 367 7 623 7 878 9 1134 9 1390 10 1646 10 1902 10 2158 10 2414 10 2670 10 2926 10 3182 10 3438 10 3694 10 3950 10 4206 10 4462 10 4718 10 4974 9 5231 8 5487 8 5744 6 6001 4
a31deaf0ac279d5f34fb2eca80cc2abce6ef30bd64e7aca40efe4b2ba8e9ad3d,23931 10 24184 14 24439 16 24695 16 24951 16 24968 1 25206 19 25462 19 25718 19 25973 19 26228 20 26484 20 26740 20 26996 20 27252 20 27508 20 27765 19 28022 17 28279 16 28535 15 28792 6
a31deaf0ac279d5f34fb2eca80cc2abce6ef30bd64e7aca40efe4b2ba8e9ad3d,15959 7 16213 11 16467 13 16723 13 16978 15 17234 16 17489 18 17745 18 18001 19 18257 19 18513 19 18769 19 19025 19 19281 19 19537 19 19793 19 20049 19 20305 19 20562 18 20818 17 21075 16 21331 16 21588 14 21845 13 22103 11 22361 8
a31deaf0ac279d5f34fb2eca80cc2abce6ef30bd64e7aca40efe4b2ba8e9ad3d,70532 6 70786 9 71042 12 71297 14 71552 18 71808 20 72064 21 72319 23 72575 24 72831 25 73087 26 73343 27 73599 28 73855 28 74112 28 74368 28 74625 28 74881 28 75137 28 75393 29 75650 28 75907 27 76164 27 76421 26 76678 24 76935 23 77192 22 77449 21 77705 21 77962 19 78220 17 78477 16 78734 14 78992 9
a31deaf0ac279d5f34fb2eca80cc2abce6ef30bd64e7aca40efe4b2ba8e9ad3d,20529 8 20779 15 21033 19 21287 22 21542 24 21798 24 22054 25 22310 25 22566 26 22822 26 23078 27 23334 27 23590 27 23846 27 24102 28 24358 28 24615 27 24871 27 25128 26 25385 25 25642 24 25900 22 26158 3 26164 13
a31deaf0ac279d5f34fb2eca80cc2abce6ef30bd64e7aca40efe4b2ba8e9ad3d,24171 4 24425 7 24679 10 24934 12 25189 14 25444 15 25699 17 25954 18 26209 19 26465 19 26721 19 26977 19 27233 19 27489 19 27745 19 28002 18 28259 17 28516 16 28774 14 29032 11 29289 9 29546 7
a31deaf0ac279d5f34fb2eca80cc2abce6ef30bd64e7aca40efe4b2ba8e9ad3d,7018 4 7273 5 7503 7 7527 8 7758 11 7779 12 8012 35 8267 36 8522 37 8778 37 9034 36 9290 34 9546 31 9802 29 10059 25 10315 23 10572 19 10829 15 11087 10 11344 7
a31deaf0ac279d5f34fb2eca80cc2abce6ef30bd64e7aca40efe4b2ba8e9ad3d,67070 3 67323 6 67579 6 67833 8 68088 9 68343 10 68598 11 68854 11 69109 12 69365 12 69620 13 69876 13 70131 14 70387 14 70643 14 70899 14 71155 14 71410 15 71666 15 71922 15 72178 15 72434 15 72690 15 72946 15 73202 15 73458 15 73714 15 73970 15 74226 15 74482 15 74738 15 74994 15 75250 15 75506 15 75762 15 76018 15 76275 14 76532 13 76788 13 77045 11 77303 7
a31deaf0ac279d5f34fb2eca80cc2abce6ef30bd64e7aca40efe4b2ba8e9ad3d,44544 1 44800 1 45056 1 45311 2 45567 2 45823 2 46079 2 46335 2 46591 2 46847 2 47103 2 47359 2 47615 2 47872 1 48128 1
a31deaf0ac279d5f34fb2eca80cc2abce6ef30bd64e7aca40efe4b2ba8e9ad3d,57584 9 57839 10 58094 13 58350 13 58605 15 58861 16 59117 16 59373 16 59629 16 59885 17 60140 18 60396 18 60652 18 60908 18 61164 18 61420 18 61676 18 61932 17 62188 17 62444 17 62700 17 62956 17 63212 17 63468 16 63724 16 63981 14 64238 12 64495 10
a31deaf0ac279d5f34fb2eca80cc2abce6ef30bd64e7aca40efe4b2ba8e9ad3d,11206 9 11457 15 11710 20 11965 22 12221 23 12476 24 12732 25 12987 26 13242 28 13497 29 13753 29 14009 29 14265 29 14521 29 14778 28 15034 27 15291 25 15548 24 15805 21 16062 19 16319 17 16577 13 16834 11 17096 2
a31deaf0ac279d5f34fb2eca80cc2abce6ef30bd64e7aca40efe4b2ba8e9ad3d,181 12 437 14 693 16 949 17 1205 18 1462 19 1720 18 1978 17 2236 16 2494 15 2752 13 3009 13 3267 11 3524 11 3781 11 4037 11 4294 11 4551 10 4808 9 5064 9 5321 8 5578 7 5834 6 6091 5 6347 4 6603 3
