a486f6ed4b8781e7883e433d06a83dd66db3e8b36d45b9976c4214820ee22629,332005 8 332522 13 333038 18 333555 22 334074 24 334594 25 335113 26 335632 27 336151 29 336671 29 337190 30 337710 30 338229 31 338749 31 339269 31 339789 30 340309 29 340829 28 341349 28 341869 27 342389 26 342909 25 343429 24 343949 23 344469 22 344989 21 345510 19 346030 18 346550 17 347071 15 347591 14 348112 12 348633 9
a486f6ed4b8781e7883e433d06a83dd66db3e8b36d45b9976c4214820ee22629,139674 7 140192 12 140711 16 141230 18 141749 21 142268 24 142787 26 143307 27 143827 28 144346 30 144866 31 145386 32 145906 33 146426 34 146946 35 147466 36 147986 37 148506 37 149025 39 149545 39 150066 39 150586 39 151106 40 151626 40 152146 40 152667 40 153187 40 153707 40 154227 40 154747 41 155268 40 155788 40 156309 39 156829 39 157349 39 157870 38 158390 38 158911 36 159431 36 159952 35 160472 34 160993 33 161514 31 162034 31 162555 29 163076 26 163597 23 164118 20 164639 17 165161 11
a486f6ed4b8781e7883e433d06a83dd66db3e8b36d45b9976c4214820ee22629,159850 3 160367 9 160885 13 161404 16 161923 18 162442 21 162962 22 163481 24 164001 25 164521 26 165041 27 165560 29 166080 30 166600 31 167120 32 167640 32 168161 32 168681 32 169201 33 169721 34 170241 34 170762 34 171282 35 171802 35 172322 36 172843 35 173363 36 173884 35 174404 35 174924 36 175445 35 175965 36 176486 35 177006 36 177527 35 178048 35 178568 35 179088 36 179609 35 180129 35 180650 34 181171 33 181691 34 182212 33 182733 32 183253 32 183774 31 184295 30 184815 30 185336 29 185857 28 186378 27 186899 25 187420 24 187941 23 188462 21 188983 19 189505 16 190027 13 190550 8
a486f6ed4b8781e7883e433d06a83dd66db3e8b36d45b9976c4214820ee22629,354669 5 355179 20 355696 26 356214 29 356733 31 357252 33 357771 35 358291 35 358811 36 359331 36 359851 37 360371 37 360891 37 361412 36
a486f6ed4b8781e7883e433d06a83dd66db3e8b36d45b9976c4214820ee22629,20161 2 20678 8 21197 11 21716 13 22236 14 22755 16 23275 17 23794 18 24314 19 24833 20 25353 21 25873 21 26393 22 26913 22 27433 23 27953 23 28473 23 28993 24 29513 24 30033 24 30554 23 31074 23 31594 24 32114 24 32635 23 33155 23 33675 23 34195 23 34716 22 35236 22 35757 21 36277 21 36797 21 37318 20 37838 20 38359 19 38879 19 39400 18 39920 17 40441 16 40962 14 41483 13 42004 11 42525 9 43047 6
a486f6ed4b8781e7883e433d06a83dd66db3e8b36d45b9976c4214820ee22629,245198 9 245716 14 246235 17 246755 18 247274 21 247793 23 248313 24 248833 25 249353 27 249873 28 250393 28 250914 28 251435 28 251955 29 252476 29 252996 30 253517 29 254037 30 254557 30 255077 31 255597 31 256117 31 256637 32 257157 32 257677 32 258197 32 258717 33 259238 32 259758 32 260278 32 260799 30 261319 30 261840 29 262361 28 262882 26 263403 25 263925 23 264446 21 264967 19 265490 15 266012 12 266534 9
a486f6ed4b8781e7883e433d06a83dd66db3e8b36d45b9976c4214820ee22629,79452 6 79967 16 80485 20 81004 23 81521 29 82033 3 82040 32 82552 41 83071 43 83591 43 84111 43 84631 42 85150 42 85669 41 86188 37 86707 37 87226 37 87746 36 88266 35 88786 34 89306 33 89826 32 90347 29 90868 26 91389 19 91912 13
a486f6ed4b8781e7883e433d06a83dd66db3e8b36d45b9976c4214820ee22629,226088 3 226603 10 227121 13 227639 16 228158 18 228677 19 229196 20 229715 21 230234 22 230754 22 231273 23 231793 23 232312 24 232832 24 233352 24 233872 24 234392 24 234911 25 235431 24 235951 24 236471 23 236991 23 237511 23 238031 23 238551 22 239071 22 239591 21 240111 21 240632 19 241152 19 241673 18 242193 17 242714 16 243234 15 243755 12 244277 9
a486f6ed4b8781e7883e433d06a83dd66db3e8b36d45b9976c4214820ee22629,211352 5 211868 12 212386 15 212902 20 213415 28 213932 32 214450 34 214967 37 215486 39 216004 41 216523 41 217042 42 217561 43 218080 43 218600 42 219119 43 219639 42 220159 41 220679 40 221199 40 221719 39 222239 38 222760 36 223280 35 223801 32 224323 27 224845 23 225368 17
a486f6ed4b8781e7883e433d06a83dd66db3e8b36d45b9976c4214820ee22629,103298 9 103811 21 104329 26 104845 33 105362 37 105880 40 106398 43 106916 46 107435 47 107954 49 108473 50 108992 51 109511 52 110030 54 110549 55 111069 55 111588 55 112108 55 112628 54 113148 54 113668 53 114188 53 114708 52 115228 51 115748 50 116268 49 116789 47 117309 45 117830 42 118351 40 118872 37 119393 33 119915 29 120437 22 120960 15
a486f6ed4b8781e7883e433d06a83dd66db3e8b36d45b9976c4214820ee22629,260254 5 260771 10 261286 16 261802 21 262321 24 262840 29 263359 32 263878 40 264397 42 264916 43 265436 44 265956 44 266477 43 266997 43 267518 42 268039 41 268561 40 269082 40 269604 39 270128 35 270650 33 271172 31 271693 29 272215 26 272737 2 272752 4
a486f6ed4b8781e7883e433d06a83dd66db3e8b36d45b9976c4214820ee22629,261068 2 261585 8 262103 12 262622 15 263142 16 263661 18 264181 19 264700 21 265220 22 265740 23 266260 24 266780 25 267300 25 267820 26 268341 26 268861 27 269381 28 269901 28 270421 29 270942 28 271462 29 271983 29 272503 29 273023 30 273544 29 274065 28 274585 28 275106 28 275627 27 276147 27 276668 26 277188 26 277709 25 278230 24 278750 24 279271 23 279792 22 280312 21 280833 20 281354 19 281875 17 282396 15 282917 14 283439 11 283961 7
a486f6ed4b8781e7883e433d06a83dd66db3e8b36d45b9976c4214820ee22629,83814 6 84331 10 84850 13 85369 15 85888 17 86408 18 86927 19 87446 21 87966 21 88486 22 89006 22 89526 22 90045 23 90565 23 91085 23 91605 23 92124 24 92644 24 93164 24 93684 24 94204 24 94724 24 95244 24 95764 24 96284 24 96804 24 97324 24 97844 24 98364 24 98884 24 99404 24 99924 24 100445 23 100965 23 101485 23 102006 21 102526 21 103047 20 103567 20 104088 18 104609 17 105130 16 105651 15 106172 14 106694 4 106701 4
a486f6ed4b8781e7883e433d06a83dd66db3e8b36d45b9976c4214820ee22629,314390 9 314909 13 315425 19 315944 22 316463 24 316982 27 317501 29 318021 30 318541 31 319061 32 319581 32 320101 33 320622 32 321142 33 321663 32 322183 32 322703 33 323224 32 323745 31 324265 31 324786 29 325307 28 325828 26 326349 24 326870 22 327392 19 327913 16 328435 13 328959 5
a486f6ed4b8781e7883e433d06a83dd66db3e8b36d45b9976c4214820ee22629,349740 4 350257 8 350774 15 351292 18 351810 21 352328 24 352847 25 353366 26 353885 27 354404 27 354923 28 355442 29 355961 30 356481 29 357000 30 357519 30 358038 31 358558 30 359077 31 359597 30 360116 31 360636 30 361155 30 361675 29
a486f6ed4b8781e7883e433d06a83dd66db3e8b36d45b9976c4214820ee22629,181995 6 182511 10 183029 12 183546 15 184064 17 184582 19 185100 21 185617 24 186136 25 186654 27 187172 29 187691 30 188210 31 188728 33 189247 34 189766 35 190285 36 190804 37 191323 38 191842 39 192361 40 192880 41 193400 41 193920 41 194440 41 194960 39 195481 37 196003 33 196533 20 197056 11
a486f6ed4b8781e7883e433d06a83dd66db3e8b36d45b9976c4214820ee22629,348037 2 348556 4 349075 11 349593 14 350112 15 350631 16 351150 18 351669 19 352188 20 352706 21 353225 22 353744 23 354262 24 354781 24 355300 24 355819 24 356338 25 356858 24 357377 24 357897 22 358416 22 358931 26 359450 26 359968 27 360487 26 361006 26 361526 25
a486f6ed4b8781e7883e433d06a83dd66db3e8b36d45b9976c4214820ee22629,335908 6 336426 11 336944 15 337463 17 337982 19 338501 20 339020 21 339540 21 340060 21 340579 22 341099 22 341619 22 342139 22 342659 22 343179 22 343699 22 344219 22 344739 22 345259 22 345779 22 346300 21 346820 21 347340 21 347860 21 348381 20 348901 20 349422 19 349942 19 350463 18 350983 18 351504 17 352024 17 352545 16 353066 15 353587 14 354107 14 354628 13 355149 12 355669 12 356190 11 356711 10 357232 9 357753 8 358275 6 358796 5 359318 3 359839 2 360359 2 360879 2 361399 2 361919 2
a486f6ed4b8781e7883e433d06a83dd66db3e8b36d45b9976c4214820ee22629,261212 9 261729 18 262248 21 262767 24 263286 26 263806 26 264326 27 264846 27 265366 27 265887 26 266407 26 266928 24 267449 23 267970 22 268492 19 269015 15 269539 9
a486f6ed4b8781e7883e433d06a83dd66db3e8b36d45b9976c4214820ee22629,120785 6 121303 11 121822 14 122341 16 122860 18 123380 21 123899 23 124418 25 124938 26 125458 27 125978 28 126498 29 127018 30 127538 31 128058 32 128578 33 129099 33 129619 34 130139 35 130659 35 131179 36 131700 36 132220 36 132740 37 133261 37 133781 37 134301 38 134821 38 135341 39 135862 38 136382 39 136903 38 137424 37 137945 36 138465 37 138986 36 139507 35 140028 34 140549 33 141070 32 141591 31 142113 29 142634 27 143155 26 143677 23 144201 18 144723 15 145247 10 145770 3
a486f6ed4b8781e7883e433d06a83dd66db3e8b36d45b9976c4214820ee22629,145169 7 145687 11 146205 14 146724 16 147243 18 147762 20 148281 21 148801 22 149320 23 149839 25 150359 25 150878 26 151398 26 151917 27 152437 27 152957 27 153476 28 153996 28 154516 28 155035 29 155555 29 156075 29 156594 30 157114 30 157634 29 158154 29 158674 29 159194 29 159714 29 160234 28 160754 28 161274 28 161795 26 162315 26 162835 26 163355 25 163876 24 164396 23 164916 23 165437 21 165957 21 166478 19 166998 17 167519 15 168040 13 168561 10 169084 6
a486f6ed4b8781e7883e433d06a83dd66db3e8b36d45b9976c4214820ee22629,315361 7 315878 13 316396 16 316915 17 317433 20 317951 22 318470 24 318988 26 319507 27 320026 28 320545 29 321064 30 321583 31 322102 32 322621 32 323140 33 323660 32 324179 33 324698 34 325217 34 325737 34 326256 34 326775 34 327295 34 327815 33 328334 34 328854 33 329373 34 329893 33 330412 34 330932 35 331452 35 331971 34 332491 31 333011 27 333531 24 334051 23 334571 23 335091 22 335611 21 336131 20 336651 20 337172 18 337692 18 338213 16 338734 15 339255 14 339776 8 339787 2
a486f6ed4b8781e7883e433d06a83dd66db3e8b36d45b9976c4214820ee22629,301168 6 301687 9 302206 11 302725 12 303244 14 303763 16 304283 17 304803 17 305322 19 305842 19 306362 19 306882 20 307402 20 307922 21 308442 21 308962 21 309482 22 310002 22 310522 22 311042 23 311562 23 312082 23 312602 23 313122 23 313642 23 314162 23 314683 22 315203 22 315723 22 316243 22 316764 20 317284 20 317804 20 318324 20 318844 19 319365 18 319885 18 320406 16 320927 14 321448 12 321970 9 322491 6
a486f6ed4b8781e7883e433d06a83dd66db3e8b36d45b9976c4214820ee22629,32690 3 33209 5 33729 6 34249 6 34770 5 35291 4 35811 4 36332 2
a486f6ed4b8781e7883e433d06a83dd66db3e8b36d45b9976c4214820ee22629,169152 4 169669 10 170186 14 170705 16 171224 17 171743 19 172262 20 172780 23 173299 24 173819 24 174338 25 174857 26 175377 26 175896 28 176415 29 176935 29 177454 30 177974 30 178493 31 179013 31 179532 32 180052 32 180572 32 181092 31 181611 32 182131 32 182651 31 183171 30 183691 30 184211 29 184731 29 185251 28 185771 27 186291 27 186811 26 187331 25 187851 25 188371 24 188891 23 189412 20 189932 19 190453 17 190973 16 191494 13 192015 10 192538 3
a486f6ed4b8781e7883e433d06a83dd66db3e8b36d45b9976c4214820ee22629,328131 8 328650 11 329168 15 329687 18 330206 20 330726 21 331246 22 331766 22 332285 24 332805 25 333325 25 333845 26 334365 26 334885 27 335405 27 335925 27 336445 28 336965 28 337486 27 338006 27 338527 26 339048 24 339569 22 340090 20 340610 18 341131 5 341139 7
a486f6ed4b8781e7883e433d06a83dd66db3e8b36d45b9976c4214820ee22629,208142 6 208656 23 209174 27 209692 31 210211 34 210730 36 211250 37 211769 39 212288 41 212808 41 213328 42 213848 42 214367 43 214887 43 215407 43 215927 42 216447 42 216967 41 217487 41 218008 39 218528 38 219049 36 219570 34 220091 32 220613 28 221135 24 221658 19 222182 11
a486f6ed4b8781e7883e433d06a83dd66db3e8b36d45b9976c4214820ee22629,356014 3 356532 8 357051 13 357571 14 358090 15 358609 16 359128 17 359647 19 360167 19 360686 20 361206 20 361726 20
a486f6ed4b8781e7883e433d06a83dd66db3e8b36d45b9976c4214820ee22629,119051 9 119567 15 120086 17 120606 17 121125 19 121642 23 122161 24 122680 26 123199 27 123718 29 124238 29 124757 30 125276 31 125795 32 126315 32 126834 33 127354 34 127874 34 128393 35 128912 35 129432 35 129951 36 130471 36 130990 37 131510 37 132030 37 132550 37 133070 36 133589 37 134109 36 134629 36 135150 34 135670 34 136190 33 136710 33 137230 32 137750 31 138270 30 138790 29 139310 29 139830 28 140350 27 140871 25 141391 24 141912 22 142434 19 142955 17 143476 13 143997 6
a486f6ed4b8781e7883e433d06a83dd66db3e8b36d45b9976c4214820ee22629,50757 6 51275 10 51794 12 52313 14 52833 15 53352 17 53871 19 54391 19 54911 20 55430 21 55950 22 56470 22 56989 24 57509 24 58029 24 58549 24 59069 24 59589 25 60109 25 60629 25 61148 26 61668 26 62187 27 62707 28 63227 28 63747 28 64267 28 64787 28 65307 28 65827 28 66346 29 66866 29 67386 29 67906 29 68426 29 68946 29 69467 28 69987 27 70507 27 71027 27 71548 25 72068 25 72589 23 73110 21 73630 20 74150 18 74671 16 75192 13 75712 12 76233 10 76755 7 77276 3
a486f6ed4b8781e7883e433d06a83dd66db3e8b36d45b9976c4214820ee22629,336328 4 336334 2 336846 11 337363 15 337882 16 338401 18 338919 21 339438 22 339957 24 340476 26 340995 27 341515 27 342034 28 342553 29 343072 30 343591 31 344110 32 344630 32 345149 33 345669 32 346188 33 346708 33 347227 34 347746 34 348266 34 348786 34 349305 35 349825 34 350345 34 350865 33 351384 34 351904 33 352424 33 352944 33 353464 32 353984 32 354504 31 355024 31 355544 30 356064 29 356584 29 357104 28 357624 27 358145 25 358665 24 359185 23 359706 21 360227 18 360748 16 361269 14 361790 13
a486f6ed4b8781e7883e433d06a83dd66db3e8b36d45b9976c4214820ee22629,13567 6 14084 11 14603 13 15122 15 15641 17 16161 18 16680 20 17200 21 17719 22 18239 23 18759 23 19278 25 19798 25 20318 26 20838 26 21358 26 21878 27 22398 27 22918 27 23438 28 23958 28 24478 28 24998 28 25519 28 26039 28 26559 29 27079 29 27600 29 28121 28 28641 28 29161 29 29682 28 30202 28 30723 27 31243 28 31764 27 32285 26 32806 25 33327 24 33848 23 34369 21 34890 20 35411 19 35932 17 36453 16 36974 14 37497 9 38020 4
a486f6ed4b8781e7883e433d06a83dd66db3e8b36d45b9976c4214820ee22629,36337 14 36856 17 37375 20 37895 21 38415 22 38935 23 39455 24 39975 24 40495 24 41015 24 41535 24 42055 24 42576 23 43097 22 43618 21 44140 19 44661 18 45182 16 45703 15 46223 14 46743 14 47264 12 47785 11 48305 11 48826 10 49348 8 49870 5
a486f6ed4b8781e7883e433d06a83dd66db3e8b36d45b9976c4214820ee22629,295247 21 295761 29 296279 34 296795 40 297314 42 297832 45 298351 47 298870 49 299389 50 299908 51 300427 52 300947 52 301466 53 301986 53 302506 52 303026 51 303546 50 304066 50 304587 48 305107 46 305628 44 306149 42 306670 40 307191 38 307712 35 308234 31 308757 24 309283 11
a486f6ed4b8781e7883e433d06a83dd66db3e8b36d45b9976c4214820ee22629,282877 4 283395 6 283914 7 284433 8 284952 9 285471 10 285990 11 286509 12 287029 12 287549 12 288069 12 288589 12 289108 13 289628 13 290148 13 290668 13 291188 13 291708 13 292228 13 292748 13 293268 13 293788 13 294308 13 294828 13 295349 12 295869 12 296389 12 296909 12 297430 11 297950 11 298470 11 298991 10 299512 9 300032 9 300553 8 301074 7 301594 7 302115 6 302636 5 303157 4 303678 3
a486f6ed4b8781e7883e433d06a83dd66db3e8b36d45b9976c4214820ee22629,285 47 805 47 1325 47 1846 46 2367 45 2889 43 3410 41 3932 39 4453 37 4975 34 5497 31 6019 27 6542 22 7070 12
a486f6ed4b8781e7883e433d06a83dd66db3e8b36d45b9976c4214820ee22629,327212 3 327729 10 328247 13 328765 16 329284 18 329802 21 330321 23 330840 25 331359 26 331878 27 332397 28 332916 30 333436 30 333955 31 334474 32 334993 33 335513 33 336032 34 336552 34 337071 35 337591 34 338110 35 338630 35 339150 35 339670 34 340190 34 340709 35 341229 34 341749 33 342269 33 342789 33 343309 32 343829 31 344350 29 344870 28 345390 27 345911 25 346431 23 346952 21 347473 18 347995 14 348520 6
a486f6ed4b8781e7883e433d06a83dd66db3e8b36d45b9976c4214820ee22629,111711 3 112230 5 112749 7 113267 10 113785 13 114304 14 114822 17 115341 18 115860 19 116380 19 116900 19 117419 20 117938 21 118458 21 118977 23 119497 23 120016 24 120536 24 121055 25 121575 25 122094 26 122614 25 123133 26 123653 26 124172 27 124692 27 125211 27 125731 27 126251 27 126771 26 127290 27 127810 26 128330 26 128850 26 129370 25 129890 25 130410 25 130930 24 131451 23 131971 23 132491 23 133011 23 133531 23 134052 21 134572 21 135092 21 135613 19 136133 19 136653 18 137174 17 137694 16 138215 14 138736 12 139257 9 139779 5
a486f6ed4b8781e7883e433d06a83dd66db3e8b36d45b9976c4214820ee22629,62419 6 62938 9 63457 11 63976 14 64495 16 65015 17 65534 19 66054 20 66574 21 67094 22 67614 23 68134 24 68654 25 69174 26 69694 27 70214 28 70735 28 71255 28 71775 29 72295 30 72816 30 73336 30 73856 31 74377 31 74897 31 75418 31 75938 31 76459 31 76979 31 77500 31 78020 31 78541 30 79062 30 79582 30 80103 29 80624 29 81145 28 81665 28 82186 27 82706 28 83227 27 83747 27 84268 26 84788 26 85309 25 85829 25 86350 24 86870 24 87391 23 87911 23 88432 21 88953 20 89473 20 89994 18 90515 17 91036 15 91557 13 92078 11 92599 8
a486f6ed4b8781e7883e433d06a83dd66db3e8b36d45b9976c4214820ee22629,261984 5 262500 11 263019 14 263537 17 264055 20 264573 22 265092 23 265610 26 266129 27 266647 29 267166 30 267685 31 268203 32 268722 33 269241 34 269759 35 270278 36 270797 37 271316 37 271835 38 272354 38 272874 38 273393 38 273913 38 274432 38 274952 37 275471 37 275991 37 276511 36 277031 35 277550 35 278070 34 278590 33 279111 31 279631 30 280151 29 280671 27 281192 24 281713 22 282234 19 282755 15 283277 10
a486f6ed4b8781e7883e433d06a83dd66db3e8b36d45b9976c4214820ee22629,221338 6 221856 11 222373 17 222892 19 223410 22 223929 24 224448 26 224967 28 225486 30 226006 30 226525 32 227044 33 227564 33 228083 34 228603 35 229123 35 229642 36 230162 36 230682 35 231202 35 231721 36 232241 36 232761 36 233281 36 233801 36 234321 35 234841 35 235361 35 235881 34 236401 34 236921 34 237441 34 237962 33 238482 32 239002 31 239523 30 240043 29 240564 28 241084 28 241605 26 242126 25 242647 23 243167 22 243688 20 244209 18 244730 16 245252 12 245776 6
a486f6ed4b8781e7883e433d06a83dd66db3e8b36d45b9976c4214820ee22629,279039 12 279556 17 280075 19 280594 21 281113 23 281633 24 282152 25 282672 26 283191 27 283711 27 284231 28 284751 28 285271 28 285791 28 286311 28 286831 27 287351 27 287872 25 288392 25 288912 26 289432 26 289953 25 290473 25 290993 25 291514 24 292034 24 292555 23 293075 23 293596 22 294117 21 294638 19 295160 17 295681 15 296202 14 296723 12 297245 9 297767 6
a486f6ed4b8781e7883e433d06a83dd66db3e8b36d45b9976c4214820ee22629,165793 10 166310 16 166827 22 167346 26 167864 30 168383 32 168903 33 169422 35 169942 35 170461 36 170980 37 171500 38 172019 39 172539 40 173059 40 173579 40 174099 39 174618 39 175137 40 175656 40 176176 38 176696 36 177215 35 177735 33 178255 22 178775 20 179296 18 179816 16 180336 15 180857 13 181378 9
a486f6ed4b8781e7883e433d06a83dd66db3e8b36d45b9976c4214820ee22629,111801 2 112321 3 112841 6 113361 7 113881 8 114401 9 114921 10 115441 11 115961 12 116481 13 117001 14 117521 16 118041 17 118561 18 119081 18 119601 19 120121 19 120641 20 121161 20 121681 21 122201 21 122721 21 123241 22 123761 23 124281 23 124801 24 125321 24 125841 24 126361 25 126881 25 127401 25 127921 26 128441 26 128961 26 129481 27 130004 24 130525 23 131046 22 131566 22 132087 21 132608 20 133128 20 133648 20 134169 19 134689 19 135210 17 135730 17 136251 15 136772 13 137293 11 137815 8
a486f6ed4b8781e7883e433d06a83dd66db3e8b36d45b9976c4214820ee22629,182006 12 182522 19 183041 22 183561 25 184081 26 184601 27 185121 28 185641 29 186161 30 186681 31 187201 31 187721 32 188241 32 188761 33 189281 33 189801 33 190321 33 190841 33 191361 33 191881 32 192401 32 192921 31 193441 30 193961 29 194481 28 195001 26 195521 23 196041 20 196562 14
a486f6ed4b8781e7883e433d06a83dd66db3e8b36d45b9976c4214820ee22629,43639 2 44159 6 44679 7 45198 10 45718 11 46237 13 46757 14 47276 15 47796 16 48316 16 48836 17 49356 17 49875 18 50394 19 50914 20 51434 20 51954 20 52475 19 52996 18 53517 16 54038 15 54558 14 55079 12 55601 9 56123 7 56645 6 57166 6 57687 5 58207 5 58728 3
a486f6ed4b8781e7883e433d06a83dd66db3e8b36d45b9976c4214820ee22629,285594 2 286112 7 286631 10 287150 12 287669 14 288188 16 288707 17 289227 18 289746 19 290266 20 290786 20 291306 20 291826 21 292346 21 292866 21 293387 20 293907 21 294428 20 294948 20 295468 20 295988 20 296509 19 297029 19 297550 17 298071 15 298592 14 299113 13 299633 12 300153 11 300674 9 301196 2
a486f6ed4b8781e7883e433d06a83dd66db3e8b36d45b9976c4214820ee22629,315642 8 316161 10 316681 12 317201 13 317721 13 318241 14 318761 14 319281 15 319801 15 320321 15 320841 15 321361 15 321881 15 322401 14 322921 13 323441 12 323961 10 324481 9 325001 8 325521 7 326041 5 326561 4 327081 2
a486f6ed4b8781e7883e433d06a83dd66db3e8b36d45b9976c4214820ee22629,241988 2 242504 12 243022 17 243540 20 244059 22 244578 24 245098 25 245617 26 246137 27 246657 27 247177 27 247697 27 248217 27 248738 26 249259 25 249780 24 250301 22 250822 20 251343 18 251866 13 252393 3
a486f6ed4b8781e7883e433d06a83dd66db3e8b36d45b9976c4214820ee22629,284595 8 284607 2 285111 20 285629 24 286148 27 286667 29 287186 33 287705 36 288224 39 288744 40 289264 41 289784 41 290304 42 290824 43 291344 43 291864 44 292385 43 292905 43 293425 43 293946 42 294467 41 294990 38 295511 36 296032 35 296555 32 297078 28 297600 25 298122 22 298646 16 299169 11
a486f6ed4b8781e7883e433d06a83dd66db3e8b36d45b9976c4214820ee22629,234629 3 235142 12 235661 15 236181 20 236701 21 237220 23 237738 26 238256 29 238775 31 239294 32 239813 33 240332 35 240852 35 241372 36 241891 37 242411 37 242931 37 243451 37 243971 38 244491 38 245012 37 245532 37 246052 38 246572 38 247092 38 247612 38 248132 38 248653 36 249173 36 249693 36 250214 36 250734 36 251254 35 251775 34 252296 33 252816 32 253337 31 253858 29 254378 29 254899 28 255421 25 255942 23 256463 21 256985 18 257507 15 258030 11 258554 2
a486f6ed4b8781e7883e433d06a83dd66db3e8b36d45b9976c4214820ee22629,26686 7 27200 17 27717 23 28235 27 28754 29 29273 32 29793 33 30312 35 30832 36 31351 38 31871 39 32391 39 32911 40 33431 40 33951 41 34471 41 34992 40 35512 40 36032 40 36553 39 37073 39 37594 38 38115 37 38635 37 39156 36 39677 35 40199 32 40721 30 41242 28 41764 26 42285 24 42807 21 43328 19 43849 17 44371 13 44894 7
a486f6ed4b8781e7883e433d06a83dd66db3e8b36d45b9976c4214820ee22629,220428 4 220945 10 221463 15 221982 17 222501 20 223021 21 223540 23 224059 24 224579 25 225099 26 225618 28 226138 29 226658 30 227178 31 227698 32 228218 32 228738 33 229258 34 229778 34 230298 35 230818 35 231339 35 231859 35 232380 34 232900 35 233421 34 233942 33 234463 32 234983 32 235503 32 236024 31 236545 30 237066 29 237586 29 238107 28 238628 27 239149 26 239669 26 240190 25 240711 23 241232 22 241753 21 242274 19 242795 17 243319 12 243840 10 244361 7
