a5e695fce80dc03efb6665a9ec14500ab47f4ee9f6437531388dd3cc32c90db1,112979 9 113486 15 113997 19 114508 22 115018 25 115529 29 116033 41 116543 44 117052 47 117562 50 118072 52 118582 54 119092 56 119602 59 120113 60 120624 62 121136 62 121648 62 122159 62 122671 62 123183 62 123695 62 124207 62 124719 62 125231 62 125743 62 126255 62 126767 61 127279 60 127792 59 128304 59 128816 59 129328 58 129840 58 130353 57 130865 56 131377 56 131889 56 132402 55 132916 52 133429 51 133942 50 134455 48 134968 44 135481 41 135994 39 136511 23 137031 6
a5e695fce80dc03efb6665a9ec14500ab47f4ee9f6437531388dd3cc32c90db1,178761 9 179271 13 179782 16 180293 19 180804 22 181315 25 181826 27 182337 30 182848 33 183359 36 183870 38 184381 40 184892 42 185403 44 185915 44 186428 43 186941 42 187472 22
a5e695fce80dc03efb6665a9ec14500ab47f4ee9f6437531388dd3cc32c90db1,147062 9 147572 13 148083 16 148594 19 149104 27 149615 29 150126 31 150637 33 151149 34 151661 35 152173 35 152684 37 153196 38 153708 39 154220 39 154732 39 155244 39 155756 39 156268 39 156780 40 157292 40 157804 40 158316 40 158828 40 159340 40 159853 40 160365 40 160878 38 161391 37 161904 36 162416 36 162928 35 163441 34 163954 32 164466 31 164979 30 165492 28 166005 27 166518 25 167030 24 167543 23 168057 20 168571 8 168586 2
a5e695fce80dc03efb6665a9ec14500ab47f4ee9f6437531388dd3cc32c90db1,239121 12 239632 16 240143 19 240654 23 241165 25 241677 29 242188 31 242698 34 243209 36 243721 36 244232 38 244744 39 245255 40 245766 41 246277 42 246789 42 247301 42 247813 42 248325 42 248838 41 249350 41 249863 40 250375 40 250887 40 251400 39 251914 37 252427 35 252940 31 253453 29 253968 24 254482 21 254997 15 255512 10 256026 5
a5e695fce80dc03efb6665a9ec14500ab47f4ee9f6437531388dd3cc32c90db1,256568 10 257078 13 257586 18 258095 23 258606 29 259118 30 259629 33 260140 35 260651 37 261163 38 261675 39 262187 40 262698 42 263210 43 263722 43 264234 44 264746 45 265258 45 265770 46 266282 46 266794 46 267306 46 267819 45 268331 46 268844 46 269357 45 269869 44 270381 43 270894 41 271407 39 271920 37 272434 34 272947 32 273460 29 273977 22 274491 16 275006 8
a5e695fce80dc03efb6665a9ec14500ab47f4ee9f6437531388dd3cc32c90db1,201646 6 202157 14 202669 19 203180 21 203691 29 204202 32 204714 33 205227 33 205739 34 206251 35 206763 35 207275 36 207787 37 208299 38 208811 38 209323 39 209836 38 210349 37 210862 37 211374 37 211886 37 212399 36 212912 35 213425 34 213938 32 214451 31 214964 29 215477 27 215990 26 216503 25 217016 23 217529 14 218042 11 218559 4
a5e695fce80dc03efb6665a9ec14500ab47f4ee9f6437531388dd3cc32c90db1,87855 15 88362 24 88872 27 89380 32 89891 35 90403 36 90915 37 91427 38 91938 40 92450 41 92961 43 93473 44 93985 44 94497 43 95009 43 95521 43 96033 43 96545 43 97057 43 97569 43 98081 43 98593 42 99106 40 99619 32 99655 1 100132 19 100645 16 101158 14 101672 11 102187 7
a5e695fce80dc03efb6665a9ec14500ab47f4ee9f6437531388dd3cc32c90db1,52679 5 53190 10 53701 15 54213 17 54724 19 55236 20 55747 22 56258 24 56769 26 57281 27 57793 28 58305 29 58817 30 59329 31 59842 32 60355 32 60868 31 61381 30 61895 28 62408 27 62921 26 63433 26 63946 25 64460 23 64974 20 65488 18 66006 12 66519 11 67036 5
a5e695fce80dc03efb6665a9ec14500ab47f4ee9f6437531388dd3cc32c90db1,276880 5 277389 10 277900 13 278411 15 278922 18 279433 20 279945 22 280457 23 280969 24 281480 26 281991 28 282503 29 283015 29 283527 29 284039 30 284551 31 285063 31 285575 31 286087 31 286600 30 287112 30 287625 29 288137 29 288649 29 289162 27 289675 24 290188 22 290702 20 291215 18 291728 16 292245 8
a5e695fce80dc03efb6665a9ec14500ab47f4ee9f6437531388dd3cc32c90db1,152089 2 152599 13 153105 21 153616 23 154127 25 154638 28 155149 32 155661 34 156173 35 156685 36 157197 37 157708 39 158219 40 158730 41 159242 42 159754 43 160266 44 160778 44 161290 44 161802 44 162314 44 162826 44 163337 45 163849 45 164361 45 164873 45 165385 45 165898 43 166410 43 166923 42 167435 42 167947 41 168459 39 168973 35 169486 33 169999 31 170512 28 171025 26 171538 23 172051 19 172573 4
a5e695fce80dc03efb6665a9ec14500ab47f4ee9f6437531388dd3cc32c90db1,156571 16 157077 24 157588 26 158100 27 158611 29 159122 30 159633 32 160143 35 160654 37 161166 38 161678 39 162189 41 162701 41 163214 40 163726 40 164239 39 164751 39 165264 38 165777 37 166291 35 166805 33 167318 32 167832 29 168347 26 168863 21 169377 19 169890 18 170402 18 170915 16 171429 13 171943 10 172457 6
a5e695fce80dc03efb6665a9ec14500ab47f4ee9f6437531388dd3cc32c90db1,242373 3 242877 12 243379 23 243890 24 244400 27 244909 31 245420 33 245931 35 246442 36 246952 38 247463 39 247974 40 248485 42 248994 46 249505 48 250017 48 250528 48 251040 47 251552 44 252064 43 252577 42 253089 42 253601 42 254113 42 254624 42 255136 41 255648 41 256161 41 256673 41 257184 41 257696 39 258209 37 258722 35 259235 33 259747 32 260260 31 260774 29 261287 27 261803 21 262319 15 262835 8 263348 4
a5e695fce80dc03efb6665a9ec14500ab47f4ee9f6437531388dd3cc32c90db1,49398 8 49909 11 50420 14 50929 19 51440 21 51951 23 52462 25 52974 26 53486 27 53997 29 54509 30 55021 30 55533 30 56045 30 56557 30 57069 30 57581 30 58093 30 58605 30 59117 30 59629 31 60142 31 60656 29 61170 26 61685 22 62199 16
a5e695fce80dc03efb6665a9ec14500ab47f4ee9f6437531388dd3cc32c90db1,32384 2 32891 8 33401 11 33911 14 34419 19 34930 21 35441 23 35953 23 36465 23 36976 24 37488 24 37999 25 38511 25 39023 24 39535 24 40047 24 40559 24 41071 23 41583 22 42095 22 42608 20 43121 18 43634 16 44150 10 44664 6
a5e695fce80dc03efb6665a9ec14500ab47f4ee9f6437531388dd3cc32c90db1,171457 2 171962 15 172472 20 172977 28 173488 29 174000 30 174513 30 175025 32 175537 33 176049 33 176562 33 177075 32 177589 31 178103 29 178616 29 179128 29 179640 29 180152 29 180663 30 181174 30 181685 31 182196 32 182708 32 183221 31 183735 29 184248 28 184761 26 185274 25 185787 24 186300 23 186813 22 187326 21 187838 21 188350 21 188863 20 189375 20 189887 20 190399 20 190911 20 191423 20 191935 20 192447 20 192960 19 193474 16 193987 14 194500 12
a5e695fce80dc03efb6665a9ec14500ab47f4ee9f6437531388dd3cc32c90db1,222346 7 222854 19 223364 23 223875 25 224386 27 224897 29 225407 33 225918 35 226430 36 226941 37 227453 38 227965 38 228477 38 228989 38 229501 38 230013 38 230525 38 231037 38 231549 38 232061 38 232573 38 233085 38 233597 38 234109 38 234621 37 235134 36 235646 36 236158 35 236670 35 237182 35 237695 33 238207 32 238720 30 239233 28 239746 26 240260 23 240774 20 241287 13 241805 5
a5e695fce80dc03efb6665a9ec14500ab47f4ee9f6437531388dd3cc32c90db1,255255 6 255766 13 256275 17 256785 23 257295 26 257806 29 258318 30 258830 31 259342 32 259854 33 260366 33 260878 33 261389 34 261901 34 262413 34 262925 35 263437 35 263949 34 264461 34 264974 33 265487 32 266000 31 266512 31 267025 30 267537 30 268049 29 268561 29 269074 27 269587 26 270100 24 270615 20 271128 15 271642 12 272155 6
a5e695fce80dc03efb6665a9ec14500ab47f4ee9f6437531388dd3cc32c90db1,274586 12 275097 14 275607 17 276118 19 276629 21 277140 22 277651 24 278162 25 278674 26 279186 26 279698 26 280210 26 280722 26 281233 27 281744 28 282255 29 282766 30 283277 31 283788 32 284299 33 284810 34 285319 37 285831 37 286342 38 286853 39 287364 40 287875 41 288387 40 288898 41 289409 42 289920 42 290432 42 290944 41 291456 38 291968 37 292481 35 292994 33 293506 31 294019 24 294532 14
a5e695fce80dc03efb6665a9ec14500ab47f4ee9f6437531388dd3cc32c90db1,76544 8 77052 17 77563 19 78074 21 78585 22 79097 22 79608 23 80120 23 80632 23 81144 23 81656 22 82168 21 82680 21 83192 21 83704 21 84216 21 84728 21 85240 21 85752 20 86264 20 86776 20 87288 20 87800 20 88312 19 88824 18 89336 18 89848 17 90360 17 90873 15
a5e695fce80dc03efb6665a9ec14500ab47f4ee9f6437531388dd3cc32c90db1,226627 10 227138 14 227649 17 228160 19 228672 21 229184 24 229696 25 230208 26 230719 28 231231 30 231743 32 232256 35 232768 40 233281 41 233794 41 234307 41 234820 42 235333 42 235847 40 236360 39 236874 38 237387 37 237899 37 238411 37 238924 35 239437 34 239950 33 240462 33 240975 31 241487 31 241999 31 242512 30 243025 29 243538 28 244050 27 244563 26 245078 22 245592 12
a5e695fce80dc03efb6665a9ec14500ab47f4ee9f6437531388dd3cc32c90db1,207982 2 208489 8 208998 12 209508 15 210019 17 210529 21 211036 28 211547 30 212058 31 212569 33 213080 34 213591 36 214103 37 214614 38 215126 39 215638 39 216150 40 216662 40 217174 40 217686 40 218198 40 218711 39 219223 38 219736 37 220249 36 220761 36 221273 36 221786 35 222299 33 222812 32 223324 32 223837 31 224351 29 224864 28 225377 26 225890 24 226405 20 226918 18 227432 15 227945 12
a5e695fce80dc03efb6665a9ec14500ab47f4ee9f6437531388dd3cc32c90db1,148423 6 148933 10 149443 14 149954 18 150466 19 150978 19 151490 19 152002 19 152514 19 153026 19 153538 19 154050 19 154562 19 155075 18 155587 18 156100 17 156613 16 157126 14 157641 7
a5e695fce80dc03efb6665a9ec14500ab47f4ee9f6437531388dd3cc32c90db1,267901 13 268409 21 268920 23 269430 26 269941 29 270453 30 270964 32 271476 33 271987 34 272499 34 273011 34 273522 35 274034 35 274546 35 275057 36 275569 36 276081 36 276593 36 277105 35 277617 34 278129 33 278641 33 279153 33 279666 32 280179 31 280692 30 281205 28 281718 26 282231 24 282744 22 283257 20 283772 16 284286 13 284803 7
a5e695fce80dc03efb6665a9ec14500ab47f4ee9f6437531388dd3cc32c90db1,11 32 523 32 1035 32 1547 31 2060 29 2573 27 3086 25 3602 21 4116 18 4630 12 5144 5
a5e695fce80dc03efb6665a9ec14500ab47f4ee9f6437531388dd3cc32c90db1,35283 7 35787 19 36298 21 36810 22 37322 23 37833 26 38344 28 38855 29 39367 29 39879 30 40391 30 40903 30 41414 31 41926 31 42438 31 42950 31 43462 31 43974 31 44486 31 44998 31 45510 31 46022 31 46534 31 47046 31 47559 29 48071 29 48583 28 49096 27 49608 26 50121 24 50634 22 51147 18 51660 15 52173 13 52686 11 53200 4
a5e695fce80dc03efb6665a9ec14500ab47f4ee9f6437531388dd3cc32c90db1,133937 2 134447 5 134957 8 135467 12 135978 16 136489 22 136999 28 137510 30 138022 31 138533 33 139044 35 139555 36 140067 36 140579 37 141091 37 141603 38 142115 38 142627 38 143139 38 143651 38 144164 37 144676 37 145188 37 145701 36 146213 36 146725 36 147238 35 147750 35 148263 33 148775 32 149288 30 149801 28 150315 26 150830 22 151344 14
a5e695fce80dc03efb6665a9ec14500ab47f4ee9f6437531388dd3cc32c90db1,74920 12 75428 17 75939 19 76449 24 76956 30 77466 32 77977 33 78488 34 78999 36 79511 37 80023 37 80535 38 81046 40 81557 42 82069 43 82580 44 83092 45 83603 46 84115 46 84627 46 85138 48 85650 49 86163 48 86676 47 87188 46 87700 46 88212 46 88724 46 89236 45 89748 44 90260 44 90772 44 91284 44 91796 43 92309 42 92822 41 93334 41 93846 40 94358 39 94870 38 95383 36 95896 34 96409 33 96922 31 97434 30 97946 29 98459 27 98972 25 99485 22 100001 16 100520 8
a5e695fce80dc03efb6665a9ec14500ab47f4ee9f6437531388dd3cc32c90db1,170912 3 171423 6 171935 8 172446 11 172957 17 173468 19 173978 22 174489 24 175001 24 175512 25 176023 26 176534 28 177045 30 177557 32 178069 34 178581 35 179093 35 179605 35 180116 36 180628 35 181140 34 181652 33 182164 32 182676 30 183188 29 183701 27 184213 26 184725 25 185237 25 185750 24 186262 23 186775 21 187288 19 187802 14 188315 11
a5e695fce80dc03efb6665a9ec14500ab47f4ee9f6437531388dd3cc32c90db1,115472 5 115983 11 116495 13 117006 15 117517 18 118028 20 118539 22 119050 23 119562 23 120074 24 120585 25 121097 25 121608 27 122120 27 122632 27 123144 26 123656 26 124168 26 124680 26 125192 26 125704 26 126217 25 126730 24 127242 24 127755 23 128268 21 128780 21 129293 20 129805 20 130317 20 130830 19 131344 16 131857 12 132375 4
a5e695fce80dc03efb6665a9ec14500ab47f4ee9f6437531388dd3cc32c90db1,210486 10 210994 16 211504 19 212015 21 212527 22 213039 23 213551 23 214063 24 214574 25 215086 25 215598 26 216110 26 216622 26 217133 27 217645 27 218158 25 218671 24 219183 24 219695 24 220207 24 220720 22 221233 20 221747 18 222260 16 222775 12 223288 9 223805 3
a5e695fce80dc03efb6665a9ec14500ab47f4ee9f6437531388dd3cc32c90db1,120 30 631 31 1143 32 1656 32 2168 32 2680 32 3191 34 3703 34 4216 32 4728 32 5239 33 5751 33 6264 32 6777 30 7290 26 7802 25 8315 23 8831 14 9344 3 9349 6
a5e695fce80dc03efb6665a9ec14500ab47f4ee9f6437531388dd3cc32c90db1,802 23 1313 25 1825 25 2337 25 2849 25 3360 26 3871 27 4382 27 4892 28 5403 28 5914 28 6424 30 6935 31 7447 31 7959 31 8470 33 8982 33 9494 33 10005 35 10517 35 11030 34 11542 34 12054 34 12566 33 13078 32 13591 31 14103 30 14615 30 15128 29 15641 27 16155 23 16668 21 17181 19 17694 16 18207 14
a5e695fce80dc03efb6665a9ec14500ab47f4ee9f6437531388dd3cc32c90db1,75343 4 75854 7 76366 8 76878 9 77390 10 77901 12 78413 13 78924 15 79436 16 79948 17 80460 18 80972 19 81484 20 81996 20 82509 20 83021 20 83534 19 84046 19 84558 18 85070 12 85582 10 86095 7 86608 4
a5e695fce80dc03efb6665a9ec14500ab47f4ee9f6437531388dd3cc32c90db1,150610 6 151121 8 151633 10 152145 11 152656 13 153168 16 153679 18 154191 18 154702 20 155214 21 155726 21 156238 21 156750 21 157262 21 157774 21 158285 22 158797 23 159309 23 159820 25 160332 25 160844 25 161356 26 161868 26 162379 28 162891 28 163403 28 163915 28 164427 28 164939 28 165451 28 165963 28 166475 28 166987 28 167499 28 168011 27 168523 27 169035 27 169547 26 170059 26 170571 25 171084 24 171596 24 172109 22 172621 22 173133 21 173646 19 174159 17 174672 15 175186 11 175699 9 176214 5
a5e695fce80dc03efb6665a9ec14500ab47f4ee9f6437531388dd3cc32c90db1,137648 9 138158 12 138669 14 139180 16 139691 18 140203 18 140714 20 141225 21 141736 22 142248 22 142760 22 143271 23 143783 23 144295 23 144807 23 145319 23 145831 22 146343 22 146855 22 147367 22 147879 21 148391 21 148903 21 149415 20 149927 19 150439 18 150951 17 151463 16 151975 15 152488 13 153001 12 153514 10 154026 9 154539 7 155055 2
a5e695fce80dc03efb6665a9ec14500ab47f4ee9f6437531388dd3cc32c90db1,10130 8 10641 16 11151 19 11661 23 12172 25 12681 29 13192 31 13703 33 14213 35 14724 36 15236 37 15747 38 16259 38 16770 39 17282 40 17794 40 18306 40 18818 40 19330 40 19842 40 20353 41 20864 43 21376 43 21888 42 22401 40 22914 38 23426 37 23939 36 24451 35 24964 33 25477 30 25990 28 26504 25 27017 21 27531 17 28045 14 28558 11
a5e695fce80dc03efb6665a9ec14500ab47f4ee9f6437531388dd3cc32c90db1,26110 3 26621 4 27130 7 27641 8 28152 9 28663 10 29174 11 29685 12 30196 13 30707 14 31219 14 31731 14 32243 14 32755 14 33267 14 33779 14 34291 14 34803 14 35315 14 35828 13 36341 12 36854 11 37366 11 37879 10 38392 9 38905 8 39419 6 39935 2
a5e695fce80dc03efb6665a9ec14500ab47f4ee9f6437531388dd3cc32c90db1,129199 3 129709 10 130220 18 130731 20 131242 22 131753 24 132264 26 132776 26 133287 28 133799 28 134311 28 134823 28 135334 29 135846 30 136359 29 136872 27 137384 26 137896 26 138408 25 138921 23 139435 20 139949 17 140462 15 140975 13 141489 9
a5e695fce80dc03efb6665a9ec14500ab47f4ee9f6437531388dd3cc32c90db1,17076 7 17586 11 18096 15 18607 17 19118 19 19630 19 20141 20 20653 21 21165 21 21677 22 22189 22 22701 22 23213 21 23725 21 24238 19 24752 15 25265 12 25780 7 26294 4
a5e695fce80dc03efb6665a9ec14500ab47f4ee9f6437531388dd3cc32c90db1,99651 4 100151 17 100661 21 101173 22 101685 23 102196 32 102708 33 103219 34 103731 34 104243 34 104755 34 105266 35 105777 36 106288 37 106800 37 107312 37 107824 38 108336 38 108849 36 109361 36 109873 36 110385 36 110898 35 111410 34 111923 32 112436 30 112949 28 113462 19 113975 17 114488 14
a5e695fce80dc03efb6665a9ec14500ab47f4ee9f6437531388dd3cc32c90db1,155651 3 156161 6 156673 6 157185 7 157697 8 158209 8 158721 9 159233 9 159745 9 160257 9 160769 9 161281 9 161793 9 162305 9 162817 9 163329 8 163841 8 164353 8 164865 8 165377 8 165889 9 166401 9 166913 10 167425 10 167937 10 168449 10 168961 10 169473 10 169985 10 170497 10 171009 10 171521 10 172033 10 172545 9 173057 7 173569 5 174081 4 174593 3 175105 2
a5e695fce80dc03efb6665a9ec14500ab47f4ee9f6437531388dd3cc32c90db1,296486 8 296997 12 297508 14 298020 14 298531 14 299043 14 299555 13 300066 14 300578 14 301090 15 301602 16 302115 15 302627 15 303140 15 303652 15 304163 16 304675 16 305188 15 305703 11
a5e695fce80dc03efb6665a9ec14500ab47f4ee9f6437531388dd3cc32c90db1,42681 8 43190 16 43701 18 44212 19 44723 21 45234 23 45745 25 46256 26 46768 26 47279 28 47791 28 48304 27 48816 27 49329 26 49841 26 50353 25 50866 23 51381 14 51894 12 52407 8 52923 3
a5e695fce80dc03efb6665a9ec14500ab47f4ee9f6437531388dd3cc32c90db1,232753 7 233264 10 233775 14 234286 16 234798 17 235309 19 235820 24 236332 25 236843 27 237355 27 237867 28 238379 29 238891 30 239403 30 239915 31 240427 32 240939 33 241451 34 241963 34 242475 34 242987 34 243499 34 244011 34 244523 34 245035 34 245547 35 246059 35 246572 34 247084 34 247597 33 248109 34 248621 34 249134 33 249647 32 250160 31 250674 29 251187 27 251701 25 252215 23 252728 21 253242 18 253756 15
a5e695fce80dc03efb6665a9ec14500ab47f4ee9f6437531388dd3cc32c90db1,1361 14 1868 27 2378 35 2889 37 3400 39 3912 40 4424 41 4936 41 5447 42 5959 42 6471 42 6983 43 7495 44 8007 44 8518 45 9030 45 9542 45 10054 45 10565 46 11077 46 11589 46 12101 46 12613 46 13125 47 13637 47 14149 47 14661 46 15173 46 15685 46 16198 45 16711 44 17224 43 17737 42 18250 40 18763 39 19276 37 19789 35 20302 33 20815 32 21328 30 21841 28 22354 26 22867 24 23380 17 23899 3
a5e695fce80dc03efb6665a9ec14500ab47f4ee9f6437531388dd3cc32c90db1,2775 11 3286 14 3797 18 4308 20 4820 22 5332 23 5844 24 6355 25 6867 25 7378 26 7890 26 8402 26 8914 27 9426 27 9938 28 10450 28 10962 27 11474 27 11987 26 12499 26 13012 25 13525 23 14037 21 14549 20 15062 17 15575 14 16088 11 16601 6
a5e695fce80dc03efb6665a9ec14500ab47f4ee9f6437531388dd3cc32c90db1,273664 2 274175 9 274686 11 275194 16 275705 18 276217 18 276729 18 277241 19 277752 25 278260 31 278770 34 279276 42 279787 44 280298 46 280809 48 281320 50 281831 52 282343 53 282855 54 283366 56 283878 57 284390 57 284903 56 285415 56 285928 56 286440 56 286952 56 287465 55 287978 54 288491 53 289005 50 289520 46 290033 44 290551 38 291064 36 291576 5 291584 27 292089 2 292097 25 292611 22 293126 2 293130 14 293643 10 294158 5
a5e695fce80dc03efb6665a9ec14500ab47f4ee9f6437531388dd3cc32c90db1,13389 4 13896 11 14407 14 14918 16 15430 17 15942 18 16453 20 16964 22 17476 23 17987 25 18499 26 19011 26 19522 27 20033 28 20545 28 21057 28 21569 28 22081 27 22593 27 23105 28 23617 28 24129 27 24641 26 25153 25 25666 24 26178 24 26691 23 27203 22 27715 21 28228 19 28741 17 29255 9 29267 2 29768 2
a5e695fce80dc03efb6665a9ec14500ab47f4ee9f6437531388dd3cc32c90db1,136534 11 137045 15 137556 25 138064 30 138574 32 139085 34 139596 37 140107 39 140619 39 141130 40 141642 40 142154 41 142666 41 143178 41 143690 42 144202 42 144714 42 145226 42 145738 43 146250 43 146763 42 147275 42 147787 42 148299 42 148811 42 149323 42 149835 42 150348 41 150860 40 151373 38 151885 36 152397 34 152909 32 153422 29 153937 24 154451 20 154968 14 155484 8 156000 2
