a5fe0b7412dd152c41f7afc34ffdf276d4261b6942fa6d36803648e90f2cfc06,81686 24
a5fe0b7412dd152c41f7afc34ffdf276d4261b6942fa6d36803648e90f2cfc06,46129 9 46383 13 46636 18 46890 21 47145 24 47399 27 47654 29 47908 32 48162 35 48417 37 48673 37 48928 39 49183 41 49439 41 49695 42 49951 42 50207 42 50464 42 50720 42 50976 42 51233 41 51490 40 51746 39 52003 38 52260 37 52517 35 52774 34 53031 32 53289 28 53548 23
a5fe0b7412dd152c41f7afc34ffdf276d4261b6942fa6d36803648e90f2cfc06,70695 5 70944 15 71197 19 71452 22 71706 25 71960 28 72215 29 72470 30 72724 33 72979 34 73234 34 73489 35 73744 35 73999 36 74254 36 74509 37 74765 37 75022 35 75279 34 75535 32 75791 31 76047 31 76302 28 76558 24 76813 22 77068 22 77324 21 77580 20 77836 19 78092 19 78348 19 78605 15 78861 12 79118 9 79375 6 79631 4 79888 1
a5fe0b7412dd152c41f7afc34ffdf276d4261b6942fa6d36803648e90f2cfc06,43773 2 44028 4 44283 5 44538 6 44794 6 45049 7 45304 8 45560 8 45816 8 46072 8 46328 8 46584 8 46841 7 47098 6 47355 4
a5fe0b7412dd152c41f7afc34ffdf276d4261b6942fa6d36803648e90f2cfc06,18928 16 19181 20 19435 22 19690 23 19944 25 20198 27 20453 28 20708 29 20963 30 21219 30 21474 31 21730 31 21985 32 22241 32 22497 32 22753 32 23009 32 23265 32 23521 32 23777 32 24033 32 24290 31 24546 31 24803 30 25060 25 25317 22 25575 17 25833 14 26091 10 26349 7
a5fe0b7412dd152c41f7afc34ffdf276d4261b6942fa6d36803648e90f2cfc06,19750 18 20004 22 20258 26 20513 29 20769 30 21024 32 21279 33 21534 35 21789 37 22045 37 22301 38 22556 40 22812 40 23068 41 23324 41 23580 41 23836 41 24092 41 24348 41 24604 41 24860 41 25116 41 25372 41 25629 40 25885 40 26141 40 26398 39 26655 38 26911 38 27167 37 27423 36 27683 30 27942 25 28200 18 28458 12 28717 6 28977 1
a5fe0b7412dd152c41f7afc34ffdf276d4261b6942fa6d36803648e90f2cfc06,19382 8 19634 14 19888 17 20142 19 20396 22 20650 24 20904 26 21158 29 21412 31 21666 33 21919 36 22171 40 22425 41 22680 42 22935 43 23190 43 23445 44 23701 43 23956 44 24212 43 24467 43 24723 42 24979 42 25235 41 25492 39 25748 38 26004 37 26261 36 26517 35 26774 33 27030 32 27286 31 27542 30 27798 29 28055 27 28311 26 28567 25 28823 24 29079 23 29336 21 29592 21 29848 20 30104 19 30361 17 30617 17 30874 15 31130 15 31386 14 31643 13 31899 12 32155 12 32412 11 32668 10 32925 9 33181 8 33437 8 33694 7 33951 5 34208 3
a5fe0b7412dd152c41f7afc34ffdf276d4261b6942fa6d36803648e90f2cfc06,80365 6 80620 9 80874 13 81129 15 81384 17 81640 18 81896 18
a5fe0b7412dd152c41f7afc34ffdf276d4261b6942fa6d36803648e90f2cfc06,13 23 268 25 523 26 778 28 1034 28 1289 29 1544 30 1797 33 2052 35 2308 35 2564 35 2820 35 3077 34 3333 34 3590 32 3847 31 4103 30 4360 29 4617 27 4874 26 5131 24 5388 22 5644 20 5901 17 6159 14 6416 11 6674 8
a5fe0b7412dd152c41f7afc34ffdf276d4261b6942fa6d36803648e90f2cfc06,78 33 333 33 588 34 843 34 1098 35 1353 35 1609 35 1864 36 2120 35 2376 35 2632 34 2887 34 3143 33 3398 33 3653 33 3908 19 3930 8 4165 1 4167 15 4424 13 4680 12 4936 10 5193 8 5450 2
a5fe0b7412dd152c41f7afc34ffdf276d4261b6942fa6d36803648e90f2cfc06,50059 8 50313 20 50566 26 50821 29 51076 32 51332 34 51587 36 51843 36 52098 37 52354 37 52610 37 52866 37 53122 37 53378 37 53634 37 53890 37 54146 37 54403 36 54659 36 54915 36 55172 35 55430 33 55687 31 55945 29 56203 26 56460 25 56719 22 56976 20 57233 18 57491 15 57756 4
a5fe0b7412dd152c41f7afc34ffdf276d4261b6942fa6d36803648e90f2cfc06,53433 7 53443 7 53688 19 53943 21 54198 22 54453 24 54708 26 54964 27 55220 28 55475 29 55731 30 55987 30 56243 31 56499 31 56754 32 57010 33 57266 33 57522 33 57778 33 58034 33 58290 33 58546 33 58802 33 59059 32 59315 32 59572 31 59828 31 60085 29 60342 28 60598 28 60855 26 61111 25 61368 23 61625 21 61882 17 62140 13 62399 8
a5fe0b7412dd152c41f7afc34ffdf276d4261b6942fa6d36803648e90f2cfc06,42060 7 42314 11 42568 15 42823 19 43078 22 43334 24 43589 26 43844 29 44100 30 44356 30 44611 32 44867 32 45123 33 45379 33 45635 34 45891 35 46147 36 46404 35 46660 35 46916 36 47171 37 47427 37 47683 37 47940 36 48197 35 48454 34 48710 34 48967 32 49224 31 49480 30 49737 28 49993 27 50249 3 50255 18 50506 1 50515 2
a5fe0b7412dd152c41f7afc34ffdf276d4261b6942fa6d36803648e90f2cfc06,10031 15 10284 19 10538 21 10773 12 10791 24 11027 44 11282 45 11537 45 11791 46 12046 47 12301 47 12555 48 12810 48 13065 48 13320 48 13576 47 13831 47 14086 47 14342 46 14598 45 14854 42 15111 40 15368 36 15626 31 15885 25 16145 18
a5fe0b7412dd152c41f7afc34ffdf276d4261b6942fa6d36803648e90f2cfc06,24270 9 24525 14 24781 15 25036 16 25292 17 25548 17 25804 17 26060 17 26317 16 26573 17 26829 17 27085 18 27341 18 27597 19 27853 19 28109 19 28365 19 28620 21 28876 21 29132 22 29387 23 29643 23 29898 24 30153 26 30409 27 30665 27 30921 27 31177 28 31433 28 31689 28 31945 29 32201 29 32457 29 32713 30 32969 30 33225 30 33481 31 33737 31 33993 31 34249 32 34505 32 34761 33 35017 33 35273 33 35529 34 35785 35 36042 34 36298 34 36555 33 36821 22 37078 21 37336 18 37593 16 37850 14 38107 11 38364 9 38621 5
a5fe0b7412dd152c41f7afc34ffdf276d4261b6942fa6d36803648e90f2cfc06,27674 9 27928 14 28183 17 28438 20 28693 24 28948 29 29203 31 29459 31 29715 32 29971 33 30227 33 30483 34 30739 34 30995 34 31252 33 31509 32 31765 32 32022 31 32280 29 32538 27 32797 24 33055 22 33314 19 33571 17 33829 14 34089 5
a5fe0b7412dd152c41f7afc34ffdf276d4261b6942fa6d36803648e90f2cfc06,78620 13 78873 18 79127 22 79381 25 79635 27 79889 30 80144 32 80399 33 80654 35 80910 35 81165 36 81422 35 81682 4 81710 3
a5fe0b7412dd152c41f7afc34ffdf276d4261b6942fa6d36803648e90f2cfc06,62757 8 63011 12 63265 15 63519 18 63772 22 64026 25 64280 28 64534 31 64788 34 65042 37 65297 39 65551 42 65805 44 66059 46 66313 47 66568 48 66823 48 67077 49 67332 49 67586 49 67841 45 68097 42 68353 40 68609 38 68865 35 69121 33 69377 29 69633 28 69889 25 70145 24 70401 23 70657 22 70913 20 71169 20 71425 18 71681 17 71937 16 72193 15 72449 14 72705 13 72961 12 73217 11 73473 9 73729 8 73985 7 74241 5 74497 3 74753 1
a5fe0b7412dd152c41f7afc34ffdf276d4261b6942fa6d36803648e90f2cfc06,53317 2 53571 4 53806 25 54062 25 54318 26 54575 25 54831 26 55087 28 55343 30 55599 32 55855 33 56112 33 56369 33 56626 34 56882 35 57139 37 57396 37 57653 36 57910 36 58167 35 58424 35 58681 34 58938 33 59195 33 59452 32 59708 32 59965 31 60221 31 60478 30 60735 29 60992 27 61249 26 61506 25 61763 23 62019 23 62275 22 62532 21 62788 20 63045 17 63301 16 63558 14 63815 12 64074 8 64331 5
a5fe0b7412dd152c41f7afc34ffdf276d4261b6942fa6d36803648e90f2cfc06,12688 8 12943 10 13199 12 13454 14 13709 15 13965 15 14221 16 14477 17 14733 17 14988 18 15244 18 15500 18 15757 17 16013 17 16269 18 16525 18 16781 18 17037 18 17293 18 17548 19 17804 19 18060 19 18317 17 18573 17 18829 17 19085 16 19342 15 19599 13 19856 11 20113 9 20370 5
a5fe0b7412dd152c41f7afc34ffdf276d4261b6942fa6d36803648e90f2cfc06,28084 4 28337 10 28592 15 28847 18 29102 20 29357 22 29613 24 29868 26 30123 28 30378 30 30634 31 30889 32 31145 32 31400 33 31656 33 31911 34 32167 34 32423 34 32678 35 32934 35 33189 36 33445 36 33701 36 33956 37 34211 38 34468 37 34724 37 34980 37 35236 37 35492 36 35748 35 36004 34 36261 32 36518 30 36775 28 37033 26 37291 21 37548 17 37810 8
a5fe0b7412dd152c41f7afc34ffdf276d4261b6942fa6d36803648e90f2cfc06,47617 1 47873 1 48129 1 48385 1 48641 2 48897 2 49153 2 49409 2 49665 2 49921 2 50177 2 50433 2 50689 2 50945 1 51201 1 51457 1
a5fe0b7412dd152c41f7afc34ffdf276d4261b6942fa6d36803648e90f2cfc06,60125 11 60380 15 60635 21 60890 24 61145 26 61400 28 61656 29 61911 31 62167 32 62423 32 62679 33 62934 34 63190 34 63446 34 63702 34 63958 34 64214 34 64470 34 64726 33 64982 33 65238 33 65494 33 65750 32 66006 32 66263 31 66519 30 66775 30 67032 29 67289 27 67546 25 67803 24 68060 21 68318 18 68576 15 68836 7
a5fe0b7412dd152c41f7afc34ffdf276d4261b6942fa6d36803648e90f2cfc06,58374 11 58628 19 58883 22 58910 3 59137 33 59393 34 59649 35 59905 36 60161 37 60417 38 60673 38 60929 37 61185 37 61441 36 61697 36 61953 37 62209 38 62465 38 62721 36 62977 34 63233 32 63489 30 63745 27 64001 25 64257 23 64513 21 64769 19 65025 17 65281 16 65537 14 65793 12 66049 10 66305 8 66561 7 66817 6 67073 4 67329 3 67585 1
a5fe0b7412dd152c41f7afc34ffdf276d4261b6942fa6d36803648e90f2cfc06,74674 6 74927 14 75181 17 75435 20 75689 23 75943 26 76198 28 76452 30 76707 32 76962 33 77217 35 77472 36 77727 37 77982 38 78237 39 78492 40 78747 41 79001 43 79256 43 79512 43 79767 44 80023 43 80279 43 80535 42 80791 41 81047 40 81304 39 81560 38 81816 37
a5fe0b7412dd152c41f7afc34ffdf276d4261b6942fa6d36803648e90f2cfc06,69737 14 69990 19 70242 24 70496 28 70750 31 71005 33 71261 34 71516 36 71772 37 72027 39 72282 41 72538 41 72793 42 73049 43 73305 43 73561 43 73817 43 74072 44 74328 44 74585 42 74841 42 75098 41 75354 41 75611 40 75868 38 76124 38 76381 36 76638 34 76895 32 77153 30 77410 28 77668 25 77925 23 78185 18 78444 11
a5fe0b7412dd152c41f7afc34ffdf276d4261b6942fa6d36803648e90f2cfc06,206 34 462 35 718 35 974 36 1230 36 1487 36 1743 36 2000 36 2256 36 2512 36 2769 35 3026 34 3283 33 3540 32 3797 31 4053 31 4310 30 4567 28 4825 26 5082 25 5339 23 5596 22 5853 21 6110 19 6368 13 6630 5
a5fe0b7412dd152c41f7afc34ffdf276d4261b6942fa6d36803648e90f2cfc06,36815 6 37070 8 37324 12 37579 14 37834 16 38089 18 38345 19 38598 23 38854 23 39110 23 39365 25 39620 26 39876 26 40131 27 40386 28 40642 28 40897 30 41152 31 41407 32 41663 32 41918 33 42173 35 42428 36 42683 37 42938 38 43193 39 43449 40 43704 41 43959 42 44215 42 44471 42 44727 43 44983 43 45239 43 45494 44 45750 44 46006 43 46262 43 46518 43 46775 42 47031 42 47288 41 47544 40 47801 39 48057 39 48314 38 48570 37 48826 37 49083 36 49340 35 49596 34 49853 33 50110 32 50368 30 50625 28 50883 26 51140 24 51398 21 51657 17 51915 14 52176 6
a5fe0b7412dd152c41f7afc34ffdf276d4261b6942fa6d36803648e90f2cfc06,9130 10 9383 17 9638 20 9893 22 10148 24 10404 25 10659 27 10915 27 11171 28 11426 29 11682 29 11938 29 12194 29 12450 29 12706 29 12962 28 13218 27 13475 26 13731 25 13986 26 14242 25 14499 24 14755 23 15011 22 15267 21 15524 20 15781 18 16038 16 16296 13 16554 9
a5fe0b7412dd152c41f7afc34ffdf276d4261b6942fa6d36803648e90f2cfc06,23650 9 23904 12 24158 19 24413 22 24668 25 24923 28 25177 31 25432 33 25688 34 25943 35 26198 37 26454 38 26709 39 26964 40 27220 41 27475 42 27731 42 27987 42 28243 42 28499 43 28755 43 29011 43 29268 42 29524 42 29781 41 30038 40 30294 40 30551 39 30807 39 31064 38 31321 37 31578 36 31836 34 32093 32 32350 30 32607 29 32864 27 33121 26 33378 24 33635 21 33892 18 34155 7
