a6001531274f9ad16e0ced40380f9667b9149558dea7053f7a7db18f5cd028c0,3772 7 4027 10 4282 12 4538 13 4794 13 5050 14 5307 13 5563 13 5820 12 6076 12 6332 12 6588 11 6844 11 7100 10 7357 8 7614 4
a6001531274f9ad16e0ced40380f9667b9149558dea7053f7a7db18f5cd028c0,34519 4 34773 8 35028 10 35283 11 35539 12 35794 13 36050 14 36306 14 36562 15 36819 14 37075 15 37332 14 37589 13 37845 14 38101 14 38358 13 38614 13 38871 11 39128 10 39385 8 39642 6
a6001531274f9ad16e0ced40380f9667b9149558dea7053f7a7db18f5cd028c0,35530 6 35784 9 36039 10 36294 12 36549 13 36804 15 37059 16 37315 17 37570 19 37826 19 38083 18 38339 18 38596 16 38853 14 39110 11 39367 9 39625 6
a6001531274f9ad16e0ced40380f9667b9149558dea7053f7a7db18f5cd028c0,117 18 373 18 629 18 885 18 1142 17 1399 15 1656 14 1913 12 2171 8
a6001531274f9ad16e0ced40380f9667b9149558dea7053f7a7db18f5cd028c0,14315 4 14569 6 14824 9 15080 10 15335 12 15591 13 15847 14 16103 15 16360 15 16616 15 16873 14 17129 14 17386 13 17643 12 17899 12 18156 10 18413 9
a6001531274f9ad16e0ced40380f9667b9149558dea7053f7a7db18f5cd028c0,11629 12 11884 15 12139 18 12394 20 12649 22 12905 23 13161 24 13417 24 13673 24 13929 24 14185 24 14442 23 14698 22 14955 20 15212 18 15469 16 15728 11
a6001531274f9ad16e0ced40380f9667b9149558dea7053f7a7db18f5cd028c0,193 10 449 10 705 9 961 8 1218 6 1475 4
a6001531274f9ad16e0ced40380f9667b9149558dea7053f7a7db18f5cd028c0,38269 6 38523 9 38779 9 39034 11 39289 12 39545 13 39801 13 40057 13 40313 14 40569 14 40825 14 41081 14 41337 14 41593 14 41849 14 42105 14 42361 14 42618 13 42875 11 43131 11 43388 9 43645 7
a6001531274f9ad16e0ced40380f9667b9149558dea7053f7a7db18f5cd028c0,41253 8 41507 11 41762 12 42017 14 42273 14 42528 15 42783 16 43039 16 43295 16 43551 16 43807 16 44063 15 44320 14 44576 14 44832 14 45089 12 45346 10 45602 10 45859 8 46116 6
a6001531274f9ad16e0ced40380f9667b9149558dea7053f7a7db18f5cd028c0,38744 4 38998 8 39253 10 39508 11 39763 13 40019 13 40275 13 40531 13 40787 13 41043 13 41299 12 41555 12 41811 12 42067 12 42323 11 42580 9 42837 8 43094 5
