a6515d73077866808ad4cb837ecdac33612527b8a1041e82135e40fce2bb9380,1234 4 1488 8 1743 10 1998 13 2254 14 2510 16 2766 21 3022 24 3278 25 3534 26 3790 26 4046 27 4302 27 4559 26 4817 25 5076 22 5334 20 5592 18 5851 14 6112 9 6369 7 6626 6 6884 3
a6515d73077866808ad4cb837ecdac33612527b8a1041e82135e40fce2bb9380,47408 11 47663 13 47918 16 48173 18 48428 19 48684 19 48940 19 49196 18 49453 17 49710 15 49968 13 50225 11 50482 9
a6515d73077866808ad4cb837ecdac33612527b8a1041e82135e40fce2bb9380,50945 4 51201 5 51457 7 51713 8 51969 9 52225 9 52481 9 52737 10 52993 10 53249 9 53505 9 53761 9 54017 9 54273 9 54529 8 54785 7 55041 7 55297 6 55554 3
a6515d73077866808ad4cb837ecdac33612527b8a1041e82135e40fce2bb9380,51890 2 52145 5 52401 7 52657 9 52914 9 53170 10 53427 10 53683 11 53940 11 54197 11 54454 11 54712 9 54969 8 55225 7 55482 6 55739 5 55996 3
a6515d73077866808ad4cb837ecdac33612527b8a1041e82135e40fce2bb9380,36171 2 36175 5 36420 17 36674 20 36928 22 37183 23 37438 26 37694 27 37950 29 38205 31 38461 31 38717 31 38973 31 39229 31 39485 31 39742 30 39998 30 40255 28 40512 26 40769 25 41026 23 41282 21 41539 18 41797 7
a6515d73077866808ad4cb837ecdac33612527b8a1041e82135e40fce2bb9380,21552 4 21807 7 22061 10 22316 13 22572 14 22828 14 23084 15 23340 15 23596 15 23853 14 24110 12 24367 11 24625 6
a6515d73077866808ad4cb837ecdac33612527b8a1041e82135e40fce2bb9380,30851 2 31105 5 31361 5 31616 5 31872 4 32127 4 32381 6 32634 10 32888 12 33143 12 33398 12 33653 13 33909 12 34164 12 34420 11 34676 11 34932 10 35189 8 35445 8 35701 7 35958 5 36215 3
a6515d73077866808ad4cb837ecdac33612527b8a1041e82135e40fce2bb9380,26650 7 26905 9 27160 12 27414 15 27670 16 27925 17 28180 19 28436 19 28692 19 28949 18 29206 17 29466 13 29723 11 29979 11 30236 10 30494 8 30751 6 31008 4
a6515d73077866808ad4cb837ecdac33612527b8a1041e82135e40fce2bb9380,53534 6 53789 8 54044 9 54299 11 54555 11 54810 12 55066 12 55322 12 55571 2 55574 16 55826 20 56081 21 56337 21 56592 20 56848 17 57105 15 57361 14 57619 12 57880 6 58139 1
a6515d73077866808ad4cb837ecdac33612527b8a1041e82135e40fce2bb9380,40580 2 40834 7 41089 9 41344 11 41599 14 41854 18 42109 20 42364 22 42620 22 42875 23 43130 12 43146 10 43386 11 43404 10 43641 11 43661 12 43897 11 43919 10 44152 12 44177 8 44407 12 44662 14 44918 14 45173 15 45429 15 45685 14 45941 13 46197 13 46453 12 46709 7 46966 5
a6515d73077866808ad4cb837ecdac33612527b8a1041e82135e40fce2bb9380,73986 5 74241 7 74497 7 74753 8 75009 8 75265 8 75521 8 75777 8 76033 8 76289 8 76545 8 76801 8 77057 8 77313 8 77569 8 77825 7 78081 6 78337 6 78593 6 78849 6 79105 6 79361 6 79617 5 79873 5 80129 5 80385 4 80641 4 80897 3
a6515d73077866808ad4cb837ecdac33612527b8a1041e82135e40fce2bb9380,17219 4 17474 6 17730 6 17985 8 18241 8 18497 9 18752 12 19008 13 19264 15 19520 16 19776 17 20032 18 20288 18 20544 19 20801 18 21057 18 21313 18 21569 18 21825 18 22081 18 22338 17 22594 17 22851 16 23108 14 23365 13 23622 12 23879 11 24136 10 24393 8
a6515d73077866808ad4cb837ecdac33612527b8a1041e82135e40fce2bb9380,80686 11 80941 13 81196 17 81451 20 81706 22
a6515d73077866808ad4cb837ecdac33612527b8a1041e82135e40fce2bb9380,31250 4 31504 8 31759 10 32015 11 32271 11 32527 11 32783 11 33039 10 33296 9 33553 8 33809 7 34067 4
a6515d73077866808ad4cb837ecdac33612527b8a1041e82135e40fce2bb9380,36047 11 36299 17 36553 21 36808 24 37063 26 37319 26 37575 27 37830 28 38086 29 38342 28 38598 28 38854 28 39109 26 39365 25 39621 24 39877 23 40133 25 40388 29 40644 30 40900 2 40903 28 41160 28 41416 28 41672 28 41926 30 42183 29 42440 27 42698 24 42955 22 43212 20 43469 18 43725 18 43981 17 44237 17 44493 16 44750 13 45007 11 45267 5
