a6e81120d1cb9f71f8a25f90a5d56c4b714a642fc496a705e38921fd90a3f69c,125 26 487 22 848 18 1211 12
a6e81120d1cb9f71f8a25f90a5d56c4b714a642fc496a705e38921fd90a3f69c,57237 4 57594 7 57951 10 58309 12 58668 13 59026 15 59385 16 59744 17 60102 19 60461 20 60820 21 61178 23 61537 24 61896 25 62255 26 62614 27 62973 28 63333 28 63692 29 64052 29 64411 30 64770 31 65130 31 65489 32 65849 32 66208 33 66568 33 66928 33 67287 34 67647 34 68007 34 68366 35 68726 35 69086 35 69446 35 69806 35 70166 35 70525 36 70885 36 71245 36 71605 36 71965 36 72325 36 72686 35 73046 35 73406 35 73766 35 74127 34 74488 33 74849 32 75209 32 75570 31 75931 30 76292 29 76654 27 77016 23 77378 19
a6e81120d1cb9f71f8a25f90a5d56c4b714a642fc496a705e38921fd90a3f69c,68719 3 69078 5 69438 5 69798 5 70158 5 70517 6 70877 6 71237 3
a6e81120d1cb9f71f8a25f90a5d56c4b714a642fc496a705e38921fd90a3f69c,77896 10 78254 14 78613 16 78973 18 79333 19 79692 20 80043 29 80401 23 80425 7 80761 31 81120 12 81133 19 81479 34 81838 35 82198 35 82557 36 82915 38 83274 39 83631 42 83990 46 84349 48 84707 50 85066 52 85425 54 85785 55 86144 56 86504 51 86556 4 86864 51 86916 4 87223 57 87583 56 87943 21 87972 21 87994 5 88303 20 88336 15 88352 6 88663 18 88700 17 89023 13 89037 3 89060 17 89384 14 89423 11 89744 12 90103 12 90463 8
a6e81120d1cb9f71f8a25f90a5d56c4b714a642fc496a705e38921fd90a3f69c,57411 5 57771 6 58131 6 58491 8 58851 9 59211 9 59572 9 59931 10 60291 10 60651 10 61011 10 61370 11 61730 10 62090 10 62450 9 62810 8 63170 8 63531 6 63891 5
a6e81120d1cb9f71f8a25f90a5d56c4b714a642fc496a705e38921fd90a3f69c,84265 13 84623 17 84979 23 85336 28 85694 32 86053 35 86410 40 86769 42 87128 44 87487 47 87846 49 88204 52 88564 54 88924 56 89283 57 89641 60 90001 62 90361 62 90721 63 91081 64 91441 65 91801 66 92161 67 92521 67 92881 62 92944 5 93241 70 93601 71 93961 72 94321 73 94681 73 95041 75 95401 77 95761 77 96121 78 96481 78 96841 80 97201 80 97561 81 97921 81 98281 82 98641 82 99001 83 99361 84 99721 85 100081 86 100441 87 100802 87 101162 87 101523 86 101882 88 102243 87 102604 87 102964 87 103324 88 103685 87 104046 87 104406 87 104766 88 105127 87 105488 86 105849 85 106210 84 106570 84 106931 83 107292 82 107653 81 108014 80 108374 79 108735 78 109097 76 109458 75 109818 74 110179 73 110541 71 110902 70 111263 68 111624 67 111984 66 112346 63 112707 62 113067 61 113429 58 113791 56 114152 54 114515 50 114876 47 115238 43 115600 39 115967 29 116332 22 116702 8
a6e81120d1cb9f71f8a25f90a5d56c4b714a642fc496a705e38921fd90a3f69c,9457 10 9814 17 10172 20 10529 25 10888 28 11248 29 11606 33 11966 34 12325 36 12685 37 13045 38 13405 40 13765 41 14125 42 14485 43 14845 44 15205 46 15565 47 15925 47 16285 47 16645 47 17005 47 17365 47 17725 47 18085 47 18445 47 18806 46 19166 45 19526 45 19886 45 20247 43 20608 41 20969 39 21329 38 21690 35 22051 33 22412 30 22773 28 23134 26 23497 20 23861 14
a6e81120d1cb9f71f8a25f90a5d56c4b714a642fc496a705e38921fd90a3f69c,127055 3 127059 12 127414 19 127773 22 128133 24 128493 25 128853 25 129213 25 129573 24
a6e81120d1cb9f71f8a25f90a5d56c4b714a642fc496a705e38921fd90a3f69c,51266 3 51626 3 51986 4 52346 4 52706 5 53066 12 53427 13 53788 14 54147 15 54498 7 54506 17 54858 25 55218 26 55579 26 55940 26 56303 27 56664 12 56679 12 57025 11 57043 8 57386 10 57407 4 57746 9 57767 3 58106 9 58466 9 58826 8 59186 7 59547 4
a6e81120d1cb9f71f8a25f90a5d56c4b714a642fc496a705e38921fd90a3f69c,116823 13 117182 16 117540 21 117898 25 118250 35 118600 46 118958 50 119317 51 119676 53 120036 53 120395 55 120755 55 121115 55 121475 55 121835 55 122195 55 122555 54 122915 54 123275 54 123634 55 123994 54 124354 54 124713 55 125072 56 125432 55 125792 54 126152 54 126512 53 126872 52 127232 51 127592 50 127953 49 128317 44 128678 41 129040 38 129402 34
a6e81120d1cb9f71f8a25f90a5d56c4b714a642fc496a705e38921fd90a3f69c,85937 13 86295 17 86654 19 87014 21 87374 23 87734 25 88093 27 88452 29 88812 30 89172 30 89532 31 89892 32 90251 33 90611 34 90971 35 91331 35 91691 36 92051 36 92411 37 92772 36 93132 36 93492 36 93852 37 94214 35 94574 35 94934 35 95295 34 95655 34 96016 34 96376 34 96736 34 97096 34 97457 33 97817 33 98178 32 98538 32 98899 31 99259 31 99620 30 99980 30 100340 30 100700 30 101061 29 101422 28 101782 28 102143 27 102503 27 102864 26 103224 26 103585 25 103945 24 104306 23 104667 21 105028 19 105389 16 105750 14 106111 12 106472 9 106834 5
a6e81120d1cb9f71f8a25f90a5d56c4b714a642fc496a705e38921fd90a3f69c,67124 4 67483 6 67843 6 68202 7 68562 7 68922 6 69282 6 69643 5 70003 3
a6e81120d1cb9f71f8a25f90a5d56c4b714a642fc496a705e38921fd90a3f69c,86370 11 86727 17 87085 21 87444 23 87801 28 88161 29 88520 31 88877 34 89237 34 89597 35 89957 35 90317 36 90677 36 91037 36 91396 38 91755 39 92115 35 92151 3 92475 35 92511 3 92834 40 93194 40 93553 41 93913 41 94273 41 94632 42 94992 42 95352 42 95712 42 96072 42 96432 42 96792 42 97152 42 97512 41 97872 41 98232 41 98592 41 98952 40 99312 40 99672 39 100032 39 100392 39 100752 39 101112 38 101473 36 101833 36 102193 35 102554 33 102914 33 103275 31 103635 31 103996 29 104356 8 104365 21 104717 29 105078 28 105439 26 105800 23 106161 20 106523 16 106884 14
a6e81120d1cb9f71f8a25f90a5d56c4b714a642fc496a705e38921fd90a3f69c,17208 11 17565 17 17923 20 18282 13 18296 8 18640 16 18657 1 18659 7 18999 28 19359 28 19717 31 20077 31 20436 32 20795 33 21155 32 21514 34 21873 39 22233 39 22593 40 22953 40 23312 42 23672 43 24031 45 24391 45 24751 45 25110 46 25469 48 25828 49 26188 4 26193 44 26548 49 26908 3 26912 45 27268 49 27627 50 27987 50 28346 51 28706 51 29066 51 29428 49 29788 49 30148 48 30507 49 30867 48 31227 48 31588 47 31948 45 32308 45 32668 44 33027 44 33387 44 33747 43 34107 3 34111 23 34136 5 34142 7 34467 4 34472 36 34827 22 34851 14 35187 37 35548 34 35909 31 36270 27 36631 23 36993 17 37356 12
a6e81120d1cb9f71f8a25f90a5d56c4b714a642fc496a705e38921fd90a3f69c,64968 4 65328 5 65688 5 66049 4 66409 4
a6e81120d1cb9f71f8a25f90a5d56c4b714a642fc496a705e38921fd90a3f69c,60283 5 60643 6 61003 7 61362 8 61722 8 62082 8 62442 8 62802 8 63163 7 63524 4
a6e81120d1cb9f71f8a25f90a5d56c4b714a642fc496a705e38921fd90a3f69c,102171 6 102531 6 102891 6 103251 6 103611 6 103971 6 104331 6
a6e81120d1cb9f71f8a25f90a5d56c4b714a642fc496a705e38921fd90a3f69c,61747 8 62107 8 62467 8 62827 8 63187 8 63548 6 63909 5
a6e81120d1cb9f71f8a25f90a5d56c4b714a642fc496a705e38921fd90a3f69c,270 36 629 38 988 39 1347 41 1706 42 2066 42 2426 42 2785 43 3145 43 3504 44 3864 44 4223 44 4583 44 4942 45 5301 47 5660 48 6020 48 6380 48 6740 33 6774 14 7100 33 7134 14 7460 48 7820 47 8180 47 8541 46 8901 46 9261 31 9293 13 9621 44 9982 43 10342 43 10702 42 11063 40 11423 40 11783 39 12143 39 12503 38 12864 31 12896 5 13224 30 13255 5 13585 34 13945 34 14306 25 14332 6 14667 30 15028 28 15389 26 15750 23 16112 19
a6e81120d1cb9f71f8a25f90a5d56c4b714a642fc496a705e38921fd90a3f69c,35038 8 35398 10 35758 11 36118 12 36476 15 36829 23 37187 27 37547 28 37906 30 38266 31 38626 31 38986 32 39346 32 39706 33 40066 33 40426 33 40787 32 41147 33 41507 33 41867 33 42228 32 42588 32 42948 32 43308 32 43667 33 44028 32 44388 32 44748 31 45108 31 45469 31 45829 31 46190 32 46550 32 46912 30 47274 28 47635 27 47995 26 48357 24 48718 21 49080 17 49441 14 49804 9
a6e81120d1cb9f71f8a25f90a5d56c4b714a642fc496a705e38921fd90a3f69c,124084 10 124442 16 124800 20 125159 23 125518 25 125877 27 126236 29 126596 30 126955 32 127314 34 127674 35 128034 35 128394 35 128754 36 129113 38 129474 37
a6e81120d1cb9f71f8a25f90a5d56c4b714a642fc496a705e38921fd90a3f69c,68116 1 68465 14 68822 19 68842 1 69180 25 69539 29 69898 31 70256 35 70615 37 70974 39 71333 41 71693 43 72053 43 72413 44 72773 45 73133 46 73492 47 73852 49 74212 49 74572 50 74932 50 75292 51 75653 50 76013 51 76373 51 76734 51 77094 51 77455 50 77815 51 78175 51 78536 50 78897 49 79257 49 79618 48 79978 48 80339 47 80700 46 81061 45 81422 43 81783 42 82144 40 82505 39 82866 37 83226 37 83587 35 83948 33 84308 33 84670 30 85032 27 85393 25 85754 23 86115 21 86478 6 86485 9
a6e81120d1cb9f71f8a25f90a5d56c4b714a642fc496a705e38921fd90a3f69c,27585 1 27587 6 27941 14 28299 18 28658 20 29016 23 29376 25 29735 27 30093 29 30454 29 30813 31 31172 32 31532 33 31891 28 31921 4 32251 35 32611 35 32970 36 33330 37 33690 38 34050 38 34410 39 34770 39 35130 39 35490 40 35850 40 36210 40 36570 41 36930 41 37290 42 37650 42 38010 42 38370 42 38730 43 39090 43 39450 43 39810 43 40170 43 40530 44 40890 44 41250 45 41610 45 41970 45 42330 45 42690 45 43050 45 43410 45 43771 44 44131 44 44491 44 44852 43 45212 43 45573 42 45933 42 46293 4 46298 37 46654 41 47014 41 47375 4 47380 35 47736 4 47741 33 48096 38 48456 38 48818 36 49178 35 49539 34 49900 33 50261 32 50622 31 50983 30 51344 28 51705 26 52067 24 52428 22 52790 19 53152 16 53515 12 53878 7
a6e81120d1cb9f71f8a25f90a5d56c4b714a642fc496a705e38921fd90a3f69c,45876 9 46235 11 46594 13 46954 14 47314 14 47674 15 48034 15 48394 15 48754 15 49114 15 49474 15 49835 14 50195 14 50555 14 50916 13 51276 13 51637 12 51998 10 52359 9 52720 7 53081 5 53442 3 53802 3
a6e81120d1cb9f71f8a25f90a5d56c4b714a642fc496a705e38921fd90a3f69c,46441 3 46445 1 46801 12 46814 2 47161 17 47521 19 47881 21 48241 22 48601 23 48961 24 49321 25 49681 25 50041 25 50401 25 50761 25 51121 24 51481 24 51841 24 52201 23 52561 23 52921 22 53281 21 53641 19 54001 16 54361 10 54372 1 54721 7 55081 4 55441 2
a6e81120d1cb9f71f8a25f90a5d56c4b714a642fc496a705e38921fd90a3f69c,87964 8 88323 13 88681 19 89040 20 89398 23 89756 25 90115 26 90471 30 90822 39 91182 39 91542 38 91902 38 92262 38 92623 37 92984 36 93344 35 93706 32 94067 30 94428 28 94789 25 95152 20 95513 8 95523 7
a6e81120d1cb9f71f8a25f90a5d56c4b714a642fc496a705e38921fd90a3f69c,54901 7 55261 7 55620 8 55980 8 56340 8 56700 8 57061 7 57422 4
a6e81120d1cb9f71f8a25f90a5d56c4b714a642fc496a705e38921fd90a3f69c,64587 7 64947 8 65307 8 65667 8 66027 8 66387 8 66747 8 67108 7
a6e81120d1cb9f71f8a25f90a5d56c4b714a642fc496a705e38921fd90a3f69c,3563 4 3569 6 3922 5 3928 9 4282 15 4641 20 4999 22 5359 24 5719 24 6078 26 6437 28 6797 29 7157 30 7516 31 7876 32 8236 33 8596 33 8955 35 9315 35 9675 35 10035 37 10395 36 10754 37 11114 38 11473 39 11833 40 12193 40 12552 42 12912 42 13272 42 13632 42 13993 42 14353 42 14713 43 15073 42 15433 43 15793 43 16153 43 16513 43 16874 42 17234 42 17595 41 17956 40 18316 39 18676 39 19037 38 19397 37 19757 37 20118 35 20478 35 20838 35 21199 32 21559 32 21920 31 22280 31 22641 29 23002 27 23363 25 23723 25 24084 22 24445 20 24806 18 25167 16 25530 11 25891 9 26254 1
a6e81120d1cb9f71f8a25f90a5d56c4b714a642fc496a705e38921fd90a3f69c,22 66 381 67 741 67 1101 67 1461 66 1821 66 2181 66 2541 66 2901 66 3261 65 3622 64 3982 64 4343 62 4704 61 5064 60 5426 57 5787 55 6149 53 6511 50 6873 11 6885 35 7238 1 7253 26 7616 22 7980 16 8344 9
