a7a581e6760df4701941670e73d72533e3b0fbd7563488ad92772b41f7709710,38424 7 38943 10 39462 13 39981 15 40500 17 41020 18 41540 19 42059 21 42579 22 43099 22 43619 22 44139 23 44659 23 45179 24 45699 24 46219 24 46739 24 47259 24 47779 24 48299 24 48819 23 49339 23 49859 23 50379 23 50899 22 51420 21 51940 21 52461 19 52981 19 53502 18 54023 16 54544 14 55065 12 55586 10 56107 8
a7a581e6760df4701941670e73d72533e3b0fbd7563488ad92772b41f7709710,247894 8 248409 15 248926 20 249444 23 249963 25 250481 28 251000 30 251519 31 252038 32 252558 32 253077 33 253597 33 254116 33 254636 33 255156 33 255676 32 256196 31 256716 30 257236 28 257756 25 258276 23 258797 20 259318 16 259839 12 260362 6
a7a581e6760df4701941670e73d72533e3b0fbd7563488ad92772b41f7709710,82268 12 82786 15 83303 19 83822 21 84341 22 84860 23 85380 23 85899 24 86418 25 86937 26 87457 26 87976 26 88495 26 89015 26 89535 25 90055 24 90574 25 91094 24 91614 24 92134 23 92654 23 93174 22 93694 22 94215 20 94735 20 95256 18 95777 16 96298 14 96821 9 97345 2
a7a581e6760df4701941670e73d72533e3b0fbd7563488ad92772b41f7709710,260190 5 260708 9 261227 11 261746 13 262264 16 262783 18 263302 19 263820 21 264338 24 264857 25 265377 25 265896 26 266416 26 266936 26 267456 26 267975 26 268495 26 269015 26 269535 26 270055 25 270575 25 271095 25 271615 25 272136 23 272657 21 273179 19 273700 17 274223 13 274744 11 275266 8
a7a581e6760df4701941670e73d72533e3b0fbd7563488ad92772b41f7709710,253539 2 254056 7 254574 12 255092 16 255609 20 256127 23 256646 25 257165 27 257684 28 258203 29 258721 31 259240 32 259759 33 260279 32 260798 33 261317 34 261836 34 262356 33 262876 32 263395 32 263915 31 264434 31 264954 30 265473 30 265993 29 266513 28 267033 28 267553 27 268073 26 268592 26 269112 25 269631 25 270151 24 270672 22 271192 21 271713 19 272235 15 272757 11
a7a581e6760df4701941670e73d72533e3b0fbd7563488ad92772b41f7709710,143998 4 144505 4 144515 8 145022 22 145541 24 146060 26 146580 27 147099 28 147619 28 148139 28 148659 28 149179 28 149699 28 150219 28 150739 28 151259 27 151780 25 152300 25 152821 23 153341 21 153862 19 154384 16 154907 11 155429 6
a7a581e6760df4701941670e73d72533e3b0fbd7563488ad92772b41f7709710,334438 9 334957 12 335476 17 335996 19 336516 24 337036 26 337556 28 338076 29 338596 32 339116 33 339636 34 340156 35 340676 36 341196 37 341716 38 342237 37 342757 37 343278 36 343798 36 344319 35 344840 34 345361 33 345882 32 346403 31 346924 30 347446 28 347970 24 348493 20 349015 18 349536 17 350056 17 350577 15 351100 12 351621 10
a7a581e6760df4701941670e73d72533e3b0fbd7563488ad92772b41f7709710,336498 6 337017 8 337536 10 338055 11 338574 12 339093 13 339612 14 340132 14 340652 15 341172 15 341692 16 342212 16 342732 16 343252 17 343772 19 344291 21 344810 24 345330 25 345849 27 346368 28 346888 28 347408 28 347928 28 348448 28 348968 28 349489 11 349504 12 350010 9 350025 11 350532 6 350546 10 351068 7
a7a581e6760df4701941670e73d72533e3b0fbd7563488ad92772b41f7709710,265924 9 266442 13 266962 14 267482 15 268001 18 268521 19 269041 19 269561 19 270080 21 270600 21 271120 21 271640 21 272159 22 272678 23 273198 23 273717 24 274236 25 274756 25 275277 24 275798 22 276318 21 276838 21 277358 20 277878 19 278399 17 278920 15 279440 14 279961 11 280483 7
a7a581e6760df4701941670e73d72533e3b0fbd7563488ad92772b41f7709710,295 26 815 27 1335 27 1855 27 2376 26 2896 26 3417 25 3938 24 4459 23 4980 22 5500 22 6021 20 6542 19 7063 17 7584 15 8106 12 8629 7
a7a581e6760df4701941670e73d72533e3b0fbd7563488ad92772b41f7709710,271802 5 272321 13 272840 17 273359 19 273879 20 274398 22 274917 23 275437 24 275957 24 276477 25 276997 26 277517 26 278038 26 278559 25 279080 24 279600 24 280121 22 280641 22 281161 22 281682 21 282202 20 282722 20 283243 19 283764 18 284285 17 284806 15 285327 14 285849 11 286373 5
a7a581e6760df4701941670e73d72533e3b0fbd7563488ad92772b41f7709710,112357 10 112875 14 113392 21 113911 24 114430 27 114950 30 115470 33 115989 35 116509 37 117029 38 117549 39 118069 39 118590 39 119110 39 119631 38 120152 37 120673 36 121195 34 121717 32 122238 30 122761 26 123282 24 123804 21 124326 18 124850 12 125372 9
a7a581e6760df4701941670e73d72533e3b0fbd7563488ad92772b41f7709710,303007 2 303526 4 304045 9 304554 21 305072 24 305591 26 306111 27 306630 29 307149 30 307669 30 308188 32 308708 32 309227 33 309747 34 310268 33 310788 34 311308 34 311828 34 312349 32 312869 32 313389 32 313910 31 314431 30 314953 27 315475 8 315486 13 316011 6
a7a581e6760df4701941670e73d72533e3b0fbd7563488ad92772b41f7709710,289200 8 289717 12 290233 17 290752 19 291269 22 291788 23 292307 23 292826 24 293345 24 293864 25 294383 26 294902 27 295422 27 295942 26 296462 26 296982 26 297502 25 298022 25 298542 24 299063 21 299583 19 300103 16 300624 12 301147 5
a7a581e6760df4701941670e73d72533e3b0fbd7563488ad92772b41f7709710,298992 7 299508 12 300026 15 300544 17 301062 19 301581 20 302099 22 302618 23 303136 25 303655 26 304174 27 304693 28 305213 28 305732 28 306251 28 306770 28 307290 28 307810 27 308330 27 308850 27 309370 26 309890 26 310410 26 310930 26 311451 24 311971 24 312491 24 313012 22 313533 21 314054 19 314575 18 315096 16 315620 11 316141 5
a7a581e6760df4701941670e73d72533e3b0fbd7563488ad92772b41f7709710,268301 4 268819 8 269338 10 269857 12 270377 12 270897 13 271416 14 271936 14 272456 15 272975 16 273495 17 274015 17 274534 18 275054 18 275573 19 276091 21 276607 25 277125 27 277644 28 278163 29 278683 29 279203 28 279723 28 280243 28 280763 27 281283 25 281804 23 282325 21 282845 19 283366 16 283887 12
a7a581e6760df4701941670e73d72533e3b0fbd7563488ad92772b41f7709710,303046 5 303562 11 304079 15 304598 17 305116 20 305635 21 306152 25 306670 27 307187 30 307706 32 308225 33 308744 34 309264 33 309784 33 310304 32 310824 32 311344 32 311865 30 312385 29 312905 29 313425 28 313945 27 314466 25 314986 23 315507 21 316028 18 316549 16 317069 14 317590 12 318116 3
a7a581e6760df4701941670e73d72533e3b0fbd7563488ad92772b41f7709710,7727 5 8244 9 8762 15 9281 17 9800 19 10319 20 10839 20 11358 22 11878 22 12398 22 12918 22 13438 22 13958 22 14478 22 14999 20 15519 20 16039 20 16559 19 17079 19 17600 18 18120 18 18640 18 19160 18 19680 18 20200 17 20720 17 21240 17 21760 17 22280 16 22800 16 23321 15 23841 14 24362 13 24882 12 25403 9 25924 6
a7a581e6760df4701941670e73d72533e3b0fbd7563488ad92772b41f7709710,335921 6 336441 8 336961 9 337481 10 338001 11 338521 12 339041 13 339561 12 340081 11 340601 9 341121 8 341641 7 342161 6 342681 5 343201 5 343721 5 344241 4 344761 3 345281 3 345801 3 346321 3 346841 3 347361 3 347881 3 348401 3 348921 2 349441 1
a7a581e6760df4701941670e73d72533e3b0fbd7563488ad92772b41f7709710,278603 6 279114 16 279632 19 280147 25 280666 27 281186 27 281706 28 282226 29 282747 29 283268 28 283788 28 284308 28 284828 28 285349 27 285869 27 286390 25 286910 24 287431 22 287952 16 288473 11 288996 6
a7a581e6760df4701941670e73d72533e3b0fbd7563488ad92772b41f7709710,257507 5 258026 9 258546 10 259065 12 259584 13 260104 14 260624 15 261144 17 261663 19 262183 20 262703 21 263224 21 263744 22 264264 22 264785 22 265306 22 265826 22 266347 22 266868 21 267389 20 267910 20 268431 19 268951 19 269472 18 269992 18 270512 19 271032 19 271553 18 272073 18 272593 17 273114 16 273634 16 274155 14 274676 12 275197 11 275718 9
a7a581e6760df4701941670e73d72533e3b0fbd7563488ad92772b41f7709710,61115 6 61634 9 62153 12 62672 14 63192 15 63712 17 64232 18 64752 19 65272 20 65793 20 66313 21 66833 21 67354 21 67874 22 68394 23 68915 23 69435 24 69956 24 70477 23 70997 24 71517 25 72038 25 72559 25 73080 24 73601 24 74122 23 74643 22 75164 21 75686 19 76207 18 76728 17 77250 14 77772 11 78293 9
a7a581e6760df4701941670e73d72533e3b0fbd7563488ad92772b41f7709710,20427 9 20940 18 21457 24 21976 26 22495 28 23014 30 23533 31 24052 32 24572 33 25091 34 25611 34 26131 33 26650 34 27170 34 27690 33 28210 32 28730 31 29250 30 29770 29 30291 27 30811 26 31332 24 31853 22 32374 20 32895 19 33417 16 33938 13 34461 8
a7a581e6760df4701941670e73d72533e3b0fbd7563488ad92772b41f7709710,29339 11 29858 13 30375 17 30893 20 31412 21 31929 25 32447 27 32966 28 33484 29 34003 30 34521 32 35040 33 35559 33 36077 35 36596 35 37115 35 37634 35 38153 35 38673 33 39192 33 39711 32 40231 30 40750 30 41270 29 41789 28 42309 26 42829 25 43350 23 43870 22 44390 21 44910 20 45430 19 45951 17 46471 15 46992 12 47513 9
a7a581e6760df4701941670e73d72533e3b0fbd7563488ad92772b41f7709710,65231 11 65749 14 66268 16 66787 18 67306 20 67825 21 68344 22 68864 22 69383 23 69903 23 70422 24 70942 24 71461 24 71981 24 72501 24 73021 23 73541 22 74061 22 74580 22 75100 21 75621 19 76141 18 76661 17 77181 16 77701 15 78221 14 78741 13 79262 11 79783 9 80304 7 80825 4
a7a581e6760df4701941670e73d72533e3b0fbd7563488ad92772b41f7709710,17462 10 17980 15 18498 18 19016 22 19534 25 20052 28 20571 30 21091 30 21610 32 22129 33 22649 33 23169 33 23689 33 24209 33 24729 33 25249 32 25770 31 26290 30 26811 28 27331 27 27852 25 28373 22 28895 19 29418 13 29942 5
a7a581e6760df4701941670e73d72533e3b0fbd7563488ad92772b41f7709710,301813 2 302330 8 302847 12 303366 14 303885 16 304405 16 304925 17 305445 17 305965 17 306485 17 307004 18 307524 18 308045 17 308565 17 309085 18 309606 18 310127 18 310648 18 311169 18 311690 19 312211 19 312731 19 313251 20 313771 21 314291 21 314811 21 315331 21 315851 21 316372 20 316892 20 317413 18 317934 17 318456 14 318978 10 319502 4
a7a581e6760df4701941670e73d72533e3b0fbd7563488ad92772b41f7709710,186452 4 186969 11 187487 17 188006 20 188525 23 189045 25 189564 27 190084 28 190604 29 191124 30 191643 32 192162 34 192682 35 193203 35 193724 35 194245 35 194766 35 195287 34 195808 34 196328 35 196849 34 197370 34 197891 33 198412 32 198933 31 199454 30 199974 30 200495 29 201016 27 201536 27 202057 26 202577 25 203097 25 203617 24 204137 23 204658 21 205178 20 205699 17 206219 14 206745 3
a7a581e6760df4701941670e73d72533e3b0fbd7563488ad92772b41f7709710,335789 15 336307 19 336824 24 337341 28 337858 32 338377 33 338896 35 339416 36 339935 37 340455 38 340975 38 341495 38 342015 38 342535 39 343055 39 343575 39 344096 38 344616 39 345137 38 345658 37 346179 35 346701 33 347224 29 347746 26 348267 24 348792 15
a7a581e6760df4701941670e73d72533e3b0fbd7563488ad92772b41f7709710,178998 5 179512 12 180024 23 180542 26 181061 27 181581 28 182100 29 182619 30 183138 31 183658 31 184178 31 184698 31 185218 31 185738 30 186258 29 186778 28 187298 27 187817 27 188337 24 188856 23 189376 22 189896 21 190416 20 190935 20 191455 19 191976 18 192498 15 193020 13 193541 11 194063 9 194584 8 195105 7 195625 6 196146 4
a7a581e6760df4701941670e73d72533e3b0fbd7563488ad92772b41f7709710,127401 11 127921 13 128441 14 128961 15 129481 16 130001 17 130521 18 131041 19 131561 19 132081 19 132601 20 133121 20 133641 20 134161 20 134681 20 135201 20 135721 20 136241 20 136761 19 137281 19 137801 18 138321 18 138841 17 139361 17 139881 16 140401 15 140921 14 141441 13 141961 10 142481 7 143002 4
a7a581e6760df4701941670e73d72533e3b0fbd7563488ad92772b41f7709710,249 25 769 26 1290 25 1811 25 2331 25 2852 24 3373 23 3894 22 4414 22 4935 20 5457 17 5978 16 6500 13 7022 8
a7a581e6760df4701941670e73d72533e3b0fbd7563488ad92772b41f7709710,226325 5 226842 10 227361 12 227880 14 228398 17 228917 18 229436 20 229955 21 230474 22 230994 22 231513 23 232032 24 232552 23 233071 24 233590 25 234110 24 234630 24 235150 23 235670 21 236190 19 236710 17 237230 16 237751 14 238271 13 238791 12 239312 10 239833 8 240355 3
a7a581e6760df4701941670e73d72533e3b0fbd7563488ad92772b41f7709710,103191 8 103708 13 104226 16 104745 18 105265 19 105784 21 106303 22 106822 24 107342 24 107861 26 108381 26 108900 27 109419 28 109939 28 110459 28 110978 30 111498 30 112017 31 112537 31 113057 31 113577 30 114097 30 114617 30 115137 30 115657 30 116178 28 116698 28 117218 28 117738 27 118259 26 118779 25 119300 23 119820 22 120341 20 120862 18 121384 15 121906 13 122427 12 122948 10 123469 8 123990 6 124511 4
a7a581e6760df4701941670e73d72533e3b0fbd7563488ad92772b41f7709710,177243 10 177760 16 178278 19 178797 21 179316 23 179835 25 180354 27 180873 28 181392 30 181912 30 182431 31 182951 32 183470 33 183990 33 184510 33 185030 33 185549 34 186069 35 186589 35 187109 35 187628 36 188148 35 188668 35 189188 35 189708 35 190229 33 190749 33 191269 33 191789 32 192310 31 192830 30 193350 30 193871 28 194392 26 194913 23 195434 21 195955 19 196477 15 197000 8
a7a581e6760df4701941670e73d72533e3b0fbd7563488ad92772b41f7709710,347969 1 348488 5 349007 8 349525 11 350044 12 350563 14 351082 15 351601 15 352121 14 352640 15 353159 16 353678 17 354197 18 354717 19 355236 21 355756 21 356275 22 356795 22 357315 22 357835 22 358355 22 358875 22 359395 21 359916 20 360438 17 360959 15 361479 15
a7a581e6760df4701941670e73d72533e3b0fbd7563488ad92772b41f7709710,317015 14 317532 20 318050 23 318569 26 319088 28 319607 30 320126 32 320645 33 321165 34 321684 35 322203 36 322723 36 323243 37 323763 37 324282 38 324802 38 325322 38 325842 37 326362 37 326882 37 327402 36 327922 36 328443 34 328963 33 329484 31 330005 29 330526 27 331048 23 331573 15 332098 7
a7a581e6760df4701941670e73d72533e3b0fbd7563488ad92772b41f7709710,248189 7 248707 10 249226 11 249745 13 250264 15 250784 16 251303 18 251823 19 252343 20 252862 22 253382 22 253902 23 254422 23 254942 23 255463 22 255983 22 256503 21 257023 21 257544 20 258064 20 258585 19 259105 18 259625 18 260145 17 260665 16 261186 14 261706 13 262227 12 262747 12 263268 10 263788 9 264309 7 264831 4
a7a581e6760df4701941670e73d72533e3b0fbd7563488ad92772b41f7709710,350331 3 350846 11 351365 14 351883 17 352402 19 352921 21 353441 21 353960 23 354479 24 354998 25 355518 25 356037 25 356557 24 357077 24 357597 20 358117 19 358637 19 359158 18 359679 17 360200 16 360722 13 361245 7
a7a581e6760df4701941670e73d72533e3b0fbd7563488ad92772b41f7709710,241986 3 242505 6 243025 9 243544 11 244063 13 244580 17 245098 19 245617 20 246136 22 246655 23 247174 24 247693 25 248213 26 248733 26 249253 25 249773 25 250293 24 250813 23 251333 22 251854 21 252374 20 252895 19 253416 17 253937 14 254459 10
a7a581e6760df4701941670e73d72533e3b0fbd7563488ad92772b41f7709710,17105 8 17623 12 18142 17 18661 30 19180 34 19700 35 20220 36 20740 37 21261 37 21782 36 22302 36 22822 36 23342 36 23862 35 24383 34 24904 33 25425 31 25945 30 26466 26 26988 23 27510 20 28031 17 28552 13 29074 7
a7a581e6760df4701941670e73d72533e3b0fbd7563488ad92772b41f7709710,82 17 602 17 1121 19 1640 20 2160 20 2679 21 3199 20 3718 21 4238 21 4758 21 5278 20 5798 20 6318 20 6837 21 7357 20 7876 21 8396 21 8916 20 9436 20 9956 19 10476 19 10996 18 11516 17 12036 17 12556 16 13077 14 13597 13 14118 11 14639 9 15160 7
a7a581e6760df4701941670e73d72533e3b0fbd7563488ad92772b41f7709710,288358 5 288876 10 289394 13 289913 15 290433 16 290952 18 291471 19 291990 20 292510 19 293029 19 293549 19 294068 19 294588 19 295107 19 295627 19 296147 19 296667 19 297186 19 297706 19 298226 19 298746 19 299266 19 299787 18 300307 18 300827 18 301347 18 301867 18 302387 16 302908 14 303428 13 303949 11 304470 8
a7a581e6760df4701941670e73d72533e3b0fbd7563488ad92772b41f7709710,342886 3 343404 9 343919 15 344436 19 344954 22 345472 25 345991 27 346510 28 347029 30 347548 31 348068 31 348587 32 349107 33 349626 34 350146 34 350666 34 351186 34 351706 34 352226 34 352746 33 353267 32 353787 31 354307 31 354827 31 355348 29 355868 29 356389 28 356910 26 357430 25 357951 24 358472 22 358994 19 359515 17 360036 15 360557 13 361079 10 361600 8
a7a581e6760df4701941670e73d72533e3b0fbd7563488ad92772b41f7709710,225167 3 225686 12 226205 15 226724 17 227244 19 227763 21 228281 24 228801 24 229321 25 229841 26 230361 27 230881 27 231401 27 231921 27 232441 28 232961 28 233481 28 234001 27 234521 27 235041 27 235561 27 236081 26 236601 26 237121 26 237641 25 238161 24 238686 18 239207 16 239728 14 240249 12 240771 9 241293 5
a7a581e6760df4701941670e73d72533e3b0fbd7563488ad92772b41f7709710,153963 9 154481 13 154997 19 155514 23 156033 25 156552 26 157071 28 157591 28 158110 29 158630 29 159150 29 159670 29 160190 29 160710 28 161231 27 161752 25 162272 25 162793 23 163314 21 163836 19 164357 18 164878 16 165399 14 165921 11
a7a581e6760df4701941670e73d72533e3b0fbd7563488ad92772b41f7709710,281760 9 282279 11 282798 13 283317 16 283836 18 284356 19 284875 21 285395 22 285915 23 286434 24 286952 26 287471 27 287991 27 288511 27 289031 27 289551 27 290070 28 290590 28 291110 28 291630 28 292150 28 292669 29 293189 29 293709 29 294229 29 294749 28 295270 27 295791 26 296312 24 296833 22 297355 19 297876 16 298398 12
a7a581e6760df4701941670e73d72533e3b0fbd7563488ad92772b41f7709710,155034 10 155552 14 156071 18 156591 19 157110 20 157630 21 158149 22 158669 23 159189 23 159708 23 160227 24 160747 23 161266 23 161785 23 162305 22 162825 22 163344 22 163864 22 164384 22 164905 20 165425 20 165945 20 166466 19 166986 19 167506 18 168027 17 168548 16 169069 14 169590 12 170112 6
a7a581e6760df4701941670e73d72533e3b0fbd7563488ad92772b41f7709710,264732 6 265246 18 265765 20 266283 23 266802 25 267322 25 267842 26 268361 27 268880 29 269400 29 269919 30 270439 30 270959 30 271479 30 271999 30 272519 29 273039 28 273559 28 274079 12 274096 10 274600 9 274620 3 275122 4
a7a581e6760df4701941670e73d72533e3b0fbd7563488ad92772b41f7709710,326480 11 326998 16 327517 20 328036 23 328556 25 329075 28 329595 29 330115 30 330635 31 331155 32 331675 32 332196 32 332716 33 333237 33 333757 33 334278 33 334798 33 335319 33 335840 32 336360 31 336881 30 337402 29 337923 28 338444 27 338965 26 339486 24 340007 23 340528 21 341051 18 341573 15 342095 11 342619 4
a7a581e6760df4701941670e73d72533e3b0fbd7563488ad92772b41f7709710,76622 5 77141 9 77659 13 78175 19 78694 21 79212 23 79731 25 80250 27 80768 29 81287 30 81806 31 82325 32 82845 32 83364 33 83884 33 84403 34 84923 33 85442 33 85962 32 86482 31 87002 30 87522 27 88042 26 88562 25 89082 24 89603 22 90124 20 90645 17 91166 15 91689 10
a7a581e6760df4701941670e73d72533e3b0fbd7563488ad92772b41f7709710,104691 3 105209 7 105727 10 106245 14 106753 27 107271 29 107789 31 108308 32 108827 33 109347 33 109866 34 110386 33 110906 33 111426 33 111947 31 112467 31 112986 32 113506 23 114027 21 114547 19 115067 17 115587 15 116107 14 116628 12 117149 10 117670 7 118191 5
a7a581e6760df4701941670e73d72533e3b0fbd7563488ad92772b41f7709710,329205 4 329724 6 330243 8 330762 10 331281 12 331800 14 332320 16 332839 18 333358 20 333877 22 334397 22 334916 23 335436 23 335956 23 336476 22 336996 21 337515 21 338035 20 338554 20 339073 20 339593 19 340112 20 340632 20 341152 20 341672 20 342193 16 342713 15 343233 13 343754 11 344276 8
a7a581e6760df4701941670e73d72533e3b0fbd7563488ad92772b41f7709710,187844 2 188361 10 188879 16 189398 19 189917 22 190436 24 190955 26 191474 28 191994 29 192513 30 193033 30 193552 31 194072 31 194592 31 195112 30 195631 31 196150 32 196669 32 197189 32 197709 31 198229 31 198749 31 199269 30 199789 30 200309 30 200829 30 201349 30 201869 30 202389 30 202908 31 203428 31 203949 30 204469 30 204989 29 205510 28 206030 28 206551 27 207072 25 207593 24 208115 21 208637 18 209160 13 209684 7
a7a581e6760df4701941670e73d72533e3b0fbd7563488ad92772b41f7709710,331211 10 331728 16 332246 19 332764 22 333282 26 333801 28 334321 30 334841 31 335361 33 335881 34 336401 35 336921 36 337441 37 337961 37 338481 38 339001 39 339521 40 340042 39 340562 39 341082 39 341603 38 342123 38 342644 37 343165 36 343685 35 344206 33 344727 32 345249 29 345770 27 346291 24 346812 21 347333 17 347856 11
a7a581e6760df4701941670e73d72533e3b0fbd7563488ad92772b41f7709710,344507 5 345024 9 345524 9 345540 14 346041 15 346059 15 346560 34 347080 35 347600 35 348120 35 348640 35 349160 34 349680 34 350200 34 350720 33 351240 33 351761 32 352281 31 352801 31 353322 30 353843 29 354363 28 354884 26 355404 25 355924 25 356445 22 356966 20 357487 18 358008 16 358529 14 359051 10
a7a581e6760df4701941670e73d72533e3b0fbd7563488ad92772b41f7709710,99878 17 100397 20 100917 22 101436 25 101955 29 102474 31 102994 32 103513 35 104033 36 104553 37 105073 38 105593 39 106113 40 106633 41 107154 40 107674 41 108195 40 108719 36 109241 34 109764 31 110287 28 110810 25 111332 23 111860 14 112384 9 112906 5 113427 2
a7a581e6760df4701941670e73d72533e3b0fbd7563488ad92772b41f7709710,353636 11 354155 13 354671 18 355189 20 355707 23 356226 24 356746 25 357266 26 357786 26 358306 26 358826 27 359346 27 359867 26 360388 26 360911 23 361432 22
a7a581e6760df4701941670e73d72533e3b0fbd7563488ad92772b41f7709710,253983 2 254497 12 255016 18 255535 22 256055 25 256574 27 257094 28 257614 29 258133 31 258653 32 259173 33 259694 33 260214 34 260735 34 261256 33 261777 33 262298 32 262819 31 263340 30 263861 28 264382 27 264903 25 265426 21 265948 17 266469 14 266999 2
a7a581e6760df4701941670e73d72533e3b0fbd7563488ad92772b41f7709710,331369 6 331886 13 332404 16 332922 18 333440 21 333959 22 334477 24 334996 26 335515 27 336035 27 336555 27 337074 28 337594 28 338114 28 338634 28 339154 28 339674 27 340195 26 340715 26 341235 25 341756 23 342277 21 342798 19 343320 13 343841 6
a7a581e6760df4701941670e73d72533e3b0fbd7563488ad92772b41f7709710,292417 12 292933 20 293451 25 293969 28 294488 31 295007 33 295527 34 296046 35 296566 36 297086 36 297606 36 298126 36 298646 36 299166 35 299686 35 300207 34 300728 32 301248 32 301769 30 302291 26 302812 23 303336 10
a7a581e6760df4701941670e73d72533e3b0fbd7563488ad92772b41f7709710,28632 8 29149 13 29668 16 30187 18 30706 20 31226 21 31745 23 32265 24 32785 25 33305 25 33825 26 34344 27 34864 27 35384 27 35904 28 36425 27 36945 27 37465 26 37985 26 38505 26 39025 26 39545 26 40066 24 40586 24 41106 23 41627 21 42148 19 42670 16 43192 12 43716 4
a7a581e6760df4701941670e73d72533e3b0fbd7563488ad92772b41f7709710,288897 6 289415 10 289934 12 290452 15 290971 16 291490 18 292010 19 292529 20 293048 22 293568 22 294087 23 294607 23 295126 24 295646 24 296166 24 296686 23 297205 24 297725 23 298245 23 298765 22 299285 21 299805 20 300325 19 300845 18 301365 17 301885 16 302405 15 302926 13 303448 10 303969 8 304491 5
a7a581e6760df4701941670e73d72533e3b0fbd7563488ad92772b41f7709710,315383 8 315902 10 316421 12 316940 13 317458 16 317977 17 318496 19 319015 20 319534 21 320053 22 320572 23 321092 23 321612 23 322132 23 322652 24 323172 24 323692 25 324213 24 324733 24 325254 24 325774 24 326295 23 326816 22 327336 22 327857 21 328378 20 328899 19 329420 18 329941 17 330462 15 330984 12 331505 10 332030 4
a7a581e6760df4701941670e73d72533e3b0fbd7563488ad92772b41f7709710,78777 4 79292 10 79810 14 80329 16 80848 17 81367 19 81886 20 82405 21 82924 22 83443 22 83963 22 84483 22 85003 21 85523 20 86042 21 86561 21 87080 21 87600 20 88119 21 88639 20 89159 20 89679 20 90199 20 90719 19 91239 19 91759 20 92280 19 92801 18 93322 17 93843 16 94364 15 94886 12 95407 10 95930 6
a7a581e6760df4701941670e73d72533e3b0fbd7563488ad92772b41f7709710,180994 10 181512 15 182031 17 182550 19 183069 21 183588 23 184108 24 184627 25 185147 26 185667 26 186187 26 186707 27 187227 27 187747 27 188267 28 188787 28 189307 29 189828 28 190348 29 190868 29 191388 29 191909 28 192430 27 192951 26 193472 25 193993 24 194514 23 195038 19 195559 18 196081 15 196603 12 197126 8
a7a581e6760df4701941670e73d72533e3b0fbd7563488ad92772b41f7709710,221168 6 221685 10 222202 14 222719 17 223237 19 223755 22 224274 23 224794 23 225313 24 225833 24 226353 23 226873 23 227393 23 227913 22 228433 22 228953 22 229474 21 229994 20 230514 19 231035 17 231555 16 232076 11 232597 9 233117 8 233638 6
a7a581e6760df4701941670e73d72533e3b0fbd7563488ad92772b41f7709710,101679 7 102196 24 102714 27 103232 30 103751 31 104270 32 104789 33 105308 33 105827 34 106347 33 106866 33 107386 32 107906 31 108425 31 108945 29 109465 28 109986 26 110506 25 111027 23 111547 22 112068 19 112589 16 113110 14 113633 8
a7a581e6760df4701941670e73d72533e3b0fbd7563488ad92772b41f7709710,41569 1 42087 4 42604 9 43121 19 43641 19 44162 19 44682 21 45203 22 45723 23 46243 23 46763 24 47283 24 47803 24 48323 24 48842 24 49362 23 49882 23 50402 22 50921 22 51441 21 51963 19 52484 17 53006 15 53527 13 54048 11 54569 9 55090 7
a7a581e6760df4701941670e73d72533e3b0fbd7563488ad92772b41f7709710,170694 8 171212 14 171728 19 172246 23 172765 25 173284 27 173804 27 174324 28 174843 29 175363 30 175884 30 176404 31 176924 32 177444 33 177964 34 178483 35 179003 36 179524 35 180047 33 180568 32 181088 32 181609 31 182131 29 182654 25 183175 24 183698 20 184223 14 184744 12 185267 6
a7a581e6760df4701941670e73d72533e3b0fbd7563488ad92772b41f7709710,202240 9 202758 12 203277 14 203795 17 204314 19 204834 20 205354 20 205873 22 206393 22 206913 23 207433 24 207953 24 208473 25 208992 26 209512 27 210032 27 210552 27 211073 26 211593 26 212114 24 212635 23 213156 21 213677 20 214198 18 214719 16 215240 14 215762 11 216284 7
a7a581e6760df4701941670e73d72533e3b0fbd7563488ad92772b41f7709710,191449 4 191964 12 192483 15 193001 19 193520 21 194039 24 194558 26 195078 27 195597 28 196117 28 196637 28 197156 28 197676 28 198196 28 198715 29 199235 28 199755 27 200276 25 200796 25 201316 24 201837 23 202357 22 202877 20 203397 19 203918 15 204440 8
a7a581e6760df4701941670e73d72533e3b0fbd7563488ad92772b41f7709710,286320 1 286331 8 286839 20 287357 22 287876 23 288395 24 288915 24 289434 26 289954 26 290474 27 290994 27 291514 27 292035 26 292555 26 293075 26 293596 25 294116 25 294636 25 295157 24 295678 22 296198 22 296719 21 297240 19 297761 17 298282 16 298803 14 299325 10 299847 7
a7a581e6760df4701941670e73d72533e3b0fbd7563488ad92772b41f7709710,156 26 675 27 1194 28 1712 30 2231 30 2750 31 3270 30 3789 31 4309 31 4829 31 5350 30 5870 30 6390 29 6911 28 7433 25 7954 23 8474 22 8994 21 9515 19 10035 18 10556 16 11078 12
a7a581e6760df4701941670e73d72533e3b0fbd7563488ad92772b41f7709710,113529 10 114048 14 114566 21 115084 25 115602 28 116121 30 116640 32 117159 34 117677 37 118196 38 118716 38 119236 39 119755 40 120275 40 120794 41 121314 41 121833 42 122353 42 122873 42 123394 41 123914 40 124434 39 124954 39 125474 38 125995 18 126021 10 126515 16 127036 13 127557 11
a7a581e6760df4701941670e73d72533e3b0fbd7563488ad92772b41f7709710,245961 6 246481 7 247001 9 247521 11 248041 12 248561 12 249081 13 249601 14 250121 15 250641 16 251161 16 251681 17 252201 17 252721 17 253241 17 253761 17 254281 16 254801 16 255321 15 255841 14 256361 12 256884 8 257406 2
a7a581e6760df4701941670e73d72533e3b0fbd7563488ad92772b41f7709710,333619 2 334137 5 334655 9 335170 16 335689 19 336209 20 336728 21 337247 23 337765 26 338284 27 338803 29 339322 30 339842 31 340361 32 340881 33 341401 34 341921 35 342441 35 342961 35 343482 35 344003 34 344525 4 344535 21 345057 19 345579 16 346101 14 346622 12 347143 10 347665 7
a7a581e6760df4701941670e73d72533e3b0fbd7563488ad92772b41f7709710,289139 4 289658 7 290177 9 290696 11 291215 13 291734 15 292253 16 292773 17 293293 17 293812 18 294331 20 294851 20 295371 20 295891 20 296411 21 296931 21 297451 21 297971 21 298491 21 299011 21 299531 21 300051 21 300572 20 301092 20 301613 19 302133 19 302653 18 303174 17 303694 16 304215 14 304736 12 305258 9 305780 5
a7a581e6760df4701941670e73d72533e3b0fbd7563488ad92772b41f7709710,302245 5 302763 14 303282 16 303802 16 304322 17 304842 18 305362 20 305881 22 306401 23 306921 23 307440 25 307960 26 308480 26 309001 24 309521 24 310041 25 310561 25 311081 24 311602 23 312123 21 312643 19 313164 17 313685 15 314206 13 314727 12 315252 6 315773 5 316294 3
a7a581e6760df4701941670e73d72533e3b0fbd7563488ad92772b41f7709710,171799 9 172318 11 172836 14 173355 16 173874 18 174394 18 174913 19 175432 21 175952 21 176472 21 176991 22 177511 22 178031 22 178551 22 179071 22 179590 23 180110 23 180630 24 181150 24 181670 25 182190 26 182710 27 183230 27 183750 28 184270 29 184790 29 185311 29 185831 29 186351 30 186871 30 187391 30 187912 30 188432 30 188952 30 189473 29 189993 29 190513 28 191034 27 191555 26 192076 24 192597 23 193118 21 193639 20 194159 19 194680 17 195201 15 195722 13 196244 9
a7a581e6760df4701941670e73d72533e3b0fbd7563488ad92772b41f7709710,314905 6 315423 10 315942 12 316461 15 316980 17 317500 17 318019 19 318539 19 319058 20 319578 20 320097 21 320617 21 321136 22 321655 22 322175 22 322695 22 323214 22 323734 22 324254 21 324773 21 325293 21 325812 21 326332 20 326852 20 327372 20 327892 20 328412 19 328933 18 329453 18 329974 17 330495 15 331016 13 331537 10
a7a581e6760df4701941670e73d72533e3b0fbd7563488ad92772b41f7709710,125318 3 125835 6 126353 8 126872 9 127391 10 127911 10 128431 10 128950 11 129470 11 129990 11 130510 11 131029 12 131548 13 132068 13 132588 13 133107 14 133627 14 134147 14 134667 14 135187 14 135707 14 136227 14 136748 13 137270 11 137792 9 138315 6 138836 5 139359 2 139880 1
a7a581e6760df4701941670e73d72533e3b0fbd7563488ad92772b41f7709710,58969 8 59487 11 60004 15 60523 17 61042 19 61560 22 62078 24 62597 26 63116 27 63635 28 64155 27 64674 28 65194 28 65714 27 66234 27 66755 26 67275 25 67795 25 68316 24 68836 24 69357 22 69878 20 70399 18 70919 17 71440 15 71961 13 72482 11 73004 7 73527 2
a7a581e6760df4701941670e73d72533e3b0fbd7563488ad92772b41f7709710,173562 7 174080 11 174598 14 175116 17 175634 20 176153 22 176672 23 177191 25 177711 25 178230 27 178750 27 179270 28 179790 28 180309 30 180829 30 181349 30 181869 29 182389 29 182909 29 183429 29 183949 29 184469 29 184989 28 185509 28 186030 27 186550 26 187071 25 187591 24 188112 22 188633 20 189154 18 189675 16 190196 14 190718 9 191241 3
a7a581e6760df4701941670e73d72533e3b0fbd7563488ad92772b41f7709710,36502 12 37016 22 37534 26 38053 30 38572 32 39091 34 39610 35 40130 36 40650 37 41170 38 41690 38 42210 39 42730 39 43251 38 43772 36 44293 35 44815 32 45337 29 45861 24 46385 18 46911 9
a7a581e6760df4701941670e73d72533e3b0fbd7563488ad92772b41f7709710,72848 9 73367 13 73886 16 74405 19 74924 21 75443 23 75963 25 76482 27 77002 27 77522 28 78042 29 78562 29 79082 29 79602 29 80122 29 80642 28 81163 26 81684 22 82205 20 82726 19 83248 16 83769 13 84291 9
a7a581e6760df4701941670e73d72533e3b0fbd7563488ad92772b41f7709710,249047 12 249563 18 250080 25 250599 28 251118 30 251637 31 252157 32 252677 32 253196 32 253716 32 254236 32 254757 31 255277 31 255798 30 256319 29 256840 27 257362 24 257887 18 258410 15 258937 7
a7a581e6760df4701941670e73d72533e3b0fbd7563488ad92772b41f7709710,209 16 728 17 1248 18 1767 20 2287 21 2807 21 3326 22 3846 23 4366 23 4886 23 5406 23 5925 24 6445 24 6965 24 7485 24 8005 24 8525 24 9044 25 9564 25 10083 26 10603 25 11123 25 11643 24 12163 24 12683 23 13203 22 13723 21 14243 19 14764 17 15285 13 15806 10
a7a581e6760df4701941670e73d72533e3b0fbd7563488ad92772b41f7709710,6211 7 6730 12 7249 17 7769 20 8289 23 8809 24 9330 25 9850 26 10371 27 10891 28 11412 28 11933 28 12454 27 12975 26 13496 25 14017 24 14538 23 15059 22 15581 20 16102 19 16623 18 17145 16 17666 15 18187 14 18708 13 19229 12 19750 10 20272 7
a7a581e6760df4701941670e73d72533e3b0fbd7563488ad92772b41f7709710,217951 8 218470 12 218989 14 219506 18 220025 19 220544 20 221063 22 221583 22 222102 23 222622 23 223141 24 223661 24 224181 25 224701 25 225222 25 225742 25 226263 24 226783 24 227303 24 227823 24 228343 24 228864 23 229384 23 229905 22 230426 21 230946 21 231466 20 231987 18 232508 16 233030 11 233552 7
a7a581e6760df4701941670e73d72533e3b0fbd7563488ad92772b41f7709710,58714 11 59233 13 59751 16 60270 17 60789 19 61308 20 61828 21 62348 21 62868 21 63388 21 63908 22 64429 22 64949 23 65469 26 65990 26 66511 26 67032 26 67554 25 68075 24 68595 24 69116 23 69636 23 70156 23 70676 23 71197 22 71717 22 72238 21 72759 19 73280 16 73802 13 74324 9
a7a581e6760df4701941670e73d72533e3b0fbd7563488ad92772b41f7709710,57221 5 57740 8 58258 11 58775 14 59283 27 59802 28 60322 29 60842 29 61362 29 61882 29 62402 29 62922 28 63442 28 63962 28 64483 26 65003 25 65523 24 66044 22 66565 20 67086 18 67607 14 68129 10
a7a581e6760df4701941670e73d72533e3b0fbd7563488ad92772b41f7709710,122803 11 123320 17 123838 20 124357 23 124875 26 125394 29 125914 30 126433 32 126952 33 127472 34 127992 35 128512 36 129031 37 129551 38 130071 38 130591 38 131111 39 131631 39 132152 38 132672 38 133192 38 133713 36 134233 36 134753 36 135274 35 135795 34 136316 32 136837 30 137358 2 137363 24 137886 20 138408 16 138929 14 139451 10
a7a581e6760df4701941670e73d72533e3b0fbd7563488ad92772b41f7709710,317920 7 318436 13 318953 17 319471 20 319989 23 320508 24 321028 25 321547 26 322067 27 322586 28 323106 29 323626 29 324147 28 324667 28 325188 27 325708 27 326228 27 326749 25 327270 24 327792 22 328313 20 328834 19 329354 19 329874 2 329888 5
a7a581e6760df4701941670e73d72533e3b0fbd7563488ad92772b41f7709710,354526 7 355042 13 355560 17 356079 19 356597 21 357116 23 357626 3 357635 24 358145 5 358154 26 358664 7 358673 27 359184 36 359704 36 360224 35 360743 36 361262 36 361782 35
a7a581e6760df4701941670e73d72533e3b0fbd7563488ad92772b41f7709710,239477 2 239994 7 240512 19 241031 21 241548 25 242067 27 242586 28 243105 29 243624 30 244144 30 244663 31 245183 30 245703 30 246223 30 246743 29 247263 26 247783 25 248304 23 248824 22 249345 19 249866 17 250388 13 250911 7
a7a581e6760df4701941670e73d72533e3b0fbd7563488ad92772b41f7709710,97761 4 98281 6 98801 7 99321 8 99841 9 100361 10 100881 11 101401 11 101921 12 102441 12 102961 12 103481 12 104001 12 104521 12 105041 12 105561 12 106081 12 106601 11 107121 10 107641 10 108161 9 108681 9 109201 8 109721 7 110241 5
a7a581e6760df4701941670e73d72533e3b0fbd7563488ad92772b41f7709710,202732 5 203249 12 203767 15 204285 18 204804 20 205324 21 205843 22 206363 22 206882 24 207402 24 207922 24 208441 25 208961 25 209481 25 210001 25 210520 26 211040 25 211560 25 212080 24 212600 24 213120 23 213640 22 214161 20 214681 19 215202 17 215723 15 216244 12 216765 9 217287 5
a7a581e6760df4701941670e73d72533e3b0fbd7563488ad92772b41f7709710,155314 8 155833 12 156351 16 156870 20 157389 22 157908 26 158427 28 158947 30 159467 31 159987 31 160507 32 161027 33 161548 32 162069 31 162590 29 163113 25 163634 23 164154 21 164675 18 165197 11 165721 4
a7a581e6760df4701941670e73d72533e3b0fbd7563488ad92772b41f7709710,257328 2 257845 8 258365 9 258885 9 259404 11 259421 4 259924 22 260444 23 260963 25 261483 25 262002 26 262522 26 263041 27 263561 27 264080 28 264600 27 265120 27 265639 27 266159 26 266679 25 267198 23 267717 22 268238 19 268758 17 269279 15 269800 12 270321 10 270842 6
a7a581e6760df4701941670e73d72533e3b0fbd7563488ad92772b41f7709710,139355 4 139871 9 140389 12 140907 14 141426 15 141945 16 142464 17 142984 17 143503 18 144023 18 144543 18 145063 18 145583 18 146103 18 146624 17 147144 17 147665 16 148186 15 148706 15 149227 14 149756 5
a7a581e6760df4701941670e73d72533e3b0fbd7563488ad92772b41f7709710,205942 7 206461 16 206980 21 207500 23 208019 26 208539 28 209059 29 209579 30 210099 30 210620 30 211141 30 211661 30 212181 30 212702 30 213223 29 213744 28 214266 26 214787 25 215307 24 215828 22 216350 19 216871 17 217393 13 217918 2
a7a581e6760df4701941670e73d72533e3b0fbd7563488ad92772b41f7709710,216742 4 217260 7 217779 9 218297 12 218816 14 219333 18 219852 20 220371 22 220890 24 221409 26 221928 27 222448 28 222967 29 223487 29 224007 30 224526 31 225046 31 225566 31 226086 30 226606 30 227126 29 227646 29 228166 29 228686 28 229206 27 229727 24 230247 23 230767 22 231288 20 231808 19 232329 17 232850 15 233371 12 233893 5
a7a581e6760df4701941670e73d72533e3b0fbd7563488ad92772b41f7709710,316768 2 317285 12 317804 14 318322 16 318841 18 319360 19 319880 19 320399 20 320919 20 321438 20 321958 20 322478 20 322998 19 323518 19 324038 19 324558 20 325078 20 325598 20 326117 22 326637 23 327157 23 327678 23 328198 24 328719 23 329240 22 329760 22 330280 22 330800 22 331321 20 331841 20 332362 18 332883 15 333403 14 333923 12 334447 6 334969 3
a7a581e6760df4701941670e73d72533e3b0fbd7563488ad92772b41f7709710,226116 13 226636 14 227155 17 227675 18 228195 19 228714 22 229233 24 229751 27 230270 29 230789 30 231308 31 231827 32 232346 33 232865 34 233383 36 233902 37 234423 36 234944 34 235464 33 235985 32 236505 31 237026 29 237546 28 238067 26 238588 22 239109 18 239630 15 240151 13 240675 6
a7a581e6760df4701941670e73d72533e3b0fbd7563488ad92772b41f7709710,109156 7 109675 9 110193 12 110712 14 111231 16 111749 18 112268 19 112788 19 113307 21 113827 22 114346 24 114866 24 115386 24 115905 26 116425 26 116945 26 117466 25 117986 25 118507 23 119027 23 119548 21 120068 21 120588 20 121109 18 121629 18 122149 17 122669 16 123190 14 123711 11 124232 7
a7a581e6760df4701941670e73d72533e3b0fbd7563488ad92772b41f7709710,272807 9 273325 12 273843 15 274362 16 274881 18 275401 19 275920 20 276439 22 276958 24 277478 24 277998 25 278518 26 279038 27 279558 28 280078 28 280598 29 281118 29 281638 29 282158 29 282678 28 283198 28 283718 28 284238 27 284758 26 285279 23 285800 21 286321 10
a7a581e6760df4701941670e73d72533e3b0fbd7563488ad92772b41f7709710,296336 1 296855 3 297374 4 297892 7 298410 10 298919 21 299438 22 299957 24 300475 26 300994 28 301513 29 302033 29 302552 31 303072 31 303593 31 304113 31 304634 30 305155 29 305675 29 306196 28 306718 26 307240 24 307762 22 308285 19 308806 17 309327 15 309849 12 310371 8 310893 4
a7a581e6760df4701941670e73d72533e3b0fbd7563488ad92772b41f7709710,54723 10 55239 21 55756 25 56275 26 56793 29 57312 31 57831 33 58350 34 58869 35 59388 36 59907 38 60427 38 60947 38 61467 38 61986 39 62506 39 63026 39 63547 37 64067 37 64588 35 65109 33 65630 31 66151 28 66671 25 67192 23 67715 18 68236 16 68759 11
a7a581e6760df4701941670e73d72533e3b0fbd7563488ad92772b41f7709710,336460 8 336979 10 337498 12 338017 14 338535 16 339054 17 339573 18 340092 20 340610 22 341129 22 341648 22 342167 23 342686 23 343206 22 343726 22 344245 23 344764 23 345284 23 345804 22 346324 22 346844 22 347364 21 347884 21 348404 21 348923 21 349442 21 349961 22 350481 21 351001 20 351521 19 352041 19 352562 17 353083 15 353603 14 354124 12 354646 6
a7a581e6760df4701941670e73d72533e3b0fbd7563488ad92772b41f7709710,192151 10 192668 14 193186 17 193705 19 194224 21 194744 22 195263 24 195783 25 196302 26 196822 27 197342 28 197862 29 198382 30 198902 31 199422 32 199942 32 200462 33 200983 33 201503 33 202024 33 202544 33 203065 32 203585 32 204106 31 204626 32 205147 31 205667 32 206188 31 206708 31 207229 30 207750 29 208271 28 208791 28 209312 27 209833 26 210354 24 210875 23 211398 19 211919 17 212441 14 212963 10
a7a581e6760df4701941670e73d72533e3b0fbd7563488ad92772b41f7709710,237182 9 237701 11 238219 14 238737 17 239256 19 239776 19 240295 21 240815 22 241334 23 241854 23 242373 24 242892 25 243412 24 243931 25 244450 25 244970 25 245490 24 246010 23 246530 23 247049 23 247569 23 248089 22 248609 22 249129 22 249649 21 250169 21 250690 19 251211 18 251732 16 252253 14 252777 9 253298 7
a7a581e6760df4701941670e73d72533e3b0fbd7563488ad92772b41f7709710,25456 9 25975 11 26492 15 27011 17 27530 19 28048 22 28565 25 29083 28 29603 28 30122 29 30641 30 31161 30 31680 31 32200 31 32720 31 33240 31 33761 30 34281 30 34801 30 35322 29 35842 29 36363 28 36883 28 37403 28 37924 27 38445 26 38965 26 39486 25 40007 24 40528 22 41049 20 41570 18 42091 16 42613 12
a7a581e6760df4701941670e73d72533e3b0fbd7563488ad92772b41f7709710,347301 6 347820 8 348339 10 348859 12 349379 13 349899 14 350419 15 350939 16 351459 17 351979 18 352499 19 353018 21 353538 22 354057 23 354576 24 355096 24 355615 25 356134 26 356654 26 357174 26 357693 27 358213 27 358734 26 359254 25 359775 23 360295 22 360816 20 361336 19 361856 18
a7a581e6760df4701941670e73d72533e3b0fbd7563488ad92772b41f7709710,229285 8 229803 13 230320 17 230837 21 231355 24 231873 26 232392 27 232911 29 233430 30 233948 32 234467 33 234986 33 235506 33 236025 33 236545 32 237065 31 237585 29 238105 27 238625 21 239146 13 239667 9
a7a581e6760df4701941670e73d72533e3b0fbd7563488ad92772b41f7709710,250549 6 251068 8 251587 12 252107 13 252626 15 253146 16 253666 17 254186 17 254706 18 255226 18 255746 18 256266 18 256786 19 257306 19 257826 19 258346 19 258866 19 259386 18 259906 18 260425 19 260944 19 261464 19 261983 19 262503 19 263023 18 263543 18 264063 17 264583 17 265103 17 265623 16 266144 15 266664 15 267185 13 267706 11 268229 3
a7a581e6760df4701941670e73d72533e3b0fbd7563488ad92772b41f7709710,355834 3 356350 8 356869 13 357387 17 357906 19 358420 26 358939 27 359459 28 359979 29 360499 30 361019 30 361539 30
a7a581e6760df4701941670e73d72533e3b0fbd7563488ad92772b41f7709710,139051 9 139567 15 140084 19 140602 22 141120 25 141638 28 142157 29 142676 30 143195 31 143714 32 144233 33 144753 33 145272 33 145792 32 146312 32 146832 31 147352 30 147872 30 148391 30 148911 29 149432 27 149952 25 150473 23 150994 20 151515 18 152037 13 152562 2
a7a581e6760df4701941670e73d72533e3b0fbd7563488ad92772b41f7709710,238922 2 238927 10 239439 20 239958 22 240476 24 240995 25 241515 26 242035 26 242555 26 243074 27 243594 27 244114 27 244634 26 245154 26 245675 25 246195 24 246716 20 247237 13 247759 7
a7a581e6760df4701941670e73d72533e3b0fbd7563488ad92772b41f7709710,175717 10 176234 16 176753 18 177272 20 177792 20 178311 22 178831 22 179351 22 179871 22 180391 22 180911 22 181431 22 181951 22 182471 23 182991 23 183512 23 184032 24 184552 24 185072 24 185593 23 186114 23 186635 22 187156 21 187676 20 188197 19 188717 18 189238 16 189759 14 190280 11 190805 2
a7a581e6760df4701941670e73d72533e3b0fbd7563488ad92772b41f7709710,72778 3 73296 9 73815 13 74333 16 74851 19 75370 20 75890 21 76409 22 76929 22 77449 23 77969 23 78489 23 79009 23 79530 22 80051 21 80572 20 81093 19 81614 18 82135 17 82656 16 83176 16 83697 15 84217 15 84737 14 85258 13 85778 12 86299 11 86820 9 87341 7
a7a581e6760df4701941670e73d72533e3b0fbd7563488ad92772b41f7709710,329876 12 330384 29 330901 35 331420 37 331940 39 332459 41 332979 42 333499 42 334019 42 334539 42 335059 42 335579 42 336099 42 336619 42 337139 41 337659 41 338179 40 338700 38 339220 37 339741 35 340262 33 340784 29 341305 24 341826 22 342348 17
a7a581e6760df4701941670e73d72533e3b0fbd7563488ad92772b41f7709710,347703 7 348221 10 348739 13 349256 17 349774 20 350293 22 350812 23 351331 24 351850 26 352369 27 352888 27 353407 28 353927 28 354446 28 354966 28 355485 28 356004 28 356524 27 357044 26 357564 25 358084 24 358603 24 359123 24 359644 23 360164 23 360685 22 361205 22 361726 21
a7a581e6760df4701941670e73d72533e3b0fbd7563488ad92772b41f7709710,355956 3 356467 22 356986 25 357505 27 358024 28 358543 29 359061 31 359580 32 360100 32 360620 32 361139 33 361659 33
