a7f6194ddbeaefb1da571226a97785d09ccafc5893ce3c77078d2040bccfcb77,57776 15 58031 19 58286 24 58542 35 58798 36 59054 37 59310 37 59566 38 59822 38 60078 39 60334 39 60590 39 60847 38 61103 38 61360 37 61616 37 61873 36 62129 36 62386 34 62641 33 62897 20 62924 5 63153 18 63409 17 63665 17 63921 16 64177 16 64434 15 64690 15 64947 9 64958 4 65204 14 65461 13 65718 12 65976 10 66232 9 66489 4
a7f6194ddbeaefb1da571226a97785d09ccafc5893ce3c77078d2040bccfcb77,65363 8 65379 4 65618 10 65634 6 65873 14 65890 6 66129 23 66385 22 66641 21 66897 21 67153 21 67409 21 67665 22 67921 22 68177 22 68433 22 68689 22 68945 21 69201 21 69457 20 69713 20 69969 19 70225 19 70481 17 70738 15 70995 14 71252 12 71510 9 71767 8 72024 5 72280 1
a7f6194ddbeaefb1da571226a97785d09ccafc5893ce3c77078d2040bccfcb77,41911 13 42165 17 42420 20 42675 22 42930 25 43186 26 43442 26 43698 27 43954 27 44210 28 44466 28 44722 28 44978 29 45234 29 45490 29 45746 29 46003 28 46260 27 46517 25 46774 23 47030 23 47288 20 47547 14
a7f6194ddbeaefb1da571226a97785d09ccafc5893ce3c77078d2040bccfcb77,20220 5 20476 5 20732 5 20988 5 21245 4 21501 4 21757 4 22014 3 22270 3 22527 2 22784 1 23040 1
a7f6194ddbeaefb1da571226a97785d09ccafc5893ce3c77078d2040bccfcb77,43291 5 43305 18 43546 6 43558 29 43802 7 43813 32 44057 44 44313 44 44569 44 44825 44 45081 20 45106 18 45337 19 45593 18 45849 17 46106 14 46364 9
a7f6194ddbeaefb1da571226a97785d09ccafc5893ce3c77078d2040bccfcb77,30696 5 30955 6 30968 6 31213 17 31473 13 31487 2 31734 11 31993 8 32252 5 32509 4 32766 3 33023 2 33279 2 33535 2 33791 2 34047 2 34303 2 34559 2 34815 2 35070 3 35325 4 35582 3 35839 2 36095 2 36351 2 36607 2 36863 2 37119 2 37376 1
a7f6194ddbeaefb1da571226a97785d09ccafc5893ce3c77078d2040bccfcb77,52865 4 53120 6 53375 8 53631 8 53886 10 54142 10 54398 10 54654 10 54911 10 55167 10 55423 9 55679 9 55935 9 56192 8 56450 6 56707 5
a7f6194ddbeaefb1da571226a97785d09ccafc5893ce3c77078d2040bccfcb77,32268 3 32524 4 32780 4 33036 4 33292 4 33548 4 33804 4 34060 4 34314 6 34569 8 34817 18 35073 19 35329 20 35585 21 35841 22 36097 22 36353 23 36609 23 36865 24 37121 24 37377 24 37633 24 37889 24 38145 23 38401 23 38657 23 38913 22 39169 22 39425 22 39681 23 39937 23 40193 24 40449 24 40705 24 40961 24 41217 23 41474 22 41736 15 41994 11 42250 10 42507 7
a7f6194ddbeaefb1da571226a97785d09ccafc5893ce3c77078d2040bccfcb77,29624 2 29879 3 30134 4 30144 2 30388 6 30399 4 30643 7 30654 6 30898 8 30909 8 31154 19 31411 19 31667 20 31923 21 32179 22 32435 22 32692 22 32948 23 33206 22 33462 23 33719 22 33976 22 34233 22 34491 21 34748 20 35005 19 35263 18 35520 17 35778 16 36036 14 36294 12 36553 9 36811 6
a7f6194ddbeaefb1da571226a97785d09ccafc5893ce3c77078d2040bccfcb77,68424 8 68676 12 68929 16 69183 18 69438 19 69693 20 69948 21 70204 21 70460 21 70716 22 70972 23 71228 24 71485 25 71741 26 71997 27 72253 27 72511 26 72769 24 73030 19 73290 15 73552 9 73811 5
a7f6194ddbeaefb1da571226a97785d09ccafc5893ce3c77078d2040bccfcb77,50300 5 50555 7 50809 10 51064 11 51320 11 51576 11 51832 11 52088 11 52345 10 52602 8 52860 5
a7f6194ddbeaefb1da571226a97785d09ccafc5893ce3c77078d2040bccfcb77,20956 6 21210 11 21465 14 21487 4 21719 20 21740 9 21974 33 22229 35 22484 38 22740 39 22996 40 23252 44 23507 46 23763 46 24019 46 24275 42 24318 3 24531 46 24788 45 25044 45 25302 43 25558 43 25815 42 26072 41 26329 40 26587 38 26844 30 26875 6 27102 35 27360 33 27617 32 27876 29 28135 26 28394 23 28652 21 28910 19 29179 6
a7f6194ddbeaefb1da571226a97785d09ccafc5893ce3c77078d2040bccfcb77,10034 5 10286 10 10542 11 10797 14 11053 15 11308 18 11564 19 11820 20 12076 21 12333 21 12589 22 12845 23 13101 24 13358 24 13614 25 13871 25 14127 25 14384 25 14640 26 14897 26 15154 26 15411 26 15668 25 15925 24 16182 23 16440 17
a7f6194ddbeaefb1da571226a97785d09ccafc5893ce3c77078d2040bccfcb77,54623 6 54878 8 55134 9 55390 9 55646 10 55904 8 56160 9 56417 8 56671 11 56926 12 57182 12 57437 13 57693 14 57948 15 58204 16 58460 16 58716 16 58972 17 59228 18 59485 18 59741 18 59997 18 60253 18 60509 17 60765 17 61022 16 61278 15 61535 13 61794 8
a7f6194ddbeaefb1da571226a97785d09ccafc5893ce3c77078d2040bccfcb77,80634 5 80889 8 81145 8 81400 9 81656 9 81911 10
a7f6194ddbeaefb1da571226a97785d09ccafc5893ce3c77078d2040bccfcb77,50793 8 51049 10 51305 10 51561 10 51817 11 52074 10 52330 10 52585 11 52841 11 53097 11 53353 11 53609 11 53865 11 54121 10 54377 8 54633 8 54893 2
a7f6194ddbeaefb1da571226a97785d09ccafc5893ce3c77078d2040bccfcb77,4630 10 4885 12 5140 14 5395 16 5649 19 5905 21 6161 21 6416 23 6672 24 6928 25 7184 25 7440 26 7696 27 7953 26 8210 26 8467 25 8725 24 8983 22 9240 21 9498 20 9755 19 10013 18 10270 16 10528 13 10784 13 11042 10 11299 9 11556 8 11813 7 12070 6 12328 5 12585 3 12842 2 13099 1 13330 1 13356 1 13586 2 13612 1 13842 4 13869 1 14098 6 14126 1 14354 8 14382 1 14610 10 14639 1 14866 12 14895 1 15123 13 15151 3 15380 14 15407 4 15637 16 15662 5 15894 20 15918 5 16151 28 16409 27 16667 25 16925 23 17188 15 17448 11
a7f6194ddbeaefb1da571226a97785d09ccafc5893ce3c77078d2040bccfcb77,44801 4 45057 4 45313 5 45569 6 45825 6 46081 6 46337 6 46593 6 46849 6 47105 6 47361 6 47617 5 47873 5 48129 5 48385 4 48641 4 48897 3 49153 2
a7f6194ddbeaefb1da571226a97785d09ccafc5893ce3c77078d2040bccfcb77,70401 1 70657 4 70917 1 71174 1 71431 1 71687 1 71943 2 72199 2 72455 2 72711 2 72717 2 72967 11 73223 13 73479 12 73734 13 73990 13 74246 13 74502 13 74758 12 75014 12 75270 12 75526 12 75782 12 76037 13 76293 13 76549 13 76806 12 77062 12 77318 12 77574 13 77830 13 78086 13 78342 13 78597 15 78856 12 79112 13 79368 14 79625 13 79881 12 80138 10 80395 8
a7f6194ddbeaefb1da571226a97785d09ccafc5893ce3c77078d2040bccfcb77,43737 1 43991 5 44246 8 44502 11 44757 13 45011 17 45263 23 45519 26 45775 28 46031 29 46287 30 46542 31 46797 33 47053 33 47310 32 47568 30 47824 30 48081 29 48337 29 48594 27 48851 25 49109 23 49366 21 49623 19 49880 17 50138 12 50395 2
a7f6194ddbeaefb1da571226a97785d09ccafc5893ce3c77078d2040bccfcb77,54747 8 55003 10 55259 11 55515 12 55771 14 56027 15 56285 15 56543 14 56800 15 57058 15 57315 14 57560 7 57572 15 57815 10 57829 16 58070 12 58085 18 58326 13 58341 19 58582 35 58837 37 59093 39 59349 40 59605 41 59861 42 60118 42 60375 42 60632 41 60889 40 61146 39 61403 38 61660 37 61918 35 62175 34 62432 33 62689 32 62946 31 63203 30 63460 29 63717 28 63974 26 64231 22 64489 18 64746 15 65004 11 65263 6
a7f6194ddbeaefb1da571226a97785d09ccafc5893ce3c77078d2040bccfcb77,76387 4 76641 7 76897 8 77153 9 77409 10 77667 9 77924 9 78182 7 78440 5 78697 4 78954 3
a7f6194ddbeaefb1da571226a97785d09ccafc5893ce3c77078d2040bccfcb77,75777 2 76033 4 76289 4 76545 4 76802 4 77057 5 77313 5 77569 5 77825 5 78081 5 78337 5 78593 4 78849 3 79105 3 79361 2 79617 1
a7f6194ddbeaefb1da571226a97785d09ccafc5893ce3c77078d2040bccfcb77,65399 10 65648 19 65902 23 66157 31 66413 31 66669 31 66925 30 67181 25 67437 22 67693 19 67950 16 68208 11 68466 6
a7f6194ddbeaefb1da571226a97785d09ccafc5893ce3c77078d2040bccfcb77,77915 5 78170 8 78425 10 78679 13 78935 14 79190 16 79446 16 79702 17 79957 18 80213 19 80469 19 80725 19 80981 19 81238 18 81494 18 81750 18
a7f6194ddbeaefb1da571226a97785d09ccafc5893ce3c77078d2040bccfcb77,56464 5 56719 7 56974 9 57230 9 57485 10 57741 11 57996 12 58252 12 58508 13 58764 13 59019 14 59275 14 59531 14 59787 14 60043 14 60299 14 60554 15 60810 15 61066 15 61322 14 61577 15 61833 15 62088 16 62344 15 62600 15 62856 14 63112 14 63369 13 63625 13 63881 12 64138 11 64395 9 64653 6
a7f6194ddbeaefb1da571226a97785d09ccafc5893ce3c77078d2040bccfcb77,70913 4 71169 5 71425 6 71681 6 71937 6 72193 6 72449 6 72705 6 72961 6 73217 6 73473 6 73729 5 73985 2
a7f6194ddbeaefb1da571226a97785d09ccafc5893ce3c77078d2040bccfcb77,24450 3 24706 5 24962 6 25218 7 25474 8 25730 9 25986 9 26241 11 26497 11 26753 12 27008 13 27264 14 27520 14 27776 14 28033 13 28289 14 28545 14 28802 13 29058 13 29315 12 29571 12 29828 11 30084 11 30340 11 30596 10 30853 9 31110 6
a7f6194ddbeaefb1da571226a97785d09ccafc5893ce3c77078d2040bccfcb77,63505 2 63759 8 64014 11 64269 13 64524 15 64779 16 65034 18 65290 18 65546 18 65802 18 66058 19 66313 20 66569 20 66825 20 67080 22 67336 22 67593 21 67849 21 68106 20 68362 20 68618 20 68875 19 69131 19 69388 17 69644 16 69900 16 70157 15 70414 14 70671 13 70929 14
a7f6194ddbeaefb1da571226a97785d09ccafc5893ce3c77078d2040bccfcb77,54895 4 55149 8 55405 9 55661 10 55917 12 56173 13 56429 13 56685 13 56943 10
a7f6194ddbeaefb1da571226a97785d09ccafc5893ce3c77078d2040bccfcb77,48446 15 48701 16 48957 16 49213 16 49469 16 49725 15 49982 15 50239 14 50496 13 50752 13 51009 12 51266 10 51523 9 51780 7
a7f6194ddbeaefb1da571226a97785d09ccafc5893ce3c77078d2040bccfcb77,48823 11 49070 24 49325 28 49579 32 49834 34 50090 36 50345 39 50601 40 50857 41 51113 42 51369 43 51625 44 51881 45 52137 45 52393 46 52649 46 52906 46 53162 48 53419 48 53675 50 53932 50 54189 50 54446 49 54703 44 54960 43 55217 41 55474 40 55730 40 55987 39 56244 38 56502 36 56759 34 57017 32 57275 29 57532 27 57791 23 58050 17 58310 12
a7f6194ddbeaefb1da571226a97785d09ccafc5893ce3c77078d2040bccfcb77,10697 10 10951 14 11206 16 11461 18 11716 20 11971 22 12227 23 12482 25 12738 25 12994 25 13250 25 13506 22 13761 22 14017 21 14273 20 14529 20 14785 19 15041 19 15297 19 15553 19 15809 18 16065 18 16321 18 16577 18 16833 18 17089 18 17345 18 17601 18 17858 17 18114 18 18371 17 18629 16 18887 14 19144 13 19404 9
a7f6194ddbeaefb1da571226a97785d09ccafc5893ce3c77078d2040bccfcb77,61336 4 61592 5 61848 4 62104 4 62110 6 62359 15 62615 17 62870 20 63126 21 63382 23 63638 25 63893 28 64149 28 64404 30 64660 30 64917 30 65174 30 65432 29 65688 30 65945 31 66201 31 66459 30 66493 3 66717 32 66973 32 67230 32 67487 31 67744 31 68001 30 68259 28 68515 28 68772 27 69030 25 69289 22 69545 22 69803 18 70062 14 70320 10
a7f6194ddbeaefb1da571226a97785d09ccafc5893ce3c77078d2040bccfcb77,74943 9 75196 13 75450 18 75705 21 75961 23 76217 24 76473 26 76729 28 76985 29 77242 30 77498 33 77755 29 77786 2 78011 30 78042 1 78268 31 78524 30 78781 30 79037 30 79294 29 79551 29 79807 30 80064 29 80321 28 80577 29 80834 28 81091 28 81348 29 81604 29 81861 29
a7f6194ddbeaefb1da571226a97785d09ccafc5893ce3c77078d2040bccfcb77,7950 3 8203 7 8456 11 8712 13 8968 15 9224 16 9480 18 9736 19 9992 21 10249 21 10505 23 10762 22 11018 24 11274 25 11531 25 11788 25 12045 25 12302 26 12558 27 12815 27 13073 26 13331 25 13588 24 13846 23 14104 22 14362 20 14620 19 14878 17 15136 15 15394 13 15653 9 15914 4
a7f6194ddbeaefb1da571226a97785d09ccafc5893ce3c77078d2040bccfcb77,8449 2 8705 3 8961 4 9217 5 9473 7 9729 7 9985 7 10241 8 10497 8 10753 9 11009 9 11265 9 11521 9 11777 8 12033 7 12289 6 12545 6 12801 5 13057 4 13313 3 13569 1
a7f6194ddbeaefb1da571226a97785d09ccafc5893ce3c77078d2040bccfcb77,15542 6 15797 9 16051 13 16305 16 16561 16 16816 17 17072 17 17328 17 17584 17 17840 18 18096 18 18353 18 18609 20 18865 22 19121 23 19377 27 19634 28 19890 28 20146 29 20403 28 20659 29 20916 29 21173 28 21429 29 21686 28 21943 28 21972 2 22200 29 22456 28 22713 27 22970 26 23227 25 23484 23 23741 22 23999 20 24256 19 24514 16 24771 16 25030 9 25040 4 25289 4 25298 4
a7f6194ddbeaefb1da571226a97785d09ccafc5893ce3c77078d2040bccfcb77,56069 5 56323 8 56578 10 56834 11 57089 12 57345 12 57601 13 57857 13 58113 13 58369 13 58625 13 58881 13 59137 12 59393 12 59649 12 59905 12 60161 11 60417 11 60673 10 60929 10 61185 10 61441 9 61697 8 61953 7 62209 7 62465 6 62721 5 62977 3 63233 3
a7f6194ddbeaefb1da571226a97785d09ccafc5893ce3c77078d2040bccfcb77,970 7 1224 11 1478 15 1734 16 1989 19 2245 20 2500 22 2755 24 3010 26 3266 28 3522 31 3778 32 4034 33 4290 34 4547 34 4803 35 5060 35 5316 36 5573 36 5830 35 6087 35 6344 34 6601 33 6858 32 7116 30 7374 28 7631 27 7889 25 8147 22 8405 20 8663 17 8924 10
a7f6194ddbeaefb1da571226a97785d09ccafc5893ce3c77078d2040bccfcb77,13913 7 14168 9 14424 10 14680 11 14937 11 15193 11 15449 11 15706 10 15963 9 16219 9
a7f6194ddbeaefb1da571226a97785d09ccafc5893ce3c77078d2040bccfcb77,7312 10 7568 11 7824 12 8080 13 8336 14 8593 13 8849 14 9105 14 9361 15 9618 14 9874 14 10130 15 10387 14 10644 14 10901 13 11158 12 11415 11 11672 9
a7f6194ddbeaefb1da571226a97785d09ccafc5893ce3c77078d2040bccfcb77,7360 13 7613 18 7868 20 8124 21 8380 22 8635 23 8891 24 9147 24 9403 25 9659 25 9915 26 10171 26 10427 26 10683 14 10939 12 11196 10 11452 9 11708 8 11964 7 12221 6 12477 5 12733 5 12990 4 13246 4 13502 4
a7f6194ddbeaefb1da571226a97785d09ccafc5893ce3c77078d2040bccfcb77,35039 4 35294 6 35550 7 35801 15 36054 21 36310 25 36567 29 36824 31 37081 31 37337 32 37594 33 37850 35 38107 34 38364 35 38620 36 38878 35 39135 34 39394 31 39651 30 39908 29 40165 28 40422 27 40679 26 40936 25 41195 22 41453 20 41711 18 41970 14 42228 11 42490 3
a7f6194ddbeaefb1da571226a97785d09ccafc5893ce3c77078d2040bccfcb77,3404 8 3659 11 3914 14 4169 16 4425 18 4680 20 4936 22 5192 23 5448 24 5704 25 5960 26 6217 26 6473 27 6730 27 6986 28 7243 27 7499 28 7756 27 8012 27 8269 26 8526 25 8782 25 9039 25 9296 25 9552 25 9809 25 10066 24 10323 23 10581 22 10839 20 11097 18 11355 17 11613 15 11872 12 12131 8
a7f6194ddbeaefb1da571226a97785d09ccafc5893ce3c77078d2040bccfcb77,62598 2 62851 5 63106 6 63361 8 63617 8 63872 9 64128 10 64384 11 64640 13 64896 16 65152 16 65409 15 65667 13 65925 10 66188 2 66444 1 66700 2
a7f6194ddbeaefb1da571226a97785d09ccafc5893ce3c77078d2040bccfcb77,70501 8 70755 11 71011 11 71266 12 71521 13 71777 13 72032 14 72288 14 72543 15 72799 15 73055 15 73311 15 73567 15 73823 14 74080 13 74336 13 74592 13 74849 12 75106 10 75362 9 75620 6
a7f6194ddbeaefb1da571226a97785d09ccafc5893ce3c77078d2040bccfcb77,212 26 468 27 724 27 980 27 1236 27 1493 24 1750 22 2008 19 2265 17 2522 15 2779 13 3036 11 3294 8
a7f6194ddbeaefb1da571226a97785d09ccafc5893ce3c77078d2040bccfcb77,62917 7 63171 14 63426 16 63682 18 63937 20 64193 22 64449 24 64705 26 64962 27 65218 29 65474 30 65730 30 65986 31 66241 33 66498 33 66757 31 67013 32 67269 32 67526 32 67783 31 68039 31 68296 30 68553 30 68810 29 69067 28 69324 27 69580 27 69838 25 70097 22 70354 21 70612 19 70872 15 71131 12 71388 10 71645 7
a7f6194ddbeaefb1da571226a97785d09ccafc5893ce3c77078d2040bccfcb77,13275 4 13528 9 13783 12 14038 14 14293 16 14549 18 14804 19 15060 21 15316 21 15572 23 15827 24 16083 25 16339 26 16595 26 16851 28 17107 28 17363 29 17619 29 17875 30 18132 29 18388 30 18645 30 18901 31 19157 31 19414 31 19671 30 19928 29 20186 27 20444 25 20702 22 20962 17 21221 13 21479 8 21739 1
a7f6194ddbeaefb1da571226a97785d09ccafc5893ce3c77078d2040bccfcb77,45910 9 46164 13 46418 15 46673 16 46928 16 47184 15 47440 15 47696 14 47952 13 48208 12 48464 10 48720 7
a7f6194ddbeaefb1da571226a97785d09ccafc5893ce3c77078d2040bccfcb77,25239 4 25495 4 25751 4 26007 5 26263 5 26519 5 26775 5 27031 6 27287 6 27543 6 27799 6 28055 6 28310 7 28566 7 28822 7 29078 7 29334 7 29590 7 29846 7 30102 7 30358 7 30613 8 30869 8 31125 8 31381 8 31637 8 31892 9 32148 8 32404 8 32660 8 32916 7 33172 7 33428 7 33684 7 33940 6 34196 6 34452 6 34709 4
a7f6194ddbeaefb1da571226a97785d09ccafc5893ce3c77078d2040bccfcb77,16641 2 16897 5 17153 6 17409 8 17665 9 17921 10 18177 10 18433 9 18689 8 18945 6 19201 4
a7f6194ddbeaefb1da571226a97785d09ccafc5893ce3c77078d2040bccfcb77,55117 13 55373 15 55629 15 55885 15 56141 15 56397 15 56653 15 56910 14 57166 14 57422 14 57679 13 57935 12 58191 12 58448 10 58704 9 58960 9 59217 7 59474 5
a7f6194ddbeaefb1da571226a97785d09ccafc5893ce3c77078d2040bccfcb77,30171 7 30426 11 30681 15 30937 18 31193 20 31449 24 31705 29 31961 32 32218 34 32475 34 32732 34 32990 33 33248 31 33508 27 33768 23 34027 20 34285 18 34543 16 34801 14 35059 11 35318 7
a7f6194ddbeaefb1da571226a97785d09ccafc5893ce3c77078d2040bccfcb77,49185 10 49440 11 49695 12 49949 14 50203 15 50458 16 50712 18 50967 18 51222 18 51477 18 51731 19 51987 17 52241 17 52497 15 52753 13 53009 11 53265 9
a7f6194ddbeaefb1da571226a97785d09ccafc5893ce3c77078d2040bccfcb77,73100 5 73354 10 73609 12 73864 13 74120 14 74376 14 74632 15 74888 16 75145 15 75402 15 75659 14 75916 13 76174 12 76432 10 76690 8 76949 5
a7f6194ddbeaefb1da571226a97785d09ccafc5893ce3c77078d2040bccfcb77,72830 4 73086 5 73341 9 73597 11 73852 12 74108 12 74363 13 74619 13 74875 13 75130 15 75386 16 75642 17 75897 19 76153 21 76409 23 76665 25 76921 23 77177 22 77433 21 77689 20 77945 20 78202 19 78458 19 78714 18 78971 17 79227 17 79484 15 79741 13 79998 11 80256 7
a7f6194ddbeaefb1da571226a97785d09ccafc5893ce3c77078d2040bccfcb77,47226 13 47482 14 47738 15 47995 14 48253 12 48510 11 48769 7
a7f6194ddbeaefb1da571226a97785d09ccafc5893ce3c77078d2040bccfcb77,55338 9 55593 12 55848 14 56103 15 56359 15 56615 15 56871 15 57127 15 57383 15 57640 14 57897 12 58154 11 58412 8
a7f6194ddbeaefb1da571226a97785d09ccafc5893ce3c77078d2040bccfcb77,43132 9 43385 14 43639 18 43894 20 44149 23 44404 25 44659 27 44915 28 45172 28 45432 25 45691 23 45952 19 46211 16 46468 16 46726 15 46984 13 47241 12 47499 10 47757 8 48017 4
a7f6194ddbeaefb1da571226a97785d09ccafc5893ce3c77078d2040bccfcb77,48990 8 49243 11 49497 13 49752 14 50006 16 50261 17 50517 16 50772 17 51027 18 51283 18 51539 18 51795 18 52051 17 52307 17 52563 16 52819 13 53076 8
a7f6194ddbeaefb1da571226a97785d09ccafc5893ce3c77078d2040bccfcb77,12019 12 12272 17 12527 18 12782 19 13038 19 13294 19 13550 19 13806 19 14062 19 14318 19 14574 19 14830 19 15086 19 15343 18 15599 18 15855 18 16112 17 16368 17 16625 16 16881 16 17138 15 17395 14 17652 13 17908 13 18165 12 18422 11 18679 10 18936 9 19193 8 19450 7 19708 5 19965 4
a7f6194ddbeaefb1da571226a97785d09ccafc5893ce3c77078d2040bccfcb77,94 27 351 27 608 28 865 28 1124 26 1381 26 1638 26 1895 25 2152 25 2409 25 2667 23 2925 21 3185 17
a7f6194ddbeaefb1da571226a97785d09ccafc5893ce3c77078d2040bccfcb77,14487 4 14742 6 14997 7 15253 7 15509 7 15765 7 16021 7 16276 7 16531 8 16786 9 17042 8 17298 8 17554 8 17811 7 18067 7 18324 6 18581 5
a7f6194ddbeaefb1da571226a97785d09ccafc5893ce3c77078d2040bccfcb77,60474 5 60730 6 60986 6 61241 7 61497 7 61753 8 62009 8 62265 8 62522 7 62778 7 63035 6
a7f6194ddbeaefb1da571226a97785d09ccafc5893ce3c77078d2040bccfcb77,71194 7 71449 9 71704 11 71959 12 72214 14 72470 15 72726 15 72982 16 73236 18 73491 20 73747 19 74003 19 74259 19 74515 19 74770 21 75026 22 75282 22 75538 22 75794 22 76050 23 76306 23 76562 23 76818 23 77074 23 77330 23 77587 22 77843 22 78099 22 78355 22 78612 21 78868 21 79125 19 79382 18 79639 17 79895 16 80152 15 80409 13 80666 11 80925 7
a7f6194ddbeaefb1da571226a97785d09ccafc5893ce3c77078d2040bccfcb77,62494 6 62748 11 63002 13 63258 14 63514 14 63770 14 64026 14 64282 14 64539 12 64795 12 65052 11 65308 10 65564 10 65820 11 66077 3 66081 6 66333 10 66589 10 66845 10 67102 9 67358 9 67614 9 67870 9 68126 9 68382 9 68638 10 68894 10 69150 11 69405 12 69660 13 69916 13 70172 13 70428 13 70684 13 70943 10 71202 5
a7f6194ddbeaefb1da571226a97785d09ccafc5893ce3c77078d2040bccfcb77,69270 12 69525 15 69781 16 70037 17 70293 18 70549 19 70805 19 71061 20 71317 21 71573 22 71829 23 72085 24 72341 24 72596 26 72852 26 73108 27 73364 27 73621 27 73877 29 74134 28 74390 29 74647 29 74904 28 75160 28 75417 28 75673 28 75929 28 76186 28 76442 29 76698 29 76954 28 77213 25 77470 24 77728 21 77985 20 78242 19 78502 14 78763 9
a7f6194ddbeaefb1da571226a97785d09ccafc5893ce3c77078d2040bccfcb77,75067 8 75322 13 75577 17 75833 19 76089 20 76345 20 76601 22 76857 23 77114 23 77370 24 77627 23 77883 23 78140 21 78397 19 78653 18 78910 16 79168 13
a7f6194ddbeaefb1da571226a97785d09ccafc5893ce3c77078d2040bccfcb77,127 22 383 22 639 22 896 21 1153 20 1411 18 1667 18 1924 16 2181 14 2438 12
a7f6194ddbeaefb1da571226a97785d09ccafc5893ce3c77078d2040bccfcb77,9100 3 9355 5 9609 8 9865 9 10121 9 10376 11 10632 11 10888 11 11143 12 11399 13 11655 13 11911 13 12166 14 12422 14 12678 14 12934 14 13189 15 13445 15 13700 15 13956 15 14212 15 14468 15 14723 16 14979 16 15235 16 15492 15 15748 15 16004 14 16261 13 16517 13 16774 11 17031 9 17288 7 17546 4
a7f6194ddbeaefb1da571226a97785d09ccafc5893ce3c77078d2040bccfcb77,64000 1 64253 4 64507 6 64761 8 65015 10 65269 12 65521 16 65777 16 66034 15 66291 14 66547 14 66803 14 67060 13 67316 13 67573 12 67829 12 68086 11 68342 11 68598 11 68855 10 69111 10 69368 9 69625 8 69881 8 70138 7 70395 6 70652 5 70910 3
a7f6194ddbeaefb1da571226a97785d09ccafc5893ce3c77078d2040bccfcb77,54528 1 54776 9 55030 11 55285 12 55540 13 55795 14 56050 15 56306 15 56564 13 56820 13 57076 13 57332 13 57588 13 57845 12 58103 10 58360 9 58617 8 58874 7 59132 5 59389 4 59646 3 59903 2 60160 1
a7f6194ddbeaefb1da571226a97785d09ccafc5893ce3c77078d2040bccfcb77,63788 7 64041 12 64296 14 64551 16 64807 16 65063 17 65319 17 65575 18 65831 19 66087 19 66343 19 66599 19 66855 19 67111 19 67367 19 67623 20 67879 20 68135 20 68391 20 68648 19 68904 19 69161 18 69420 15 69676 15 69933 14 70189 14 70446 13 70702 13 70959 12 71216 11 71473 10 71730 9 71987 8 72244 7 72501 5 72758 3
a7f6194ddbeaefb1da571226a97785d09ccafc5893ce3c77078d2040bccfcb77,67720 8 67974 12 68228 15 68482 18 68737 19 68992 20 69247 21 69502 22 69757 24 70012 25 70268 25 70524 25 70781 24 71037 24 71293 24 71550 23 71806 23 72062 23 72318 23 72575 21 72834 18 73091 9 73105 3 73350 4 73608 1
a7f6194ddbeaefb1da571226a97785d09ccafc5893ce3c77078d2040bccfcb77,50418 10 50672 14 50902 41 51158 42 51414 43 51670 43 51926 43 52182 43 52439 42 52695 42 52952 41 53210 39 53467 38 53725 36 53982 35 54240 33 54497 31 54756 20 55013 17 55271 14 55530 10 55788 7
a7f6194ddbeaefb1da571226a97785d09ccafc5893ce3c77078d2040bccfcb77,18848 4 19104 4 19360 4 19616 4 19872 5 20128 5 20384 5 20640 5 20896 4 21153 3
a7f6194ddbeaefb1da571226a97785d09ccafc5893ce3c77078d2040bccfcb77,41700 11 41952 18 42206 22 42460 26 42715 28 42970 30 43226 31 43482 31 43738 32 43996 31 44254 29 44513 27 44770 26 45028 25 45286 23 45545 20 45803 18 46060 17 46317 16 46573 16 46830 15 47086 15 47342 15 47598 14 47854 14 48110 13 48367 11 48624 7
a7f6194ddbeaefb1da571226a97785d09ccafc5893ce3c77078d2040bccfcb77,6771 5 7025 8 7279 11 7533 20 7788 22 8044 23 8298 26 8553 28 8809 28 9065 28 9321 28 9577 28 9834 27 10090 27 10346 27 10603 26 10859 26 11115 26 11372 24 11628 24 11884 23 12139 23 12392 24 12648 24 12904 23 13161 21 13418 20 13676 18 13933 17 14190 16 14447 14 14704 12 14963 6
a7f6194ddbeaefb1da571226a97785d09ccafc5893ce3c77078d2040bccfcb77,49049 4 49304 6 49560 7 49816 7 50072 8 50328 9 50584 10 50840 10 51096 10 51352 10 51608 10 51865 9 52121 9 52377 10 52633 10 52889 10 53145 10 53401 10 53657 10 53913 10 54169 11 54425 11 54681 11 54937 11 55193 11 55449 11 55705 11 55961 11 56217 11 56473 11 56730 9 56986 9 57242 9 57499 7 57755 6 58012 5
a7f6194ddbeaefb1da571226a97785d09ccafc5893ce3c77078d2040bccfcb77,36241 5 36495 8 36751 8 37006 9 37262 9 37517 10 37773 10 38029 10 38285 10 38541 10 38797 10 39053 10 39309 10 39565 10 39821 10 40078 9 40334 9 40592 7 40850 5
a7f6194ddbeaefb1da571226a97785d09ccafc5893ce3c77078d2040bccfcb77,69417 3 69673 3 69929 4 70185 4 70441 5 70697 5 70953 6 71209 7 71464 9 71720 9 71976 9 72232 9 72488 10 72744 10 72999 12 73255 13 73511 14 73766 16 74022 16 74278 17 74534 17 74791 16 75048 15 75304 15 75560 14 75816 14 76073 12 76329 11 76585 11 76841 1 76843 9 77099 8 77356 7 77613 6 77869 5 78126 4 78382 4
