a7f767ca9770b160f234780e172aeb35a50830ba10dc49c526f4712451abe1d2,49564 32 49819 38 50071 45 50326 49 50580 54 50835 56 51091 58 51346 61 51601 63 51856 65 52112 67 52368 69 52624 71 52880 72 53136 74 53392 75 53648 76 53904 77 54160 78 54415 80 54671 81 54927 81 55183 82 55439 83 55696 83 55952 85 56208 86 56464 87 56720 88 56976 89 57232 90 57488 91 57745 91 58002 91 58258 93 58515 93 58772 93 59029 93 59286 93 59543 93 59801 92 60059 91 60320 87 60588 75 60848 72 61106 71 61365 68 61624 66 61882 65 62139 64 62396 64 62653 63 62910 63 63166 63 63423 62 63680 61 63936 61 64193 60 64450 58 64706 58 64963 57 65220 56 65477 55 65734 53 65992 50 66253 44 66513 38 66771 35 67028 33 67286 29 67546 24 67806 18
a7f767ca9770b160f234780e172aeb35a50830ba10dc49c526f4712451abe1d2,75775 2 76030 3 76285 4 76540 5 76795 6 77050 7 77305 8 77561 8 77818 7 78076 5 78333 4 78589 4 78846 3 79102 3 79359 2 79615 2 79870 3 80125 4 80380 5 80636 5 80891 6 81147 6 81403 6 81659 6 81915 6
a7f767ca9770b160f234780e172aeb35a50830ba10dc49c526f4712451abe1d2,65532 1 65787 6 66042 7 66248 5 66297 8 66503 10 66551 10 66759 12 66806 11 67016 12 67061 12 67274 12 67315 14 67532 14 67570 15 67789 17 67824 17 68046 51 68303 50 68560 49 68817 48 69075 46 69333 44 69590 43 69847 42 70104 41 70361 40 70618 39 70875 38 71132 37 71389 36 71646 35 71903 34 72160 33 72417 32 72674 31 72931 30 73189 28 73449 24 73706 23 73964 21 74221 20 74481 15 74745 4
a7f767ca9770b160f234780e172aeb35a50830ba10dc49c526f4712451abe1d2,30315 8 30566 18 30819 27 31073 32 31328 34 31584 35 31839 37 32095 39 32350 41 32606 42 32862 44 33118 45 33373 46 33629 47 33885 48 34141 48 34396 50 34652 50 34908 51 35164 52 35421 51 35677 52 35934 53 36190 54 36446 55 36702 56 36958 57 37214 58 37470 59 37726 60 37982 61 38238 61 38495 61 38751 62 39007 63 39263 64 39519 64 39775 64 40032 63 40288 64 40545 63 40801 63 41058 62 41315 61 41572 60 41829 60 42086 59 42343 59 42600 58 42857 57 43114 56 43372 54 43629 53 43888 49 44146 46 44404 43 44661 42 44919 40 45179 35 45440 29 45699 24 45959 17 46224 4
a7f767ca9770b160f234780e172aeb35a50830ba10dc49c526f4712451abe1d2,56066 14 56321 21 56577 26 56833 27 57089 29 57345 30 57601 34 57857 35 58113 37 58369 38 58625 39 58881 40 59137 41 59393 41 59649 41 59905 41 60161 41 60417 41 60673 40 60929 40 61185 40 61441 40 61697 40 61953 40 62209 40 62465 40 62721 40 62977 40 63233 40 63489 40 63745 41 64001 41 64257 41 64513 41 64769 42 65025 42 65281 43 65537 43 65793 44 66049 44 66305 45 66561 46 66817 47 67073 48 67329 49 67585 50 67841 51 68097 53 68353 54 68609 55 68865 57 69121 58 69377 60 69633 62 69891 63 70149 62 70406 62 70664 62 70923 60 71180 60 71438 60 71695 62 71952 62 72210 61 72468 60 72726 58 72985 54 73243 52 73504 47 73764 43 74024 39 74282 36 74542 30
a7f767ca9770b160f234780e172aeb35a50830ba10dc49c526f4712451abe1d2,56889 6 57138 3 57143 9 57392 18 57647 20 57902 22 58157 25 58412 27 58667 29 58923 30 59178 32 59434 34 59690 36 59946 37 60202 38 60458 41 60713 45 60969 46 61225 49 61481 51 61737 53 61993 54 62249 56 62505 57 62761 59 63017 60 63273 61 63529 62 63786 62 64042 63 64298 63 64554 64 64811 64 65067 64 65324 64 65580 64 65837 63 66093 63 66350 62 66607 61 66864 60 67121 59 67378 58 67635 57 67892 56 68150 54 68407 53 68664 52 68922 49 69179 48 69437 45 69695 41 69954 36 70211 34 70468 31 70726 26 70986 19 71243 16 71500 14 71757 11
a7f767ca9770b160f234780e172aeb35a50830ba10dc49c526f4712451abe1d2,79840 2 80091 9 80335 22 80589 24 80844 26 81099 33 81355 36 81610 38 81865 40
a7f767ca9770b160f234780e172aeb35a50830ba10dc49c526f4712451abe1d2,60576 12 60831 17 61086 20 61341 24 61594 30 61849 33 62104 35 62359 37 62614 39 62869 41 63125 41 63380 43 63635 45 63891 45 64147 46 64403 47 64659 47 64915 48 65171 49 65428 49 65686 47 65943 46 66199 47 66456 47 66714 45 66971 45 67227 47 67484 48 67740 49 67997 49 68254 49 68510 50 68766 51 69023 52 69279 54 69536 54 69793 54 70050 54 70306 55 70563 55 70819 56 71076 56 71332 57 71589 57 71845 58 72102 58 72359 58 72615 59 72872 59 73128 61 73385 61 73642 60 73899 59 74156 58 74413 57 74670 56 74927 56 75184 55 75441 54 75698 53 75956 51 76214 50 76471 49 76730 46 76988 44 77247 41 77504 40 77764 36 78021 35 78278 33 78536 31 78793 29 79051 27 79308 25 79566 17
a7f767ca9770b160f234780e172aeb35a50830ba10dc49c526f4712451abe1d2,1 6 257 7 513 8 769 9 1025 9 1281 10 1537 11 1793 12 2049 12 2305 13 2561 14 2817 15 3073 15 3329 16 3585 16 3841 17 4097 18 4353 18 4609 18 4865 19 5121 19 5377 20 5633 20 5889 20 6145 21 6401 21 6657 21 6913 21 7169 22 7425 22 7681 22 7937 22 8193 23 8449 23 8705 23 8961 23 9217 23 9473 23 9729 23 9985 23 10241 23 10497 23 10753 23 11009 24 11265 24 11521 24 11777 24 12033 23 12289 23 12545 23 12801 23 13057 22 13317 18 13580 12 13840 8 14099 5
a7f767ca9770b160f234780e172aeb35a50830ba10dc49c526f4712451abe1d2,13313 4 13569 11 13825 15 14081 18 14337 23 14593 24 14849 25 15105 26 15361 27 15617 28 15873 30 16129 33 16385 34 16641 36 16897 37 17153 39 17409 42 17665 43 17921 50 18177 51 18433 52 18689 52 18945 53 19201 54 19457 55 19713 58 19969 60 20225 61 20481 62 20737 64 20993 65 21249 66 21505 67 21761 69 22017 70 22273 70 22529 71 22785 72 23041 73 23297 73 23553 74 23809 75 24065 76 24321 77 24577 78 24833 78 25089 78 25345 79 25601 79 25857 80 26113 80 26369 80 26625 80 26881 80 27137 80 27393 81 27650 80 27907 80 28167 76 28425 74 28682 74 28939 73 29196 72 29453 71 29710 70 29968 67 30226 65 30483 64 30742 61 30999 60 31258 57 31515 56 31773 54 32030 53 32287 52 32545 50 32803 47 33061 44 33318 43 33577 40 33835 37 34094 34 34351 32 34608 30 34866 27 35124 24 35383 18
a7f767ca9770b160f234780e172aeb35a50830ba10dc49c526f4712451abe1d2,69487 5 69742 12 69996 20 70245 1 70251 23 70499 32 70752 37 71005 41 71259 45 71514 47 71768 51 72021 55 72276 58 72528 65 72784 66 73042 64 73299 64 73561 59 73819 58 74078 55 74335 54 74594 52 74852 50 75109 49 75366 48 75623 47 75882 44 76140 42 76398 40 76655 39 76913 36 77170 27 77428 20 77688 13
