a815a986800a95de0957116c6585deea8ffb6ee09ad00ccc687306937ac698d0,37398 5 37653 5 37905 2 37909 5 38162 8 38418 2 38421 4 38674 2 38677 4 38929 2
a815a986800a95de0957116c6585deea8ffb6ee09ad00ccc687306937ac698d0,113 11 368 13 624 14 879 15 1135 15 1391 16 1647 16 1904 15 2160 15 2417 14 2674 11 2931 9 3189 5
a815a986800a95de0957116c6585deea8ffb6ee09ad00ccc687306937ac698d0,37902 3 38157 5 38413 5 38669 5 38926 3
a815a986800a95de0957116c6585deea8ffb6ee09ad00ccc687306937ac698d0,41701 3 41956 5 42212 6 42465 11 42720 12 42976 12 43232 12 43488 13 43744 13 44000 13 44257 12 44514 11 44771 10 45028 9 45284 9 45541 8 45799 5
a815a986800a95de0957116c6585deea8ffb6ee09ad00ccc687306937ac698d0,61567 3 61822 5 62078 5 62084 3 62334 10 62591 3 62595 5 62851 5 63108 3
a815a986800a95de0957116c6585deea8ffb6ee09ad00ccc687306937ac698d0,38211 3 38466 7 38722 7 38977 8 39232 10 39487 11 39743 11 39999 12 40255 11 40511 11 40767 11 41024 10 41281 7 41538 5
a815a986800a95de0957116c6585deea8ffb6ee09ad00ccc687306937ac698d0,40470 3 40725 5 40981 5 41237 5 41494 3
a815a986800a95de0957116c6585deea8ffb6ee09ad00ccc687306937ac698d0,31256 5 31510 8 31765 9 32021 9 32277 10 32533 11 32789 11 33045 11 33301 11 33561 6
a815a986800a95de0957116c6585deea8ffb6ee09ad00ccc687306937ac698d0,41985 4 42241 5 42497 5 42753 5 43009 6 43265 6 43521 6 43777 4 44033 3
a815a986800a95de0957116c6585deea8ffb6ee09ad00ccc687306937ac698d0,42258 3 42513 5 42769 5 43025 5 43282 3
a815a986800a95de0957116c6585deea8ffb6ee09ad00ccc687306937ac698d0,30214 7 30469 11 30725 12 30980 13 31236 13 31492 13 31749 12 32007 10 32264 8 32520 8 32779 4 33036 1
a815a986800a95de0957116c6585deea8ffb6ee09ad00ccc687306937ac698d0,6022 6 6277 8 6533 8 6789 9 7045 10 7301 10 7557 10 7813 10 8070 10 8326 10 8583 9 8839 10 9096 9 9353 7 9609 6 9866 4
a815a986800a95de0957116c6585deea8ffb6ee09ad00ccc687306937ac698d0,31233 3 31489 3 31745 4 32001 6 32257 7 32513 7 32769 10 33025 11 33281 12 33537 13 33793 13 34049 13 34305 13 34562 12 34819 11 35077 8 35335 5
a815a986800a95de0957116c6585deea8ffb6ee09ad00ccc687306937ac698d0,2348 2 2602 5 2858 6 3113 7 3369 9 3624 10 3880 10 4136 10 4392 10 4648 10 4905 9 5162 7 5418 7
a815a986800a95de0957116c6585deea8ffb6ee09ad00ccc687306937ac698d0,60929 4 61185 5 61441 5 61697 6 61953 6 62209 7 62465 7 62721 7 62977 7 63233 7 63489 6 63745 6 64001 6 64257 6 64513 5
a815a986800a95de0957116c6585deea8ffb6ee09ad00ccc687306937ac698d0,40169 6 40424 8 40680 10 40936 11 41192 14 41448 15 41704 15 41961 15 42218 14 42476 12 42732 12 42988 12 43244 12 43501 11 43758 10 44014 10 44270 10 44526 9 44783 7 45040 5
a815a986800a95de0957116c6585deea8ffb6ee09ad00ccc687306937ac698d0,5911 3 6164 7 6419 8 6674 9 6929 10 7185 10 7440 11 7696 10 7952 9 8208 8 8465 6 8721 5
a815a986800a95de0957116c6585deea8ffb6ee09ad00ccc687306937ac698d0,60804 3 61059 5 61315 5 61571 5 61828 3
a815a986800a95de0957116c6585deea8ffb6ee09ad00ccc687306937ac698d0,63359 9 63614 10 63870 10 64127 10 64384 1 64386 6
a815a986800a95de0957116c6585deea8ffb6ee09ad00ccc687306937ac698d0,33557 4 33812 8 34068 9 34324 9 34580 9 34836 9 35092 9 35348 9 35604 9 35861 7 36118 5
a815a986800a95de0957116c6585deea8ffb6ee09ad00ccc687306937ac698d0,44558 7 44812 9 45068 9 45325 8 45581 8 45838 8 46095 8 46353 6 46610 4
