a891bbc89143bca7a717386144eb061ec2d599cba24681389bcb3a2fedb8ff8c,336531 8 337048 14 337566 18 338085 20 338604 22 339123 24 339643 25 340163 26 340683 27 341203 29 341724 29 342244 29 342764 30 343285 29 343806 29 344327 28 344848 27 345369 26 345889 26 346410 25 346931 23 347452 22 347973 20 348494 18 349015 16 349537 11 350062 2
a891bbc89143bca7a717386144eb061ec2d599cba24681389bcb3a2fedb8ff8c,43502 6 44016 13 44533 16 45052 18 45571 19 46090 21 46609 22 47128 23 47648 23 48167 24 48687 24 49207 24 49727 24 50247 24 50767 24 51288 24 51808 25 52328 25 52849 24 53369 24 53890 23 54411 22 54933 20 55454 18 55974 18 56495 17 57016 16 57536 15 58057 14 58577 13 59098 12 59620 9 60141 7 60663 4
a891bbc89143bca7a717386144eb061ec2d599cba24681389bcb3a2fedb8ff8c,257687 5 258206 7 258725 9 259245 10 259764 11 260283 13 260802 14 261322 14 261841 15 262361 15 262881 15 263400 16 263920 16 264440 16 264959 17 265479 16 265998 17 266518 17 267037 18 267557 18 268076 18 268596 18 269115 19 269635 18 270155 18 270674 19 271194 18 271713 19 272232 20 272752 20 273272 19 273792 18 274312 18 274832 17 275352 16 275873 14 276393 13 276914 11 277435 8 277957 5
a891bbc89143bca7a717386144eb061ec2d599cba24681389bcb3a2fedb8ff8c,265453 4 265971 8 266489 12 267008 14 267528 14 268047 16 268567 16 269086 17 269606 17 270125 18 270645 19 271165 19 271684 20 272204 20 272723 21 273243 21 273762 21 274282 21 274802 21 275322 21 275843 20 276364 19 276885 18 277406 16 277926 16 278446 15 278967 14 279487 13 280008 12 280529 10 281049 9 281570 7 282091 5 282612 3 283133 1
a891bbc89143bca7a717386144eb061ec2d599cba24681389bcb3a2fedb8ff8c,91001 2 91521 3 92041 4 92561 5 93081 6 93601 7 94121 7 94641 7 95161 7 95681 8 96201 8 96721 8 97241 8 97761 7 98281 7 98801 7 99321 7 99841 6 100361 6 100881 5 101401 5 101921 5 102441 4 102961 3 103481 2
a891bbc89143bca7a717386144eb061ec2d599cba24681389bcb3a2fedb8ff8c,208792 5 209311 10 209829 12 210348 13 210868 13 211387 15 211902 20 212421 21 212940 22 213460 22 213980 22 214499 23 215019 23 215539 23 216059 23 216580 22 217100 23 217620 26 218140 27 218660 26 219181 16 219701 14 220222 12 220742 11 221263 9 221784 6
a891bbc89143bca7a717386144eb061ec2d599cba24681389bcb3a2fedb8ff8c,299768 7 300286 11 300804 15 301323 17 301843 18 302362 20 302881 22 303401 22 303920 23 304439 25 304958 26 305478 26 305998 26 306517 27 307037 27 307557 27 308076 28 308596 28 309116 28 309636 28 310155 29 310675 29 311195 29 311715 29 312236 28 312756 28 313276 28 313796 27 314316 27 314836 27 315357 26 315877 26 316397 25 316917 25 317438 24 317958 23 318478 23 318999 22 319519 21 320040 20 320560 19 321081 17 321603 14 322124 12 322645 9
a891bbc89143bca7a717386144eb061ec2d599cba24681389bcb3a2fedb8ff8c,245683 2 246202 3 246720 6 247239 7 247758 9 248277 26 248797 27 249317 27 249836 29 250356 29 250877 27 251397 27 251918 26 252440 23 252970 12 253491 10 254012 5
a891bbc89143bca7a717386144eb061ec2d599cba24681389bcb3a2fedb8ff8c,182 35 701 36 1221 36 1740 37 2260 36 2780 36 3300 35 3820 35 4340 34 4860 33 5380 33 5901 31 6421 31 6942 29 7463 27 7984 26 8505 24 9027 21 9550 16 10072 12
a891bbc89143bca7a717386144eb061ec2d599cba24681389bcb3a2fedb8ff8c,146454 8 146973 10 147492 11 148011 12 148528 15 149043 20 149561 22 150080 23 150599 24 151119 25 151638 26 152158 26 152678 25 153197 26 153717 26 154237 26 154757 26 155278 25 155798 25 156319 23 156839 20 157360 18 157881 15 158402 13 158924 10 159451 2
a891bbc89143bca7a717386144eb061ec2d599cba24681389bcb3a2fedb8ff8c,343526 7 344043 13 344562 18 345081 21 345600 23 346119 25 346638 26 347157 28 347675 30 348194 32 348713 33 349232 34 349751 35 350271 35 350790 36 351310 35 351830 35 352349 36 352869 35 353388 35 353908 35 354428 34 354948 33 355468 32 355989 30 356509 29 357029 27 357550 25 358071 23 358591 20 359112 18 359633 16 360155 11 360679 4
a891bbc89143bca7a717386144eb061ec2d599cba24681389bcb3a2fedb8ff8c,97426 10 97944 14 98463 19 98983 22 99502 25 100022 26 100541 29 101061 30 101581 31 102101 32 102621 32 103141 32 103661 33 104182 32 104702 32 105222 32 105743 30 106264 29 106785 27 107306 24 107828 21 108350 16 108872 12 109394 9
a891bbc89143bca7a717386144eb061ec2d599cba24681389bcb3a2fedb8ff8c,24652 2 25169 10 25687 14 26206 16 26724 19 27243 21 27763 23 28282 25 28801 27 29321 28 29841 29 30361 30 30881 31 31401 32 31921 33 32441 34 32961 34 33482 34 34002 35 34522 35 35042 36 35563 35 36083 36 36604 35 37124 35 37645 35 38166 34 38688 32 39211 29 39740 20 40262 17 40783 16 41305 13 41826 11 42347 9 42870 3
a891bbc89143bca7a717386144eb061ec2d599cba24681389bcb3a2fedb8ff8c,355229 11 355745 20 356263 23 356781 26 357299 28 357818 29 358336 31 358854 33 359372 35 359891 37 360410 38 360929 39 361449 39
a891bbc89143bca7a717386144eb061ec2d599cba24681389bcb3a2fedb8ff8c,121942 6 122461 9 122979 12 123498 14 124017 15 124536 17 125055 18 125574 19 126093 20 126613 20 127132 21 127651 22 128170 23 128690 23 129209 24 129728 25 130248 25 130767 26 131287 25 131806 26 132326 26 132845 27 133365 26 133885 26 134405 26 134924 26 135444 26 135964 26 136484 27 137004 28 137524 28 138044 27 138564 26 139084 24 139604 23 140125 21 140645 20 141166 18 141686 17 142207 16 142728 14 143250 10 143776 3 144297 1
a891bbc89143bca7a717386144eb061ec2d599cba24681389bcb3a2fedb8ff8c,93359 5 93877 9 94395 12 94913 14 95432 16 95951 18 96470 19 96990 20 97509 21 98027 23 98546 24 99065 25 99584 26 100102 28 100621 29 101140 30 101660 30 102179 30 102698 31 103218 30 103738 30 104258 29 104778 28 105298 27 105818 26 106338 24 106859 21 107379 20 107900 16 108421 13 108943 8
a891bbc89143bca7a717386144eb061ec2d599cba24681389bcb3a2fedb8ff8c,110377 4 110889 17 111407 21 111924 26 112442 29 112961 31 113479 34 113998 35 114517 37 115036 38 115555 39 116074 40 116594 41 117113 42 117633 42 118153 42 118672 42 119192 42 119713 41 120233 40 120753 40 121273 39 121794 38 122314 37 122835 34 123356 32 123878 28 124408 16 124931 4
a891bbc89143bca7a717386144eb061ec2d599cba24681389bcb3a2fedb8ff8c,82155 6 82672 9 83191 10 83710 11 84228 13 84747 14 85265 16 85784 17 86302 19 86819 22 87338 23 87858 23 88377 24 88897 24 89416 25 89936 25 90455 25 90975 24 91494 25 92014 24 92534 23 93054 22 93574 21 94094 20 94614 19 95134 18 95654 17 96175 15 96696 3 96701 8 97216 2 97222 6 97742 5 98263 3
a891bbc89143bca7a717386144eb061ec2d599cba24681389bcb3a2fedb8ff8c,310068 3 310586 9 311105 12 311624 15 312143 17 312662 19 313182 20 313702 21 314221 23 314741 23 315261 24 315782 23 316302 23 316822 24 317342 24 317862 24 318383 23 318903 23 319423 23 319944 22 320464 22 320985 21 321505 21 322025 20 322546 19 323066 19 323587 17 324107 16 324628 14 325149 12 325670 10 326192 6
a891bbc89143bca7a717386144eb061ec2d599cba24681389bcb3a2fedb8ff8c,341655 4 342174 9 342693 12 343212 15 343732 16 344251 18 344771 19 345291 20 345811 21 346331 22 346852 22 347372 23 347892 24 348412 25 348932 25 349452 25 349972 25 350491 27 351011 27 351531 27 352051 26 352571 26 353092 24 353612 23 354133 13 354656 6
a891bbc89143bca7a717386144eb061ec2d599cba24681389bcb3a2fedb8ff8c,80939 8 81457 12 81975 16 82494 18 83013 20 83532 21 84052 22 84571 24 85090 25 85610 26 86129 27 86649 27 87169 28 87689 28 88209 28 88728 30 89248 30 89768 30 90289 30 90809 30 91329 30 91850 30 92371 29 92891 29 93412 29 93933 28 94454 28 94975 27 95496 26 96017 26 96538 25 97058 25 97579 25 98100 24 98621 23 99141 23 99662 23 100182 23 100703 22 101223 21 101743 21 102263 21 102784 20 103304 19 103825 18 104345 17 104866 16 105387 14 105909 11 106431 8
a891bbc89143bca7a717386144eb061ec2d599cba24681389bcb3a2fedb8ff8c,11 12 530 14 1049 16 1567 19 2085 22 2604 23 3123 25 3642 26 4161 27 4681 27 5201 27 5721 27 6241 27 6761 27 7281 27 7801 27 8321 26 8841 26 9361 25 9881 25 10401 24 10921 24 11441 23 11961 22 12481 21 13001 20 13523 17 14044 15 14566 10 15090 2
a891bbc89143bca7a717386144eb061ec2d599cba24681389bcb3a2fedb8ff8c,279753 4 280270 11 280788 13 281307 14 281826 15 282345 16 282864 17 283384 17 283903 18 284422 19 284942 19 285461 20 285981 20 286501 20 287021 20 287541 20 288061 20 288581 20 289101 20 289621 20 290141 20 290661 20 291181 20 291701 20 292222 19 292742 19 293263 18 293784 17 294305 15 294827 12
a891bbc89143bca7a717386144eb061ec2d599cba24681389bcb3a2fedb8ff8c,255571 3 256090 5 256608 9 257123 15 257642 17 258161 18 258680 19 259200 19 259720 18 260240 18 260760 17 261280 16 261801 14 262321 12 262842 10 263364 7
a891bbc89143bca7a717386144eb061ec2d599cba24681389bcb3a2fedb8ff8c,79634 3 80151 8 80670 10 81189 12 81708 13 82227 14 82747 14 83266 16 83785 17 84305 17 84824 18 85344 18 85864 18 86383 18 86903 18 87422 19 87942 19 88462 19 88981 19 89501 19 90021 19 90540 20 91060 20 91580 20 92100 20 92620 20 93140 20 93660 20 94180 20 94700 20 95220 20 95740 20 96260 20 96780 19 97301 18 97821 18 98341 18 98862 16 99382 15 99903 14 100424 12 100946 8 101467 6
a891bbc89143bca7a717386144eb061ec2d599cba24681389bcb3a2fedb8ff8c,272024 8 272542 13 273061 16 273580 18 274100 20 274619 22 275138 24 275658 24 276177 26 276697 27 277216 29 277736 29 278256 29 278775 31 279295 31 279815 31 280335 31 280854 32 281374 32 281894 32 282414 32 282934 32 283454 32 283974 31 284494 31 285014 31 285534 31 286055 29 286575 28 287095 28 287616 26 288136 25 288657 24 289177 23 289698 21 290219 19 290739 17 291260 15 291782 12 292304 7
a891bbc89143bca7a717386144eb061ec2d599cba24681389bcb3a2fedb8ff8c,43282 2 43799 10 44318 12 44837 13 45356 15 45875 16 46394 18 46913 19 47431 21 47950 22 48470 22 48989 23 49509 23 50028 24 50548 23 51067 24 51587 24 52106 25 52626 24 53146 24 53665 24 54185 24 54705 24 55225 23 55745 23 56265 22 56784 23 57304 23 57824 22 58344 22 58864 22 59384 21 59904 21 60423 21 60943 21 61463 20 61983 20 62503 19 63023 19 63544 17 64064 16 64584 15 65105 13 65626 11 66146 9 66666 7 67187 3
a891bbc89143bca7a717386144eb061ec2d599cba24681389bcb3a2fedb8ff8c,231533 6 232051 10 232570 12 233089 14 233608 15 234127 17 234646 19 235165 20 235684 22 236203 23 236723 23 237242 24 237761 25 238280 26 238800 26 239319 27 239839 27 240358 27 240878 27 241398 26 241917 27 242437 27 242957 27 243477 26 243997 25 244517 25 245037 24 245557 23 246078 20 246598 19 247119 17 247639 16 248160 14 248681 12 249202 9 249726 2
a891bbc89143bca7a717386144eb061ec2d599cba24681389bcb3a2fedb8ff8c,185239 5 185757 8 186276 9 186795 11 187314 13 187833 15 188352 16 188871 18 189391 19 189911 20 190431 19 190951 18 191471 18 191991 18 192511 17 193030 18 193550 17 194069 18 194589 18 195109 18 195629 17 196150 15 196670 14 197190 13 197710 12 198231 10 198752 7 199273 3
a891bbc89143bca7a717386144eb061ec2d599cba24681389bcb3a2fedb8ff8c,28656 10 29174 13 29692 16 30211 18 30730 19 31248 21 31767 22 32286 23 32805 24 33324 25 33843 26 34362 27 34882 26 35402 26 35921 27 36441 27 36960 27 37480 27 38000 26 38519 27 39039 27 39559 26 40079 25 40599 25 41119 24 41639 24 42159 23 42679 22 43199 21 43720 18 44240 17 44760 14 45281 12 45802 9 46324 5
a891bbc89143bca7a717386144eb061ec2d599cba24681389bcb3a2fedb8ff8c,131911 7 132429 12 132948 15 133467 18 133986 20 134506 21 135025 23 135545 24 136064 25 136584 25 137104 26 137624 26 138144 26 138664 26 139184 26 139705 25 140225 24 140745 23 141266 21 141787 19 142308 17 142830 13 143355 7
a891bbc89143bca7a717386144eb061ec2d599cba24681389bcb3a2fedb8ff8c,156342 9 156859 13 157378 20 157896 23 158415 24 158934 25 159453 26 159972 27 160491 29 161010 30 161530 30 162050 31 162570 31 163090 30 163611 28 164132 26 164653 24 165174 22 165695 19 166216 15 166741 7
a891bbc89143bca7a717386144eb061ec2d599cba24681389bcb3a2fedb8ff8c,4398 6 4917 8 5436 10 5955 12 6474 13 6992 16 7511 17 8030 18 8549 19 9068 20 9587 22 10107 22 10626 23 11146 22 11666 22 12185 23 12705 23 13225 23 13745 23 14265 23 14785 23 15305 23 15826 22 16346 21 16866 21 17387 20 17907 20 18428 19 18949 18 19469 18 19989 17 20510 16 21030 16 21551 14 22072 13 22593 11 23114 9 23636 6
a891bbc89143bca7a717386144eb061ec2d599cba24681389bcb3a2fedb8ff8c,309458 6 309975 11 310493 15 311011 18 311530 19 312047 23 312565 25 313084 26 313602 28 314121 29 314640 30 315160 30 315679 31 316199 31 316718 31 317237 32 317757 32 318277 31 318797 30 319318 27 319838 25 320359 23 320880 21 321403 17 321930 9 322451 4
a891bbc89143bca7a717386144eb061ec2d599cba24681389bcb3a2fedb8ff8c,192700 3 193217 8 193734 13 194249 19 194763 26 195282 27 195801 28 196320 29 196840 29 197360 29 197880 29 198399 29 198919 29 199439 28 199959 27 200479 26 200999 24 201519 23 202040 21 202561 19 203081 18 203602 16 204122 15 204643 12 205164 4
a891bbc89143bca7a717386144eb061ec2d599cba24681389bcb3a2fedb8ff8c,166625 8 167143 11 167662 13 168181 15 168701 15 169221 15 169740 16 170259 17 170778 19 171297 20 171816 21 172336 21 172855 22 173375 22 173895 22 174415 22 174935 22 175455 22 175975 21 176495 21 177015 20 177535 19 178055 18 178575 18 179095 18 179615 17 180134 17 180654 17 181174 17 181694 16 182214 14 182735 12 183257 2 183262 4 183783 2
a891bbc89143bca7a717386144eb061ec2d599cba24681389bcb3a2fedb8ff8c,188505 3 189024 8 189542 11 190061 12 190579 15 191098 16 191616 19 192135 21 192654 22 193173 24 193693 25 194212 29 194732 30 195252 30 195773 28 196295 25 196818 22 197339 21 197860 20 198381 18 198901 18 199422 17 199942 17 200462 17 200982 15 201502 14 202022 14 202542 14 203062 13 203582 13 204102 12 204623 11 205143 10 205664 8 206185 6
a891bbc89143bca7a717386144eb061ec2d599cba24681389bcb3a2fedb8ff8c,261388 5 261905 11 262423 14 262942 16 263461 18 263980 20 264499 22 265018 25 265538 26 266058 26 266577 26 267096 26 267616 26 268136 26 268655 27 269175 27 269695 27 270214 28 270734 28 271254 28 271774 28 272294 28 272814 28 273334 27 273854 27 274374 26 274894 26 275415 24 275935 23 276455 22 276976 21 277496 20 278017 18 278538 15 279059 13 279579 11 280100 8
a891bbc89143bca7a717386144eb061ec2d599cba24681389bcb3a2fedb8ff8c,47082 7 47600 11 48118 15 48637 17 49156 18 49676 19 50195 21 50714 23 51234 23 51753 25 52273 25 52792 26 53312 26 53832 27 54352 27 54872 27 55392 27 55912 28 56431 29 56951 29 57472 28 57992 28 58512 28 59032 28 59553 27 60073 27 60593 27 61113 27 61634 26 62154 26 62675 25 63195 24 63716 22 64236 22 64757 20 65277 20 65797 19 66318 18 66838 17 67359 15 67880 13 68401 11 68922 9 69445 2
a891bbc89143bca7a717386144eb061ec2d599cba24681389bcb3a2fedb8ff8c,120106 9 120621 15 121138 19 121655 23 122174 24 122693 26 123212 27 123732 28 124252 28 124771 29 125291 29 125811 28 126331 28 126851 27 127370 28 127890 28 128410 29 128930 30 129451 29 129972 28 130493 26 131015 23 131537 20 132061 15 132584 10
a891bbc89143bca7a717386144eb061ec2d599cba24681389bcb3a2fedb8ff8c,185398 4 185916 9 186435 12 186954 14 187473 16 187993 17 188512 18 189032 19 189553 19 190073 19 190594 18 191114 18 191635 17 192156 16 192676 15 193197 14 193718 13 194241 8 194762 1
a891bbc89143bca7a717386144eb061ec2d599cba24681389bcb3a2fedb8ff8c,130998 9 131514 17 132031 23 132550 26 133069 28 133588 30 134108 31 134628 32 135148 32 135667 33 136187 33 136707 33 137228 32 137749 31 138269 31 138790 29 139311 28 139832 26 140353 24 140874 23 141395 21 141916 19 142441 12
a891bbc89143bca7a717386144eb061ec2d599cba24681389bcb3a2fedb8ff8c,169855 8 170373 14 170891 18 171410 21 171929 24 172449 25 172969 27 173488 29 174008 30 174529 29 175049 29 175570 29 176091 28 176612 27 177134 24 177658 20 178179 18 178700 16 179220 15 179740 14 180260 11 180781 9 181304 4
a891bbc89143bca7a717386144eb061ec2d599cba24681389bcb3a2fedb8ff8c,195004 11 195521 15 196041 16 196561 16 197081 17 197601 17 198121 18 198641 18 199161 18 199681 18 200201 18 200721 18 201241 18 201761 17 202281 16 202801 15 203321 14 203841 13 204361 10
a891bbc89143bca7a717386144eb061ec2d599cba24681389bcb3a2fedb8ff8c,117967 3 118486 6 119003 12 119521 16 120040 18 120559 19 121078 20 121597 21 122117 21 122636 22 123156 22 123676 22 124195 23 124715 22 125235 21 125755 21 126275 20 126795 19 127316 17 127836 16 128357 14 128878 12 129399 8 129922 4
a891bbc89143bca7a717386144eb061ec2d599cba24681389bcb3a2fedb8ff8c,152871 9 153388 13 153907 14 154427 14 154946 15 155465 16 155985 16 156505 16 157024 17 157544 17 158064 17 158584 17 159104 17 159624 17 160145 16 160666 15 161186 15 161707 14 162228 13 162749 12 163270 11 163791 10 164312 9 164833 8 165354 7 165876 5 166397 4
a891bbc89143bca7a717386144eb061ec2d599cba24681389bcb3a2fedb8ff8c,52194 8 52713 11 53232 13 53751 15 54270 17 54789 18 55309 18 55828 20 56347 21 56866 22 57385 23 57904 23 58423 24 58942 25 59461 25 59981 25 60500 26 61019 27 61539 26 62058 27 62578 27 63097 27 63617 26 64137 22 64657 20 65177 19 65697 17 66217 16 66737 15 67257 13 67778 11 68300 8
a891bbc89143bca7a717386144eb061ec2d599cba24681389bcb3a2fedb8ff8c,117361 9 117880 13 118399 16 118918 19 119438 21 119957 25 120477 27 120996 29 121516 30 122036 31 122556 32 123076 32 123597 32 124117 32 124638 32 125159 31 125679 31 126200 31 126721 30 127243 28 127764 27 128286 24 128807 23 129329 20 129850 18 130372 15 130894 12 131417 7
a891bbc89143bca7a717386144eb061ec2d599cba24681389bcb3a2fedb8ff8c,70460 5 70978 10 71496 13 72015 14 72534 15 73054 16 73573 17 74093 17 74612 18 75132 18 75651 19 76171 19 76691 19 77211 19 77731 19 78252 18 78772 18 79293 17 79814 16 80335 15 80856 13 81377 11 81898 9
a891bbc89143bca7a717386144eb061ec2d599cba24681389bcb3a2fedb8ff8c,233790 10 234309 12 234828 14 235347 16 235866 18 236385 19 236905 20 237424 21 237944 21 238464 21 238985 19 239505 19 240025 18 240546 16 241066 15 241587 14 242107 14 242628 12 243154 5
a891bbc89143bca7a717386144eb061ec2d599cba24681389bcb3a2fedb8ff8c,252733 7 253249 14 253767 19 254284 23 254803 25 255321 28 255841 29 256361 29 256881 29 257401 29 257921 28 258441 28 258961 28 259481 27 260001 27 260521 26 261041 25 261561 23 262081 22 262601 20 263121 18 263642 15 264167 7
a891bbc89143bca7a717386144eb061ec2d599cba24681389bcb3a2fedb8ff8c,324780 3 324787 3 325298 16 325816 19 326334 22 326853 23 327372 25 327892 25 328411 27 328931 27 329451 27 329970 28 330490 28 331010 29 331531 28 332051 28 332572 26 333092 26 333612 26 334132 26 334653 25 335173 25 335693 25 336213 24 336733 24 337254 23 337774 22 338294 22 338815 20 339335 20 339856 18 340376 18 340897 16 341418 14 341939 12 342461 8
a891bbc89143bca7a717386144eb061ec2d599cba24681389bcb3a2fedb8ff8c,241050 3 241568 8 242086 11 242605 13 243125 13 243644 15 244163 16 244683 17 245203 17 245723 17 246242 18 246762 18 247282 18 247802 18 248322 17 248842 16 249363 14
a891bbc89143bca7a717386144eb061ec2d599cba24681389bcb3a2fedb8ff8c,65501 2 66018 9 66537 13 67056 15 67575 17 68094 19 68614 19 69133 21 69653 21 70173 22 70693 22 71213 22 71733 22 72253 22 72774 21 73294 21 73815 20 74335 21 74856 21 75376 21 75897 20 76417 20 76938 19 77458 19 77979 18 78499 17 79020 16 79541 14 80062 12 80584 9 81107 5
a891bbc89143bca7a717386144eb061ec2d599cba24681389bcb3a2fedb8ff8c,153850 7 154369 10 154889 15 155409 18 155929 18 156449 18 156969 19 157489 19 158009 19 158529 19 159049 20 159569 20 160089 20 160608 21 161128 21 161648 21 162167 22 162687 21 163207 21 163727 20 164247 20 164767 19 165288 17 165808 16 166329 15 166850 13 167371 11 167895 5
a891bbc89143bca7a717386144eb061ec2d599cba24681389bcb3a2fedb8ff8c,203785 12 204301 24 204820 30 205338 34 205857 37 206376 39 206896 40 207416 40 207936 41 208456 41 208976 41 209497 40 210017 40 210538 39 211058 39 211579 38 212100 36 212621 35 213142 33 213663 32 214185 29 214706 27 215228 24 215750 21 216272 18 216794 15 217318 8
a891bbc89143bca7a717386144eb061ec2d599cba24681389bcb3a2fedb8ff8c,154742 6 155260 9 155778 12 156297 14 156816 16 157335 19 157855 20 158374 22 158894 23 159414 24 159934 24 160454 24 160974 25 161495 24 162015 24 162535 24 163055 24 163575 25 164095 25 164615 25 165135 25 165655 25 166175 25 166695 25 167215 25 167735 25 168255 25 168775 24 169295 24 169816 23 170337 21 170858 20 171378 20 171899 18 172420 17 172941 15 173462 13 173984 8
a891bbc89143bca7a717386144eb061ec2d599cba24681389bcb3a2fedb8ff8c,89386 12 89905 14 90424 16 90941 20 91460 21 91979 23 92499 25 93018 27 93538 28 94058 29 94579 29 95099 29 95620 28 96141 27 96661 27 97182 26 97703 25 98224 24 98745 22 99266 20 99787 17 100307 16 100828 13 101349 10 101870 7 102392 3
a891bbc89143bca7a717386144eb061ec2d599cba24681389bcb3a2fedb8ff8c,154589 9 155105 17 155623 21 156141 24 156659 28 157178 30 157697 33 158216 35 158735 37 159254 39 159774 40 160294 40 160814 41 161334 41 161855 40 162375 40 162896 39 163418 37 163940 35 164464 30 164989 25 165515 18 166043 8
a891bbc89143bca7a717386144eb061ec2d599cba24681389bcb3a2fedb8ff8c,284082 3 284602 4 284615 2 285122 4 285133 7 285642 5 285650 10 286161 18 286681 18 287200 19 287720 20 288240 21 288760 22 289280 22 289800 23 290320 23 290840 24 291360 24 291880 24 292401 24 292921 24 293441 24 293962 24 294482 24 295003 23 295523 23 296044 22 296564 22 297084 22 297605 21 298125 21 298646 20 299166 19 299687 18 300208 16 300729 15 301250 13 301772 10 302296 5
a891bbc89143bca7a717386144eb061ec2d599cba24681389bcb3a2fedb8ff8c,143126 12 143642 18 144157 24 144674 28 145193 29 145712 31 146231 32 146750 33 147269 33 147788 34 148305 37 148824 37 149344 37 149863 37 150382 37 150902 36 151422 34 151942 30 152462 28 152982 27 153502 26 154022 25 154542 25 155063 23 155584 16 156105 14 156626 11 157147 9 157669 3
a891bbc89143bca7a717386144eb061ec2d599cba24681389bcb3a2fedb8ff8c,323 18 843 18 1363 17 1884 14 2405 12 2926 9
a891bbc89143bca7a717386144eb061ec2d599cba24681389bcb3a2fedb8ff8c,29726 5 30243 9 30762 10 31281 12 31799 15 32318 16 32838 16 33357 17 33876 19 34396 19 34915 20 35434 21 35954 20 36473 21 36993 21 37512 22 38032 22 38551 22 39071 22 39590 22 40110 22 40630 21 41149 22 41669 21 42189 21 42708 21 43228 20 43748 20 44268 19 44788 19 45307 19 45827 18 46347 18 46867 17 47386 18 47905 19 48425 18 48945 18 49465 17 49985 17 50505 16 51025 16 51545 16 52065 15 52585 15 53106 13 53626 13 54147 11 54668 9 55189 7
a891bbc89143bca7a717386144eb061ec2d599cba24681389bcb3a2fedb8ff8c,96699 2 97218 4 97736 6 98255 8 98773 12 99291 14 99809 16 100328 17 100846 20 101365 21 101885 21 102405 21 102924 23 103444 23 103965 23 104485 24 105005 24 105526 23 106047 22 106568 21 107089 19 107610 18 108131 17 108652 16 109173 15 109694 14 110215 13 110736 11 111257 9 111778 6
a891bbc89143bca7a717386144eb061ec2d599cba24681389bcb3a2fedb8ff8c,189081 6 189598 12 190116 16 190635 18 191154 20 191674 21 192193 22 192712 24 193232 25 193752 25 194272 25 194792 25 195312 25 195832 25 196352 25 196872 25 197392 25 197913 24 198433 24 198954 23 199474 23 199994 22 200515 21 201036 19 201556 19 202076 18 202597 17 203117 16 203637 15 204157 15 204678 13 205199 10 205720 8 206243 3
a891bbc89143bca7a717386144eb061ec2d599cba24681389bcb3a2fedb8ff8c,164275 1 164794 5 165312 11 165830 14 166349 16 166868 18 167387 19 167907 20 168426 21 168946 22 169466 22 169986 22 170506 23 171026 23 171546 23 172066 24 172586 24 173106 24 173626 24 174146 24 174667 24 175187 24 175707 24 176227 24 176748 24 177269 24 177789 24 178310 24 178831 23 179352 23 179873 22 180394 20 180916 18 181439 14 181965 5
a891bbc89143bca7a717386144eb061ec2d599cba24681389bcb3a2fedb8ff8c,355317 6 355835 9 356353 12 356871 14 357389 16 357906 19 358424 21 358942 23 359461 24 359979 25 360497 27 361016 27 361536 26
a891bbc89143bca7a717386144eb061ec2d599cba24681389bcb3a2fedb8ff8c,342927 2 343443 11 343962 14 344480 19 344999 21 345518 22 346038 23 346557 24 347076 25 347596 25 348115 26 348635 26 349155 26 349675 26 350194 26 350714 26 351234 25 351753 26 352273 26 352792 26 353312 26 353832 25 354351 26 354871 25 355391 25 355911 25 356431 25 356951 24 357472 23 357992 23 358513 21 359033 21 359554 19 360075 18 360596 16 361117 14 361638 13
a891bbc89143bca7a717386144eb061ec2d599cba24681389bcb3a2fedb8ff8c,345668 9 346186 12 346703 16 347220 20 347738 23 348257 24 348776 25 349295 27 349814 28 350334 28 350854 28 351374 28 351894 28 352414 29 352934 29 353454 30 353974 30 354494 30 355015 30 355535 30 356056 29 356577 28 357098 27 357620 25 358141 24 358663 21 359186 18 359707 16 360228 14 360749 12 361273 7
a891bbc89143bca7a717386144eb061ec2d599cba24681389bcb3a2fedb8ff8c,104519 2 105038 3 105558 3 106077 4 106597 4 107117 4 107638 3 108158 3 108678 3 109198 3 109719 2
a891bbc89143bca7a717386144eb061ec2d599cba24681389bcb3a2fedb8ff8c,26314 13 26832 18 27351 21 27871 22 28390 24 28910 25 29430 26 29949 27 30468 29 30988 29 31508 30 32028 30 32548 30 33068 30 33588 30 34109 29 34629 29 35149 28 35669 28 36190 26 36710 25 37230 23 37751 21 38272 17 38793 13 39316 7
a891bbc89143bca7a717386144eb061ec2d599cba24681389bcb3a2fedb8ff8c,75 27 594 28 1113 28 1633 28 2152 28 2672 28 3191 28 3711 28 4231 28 4750 28 5270 28 5790 28 6310 28 6829 29 7349 28 7869 28 8389 27 8910 26 9430 25 9950 24 10471 22 10991 21 11512 19 12033 17 12554 15 13077 10
a891bbc89143bca7a717386144eb061ec2d599cba24681389bcb3a2fedb8ff8c,236275 6 236792 13 237310 17 237828 21 238347 23 238866 26 239385 28 239905 28 240424 30 240944 31 241464 32 241984 33 242504 34 243023 35 243543 35 244063 35 244583 36 245103 36 245623 36 246143 36 246663 36 247183 37 247703 37 248224 36 248744 35 249264 35 249784 35 250304 35 250825 34 251345 34 251865 34 252386 32 252906 32 253427 31 253947 30 254468 29 254989 28 255509 27 256030 26 256551 25 257072 25 257594 23 258115 21 258636 16 259157 14 259679 10
a891bbc89143bca7a717386144eb061ec2d599cba24681389bcb3a2fedb8ff8c,157982 4 158500 9 159019 11 159538 13 160057 16 160577 17 161096 19 161616 20 162135 22 162655 23 163174 24 163694 25 164214 26 164734 27 165253 28 165773 28 166293 28 166812 29 167331 30 167851 29 168370 29 168889 29 169409 28 169929 26 170449 24 170969 23 171489 21 172010 18 172531 15 173053 10
a891bbc89143bca7a717386144eb061ec2d599cba24681389bcb3a2fedb8ff8c,15732 7 16250 11 16768 15 17286 18 17805 22 18325 24 18844 26 19364 27 19884 28 20404 29 20924 30 21444 30 21965 29 22485 29 23006 28 23527 27 24048 26 24568 26 25088 25 25608 24 26132 19 26656 2 26667 3
a891bbc89143bca7a717386144eb061ec2d599cba24681389bcb3a2fedb8ff8c,204751 8 205269 11 205788 13 206307 14 206826 15 207345 16 207864 17 208384 17 208903 18 209422 19 209941 20 210460 20 210979 21 211498 22 212018 21 212537 22 213056 22 213576 22 214095 22 214615 21 215135 21 215654 21 216174 20 216695 17 217215 16 217736 13 218257 11 218778 8
a891bbc89143bca7a717386144eb061ec2d599cba24681389bcb3a2fedb8ff8c,178075 1 178594 10 179113 12 179632 14 180151 16 180671 21 181191 27 181710 29 182228 32 182747 34 183266 35 183785 37 184303 40 184822 41 185342 41 185862 41 186383 13 186405 17 186904 10 186926 15 187425 8 187447 13 187948 4 187968 11 188489 10 189010 8 189531 6
a891bbc89143bca7a717386144eb061ec2d599cba24681389bcb3a2fedb8ff8c,21304 5 21819 15 22336 20 22855 23 23374 25 23893 28 24412 29 24932 29 25452 29 25971 30 26491 30 27011 30 27531 30 28051 30 28572 29 29092 29 29613 28 30134 27 30655 26 31177 24 31700 21 32225 14 32748 10
a891bbc89143bca7a717386144eb061ec2d599cba24681389bcb3a2fedb8ff8c,290972 3 291490 7 292008 10 292527 12 293046 14 293566 14 294085 16 294604 17 295123 19 295642 20 296161 21 296681 22 297200 23 297719 24 298239 24 298759 24 299278 25 299798 25 300317 26 300837 26 301357 26 301876 27 302395 27 302915 27 303434 28 303954 28 304474 27 304993 28 305513 28 306033 27 306553 27 307072 28 307592 27 308112 27 308632 26 309152 26 309672 25 310192 25 310713 23 311233 22 311753 22 312274 20 312794 19 313315 17 313836 15 314357 13 314878 10 315400 6
a891bbc89143bca7a717386144eb061ec2d599cba24681389bcb3a2fedb8ff8c,23273 2 23788 13 24306 16 24824 19 25341 23 25859 26 26377 28 26896 30 27415 31 27934 32 28453 33 28973 33 29492 34 30011 34 30530 35 31049 36 31569 35 32088 36 32607 36 33126 37 33646 36 34166 36 34685 36 35205 35 35725 34 36245 33 36765 32 37285 31 37805 30 38326 29 38846 28 39366 26 39887 24 40408 21 40930 17 41452 12
a891bbc89143bca7a717386144eb061ec2d599cba24681389bcb3a2fedb8ff8c,235406 5 235922 12 236440 16 236957 20 237476 21 237994 23 238513 24 239032 25 239551 26 240070 27 240589 28 241109 28 241628 28 242148 28 242667 28 243187 27 243707 26 244227 25 244747 24 245268 22 245788 21 246309 19 246830 16 247352 13
a891bbc89143bca7a717386144eb061ec2d599cba24681389bcb3a2fedb8ff8c,272343 5 272861 9 273380 11 273899 13 274418 15 274937 16 275457 17 275977 17 276497 18 277016 19 277536 20 278056 20 278576 20 279096 21 279616 21 280135 22 280655 23 281175 23 281695 24 282214 25 282734 25 283253 27 283773 27 284292 28 284812 28 285332 29 285852 29 286371 30 286891 30 287411 30 287931 29 288452 28 288972 28 289492 28 290012 28 290533 26 291053 25 291574 23 292095 22 292616 20 293137 17 293658 14 294181 9
a891bbc89143bca7a717386144eb061ec2d599cba24681389bcb3a2fedb8ff8c,170684 8 171202 12 171721 14 172240 15 172760 16 173279 19 173799 20 174319 21 174839 22 175359 22 175879 23 176399 24 176918 25 177438 26 177958 26 178478 26 178998 27 179518 27 180039 27 180559 27 181079 28 181600 27 182120 27 182640 27 183161 26 183682 25 184203 24 184723 24 185244 23 185765 20 186285 19 186806 17 187327 16 187848 15 188368 15 188889 14 189410 13 189931 12 190451 12 190971 12 191491 12 192012 11 192532 11 193052 10 193573 9 194095 6
a891bbc89143bca7a717386144eb061ec2d599cba24681389bcb3a2fedb8ff8c,48351 8 48868 13 49385 16 49903 18 50422 19 50940 21 51458 23 51977 24 52495 26 53014 27 53534 27 54053 28 54573 28 55093 28 55613 28 56133 27 56653 26 57173 25 57694 23 58214 23 58735 22 59256 9 59267 9 59778 5 59788 7 60309 5
a891bbc89143bca7a717386144eb061ec2d599cba24681389bcb3a2fedb8ff8c,74288 9 74805 14 75323 17 75842 19 76360 21 76878 24 77397 25 77916 26 78435 27 78954 29 79474 29 79993 29 80512 30 81032 30 81551 31 82071 31 82591 30 83111 30 83630 30 84150 30 84670 29 85190 28 85710 27 86229 27 86749 27 87270 25 87790 24 88310 23 88830 22 89351 20 89871 18 90392 15 90913 12 91434 9 91956 4
a891bbc89143bca7a717386144eb061ec2d599cba24681389bcb3a2fedb8ff8c,340642 22 341159 27 341678 29 342197 31 342717 32 343236 33 343756 33 344276 34 344797 33 345317 33 345837 33 346357 33 346877 33 347398 32 347919 31 348440 30 348961 28 349483 26 350005 23 350532 15 351053 11 351576 6
a891bbc89143bca7a717386144eb061ec2d599cba24681389bcb3a2fedb8ff8c,68787 5 69305 8 69823 11 70342 13 70861 15 71380 16 71899 17 72418 18 72937 19 73456 20 73975 21 74494 22 75013 23 75532 24 76051 25 76570 26 77090 25 77609 26 78128 27 78647 27 79166 28 79685 28 80204 29 80723 29 81242 30 81761 30 82280 30 82799 31 83318 31 83838 30 84357 30 84877 29 85397 28 85917 27 86437 25 86958 23 87478 22 87999 19 88520 16 89044 7
a891bbc89143bca7a717386144eb061ec2d599cba24681389bcb3a2fedb8ff8c,145438 7 145945 22 146464 24 146983 26 147503 26 148023 26 148543 26 149063 26 149583 26 150103 26 150623 26 151144 25 151666 22 152187 21 152707 20 153228 19 153749 17 154269 17 154789 16 155309 16 155830 15 156351 13 156872 12 157398 5 157919 2
a891bbc89143bca7a717386144eb061ec2d599cba24681389bcb3a2fedb8ff8c,324309 4 324827 8 325346 10 325865 11 326384 12 326904 12 327423 13 327942 13 328461 14 328980 14 329496 18 330013 20 330530 23 331048 24 331566 26 332085 27 332604 27 333123 28 333642 29 334162 29 334681 30 335201 30 335721 30 336241 30 336761 30 337281 27 337801 26 338322 23 338843 20 339365 6 339373 7
a891bbc89143bca7a717386144eb061ec2d599cba24681389bcb3a2fedb8ff8c,487 30 1007 30 1528 28 2048 28 2569 26 3090 24 3611 22 4132 19 4653 17 5174 14 5697 9
a891bbc89143bca7a717386144eb061ec2d599cba24681389bcb3a2fedb8ff8c,323653 5 324168 13 324686 17 325205 19 325724 21 326244 22 326763 24 327283 26 327803 27 328323 28 328843 28 329363 28 329883 28 330403 29 330923 29 331443 30 331963 30 332483 30 333003 30 333524 29 334044 29 334564 28 335085 27 335606 25 336127 24 336648 22 337169 20 337690 18 338211 15 338732 6 338740 5 339261 3
a891bbc89143bca7a717386144eb061ec2d599cba24681389bcb3a2fedb8ff8c,139361 3 139881 4 140401 7 140921 9 141441 10 141961 11 142481 11 143001 12 143521 12 144041 13 144561 13 145081 14 145601 14 146121 14 146641 14 147161 15 147681 15 148201 16 148721 16 149241 16 149761 17 150281 17 150801 17 151321 17 151841 17 152361 17 152881 17 153401 17 153921 17 154441 17 154961 17 155482 16 156004 13 156525 12 157046 10 157567 8 158088 5
a891bbc89143bca7a717386144eb061ec2d599cba24681389bcb3a2fedb8ff8c,240706 3 241219 13 241737 16 242255 19 242774 21 243293 23 243812 24 244331 26 244851 27 245370 32 245890 33 246410 34 246930 35 247450 35 247970 36 248490 36 249010 36 249531 35 250051 35 250572 34 251092 34 251613 32 252134 31 252656 29 253177 27 253699 25 254221 23 254743 20 255264 19 255785 17 256305 17 256826 15 257346 15 257867 13 258387 13 258908 11 259429 9 259949 9 260470 7 260992 3
a891bbc89143bca7a717386144eb061ec2d599cba24681389bcb3a2fedb8ff8c,227681 10 228199 14 228717 17 229236 19 229755 21 230274 23 230794 23 231313 24 231832 26 232352 26 232871 27 233391 27 233911 27 234430 28 234950 28 235470 28 235990 28 236510 28 237030 27 237550 27 238071 25 238591 25 239111 25 239632 23 240152 22 240673 20 241193 19 241714 17 242236 13 242758 9
a891bbc89143bca7a717386144eb061ec2d599cba24681389bcb3a2fedb8ff8c,305877 9 306396 12 306915 15 307435 16 307954 17 308473 18 308992 19 309512 19 310032 19 310551 20 311070 21 311590 22 312109 23 312629 23 313148 25 313667 26 314187 26 314706 27 315226 27 315746 27 316265 28 316785 28 317305 28 317826 27 318346 28 318866 28 319386 28 319906 27 320426 27 320947 26 321467 25 321988 24 322510 21 323031 19 323552 15 324076 5
a891bbc89143bca7a717386144eb061ec2d599cba24681389bcb3a2fedb8ff8c,180082 20 180599 25 181117 28 181636 31 182156 32 182676 33 183196 33 183716 34 184237 33 184757 34 185278 33 185798 33 186319 32 186840 31 187361 31 187883 28 188405 23 188927 15 189449 11 189971 8
a891bbc89143bca7a717386144eb061ec2d599cba24681389bcb3a2fedb8ff8c,53452 8 53970 11 54489 13 55008 15 55527 17 56046 18 56565 20 57084 21 57603 23 58123 23 58642 25 59162 25 59681 26 60200 27 60717 30 61237 30 61757 31 62278 30 62798 30 63318 30 63838 30 64358 30 64878 30 65398 30 65919 28 66439 28 66959 28 67479 27 67999 27 68521 24 69042 21 69562 20 70083 18 70604 16 71128 10 71651 6
a891bbc89143bca7a717386144eb061ec2d599cba24681389bcb3a2fedb8ff8c,217151 6 217670 10 218188 13 218707 15 219226 17 219743 22 220262 24 220781 27 221300 29 221820 29 222340 29 222860 29 223380 29 223899 30 224419 29 224938 28 225458 20 225977 19 226497 18 227017 17 227537 16 228057 15 228578 13 229099 11 229620 9 230142 5
a891bbc89143bca7a717386144eb061ec2d599cba24681389bcb3a2fedb8ff8c,184978 5 185496 9 186015 11 186530 16 187048 19 187567 21 188086 22 188605 24 189125 24 189645 24 190165 24 190685 23 191205 23 191725 23 192245 23 192765 23 193285 22 193805 22 194325 21 194845 21 195365 20 195885 20 196406 18 196932 11 197453 9 197975 4
a891bbc89143bca7a717386144eb061ec2d599cba24681389bcb3a2fedb8ff8c,295788 9 296307 12 296826 14 297345 16 297864 18 298384 18 298903 20 299420 23 299938 26 300457 27 300977 27 301496 28 302016 29 302535 30 303055 30 303575 30 304095 30 304615 30 305135 30 305655 29 306175 29 306695 29 307215 29 307735 29 308256 28 308776 27 309296 27 309817 26 310337 26 310858 25 311378 24 311898 24 312419 23 312939 22 313460 21 313981 20 314502 18 315022 17 315543 15 316065 12 316588 5
a891bbc89143bca7a717386144eb061ec2d599cba24681389bcb3a2fedb8ff8c,185592 11 186109 18 186628 21 187147 24 187665 27 188184 29 188703 30 189222 32 189741 33 190260 34 190779 35 191298 36 191817 37 192335 39 192854 39 193372 40 193891 40 194410 40 194930 39 195449 38 195969 35 196489 31 197010 26 197531 20 198052 13
a891bbc89143bca7a717386144eb061ec2d599cba24681389bcb3a2fedb8ff8c,208660 10 209179 12 209698 14 210217 15 210737 15 211256 16 211776 16 212295 17 212815 17 213335 17 213855 17 214374 19 214894 20 215414 21 215934 22 216454 22 216973 23 217493 23 218013 23 218533 23 219053 23 219573 23 220093 23 220613 23 221133 23 221654 22 222174 22 222694 21 223215 20 223735 19 224256 17 224777 15 225298 12 225819 10 226341 6
a891bbc89143bca7a717386144eb061ec2d599cba24681389bcb3a2fedb8ff8c,131772 7 132290 10 132808 14 133327 16 133846 17 134365 19 134883 22 135401 24 135919 27 136438 28 136956 30 137475 32 137994 33 138514 33 139033 34 139553 34 140072 34 140592 34 141112 34 141631 34 142151 34 142671 33 143192 32 143712 32 144233 30 144754 27 145275 25 145797 21 146320 15
a891bbc89143bca7a717386144eb061ec2d599cba24681389bcb3a2fedb8ff8c,255811 6 256329 11 256847 15 257366 17 257885 19 258405 20 258924 22 259444 23 259963 24 260482 26 261002 26 261522 26 262042 27 262562 27 263082 27 263602 27 264122 27 264642 27 265162 27 265682 28 266202 28 266722 28 267242 28 267762 28 268282 28 268802 28 269323 27 269843 26 270363 26 270884 24 271405 23 271925 22 272446 20 272967 18 273489 15 274012 11
a891bbc89143bca7a717386144eb061ec2d599cba24681389bcb3a2fedb8ff8c,361 16 880 18 1400 18 1919 19 2439 19 2959 19 3479 19 3998 20 4518 20 5038 20 5558 20 6077 21 6597 20 7116 21 7636 20 8156 19 8675 20 9195 19 9715 18 10235 16 10755 15 11276 12 11797 10 12318 5
a891bbc89143bca7a717386144eb061ec2d599cba24681389bcb3a2fedb8ff8c,185145 12 185663 17 186182 20 186701 24 187221 25 187740 27 188260 28 188780 29 189299 31 189819 32 190339 33 190860 32 191380 33 191900 33 192421 32 192941 32 193462 32 193983 31 194505 29 195026 28 195548 25 196069 24 196589 24 197110 23 197630 23 198151 22 198672 21 199193 20 199714 18 200235 17 200756 16 201277 14 201797 14 202318 12 202839 11 203360 9 203881 6
a891bbc89143bca7a717386144eb061ec2d599cba24681389bcb3a2fedb8ff8c,74754 2 74758 5 75273 13 75793 15 76312 17 76832 18 77352 19 77871 21 78391 22 78910 23 79429 25 79948 26 80467 27 80987 27 81506 29 82026 29 82546 29 83065 29 83585 29 84105 29 84625 29 85145 29 85665 29 86185 29 86706 27 87227 26 87747 26 88267 25 88787 24 89307 23 89828 22 90348 21 90869 19 91390 17 91911 15 92433 12 92954 9
a891bbc89143bca7a717386144eb061ec2d599cba24681389bcb3a2fedb8ff8c,256779 4 257297 8 257816 10 258335 12 258854 14 259374 14 259893 16 260413 16 260932 17 261452 18 261972 18 262491 20 263011 20 263531 20 264050 22 264570 22 265090 22 265610 22 266129 24 266649 24 267169 24 267689 24 268209 24 268729 24 269248 25 269768 25 270288 24 270808 24 271328 24 271848 24 272368 24 272888 24 273408 23 273929 22 274449 22 274969 22 275489 21 276009 21 276530 19 277050 18 277571 17 278092 15 278613 12 279134 10 279656 5
a891bbc89143bca7a717386144eb061ec2d599cba24681389bcb3a2fedb8ff8c,316535 10 317054 14 317573 17 318092 20 318612 21 319131 23 319651 25 320170 27 320690 28 321210 29 321730 30 322250 31 322770 32 323290 34 323811 34 324332 34 324854 32 325377 30 325900 27 326422 25 326944 23 327466 21 327988 18 328509 16 329033 11
a891bbc89143bca7a717386144eb061ec2d599cba24681389bcb3a2fedb8ff8c,123290 8 123805 15 124324 18 124843 20 125363 21 125883 21 126403 22 126922 24 127441 25 127961 26 128480 27 128999 28 129519 28 130038 29 130558 28 131077 28 131597 27 132117 25 132636 25 133156 25 133675 25 134195 24 134714 24 135234 23 135754 21 136274 19 136795 16 137316 13 137840 2
a891bbc89143bca7a717386144eb061ec2d599cba24681389bcb3a2fedb8ff8c,57585 6 58103 10 58622 13 59141 15 59660 17 60179 18 60698 19 61218 19 61738 19 62257 21 62777 21 63297 21 63817 21 64336 22 64856 22 65376 22 65896 23 66415 24 66935 24 67455 24 67975 24 68495 24 69015 23 69535 23 70055 22 70575 22 71095 22 71615 22 72135 21 72656 20 73176 19 73696 19 74217 18 74737 17 75258 15 75779 14 76300 12 76822 10 77343 9 77867 4 78388 3 78909 1
a891bbc89143bca7a717386144eb061ec2d599cba24681389bcb3a2fedb8ff8c,111205 2 111722 8 112240 14 112760 15 113280 16 113800 16 114320 16 114839 17 115359 17 115878 18 116397 18 116915 20 117435 20 117955 12 117970 6 118476 10 118492 5 118998 5 119015 2 119520 1
a891bbc89143bca7a717386144eb061ec2d599cba24681389bcb3a2fedb8ff8c,205215 5 205733 8 206252 10 206771 11 207290 12 207809 13 208328 14 208847 15 209366 16 209885 17 210404 17 210923 17 211442 17 211961 18 212480 19 212999 20 213519 20 214039 20 214558 22 215078 22 215598 22 216118 23 216639 23 217159 23 217680 22 218201 22 218722 21 219243 20 219765 18 220286 17 220808 14 221332 9
a891bbc89143bca7a717386144eb061ec2d599cba24681389bcb3a2fedb8ff8c,354337 3 354853 9 355371 13 355889 16 356407 19 356923 24 357442 26 357961 28 358480 30 359000 30 359519 32 360039 32 360558 33 361078 32 361598 32
a891bbc89143bca7a717386144eb061ec2d599cba24681389bcb3a2fedb8ff8c,28250 7 28769 9 29288 10 29807 12 30327 13 30846 14 31365 15 31885 16 32405 16 32925 16 33444 17 33964 17 34484 17 35004 18 35524 18 36043 19 36563 19 37082 20 37602 19 38121 20 38641 20 39160 20 39679 21 40198 21 40718 21 41237 22 41756 22 42276 21 42795 22 43315 21 43835 20 44354 20 44874 19 45394 17 45913 17 46433 16 46953 14 47473 13 47993 12 48513 11 49034 8 49555 6
a891bbc89143bca7a717386144eb061ec2d599cba24681389bcb3a2fedb8ff8c,146516 2 147033 8 147552 10 148071 12 148591 13 149110 14 149630 15 150149 16 150668 17 151187 19 151705 21 152224 22 152743 24 153262 25 153782 25 154302 25 154822 24 155342 24 155862 24 156383 23 156903 23 157424 22 157945 20 158465 20 158986 19 159507 17 160028 15 160549 13 161070 11 161592 6
a891bbc89143bca7a717386144eb061ec2d599cba24681389bcb3a2fedb8ff8c,10666 3 11183 8 11702 10 12221 11 12741 12 13260 13 13780 14 14299 15 14819 16 15339 17 15858 18 16378 19 16898 19 17418 20 17938 20 18458 20 18978 20 19498 20 20018 20 20538 20 21058 19 21578 19 22098 19 22618 19 23138 19 23658 19 24178 19 24698 19 25218 19 25739 18 26259 18 26779 18 27299 18 27820 16 28340 16 28860 15 29380 15 29901 13 30421 13 30941 12 31462 8 31984 2
a891bbc89143bca7a717386144eb061ec2d599cba24681389bcb3a2fedb8ff8c,341634 6 342150 11 342667 14 343184 17 343703 18 344222 19 344741 20 345261 20 345780 21 346299 22 346819 22 347338 23 347858 23 348378 23 348898 23 349418 23 349938 23 350458 23 350977 24 351497 24 352017 24 352538 23 353058 23 353579 22 354100 21 354621 20 355143 18 355665 16 356193 8 356716 5 357239 2
a891bbc89143bca7a717386144eb061ec2d599cba24681389bcb3a2fedb8ff8c,137036 14 137552 21 138071 23 138590 25 139108 28 139627 30 140146 31 140665 33 141184 34 141703 35 142223 35 142742 36 143260 38 143779 39 144298 40 144818 40 145337 40 145857 40 146377 39 146898 37 147418 36 147938 36 148459 34 148980 31 149501 28 150022 25 150543 21 151064 16 151589 8
a891bbc89143bca7a717386144eb061ec2d599cba24681389bcb3a2fedb8ff8c,296213 5 296731 9 297249 12 297768 14 298286 16 298805 18 299324 19 299843 21 300362 22 300881 23 301400 24 301919 25 302439 25 302958 26 303478 25 303998 25 304517 26 305037 26 305557 25 306076 26 306596 26 307116 25 307636 25 308157 23 308677 23 309197 22 309717 21 310237 20 310757 19 311277 18 311798 16 312321 12 312844 4
a891bbc89143bca7a717386144eb061ec2d599cba24681389bcb3a2fedb8ff8c,280935 4 281453 7 281972 9 282491 11 283011 12 283530 14 284050 15 284570 16 285090 17 285609 18 286129 19 286648 20 287168 20 287687 22 288207 22 288726 23 289246 23 289765 24 290285 24 290804 25 291324 24 291844 24 292364 24 292884 24 293404 23 293924 23 294444 23 294964 22 295485 20 296005 19 296526 17 297047 16 297568 14 298089 12 298611 8
a891bbc89143bca7a717386144eb061ec2d599cba24681389bcb3a2fedb8ff8c,239964 8 240482 20 241001 23 241520 26 242040 27 242560 28 243081 28 243602 27 244123 26 244643 26 245164 24 245685 23 246205 22 246726 20 247246 19 247767 16
a891bbc89143bca7a717386144eb061ec2d599cba24681389bcb3a2fedb8ff8c,306234 8 306753 10 307272 13 307792 15 308311 17 308830 19 309350 19 309870 20 310389 22 310909 22 311429 22 311949 22 312469 23 312989 23 313509 23 314029 23 314549 24 315069 24 315589 24 316109 24 316630 23 317150 23 317670 22 318191 21 318711 20 319232 19 319752 18 320273 16 320794 14 321315 12 321836 10 322358 5
a891bbc89143bca7a717386144eb061ec2d599cba24681389bcb3a2fedb8ff8c,110673 5 111192 7 111711 9 112231 9 112750 10 113270 10 113789 11 114309 11 114829 10 115349 10 115870 8 116390 7 116910 5 117430 4
a891bbc89143bca7a717386144eb061ec2d599cba24681389bcb3a2fedb8ff8c,115662 9 116180 12 116698 16 117217 18 117736 19 118256 20 118775 21 119295 21 119815 22 120335 22 120855 23 121375 24 121895 24 122415 24 122935 25 123456 24 123976 24 124497 23 125017 23 125538 22 126058 22 126578 22 127098 22 127619 21 128139 20 128659 20 129180 18 129700 17 130220 15 130741 13 131262 10 131783 7 132304 4 132825 2
a891bbc89143bca7a717386144eb061ec2d599cba24681389bcb3a2fedb8ff8c,187911 6 187923 7 188428 24 188942 31 189460 34 189979 36 190499 37 191019 37 191539 37 192058 38 192578 38 193098 39 193618 39 194138 39 194658 39 195178 39 195698 39 196219 38 196739 38 197260 37 197781 35 198302 33 198822 33 199342 32 199863 29 200383 27 200903 24 201424 22 201944 20 202464 18 202985 15
a891bbc89143bca7a717386144eb061ec2d599cba24681389bcb3a2fedb8ff8c,167466 12 167983 19 168502 22 169021 25 169540 27 170060 28 170580 29 171100 30 171620 31 172140 32 172660 32 173180 33 173700 33 174220 33 174741 32 175262 31 175782 31 176303 30 176824 29 177346 26 177867 25 178388 23 178909 22 179431 19 179953 16 180475 12 180998 6
a891bbc89143bca7a717386144eb061ec2d599cba24681389bcb3a2fedb8ff8c,324845 4 325362 9 325881 12 326396 18 326916 18 327436 19 327955 20 328475 21 328994 22 329514 22 330033 23 330553 23 331072 23 331592 23 332112 23 332631 24 333151 23 333671 23 334191 22 334711 22 335231 22 335751 21 336271 21 336791 21 337311 21 337831 20 338352 19 338872 19 339392 19 339913 17 340434 16 340955 14 341477 11
a891bbc89143bca7a717386144eb061ec2d599cba24681389bcb3a2fedb8ff8c,138905 17 139420 23 139937 26 140454 30 140972 32 141490 34 142008 36 142527 37 143046 38 143565 39 144085 38 144606 37 145127 35 145649 33 146171 30 146692 28 147212 27 147731 28 148250 28 148770 27 149290 26 149811 24 150332 22 150853 20 151378 12
a891bbc89143bca7a717386144eb061ec2d599cba24681389bcb3a2fedb8ff8c,204655 3 205168 11 205683 17 206202 19 206722 20 207242 20 207761 21 208281 21 208801 21 209321 21 209841 22 210361 22 210881 22 211402 21 211922 21 212442 21 212962 21 213482 21 214002 20 214522 19 215042 18 215562 17 216082 15 216602 14 217123 11 217646 6 218167 4
a891bbc89143bca7a717386144eb061ec2d599cba24681389bcb3a2fedb8ff8c,32688 3 33205 8 33724 10 34242 13 34761 15 35281 16 35800 18 36320 19 36839 21 37359 22 37879 23 38399 24 38919 24 39439 25 39960 24 40480 25 41000 25 41520 25 42041 25 42562 24 43083 23 43604 22 44125 20 44646 19 45168 17 45689 16 46210 14 46731 13 47252 11 47774 8 48297 3
a891bbc89143bca7a717386144eb061ec2d599cba24681389bcb3a2fedb8ff8c,310433 8 310951 10 311469 12 311988 13 312507 14 313026 15 313545 16 314064 17 314584 17 315103 18 315623 18 316142 19 316661 20 317181 20 317701 20 318221 20 318740 21 319260 21 319780 21 320300 21 320820 21 321340 21 321860 21 322381 20 322901 20 323422 19 323943 18 324463 18 324984 17 325505 16 326026 15 326547 14 327068 13 327589 12 328111 10 328632 9 329154 7 329676 5
a891bbc89143bca7a717386144eb061ec2d599cba24681389bcb3a2fedb8ff8c,53295 4 53813 7 54332 9 54851 11 55370 13 55890 13 56409 15 56929 16 57449 17 57969 17 58489 18 59009 19 59529 20 60048 21 60568 22 61088 23 61608 23 62128 24 62648 25 63168 25 63688 24 64207 25 64727 25 65247 25 65767 24 66286 24 66806 22 67326 17 67846 15 68367 12 68887 11 69407 10 69928 7 70451 2
a891bbc89143bca7a717386144eb061ec2d599cba24681389bcb3a2fedb8ff8c,185785 10 186304 12 186823 14 187343 14 187863 15 188383 15 188903 15 189423 15 189943 15 190463 14 190983 14 191503 14 192023 13 192543 13 193062 14 193582 15 194101 19 194621 24 195141 25 195661 26 196182 25 196702 26 197223 25 197743 24 198263 23 198783 17 199303 16 199823 16 200344 15 200864 15 201385 14 201906 12 202427 10
a891bbc89143bca7a717386144eb061ec2d599cba24681389bcb3a2fedb8ff8c,68148 3 68657 17 69174 21 69691 25 70209 28 70727 30 71245 33 71764 34 72281 37 72801 37 73321 36 73841 36 74361 35 74881 35 75401 34 75921 33 76441 32 76962 30 77483 27 78006 23 78529 18 79053 11
a891bbc89143bca7a717386144eb061ec2d599cba24681389bcb3a2fedb8ff8c,274213 5 274715 11 274730 10 275233 28 275752 30 276271 31 276791 32 277310 33 277830 33 278350 34 278871 34 279391 34 279911 35 280432 34 280953 33 281474 32 281995 31 282516 30 283037 28 283561 24 284085 20 284606 9 284617 7 285126 7 285140 3 285647 3
a891bbc89143bca7a717386144eb061ec2d599cba24681389bcb3a2fedb8ff8c,304724 3 305242 10 305761 13 306281 14 306801 15 307321 15 307841 16 308361 17 308881 17 309401 18 309921 18 310441 18 310961 18 311481 18 312001 18 312521 17 313041 17 313561 16 314081 15 314601 14 315121 13 315641 11 316161 10 316681 7 317201 3
a891bbc89143bca7a717386144eb061ec2d599cba24681389bcb3a2fedb8ff8c,268321 11 268841 13 269361 15 269881 17 270401 18 270921 20 271441 21 271961 22 272481 23 273001 24 273521 25 274041 26 274561 27 275081 28 275601 28 276121 28 276641 28 277161 28 277681 28 278201 28 278721 28 279241 28 279761 27 280281 27 280801 13 280816 11 281321 12 281339 7 281841 12 282361 12 282881 12 283401 13 283921 13 284441 14 284961 14 285481 15 286001 15 286521 15 287041 14 287561 14 288081 13 288601 13 289121 12 289641 12 290161 12 290681 12 291201 11
a891bbc89143bca7a717386144eb061ec2d599cba24681389bcb3a2fedb8ff8c,275841 2 276359 5 276878 7 277398 8 277917 9 278437 9 278956 11 279476 11 279995 13 280515 14 281035 14 281555 15 282075 16 282595 17 283115 18 283635 19 284155 19 284676 18 285196 18 285717 17 286237 18 286757 18 287278 16 287798 16 288318 16 288839 14 289359 13 289880 11 290401 8 290923 4
a891bbc89143bca7a717386144eb061ec2d599cba24681389bcb3a2fedb8ff8c,230872 7 231391 9 231908 13 232427 14 232946 15 233465 16 233984 17 234503 18 235023 18 235542 19 236061 20 236581 20 237101 20 237620 21 238140 21 238660 21 239179 22 239699 22 240219 22 240739 22 241259 22 241778 23 242298 23 242818 23 243339 22 243859 22 244379 22 244899 20 245420 18 245940 18 246461 16 246982 14 247503 12 248024 10 248547 5
a891bbc89143bca7a717386144eb061ec2d599cba24681389bcb3a2fedb8ff8c,150755 2 151271 8 151790 11 152309 18 152828 21 153347 23 153867 24 154387 25 154907 26 155427 26 155947 27 156467 27 156988 26 157508 26 158028 26 158548 26 159069 24 159589 24 160109 23 160629 22 161149 21 161669 21 162190 19 162711 18 163233 15 163755 12 164276 10 164799 4
a891bbc89143bca7a717386144eb061ec2d599cba24681389bcb3a2fedb8ff8c,108062 5 108579 9 109096 14 109614 17 110132 19 110650 21 111168 24 111687 24 112206 25 112725 25 113245 25 113764 25 114284 25 114804 25 115323 26 115843 27 116363 27 116883 27 117403 27 117922 27 118442 27 118962 26 119482 25 120002 23 120523 21 121043 20 121563 19 122084 17 122605 14 123126 11 123648 6
a891bbc89143bca7a717386144eb061ec2d599cba24681389bcb3a2fedb8ff8c,231653 2 232172 4 232691 8 233211 9 233730 11 234246 16 234765 17 235285 18 235805 19 236325 19 236845 19 237366 17 237887 15 238415 5
a891bbc89143bca7a717386144eb061ec2d599cba24681389bcb3a2fedb8ff8c,26127 5 26646 10 26658 9 27165 24 27685 24 28204 26 28724 27 29245 27 29766 26 30287 25 30807 24 31327 24 31848 23 32368 22 32889 20 33409 19 33930 17 34450 16 34971 13 35494 7
a891bbc89143bca7a717386144eb061ec2d599cba24681389bcb3a2fedb8ff8c,63124 4 63643 6 64159 12 64677 15 65196 18 65714 21 66233 23 66752 25 67270 27 67789 29 68308 30 68824 35 69344 35 69864 35 70383 36 70903 36 71423 36 71942 37 72462 36 72982 36 73502 35 74021 36 74541 36 75061 35 75580 36 76100 35 76620 34 77140 33 77660 31 78181 29 78701 27 79222 24 79743 21 80265 15 80788 8
a891bbc89143bca7a717386144eb061ec2d599cba24681389bcb3a2fedb8ff8c,239366 6 239880 13 240397 17 240916 19 241435 21 241955 21 242474 23 242993 24 243513 25 244033 25 244552 26 245072 26 245592 27 246112 27 246632 27 247152 27 247673 26 248193 26 248714 25 249234 25 249741 7 249755 24 250258 12 250275 24 250775 16 250794 25 251293 46 251811 48 252330 49 252849 50 253368 51 253887 52 254407 52 254926 31 254959 19 255446 30 255480 18 255965 31 256001 17 256485 31 256521 16 257004 31 257042 15 257524 31 257563 13 258043 32 258084 12 258563 32 258605 10 259083 31 259127 7 259602 31 260122 31 260642 30 261162 30 261683 28 262203 27 262723 26 263244 23 263765 21 264286 19 264807 16 265329 11
a891bbc89143bca7a717386144eb061ec2d599cba24681389bcb3a2fedb8ff8c,244919 2 245438 3 245958 3 246477 4 246996 5 247515 6 248034 7 248552 9 249071 10 249592 9 250113 8 250633 8 251153 8 251673 8 252193 8 252714 7 253235 6 253756 5 254277 4 254798 3
a891bbc89143bca7a717386144eb061ec2d599cba24681389bcb3a2fedb8ff8c,80855 1 81374 3 81894 4 82413 14 82932 15 83451 16 83970 18 84488 21 85007 24 85526 26 86046 27 86566 27 87086 28 87606 28 88126 28 88647 26 89167 26 89688 25 90209 23 90730 22 91251 20 91776 14 92303 4
a891bbc89143bca7a717386144eb061ec2d599cba24681389bcb3a2fedb8ff8c,164052 7 164569 12 165088 14 165607 17 166126 19 166645 20 167164 22 167684 23 168203 25 168722 26 169241 27 169760 28 170280 28 170799 30 171317 32 171837 32 172357 32 172877 32 173397 32 173917 31 174437 31 174960 28 175481 27 176002 25 176522 25 177043 24 177565 22 178086 20 178608 17 179130 14 179651 9 180171 7 180692 5
a891bbc89143bca7a717386144eb061ec2d599cba24681389bcb3a2fedb8ff8c,240832 7 241350 12 241869 22 242388 24 242907 26 243427 26 243947 27 244466 28 244986 28 245506 29 246025 30 246545 30 247065 30 247585 30 248105 30 248624 30 249143 31 249663 31 250183 31 250702 31 251222 31 251742 30 252262 29 252782 28 253302 27 253822 25 254342 24 254863 22 255383 21 255904 19 256426 16 256948 12 257469 9
a891bbc89143bca7a717386144eb061ec2d599cba24681389bcb3a2fedb8ff8c,220703 2 220718 7 221220 11 221233 14 221738 30 222257 32 222776 33 223295 34 223814 36 224334 36 224853 37 225373 36 225892 36 226412 35 226932 34 227452 34 227972 33 228491 34 229011 33 229531 32 230051 31 230571 29 231091 27 231612 25 232132 24 232652 23 233173 22 233694 20 234215 19 234736 17 235257 16 235778 14 236299 11 236822 4
a891bbc89143bca7a717386144eb061ec2d599cba24681389bcb3a2fedb8ff8c,169604 13 170121 17 170640 19 171160 21 171680 22 172200 24 172721 24 173242 24 173764 23 174287 21 174810 19 175331 19 175852 18 176373 18 176893 19 177414 19 177934 20 178454 20 178974 20 179494 20 180015 18 180536 16 181057 14 181579 11 182101 8
a891bbc89143bca7a717386144eb061ec2d599cba24681389bcb3a2fedb8ff8c,109747 5 110265 8 110784 10 111290 8 111302 13 111809 26 112328 27 112847 28 113367 28 113886 29 114404 30 114923 31 115443 30 115963 30 116483 29 117003 27 117523 26 118043 20 118563 19 119083 19 119604 17 120124 16 120643 16 121163 14 121684 11 122207 6 122730 2
a891bbc89143bca7a717386144eb061ec2d599cba24681389bcb3a2fedb8ff8c,126793 2 127303 13 127822 14 128339 18 128858 20 128890 1 129377 22 129407 5 129896 26 129926 7 130415 38 130934 40 131454 40 131973 41 132493 40 133013 40 133533 39 134053 38 134574 36 135095 33 135615 31 136136 27 136658 23 137180 17 137703 11
a891bbc89143bca7a717386144eb061ec2d599cba24681389bcb3a2fedb8ff8c,111470 9 111989 14 112507 20 113026 22 113546 23 114066 24 114585 26 115105 27 115625 28 116146 27 116666 28 117186 28 117707 28 118227 29 118748 27 119268 27 119789 26 120309 26 120830 25 121351 24 121872 23 122393 22 122914 21 123435 21 123956 20 124477 18 124998 17 125519 15 126041 12 126563 9
