a90cad45551d62c5cfa89517df8eb5e8f2f87f1a6e6678e606907afcbad91731,27217 5 27736 7 28255 9 28775 9 29294 11 29813 12 30332 13 30851 14 31371 14 31890 15 32409 16 32929 16 33448 16 33967 17 34486 18 35005 19 35525 18 36046 17 36566 16 37086 15 37606 14 38126 14 38647 12 39167 11 39688 9 40209 7 40731 3
a90cad45551d62c5cfa89517df8eb5e8f2f87f1a6e6678e606907afcbad91731,119805 6 120323 11 120842 13 121361 14 121880 15 122400 15 122920 15 123439 16 123959 15 124479 14 124999 13 125519 12 126039 12 126559 11 127080 10 127601 8 128122 6
a90cad45551d62c5cfa89517df8eb5e8f2f87f1a6e6678e606907afcbad91731,195300 6 195819 8 196339 8 196859 9 197379 10 197899 10 198419 11 198940 11 199460 11 199980 12 200500 13 201021 12 201541 12 202062 12 202582 12 203103 11 203623 11 204144 10 204665 8 205186 7 205707 5 206228 2
a90cad45551d62c5cfa89517df8eb5e8f2f87f1a6e6678e606907afcbad91731,42686 3 43204 6 43719 12 44237 15 44756 16 45275 17 45795 18 46314 19 46834 19 47354 19 47874 19 48394 19 48914 19 49435 18 49955 18 50475 18 50996 17 51516 16 52037 15 52558 13 53079 12 53600 10 54121 8
a90cad45551d62c5cfa89517df8eb5e8f2f87f1a6e6678e606907afcbad91731,2707 5 3225 9 3744 12 4263 14 4782 15 5301 17 5821 17 6340 18 6860 18 7379 19 7898 20 8417 21 8937 21 9457 20 9977 20 10497 20 11017 20 11537 20 12057 19 12577 19 13097 18 13618 17 14138 17 14659 15 15180 13 15701 11 16221 10 16741 9 17262 6
a90cad45551d62c5cfa89517df8eb5e8f2f87f1a6e6678e606907afcbad91731,267567 8 268086 10 268605 12 269124 14 269643 16 270162 17 270682 18 271201 19 271720 21 272240 21 272760 21 273279 22 273799 23 274319 23 274838 24 275358 24 275878 24 276398 24 276918 24 277438 24 277959 22 278479 22 278999 22 279519 22 280040 20 280560 20 281081 19 281601 18 282122 16 282642 16 283163 14 283684 12 284205 9 284727 5
a90cad45551d62c5cfa89517df8eb5e8f2f87f1a6e6678e606907afcbad91731,315479 6 315998 11 316517 13 317036 14 317556 14 318073 17 318593 17 319112 18 319632 18 320152 18 320672 18 321192 17 321713 16 322233 15 322754 13 323275 11 323797 8
a90cad45551d62c5cfa89517df8eb5e8f2f87f1a6e6678e606907afcbad91731,1041 2 1561 3 2081 4 2601 4 3121 5 3641 5 4161 5 4681 6 5201 6 5721 6 6241 6 6761 6 7281 6 7801 6 8321 6 8841 6 9361 5 9881 3
a90cad45551d62c5cfa89517df8eb5e8f2f87f1a6e6678e606907afcbad91731,312545 4 313064 6 313584 6 314104 6 314625 4
a90cad45551d62c5cfa89517df8eb5e8f2f87f1a6e6678e606907afcbad91731,127990 5 128506 10 129024 13 129541 17 130060 19 130579 21 131098 23 131617 24 132136 25 132655 26 133175 26 133694 27 134214 26 134733 26 135253 26 135773 25 136293 24 136813 22 137334 19 137855 15 138376 10 138900 5
a90cad45551d62c5cfa89517df8eb5e8f2f87f1a6e6678e606907afcbad91731,97219 5 97738 10 98257 14 98776 17 99296 18 99816 20 100336 21 100855 23 101375 24 101895 25 102416 24 102936 25 103456 25 103977 24 104497 24 105017 24 105538 23 106059 22 106579 22 107100 21 107621 20 108142 19 108664 17 109185 16 109707 14 110232 6
a90cad45551d62c5cfa89517df8eb5e8f2f87f1a6e6678e606907afcbad91731,57425 11 57940 19 58458 22 58974 27 59493 29 60011 31 60530 33 61050 33 61570 33 62090 33 62610 32 63130 31 63650 30 64170 29 64691 27 65212 24 65732 22 66253 18 66775 14 67297 6
a90cad45551d62c5cfa89517df8eb5e8f2f87f1a6e6678e606907afcbad91731,316097 10 316613 17 317131 26 317650 28 318169 31 318688 33 319208 33 319728 33 320248 33 320768 33 321288 32 321809 31 322330 29 322854 25 323377 21 323900 17 324426 9
a90cad45551d62c5cfa89517df8eb5e8f2f87f1a6e6678e606907afcbad91731,294788 11 295304 17 295822 21 296339 25 296858 27 297377 28 297896 29 298416 30 298936 30 299456 30 299976 29 300496 29 301016 28 301536 27 302057 25 302577 23 303098 19 303620 15 304142 10
a90cad45551d62c5cfa89517df8eb5e8f2f87f1a6e6678e606907afcbad91731,345028 7 345547 10 346067 11 346586 13 347105 15 347624 16 348143 17 348662 18 349182 19 349701 20 350220 21 350739 21 351256 24 351775 24 352295 24 352815 23 353334 24 353853 24 354372 24 354892 23 355411 23 355931 22 356451 21 356971 20 357491 19 358011 18 358532 16 359053 13 359575 10
a90cad45551d62c5cfa89517df8eb5e8f2f87f1a6e6678e606907afcbad91731,141419 3 141928 7 141937 8 142446 20 142964 24 143483 26 144001 29 144520 30 145040 30 145559 31 146078 33 146598 34 147118 33 147637 34 148157 33 148677 33 149197 32 149718 29 150238 28 150758 27 151279 25 151799 23 152320 19 152841 17 153362 13 153885 9
a90cad45551d62c5cfa89517df8eb5e8f2f87f1a6e6678e606907afcbad91731,190050 6 190568 11 191087 14 191606 16 192125 18 192645 19 193164 22 193684 23 194203 25 194723 26 195243 27 195763 28 196283 29 196803 29 197323 29 197843 30 198364 29 198884 29 199404 29 199924 29 200445 28 200965 27 201486 26 202006 25 202527 24 203048 22 203569 21 204090 19 204611 18 205132 16 205653 14 206174 12 206696 9 207219 2
a90cad45551d62c5cfa89517df8eb5e8f2f87f1a6e6678e606907afcbad91731,94233 17 94752 19 95271 21 95789 24 96308 26 96827 27 97346 28 97865 29 98384 30 98904 29 99424 28 99944 24 100464 23 100984 22 101505 19 102025 18 102546 15 103069 11
a90cad45551d62c5cfa89517df8eb5e8f2f87f1a6e6678e606907afcbad91731,64379 2 64897 6 65416 12 65934 16 66453 18 66973 20 67493 22 68012 24 68532 26 69051 28 69571 29 70092 28 70612 28 71133 27 71653 27 72174 26 72695 26 73215 26 73736 24 74257 21 74778 19 75299 17 75820 14 76342 9
a90cad45551d62c5cfa89517df8eb5e8f2f87f1a6e6678e606907afcbad91731,904 10 1423 12 1942 15 2462 17 2982 20 3502 22 4022 23 4542 24 5062 25 5582 26 6103 26 6623 27 7143 28 7664 27 8184 28 8705 28 9226 28 9746 28 10267 27 10788 26 11309 25 11830 24 12351 22 12872 20 13393 18 13915 15 14438 11 14964 3
a90cad45551d62c5cfa89517df8eb5e8f2f87f1a6e6678e606907afcbad91731,74970 4 75487 8 76006 9 76526 9 77045 11 77565 11 78085 11 78604 12 79124 12 79643 14 80163 14 80683 14 81202 15 81722 15 82242 15 82762 15 83282 16 83802 16 84322 16 84842 15 85362 15 85882 15 86403 14 86924 13 87444 13 87965 12 88486 11 89008 8 89530 5
a90cad45551d62c5cfa89517df8eb5e8f2f87f1a6e6678e606907afcbad91731,99592 5 100111 9 100630 11 101149 13 101668 14 102187 16 102707 16 103227 17 103747 17 104266 18 104786 19 105306 19 105826 18 106346 18 106866 19 107386 19 107906 19 108426 19 108946 19 109467 18 109987 18 110507 18 111027 18 111548 16 112068 16 112588 16 113109 14 113630 13 114151 11 114672 9 115193 6
a90cad45551d62c5cfa89517df8eb5e8f2f87f1a6e6678e606907afcbad91731,314629 2 315147 5 315661 2 315666 7 316180 14 316699 17 317218 19 317737 27 318257 27 318777 27 319297 27 319817 28 320337 28 320858 28 321378 28 321898 29 322419 28 322939 28 323459 29 323980 27 324501 26 325022 24 325543 23 326065 20 326586 17 327109 13 327633 5
a90cad45551d62c5cfa89517df8eb5e8f2f87f1a6e6678e606907afcbad91731,132601 2 133121 3 133641 4 134161 5 134681 6 135201 7 135721 8 136241 8 136761 9 137281 9 137801 10 138321 10 138841 10 139361 10 139881 10 140401 10 140921 10 141441 10 141961 10 142481 9 143001 9 143521 9 144041 8 144561 8 145081 7 145601 7 146121 6 146642 3
a90cad45551d62c5cfa89517df8eb5e8f2f87f1a6e6678e606907afcbad91731,328056 10 328573 15 329092 17 329611 19 330130 21 330649 22 331169 23 331689 23 332208 24 332728 24 333248 24 333768 24 334288 24 334807 25 335327 25 335847 24 336367 24 336887 23 337407 22 337928 20 338448 19 338968 17 339489 15 340010 13 340532 9
a90cad45551d62c5cfa89517df8eb5e8f2f87f1a6e6678e606907afcbad91731,229222 5 229741 13 230260 15 230780 17 231299 19 231818 21 232338 22 232858 22 233378 23 233898 25 234418 26 234938 26 235458 26 235979 25 236499 26 237019 26 237540 26 238061 25 238581 24 239102 23 239623 22 240145 20 240666 19 241187 18 241711 13 242232 11 242753 2 242757 3
a90cad45551d62c5cfa89517df8eb5e8f2f87f1a6e6678e606907afcbad91731,123275 5 123793 12 124311 15 124829 19 125348 21 125868 21 126388 22 126907 24 127427 24 127948 23 128468 23 128988 23 129509 22 130029 22 130549 22 131070 21 131591 19 132112 17 132634 14 133155 10
a90cad45551d62c5cfa89517df8eb5e8f2f87f1a6e6678e606907afcbad91731,48435 6 48954 10 49473 13 49992 15 50511 17 51031 18 51550 19 52070 20 52590 20 53110 20 53630 21 54150 21 54671 20 55191 20 55712 20 56232 20 56753 19 57274 18 57795 16 58317 14 58839 11 59361 7
a90cad45551d62c5cfa89517df8eb5e8f2f87f1a6e6678e606907afcbad91731,18500 3 19018 6 19537 8 20056 10 20575 12 21094 14 21613 16 22132 17 22651 18 23171 18 23690 20 24209 22 24729 22 25249 22 25768 23 26288 23 26808 23 27329 23 27849 23 28369 22 28890 21 29411 19 29932 18 30453 16 30974 14 31495 11 32016 9 32538 7 33059 5
a90cad45551d62c5cfa89517df8eb5e8f2f87f1a6e6678e606907afcbad91731,283908 4 284424 11 284943 14 285463 16 285983 18 286503 18 287023 18 287542 19 288062 19 288581 20 289101 20 289621 20 290142 19 290663 18 291184 17 291705 16 292227 14 292751 10 293275 6
a90cad45551d62c5cfa89517df8eb5e8f2f87f1a6e6678e606907afcbad91731,64557 6 65074 10 65592 13 66111 14 66631 14 67150 15 67669 16 68189 16 68708 18 69228 18 69747 20 70267 20 70786 20 71305 21 71825 20 72345 20 72865 19 73384 20 73904 20 74424 20 74945 19 75465 18 75985 17 76505 16 77026 14 77547 12 78072 5
a90cad45551d62c5cfa89517df8eb5e8f2f87f1a6e6678e606907afcbad91731,37717 4 38236 6 38756 8 39276 10 39796 11 40315 14 40834 15 41355 14 41875 14 42395 14 42914 16 43434 16 43954 16 44474 16 44995 15 45516 13 46037 11 46558 9 47078 9 47598 9 48118 9 48638 9 49159 7
a90cad45551d62c5cfa89517df8eb5e8f2f87f1a6e6678e606907afcbad91731,315986 4 316504 7 317022 11 317541 12 318061 12 318580 13 319100 12 319620 12 320140 12 320660 12 321180 12 321700 13 322220 13 322741 13 323261 13 323782 12 324303 11 324824 9 325346 5
a90cad45551d62c5cfa89517df8eb5e8f2f87f1a6e6678e606907afcbad91731,188331 4 188847 10 189366 12 189885 14 190404 15 190924 15 191443 17 191963 17 192482 18 193002 18 193521 19 194041 19 194561 19 195081 20 195601 20 196120 20 196640 20 197159 21 197679 21 198198 22 198718 21 199238 21 199758 20 200278 20 200797 20 201317 20 201837 19 202358 18 202878 17 203398 16 203917 17 204437 16 204957 15 205477 15 205998 12 206520 9 207041 6
a90cad45551d62c5cfa89517df8eb5e8f2f87f1a6e6678e606907afcbad91731,55640 1 56158 3 56677 4 57197 4 57716 5 58234 7 58753 8 59272 9 59791 10 60311 10 60830 11 61349 12 61869 12 62388 13 62908 13 63428 13 63948 13 64469 12 64989 12 65509 12 66030 11 66551 10 67072 9 67593 8 68115 6 68636 5 69158 3
a90cad45551d62c5cfa89517df8eb5e8f2f87f1a6e6678e606907afcbad91731,184403 7 184921 11 185440 14 185958 17 186477 19 186997 19 187517 19 188037 20 188557 20 189076 22 189596 22 190115 23 190635 23 191154 24 191674 24 192194 24 192715 23 193235 22 193755 22 194275 22 194795 22 195315 22 195835 22 196356 20 196877 19 197397 19 197918 17 198438 17 198959 15 199480 13 200000 13 200521 11 201042 9 201563 6
a90cad45551d62c5cfa89517df8eb5e8f2f87f1a6e6678e606907afcbad91731,105212 2 105731 4 106250 6 106767 10 107285 13 107804 15 108323 16 108842 18 109361 19 109880 20 110400 21 110920 21 111439 22 111959 22 112479 22 112999 22 113519 22 114038 22 114558 22 115078 22 115598 21 116118 21 116638 21 117158 21 117678 21 118199 19 118719 19 119239 18 119759 18 120280 17 120800 16 121321 14 121841 13 122362 12 122886 7
a90cad45551d62c5cfa89517df8eb5e8f2f87f1a6e6678e606907afcbad91731,169406 7 169923 13 170439 19 170958 21 171476 23 171995 25 172514 26 173033 27 173553 27 174072 28 174592 28 175111 30 175631 30 176151 30 176671 30 177191 30 177712 29 178233 28 178753 27 179274 25 179795 22 180317 17 180839 8
a90cad45551d62c5cfa89517df8eb5e8f2f87f1a6e6678e606907afcbad91731,47251 6 47770 8 48289 11 48808 13 49327 15 49846 16 50366 17 50886 17 51407 16 51927 17 52447 17 52966 18 53486 17 54006 17 54527 16 55047 16 55568 14 56088 14 56609 12 57130 10 57654 5
a90cad45551d62c5cfa89517df8eb5e8f2f87f1a6e6678e606907afcbad91731,231886 2 232405 4 232924 5 233444 5 233963 6 234483 6 235003 5 235523 5 236043 6 236562 7 237082 7 237602 7 238122 7 238144 4 238643 6 238662 7 239163 6 239181 8 239683 7 239701 8 240203 7 240220 10 240724 6 240738 12 241244 6 241255 15 241764 7 241774 16 242284 26 242805 26 243325 26 243846 25 244367 24 244888 22 245410 19 245931 17 246455 12 246979 7 247500 3
a90cad45551d62c5cfa89517df8eb5e8f2f87f1a6e6678e606907afcbad91731,220987 4 221505 8 222023 11 222542 13 223061 15 223581 16 224101 16 224620 17 225140 18 225660 18 226180 19 226700 19 227220 20 227740 21 228261 20 228781 20 229302 19 229822 19 230343 18 230866 15 231387 14 231907 14 232426 15 232946 15 233465 16 233985 3 233990 9 234511 6
a90cad45551d62c5cfa89517df8eb5e8f2f87f1a6e6678e606907afcbad91731,158342 5 158860 9 159378 13 159897 15 160416 16 160936 17 161455 18 161975 19 162494 20 163014 21 163534 21 164054 22 164575 21 165095 21 165615 21 166136 20 166656 20 167176 20 167696 21 168216 21 168736 21 169256 21 169776 21 170296 20 170817 19 171337 18 171858 17 172378 16 172899 14 173422 10 173944 7
a90cad45551d62c5cfa89517df8eb5e8f2f87f1a6e6678e606907afcbad91731,37273 8 37788 16 38304 22 38821 27 39340 29 39859 30 40378 31 40897 33 41417 33 41937 33 42458 32 42978 32 43499 30 44020 28 44542 25 45064 22 45588 14
a90cad45551d62c5cfa89517df8eb5e8f2f87f1a6e6678e606907afcbad91731,281942 3 282459 9 282978 12 283497 14 284016 17 284536 18 285056 19 285576 20 286096 21 286616 22 287136 23 287657 23 288177 23 288697 24 289218 23 289738 24 290259 23 290779 23 291300 22 291821 21 292341 21 292862 19 293383 17 293904 15 294426 12
a90cad45551d62c5cfa89517df8eb5e8f2f87f1a6e6678e606907afcbad91731,230863 3 231381 6 231894 13 232411 15 232929 17 233449 16 233969 16 234489 16 235008 17 235528 17 236049 16 236569 16 237089 16 237609 16 238129 15 238649 13 239169 12 239690 11 240210 10 240730 8 241250 5 241771 3
a90cad45551d62c5cfa89517df8eb5e8f2f87f1a6e6678e606907afcbad91731,76441 2 76961 8 77481 11 78001 12 78521 13 79041 13 79561 14 80081 14 80601 14 81121 15 81641 15 82161 15 82681 14 83201 14 83721 13 84241 13 84761 12 85281 11 85801 10 86321 9 86841 8 87365 3
a90cad45551d62c5cfa89517df8eb5e8f2f87f1a6e6678e606907afcbad91731,94538 3 95055 8 95573 15 96092 17 96610 20 97129 22 97648 23 98168 24 98687 25 99206 26 99725 27 100245 27 100764 28 101284 27 101804 27 102324 26 102844 26 103364 25 103884 24 104404 23 104925 21 105445 20 105966 17 106487 13 107009 8 107532 3
a90cad45551d62c5cfa89517df8eb5e8f2f87f1a6e6678e606907afcbad91731,356091 7 356610 11 357119 23 357637 26 358155 28 358674 29 359193 30 359712 31 360231 32 360750 33 361269 33 361789 32
a90cad45551d62c5cfa89517df8eb5e8f2f87f1a6e6678e606907afcbad91731,86388 3 86905 8 87424 12 87943 15 88463 16 88983 18 89503 19 90023 20 90544 20 91064 21 91584 22 92104 22 92625 21 93145 22 93666 21 94187 19 94707 18 95228 16 95748 14 96269 12 96792 8
a90cad45551d62c5cfa89517df8eb5e8f2f87f1a6e6678e606907afcbad91731,20134 3 20646 15 21164 19 21682 22 22201 24 22720 26 23239 27 23758 28 24278 29 24798 29 25318 29 25838 28 26358 28 26878 27 27399 25 27920 24 28441 22 28962 19 29484 15 30006 11
a90cad45551d62c5cfa89517df8eb5e8f2f87f1a6e6678e606907afcbad91731,17240 4 17758 8 18277 11 18796 13 19315 16 19835 17 20354 18 20874 19 21393 21 21913 22 22433 23 22953 23 23473 23 23993 23 24513 23 25033 24 25554 24 26074 24 26594 24 27115 23 27635 23 28156 23 28677 22 29198 21 29223 4 29718 22 29742 8 30239 32 30761 30 31282 30 31803 29 32326 7 32335 17 32848 4 32856 16 33376 16 33895 17 34415 17 34935 17 35455 16 35975 16 36494 17 37014 17 37534 16 38054 15 38573 16 39093 16 39613 16 40134 14 40654 13 41174 13 41695 11 42216 9 42741 2
a90cad45551d62c5cfa89517df8eb5e8f2f87f1a6e6678e606907afcbad91731,230164 6 230683 8 231201 11 231720 13 232239 15 232757 17 233276 19 233795 21 234314 22 234833 23 235353 23 235872 25 236392 25 236911 26 237431 26 237951 26 238471 26 238991 26 239511 26 240031 26 240552 25 241072 24 241593 23 242113 23 242634 21 243154 21 243675 19 244196 17 244718 14 245239 12 245761 8
a90cad45551d62c5cfa89517df8eb5e8f2f87f1a6e6678e606907afcbad91731,230017 6 230535 11 231054 13 231573 15 232093 16 232613 17 233133 18 233653 19 234173 19 234693 20 235213 21 235733 22 236253 23 236773 23 237293 24 237814 23 238334 24 238855 23 239375 24 239896 23 240416 23 240937 23 241457 23 241978 22 242499 21 243019 21 243540 20 244061 20 244582 19 245103 18 245624 17 246145 16 246666 14 247187 12 247708 10 248230 8 248753 4
a90cad45551d62c5cfa89517df8eb5e8f2f87f1a6e6678e606907afcbad91731,260848 5 261364 10 261882 13 262400 16 262920 16 263439 18 263959 18 264479 19 265000 18 265521 17 266042 15 266563 14 267085 11 267607 8 268129 3
a90cad45551d62c5cfa89517df8eb5e8f2f87f1a6e6678e606907afcbad91731,342 22 861 22 1381 22 1900 23 2420 23 2939 23 3459 23 3979 22 4499 22 5019 22 5539 21 6060 19 6581 16 7105 10 7627 5
a90cad45551d62c5cfa89517df8eb5e8f2f87f1a6e6678e606907afcbad91731,251304 6 251820 12 252339 15 252857 19 253375 22 253894 24 254414 25 254934 26 255455 25 255976 24 256496 25 257016 25 257536 25 258057 25 258577 25 259098 24 259619 23 260140 23 260661 23 261182 22 261703 22 262224 21 262745 20 263266 19 263787 18 264309 16 264831 13 265354 10 265876 7
a90cad45551d62c5cfa89517df8eb5e8f2f87f1a6e6678e606907afcbad91731,81980 8 82498 11 83017 13 83536 15 84056 15 84575 17 85095 17 85614 19 86134 19 86654 19 87174 19 87694 19 88214 19 88734 19 89254 19 89773 20 90293 20 90813 20 91333 20 91854 19 92374 19 92894 19 93414 19 93934 18 94455 17 94975 17 95496 15 96016 15 96537 13 97058 11 97579 9 98101 6
a90cad45551d62c5cfa89517df8eb5e8f2f87f1a6e6678e606907afcbad91731,3428 8 3946 11 4465 13 4983 16 5502 18 6021 20 6541 20 7060 22 7580 23 8101 23 8621 23 9141 23 9661 22 10181 22 10701 22 11221 22 11741 21 12262 20 12783 18 13304 13 13827 8
a90cad45551d62c5cfa89517df8eb5e8f2f87f1a6e6678e606907afcbad91731,32 13 552 14 1071 15 1591 16 2111 16 2631 16 3151 16 3671 16 4190 17 4710 16 5230 16 5750 15 6269 16 6789 16 7309 16 7829 14 8349 13 8869 11 9390 9 9912 4
a90cad45551d62c5cfa89517df8eb5e8f2f87f1a6e6678e606907afcbad91731,249930 5 250449 7 250967 11 251486 13 252004 16 252521 19 253040 20 253559 20 254079 20 254599 21 255119 21 255639 20 256158 21 256678 20 257198 19 257719 16 258239 13 258759 10 259280 6 259801 3
a90cad45551d62c5cfa89517df8eb5e8f2f87f1a6e6678e606907afcbad91731,188605 4 189124 6 189636 15 190155 16 190674 17 191193 19 191712 21 192231 22 192750 23 193270 23 193789 24 194309 24 194828 25 195348 25 195868 25 196388 25 196908 24 197428 24 197949 23 198471 20 198992 18 199512 18 200032 17 200552 16 201073 14 201594 12 202114 10 202635 8 203157 5
a90cad45551d62c5cfa89517df8eb5e8f2f87f1a6e6678e606907afcbad91731,149784 3 150302 7 150821 9 151340 11 151859 12 152378 13 152897 14 153416 15 153935 16 154454 17 154974 17 155494 17 156013 18 156533 18 157053 18 157573 18 158093 18 158613 18 159133 17 159653 17 160173 16 160693 16 161213 15 161733 15 162253 14 162773 13 163294 11 163814 10 164335 8 164856 5
a90cad45551d62c5cfa89517df8eb5e8f2f87f1a6e6678e606907afcbad91731,304171 11 304689 16 305208 18 305727 20 306246 22 306765 24 307284 25 307804 25 308323 26 308843 26 309363 26 309883 26 310404 25 310924 25 311445 23 311967 20 312489 16 313010 13 313531 9
a90cad45551d62c5cfa89517df8eb5e8f2f87f1a6e6678e606907afcbad91731,84028 7 84547 10 85066 12 85585 14 86104 16 86623 17 87142 18 87662 18 88181 19 88701 19 89220 20 89740 20 90260 20 90779 21 91299 20 91819 20 92339 20 92859 19 93379 19 93899 18 94420 17 94940 16 95460 16 95981 14 96502 12 97024 8 97545 6
a90cad45551d62c5cfa89517df8eb5e8f2f87f1a6e6678e606907afcbad91731,270968 8 271484 16 272001 20 272518 23 273036 26 273555 28 274074 29 274594 30 275113 31 275633 31 276153 31 276673 31 277193 31 277713 31 278234 29 278755 27 279275 26 279796 25 280317 23 280839 19 281360 17 281882 13 282407 2
a90cad45551d62c5cfa89517df8eb5e8f2f87f1a6e6678e606907afcbad91731,303948 9 304466 14 304985 17 305504 20 306023 22 306542 25 307062 26 307582 27 308102 28 308622 29 309142 30 309662 30 310182 31 310703 30 311224 29 311745 28 312266 26 312788 23 313309 21 313831 18 314353 12
a90cad45551d62c5cfa89517df8eb5e8f2f87f1a6e6678e606907afcbad91731,263058 11 263574 17 264092 21 264611 23 265130 24 265650 25 266169 27 266688 28 267208 28 267728 28 268248 28 268767 29 269287 29 269808 28 270328 27 270848 27 271369 25 271889 24 272410 23 272931 21 273453 18 273975 15 274498 10
a90cad45551d62c5cfa89517df8eb5e8f2f87f1a6e6678e606907afcbad91731,60632 3 61148 12 61666 15 62185 16 62705 16 63224 17 63744 17 64264 16 64783 17 65303 17 65822 18 66342 19 66862 19 67382 19 67902 18 68422 18 68941 19 69461 19 69981 19 70501 18 71021 18 71541 17 72061 17 72582 15 73102 14 73622 13 74143 11 74664 9 75185 7 75706 4
a90cad45551d62c5cfa89517df8eb5e8f2f87f1a6e6678e606907afcbad91731,116442 10 116961 14 117477 19 117995 22 118514 24 119033 25 119552 27 120071 28 120590 29 121109 30 121629 31 122149 31 122669 30 123189 30 123710 29 124230 28 124751 26 125271 25 125792 23 126313 21 126834 18 127355 15 127877 8 128398 4
a90cad45551d62c5cfa89517df8eb5e8f2f87f1a6e6678e606907afcbad91731,102380 2 102895 9 103413 12 103931 15 104449 18 104968 20 105487 21 106006 23 106525 24 107044 26 107564 26 108084 26 108603 27 109123 27 109643 27 110163 26 110683 26 111203 25 111724 24 112244 23 112765 21 113286 18 113808 14 114332 8
a90cad45551d62c5cfa89517df8eb5e8f2f87f1a6e6678e606907afcbad91731,213919 3 214438 6 214958 8 215478 9 215997 10 216517 11 217036 13 217556 14 218075 16 218595 17 219115 18 219635 18 220155 19 220675 19 221195 19 221715 20 222235 20 222755 20 223276 19 223796 19 224316 19 224836 19 225356 19 225877 18 226397 18 226917 18 227438 16 227958 16 228479 14 228999 14 229520 12 230041 10 230563 7
a90cad45551d62c5cfa89517df8eb5e8f2f87f1a6e6678e606907afcbad91731,138 22 659 21 1180 20 1700 19 2221 18 2741 18 3262 17 3782 17 4302 16 4823 15 5344 13 5865 11 6386 9 6906 8 7426 7 7947 4
a90cad45551d62c5cfa89517df8eb5e8f2f87f1a6e6678e606907afcbad91731,296505 8 297024 10 297543 13 298062 15 298582 16 299102 17 299621 19 300141 20 300661 21 301181 21 301701 22 302222 21 302742 21 303263 21 303784 20 304305 19 304826 19 305347 18 305868 17 306389 17 306910 16 307431 15 307953 13 308474 12 308995 11 309516 9 310037 6
a90cad45551d62c5cfa89517df8eb5e8f2f87f1a6e6678e606907afcbad91731,67081 2 67601 3 68121 3 68641 3 69161 3 69681 4 70201 4 70721 4 71241 4 71761 4 72281 4 72801 4 73321 5 73841 5 74361 5 74881 5 75401 5 75921 6 76443 4
a90cad45551d62c5cfa89517df8eb5e8f2f87f1a6e6678e606907afcbad91731,107962 7 108480 11 108998 15 109517 17 110036 19 110556 20 111076 21 111595 23 112115 23 112634 25 113154 25 113674 26 114195 25 114715 25 115235 26 115755 26 116276 25 116796 24 117317 23 117838 22 118359 21 118880 20 119402 17 119924 15 120445 13 120967 9 121490 4
a90cad45551d62c5cfa89517df8eb5e8f2f87f1a6e6678e606907afcbad91731,31455 2 31973 7 32492 9 33011 11 33531 12 34051 12 34570 13 35089 15 35609 16 36129 16 36649 17 37169 17 37690 16 38210 16 38730 16 39250 16 39770 17 40291 16 40811 16 41332 14 41853 13 42373 12 42894 10 43416 7 43937 4
a90cad45551d62c5cfa89517df8eb5e8f2f87f1a6e6678e606907afcbad91731,27041 6 27561 7 28081 8 28601 9 29121 10 29641 11 30161 12 30681 13 31201 14 31721 15 32241 15 32761 16 33281 16 33801 17 34321 17 34841 18 35361 18 35881 18 36401 19 36921 19 37441 19 37961 19 38481 19 39001 19 39521 20 40041 20 40561 20 41082 19 41603 18 42123 17 42644 16 43165 15 43686 13 44207 11 44730 6
a90cad45551d62c5cfa89517df8eb5e8f2f87f1a6e6678e606907afcbad91731,298658 6 299177 8 299696 10 300216 13 300735 15 301255 16 301775 17 302294 19 302814 20 303334 21 303854 21 304374 22 304894 22 305414 23 305934 24 306455 23 306975 23 307495 22 308016 20 308536 19 309057 18 309577 18 310098 17 310619 16 311140 15 311661 14 312182 13 312703 13 313224 12 313745 11 314267 9 314788 8 315310 5
a90cad45551d62c5cfa89517df8eb5e8f2f87f1a6e6678e606907afcbad91731,226063 4 226582 6 227101 8 227620 10 228140 10 228659 12 229178 13 229698 13 230217 14 230737 14 231256 14 231776 14 232295 15 232815 15 233334 15 233854 15 234373 16 234893 16 235413 16 235932 17 236452 17 236972 17 237492 16 238012 16 238532 16 239052 15 239573 14 240093 13 240613 12 241134 11 241655 9 242177 4
a90cad45551d62c5cfa89517df8eb5e8f2f87f1a6e6678e606907afcbad91731,97245 10 97763 14 98282 16 98801 18 99321 19 99841 20 100361 21 100881 21 101401 22 101921 22 102441 22 102961 22 103481 21 104001 21 104521 21 105041 21 105561 21 106081 21 106601 20 107121 19 107641 19 108161 18 108681 18 109201 17 109721 16 110241 15 110763 12
a90cad45551d62c5cfa89517df8eb5e8f2f87f1a6e6678e606907afcbad91731,36615 6 37134 9 37653 11 38173 12 38692 13 39212 14 39732 14 40251 15 40770 16 41289 17 41808 18 42327 19 42847 19 43366 20 43885 21 44404 21 44923 22 45442 23 45961 24 46481 24 47001 24 47521 23 48041 23 48561 23 49081 22 49601 21 50121 20 50641 19 51161 18 51682 16 52203 11 52724 8 53245 3
a90cad45551d62c5cfa89517df8eb5e8f2f87f1a6e6678e606907afcbad91731,170514 5 171032 10 171551 13 172070 15 172589 18 173108 20 173628 22 174147 24 174667 25 175187 26 175707 27 176226 29 176746 30 177266 31 177786 32 178306 32 178826 33 179346 33 179867 33 180388 33 180908 33 181429 32 181950 30 182473 27 182994 25 183515 24 184037 21 184559 17 185083 12 185607 3
a90cad45551d62c5cfa89517df8eb5e8f2f87f1a6e6678e606907afcbad91731,310788 4 311307 6 311827 6 312348 5 312869 3
a90cad45551d62c5cfa89517df8eb5e8f2f87f1a6e6678e606907afcbad91731,114067 3 114585 7 115104 10 115623 12 116143 13 116663 13 117182 14 117702 14 118222 14 118742 14 119261 14 119780 15 120300 15 120820 14 121340 13 121861 11 122382 9 122903 6
a90cad45551d62c5cfa89517df8eb5e8f2f87f1a6e6678e606907afcbad91731,144558 3 145076 5 145595 6 146114 7 146633 8 147151 10 147671 10 148190 11 148710 11 149229 12 149747 14 150267 14 150787 14 151307 14 151827 14 152347 14 152867 14 153387 14 153907 14 154428 13 154949 12 155473 8
a90cad45551d62c5cfa89517df8eb5e8f2f87f1a6e6678e606907afcbad91731,166447 7 166965 11 167483 14 168001 16 168520 17 169039 18 169558 19 170077 20 170597 20 171116 21 171636 21 172156 21 172676 21 173196 21 173716 21 174236 21 174756 21 175277 20 175797 20 176317 20 176838 18 177358 18 177878 18 178399 17 178920 16 179440 16 179961 15 180482 13 181004 11 181525 10 182046 8 182568 5
a90cad45551d62c5cfa89517df8eb5e8f2f87f1a6e6678e606907afcbad91731,70962 3 71480 7 71999 9 72518 10 73036 12 73555 14 74074 15 74593 17 75112 18 75631 19 76151 19 76671 19 77190 19 77710 19 78230 19 78749 20 79269 20 79789 20 80310 19 80830 18 81351 17 81871 16 82391 15 82911 15 83431 15 83952 14 84472 13 84992 13 85513 11 86035 8 86556 6 87077 4
a90cad45551d62c5cfa89517df8eb5e8f2f87f1a6e6678e606907afcbad91731,51195 3 51714 5 52234 5 52753 5 53273 5 53792 5 54312 5 54832 4 55353 2
a90cad45551d62c5cfa89517df8eb5e8f2f87f1a6e6678e606907afcbad91731,167078 2 167597 5 168116 7 168635 9 169155 9 169675 10 170195 10 170714 11 171234 12 171754 12 172274 12 172794 12 173314 12 173834 13 174354 13 174874 13 175394 13 175915 12 176435 12 176955 13 177475 13 177995 13 178515 13 179035 13 179555 13 180075 13 180595 13 181116 12 181636 12 182156 12 182677 11 183197 11 183717 10 184238 9 184758 9 185279 7 185801 4
a90cad45551d62c5cfa89517df8eb5e8f2f87f1a6e6678e606907afcbad91731,319251 2 319770 4 320290 5 320809 6 321329 6 321850 4
a90cad45551d62c5cfa89517df8eb5e8f2f87f1a6e6678e606907afcbad91731,291110 2 291627 14 292143 20 292662 22 293181 24 293699 27 294218 28 294737 30 295257 30 295777 29 296297 29 296817 29 297338 28 297858 27 298379 26 298899 25 299420 24 299940 23 300461 3 300466 15 300987 10
a90cad45551d62c5cfa89517df8eb5e8f2f87f1a6e6678e606907afcbad91731,3324 4 3842 8 4361 10 4880 13 5400 14 5920 15 6439 17 6959 18 7480 18 8000 18 8520 19 9040 19 9560 20 10080 20 10600 20 11120 20 11640 20 12160 20 12680 20 13201 20 13721 20 14242 18 14762 18 15283 17 15804 16 16325 14 16846 12 17367 11 17889 8
a90cad45551d62c5cfa89517df8eb5e8f2f87f1a6e6678e606907afcbad91731,232667 4 233185 8 233704 10 234223 13 234742 15 235262 15 235781 17 236300 19 236820 19 237341 19 237861 19 238381 20 238901 20 239421 20 239940 21 240460 21 240980 22 241500 22 242020 22 242540 22 243060 22 243580 22 244100 22 244620 22 245141 21 245661 21 246181 20 246701 20 247222 19 247743 18 248264 16 248785 14 249305 14 249826 12 250348 8
a90cad45551d62c5cfa89517df8eb5e8f2f87f1a6e6678e606907afcbad91731,330958 5 331477 8 331996 10 332515 12 333035 13 333555 14 334075 15 334595 15 335115 16 335635 17 336155 17 336676 17 337196 17 337716 17 338237 16 338757 16 339277 16 339798 15 340318 15 340839 14 341359 14 341880 13 342400 13 342921 11 343442 10 343962 10 344483 8 345005 5
a90cad45551d62c5cfa89517df8eb5e8f2f87f1a6e6678e606907afcbad91731,220410 5 220926 14 221445 17 221964 19 222483 21 223003 22 223522 23 224041 25 224561 25 225081 25 225600 26 226120 26 226640 26 227160 26 227680 25 228200 25 228720 24 229240 24 229760 24 230281 22 230802 21 231323 20 231844 18 232365 14 232886 11 233407 5 233928 3
a90cad45551d62c5cfa89517df8eb5e8f2f87f1a6e6678e606907afcbad91731,192786 7 193305 11 193823 15 194342 18 194862 19 195382 20 195902 21 196421 23 196941 24 197461 25 197981 25 198501 26 199021 26 199542 26 200062 26 200583 25 201104 24 201625 23 202146 22 202667 21 203188 19 203710 17 204231 15 204752 13 205274 10 205797 5
a90cad45551d62c5cfa89517df8eb5e8f2f87f1a6e6678e606907afcbad91731,206010 3 206529 5 207047 8 207563 13 208083 14 208604 14 209124 14 209643 14 210161 16 210680 17 211199 18 211718 19 212238 19 212757 19 213275 21 213794 22 214314 22 214834 21 215354 20 215874 20 216394 20 216914 19 217434 19 217954 19 218475 18 218996 16 219517 14 220038 12 220558 10 221079 6 221600 3
a90cad45551d62c5cfa89517df8eb5e8f2f87f1a6e6678e606907afcbad91731,55023 7 55542 9 56062 10 56581 12 57101 13 57620 15 58140 16 58659 18 59179 20 59700 20 60221 20 60742 20 61262 20 61783 19 62304 18 62827 15 63348 14 63869 12 64391 8
a90cad45551d62c5cfa89517df8eb5e8f2f87f1a6e6678e606907afcbad91731,62547 7 63066 9 63585 11 64104 13 64623 15 65142 17 65662 17 66181 18 66700 19 67219 20 67738 21 68258 21 68777 21 69296 22 69816 21 70336 21 70856 20 71375 20 71895 19 72415 18 72935 17 73455 16 73976 14 74496 12 75017 9 75538 5
a90cad45551d62c5cfa89517df8eb5e8f2f87f1a6e6678e606907afcbad91731,279860 7 280380 7 280900 7 281423 4
a90cad45551d62c5cfa89517df8eb5e8f2f87f1a6e6678e606907afcbad91731,9838 6 10354 11 10873 15 11393 16 11912 17 12432 16 12951 17 13471 17 13990 18 14510 19 15030 19 15549 20 16069 20 16589 20 17109 20 17629 20 18148 21 18668 21 19188 21 19708 21 20228 21 20748 21 21268 20 21788 20 22308 20 22828 19 23349 18 23869 17 24390 16 24910 15 25431 13 25952 11 26473 8
a90cad45551d62c5cfa89517df8eb5e8f2f87f1a6e6678e606907afcbad91731,44310 7 44829 9 45348 11 45868 12 46387 14 46907 15 47426 16 47946 16 48466 16 48986 17 49506 17 50026 17 50546 17 51065 18 51585 18 52105 18 52625 18 53145 18 53665 18 54185 18 54705 17 55225 17 55745 17 56266 16 56786 16 57307 14 57828 13 58349 11 58871 8 59393 5
a90cad45551d62c5cfa89517df8eb5e8f2f87f1a6e6678e606907afcbad91731,45 17 566 17 1086 17 1607 16 2127 17 2647 17 3167 17 3687 17 4207 17 4726 18 5246 18 5765 19 6285 19 6805 19 7325 19 7846 17 8366 17 8885 17 9405 16 9925 15 10445 15 10965 14 11486 12 12007 10 12530 5
a90cad45551d62c5cfa89517df8eb5e8f2f87f1a6e6678e606907afcbad91731,125963 8 126481 12 127000 15 127519 18 128039 19 128559 22 129078 25 129598 26 130118 27 130638 28 131158 29 131679 28 132199 28 132719 28 133240 27 133760 27 134281 26 134802 24 135324 21 135846 18 136372 11 136897 4
a90cad45551d62c5cfa89517df8eb5e8f2f87f1a6e6678e606907afcbad91731,39430 8 39948 13 40466 17 40984 20 41503 22 42017 28 42534 32 43053 33 43573 33 44092 34 44612 35 45132 35 45653 34 46173 34 46693 33 47214 29 47736 25 48257 9
a90cad45551d62c5cfa89517df8eb5e8f2f87f1a6e6678e606907afcbad91731,26666 3 27183 7 27702 10 28221 12 28740 14 29259 15 29779 15 30298 16 30817 17 31337 17 31856 18 32376 18 32896 18 33416 19 33936 19 34455 20 34975 20 35495 19 36015 19 36535 19 37055 19 37575 19 38096 18 38616 18 39136 18 39657 16 40177 15 40698 13 41219 11 41740 9 42261 7
a90cad45551d62c5cfa89517df8eb5e8f2f87f1a6e6678e606907afcbad91731,341426 5 341945 8 342464 10 342983 12 343502 14 344022 15 344541 21 345061 22 345581 23 346100 25 346620 25 347140 25 347660 26 348179 27 348699 27 349219 27 349739 27 350259 27 350779 27 351299 26 351819 26 352339 26 352859 25 353379 25 353899 24 354419 24 354940 22 355460 22 355980 21 356501 18 357022 16 357543 10 358064 5
a90cad45551d62c5cfa89517df8eb5e8f2f87f1a6e6678e606907afcbad91731,325001 3 325521 5 326041 6 326561 7 327081 7 327601 8 328121 8 328641 8 329161 9 329681 9 330201 8 330721 8 331241 8 331761 8 332281 7 332801 6 333321 5
a90cad45551d62c5cfa89517df8eb5e8f2f87f1a6e6678e606907afcbad91731,40852 6 41371 7 41891 7 42411 6 42932 5 43452 3
a90cad45551d62c5cfa89517df8eb5e8f2f87f1a6e6678e606907afcbad91731,129383 11 129900 17 130419 19 130938 22 131457 24 131976 26 132495 28 133015 29 133535 29 134055 29 134575 29 135095 29 135615 29 136136 27 136657 26 137178 24 137699 22 138220 20 138742 17 139265 8
a90cad45551d62c5cfa89517df8eb5e8f2f87f1a6e6678e606907afcbad91731,280180 11 280698 14 281217 17 281736 21 282253 25 282772 27 283292 27 283811 29 284331 29 284851 29 285371 29 285891 29 286411 29 286932 28 287453 26 287974 23 288495 19 289016 17 289537 13 290059 7
a90cad45551d62c5cfa89517df8eb5e8f2f87f1a6e6678e606907afcbad91731,92714 8 93232 11 93750 14 94268 16 94787 17 95306 19 95824 21 96343 22 96862 23 97381 24 97900 24 98420 24 98939 24 99459 23 99979 22 100499 21 101020 19 101541 16 102062 13 102584 7
a90cad45551d62c5cfa89517df8eb5e8f2f87f1a6e6678e606907afcbad91731,73168 4 73686 7 74205 9 74725 10 75244 12 75764 12 76283 13 76803 13 77322 15 77842 15 78362 15 78882 15 79402 15 79921 16 80441 16 80961 16 81481 16 82001 16 82521 16 83041 16 83561 16 84081 16 84601 16 85121 16 85641 16 86162 15 86682 14 87202 14 87722 14 88243 13 88763 12 89284 11 89804 10 90325 8 90848 4
a90cad45551d62c5cfa89517df8eb5e8f2f87f1a6e6678e606907afcbad91731,1168 4 1685 9 2204 12 2723 14 3242 16 3761 18 4281 19 4801 19 5320 21 5840 21 6360 21 6880 22 7401 21 7921 21 8441 22 8961 23 9482 22 10003 21 10524 20 11045 19 11565 18 12085 18 12606 17 13126 17 13647 16 14168 14 14689 12 15210 11 15731 10 16254 6
a90cad45551d62c5cfa89517df8eb5e8f2f87f1a6e6678e606907afcbad91731,73522 5 74039 10 74558 12 75077 15 75597 16 76116 18 76636 19 77156 20 77676 21 78196 22 78716 23 79236 23 79756 23 80276 23 80797 22 81317 22 81838 21 82358 21 82879 20 83400 19 83921 17 84442 16 84964 14 85485 13 86007 10 86530 6 87053 2
a90cad45551d62c5cfa89517df8eb5e8f2f87f1a6e6678e606907afcbad91731,273129 4 273648 8 274167 13 274686 15 275205 17 275725 18 276245 19 276765 20 277285 20 277805 21 278326 21 278846 22 279367 21 279887 22 280408 21 280928 21 281449 21 281969 21 282490 21 283010 21 283531 20 284052 19 284573 19 285094 18 285615 17 286136 15 286657 13 287178 11 287701 7 288222 5 288744 2
a90cad45551d62c5cfa89517df8eb5e8f2f87f1a6e6678e606907afcbad91731,149640 11 150159 14 150678 18 151197 20 151716 23 152235 25 152755 25 153275 26 153795 26 154315 27 154835 27 155355 27 155876 26 156396 26 156917 26 157438 25 157959 25 158480 24 159001 23 159522 22 160043 22 160564 21 161085 19 161606 18 162127 17 162648 15 163170 13 163691 11 164212 8
a90cad45551d62c5cfa89517df8eb5e8f2f87f1a6e6678e606907afcbad91731,248112 6 248629 12 249148 14 249666 17 250185 19 250703 21 251222 23 251741 24 252259 26 252778 27 253297 28 253816 29 254336 29 254855 29 255374 29 255894 29 256414 28 256934 27 257455 24 257975 23 258496 20 259019 15 259541 5
a90cad45551d62c5cfa89517df8eb5e8f2f87f1a6e6678e606907afcbad91731,346918 5 347436 9 347954 13 348472 17 348991 19 349510 22 350029 24 350549 25 351069 26 351589 27 352109 28 352629 28 353149 28 353670 27 354190 27 354711 26 355231 26 355752 25 356273 23 356794 21 357316 18 357837 14 358361 6
a90cad45551d62c5cfa89517df8eb5e8f2f87f1a6e6678e606907afcbad91731,326829 8 327348 11 327866 14 328385 16 328904 18 329424 18 329943 19 330463 19 330982 20 331502 20 332022 20 332542 20 333063 19 333583 18 334104 17 334624 17 335145 16 335666 14 336188 11 336709 9 337229 6
a90cad45551d62c5cfa89517df8eb5e8f2f87f1a6e6678e606907afcbad91731,192362 10 192879 15 193396 19 193913 24 194432 26 194951 28 195471 29 195990 30 196510 31 197030 31 197550 32 198070 32 198590 32 199110 32 199631 31 200152 29 200673 28 201194 27 201715 25 202237 23 202758 22 203280 19 203802 17 204325 13 204847 9
a90cad45551d62c5cfa89517df8eb5e8f2f87f1a6e6678e606907afcbad91731,259294 2 259813 4 260333 5 260853 6 261374 6 261875 4 261895 6 262393 7 262416 6 262912 8 262936 6 263432 7 263457 6 263952 7 263977 6 264472 7 264498 6 264992 8 265018 7 265512 9 265538 7 266032 10 266057 8 266552 11 266577 7 267072 13 267096 8 267593 14 267615 9 268113 16 268132 12 268634 30 269155 29 269675 28 270196 27 270717 25 271238 22 271759 19 272282 14 272805 10 273331 2
a90cad45551d62c5cfa89517df8eb5e8f2f87f1a6e6678e606907afcbad91731,201792 3 202310 8 202829 10 203348 11 203867 13 204386 14 204906 14 205425 15 205944 17 206464 17 206983 18 207503 18 208023 18 208542 19 209062 18 209581 19 210101 19 210620 20 211140 20 211660 20 212179 21 212699 20 213219 20 213738 21 214258 20 214778 20 215298 20 215818 19 216338 19 216858 18 217378 17 217898 17 218418 16 218938 15 219459 13 219979 13 220500 11 221021 8 221542 6
a90cad45551d62c5cfa89517df8eb5e8f2f87f1a6e6678e606907afcbad91731,310597 6 311116 8 311635 10 312155 11 312675 13 313195 14 313714 15 314234 16 314754 17 315275 17 315795 17 316315 18 316835 18 317355 19 317875 19 318395 19 318916 19 319436 19 319957 18 320477 19 320998 18 321518 18 322039 17 322559 17 323079 17 323600 16 324120 15 324641 14 325162 13 325683 11 326204 9 326726 5
a90cad45551d62c5cfa89517df8eb5e8f2f87f1a6e6678e606907afcbad91731,352928 10 353446 17 353965 23 354484 25 355003 26 355522 27 356041 28 356561 28 357080 29 357600 28 358119 29 358639 29 359159 28 359679 27 360199 26 360720 24 361240 23 361761 21
a90cad45551d62c5cfa89517df8eb5e8f2f87f1a6e6678e606907afcbad91731,17672 6 18191 10 18709 12 19228 13 19747 14 20266 15 20785 16 21304 17 21823 18 22343 18 22862 19 23382 19 23902 19 24421 20 24941 20 25460 21 25980 21 26500 21 27020 21 27540 21 28061 20 28581 20 29102 18 29622 18 30143 12 30664 6
a90cad45551d62c5cfa89517df8eb5e8f2f87f1a6e6678e606907afcbad91731,110283 6 110799 14 111317 17 111835 20 112354 22 112874 23 113393 24 113913 25 114433 25 114953 26 115473 26 115993 26 116513 27 117033 27 117553 27 118073 27 118594 26 119114 26 119634 25 120155 24 120676 22 121197 20 121725 11 122248 4
a90cad45551d62c5cfa89517df8eb5e8f2f87f1a6e6678e606907afcbad91731,19921 6 20440 11 20960 12 21480 14 22000 15 22519 17 23039 18 23558 19 24077 20 24597 20 25117 20 25637 20 26157 21 26676 22 27196 21 27716 20 28236 19 28756 19 29276 18 29796 17 30316 16 30836 15 31356 15 31877 13 32397 12 32917 12 33437 11 33958 9 34479 7 35000 5
a90cad45551d62c5cfa89517df8eb5e8f2f87f1a6e6678e606907afcbad91731,78024 2 78542 5 79061 8 79580 11 80099 13 80619 14 81139 14 81659 15 82179 16 82699 17 83218 18 83738 18 84257 20 84777 20 85297 20 85817 20 86337 20 86858 19 87378 19 87898 19 88418 19 88938 19 89459 18 89979 18 90500 16 91020 16 91541 15 92062 13 92583 10 93104 8
a90cad45551d62c5cfa89517df8eb5e8f2f87f1a6e6678e606907afcbad91731,308199 4 308716 10 309235 12 309755 12 310275 13 310795 13 311314 15 311834 15 312354 15 312874 15 313394 15 313914 15 314439 10 314959 10 315485 4
a90cad45551d62c5cfa89517df8eb5e8f2f87f1a6e6678e606907afcbad91731,313624 7 314143 10 314662 12 315181 14 315701 15 316220 16 316740 16 317260 17 317780 17 318300 18 318819 20 319339 21 319860 21 320380 22 320900 22 321420 23 321940 23 322461 23 322981 23 323502 22 324022 22 324543 21 325064 20 325585 19 326105 19 326625 19 327145 18 327666 16 328188 13 328709 11 329231 8 329752 6
a90cad45551d62c5cfa89517df8eb5e8f2f87f1a6e6678e606907afcbad91731,344491 2 345010 4 345529 5 346049 6 346569 6 347089 5 347610 3 348131 1
a90cad45551d62c5cfa89517df8eb5e8f2f87f1a6e6678e606907afcbad91731,250811 4 250817 3 251330 12 251848 15 252367 18 252886 20 253406 21 253927 21 254447 22 254968 22 255488 22 256008 23 256528 24 257048 25 257568 25 258089 25 258610 24 259130 24 259650 25 260171 24 260691 25 261211 26 261731 26 262252 25 262772 26 263293 25 263813 25 264334 24 264854 24 265375 23 265896 21 266417 20 266938 18 267459 17 267981 14 268504 9
a90cad45551d62c5cfa89517df8eb5e8f2f87f1a6e6678e606907afcbad91731,28280 3 28797 7 29316 10 29835 12 30355 13 30875 13 31394 15 31914 15 32435 15 32955 17 33475 18 33995 18 34515 18 35035 18 35555 18 36075 17 36595 16 37115 16 37635 16 38155 15 38675 15 39195 15 39714 15 40234 14 40754 14 41274 13 41794 12 42315 11 42836 9 43357 7
a90cad45551d62c5cfa89517df8eb5e8f2f87f1a6e6678e606907afcbad91731,340055 16 340570 22 341087 26 341605 28 342122 31 342641 32 343160 33 343679 34 344199 33 344719 32 345240 30 345760 29 346281 27 346802 23 347326 14
a90cad45551d62c5cfa89517df8eb5e8f2f87f1a6e6678e606907afcbad91731,24720 2 25238 5 25757 7 26276 9 26795 11 27314 12 27834 12 28353 13 28873 13 29392 15 29911 16 30431 16 30950 17 31470 17 31990 18 32509 19 33029 19 33549 19 34068 20 34588 21 35108 21 35629 20 36149 20 36670 18 37190 18 37710 7 37721 7 38231 5 38242 6 38751 5 38764 4 39272 4 39286 3 39792 4 39807 2 40313 2
a90cad45551d62c5cfa89517df8eb5e8f2f87f1a6e6678e606907afcbad91731,307877 3 308391 23 308910 25 309430 28 309949 31 310468 33 310988 34 311508 35 312028 35 312549 35 313070 34 313590 34 314110 33 314631 31 315152 29 315673 28 316194 26 316716 21 317237 19
a90cad45551d62c5cfa89517df8eb5e8f2f87f1a6e6678e606907afcbad91731,49172 3 49691 6 50210 10 50728 13 51247 15 51766 17 52286 18 52805 19 53324 20 53843 21 54363 20 54882 20 55402 20 55921 21 56440 22 56960 21 57480 21 57999 22 58518 22 59038 22 59558 21 60077 21 60597 21 61117 20 61637 19 62156 19 62676 18 63196 17 63715 17 64235 15 64755 13 65275 12 65796 10 66316 9 66837 8 67358 6
a90cad45551d62c5cfa89517df8eb5e8f2f87f1a6e6678e606907afcbad91731,100041 3 100558 7 101075 10 101593 13 102112 18 102632 19 103151 20 103671 21 104191 22 104711 23 105231 23 105751 24 106271 24 106791 24 107311 25 107832 24 108353 24 108874 23 109394 22 109915 21 110437 19 110958 18 111478 18 111999 17 112520 16 113041 15 113562 14 114083 12 114604 10 115125 8 115646 5 116167 3
a90cad45551d62c5cfa89517df8eb5e8f2f87f1a6e6678e606907afcbad91731,304919 5 305438 9 305958 11 306478 13 306998 14 307517 15 308036 17 308555 19 309075 19 309595 20 310115 20 310635 21 311155 21 311675 21 312195 22 312716 22 313236 23 313756 23 314278 21 314799 20 315320 19 315840 19 316361 19 316881 19 317401 19 317921 18 318442 17 318963 15 319485 12 320006 10 320527 8 321048 5
