a9d884ba0929dac87c2052ce5b15034163685317d7cff45c40b0f7bd9bd4d9e7,39426 7 39681 9 39937 11 40193 12 40449 13 40705 14 40961 14 41217 14 41473 15 41729 15 41985 15 42241 15 42497 14 42754 12 43011 9 43270 5
a9d884ba0929dac87c2052ce5b15034163685317d7cff45c40b0f7bd9bd4d9e7,18708 6 18963 8 19218 12 19473 15 19729 16 19985 17 20241 17 20496 18 20747 23 21002 24 21258 24 21514 24 21770 24 22026 24 22283 22 22540 21 22797 20 23056 16 23313 15 23570 13 23828 10 24088 3
a9d884ba0929dac87c2052ce5b15034163685317d7cff45c40b0f7bd9bd4d9e7,11382 5 11635 10 11890 12 12145 13 12401 14 12657 14 12914 13 13170 13 13426 13 13682 13 13938 13 14194 13 14450 13 14706 12 14962 11 15219 9 15476 7 15733 5 15990 4 16247 2
a9d884ba0929dac87c2052ce5b15034163685317d7cff45c40b0f7bd9bd4d9e7,9795 3 10045 10 10300 12 10555 14 10811 15 11066 17 11322 17 11578 18 11834 19 12090 19 12346 19 12602 18 12858 18 13114 18 13371 17 13627 16 13884 14 14144 8
a9d884ba0929dac87c2052ce5b15034163685317d7cff45c40b0f7bd9bd4d9e7,37999 5 38254 8 38509 10 38764 12 39020 13 39276 14 39532 15 39788 15 40044 16 40301 15 40557 15 40814 14 41071 12 41327 12 41583 11 41840 10 42096 10 42353 8
a9d884ba0929dac87c2052ce5b15034163685317d7cff45c40b0f7bd9bd4d9e7,38495 4 38750 7 39005 11 39259 14 39514 15 39770 16 40025 18 40281 18 40537 18 40792 18 41048 17 41304 15 41561 4 41568 6 41826 3
a9d884ba0929dac87c2052ce5b15034163685317d7cff45c40b0f7bd9bd4d9e7,31641 8 31895 11 32150 12 32405 14 32661 14 32917 14 33172 16 33428 16 33684 16 33940 16 34196 16 34452 15 34708 15 34965 14 35222 12 35479 10 35737 5
a9d884ba0929dac87c2052ce5b15034163685317d7cff45c40b0f7bd9bd4d9e7,3884 7 4139 9 4395 9 4652 9 4908 9 5164 8 5421 7 5677 6 5934 4
a9d884ba0929dac87c2052ce5b15034163685317d7cff45c40b0f7bd9bd4d9e7,40401 4 40653 9 40908 11 41163 13 41418 15 41674 15 41930 16 42186 16 42442 17 42698 17 42954 17 43211 15 43468 13 43725 11 43982 7
a9d884ba0929dac87c2052ce5b15034163685317d7cff45c40b0f7bd9bd4d9e7,37260 5 37515 8 37771 9 38026 10 38282 10 38538 10 38794 10 39050 10 39306 9 39563 7 39820 5
a9d884ba0929dac87c2052ce5b15034163685317d7cff45c40b0f7bd9bd4d9e7,12467 5 12720 9 12975 11 13230 13 13480 3 13485 15 13734 22 13989 23 14244 23 14500 23 14756 23 15012 23 15267 24 15523 24 15779 24 16036 23 16292 22 16549 18 16808 14 17065 13 17322 11 17580 7
a9d884ba0929dac87c2052ce5b15034163685317d7cff45c40b0f7bd9bd4d9e7,61882 5 62137 8 62392 10 62647 11 62903 12 63159 12 63414 13 63670 13 63926 12 64182 12 64438 11 64695 9 64952 7 65209 5
a9d884ba0929dac87c2052ce5b15034163685317d7cff45c40b0f7bd9bd4d9e7,44476 2 44730 6 44985 9 45241 11 45496 13 45751 15 46007 15 46262 16 46518 16 46774 16 47030 16 47286 16 47542 16 47799 14 48056 12 48314 7 48574 2
a9d884ba0929dac87c2052ce5b15034163685317d7cff45c40b0f7bd9bd4d9e7,41756 5 42009 10 42264 12 42519 14 42775 15 43031 15 43287 16 43543 16 43799 16 44055 16 44312 15 44568 15 44825 14 45082 13 45339 11 45596 7
a9d884ba0929dac87c2052ce5b15034163685317d7cff45c40b0f7bd9bd4d9e7,55969 6 56222 10 56477 13 56732 15 56987 16 57242 18 57498 18 57754 18 58010 18 58266 18 58522 18 58778 17 59035 16 59292 14 59553 8 59810 5
a9d884ba0929dac87c2052ce5b15034163685317d7cff45c40b0f7bd9bd4d9e7,40447 2 40702 3 40955 6 41210 7 41464 9 41719 10 41974 11 42230 11 42485 12 42741 12 42997 12 43253 12 43509 12 43766 11 44023 10 44280 9 44537 8 44795 6 45053 4
a9d884ba0929dac87c2052ce5b15034163685317d7cff45c40b0f7bd9bd4d9e7,55067 4 55319 9 55574 10 55829 12 56084 15 56339 17 56595 18 56851 18 57106 20 57362 20 57617 22 57873 22 58128 22 58384 22 58640 21 58897 19 59154 18 59411 16 59668 14 59926 10 60183 8 60441 3
a9d884ba0929dac87c2052ce5b15034163685317d7cff45c40b0f7bd9bd4d9e7,34829 7 35084 9 35339 11 35594 13 35850 14 36106 14 36361 15 36617 16 36874 15 37130 15 37386 15 37642 14 37899 13 38156 11 38413 10 38671 7 38928 4
a9d884ba0929dac87c2052ce5b15034163685317d7cff45c40b0f7bd9bd4d9e7,25225 2 25480 5 25732 10 25987 12 26243 13 26498 14 26753 15 27009 16 27265 16 27521 16 27777 16 28033 16 28289 16 28545 16 28801 15 29058 13 29316 10 29574 4
a9d884ba0929dac87c2052ce5b15034163685317d7cff45c40b0f7bd9bd4d9e7,46744 4 46998 7 47253 10 47508 12 47764 14 48019 16 48274 19 48530 20 48785 21 49041 21 49297 21 49553 22 49809 22 50065 22 50322 21 50578 21 50834 20 51091 19 51348 17 51606 13 51864 5
a9d884ba0929dac87c2052ce5b15034163685317d7cff45c40b0f7bd9bd4d9e7,36585 10 36839 14 37092 18 37347 21 37602 23 37857 24 38112 25 38368 25 38624 25 38880 25 39136 25 39392 25 39648 25 39905 24 40162 23 40419 22 40676 20 40933 18 41191 15 41453 5
a9d884ba0929dac87c2052ce5b15034163685317d7cff45c40b0f7bd9bd4d9e7,9 16 266 15 522 15 779 14 1036 13 1293 11 1552 6
a9d884ba0929dac87c2052ce5b15034163685317d7cff45c40b0f7bd9bd4d9e7,14439 4 14694 6 14949 8 15205 9 15460 11 15716 11 15972 12 16228 12 16484 13 16740 13 16996 12 17253 11 17509 11 17765 10 18021 10 18278 9 18536 6
a9d884ba0929dac87c2052ce5b15034163685317d7cff45c40b0f7bd9bd4d9e7,19120 6 19373 10 19626 14 19881 16 20137 16 20393 16 20649 17 20906 16 21162 16 21419 15 21675 14 21932 13 22189 12 22446 10 22706 5
a9d884ba0929dac87c2052ce5b15034163685317d7cff45c40b0f7bd9bd4d9e7,47387 2 47642 4 47897 6 48152 7 48408 7 48665 7 48922 7 49178 8 49434 10 49690 11 49945 13 50201 13 50458 13 50714 13 50970 13 51226 13 51481 14 51737 13 51993 13 52249 12 52506 10 52763 8 53020 5
a9d884ba0929dac87c2052ce5b15034163685317d7cff45c40b0f7bd9bd4d9e7,59643 6 59898 7 60153 8 60409 8 60664 9 60920 9 61176 9 61432 9 61688 9 61945 8 62201 8 62458 7 62714 7 62971 6 63228 5 63485 4
a9d884ba0929dac87c2052ce5b15034163685317d7cff45c40b0f7bd9bd4d9e7,45943 2 46197 6 46450 10 46705 13 46959 16 47214 18 47470 18 47726 18 47982 18 48238 19 48494 19 48751 18 49008 16 49264 15 49520 14 49777 12 50035 9 50294 5
a9d884ba0929dac87c2052ce5b15034163685317d7cff45c40b0f7bd9bd4d9e7,58951 10 59205 13 59460 14 59715 16 59970 17 60225 18 60481 18 60736 20 60992 20 61248 20 61504 20 61760 20 62016 19 62272 19 62529 17 62785 17 63042 15 63298 13 63555 10 63813 5 64070 3
a9d884ba0929dac87c2052ce5b15034163685317d7cff45c40b0f7bd9bd4d9e7,7816 5 8070 10 8325 14 8581 15 8837 16 9093 17 9349 18 9605 19 9861 20 10117 20 10373 21 10629 21 10885 21 11141 21 11397 21 11653 21 11909 20 12166 18 12423 16 12680 14 12937 12 13194 9
a9d884ba0929dac87c2052ce5b15034163685317d7cff45c40b0f7bd9bd4d9e7,32126 6 32381 8 32636 10 32891 12 33146 14 33401 15 33656 16 33912 16 34168 16 34424 16 34680 16 34936 16 35193 15 35449 14 35706 12 35963 10 36223 5
a9d884ba0929dac87c2052ce5b15034163685317d7cff45c40b0f7bd9bd4d9e7,42840 3 43095 5 43350 7 43606 8 43861 12 44117 13 44373 14 44629 14 44885 13 45141 13 45397 12 45654 9 45911 6 46168 3
a9d884ba0929dac87c2052ce5b15034163685317d7cff45c40b0f7bd9bd4d9e7,48865 4 49120 6 49375 7 49631 7 49886 9 50142 11 50398 12 50653 14 50909 15 51166 17 51422 20 51678 21 51934 21 52190 22 52447 21 52704 20 52961 19 53218 17 53475 15 53732 13 53989 11 54250 3
a9d884ba0929dac87c2052ce5b15034163685317d7cff45c40b0f7bd9bd4d9e7,35647 9 35902 12 36158 13 36413 15 36668 16 36924 17 37180 17 37435 18 37691 17 37947 17 38203 17 38460 15 38717 14 38974 12 39232 9 39489 6
a9d884ba0929dac87c2052ce5b15034163685317d7cff45c40b0f7bd9bd4d9e7,62505 8 62759 11 63014 13 63269 15 63524 16 63780 17 64036 18 64291 20 64547 20 64802 20 65058 20 65314 20
a9d884ba0929dac87c2052ce5b15034163685317d7cff45c40b0f7bd9bd4d9e7,26113 3 26369 4 26625 5 26881 6 27137 6 27393 6 27649 6 27905 5 28161 5 28417 5 28673 4 28929 4 29185 3 29441 2
a9d884ba0929dac87c2052ce5b15034163685317d7cff45c40b0f7bd9bd4d9e7,47189 6 47444 9 47699 13 47954 15 48210 18 48465 20 48721 21 48977 21 49233 21 49489 21 49745 21 50001 21 50257 21 50513 21 50769 21 51025 21 51281 21 51537 20 51793 20 52049 20 52305 19 52562 17 52819 15 53075 14 53332 13 53588 12 53845 11 54102 10 54361 6
a9d884ba0929dac87c2052ce5b15034163685317d7cff45c40b0f7bd9bd4d9e7,5614 5 5869 8 6124 10 6380 11 6636 11 6892 11 7149 9 7405 8 7662 6 7919 3
a9d884ba0929dac87c2052ce5b15034163685317d7cff45c40b0f7bd9bd4d9e7,17033 9 17287 12 17542 14 17797 16 18053 16 18309 16 18565 17 18821 17 19076 18 19332 18 19588 18 19844 18 20100 18 20356 18 20612 18 20868 17 21125 15 21382 12 21638 10 21895 7 22153 4
a9d884ba0929dac87c2052ce5b15034163685317d7cff45c40b0f7bd9bd4d9e7,48589 2 48843 5 49098 7 49353 9 49609 9 49865 9 50121 9 50377 8 50634 6 50891 3
a9d884ba0929dac87c2052ce5b15034163685317d7cff45c40b0f7bd9bd4d9e7,186 13 442 13 698 13 955 11
a9d884ba0929dac87c2052ce5b15034163685317d7cff45c40b0f7bd9bd4d9e7,46569 5 46824 8 47080 10 47335 12 47590 14 47846 14 48102 14 48358 14 48614 14 48870 14 49126 14 49383 12 49640 11 49897 9 50155 6
a9d884ba0929dac87c2052ce5b15034163685317d7cff45c40b0f7bd9bd4d9e7,168 18 424 18 680 18 936 19 1193 17 1449 16 1706 14 1963 11 2223 4
a9d884ba0929dac87c2052ce5b15034163685317d7cff45c40b0f7bd9bd4d9e7,51770 6 52023 10 52277 13 52532 14 52787 16 53042 18 53298 19 53553 20 53809 20 54065 20 54321 20 54577 20 54833 20 55089 20 55346 18 55603 16 55860 15 56117 14 56375 11 56633 5
a9d884ba0929dac87c2052ce5b15034163685317d7cff45c40b0f7bd9bd4d9e7,43843 6 44095 12 44350 14 44605 16 44860 18 45116 18 45371 19 45627 19 45883 18 46139 18 46395 18 46651 17 46908 16 47164 16 47420 15 47677 12 47934 10 48191 5
a9d884ba0929dac87c2052ce5b15034163685317d7cff45c40b0f7bd9bd4d9e7,2559 2 2814 3 3069 4 3325 4 3581 4 3838 3 4094 3 4350 3 4606 3 4863 2 5119 2 5376 1 5632 1
a9d884ba0929dac87c2052ce5b15034163685317d7cff45c40b0f7bd9bd4d9e7,28367 8 28622 10 28877 12 29132 14 29387 16 29643 16 29898 18 30154 18 30410 18 30666 18 30922 18 31179 16 31435 12 31691 11 31948 10 32205 9 32462 7
a9d884ba0929dac87c2052ce5b15034163685317d7cff45c40b0f7bd9bd4d9e7,53362 7 53616 10 53871 14 54126 16 54382 17 54638 17 54894 17 55150 17 55406 17 55662 17 55918 16 56174 15 56431 14 56688 12 56946 9 57205 5
a9d884ba0929dac87c2052ce5b15034163685317d7cff45c40b0f7bd9bd4d9e7,53636 6 53891 9 54146 12 54402 13 54658 13 54914 14 55170 15 55426 15 55682 15 55938 15 56194 15 56450 15 56707 14 56964 13 57221 12 57477 11 57733 6 57990 3
a9d884ba0929dac87c2052ce5b15034163685317d7cff45c40b0f7bd9bd4d9e7,52481 2 52737 3 52993 4 53249 4 53505 5 53761 5 54017 5 54273 4 54529 4 54785 4 55041 3
a9d884ba0929dac87c2052ce5b15034163685317d7cff45c40b0f7bd9bd4d9e7,7882 3 8137 6 8392 10 8647 13 8903 14 9158 17 9414 18 9671 18 9928 19 10184 20 10440 21 10697 20 10954 20 11211 19 11467 19 11724 18 11981 17 12237 16 12494 14 12751 8 13009 4
a9d884ba0929dac87c2052ce5b15034163685317d7cff45c40b0f7bd9bd4d9e7,46593 2 46849 3 47105 4 47361 4 47617 4 47873 5 48129 5 48385 5 48641 5 48897 5 49153 5 49409 4 49665 2
a9d884ba0929dac87c2052ce5b15034163685317d7cff45c40b0f7bd9bd4d9e7,5155 3 5410 6 5665 9 5920 11 6175 12 6430 13 6683 17 6936 20 7191 21 7447 22 7703 23 7959 23 8215 23 8470 24 8726 24 8983 23 9240 21 9497 20 9754 18 10012 16 10274 9 10533 3
a9d884ba0929dac87c2052ce5b15034163685317d7cff45c40b0f7bd9bd4d9e7,33739 8 33993 11 34248 13 34504 13 34759 15 35015 16 35270 17 35526 17 35782 17 36038 17 36294 17 36550 16 36807 14 37064 12 37322 9 37580 5
a9d884ba0929dac87c2052ce5b15034163685317d7cff45c40b0f7bd9bd4d9e7,3652 7 3904 12 4159 13 4414 15 4670 16 4925 17 5181 18 5437 18 5693 18 5949 18 6205 18 6461 18 6717 18 6973 18 7230 17 7487 16 7744 14 8001 13 8260 9 8518 6
a9d884ba0929dac87c2052ce5b15034163685317d7cff45c40b0f7bd9bd4d9e7,28850 5 29101 13 29356 15 29612 15 29867 17 30123 18 30379 18 30635 19 30891 20 31146 21 31402 21 31658 21 31914 21 32171 20 32427 19 32683 19 32940 17 33197 16 33454 14 33711 12 33969 4
a9d884ba0929dac87c2052ce5b15034163685317d7cff45c40b0f7bd9bd4d9e7,27684 6 27938 10 28193 12 28449 13 28705 14 28960 16 29215 17 29470 19 29726 20 29981 21 30237 21 30493 21 30748 22 31004 22 31261 21 31517 20 31774 18 32031 16 32288 14 32546 11 32807 5
a9d884ba0929dac87c2052ce5b15034163685317d7cff45c40b0f7bd9bd4d9e7,32096 6 32350 11 32605 13 32861 13 33116 15 33371 17 33627 17 33883 18 34139 18 34395 18 34651 18 34908 16 35164 16 35421 14 35678 13 35935 11 36193 8
a9d884ba0929dac87c2052ce5b15034163685317d7cff45c40b0f7bd9bd4d9e7,60417 3 60673 4 60929 4 61185 4 61441 5 61697 13 61953 14 62209 14 62465 14 62721 14 62977 14 63233 14 63489 14 63745 14 64001 14 64257 14 64513 14 64769 14 65025 14 65281 14
a9d884ba0929dac87c2052ce5b15034163685317d7cff45c40b0f7bd9bd4d9e7,56412 8 56667 10 56922 12 57177 15 57432 17 57687 19 57943 20 58199 20 58455 21 58710 22 58966 22 59222 22 59478 22 59734 21 59991 20 60247 19 60503 18 60760 16 61016 15 61273 13 61531 10 61791 5
a9d884ba0929dac87c2052ce5b15034163685317d7cff45c40b0f7bd9bd4d9e7,20936 5 21190 9 21445 11 21701 12 21956 14 22212 14 22468 15 22723 16 22979 16 23236 15 23492 15 23748 14 24005 13 24262 11 24519 9 24777 6
a9d884ba0929dac87c2052ce5b15034163685317d7cff45c40b0f7bd9bd4d9e7,6233 3 6488 26 6742 29 6997 31 7252 32 7508 33 7764 33 8021 32 8278 31 8535 30 8792 29 9048 29 9304 28 9561 26 9818 24 10075 23 10332 21 10590 10 10603 5 10847 5
a9d884ba0929dac87c2052ce5b15034163685317d7cff45c40b0f7bd9bd4d9e7,27207 2 27461 6 27714 11 27969 13 28223 17 28478 19 28734 20 28990 20 29246 20 29502 20 29758 20 30014 20 30270 20 30526 19 30783 17 31040 16 31297 14 31554 11 31811 8 32068 5
a9d884ba0929dac87c2052ce5b15034163685317d7cff45c40b0f7bd9bd4d9e7,60284 2 60533 12 60787 15 61042 17 61298 18 61554 19 61809 21 62065 21 62321 21 62577 21 62833 22 63089 22 63346 21 63604 19 63862 16 64120 13 64378 11 64636 8 64893 5
a9d884ba0929dac87c2052ce5b15034163685317d7cff45c40b0f7bd9bd4d9e7,19276 3 19531 6 19786 8 20041 10 20296 11 20552 11 20808 12 21064 12 21320 12 21576 11 21833 10 22090 8 22348 5
a9d884ba0929dac87c2052ce5b15034163685317d7cff45c40b0f7bd9bd4d9e7,39336 5 39590 10 39844 13 40099 14 40354 16 40609 18 40865 19 41121 19 41377 20 41633 21 41889 21 42145 22 42401 22 42658 21 42914 21 43171 19 43428 17 43685 15 43942 13 44199 10 44457 7 44714 5
