aa47f0b303b1d525b52452ae3a8553b2d61d719a28aee547e2ef1fc6730a078f,5900 5 6155 7 6410 8 6666 8 6922 8 7178 8 7434 9 7691 8 7950 4
aa47f0b303b1d525b52452ae3a8553b2d61d719a28aee547e2ef1fc6730a078f,62066 3 62321 5 62577 5 62833 5 63090 3
aa47f0b303b1d525b52452ae3a8553b2d61d719a28aee547e2ef1fc6730a078f,251 6 506 7 761 8 1016 9 1272 9 1527 10 1783 10 2039 10 2295 10 2551 10 2807 10 3063 10 3319 10 3576 9 3833 8 4093 4
aa47f0b303b1d525b52452ae3a8553b2d61d719a28aee547e2ef1fc6730a078f,47948 12 48203 14 48457 17 48712 19 48968 20 49224 20 49479 21 49735 21 49991 21 50248 20 50504 20 50760 20 51017 19 51274 18 51530 18 51786 17 52043 15 52302 10
aa47f0b303b1d525b52452ae3a8553b2d61d719a28aee547e2ef1fc6730a078f,15408 3 15663 5 15919 5 16175 5 16432 3
aa47f0b303b1d525b52452ae3a8553b2d61d719a28aee547e2ef1fc6730a078f,63973 8 64226 14 64481 16 64736 17 64991 18 65246 20 65502 20
aa47f0b303b1d525b52452ae3a8553b2d61d719a28aee547e2ef1fc6730a078f,31992 8 32245 12 32499 14 32753 16 33008 17 33263 18 33518 19 33774 19 34029 20 34285 20 34541 20 34797 20 35053 20 35309 20 35565 20 35821 20 36077 20 36334 19 36590 19 36847 18 37103 18 37360 17 37617 16 37874 15 38132 11 38391 5
aa47f0b303b1d525b52452ae3a8553b2d61d719a28aee547e2ef1fc6730a078f,5394 8 5649 10 5905 11 6162 11 6418 12 6674 13 6930 13 7186 14 7443 13 7700 12 7957 11 8214 10 8471 9 8728 7
aa47f0b303b1d525b52452ae3a8553b2d61d719a28aee547e2ef1fc6730a078f,62700 3 62955 5 63211 5 63467 5 63724 3
aa47f0b303b1d525b52452ae3a8553b2d61d719a28aee547e2ef1fc6730a078f,41071 3 41326 5 41582 5 41838 5 42094 5 42350 5 42607 3
aa47f0b303b1d525b52452ae3a8553b2d61d719a28aee547e2ef1fc6730a078f,61379 5 61632 11 61887 14 62141 17 62396 19 62652 20 62907 22 63162 23 63418 24 63674 24 63929 25 64185 25 64441 25 64697 25 64953 25 65209 25 65465 25
aa47f0b303b1d525b52452ae3a8553b2d61d719a28aee547e2ef1fc6730a078f,50154 3 50409 5 50665 5 50921 5 51178 3
aa47f0b303b1d525b52452ae3a8553b2d61d719a28aee547e2ef1fc6730a078f,8963 5 9218 8 9473 10 9729 11 9985 12 10241 13 10497 13 10753 14 11009 15 11265 15 11521 15 11777 15 12033 15 12289 15 12545 15 12801 15 13057 15 13313 15 13569 15 13825 14 14081 13 14337 12 14593 10 14850 8
aa47f0b303b1d525b52452ae3a8553b2d61d719a28aee547e2ef1fc6730a078f,13087 7 13341 12 13596 14 13850 17 14105 19 14360 20 14616 21 14872 21 15128 22 15384 22 15640 23 15896 23 16152 23 16408 23 16664 22 16921 20 17179 17 17436 16 17693 14 17950 11 18211 4
aa47f0b303b1d525b52452ae3a8553b2d61d719a28aee547e2ef1fc6730a078f,41576 4 41820 17 42072 21 42327 22 42582 24 42838 25 43094 25 43350 25 43606 26 43862 26 44118 26 44374 26 44631 25 44887 25 45143 25 45399 25 45655 25 45912 24 46169 23 46426 22 46683 20 46942 16 47199 14 47456 11 47714 6
aa47f0b303b1d525b52452ae3a8553b2d61d719a28aee547e2ef1fc6730a078f,51427 5 51681 8 51935 11 52189 14 52442 19 52697 21 52953 21 53208 22 53464 23 53720 23 53976 23 54232 23 54487 25 54743 25 54999 24 55255 23 55511 23 55768 22 56024 23 56280 23 56536 22 56793 21 57049 20 57306 18 57566 9 57824 6 58082 2
aa47f0b303b1d525b52452ae3a8553b2d61d719a28aee547e2ef1fc6730a078f,8206 6 8460 9 8715 11 8971 12 9227 13 9483 14 9740 16 9997 16 10254 15 10510 15 10767 13 11024 8
aa47f0b303b1d525b52452ae3a8553b2d61d719a28aee547e2ef1fc6730a078f,64574 7 64826 13 65080 16 65335 18
aa47f0b303b1d525b52452ae3a8553b2d61d719a28aee547e2ef1fc6730a078f,38727 3 38982 5 39238 5 39494 5 39751 3
aa47f0b303b1d525b52452ae3a8553b2d61d719a28aee547e2ef1fc6730a078f,54584 3 54839 6 55094 8 55348 11 55601 15 55856 16 56112 17 56368 18 56624 18 56880 18 57135 20 57391 20 57647 20 57903 20 58159 20 58415 20 58671 20 58927 19 59184 18 59441 17 59697 17 59953 16 60210 15 60468 13 60727 9
aa47f0b303b1d525b52452ae3a8553b2d61d719a28aee547e2ef1fc6730a078f,49707 5 49962 8 50212 15 50467 17 50722 19 50977 21 51232 23 51488 23 51744 23 52000 23 52256 23 52512 23 52768 22 53025 20 53282 19 53539 17 53799 12 54058 8 54315 5
aa47f0b303b1d525b52452ae3a8553b2d61d719a28aee547e2ef1fc6730a078f,56153 3 56408 5 56663 6 56919 7 56930 10 57175 23 57430 25 57686 26 57942 26 58198 26 58454 26 58711 25 58967 25 59223 25 59479 25 59736 25 59992 25 60249 8 60261 11 60510 2 60518 10 60774 9 61030 9 61287 7
aa47f0b303b1d525b52452ae3a8553b2d61d719a28aee547e2ef1fc6730a078f,54915 7 55170 12 55426 13 55682 14 55937 16 56192 17 56447 18 56703 19 56959 20 57215 20 57470 21 57726 21 57982 21 58238 21 58494 21 58750 21 59006 21 59263 20 59520 19 59777 18 60033 18 60290 17 60547 15 60803 14 61060 12 61319 8 61576 4
aa47f0b303b1d525b52452ae3a8553b2d61d719a28aee547e2ef1fc6730a078f,48125 2 48379 6 48634 7 48889 8 49144 9 49399 10 49654 11 49909 12 50165 12 50421 12 50677 12 50933 12 51189 12 51445 12 51701 12 51957 12 52214 11 52471 10 52728 9 52985 8 53242 7 53500 4
aa47f0b303b1d525b52452ae3a8553b2d61d719a28aee547e2ef1fc6730a078f,39742 8 39997 11 40252 13 40507 15 40763 15 41019 16 41275 16 41531 16 41787 16 42043 16 42299 16 42555 16 42812 15 43069 13 43326 12 43583 10 43840 8 44097 5 44354 2
aa47f0b303b1d525b52452ae3a8553b2d61d719a28aee547e2ef1fc6730a078f,5368 4 5623 7 5878 10 6133 12 6388 13 6643 14 6899 14 7155 14 7411 14 7667 14 7923 14 8179 14 8435 14 8691 14 8948 13 9204 13 9461 12 9718 11 9975 10 10232 9 10490 7 10748 5
aa47f0b303b1d525b52452ae3a8553b2d61d719a28aee547e2ef1fc6730a078f,45366 7 45620 10 45875 11 46131 12 46386 13 46642 14 46898 14 47154 14 47410 14 47667 13 47923 12 48179 12 48436 10 48694 6
aa47f0b303b1d525b52452ae3a8553b2d61d719a28aee547e2ef1fc6730a078f,55968 3 56223 5 56478 7 56733 8 56988 9 57002 4 57243 10 57258 5 57499 11 57513 7 57755 21 58011 21 58267 21 58523 21 58778 22 59034 22 59291 21 59547 21 59803 21 60059 21 60316 19 60572 19 60829 18 61086 16 61343 14 61601 2
aa47f0b303b1d525b52452ae3a8553b2d61d719a28aee547e2ef1fc6730a078f,40503 3 40758 5 41014 5 41270 5 41527 3
aa47f0b303b1d525b52452ae3a8553b2d61d719a28aee547e2ef1fc6730a078f,6 19 261 20 516 21 772 22 1028 23 1284 23 1540 23 1796 24 2052 24 2309 23 2566 22 2823 21 3079 20 3335 20 3592 19 3850 16 4107 14 4367 8
aa47f0b303b1d525b52452ae3a8553b2d61d719a28aee547e2ef1fc6730a078f,46842 3 47097 5 47353 5 47609 5 47866 3
