aa58ba4512955771b4f9b459cb4e6a8adb71d11cd6cae662ec2df31d688a5fe0,66017 4 66026 3 66272 14 66528 14 66784 14 67040 14 67296 13 67552 12 67808 11 68064 10 68319 9 68575 8 68831 7 69087 6 69344 4
aa58ba4512955771b4f9b459cb4e6a8adb71d11cd6cae662ec2df31d688a5fe0,28158 2 28413 4 28668 5 28923 6 29178 7 29434 7 29690 7 29946 7 30202 7 30458 7 30714 7 30970 7 31225 8 31481 8 31737 8 31993 8 32249 8 32505 8 32761 8 33018 7 33275 6 33531 6 33788 5 34046 3 34303 2 34560 1
aa58ba4512955771b4f9b459cb4e6a8adb71d11cd6cae662ec2df31d688a5fe0,78336 1 78590 3 78845 4 79100 5 79356 5 79612 5 79868 5 80123 6 80378 7 80633 8 80889 8 81145 8 81401 8 81657 8 81913 8
aa58ba4512955771b4f9b459cb4e6a8adb71d11cd6cae662ec2df31d688a5fe0,22965 4 23220 6 23475 13 23730 15 23985 16 24240 17 24496 17 24752 16 25008 16 25264 16 25520 16 25776 16 26032 15 26288 15 26544 16 26800 16 27056 16 27313 15 27569 14 27826 12 28083 11 28340 10 28597 9 28855 6
aa58ba4512955771b4f9b459cb4e6a8adb71d11cd6cae662ec2df31d688a5fe0,35841 3 36097 6 36353 8 36609 12 36865 13 37121 14 37377 14 37633 15 37889 15 38145 16 38401 16 38657 16 38913 16 39169 15 39425 6 39681 4 39937 2
aa58ba4512955771b4f9b459cb4e6a8adb71d11cd6cae662ec2df31d688a5fe0,49378 5 49633 7 49888 8 50144 8 50400 8 50656 8 50912 8 51168 8 51424 8 51681 7 51940 3
aa58ba4512955771b4f9b459cb4e6a8adb71d11cd6cae662ec2df31d688a5fe0,58220 5 58475 7 58730 9 58985 12 59240 17 59495 18 59748 21 60003 22 60258 23 60514 22 60770 22 61025 23 61281 24 61536 25 61791 26 62046 27 62302 26 62558 25 62813 20 63069 17 63325 15 63581 13 63838 11 64094 10 64351 7 64610 3
aa58ba4512955771b4f9b459cb4e6a8adb71d11cd6cae662ec2df31d688a5fe0,71622 4 71877 6 72132 8 72387 10 72642 11 72897 12 73153 13 73408 15 73664 16 73920 17 74176 18 74433 18 74462 5 74689 19 74714 10 74946 35 75202 36 75458 36 75714 37 75970 37 76226 37 76482 36 76738 36 76995 34 77251 34 77508 33 77765 31 78022 29 78297 9 78555 5
aa58ba4512955771b4f9b459cb4e6a8adb71d11cd6cae662ec2df31d688a5fe0,53600 4 53855 7 54110 9 54366 10 54621 12 54875 14 55130 15 55385 16 55640 18 55895 23 56150 27 56406 29 56662 31 56918 32 57174 33 57431 36 57687 37 57944 36 58200 20 58225 11 58456 19 58482 10 58712 18 58739 9 58969 16 58997 6 59225 15 59482 13 59739 9 59999 4
aa58ba4512955771b4f9b459cb4e6a8adb71d11cd6cae662ec2df31d688a5fe0,64449 6 64704 8 64959 10 65214 12 65470 12 65726 12 65981 13 66237 14 66493 14 66749 14 67005 14 67260 16 67516 16 67771 17 68027 17 68283 17 68539 17 68796 16 69052 16 69308 16 69564 16 69820 15 70076 14 70332 11 70588 10 70844 9 71100 9 71356 10 71613 9 71869 8 72126 6 72384 3 72641 1
aa58ba4512955771b4f9b459cb4e6a8adb71d11cd6cae662ec2df31d688a5fe0,16068 3 16323 5 16579 6 16834 8 17089 9 17345 9 17601 9 17857 8 18113 8 18369 7 18626 6 18883 4
aa58ba4512955771b4f9b459cb4e6a8adb71d11cd6cae662ec2df31d688a5fe0,39153 16 39406 19 39661 20 39917 20 40172 21 40428 21 40684 21 40939 22 41195 22 41451 22 41707 22 41963 22 42219 22 42475 22 42731 22 42988 21 43246 18 43506 13 43764 10
aa58ba4512955771b4f9b459cb4e6a8adb71d11cd6cae662ec2df31d688a5fe0,35264 3 35519 7 35774 9 36029 11 36284 12 36539 13 36795 14 37050 16 37306 17 37561 19 37817 20 38073 21 38329 22 38585 23 38841 23 39097 22 39353 22 39609 23 39864 25 40120 25 40376 25 40632 25 40889 24 41148 21 41405 20 41664 17 41921 16 42178 15 42436 13 42694 10
aa58ba4512955771b4f9b459cb4e6a8adb71d11cd6cae662ec2df31d688a5fe0,67126 3 67381 5 67637 5 67893 4 68148 5 68404 4 68660 4 68915 5 69171 5 69426 6 69682 6 69938 6 70194 6 70450 5 70707 2
aa58ba4512955771b4f9b459cb4e6a8adb71d11cd6cae662ec2df31d688a5fe0,17245 6 17500 8 17755 9 18010 11 18265 12 18521 12 18777 12 19033 12 19289 12 19544 12 19800 12 20055 13 20311 13 20566 14 20821 15 21077 14 21333 14 21589 14 21845 13 22100 14 22355 15 22610 15 22865 15 23121 14 23377 13 23632 14 23888 14 24144 14 24399 14 24655 13 24911 12 25167 12 25423 11 25680 10 25937 8 26193 7 26450 5
aa58ba4512955771b4f9b459cb4e6a8adb71d11cd6cae662ec2df31d688a5fe0,49324 14 49577 18 49832 20 50088 21 50343 22 50599 23 50855 23 51112 22 51369 21 51627 20 51884 19 52141 18 52398 17 52655 16 52912 15 53169 14 53426 13 53683 12 53940 11 54196 10 54453 9 54710 7
aa58ba4512955771b4f9b459cb4e6a8adb71d11cd6cae662ec2df31d688a5fe0,67187 7 67441 10 67696 11 67952 11 68207 13 68463 13 68719 13 68975 13 69231 13 69487 13 69743 14 69999 14 70255 14 70512 14 70768 15 71024 16 71280 16 71537 16 71793 17 72050 16 72306 17 72562 17 72818 17 73075 16 73332 14 73588 14 73845 12 74102 10 74360 6
aa58ba4512955771b4f9b459cb4e6a8adb71d11cd6cae662ec2df31d688a5fe0,28909 4 29162 9 29417 11 29673 12 29929 12 30185 13 30441 13 30697 12 30954 11 31215 5
aa58ba4512955771b4f9b459cb4e6a8adb71d11cd6cae662ec2df31d688a5fe0,66705 4 66959 8 67214 10 67470 10 67726 10 67983 9 68240 8 68496 9 68752 9 69009 8 69265 8 69521 8 69778 6
aa58ba4512955771b4f9b459cb4e6a8adb71d11cd6cae662ec2df31d688a5fe0,52687 6 52942 8 53197 10 53449 15 53704 17 53959 19 54214 20 54470 20 54725 22 54981 22 55237 21 55492 22 55748 22 56003 23 56258 24 56513 26 56769 26 57025 27 57281 27 57537 26 57794 25 58052 22 58310 18 58568 14 58827 10 59087 4
aa58ba4512955771b4f9b459cb4e6a8adb71d11cd6cae662ec2df31d688a5fe0,109 18 364 19 620 18 876 18 1131 18 1386 19 1641 20 1897 20 2153 19 2409 19 2664 20 2920 20 3175 20 3431 19 3686 20 3942 19 4197 19 4452 20 4708 20 4964 20 5220 20 5475 20 5731 19 5987 19 6243 18 6499 17 6755 17 7011 17 7267 17 7522 17 7778 16 8034 16 8289 17 8544 18 8800 17 9056 12 9313 5
aa58ba4512955771b4f9b459cb4e6a8adb71d11cd6cae662ec2df31d688a5fe0,67463 4 67718 8 67973 10 68228 12 68483 13 68738 14 68994 15 69250 15 69506 15 69762 16 70019 17 70276 16 70533 14 70790 13 71047 11 71304 9 71561 3
aa58ba4512955771b4f9b459cb4e6a8adb71d11cd6cae662ec2df31d688a5fe0,58401 6 58656 8 58912 8 59168 8 59424 8 59680 8 59936 8 60192 8 60448 8 60704 8 60960 8 61215 9 61471 9 61727 9 61983 8 62239 8 62495 8 62751 7 63006 8 63262 8 63517 9 63773 9 64029 9 64285 9 64541 9 64797 9 65052 10 65308 9 65563 10 65818 11 66074 11 66330 11 66586 11 66842 11 67097 11 67353 10 67610 6 67867 4
aa58ba4512955771b4f9b459cb4e6a8adb71d11cd6cae662ec2df31d688a5fe0,12220 3 12475 5 12730 6 12985 7 13240 9 13495 16 13750 18 14005 19 14261 19 14517 18 14774 3 14782 3
aa58ba4512955771b4f9b459cb4e6a8adb71d11cd6cae662ec2df31d688a5fe0,18823 4 19076 10 19331 12 19586 14 19841 16 20097 17 20352 18 20608 19 20863 20 21118 21 21374 21 21629 23 21884 24 22140 24 22395 25 22651 25 22907 25 23163 24 23418 25 23674 25 23930 25 24186 24 24442 24 24699 23 24955 22 25211 19 25467 18 25723 17 25979 15 26236 13 26493 12 26750 11 27011 5
aa58ba4512955771b4f9b459cb4e6a8adb71d11cd6cae662ec2df31d688a5fe0,35963 2 36214 9 36467 14 36722 18 36977 22 37233 23 37489 23 37744 24 37999 25 38255 25 38510 26 38766 26 39022 26 39277 28 39533 29 39789 30 40045 31 40301 31 40557 32 40813 32 41070 31 41326 31 41581 32 41835 33 42090 32 42346 31 42602 30 42859 29 43122 21 43384 14
aa58ba4512955771b4f9b459cb4e6a8adb71d11cd6cae662ec2df31d688a5fe0,52890 3 53145 5 53401 7 53657 8 53913 9 54169 9 54425 9 54681 10 54937 10 55193 11 55449 11 55705 11 55961 11 56217 12 56472 13 56726 16 56981 17 57237 17 57492 18 57747 20 58003 20 58259 20 58516 18 58774 16 59032 13 59289 11 59546 8 59805 4
aa58ba4512955771b4f9b459cb4e6a8adb71d11cd6cae662ec2df31d688a5fe0,70901 3 71153 12 71408 15 71663 17 71919 18 72174 19 72430 19 72685 20 72941 20 73197 20 73453 20 73709 20 73965 20 74222 19 74478 19 74734 19 74990 19 75246 19 75503 18 75759 17 76015 16 76271 12 76528 8
aa58ba4512955771b4f9b459cb4e6a8adb71d11cd6cae662ec2df31d688a5fe0,76188 7 76440 18 76695 21 76950 25 77205 28 77460 30 77716 31 77971 33 78227 34 78483 35 78739 36 78995 37 79251 38 79508 38 79764 39 80021 38 80279 37 80538 34 80795 33 81054 29 81311 27 81568 25 81825 23
aa58ba4512955771b4f9b459cb4e6a8adb71d11cd6cae662ec2df31d688a5fe0,37332 10 37587 12 37842 13 38097 14 38352 16 38608 16 38864 17 39119 18 39375 18 39632 17 39889 17 40147 15 40404 14 40660 13 40916 13 41172 12 41429 10 41687 6
aa58ba4512955771b4f9b459cb4e6a8adb71d11cd6cae662ec2df31d688a5fe0,14052 4 14307 6 14562 7 14816 9 15071 9 15326 8 15580 9 15827 17 16082 17 16338 15 16594 14 16851 10
aa58ba4512955771b4f9b459cb4e6a8adb71d11cd6cae662ec2df31d688a5fe0,21237 4 21492 6 21747 8 22003 9 22259 9 22515 10 22771 10 23018 4 23026 12 23273 21 23529 21 23785 21 24041 21 24296 23 24552 23 24809 22 25066 21 25323 21 25579 21 25836 20 26093 19 26350 18 26607 17 26864 16 27121 15 27380 12 27637 11 27893 11 28150 8 28408 5 28665 3 28922 1
aa58ba4512955771b4f9b459cb4e6a8adb71d11cd6cae662ec2df31d688a5fe0,65954 4 65961 3 66209 12 66465 12 66721 12 66977 12 67232 13 67488 13 67744 12 68001 10
aa58ba4512955771b4f9b459cb4e6a8adb71d11cd6cae662ec2df31d688a5fe0,49155 3 49162 2 49409 14 49665 17 49921 25 50177 28 50433 32 50689 33 50945 34 51202 33 51459 32 51716 31 51973 30 52230 29 52491 24 52749 22 53007 19 53265 16 53523 14 53782 10 54039 7 54297 4
aa58ba4512955771b4f9b459cb4e6a8adb71d11cd6cae662ec2df31d688a5fe0,45952 5 46207 7 46463 11 46719 14 46975 15 47231 15 47487 15 47742 16 47997 17 48252 18 48507 19 48763 19 49019 19 49275 19 49531 18 49786 18 50042 17 50298 14 50553 14 50808 15 51063 15 51318 16 51574 16 51830 15 52086 14 52343 10
aa58ba4512955771b4f9b459cb4e6a8adb71d11cd6cae662ec2df31d688a5fe0,155 22 411 21 668 19 925 17 1181 15 1438 13 1697 9 1954 7 2211 5
aa58ba4512955771b4f9b459cb4e6a8adb71d11cd6cae662ec2df31d688a5fe0,46576 3 46831 5 47087 6 47342 7 47594 11 47849 12 48104 13 48360 13 48616 12 48873 10 49129 8 49386 5
aa58ba4512955771b4f9b459cb4e6a8adb71d11cd6cae662ec2df31d688a5fe0,42672 3 42927 7 43183 9 43439 10 43694 11 43949 12 44205 12 44461 12 44717 12 44973 12 45229 12 45485 12 45741 12 45997 12 46253 12 46510 11 46766 10 47023 9 47279 8 47535 6 47791 5 48048 3
aa58ba4512955771b4f9b459cb4e6a8adb71d11cd6cae662ec2df31d688a5fe0,33697 7 33952 9 34208 10 34464 10 34720 11 34976 11 35232 11 35487 12 35743 13 35999 13 36255 13 36511 13 36767 14 37023 15 37279 21 37535 23 37791 24 38048 23 38305 22 38562 21 38820 18 39078 16 39335 14 39594 9 39852 5
aa58ba4512955771b4f9b459cb4e6a8adb71d11cd6cae662ec2df31d688a5fe0,9824 3 10079 5 10088 7 10334 18 10589 19 10845 20 11101 20 11357 20 11613 21 11869 21 12125 21 12381 21 12637 21 12893 21 13149 21 13405 21 13662 20 13919 19 14176 19 14432 19 14689 18 14947 15 15205 9 15462 7
aa58ba4512955771b4f9b459cb4e6a8adb71d11cd6cae662ec2df31d688a5fe0,41127 4 41381 7 41636 9 41892 9 42147 10 42402 11 42657 12 42913 12 43169 11 43425 11 43681 11 43937 10 44193 9 44450 8 44706 7 44962 7 45219 6 45475 5 45732 3
aa58ba4512955771b4f9b459cb4e6a8adb71d11cd6cae662ec2df31d688a5fe0,22728 8 22983 10 23238 12 23494 12 23750 13 24006 14 24263 13 24520 12 24776 12 25032 12 25288 11 25545 10 25801 10 26058 8 26314 7 26571 5
aa58ba4512955771b4f9b459cb4e6a8adb71d11cd6cae662ec2df31d688a5fe0,15098 7 15353 8 15608 9 15863 10 16118 11 16374 11 16629 12 16885 12 17141 12 17397 12 17654 11 17911 10 18168 9 18425 8 18682 7 18939 6
aa58ba4512955771b4f9b459cb4e6a8adb71d11cd6cae662ec2df31d688a5fe0,9432 7 9687 12 9942 14 10197 15 10453 15 10708 16 10964 16 11220 15 11476 15 11731 16 11987 16 12243 16 12499 16 12755 16 13011 16 13267 15 13523 15 13780 14 14037 12 14294 9 14552 6 14809 4
aa58ba4512955771b4f9b459cb4e6a8adb71d11cd6cae662ec2df31d688a5fe0,197 27 452 28 708 28 963 29 1219 28 1474 29 1730 28 1986 27 2242 27 2498 26 2755 23 3011 20 3268 17 3526 14 3784 12 4042 9 4301 3
aa58ba4512955771b4f9b459cb4e6a8adb71d11cd6cae662ec2df31d688a5fe0,50416 10 50671 12 50926 14 51181 15 51436 16 51692 17 51948 17 52204 17 52460 17 52716 18 52972 18 53228 18 53484 17 53741 15 53998 13 54254 12 54510 12 54767 10 55026 4
aa58ba4512955771b4f9b459cb4e6a8adb71d11cd6cae662ec2df31d688a5fe0,15286 8 15540 11 15795 12 16051 13 16307 13 16563 13 16819 12 17075 11 17331 11 17588 9 17845 7 18102 6 18359 5 18616 3
aa58ba4512955771b4f9b459cb4e6a8adb71d11cd6cae662ec2df31d688a5fe0,72473 8 72728 10 72983 11 73239 10 73494 11 73750 11 74006 11 74262 11 74518 11 74774 11 75030 11 75286 11 75542 11 75798 10 76054 10 76310 9 76566 8 76822 7 77079 3
aa58ba4512955771b4f9b459cb4e6a8adb71d11cd6cae662ec2df31d688a5fe0,68201 4 68456 6 68709 10 68964 11 69218 13 69473 14 69728 15 69983 16 70239 16 70494 18 70749 19 71004 20 71260 20 71516 21 71771 22 72027 23 72283 23 72539 23 72795 23 73052 22 73308 22 73565 21 73822 20 74079 19 74338 16 74595 15 74852 14 75110 11 75370 6
aa58ba4512955771b4f9b459cb4e6a8adb71d11cd6cae662ec2df31d688a5fe0,43162 3 43417 5 43672 6 43927 7 44182 8 44437 9 44693 9 44949 9 45205 9 45461 9 45716 10 45972 10 46228 10 46484 10 46740 10 46996 11 47252 11 47508 11 47764 12 48020 12 48277 11 48538 6 48795 4
aa58ba4512955771b4f9b459cb4e6a8adb71d11cd6cae662ec2df31d688a5fe0,24944 5 25198 10 25453 12 25709 13 25964 14 26220 14 26475 15 26730 17 26985 19 27241 19 27496 20 27751 21 28007 20 28263 20 28519 20 28775 20 29031 20 29288 19 29544 19 29800 18 30056 18 30313 17 30570 17 30827 3 30832 11 31089 9 31346 8 31602 7 31858 6 32115 4 32372 2
aa58ba4512955771b4f9b459cb4e6a8adb71d11cd6cae662ec2df31d688a5fe0,55291 4 55546 7 55801 8 56054 11 56309 12 56564 13 56818 15 57072 17 57327 18 57582 19 57837 20 58092 21 58348 21 58605 20 58861 19 59117 18 59374 17 59631 16 59887 16 60144 15 60401 14 60658 13 60915 11 61174 5
aa58ba4512955771b4f9b459cb4e6a8adb71d11cd6cae662ec2df31d688a5fe0,45886 6 46140 9 46394 11 46649 12 46905 12 47160 13 47414 15 47669 16 47924 17 48179 18 48434 19 48689 19 48944 20 49200 19 49455 20 49710 21 49966 21 50221 22 50476 22 50731 22 50987 21 51243 20 51499 19 51755 17 52011 16 52267 15 52524 13 52781 11 53039 2
