aaa52100fafaa50877e777229cdf6cde7c422f145ff6719449b80631d9a3b0f6,117959 6 118477 11 118995 14 119514 17 120033 19 120553 20 121072 21 121591 23 122111 24 122631 24 123151 25 123671 25 124191 26 124711 26 125231 26 125751 27 126271 27 126792 26 127312 25 127832 25 128352 25 128872 25 129392 24 129913 23 130433 22 130954 21 131474 20 131995 18 132516 15
aaa52100fafaa50877e777229cdf6cde7c422f145ff6719449b80631d9a3b0f6,208328 2 208845 9 209364 11 209883 13 210402 16 210921 18 211440 20 211960 22 212479 24 212999 25 213518 26 214038 27 214558 27 215078 28 215598 28 216118 29 216638 29 217159 29 217679 29 218199 30 218719 30 219239 30 219758 31 220278 31 220798 30 221318 30 221839 29 222359 30 222879 30 223400 29 223921 27 224445 22 224972 14 225493 10 226014 4 226535 2
aaa52100fafaa50877e777229cdf6cde7c422f145ff6719449b80631d9a3b0f6,182869 9 183373 26 183891 29 184410 31 184929 32 185448 34 185967 35 186486 36 187005 37 187525 37 188044 38 188564 38 189084 37 189604 37 190125 35 190645 35 191165 35 191685 35 192206 33 192726 32 193247 30 193768 28 194289 26 194810 24 195332 4 195342 11 195864 8 196385 5
aaa52100fafaa50877e777229cdf6cde7c422f145ff6719449b80631d9a3b0f6,2394 8 2913 11 3430 15 3948 18 4467 20 4986 21 5505 23 6024 25 6544 25 7064 26 7583 27 8103 27 8623 27 9143 27 9663 27 10182 28 10703 27 11223 27 11743 27 12264 26 12784 26 13304 26 13824 26 14344 25 14864 25 15384 25 15904 24 16424 24 16944 23 17465 22 17985 21 18505 21 19024 21 19544 21 20064 20 20584 20 21104 19 21624 19 22145 17 22666 15 23188 12 23709 10 24231 6
aaa52100fafaa50877e777229cdf6cde7c422f145ff6719449b80631d9a3b0f6,247599 6 248117 10 248635 13 249154 14 249673 16 250191 18 250710 19 251229 21 251748 22 252267 23 252787 23 253306 24 253825 24 254345 24 254864 25 255383 26 255903 26 256423 26 256942 27 257462 26 257982 26 258502 26 259022 25 259542 25 260062 24 260582 24 261103 22 261623 22 262143 21 262664 19 263185 17 263706 15 264227 13 264749 8
aaa52100fafaa50877e777229cdf6cde7c422f145ff6719449b80631d9a3b0f6,123749 12 124267 14 124785 16 125303 18 125822 19 126341 20 126861 20 127380 21 127900 21 128420 21 128939 22 129459 22 129979 22 130499 22 131019 22 131539 22 132060 21 132581 20 133102 19 133624 17 134146 15
aaa52100fafaa50877e777229cdf6cde7c422f145ff6719449b80631d9a3b0f6,45841 8 46359 22 46878 26 47397 29 47915 32 48434 34 48954 35 49473 37 49993 37 50512 37 51032 37 51551 37 52071 37 52591 37 53111 36 53631 35 54151 34 54671 33 55191 31 55712 28 56233 19 56754 14 57280 5
aaa52100fafaa50877e777229cdf6cde7c422f145ff6719449b80631d9a3b0f6,119980 12 120499 14 121018 15 121538 16 122057 17 122577 17 123096 19 123615 20 124135 20 124654 22 125174 22 125694 22 126214 22 126734 21 127255 20 127777 17 128298 15 128819 13 129341 8 129862 4
aaa52100fafaa50877e777229cdf6cde7c422f145ff6719449b80631d9a3b0f6,62861 3 63378 9 63895 16 64414 18 64933 20 65452 21 65971 23 66490 24 67010 24 67530 24 68049 25 68569 25 69089 25 69608 26 70128 26 70648 26 71168 26 71688 25 72208 25 72728 25 73248 24 73768 24 74289 22 74810 21 75331 19 75852 18 76372 17 76892 17 77413 15 77934 13 78455 12 78976 10 79497 7 80018 5
aaa52100fafaa50877e777229cdf6cde7c422f145ff6719449b80631d9a3b0f6,152209 7 152727 10 153244 14 153260 2 153763 21 154281 24 154800 26 155316 30 155835 31 156354 32 156874 32 157394 32 157914 32 158434 31 158953 31 159473 30 159993 29 160513 28 161033 27 161553 26 162073 25 162594 23 163114 22 163635 20 164155 19 164676 16 165196 14 165717 11 166238 8 166759 5
aaa52100fafaa50877e777229cdf6cde7c422f145ff6719449b80631d9a3b0f6,125925 12 126444 15 126964 16 127484 18 128004 20 128523 22 129042 24 129562 24 130082 25 130602 26 131122 27 131642 28 132162 29 132683 28 133204 27 133724 28 134244 29 134765 28 135285 28 135806 28 136327 27 136847 26 137368 25 137889 24 138410 22 138931 21 139453 18 139974 16 140496 12
aaa52100fafaa50877e777229cdf6cde7c422f145ff6719449b80631d9a3b0f6,324858 1 325378 3 325898 3 326417 4 326937 5 327457 5
aaa52100fafaa50877e777229cdf6cde7c422f145ff6719449b80631d9a3b0f6,67123 5 67642 9 68160 15 68678 20 69196 24 69714 26 69743 1 70233 28 70264 1 70751 33 71269 36 71787 39 72307 40 72827 40 73347 40 73867 40 74386 41 74906 41 75426 41 75946 40 76466 38 76985 38 77505 37 78025 36 78545 35 79065 34 79584 32 80106 27 80627 24 81147 20 81668 17 82188 14 82709 9 83230 5 83750 2
aaa52100fafaa50877e777229cdf6cde7c422f145ff6719449b80631d9a3b0f6,20390 15 20906 21 21423 28 21942 31 22461 34 22980 37 23499 41 24018 43 24538 45 25058 46 25578 47 26098 48 26618 49 27139 49 27660 48 28181 48 28701 48 29222 47 29744 45 30267 42 30789 40 31311 38 31834 34 32358 28 32881 23 33407 16
aaa52100fafaa50877e777229cdf6cde7c422f145ff6719449b80631d9a3b0f6,270047 8 270565 12 271084 14 271602 17 272121 19 272640 20 273160 21 273679 22 274198 23 274718 24 275237 25 275757 25 276276 26 276796 26 277316 25 277836 25 278356 25 278876 25 279396 24 279917 23 280437 22 280957 21 281477 21 281997 20 282517 19 283038 17 283558 16 284079 12 284600 10 285122 3
aaa52100fafaa50877e777229cdf6cde7c422f145ff6719449b80631d9a3b0f6,164841 3 165361 4 165881 5 166401 6 166921 6 167441 6 167961 7 168481 7 169001 7 169521 7 170041 7 170561 7 171081 7 171601 7 172121 7 172641 7 173161 7 173681 6 174201 5 174721 4 175241 3
aaa52100fafaa50877e777229cdf6cde7c422f145ff6719449b80631d9a3b0f6,278311 2 278830 16 279350 17 279870 18 280390 19 280909 21 281429 22 281948 25 282467 29 282986 31 283506 32 284026 33 284547 32 285067 33 285587 33 286108 32 286629 32 287150 31 287671 30 288193 28 288714 27 289234 27 289755 26 290276 25 290797 23 291318 22 291838 22 292359 21 292880 20 293401 18 293922 14 294442 11 294963 8 295484 4
aaa52100fafaa50877e777229cdf6cde7c422f145ff6719449b80631d9a3b0f6,7782 2 8299 14 8816 19 9335 21 9854 23 10373 25 10893 25 11412 26 11931 28 12451 28 12970 30 13489 32 14009 32 14529 32 15048 33 15568 33 16088 33 16608 33 17128 33 17648 33 18168 33 18688 33 19208 33 19728 32 20248 31 20768 31 21289 30 21809 30 22330 28 22850 28 23370 27 23891 25 24412 24 24932 23 25452 22 25973 21 26494 19 27015 17 27536 15 28057 13 28578 11 29100 6
aaa52100fafaa50877e777229cdf6cde7c422f145ff6719449b80631d9a3b0f6,150742 9 151260 12 151779 14 152297 16 152815 18 153331 23 153848 26 154366 28 154885 28 155404 29 155924 29 156444 29 156963 30 157483 30 158003 29 158523 28 159043 28 159563 28 160083 27 160604 25 161124 24 161645 22 162165 20 162686 17 163207 10 163729 5
aaa52100fafaa50877e777229cdf6cde7c422f145ff6719449b80631d9a3b0f6,175448 4 175949 9 175966 9 176468 11 176485 11 176987 13 177003 13 177506 30 178025 30 178544 31 179064 30 179583 31 180103 31 180623 30 181143 29 181663 28 182183 27 182704 25 183225 23 183745 23 184265 22 184784 23 185304 23 185823 24 186343 23 186863 23 187383 23 187903 22 188424 21 188946 2 188950 14
aaa52100fafaa50877e777229cdf6cde7c422f145ff6719449b80631d9a3b0f6,34756 6 35275 8 35794 9 36313 10 36830 13 37349 13 37868 15 38388 15 38908 15 39428 14 39948 13 40469 11
aaa52100fafaa50877e777229cdf6cde7c422f145ff6719449b80631d9a3b0f6,236361 5 236878 10 237397 13 237916 16 238435 18 238954 20 239474 21 239993 23 240513 24 241032 25 241552 26 242072 27 242592 27 243112 28 243632 28 244152 29 244672 29 245193 28 245713 28 246234 27 246754 27 247274 27 247794 27 248315 25 248835 25 249355 25 249875 25 250396 24 250916 24 251437 23 251957 22 252478 20 252999 18 253520 17 254041 15 254564 8
aaa52100fafaa50877e777229cdf6cde7c422f145ff6719449b80631d9a3b0f6,163373 11 163892 14 164411 17 164926 24 165444 27 165963 28 166482 30 167001 31 167520 32 168039 33 168558 34 169077 34 169596 35 170116 34 170636 34 171155 34 171674 34 172194 34 172714 33 173233 33 173753 32 174273 32 174793 31 175313 30 175833 29 176353 28 176873 27 177393 26 177913 25 178434 23 178955 21 179476 18 179998 14 180521 9
aaa52100fafaa50877e777229cdf6cde7c422f145ff6719449b80631d9a3b0f6,120347 7 120866 9 121386 11 121905 13 122425 14 122945 14 123464 15 123984 16 124504 18 125024 19 125544 23 126064 27 126585 28 127105 29 127625 30 128146 29 128666 29 129187 28 129708 27 130228 27 130749 25 131270 23 131792 19 132316 13 132837 10
aaa52100fafaa50877e777229cdf6cde7c422f145ff6719449b80631d9a3b0f6,333540 8 334055 15 334572 21 335090 27 335609 31 336125 38 336644 40 337162 42 337681 43 338200 44 338719 45 339239 45 339759 45 340279 45 340799 45 341319 45 341839 45 342360 44 342881 42 343402 40 343923 38 344444 35 344968 30 345495 22 346017 18 346540 14 347062 10
aaa52100fafaa50877e777229cdf6cde7c422f145ff6719449b80631d9a3b0f6,168433 5 168949 14 169467 18 169985 21 170504 23 171022 26 171541 27 172060 29 172577 32 173096 32 173615 33 174134 34 174653 34 175173 33 175692 32 176212 30 176732 28 177252 27 177772 26 178292 25 178812 24 179332 23 179852 22 180373 20 180894 18 181415 15 181936 12
aaa52100fafaa50877e777229cdf6cde7c422f145ff6719449b80631d9a3b0f6,284809 2 285324 2 285328 4 285842 16 286361 21 286881 22 287401 24 287921 25 288441 25 288961 25 289481 26 290000 27 290520 28 291040 28 291560 28 292080 29 292601 28 293122 27 293643 25 294164 24 294684 24 295205 22 295726 21 296247 19 296768 17 297290 14 297812 11 298334 6
aaa52100fafaa50877e777229cdf6cde7c422f145ff6719449b80631d9a3b0f6,39534 12 40053 16 40570 22 41089 25 41608 27 42127 29 42646 31 43165 33 43684 35 44203 36 44723 36 45243 37 45762 38 46281 39 46801 39 47321 39 47841 40 48363 38 48884 37 49404 37 49924 36 50444 36 50964 36 51485 35 52006 33 52527 32 53047 31 53568 30 54090 28 54612 25 55133 23 55655 19 56177 16 56703 8
aaa52100fafaa50877e777229cdf6cde7c422f145ff6719449b80631d9a3b0f6,56360 4 56878 9 57397 11 57916 14 58435 17 58954 20 59473 22 59992 24 60511 26 61030 28 61550 29 62069 31 62589 31 63109 32 63628 33 64148 33 64668 34 65188 34 65707 35 66227 35 66747 35 67268 33 67788 33 68308 33 68829 32 69350 30 69872 28 70394 25 70916 22 71438 19 71961 14 72485 8
aaa52100fafaa50877e777229cdf6cde7c422f145ff6719449b80631d9a3b0f6,146610 2 147128 6 147646 9 148165 11 148684 13 149203 14 149722 15 150241 16 150760 17 151280 17 151800 17 152320 17 152839 18 153359 18 153878 19 154397 21 154917 21 155437 21 155957 22 156477 22 156996 24 157516 24 158036 25 158557 24 159077 25 159597 25 160117 25 160638 24 161159 22 161680 20 162201 18 162723 14 163251 4
aaa52100fafaa50877e777229cdf6cde7c422f145ff6719449b80631d9a3b0f6,300169 5 300686 10 301204 13 301723 14 302242 15 302761 17 303280 19 303799 21 304318 23 304837 24 305357 25 305878 24 306398 24 306919 23 307440 23 307960 23 308481 22 309002 21 309523 20 310044 19 310564 19 311084 18 311604 18 312124 17 312644 16 313164 15 313684 14 314205 12 314725 10 315246 8 315767 4
aaa52100fafaa50877e777229cdf6cde7c422f145ff6719449b80631d9a3b0f6,152785 9 153304 11 153823 13 154342 14 154861 16 155380 17 155900 17 156419 18 156939 18 157459 19 157979 20 158498 22 159018 23 159539 22 160059 22 160580 21 161101 20 161623 17 162144 16 162665 14 163186 12 163707 10 164228 5 164749 2
aaa52100fafaa50877e777229cdf6cde7c422f145ff6719449b80631d9a3b0f6,95795 6 96314 12 96833 15 97352 17 97871 19 98391 20 98911 21 99431 22 99951 23 100472 22 100992 23 101512 24 102032 24 102552 24 103072 24 103592 24 104113 24 104633 24 105153 24 105674 23 106194 23 106715 22 107235 22 107756 21 108277 20 108798 19 109318 19 109839 17 110360 16 110881 14 111404 10
aaa52100fafaa50877e777229cdf6cde7c422f145ff6719449b80631d9a3b0f6,99325 6 99841 11 100361 11 100881 11 101401 11 101921 11 102441 10 102961 10 103481 10 104001 10 104521 10 105041 10 105561 9 106081 9 106601 8 107121 7 107641 6
aaa52100fafaa50877e777229cdf6cde7c422f145ff6719449b80631d9a3b0f6,356 16 875 17 1394 19 1913 20 2433 20 2952 21 3472 21 3991 23 4511 23 5030 24 5550 24 6069 25 6589 25 7109 25 7629 25 8148 26 8668 26 9188 25 9708 24 10228 23 10748 22 11268 21 11788 15 12309 11 12829 9 13350 6 13872 3
aaa52100fafaa50877e777229cdf6cde7c422f145ff6719449b80631d9a3b0f6,274452 7 274969 11 275487 14 276006 16 276525 18 277044 19 277563 21 278083 22 278602 23 279121 24 279641 24 280160 25 280680 25 281200 25 281720 25 282240 24 282760 23 283280 22 283800 20 284321 17 284843 13 285365 5
aaa52100fafaa50877e777229cdf6cde7c422f145ff6719449b80631d9a3b0f6,56841 3 57358 14 57876 17 58395 19 58912 22 59431 23 59951 23 60470 24 60990 24 61509 25 62029 25 62548 26 63068 26 63588 26 64108 26 64628 25 65148 25 65668 24 66188 24 66708 23 67229 21 67749 20 68269 19 68789 17 69309 16 69830 13 70351 11 70873 7
aaa52100fafaa50877e777229cdf6cde7c422f145ff6719449b80631d9a3b0f6,59687 8 60204 12 60722 15 61241 17 61759 20 62278 21 62797 22 63316 24 63835 25 64355 26 64874 27 65393 28 65913 28 66432 29 66952 28 67471 29 67991 29 68511 28 69031 28 69550 28 70070 27 70590 26 71110 26 71630 23 72151 20 72671 19 73192 16 73712 14 74233 11 74755 7
aaa52100fafaa50877e777229cdf6cde7c422f145ff6719449b80631d9a3b0f6,285496 2 286015 5 286535 7 287055 8 287574 11 288094 13 288613 16 289133 18 289653 19 290172 21 290692 22 291211 24 291731 25 292251 26 292770 27 293290 28 293811 28 294332 27 294853 26 295374 25 295896 22 296417 20 296938 19 297459 17 297979 17 298500 15 299021 14 299541 13 300062 12 300582 11 301103 9 301623 9 302144 7 302665 4 303186 2
aaa52100fafaa50877e777229cdf6cde7c422f145ff6719449b80631d9a3b0f6,92373 4 92891 7 93410 10 93929 12 94448 14 94967 16 95487 17 96006 18 96525 19 97044 20 97564 20 98083 21 98602 22 99120 24 99639 25 100159 25 100678 26 101198 26 101717 27 102236 28 102755 29 103274 29 103794 28 104315 26 104835 25 105355 23 105875 20 106396 17 106918 13 107439 10 107959 8 108480 4
aaa52100fafaa50877e777229cdf6cde7c422f145ff6719449b80631d9a3b0f6,190382 6 190897 15 191415 19 191932 24 192451 26 192969 29 193488 30 194007 32 194526 33 195045 35 195565 35 196084 36 196604 36 197124 35 197644 35 198164 34 198684 33 199204 32 199724 31 200244 31 200764 31 201284 30 201805 29 202325 28 202845 27 203366 24 203886 22 204406 21 204927 18 205448 16 205970 11
aaa52100fafaa50877e777229cdf6cde7c422f145ff6719449b80631d9a3b0f6,415 13 935 14 1454 16 1974 16 2493 18 3013 18 3533 19 4053 19 4573 19 5093 19 5613 19 6133 20 6653 20 7173 19 7694 18 8214 18 8734 18 9255 16 9776 14 10297 12 10818 10 11339 8 11861 4
aaa52100fafaa50877e777229cdf6cde7c422f145ff6719449b80631d9a3b0f6,346321 11 346841 11 347361 11 347881 11 348401 12 348921 12 349441 13 349961 14 350481 15 351001 34 351521 34 352041 35 352561 37 353081 38 353601 39 354121 39 354641 39 355161 40 355681 40 356201 40 356721 40 357241 40 357761 39 358281 39 358801 38 359321 36 359841 34 360361 33 360881 31 361401 30
aaa52100fafaa50877e777229cdf6cde7c422f145ff6719449b80631d9a3b0f6,317987 9 318505 14 319023 17 319542 20 320061 22 320580 24 321100 25 321619 26 322139 27 322658 28 323178 28 323698 28 324218 28 324737 29 325257 29 325777 28 326297 28 326817 27 327338 25 327858 24 328378 23 328899 21 329420 19 329941 17 330463 13 330987 3
aaa52100fafaa50877e777229cdf6cde7c422f145ff6719449b80631d9a3b0f6,211796 3 212310 25 212828 29 213347 31 213866 33 214385 35 214904 36 215424 36 215944 36 216464 37 216984 37 217504 37 218025 35 218546 34 219066 33 219586 33 220107 31 220629 29 221150 27 221671 26 222192 24 222713 22 223234 20 223761 11
aaa52100fafaa50877e777229cdf6cde7c422f145ff6719449b80631d9a3b0f6,229340 7 229858 10 230377 12 230895 16 231414 20 231934 21 232454 22 232974 22 233494 23 234015 22 234535 22 235056 22 235576 22 236097 21 236617 22 237138 21 237658 21 238179 21 238700 20 239220 20 239741 20 240261 20 240782 19 241303 19 241824 19 242344 19 242865 18 243386 16 243907 15 244427 15 244948 14 245469 12 245990 11 246511 9 247032 7 247553 4
aaa52100fafaa50877e777229cdf6cde7c422f145ff6719449b80631d9a3b0f6,319442 3 319447 2 319957 14 320476 17 320995 19 321514 21 322032 24 322550 26 323068 28 323587 29 324106 30 324625 31 325144 32 325663 33 326182 34 326702 33 327222 32 327741 32 328260 32 328780 31 329301 29 329822 27 330343 24 330864 20 331386 15
aaa52100fafaa50877e777229cdf6cde7c422f145ff6719449b80631d9a3b0f6,333413 4 333927 13 334446 15 334965 17 335484 19 336003 20 336523 21 337042 22 337561 24 338081 24 338601 25 339122 24 339642 24 340162 24 340683 24 341203 24 341723 23 342244 22 342764 22 343284 22 343805 20 344325 20 344846 18 345367 16 345888 14 346409 12 346930 10 347452 5
aaa52100fafaa50877e777229cdf6cde7c422f145ff6719449b80631d9a3b0f6,135496 8 136013 12 136530 16 137047 20 137566 21 138085 23 138604 24 139123 25 139642 26 140161 27 140681 27 141200 28 141720 28 142240 28 142760 27 143279 28 143799 28 144319 27 144839 27 145359 27 145880 26 146400 26 146920 26 147441 25 147961 25 148481 25 149002 24 149523 22 150044 21 150565 19 151086 17 151608 14 152130 11 152651 8
aaa52100fafaa50877e777229cdf6cde7c422f145ff6719449b80631d9a3b0f6,252159 8 252677 12 253195 15 253714 17 254233 19 254752 20 255272 20 255791 22 256310 25 256829 27 257348 30 257867 32 258387 33 258906 34 259426 35 259946 35 260466 35 260987 34 261507 34 262028 33 262549 33 263070 32 263593 29 264124 19 264646 17 265167 15 265689 13 266210 11 266732 8
aaa52100fafaa50877e777229cdf6cde7c422f145ff6719449b80631d9a3b0f6,344948 20 345465 30 345983 34 346502 36 347021 37 347541 38 348060 40 348580 41 349100 41 349620 41 350140 42 350660 42 351181 41 351701 41 352222 39 352743 38 353264 37 353786 34 354308 31 354832 26 355355 22 355888 5
aaa52100fafaa50877e777229cdf6cde7c422f145ff6719449b80631d9a3b0f6,87247 7 87765 10 88283 13 88802 14 89321 16 89841 17 90361 17 90880 18 91400 18 91919 19 92438 20 92958 20 93477 21 93996 21 94516 21 95035 21 95554 22 96074 21 96593 21 97112 21 97632 19 98153 17 98674 15 99195 11 99717 8
aaa52100fafaa50877e777229cdf6cde7c422f145ff6719449b80631d9a3b0f6,287502 3 288016 13 288534 18 289053 20 289571 22 290089 25 290608 26 291127 28 291646 29 292165 30 292684 31 293203 31 293722 32 294242 32 294761 33 295281 32 295801 31 296320 32 296840 31 297360 30 297880 30 298400 29 298920 28 299440 26 299961 24 300481 23 301002 21 301523 18 302044 15 302566 11 303088 5
aaa52100fafaa50877e777229cdf6cde7c422f145ff6719449b80631d9a3b0f6,189470 14 189988 17 190507 22 191024 28 191540 33 192058 36 192577 37 193097 38 193616 39 194136 38 194656 37 195176 36 195696 33 196217 28 196737 23 197258 19 197780 14 198303 9
aaa52100fafaa50877e777229cdf6cde7c422f145ff6719449b80631d9a3b0f6,2996 2 3511 8 4030 10 4549 11 5069 11 5588 12 6107 13 6627 13 7146 14 7666 13 8185 14 8705 14 9224 15 9744 15 10263 17 10783 17 11302 18 11822 18 12342 19 12862 19 13382 19 13902 19 14422 19 14941 20 15461 19 15981 19 16501 19 17022 18 17542 17 18062 14 18582 13 19103 11 19623 10 20143 9 20664 8 21184 8 21704 8 22224 8 22745 6 23266 4
aaa52100fafaa50877e777229cdf6cde7c422f145ff6719449b80631d9a3b0f6,204123 8 204640 14 205157 19 205675 22 206194 23 206713 25 207232 27 207752 29 208271 31 208791 32 209311 32 209831 32 210351 32 210871 32 211391 31 211911 30 212430 31 212950 30 213470 29 213990 28 214510 26 215030 25 215551 23 216072 21 216593 19 217114 17 217636 14 218157 11
aaa52100fafaa50877e777229cdf6cde7c422f145ff6719449b80631d9a3b0f6,7573 5 8093 6 8611 9 8622 1 9128 10 9139 2 9142 1 9644 15 9660 3 10163 19 10683 20 11203 20 11723 20 12243 21 12762 22 13282 22 13802 22 14322 22 14842 22 15361 23 15881 23 16401 23 16921 23 17442 23 17962 23 18482 23 19002 22 19522 22 20042 22 20562 22 21082 22 21602 22 22122 22 22642 22 23162 22 23682 22 24202 21 24723 20 25245 18 25766 16 26288 13 26810 10 27331 8
aaa52100fafaa50877e777229cdf6cde7c422f145ff6719449b80631d9a3b0f6,223015 3 223022 3 223534 13 224054 14 224574 15 225094 15 225614 16 226133 17 226653 18 227172 20 227692 20 228212 21 228731 22 229251 22 229772 21 230292 21 230812 21 231333 19 231853 19 232374 17 232895 16 233416 14 233937 12 234458 10 234980 7
aaa52100fafaa50877e777229cdf6cde7c422f145ff6719449b80631d9a3b0f6,339576 6 340095 10 340614 13 341134 16 341653 21 342173 23 342692 27 343212 30 343731 33 344251 35 344772 35 345292 35 345812 35 346332 35 346852 35 347372 35 347892 34 348413 32 348933 31 349454 29 349975 27 350496 25 351037 3
aaa52100fafaa50877e777229cdf6cde7c422f145ff6719449b80631d9a3b0f6,76019 6 76539 10 77059 10 77578 11 78098 11 78617 12 79136 14 79654 16 80173 18 80691 21 81210 22 81729 23 82249 23 82769 23 83289 23 83809 23 84329 22 84849 22 85369 22 85889 21 86409 21 86929 20 87449 19 87969 17 88489 16 89010 14 89531 12 90052 10 90575 6
aaa52100fafaa50877e777229cdf6cde7c422f145ff6719449b80631d9a3b0f6,343098 2 343617 4 344135 7 344654 17 345173 19 345692 21 346212 22 346732 23 347251 25 347771 26 348291 26 348811 27 349331 27 349850 29 350369 30 350889 30 351409 30 351929 31 352449 31 352969 31 353490 30 354010 29 354531 28 355051 28 355572 26 356092 25 356613 23 357134 20 357656 17 358177 14 358700 2
aaa52100fafaa50877e777229cdf6cde7c422f145ff6719449b80631d9a3b0f6,64573 8 65092 11 65608 17 66126 22 66645 24 67164 26 67684 27 68204 28 68724 30 69244 31 69764 32 70284 33 70805 33 71325 33 71846 32 72367 31 72887 31 73408 29 73928 29 74449 28 74970 27 75493 24 76025 11
aaa52100fafaa50877e777229cdf6cde7c422f145ff6719449b80631d9a3b0f6,32614 5 33129 13 33648 18 34168 20 34688 21 35208 22 35728 23 36248 24 36768 24 37287 26 37807 26 38328 26 38848 26 39368 26 39887 27 40407 27 40927 26 41448 25 41968 24 42488 24 43008 24 43528 23 44048 23 44568 22 45088 21 45609 20 46129 19 46650 17 47171 14 47693 10
aaa52100fafaa50877e777229cdf6cde7c422f145ff6719449b80631d9a3b0f6,72807 6 73326 8 73846 9 74365 11 74882 15 75401 16 75921 16 76441 17 76961 18 77481 18 78001 19 78521 19 79041 19 79561 19 80081 19 80601 19 81121 19 81641 19 82164 16 82685 14 83205 13 83725 12 84245 11 84766 8 85288 2
aaa52100fafaa50877e777229cdf6cde7c422f145ff6719449b80631d9a3b0f6,126373 7 126892 10 127411 12 127930 15 128449 17 128968 19 129488 20 130008 22 130528 24 131048 25 131569 25 132090 26 132611 26 133132 25 133653 25 134175 23 134696 22 135218 20 135739 19 136260 18 136780 18 137301 17 137822 15 138343 13 138866 9 139388 5
aaa52100fafaa50877e777229cdf6cde7c422f145ff6719449b80631d9a3b0f6,137657 2 138171 10 138689 14 139207 18 139726 20 140244 22 140762 25 141281 26 141800 27 142318 29 142838 29 143358 29 143877 30 144397 29 144916 30 145436 29 145956 29 146476 28 146996 27 147516 24 148037 21 148558 17 149080 13 149601 10 150124 4
aaa52100fafaa50877e777229cdf6cde7c422f145ff6719449b80631d9a3b0f6,4 18 523 20 1043 21 1563 22 2083 23 2603 23 3123 24 3644 24 4164 24 4685 24 5206 24 5727 23 6248 23 6769 22 7290 22 7811 22 8331 22 8851 22 9371 23 9891 23 10411 23 10931 23 11452 22 11972 22 12492 22 13012 21 13533 20 14054 18 14575 16 15096 14 15617 12 16140 6
aaa52100fafaa50877e777229cdf6cde7c422f145ff6719449b80631d9a3b0f6,53839 6 54357 9 54876 11 55395 13 55912 16 56429 19 56948 21 57468 21 57988 21 58508 21 59028 21 59548 21 60068 21 60589 20 61109 20 61629 20 62149 20 62669 20 63188 20 63708 20 64228 19 64748 19 65268 18 65788 17 66308 16 66828 16 67348 15 67869 13 68389 12 68910 10 69431 8 69953 5
aaa52100fafaa50877e777229cdf6cde7c422f145ff6719449b80631d9a3b0f6,152163 7 152681 12 153199 15 153718 17 154237 19 154756 21 155276 21 155795 23 156315 23 156835 23 157355 23 157875 23 158394 24 158914 24 159434 24 159953 25 160473 25 160993 25 161513 25 162032 26 162552 26 163072 25 163592 25 164112 25 164631 26 165151 25 165672 24 166192 23 166712 23 167232 22 167752 21 168273 20 168793 19 169314 17 169835 15 170357 11 170881 3
aaa52100fafaa50877e777229cdf6cde7c422f145ff6719449b80631d9a3b0f6,287451 13 287970 15 288489 17 289008 19 289527 20 290046 21 290565 22 291085 22 291604 23 292124 23 292644 22 293164 22 293683 23 294203 23 294723 23 295242 24 295762 24 296282 23 296802 23 297322 22 297843 21 298363 20 298883 20 299402 21 299922 20 300442 20 300962 20 301483 18 302004 16 302524 15 303044 14 303564 13 304085 11 304606 9 305130 3
aaa52100fafaa50877e777229cdf6cde7c422f145ff6719449b80631d9a3b0f6,267801 6 268321 10 268841 18 269361 20 269881 21 270401 22 270921 23 271441 24 271961 24 272481 24 273001 24 273521 24 274041 23 274561 23 275081 22 275601 22 276121 21 276641 20 277161 18 277681 17 278201 14 278721 11 279241 9 279761 7 280281 6 280801 6 281321 7 281841 7 282361 8 282881 8 283401 9 283921 9 284441 9 284961 9 285481 8 286001 8 286521 8 287042 6 287565 2
aaa52100fafaa50877e777229cdf6cde7c422f145ff6719449b80631d9a3b0f6,189926 5 190444 8 190963 11 191483 12 192002 13 192521 15 193040 16 193559 17 194078 18 194597 19 195117 20 195636 21 196156 22 196675 23 197194 24 197713 25 198232 26 198752 26 199271 27 199790 28 200310 28 200829 28 201349 28 201869 28 202389 27 202910 26 203430 25 203951 23 204472 20 204993 9
aaa52100fafaa50877e777229cdf6cde7c422f145ff6719449b80631d9a3b0f6,80836 7 81355 9 81874 11 82393 13 82411 7 82912 27 83432 28 83952 29 84471 30 84991 30 85511 30 86031 30 86551 30 87071 30 87591 30 88111 30 88632 29 89152 28 89673 26 90193 21 90714 19 91235 17 91757 14 92279 4
aaa52100fafaa50877e777229cdf6cde7c422f145ff6719449b80631d9a3b0f6,139 26 659 27 1179 27 1699 27 2220 26 2741 25 3261 26 3782 25 4302 25 4823 24 5344 23 5865 22 6386 21 6907 20 7428 18 7949 16 8471 13 8997 5
aaa52100fafaa50877e777229cdf6cde7c422f145ff6719449b80631d9a3b0f6,231370 10 231885 16 232403 19 232920 23 233439 25 233958 26 234477 28 234996 29 235516 30 236036 30 236555 32 237075 32 237595 32 238114 33 238634 33 239154 32 239674 32 240195 30 240715 29 241236 28 241756 27 242277 24 242798 3 242816 3
aaa52100fafaa50877e777229cdf6cde7c422f145ff6719449b80631d9a3b0f6,307287 6 307805 9 308324 12 308842 15 309361 16 309878 19 310387 31 310902 36 311421 37 311940 38 312459 39 312979 39 313500 38 314021 37 314541 36 315062 35 315583 33 316105 30 316626 28 317148 24 317673 18 318195 14 318719 8
aaa52100fafaa50877e777229cdf6cde7c422f145ff6719449b80631d9a3b0f6,33537 8 34052 15 34569 19 35088 21 35607 23 36127 24 36646 26 37166 26 37686 26 38206 26 38726 26 39247 25 39767 25 40287 24 40808 22 41328 21 41847 21 42367 21 42887 21 43407 20 43928 19 44448 18 44969 16 45490 14 46011 11 46536 3
aaa52100fafaa50877e777229cdf6cde7c422f145ff6719449b80631d9a3b0f6,248785 2 249304 4 249817 12 250335 16 250854 19 251373 21 251891 24 252410 25 252929 27 253448 28 253967 30 254486 31 255006 31 255525 32 256045 32 256565 32 257085 32 257606 30 258126 30 258646 29 259167 28 259688 26 260209 24 260730 22 261252 19 261774 15 262297 11
aaa52100fafaa50877e777229cdf6cde7c422f145ff6719449b80631d9a3b0f6,78185 12 78703 17 79221 22 79740 25 80260 28 80779 31 81299 33 81819 34 82339 35 82859 36 83379 37 83899 38 84420 37 84941 37 85461 37 85982 36 86504 34 87025 33 87546 32 88068 29 88590 27 89113 23 89635 20 90157 17 90679 14 91202 8
aaa52100fafaa50877e777229cdf6cde7c422f145ff6719449b80631d9a3b0f6,323426 4 323943 10 324461 13 324980 15 325499 17 326018 18 326537 20 327056 21 327575 22 328095 23 328614 24 329133 25 329652 26 330172 25 330691 26 331211 26 331730 27 332249 28 332769 27 333288 28 333807 28 334326 28 334845 29 335365 28 335884 28 336404 28 336924 27 337444 26 337964 25 338484 24 339004 23 339524 22 340044 20 340565 16 341086 14 341607 11 342128 7
aaa52100fafaa50877e777229cdf6cde7c422f145ff6719449b80631d9a3b0f6,127064 8 127579 15 128094 23 128612 26 129130 29 129649 30 130167 33 130685 35 131204 36 131723 37 132242 37 132761 38 133280 38 133800 36 134320 34 134839 32 135359 30 135879 27 136400 24 136920 23 137441 20 137964 15
aaa52100fafaa50877e777229cdf6cde7c422f145ff6719449b80631d9a3b0f6,76763 10 77282 12 77800 14 78318 17 78837 18 79355 20 79874 21 80393 21 80912 22 81431 22 81949 23 82464 27 82982 27 83501 27 84020 27 84539 28 85059 28 85579 28 86099 27 86620 25 87141 23 87662 21 88183 18 88705 6
aaa52100fafaa50877e777229cdf6cde7c422f145ff6719449b80631d9a3b0f6,278711 3 279229 7 279746 11 280264 14 280783 16 281302 17 281821 18 282340 19 282859 20 283378 20 283896 22 284415 23 284934 24 285453 24 285972 24 286492 24 287012 24 287532 24 288052 24 288571 25 289090 25 289610 25 290130 25 290651 23 291172 21 291693 20 292215 17 292737 14 293265 3
aaa52100fafaa50877e777229cdf6cde7c422f145ff6719449b80631d9a3b0f6,161903 10 162420 14 162937 18 163453 23 163971 25 164490 26 165009 27 165527 29 166046 30 166565 30 167085 30 167604 30 168123 30 168643 29 169163 28 169682 29 170202 28 170722 27 171242 26 171762 25 172282 24 172802 23 173322 21 173842 20 174362 19 174883 16 175404 14 175925 11 176447 7
aaa52100fafaa50877e777229cdf6cde7c422f145ff6719449b80631d9a3b0f6,141629 17 142144 23 142659 29 143176 33 143692 37 144211 38 144728 41 145247 42 145766 43 146285 43 146804 44 147324 43 147844 41 148364 40 148884 39 149405 36 149926 34 150447 31 150969 28 151490 26 152012 22 152535 16
aaa52100fafaa50877e777229cdf6cde7c422f145ff6719449b80631d9a3b0f6,357355 8 357873 12 358392 15 358911 20 359430 22 359947 26 360466 27 360985 28 361505 28
aaa52100fafaa50877e777229cdf6cde7c422f145ff6719449b80631d9a3b0f6,293015 6 293532 12 294049 17 294567 20 295086 22 295605 24 296124 26 296643 28 297163 29 297683 30 297715 3 298203 36 298723 36 299243 36 299764 34 300284 33 300804 31 301324 30 301845 29 302365 29 302885 28 303406 27 303927 25 304449 20 304971 17 305495 9
aaa52100fafaa50877e777229cdf6cde7c422f145ff6719449b80631d9a3b0f6,144043 3 144561 10 145081 13 145601 14 146121 17 146641 19 147161 21 147681 23 148201 24 148721 25 149241 26 149761 26 150281 26 150801 26 151321 26 151841 26 152361 25 152881 24 153401 23 153921 20 154441 17 154961 14 155482 11 156004 7 156526 4
aaa52100fafaa50877e777229cdf6cde7c422f145ff6719449b80631d9a3b0f6,103977 11 104495 14 105014 17 105533 20 106052 22 106571 24 107091 25 107611 26 108131 27 108650 28 109170 29 109690 29 110210 29 110730 29 111250 29 111770 30 112291 29 112811 29 113332 28 113852 28 114373 27 114893 26 115414 25 115935 23 116456 21 116977 19 117498 17 118019 14 118542 9
aaa52100fafaa50877e777229cdf6cde7c422f145ff6719449b80631d9a3b0f6,302324 8 302842 11 303361 13 303880 15 304399 16 304918 17 305436 20 305955 21 306473 23 306992 23 307511 24 308030 25 308549 26 309069 25 309588 26 310108 26 310628 26 311148 25 311668 25 312189 23 312710 21 313232 18 313753 16 314274 14 314796 10 315319 6
aaa52100fafaa50877e777229cdf6cde7c422f145ff6719449b80631d9a3b0f6,38284 2 38799 11 39316 16 39834 21 40352 24 40871 26 41390 28 41908 30 42427 31 42946 32 43465 33 43984 34 44503 34 45022 35 45540 37 46058 38 46577 38 47096 39 47616 38 48136 37 48656 36 49176 34 49697 32 50218 30 50741 26 51266 19
aaa52100fafaa50877e777229cdf6cde7c422f145ff6719449b80631d9a3b0f6,95581 8 96100 10 96619 12 97138 13 97657 14 98176 15 98694 17 99212 18 99731 19 100250 20 100767 23 101286 23 101805 24 102323 26 102842 27 103361 27 103881 27 104400 28 104920 27 105440 26 105960 24 106479 22 106999 20 107520 17 108041 14 108562 11 109085 4
aaa52100fafaa50877e777229cdf6cde7c422f145ff6719449b80631d9a3b0f6,46719 3 47236 11 47755 14 48274 16 48794 17 49313 19 49833 20 50353 20 50873 19 51394 17 51915 13
aaa52100fafaa50877e777229cdf6cde7c422f145ff6719449b80631d9a3b0f6,51447 6 51965 11 52484 13 53003 15 53521 18 54040 19 54559 19 55078 19 55598 19 56117 20 56636 22 57156 22 57675 24 58195 25 58716 25 59236 26 59756 27 60276 28 60796 29 61316 29 61837 28 62357 29 62877 30 63398 29 63919 29 64439 29 64960 27 65481 24 66001 23 66522 21 67042 20 67563 18 68084 16 68607 12 69128 11 69648 10
aaa52100fafaa50877e777229cdf6cde7c422f145ff6719449b80631d9a3b0f6,223396 4 223912 9 224431 14 224950 22 225469 24 225988 26 226508 27 227028 29 227547 30 228067 31 228587 31 229107 32 229627 32 230147 33 230667 34 231188 33 231709 32 232229 31 232750 28 233271 26 233792 25 234314 23 234835 21 235357 18 235884 7
aaa52100fafaa50877e777229cdf6cde7c422f145ff6719449b80631d9a3b0f6,277377 3 277892 11 278411 15 278930 18 279449 21 279968 23 280487 25 281007 26 281527 27 282047 27 282567 28 283088 28 283608 28 284128 29 284648 29 285168 29 285689 28 286209 27 286729 27 287250 25 287771 23 288293 20 288816 16
aaa52100fafaa50877e777229cdf6cde7c422f145ff6719449b80631d9a3b0f6,216778 3 217298 6 217818 7 218337 8 218857 8 219379 6
aaa52100fafaa50877e777229cdf6cde7c422f145ff6719449b80631d9a3b0f6,263428 9 263947 13 264467 15 264986 18 265506 20 266025 22 266545 23 267065 24 267586 24 268106 24 268626 25 269146 25 269667 25 270187 25 270708 25 271228 25 271748 25 272269 25 272789 25 273310 24 273831 23 274352 22 274873 20 275394 19 275915 17 276436 15 276959 10 277483 3
aaa52100fafaa50877e777229cdf6cde7c422f145ff6719449b80631d9a3b0f6,102172 3 102689 11 103208 13 103727 17 104244 21 104762 24 105281 26 105800 28 106319 30 106839 31 107358 33 107878 33 108398 34 108918 34 109438 34 109958 34 110479 33 110999 33 111520 32 112041 30 112562 28 113088 20 113609 17
aaa52100fafaa50877e777229cdf6cde7c422f145ff6719449b80631d9a3b0f6,245256 13 245774 17 246293 20 246812 22 247331 24 247850 26 248370 27 248890 28 249410 29 249930 29 250450 30 250970 30 251490 31 252011 30 252531 31 253051 31 253571 31 254092 30 254612 30 255133 29 255654 28 256175 27 256696 26 257217 25 257738 23 258259 21 258782 16 259310 6
aaa52100fafaa50877e777229cdf6cde7c422f145ff6719449b80631d9a3b0f6,293848 4 294367 7 294886 9 295405 11 295922 15 296437 21 296957 22 297476 24 297996 24 298515 26 299035 26 299554 27 300074 27 300593 29 301112 30 301632 29 302153 28 302673 28 303193 27 303713 26 304234 23 304755 19 305276 17 305797 14 306318 12 306841 6
aaa52100fafaa50877e777229cdf6cde7c422f145ff6719449b80631d9a3b0f6,308164 6 308681 11 309200 14 309719 16 310238 18 310758 19 311278 21 311797 23 312317 24 312837 25 313357 26 313877 27 314397 27 314917 28 315437 29 315957 29 316478 29 316998 30 317518 30 318038 31 318558 31 319079 31 319599 32 320119 32 320640 32 321160 32 321681 32 322201 32 322722 31 323242 32 323763 31 324283 31 324804 31 325324 31 325845 30 326367 29 326888 28 327410 26 327931 26 328451 26 328972 25 329492 25 330012 25 330533 24 331054 23 331574 22 332095 21 332616 20 333137 18 333657 18 334178 16 334699 15 335220 14 335745 9 336266 9 336787 10 337308 10 337829 9 338349 9 338870 8 339391 6 339914 3 340435 3 340955 6 341474 8 341994 9 342514 9 343034 9 343555 7 344076 5
aaa52100fafaa50877e777229cdf6cde7c422f145ff6719449b80631d9a3b0f6,166814 10 167332 13 167851 14 168371 15 168891 15 169411 15 169931 16 170452 15 170972 16 171492 16 172012 16 172532 16 173053 15 173574 14 174095 12 174618 8 175141 4
aaa52100fafaa50877e777229cdf6cde7c422f145ff6719449b80631d9a3b0f6,223312 9 223826 16 224345 19 224863 22 225381 25 225900 27 226419 28 226938 30 227458 30 227978 31 228498 31 229018 31 229538 31 230057 31 230577 31 231097 31 231618 29 232139 28 232660 26 233182 23 233704 20 234225 18 234746 14 235268 6
aaa52100fafaa50877e777229cdf6cde7c422f145ff6719449b80631d9a3b0f6,217775 4 218292 11 218810 14 219328 18 219847 20 220366 21 220885 23 221404 25 221924 25 222443 27 222962 28 223481 30 224001 30 224520 31 225040 31 225560 31 226079 32 226599 32 227119 32 227639 32 228158 33 228678 32 229198 32 229718 32 230238 31 230757 32 231277 32 231797 31 232317 30 232837 30 233357 29 233877 29 234398 27 234918 26 235439 24 235959 23 236480 21 237001 19 237522 17 238043 14 238565 10 239087 5
aaa52100fafaa50877e777229cdf6cde7c422f145ff6719449b80631d9a3b0f6,307039 5 307558 10 308076 13 308595 16 309114 19 309634 20 310153 22 310673 23 311193 23 311713 24 312232 25 312752 25 313272 25 313792 25 314312 25 314833 25 315353 25 315873 25 316393 25 316914 24 317434 24 317955 23 318475 22 318996 21 319517 19 320038 18 320560 15 321081 12 321604 8
aaa52100fafaa50877e777229cdf6cde7c422f145ff6719449b80631d9a3b0f6,241947 9 242460 17 242978 19 243497 21 244016 22 244536 22 245055 23 245574 24 246093 25 246613 25 247133 24 247652 25 248172 24 248691 25 249211 24 249731 23 250251 22 250770 22 251290 22 251810 21 252330 21 252851 19 253371 18 253891 17 254412 15 254933 13 255454 11 255975 8
aaa52100fafaa50877e777229cdf6cde7c422f145ff6719449b80631d9a3b0f6,316616 8 317134 14 317652 21 318170 25 318688 28 319206 30 319723 33 320241 35 320760 35 321279 36 321798 37 322317 38 322836 39 323356 38 323876 37 324396 36 324916 34 325436 33 325956 32 326475 32 326995 30 327515 29 328035 28 328556 26 329078 20 329600 15 330123 10 330646 4
aaa52100fafaa50877e777229cdf6cde7c422f145ff6719449b80631d9a3b0f6,211593 6 212112 8 212631 10 213150 12 213670 13 214190 14 214710 15 215230 15 215750 16 216270 17 216790 18 217310 19 217830 20 218351 20 218871 20 219391 21 219911 21 220431 22 220952 22 221472 23 221993 23 222513 24 223032 25 223552 26 224072 26 224592 26 225112 26 225632 26 226153 25 226675 23 227196 22 227717 20 228238 4 228245 11 228766 5
aaa52100fafaa50877e777229cdf6cde7c422f145ff6719449b80631d9a3b0f6,263371 12 263888 17 264407 20 264926 22 265446 24 265965 26 266484 27 267004 28 267524 29 268045 29 268566 29 269086 30 269607 30 270128 30 270648 30 271169 30 271690 29 272216 23 272737 22 273258 21 273779 20 274301 17 274823 14 275344 12 275865 10 276388 5
aaa52100fafaa50877e777229cdf6cde7c422f145ff6719449b80631d9a3b0f6,254795 2 255311 10 255830 11 256349 12 256868 13 257388 13 257907 14 258427 14 258947 14 259467 14 259987 14 260507 14 261027 14 261547 14 262067 14 262587 14 263108 13 263628 13 264148 13 264668 13 265188 13 265709 12 266229 12 266749 12 267270 11 267790 11 268311 10 268832 9 269353 8 269874 7 270396 5
aaa52100fafaa50877e777229cdf6cde7c422f145ff6719449b80631d9a3b0f6,255185 7 255702 12 256220 15 256739 17 257257 20 257776 21 258295 23 258814 27 259334 28 259853 30 260373 30 260894 30 261414 30 261933 31 262452 32 262971 33 263490 33 264010 33 264530 32 265050 32 265570 31 266090 30 266609 31 267129 30 267650 27 268170 26 268691 22 269213 17 269736 11
aaa52100fafaa50877e777229cdf6cde7c422f145ff6719449b80631d9a3b0f6,222148 5 222665 11 223184 15 223703 18 224222 20 224742 22 225261 24 225780 26 226300 27 226820 28 227340 29 227859 30 228379 31 228899 31 229420 31 229941 30 230461 30 230982 29 231502 29 232023 27 232543 27 233063 26 233584 25 234104 24 234624 23 235145 22 235665 21 236186 19 236707 17 237228 14 237749 11 238272 5
aaa52100fafaa50877e777229cdf6cde7c422f145ff6719449b80631d9a3b0f6,96636 7 97155 11 97674 14 98193 18 98712 23 99232 27 99752 30 100272 31 100792 31 101312 32 101832 32 102352 32 102872 32 103393 31 103914 30 104436 27 104958 24 105480 21 106003 17 106525 14 107047 10 107568 8 108089 5
aaa52100fafaa50877e777229cdf6cde7c422f145ff6719449b80631d9a3b0f6,278263 7 278781 11 279300 14 279819 16 280338 18 280857 20 281377 21 281896 23 282416 23 282936 23 283456 24 283976 24 284496 24 285016 23 285536 23 286056 23 286576 22 287096 22 287617 20 288137 20 288658 18 289178 18 289699 17 290219 16 290740 15 291261 13 291782 11 292305 7
aaa52100fafaa50877e777229cdf6cde7c422f145ff6719449b80631d9a3b0f6,351293 12 351810 16 352327 19 352844 23 353361 26 353878 30 354396 32 354915 33 355433 35 355952 36 356471 37 356990 38 357509 39 358029 38 358548 38 359067 39 359587 39 360106 40 360626 40 361146 40 361666 40
aaa52100fafaa50877e777229cdf6cde7c422f145ff6719449b80631d9a3b0f6,2541 5 3060 9 3579 12 4098 14 4617 16 5136 18 5655 19 6173 22 6692 23 7212 24 7731 25 8250 26 8770 26 9289 28 9809 28 10329 28 10849 29 11369 29 11890 28 12410 29 12930 29 13450 29 13970 29 14490 29 15010 29 15530 29 16051 28 16571 28 17091 28 17611 27 18132 26 18652 26 19173 25 19693 24 20214 23 20734 23 21254 22 21775 20 22295 20 22816 19 23336 19 23857 17 24378 16 24899 14 25420 12 25941 10 26463 5
aaa52100fafaa50877e777229cdf6cde7c422f145ff6719449b80631d9a3b0f6,188734 11 189251 15 189768 19 190285 23 190803 25 191321 27 191840 28 192359 28 192879 28 193398 29 193917 29 194437 29 194956 29 195476 29 195995 29 196515 29 197035 28 197555 28 198075 27 198595 27 199115 27 199636 25 200156 25 200677 24 201197 23 201718 22 202238 22 202759 21 203280 20 203801 19 204322 17 204843 15 205366 11 205892 2
aaa52100fafaa50877e777229cdf6cde7c422f145ff6719449b80631d9a3b0f6,71653 4 72171 7 72690 10 73208 14 73726 18 74244 21 74762 25 75281 28 75801 29 76321 30 76841 31 77362 30 77882 31 78402 31 78922 32 79442 32 79963 31 80484 30 81005 29 81527 26 82049 24 82571 22 83093 19 83615 16 84137 13 84659 9 85181 5
aaa52100fafaa50877e777229cdf6cde7c422f145ff6719449b80631d9a3b0f6,114736 4 115252 11 115770 15 116289 17 116808 18 117326 21 117844 23 118363 25 118882 26 119401 27 119921 27 120440 28 120959 29 121479 28 121998 29 122518 29 123038 28 123557 29 124077 28 124597 27 125117 26 125637 25 126158 22 126679 20 127200 16 127721 13 128243 8
aaa52100fafaa50877e777229cdf6cde7c422f145ff6719449b80631d9a3b0f6,282451 4 282970 7 283489 9 284008 11 284528 12 285047 14 285567 14 286087 14 286607 15 287126 16 287646 16 288166 17 288686 17 289206 17 289726 17 290246 18 290766 18 291286 18 291805 19 292325 19 292845 19 293365 19 293885 19 294405 20 294925 20 295445 20 295964 21 296484 21 297004 20 297524 20 298044 20 298564 20 299084 19 299604 19 300124 19 300644 18 301164 18 301684 17 302204 17 302724 16 303244 16 303764 15 304284 14 304805 13 305325 12 305846 9 306367 7
aaa52100fafaa50877e777229cdf6cde7c422f145ff6719449b80631d9a3b0f6,79631 4 80151 9 80670 12 81190 14 81710 16 82229 16 82749 17 83269 20 83789 20 84308 21 84828 21 85348 21 85869 20 86389 20 86909 20 87428 21 87949 20 88469 20 88990 18 89510 18 90031 17 90551 16 91072 15 91592 15 92113 13 92634 10 93156 5 93678 2
aaa52100fafaa50877e777229cdf6cde7c422f145ff6719449b80631d9a3b0f6,125692 2 126211 3 126726 8 127245 10 127765 12 128285 13 128804 15 129324 17 129844 18 130364 19 130883 20 131403 21 131923 21 132444 21 132964 21 133485 21 134005 21 134526 19 135047 17 135569 14 136090 11 136610 9 137130 8 137651 6
aaa52100fafaa50877e777229cdf6cde7c422f145ff6719449b80631d9a3b0f6,311862 2 312379 7 312898 10 313418 12 313937 14 314457 17 314977 18 315497 20 316017 21 316537 23 317057 24 317578 25 318098 26 318619 26 319139 27 319660 27 320181 27 320702 27 321222 28 321742 29 322262 29 322782 29 323302 30 323823 29 324343 29 324864 28 325384 28 325905 27 326426 26 326947 25 327468 24 327989 23 328510 22 329031 21 329552 19 330074 16 330596 13 331117 11 331639 8
aaa52100fafaa50877e777229cdf6cde7c422f145ff6719449b80631d9a3b0f6,69658 2 70161 20 70680 22 71199 24 71718 26 72237 28 72756 30 73276 31 73795 33 74314 36 74834 37 75353 39 75873 39 76393 39 76912 40 77432 40 77952 40 78472 40 78992 40 79512 40 80032 40 80553 39 81073 39 81594 38 82115 36 82637 33 83161 28 83692 16
aaa52100fafaa50877e777229cdf6cde7c422f145ff6719449b80631d9a3b0f6,137103 4 137621 8 138139 12 138658 15 139178 16 139697 18 140217 18 140737 19 141256 20 141776 21 142296 22 142815 23 143334 24 143854 23 144373 24 144893 23 145412 24 145932 24 146452 24 146972 24 147492 23 148012 22 148532 22 149052 21 149573 19 150094 17 150615 15 151136 13 151660 7
aaa52100fafaa50877e777229cdf6cde7c422f145ff6719449b80631d9a3b0f6,58552 21 59070 26 59588 31 60107 34 60626 36 61145 38 61665 39 62184 41 62704 42 63225 41 63745 41 64265 40 64786 39 65306 39 65827 37 66348 35 66869 32 67391 28 67913 23 68436 16
aaa52100fafaa50877e777229cdf6cde7c422f145ff6719449b80631d9a3b0f6,224678 8 225197 10 225716 11 226236 12 226755 14 227275 15 227794 17 228313 19 228833 20 229353 21 229873 22 230394 22 230914 23 231434 25 231955 25 232476 24 232996 24 233517 24 234037 24 234557 24 235078 24 235598 24 236118 24 236639 23 237159 23 237679 23 238200 22 238720 22 239240 22 239761 21 240281 21 240801 21 241322 20 241843 18 242363 17 242883 15 243404 13 243925 11 244447 7
aaa52100fafaa50877e777229cdf6cde7c422f145ff6719449b80631d9a3b0f6,12155 8 12673 14 13192 16 13712 16 14231 17 14751 18 15270 19 15790 20 16309 21 16829 21 17349 21 17869 21 18389 21 18909 21 19429 21 19949 22 20469 22 20989 22 21509 22 22029 22 22549 22 23070 22 23590 22 24111 21 24631 22 25151 22 25672 21 26193 20 26714 18 27235 17 27757 14 28279 12 28802 8
aaa52100fafaa50877e777229cdf6cde7c422f145ff6719449b80631d9a3b0f6,76 14 596 13 1117 11 1638 10
aaa52100fafaa50877e777229cdf6cde7c422f145ff6719449b80631d9a3b0f6,190575 5 191091 14 191109 4 191609 26 192128 28 192647 30 193166 32 193685 33 194204 34 194723 35 195242 36 195762 36 196281 37 196801 37 197320 38 197840 37 198360 37 198879 38 199399 37 199919 36 200439 35 200960 33 201480 32 202001 29 202521 28 203042 25 203562 23 204083 19 204604 15 205126 11
aaa52100fafaa50877e777229cdf6cde7c422f145ff6719449b80631d9a3b0f6,159351 9 159870 11 160388 14 160906 17 161425 18 161944 20 162463 21 162982 23 163501 24 164020 25 164540 26 165060 26 165579 26 166099 26 166619 26 167139 25 167659 25 168179 24 168699 24 169218 24 169737 25 170257 24 170777 23 171297 22 171818 20 172338 19 172859 17 173381 14 173903 11 174428 5
aaa52100fafaa50877e777229cdf6cde7c422f145ff6719449b80631d9a3b0f6,184091 2 184610 4 185130 9 185649 11 186168 12 186687 14 187206 15 187726 16 188245 19 188765 20 189285 20 189804 21 190324 20 190843 21 191361 22 191881 22 192401 22 192921 22 193441 22 193961 22 194482 21 195002 21 195522 20 196042 20 196563 19 197084 17 197604 17 198125 15 198646 12 199167 10 199688 5
aaa52100fafaa50877e777229cdf6cde7c422f145ff6719449b80631d9a3b0f6,159165 10 159678 21 160196 27 160715 31 161234 34 161754 35 162273 37 162792 38 163312 38 163832 38 164352 38 164873 37 165393 36 165914 35 166435 33 166957 30 167478 27 168002 22 168523 2 168528 15 169049 12 169570 10 170091 4
aaa52100fafaa50877e777229cdf6cde7c422f145ff6719449b80631d9a3b0f6,328930 9 329446 14 329964 17 330483 18 331002 20 331521 21 332039 24 332558 26 333077 27 333596 27 334115 27 334634 28 335153 28 335673 27 336193 27 336713 26 337234 24 337755 21 338275 19 338796 16 339317 11 339841 4
aaa52100fafaa50877e777229cdf6cde7c422f145ff6719449b80631d9a3b0f6,110806 5 111323 11 111835 21 112353 24 112872 26 113391 28 113910 29 114429 31 114949 31 115468 32 115988 32 116508 32 117028 32 117548 32 118068 32 118588 31 119108 31 119629 29 120150 28 120671 26 121192 24 121713 22 122234 20 122755 16 123277 12
aaa52100fafaa50877e777229cdf6cde7c422f145ff6719449b80631d9a3b0f6,309939 9 310457 13 310975 16 311494 18 312013 20 312533 21 313053 22 313573 23 314093 23 314613 24 315133 25 315653 26 316173 28 316693 29 317214 29 317734 29 318254 30 318775 29 319295 29 319816 28 320337 27 320858 26 321379 24 321900 22 322421 10 322433 6 322943 3
aaa52100fafaa50877e777229cdf6cde7c422f145ff6719449b80631d9a3b0f6,244 15 763 17 1282 18 1802 19 2321 21 2840 22 3360 22 3880 22 4399 23 4919 23 5439 23 5959 23 6479 23 6998 23 7518 23 8038 23 8558 23 9078 22 9598 22 10118 22 10638 22 11159 21 11679 20 12200 19 12720 18 13241 17 13761 16 14282 14 14803 11 15326 6
aaa52100fafaa50877e777229cdf6cde7c422f145ff6719449b80631d9a3b0f6,37025 8 37544 12 38063 18 38582 23 39102 27 39622 31 40143 34 40663 36 41184 36 41704 37 42225 37 42746 36 43267 35 43789 33 44310 32 44832 30 45353 29 45875 27 46396 25 46918 22 47440 19 47962 16 48485 11 49006 8
aaa52100fafaa50877e777229cdf6cde7c422f145ff6719449b80631d9a3b0f6,88711 10 89225 17 89743 20 90262 22 90774 30 91293 31 91812 32 92331 32 92851 32 93371 31 93891 31 94411 30 94932 28 95452 28 95972 28 96492 28 97012 28 97532 28 98052 28 98573 26 99093 26 99613 26 100134 25 100654 24 101175 23 101696 21 102218 18 102739 16 103260 14 103781 11 104304 4
aaa52100fafaa50877e777229cdf6cde7c422f145ff6719449b80631d9a3b0f6,95856 7 96375 10 96395 3 96894 12 96912 11 97412 15 97431 13 97931 17 97950 15 98450 36 98969 37 99489 38 100008 39 100528 39 101047 40 101567 40 102087 40 102607 40 103127 39 103648 38 104168 37 104689 35 105209 34 105730 32 106250 30 106770 27 107291 19 107812 13 108334 6
