abc781c8721fe04b877a7e324494eb75aa5bce94950a0e4e4d7d6ffc9e74da62,55353 4 55608 7 55863 10 56118 11 56373 12 56629 12 56884 13 57140 13 57396 13 57651 14 57907 14 58163 14 58419 14 58674 15 58930 15 59186 15 59442 14 59698 14 59954 13 60210 12 60467 10 60723 9 60980 7 61236 5
abc781c8721fe04b877a7e324494eb75aa5bce94950a0e4e4d7d6ffc9e74da62,53921 9 54176 14 54432 16 54687 19 54943 20 55199 21 55455 21 55711 22 55967 22 56224 21 56480 21 56737 20 56994 19 57251 18 57509 15 57767 12 58026 8 58284 4
abc781c8721fe04b877a7e324494eb75aa5bce94950a0e4e4d7d6ffc9e74da62,36491 10 36747 11 37002 13 37258 13 37513 15 37769 16 38026 15 38282 15 38538 15 38795 14 39052 12 39308 12 39565 10 39823 7
abc781c8721fe04b877a7e324494eb75aa5bce94950a0e4e4d7d6ffc9e74da62,10274 6 10529 9 10784 11 11039 14 11295 15 11551 17 11807 18 12063 19 12319 19 12576 19 12832 19 13088 19 13345 18 13601 18 13858 17 14115 16 14372 15 14629 14 14886 12 15144 10 15402 7 15660 2
abc781c8721fe04b877a7e324494eb75aa5bce94950a0e4e4d7d6ffc9e74da62,20480 1 20735 2 20990 3 21245 4 21501 4 21757 4 22012 5 22269 4 22525 4 22781 4 23038 3 23294 3 23551 2 23808 1
abc781c8721fe04b877a7e324494eb75aa5bce94950a0e4e4d7d6ffc9e74da62,7835 7 8090 11 8345 14 8601 15 8857 16 9113 17 9369 17 9626 16 9882 16 10139 15 10395 15 10653 13 10911 10
abc781c8721fe04b877a7e324494eb75aa5bce94950a0e4e4d7d6ffc9e74da62,7503 9 7758 11 8013 13 8269 15 8525 16 8781 17 9037 17 9293 18 9550 17 9807 16 10064 15 10322 13 10579 12 10837 8
abc781c8721fe04b877a7e324494eb75aa5bce94950a0e4e4d7d6ffc9e74da62,34110 9 34365 10 34620 12 34875 14 35131 14 35387 15 35643 15 35899 15 36155 15 36412 14 36668 14 36925 12 37182 10
abc781c8721fe04b877a7e324494eb75aa5bce94950a0e4e4d7d6ffc9e74da62,35351 3 35605 6 35861 6 36117 6
abc781c8721fe04b877a7e324494eb75aa5bce94950a0e4e4d7d6ffc9e74da62,54236 7 54490 10 54746 11 55001 13 55257 14 55513 14 55769 15 56025 15 56281 15 56538 14 56794 14 57051 12 57307 11 57565 9 57822 6
abc781c8721fe04b877a7e324494eb75aa5bce94950a0e4e4d7d6ffc9e74da62,40051 5 40306 6 40562 6 40818 6 41074 6 41330 6
