ac782d2cad7f515ce7276926209820e386248e3d619b2df81e22d5e3c160b7cb,58271 6 58625 16 58978 26 59333 33 59690 38 60045 44 60400 50 60758 53 61117 54 61475 57 61834 58 62193 60 62553 60 62912 61 63271 62 63630 63 63989 64 64349 64 64708 65 65068 65 65427 66 65787 65 66147 65 66507 64 66867 64 67227 63 67587 63 67947 62 68307 61 68668 60 69028 59 69389 57 69749 56 70110 53 70471 51 70832 49 71193 45 71554 42 71915 38 72276 34 72637 32 72998 27 73360 22 73721 18 74086 7
ac782d2cad7f515ce7276926209820e386248e3d619b2df81e22d5e3c160b7cb,76241 9 76597 21 76951 32 77308 38 77665 44 78024 46 78382 49 78739 54 79097 57 79456 59 79815 60 80174 62 80533 64 80892 66 81251 68 81611 68 81970 70 82329 71 82689 71 83048 72 83408 72 83768 72 84127 73 84487 73 84847 73 85206 74 85566 74 85926 74 86286 74 86646 73 87006 73 87367 72 87727 71 88088 70 88449 68 88809 67 89170 65 89530 64 89891 62 90252 61 90613 59 90974 56 91335 54 91697 51 92059 47 92420 44 92781 42 93145 36 93508 30 93871 24
ac782d2cad7f515ce7276926209820e386248e3d619b2df81e22d5e3c160b7cb,51574 9 51930 17 52289 19 52647 23 53006 25 53365 27 53724 29 54083 30 54443 31 54802 32 55162 33 55521 34 55881 35 56241 35 56600 37 56960 37 57320 38 57680 38 58040 38 58400 38 58760 38 59120 38 59480 39 59840 39 60200 39 60560 39 60919 40 61279 40 61639 40 61999 40 62358 40 62718 40 63078 40 63437 40 63797 40 64157 40 64516 40 64876 40 65236 40 65596 39 65955 39 66315 39 66675 39 67035 38 67395 38 67755 37 68115 37 68475 37 68835 36 69195 35 69555 35 69915 34 70276 32 70636 31 70996 30 71357 27 71717 26 72078 24 72440 20 72801 16
ac782d2cad7f515ce7276926209820e386248e3d619b2df81e22d5e3c160b7cb,112681 3 113041 3 113401 2 113761 2 114121 1 114481 1 114841 1 115201 1 115561 2 115921 2 116281 2 116641 2 117001 3 117361 3 117721 4 118081 5 118441 6 118801 6 118823 3 119161 7 119182 5 119521 8 119541 8 119881 9 119901 9 120241 11 120260 11 120601 13 120619 13 120961 31 121321 32 121681 32 122041 32 122401 32 122761 32 123121 32 123481 31 123841 30 124201 30 124561 29 124921 29 125281 28 125641 27 126001 26 126362 23 126724 20 127085 18 127446 14 127808 9
ac782d2cad7f515ce7276926209820e386248e3d619b2df81e22d5e3c160b7cb,2242 9 2601 14 2958 21 3317 23 3676 25 4036 26 4395 28 4754 30 5114 31 5473 33 5833 34 6192 36 6552 36 6912 37 7272 38 7632 39 7992 40 8352 40 8712 41 9072 42 9432 42 9792 42 10152 42 10512 42 10872 42 11232 42 11592 42 11952 42 12312 42 12672 42 13031 42 13391 42 13751 41 14110 42 14470 41 14830 40 15189 40 15549 40 15909 39 16269 39 16629 38 16989 36 17349 35 17709 34 18069 33 18429 32 18789 31 19150 29 19510 28 19871 24 20232 21 20593 18 20956 11
ac782d2cad7f515ce7276926209820e386248e3d619b2df81e22d5e3c160b7cb,36861 3 37218 9 37576 14 37935 18 38293 21 38652 24 39011 26 39371 27 39730 29 40089 31 40449 32 40809 32 41168 34 41528 35 41887 37 42247 37 42607 38 42967 38 43327 39 43686 40 44046 41 44406 41 44766 42 45126 43 45486 43 45846 43 46206 44 46566 44 46925 46 47285 46 47645 47 48005 47 48366 46 48726 46 49086 46 49446 46 49807 45 50167 45 50528 44 50888 44 51249 43 51609 43 51970 42 52331 40 52691 40 53052 39 53413 37 53774 36 54135 34 54496 33 54857 31 55220 27 55582 24 55944 20 56307 14
ac782d2cad7f515ce7276926209820e386248e3d619b2df81e22d5e3c160b7cb,11392 8 11747 15 12105 19 12464 21 12823 23 13182 25 13541 26 13900 28 14260 29 14619 30 14978 31 15338 32 15698 32 16058 32 16417 34 16777 34 17137 34 17497 34 17857 35 18217 35 18577 36 18937 36 19296 38 19653 42 20011 44 20370 46 20729 49 21089 50 21448 52 21808 54 22168 55 22528 60 22888 61 23248 61 23608 62 23968 64 24328 65 24688 67 25049 67 25410 67 25772 66 26136 63 26497 62 26857 63 27218 62 27578 63 27938 63 28298 63 28659 62 29019 62 29379 62 29740 61 30100 62 30461 61 30821 61 31182 59 31543 58 31905 56 32266 55 32627 53 32989 51 33352 47 33713 46 34074 44 34435 42 34796 40 35157 38 35519 34 35880 32 36242 26 36603 24 36965 19 37328 14
ac782d2cad7f515ce7276926209820e386248e3d619b2df81e22d5e3c160b7cb,361 5 721 6 1081 5 1441 3 1801 2 2161 1
ac782d2cad7f515ce7276926209820e386248e3d619b2df81e22d5e3c160b7cb,22439 4 22794 13 23152 16 23510 19 23869 21 24226 25 24584 28 24943 29 25302 30 25661 31 26020 33 26378 35 26738 35 27097 36 27456 37 27815 38 28174 39 28534 39 28893 40 29253 40 29612 41 29972 40 30332 40 30691 41 31051 41 31410 42 31770 41 32129 42 32489 42 32849 41 33209 41 33569 41 33928 41 34288 41 34648 41 35007 42 35367 41 35726 42 36086 41 36446 41 36805 41 37165 41 37525 40 37884 40 38243 40 38603 40 38963 39 39322 39 39681 40 40041 39 40401 38 40761 37 41121 36 41481 34 41840 34 42200 33 42560 32 42920 31 43280 29 43640 28 44000 27 44360 26 44721 24 45081 23 45442 20 45802 19 46163 17 46523 15 46884 12
ac782d2cad7f515ce7276926209820e386248e3d619b2df81e22d5e3c160b7cb,352 9 712 9 1072 9 1433 8 1793 8 2153 8 2514 7 2874 7 3234 7 3595 6 3956 5 4316 5 4678 3
ac782d2cad7f515ce7276926209820e386248e3d619b2df81e22d5e3c160b7cb,69478 3 69836 5 70194 7 70553 8 70912 9 71271 10 71630 11 71989 12 72348 13 72707 14 73067 14 73427 14 73786 15 74146 15 74505 16 74864 17 75224 17 75583 18 75942 19 76302 19 76661 20 77021 20 77381 20 77740 21 78099 22 78458 23 78818 23 79178 23 79538 23 79897 24 80256 25 80615 26 80974 27 81334 27 81693 28 82053 28 82413 28 82773 28 83133 28 83493 28 83853 28 84213 28 84574 27 84934 27 85294 27 85654 27 86014 27 86375 26 86735 26 87096 25 87456 25 87817 24 88178 23 88539 22 88900 21 89261 20 89622 19 89982 19 90343 18 90704 17 91065 16 91426 15 91787 14 92148 13 92509 12 92871 10 93234 7 93599 1
ac782d2cad7f515ce7276926209820e386248e3d619b2df81e22d5e3c160b7cb,116224 5 116580 13 116938 27 117297 31 117656 35 118016 37 118376 38 118736 39 119096 41 119456 42 119816 44 120176 45 120536 46 120896 47 121256 48 121617 47 121977 47 122337 48 122697 48 123058 47 123418 47 123779 47 124140 46 124500 46 124861 45 125222 45 125582 45 125942 46 126303 45 126663 45 127024 44 127385 44 127745 44 128106 43 128467 43 128828 42 129188 42 129549 41
ac782d2cad7f515ce7276926209820e386248e3d619b2df81e22d5e3c160b7cb,297 43 657 43 1017 43 1377 43 1737 42 2097 42 2457 42 2817 42 3177 41 3537 41 3897 40 4256 40 4616 39 4975 40 5334 42 5694 42 6054 42 6414 42 6774 43 7134 43 7494 43 7854 43 8215 42 8575 42 8935 42 9296 41 9657 40 10017 40 10378 39 10738 38 11098 37 11459 35 11821 33 12183 30 12545 27 12907 23 13268 20 13632 15 13993 6
ac782d2cad7f515ce7276926209820e386248e3d619b2df81e22d5e3c160b7cb,64608 12 64965 18 65323 22 65681 25 66040 26 66400 27 66760 28 67119 30 67478 32 67837 34 68196 35 68556 36 68915 37 69275 37 69634 39 69994 39 70353 40 70712 41 71071 42 71430 43 71789 44 72148 45 72507 46 72866 47 73224 49 73580 53 73939 53 74298 54 74657 54 75017 54 75376 54 75736 53 76095 53 76455 53 76815 52 77175 50 77535 49 77895 47 78255 46 78615 45 78975 43 79336 36 79696 33 80056 28 80417 26 80778 23 81139 20 81499 18 81860 15 82222 10 82587 2
ac782d2cad7f515ce7276926209820e386248e3d619b2df81e22d5e3c160b7cb,138 62 495 66 854 67 1214 67 1574 67 1934 67 2293 68 2653 68 3013 68 3373 68 3733 68 4093 68 4453 68 4812 69 5172 69 5532 68 5892 68 6251 69 6611 69 6971 68 7330 69 7690 69 8050 68 8410 68 8770 67 9130 67 9490 66 9850 65 10210 65 10570 64 10930 63 11290 62 11650 60 12011 58 12371 58 12732 56 13092 55 13452 55 13813 53 14174 51 14534 50 14895 49 15256 47 15617 45 15978 41 16340 37 16701 34 17063 30 17426 23 17789 17
ac782d2cad7f515ce7276926209820e386248e3d619b2df81e22d5e3c160b7cb,97871 12 98228 17 98587 20 98944 27 99302 32 99660 36 100019 40 100379 42 100738 45 101097 48 101456 51 101816 53 102175 55 102535 56 102895 57 103254 59 103614 60 103974 60 104334 61 104695 61 105055 62 105415 63 105775 63 106136 63 106496 63 106857 63 107218 62 107579 61 107939 61 108300 60 108661 59 109022 58 109384 55 109745 54 110106 53 110468 50 110830 48 111192 45 111553 44 111916 40 112277 38 112639 35 113003 29 113367 24 113731 17 114097 7
ac782d2cad7f515ce7276926209820e386248e3d619b2df81e22d5e3c160b7cb,115240 3 115599 5 115956 8 116313 12 116671 14 117029 16 117388 17 117746 18 118105 19 118464 20 118826 17 119187 14 119549 10 119910 7
ac782d2cad7f515ce7276926209820e386248e3d619b2df81e22d5e3c160b7cb,110714 7 111069 16 111426 22 111785 25 112143 29 112502 31 112861 33 113221 34 113580 35 113940 36 114299 38 114659 39 115019 39 115379 39 115738 41 116098 41 116458 41 116818 41 117178 41 117537 42 117897 42 118257 42 118616 43 118976 42 119336 42 119695 43 120055 43 120415 43 120775 43 121135 42 121495 42 121855 41 122215 40 122575 39 122935 38 123296 36 123656 35 124016 35 124376 34 124736 34 125096 34 125456 34 125816 33 126177 32 126537 31 126898 29 127259 27 127620 25 127982 22 128343 18 128707 13
ac782d2cad7f515ce7276926209820e386248e3d619b2df81e22d5e3c160b7cb,111247 5 111606 10 111966 12 112325 17 112684 26 113044 29 113403 33 113763 35 114122 38 114482 39 114842 39 115202 38 115563 36 115923 33 116283 30 116643 28 117004 25 117364 24 117725 21 118086 19 118447 17 118807 16 119168 14 119529 12 119890 11 120252 8 120614 5
ac782d2cad7f515ce7276926209820e386248e3d619b2df81e22d5e3c160b7cb,44484 17 44842 21 45200 25 45558 28 45917 30 46276 32 46635 34 46994 36 47353 37 47712 39 48071 40 48430 41 48790 41 49149 42 49508 43 49868 43 50227 44 50587 44 50946 45 51306 45 51666 45 52025 46 52385 46 52745 46 53104 46 53464 46 53824 46 54184 47 54544 48 54904 48 55264 48 55624 48 55984 49 56344 49 56704 49 57064 48 57424 48 57785 47 58145 47 58505 46 58865 46 59226 45 59587 43 59947 42 60308 41 60669 39 61030 37 61391 36 61753 33 62115 29 62477 25 62839 21 63210 7
ac782d2cad7f515ce7276926209820e386248e3d619b2df81e22d5e3c160b7cb,15453 6 15810 12 16169 14 16527 17 16886 20 17245 22 17604 23 17963 25 18322 27 18681 28 19040 29 19400 29 19759 30 20118 31 20478 31 20837 32 21197 33 21557 33 21917 33 22276 35 22636 36 22996 37 23356 38 23716 39 24076 41 24436 42 24796 43 25157 42 25517 43 25877 43 26238 42 26598 43 26959 42 27319 42 27680 41 28040 41 28401 40 28761 40 29122 38 29482 37 29842 37 30203 36 30564 35 30925 34 31286 33 31646 33 32007 31 32368 29 32728 29 33089 27 33450 26 33811 25 34172 23 34533 22 34893 21 35254 20 35615 18 35976 17 36336 16 36698 13 37059 11 37423 5
ac782d2cad7f515ce7276926209820e386248e3d619b2df81e22d5e3c160b7cb,91 24
ac782d2cad7f515ce7276926209820e386248e3d619b2df81e22d5e3c160b7cb,49681 1 50041 1 50401 1 50761 1 51121 2 51481 2 51841 2 52201 2 52561 2 52921 3 53281 3 53641 3 54001 3 54361 3 54721 3 55081 3 55441 3 55801 3 56161 3 56521 3 56881 3 57241 3 57601 3 57961 3 58321 3 58681 3 59041 3 59401 3 59761 3 60121 3 60481 3 60841 3 61201 3 61561 3 61921 2 62281 2 62641 2 63001 2 63361 1 63721 1 64081 1
ac782d2cad7f515ce7276926209820e386248e3d619b2df81e22d5e3c160b7cb,11879 2 12237 4 12596 5 12955 6 13314 7 13674 7 14033 8 14392 9 14751 10 15111 10 15470 11 15830 11 16190 11 16550 11 16909 12 17269 12 17629 12 17989 12 18349 12 18709 12 19069 12 19429 12 19789 12 20149 12 20509 12 20869 12 21230 11 21590 11 21950 11 22311 10 22672 9 23033 8 23394 7 23755 6 24117 4 24478 3
ac782d2cad7f515ce7276926209820e386248e3d619b2df81e22d5e3c160b7cb,453 42 814 40 1175 39 1536 38 1897 37 2258 35 2618 35 2979 34 3340 32 3701 31 4062 29 4423 28 4784 26 5145 25 5506 23 5867 22 6228 20 6588 19 6949 17 7310 15 7671 12
