ad9d305cbf193d4250743ead466bdaefe910835d7e352c544e22320e8336f5c1,165836 14 166346 18 166856 22 167365 27 167875 30 168386 32 168897 33 169408 34 169920 34 170431 35 170943 35 171454 36 171966 36 172477 37 172989 36 173500 37 174012 36 174524 35 175036 35 175548 34 176060 32 176572 31 177084 30 177596 29 178108 27 178620 26 179132 25 179644 23 180156 23 180668 22 181181 21 181693 20 182205 19 182718 17 183230 16 183743 14 184259 8 184777 1
ad9d305cbf193d4250743ead466bdaefe910835d7e352c544e22320e8336f5c1,148992 1 149502 3 150013 4 150524 5 151035 6 151546 7 152057 8 152568 9 153079 10 153590 11 154101 12 154612 13 155124 13 155635 14 156147 14 156658 15 157170 15 157681 16 158193 16 158705 16 159217 16 159729 16 160241 16 160753 16 161265 16 161777 16 162289 16 162801 16 163313 16 163826 15 164338 15 164851 14 165364 13 165877 12 166390 11 166903 10 167416 9 167929 8 168442 7 168955 6 169468 5 169982 3
ad9d305cbf193d4250743ead466bdaefe910835d7e352c544e22320e8336f5c1,257713 17 257735 2 258223 27 258733 31 259243 34 259754 36 260265 39 260777 41 261288 44 261800 46 262312 47 262824 49 263336 53 263847 55 264359 56 264871 57 265384 57 265897 56 266412 54 266925 53 267438 52 267951 51 268464 50 268978 47 269492 44 270005 43 270519 40 271032 39 271544 38 272057 37 272570 35 273089 27 273605 21 274123 12
ad9d305cbf193d4250743ead466bdaefe910835d7e352c544e22320e8336f5c1,2696 5 3203 14 3712 20 4223 22 4734 24 5245 26 5757 27 6268 29 6780 29 7291 31 7801 33 8312 35 8820 39 9332 39 9845 38 10357 38 10869 38 11382 37 11894 37 12406 37 12918 37 13430 37 13942 37 14454 37 14965 38 15477 38 15989 38 16501 37 17014 36 17526 36 18038 36 18550 35 19062 35 19574 35 20085 35 20596 36 21108 36 21619 36 22131 36 22642 37 23153 38 23660 42 24170 44 24680 46 25190 48 25704 46 26217 44 26728 44 27240 44 27753 42 28266 41 28779 39 29292 38 29805 36 30318 35 30831 33 31345 30 31859 27 32374 23 32889 17 33404 11
ad9d305cbf193d4250743ead466bdaefe910835d7e352c544e22320e8336f5c1,225775 10 226285 13 226795 17 227306 19 227816 22 228327 25 228838 27 229350 27 229862 27 230374 27 230886 27 231397 28 231908 29 232420 29 232931 30 233443 30 233954 31 234466 31 234978 31 235490 31 236002 31 236513 32 237025 32 237537 32 238049 32 238561 32 239073 32 239585 32 240097 32 240609 32 241121 32 241633 32 242145 32 242658 31 243170 31 243682 31 244194 31 244707 30 245221 28 245734 27 246248 25 246761 24 247274 23 247788 21 248303 18 248816 17 249331 14 249845 12 250358 11
ad9d305cbf193d4250743ead466bdaefe910835d7e352c544e22320e8336f5c1,131686 3 132189 13 132699 15 133210 17 133720 20 134231 22 134742 23 135253 25 135764 26 136276 27 136788 27 137299 28 137811 29 138323 30 138835 30 139347 29 139859 29 140371 28 140882 29 141394 29 141907 28 142420 27 142932 26 143445 24 143957 24 144470 22 144983 20 145496 18 146011 14 146525 10
ad9d305cbf193d4250743ead466bdaefe910835d7e352c544e22320e8336f5c1,284005 12 284512 20 285021 24 285532 27 286044 28 286555 29 287067 30 287578 31 288089 32 288601 33 289113 33 289625 34 290137 34 290649 34 291161 34 291672 35 292183 36 292695 36 293207 36 293719 36 294231 36 294743 19 294766 12 295256 17 295278 12 295769 16 295791 11 296282 14 296303 10 296795 12 296816 8 297308 9 297328 6
ad9d305cbf193d4250743ead466bdaefe910835d7e352c544e22320e8336f5c1,242237 13 242745 21 243255 24 243765 27 244275 30 244786 32 245297 33 245807 36 246316 40 246826 42 247336 45 247846 48 248355 51 248865 54 249376 56 249888 58 250400 59 250912 59 251424 59 251936 60 252449 60 252961 60 253474 60 253987 59 254500 59 255013 58 255526 58 256038 57 256551 56 257064 54 257577 52 258089 52 258603 49 259116 48 259629 46 260141 45 260654 44 261167 42 261679 42 262192 41 262705 39 263218 37 263731 36 264243 36 264755 34 265268 30 265782 27 266296 23 266809 20 267325 15 267838 9
ad9d305cbf193d4250743ead466bdaefe910835d7e352c544e22320e8336f5c1,239846 11 240356 16 240866 20 241377 23 241888 25 242399 27 242909 30 243419 33 243930 35 244442 36 244953 37 245465 38 245976 40 246488 41 247000 42 247512 42 248023 44 248535 44 249047 45 249559 45 250071 45 250583 45 251095 45 251607 45 252120 44 252633 42 253145 42 253657 41 254170 40 254682 39 255195 38 255708 36 256221 34 256734 32 257247 29 257760 26 258275 20 258790 13
ad9d305cbf193d4250743ead466bdaefe910835d7e352c544e22320e8336f5c1,482 31 994 31 1506 31 2018 31 2530 31 3042 31 3554 31 4066 31 4578 31 5090 31 5602 31 6114 31 6626 31 7138 31 7651 30 8163 30 8675 30 9188 29 9700 29 10213 28 10725 28 11237 28 11750 27 12263 26 12775 26 13287 26 13800 25 14312 25 14825 24 15337 24 15850 23 16363 22 16876 21 17388 21 17901 20 18415 18 18929 16 19442 15 19958 11 20472 9 20985 8
ad9d305cbf193d4250743ead466bdaefe910835d7e352c544e22320e8336f5c1,59093 10 59599 21 60109 29 60618 36 61129 39 61640 41 62151 43 62663 45 63174 46 63686 47 64198 48 64710 49 65222 50 65734 51 66246 52 66758 53 67270 53 67782 53 68294 54 68806 54 69318 54 69831 54 70343 54 70856 53 71368 53 71880 53 72392 53 72905 52 73417 52 73929 52 74442 51 74954 51 75467 50 75979 50 76491 50 77004 48 77516 48 78028 48 78541 47 79053 47 79566 45 80078 45 80591 43 81104 42 81616 41 82129 39 82642 37 83155 35 83668 33 84181 31 84694 29 85207 26 85720 24 86233 21 86746 19 87260 15 87774 11 88288 6
ad9d305cbf193d4250743ead466bdaefe910835d7e352c544e22320e8336f5c1,119808 1 120320 1 120832 1 121344 1 121856 1 122368 1 122880 1 123392 1 123904 1 124416 1 124928 1 125440 1 125952 1 126464 1 126976 1 127488 1 128000 1 128512 1 129024 1 129536 1 130048 1 130560 1 131072 1 131584 1 132096 1 132608 1 133120 1 133632 1 134144 1 134656 1 135168 1 135680 1 136192 1 136704 1 137216 1 137728 1 138240 1 138752 1 139264 1 139776 1 140288 1 140800 1 141312 1 141824 1 142336 1 142848 1 143359 2
ad9d305cbf193d4250743ead466bdaefe910835d7e352c544e22320e8336f5c1,99329 2 99841 4 100353 6 100865 8 101377 9 101889 11 102401 12 102913 13 103425 14 103937 14 104449 15 104961 15 105473 16 105985 17 106497 17 107009 18 107521 18 108033 19 108545 20 109057 21 109569 21 110081 21 110593 22 111105 22 111617 22 112129 23 112641 23 113153 23 113665 23 114177 24 114689 24 115201 24 115713 24 116225 25 116737 25 117249 25 117761 25 118273 25 118785 25 119297 25 119809 25 120321 25 120833 25 121345 25 121857 25 122369 25 122881 25 123393 25 123905 24 124417 24 124929 23 125441 23 125953 22 126465 22 126977 21 127489 21 128001 20 128513 19 129025 19 129537 19 130049 18 130561 17 131073 15 131585 14 132097 13 132609 11 133121 9 133633 7 134145 6 134657 5
ad9d305cbf193d4250743ead466bdaefe910835d7e352c544e22320e8336f5c1,20646 5 21156 8 21667 10 22178 12 22690 13 23201 15 23710 18 24221 19 24733 19 25244 20 25756 20 26268 20 26781 19 27293 19 27806 18 28318 18 28831 16 29343 15 29856 14 30369 12 30882 11 31397 7
ad9d305cbf193d4250743ead466bdaefe910835d7e352c544e22320e8336f5c1,219880 12 220389 18 220899 22 221409 26 221920 27 222432 28 222943 30 223454 33 223965 35 224477 36 224989 36 225501 37 226012 39 226524 40 227036 40 227548 40 228060 40 228572 40 229084 40 229596 40 230108 40 230620 40 231132 40 231645 39 232158 38 232670 37 233182 37 233695 36 234207 36 234720 35 235233 33 235746 31 236259 29 236772 26 237284 25 237797 23 238310 21 238824 18 239337 17 239857 7 240372 1
ad9d305cbf193d4250743ead466bdaefe910835d7e352c544e22320e8336f5c1,258072 3 258583 7 259094 10 259605 15 260116 17 260627 19 261139 20 261650 22 262162 23 262674 24 263185 26 263697 26 264209 26 264721 26 265233 27 265745 27 266258 26 266770 26 267283 25 267796 23 268309 22 268821 22 269334 20 269846 19 270359 17 270873 14 271387 10 271901 6
ad9d305cbf193d4250743ead466bdaefe910835d7e352c544e22320e8336f5c1,115706 3 116217 8 116728 9 117240 6 117247 2 117752 5 118265 3 118778 1
ad9d305cbf193d4250743ead466bdaefe910835d7e352c544e22320e8336f5c1,117246 1 117757 4 118268 5 118779 6 119290 7 119801 7 120312 8 120823 9 121334 10 121845 11 122357 11 122868 12 123379 13 123891 13 124403 13 124914 14 125426 14 125938 14 126450 14 126962 14 127473 15 127985 15 128496 16 129008 16 129519 17 130031 17 130542 18 131054 18 131566 18 132078 18 132591 17 133103 17 133615 17 134127 17 134639 17 135151 17 135663 17 136175 17 136687 17 137199 17 137712 16 138224 16 138737 15 139249 15 139761 15 140274 14 140786 14 141299 13 141812 12 142326 10 142840 8 143357 2
ad9d305cbf193d4250743ead466bdaefe910835d7e352c544e22320e8336f5c1,44148 3 44659 5 45171 9 45682 12 46193 20 46704 28 47215 31 47726 34 48237 36 48748 38 49259 40 49770 42 50281 44 50792 46 51304 46 51816 47 52327 48 52839 49 53351 49 53863 49 54375 49 54887 49 55399 49 55911 49 56423 49 56935 50 57447 50 57959 50 58471 50 58983 50 59496 49 60008 49 60521 48 61033 48 61545 48 62058 46 62570 46 63083 45 63596 44 64109 43 64621 42 65134 40 65647 38 66161 35 66674 33 67188 30 67701 28 68218 22 68731 19 69245 16 69761 10
ad9d305cbf193d4250743ead466bdaefe910835d7e352c544e22320e8336f5c1,290892 4 291400 13 291908 20 292419 23 292931 25 293442 27 293953 28 294465 28 294977 29 295489 29 296000 30 296512 30 297024 30 297536 30 298048 30 298560 30 299072 29 299584 29 300097 28 300609 28 301121 27 301634 26 302147 25 302660 23 303174 21 303687 19 304199 19 304712 17 305228 11 305742 8 306256 2
ad9d305cbf193d4250743ead466bdaefe910835d7e352c544e22320e8336f5c1,134461 4 134968 11 135476 16 135983 23 136490 31 137000 35 137509 39 138020 41 138531 43 139042 46 139553 49 140065 50 140576 52 141088 52 141599 54 142111 55 142622 56 143134 57 143646 57 144158 58 144670 59 145183 59 145695 59 146207 60 146719 60 147232 59 147744 60 148257 59 148769 59 149281 59 149794 58 150306 58 150819 57 151331 58 151844 57 152356 57 152869 56 153381 55 153894 54 154406 54 154919 53 155432 51 155945 49 156457 49 156970 47 157483 45 157996 41 158509 39 159022 37 159536 33 160049 30 160562 28 161076 25 161590 22 162104 19 162618 16 163133 12
ad9d305cbf193d4250743ead466bdaefe910835d7e352c544e22320e8336f5c1,151934 9 152444 12 152954 16 153465 18 153975 21 154486 24 154997 26 155508 28 156019 31 156531 33 157043 34 157555 35 158067 36 158579 37 159091 38 159603 38 160115 39 160627 39 161139 40 161651 40 162163 40 162675 40 163187 40 163699 40 164211 40 164724 39 165236 39 165749 38 166261 38 166773 37 167286 36 167800 33 168313 32 168825 31 169338 30 169851 28 170365 23 170878 20 171397 9 171910 2
ad9d305cbf193d4250743ead466bdaefe910835d7e352c544e22320e8336f5c1,199198 11 199213 4 199708 23 200217 27 200725 32 201236 34 201747 35 202258 37 202769 38 203280 40 203791 41 204302 43 204813 44 205324 46 205836 46 206347 48 206859 49 207370 52 207882 53 208393 53 208905 54 209417 54 209929 55 210440 57 210951 58 211463 58 211975 59 212487 59 213000 57 213512 57 214024 57 214537 56 215050 54 215563 53 216075 53 216587 53 217099 53 217611 53 218124 52 218637 51 219150 50 219663 48 220175 48 220689 45 221202 44 221715 42 222228 38 222741 36 223256 32 223770 29 224283 27 224798 23 225313 16 225828 7
ad9d305cbf193d4250743ead466bdaefe910835d7e352c544e22320e8336f5c1,261900 12 262410 17 262919 22 263430 24 263942 25 264453 27 264964 29 265475 31 265986 33 266497 35 267008 36 267519 37 268031 38 268543 38 269055 38 269567 38 270079 38 270590 39 271102 39 271614 39 272127 38 272639 38 273151 38 273663 38 274176 37 274688 37 275201 35 275713 35 276226 33 276738 33 277251 32 277764 30 278277 29 278790 27 279303 25 279817 22 280331 19 280846 13 281364 4
ad9d305cbf193d4250743ead466bdaefe910835d7e352c544e22320e8336f5c1,170093 14 170601 21 171111 25 171621 28 172131 31 172641 34 173151 37 173662 39 174172 42 174683 44 175195 44 175706 46 176218 46 176730 47 177242 47 177754 48 178267 47 178779 48 179291 48 179803 49 180315 49 180827 49 181339 50 181850 51 182362 51 182874 51 183387 50 183899 50 184411 50 184924 48 185437 45 185950 43 186463 39 186976 36 187488 35 188001 32 188514 30 189027 28 189540 25 190054 22 190567 19 191081 16 191597 10
ad9d305cbf193d4250743ead466bdaefe910835d7e352c544e22320e8336f5c1,36418 9 36927 14 37438 17 37949 20 38459 23 38970 26 39481 28 39991 32 40502 34 41012 37 41523 39 42033 41 42544 43 43055 45 43567 45 44078 46 44590 47 45102 47 45613 48 46125 48 46637 48 47149 47 47661 47 48173 47 48685 46 49198 45 49711 43 50224 42 50737 40 51250 39 51762 38 52275 36 52788 34 53302 31 53815 29 54328 26 54841 24 55354 21 55867 19 56389 6 56903 2
ad9d305cbf193d4250743ead466bdaefe910835d7e352c544e22320e8336f5c1,292489 13 292999 18 293508 24 294018 30 294529 34 295041 35 295552 37 296063 40 296575 41 297086 43 297598 44 298109 46 298620 47 299132 48 299643 50 300154 51 300666 51 301177 53 301689 53 302201 54 302712 55 303224 56 303735 57 304247 58 304759 58 305270 59 305782 59 306294 60 306805 61 307317 61 307829 62 308341 62 308852 63 309364 64 309876 64 310388 65 310901 64 311413 64 311925 64 312437 65 312950 64 313462 64 313975 63 314487 63 315000 62 315513 61 316025 61 316538 60 317051 58 317565 56 318078 54 318591 53 319105 50 319618 49 320132 46 320645 44 321159 41 321672 39 322185 37 322699 35 323214 31 323728 27 324242 24 324757 19 325274 10
ad9d305cbf193d4250743ead466bdaefe910835d7e352c544e22320e8336f5c1,40700 10 41211 13 41722 15 42233 18 42745 19 43256 22 43768 22 44279 24 44791 25 45303 25 45815 25 46327 25 46838 27 47350 27 47862 27 48375 26 48887 26 49400 25 49912 25 50424 25 50937 24 51449 23 51962 22 52474 21 52986 21 53499 19 54013 15 54529 10
ad9d305cbf193d4250743ead466bdaefe910835d7e352c544e22320e8336f5c1,80381 4 80889 8 81398 11 81909 12 82421 12 82933 12 83444 13 83955 14 84466 15 84978 15 85489 16 86000 17 86512 17 87024 17 87535 18 88047 18 88559 18 89070 19 89581 20 90093 20 90605 20 91117 20 91629 20 92141 20 92653 20 93164 21 93676 21 94188 21 94700 21 95211 22 95723 22 96235 22 96747 22 97259 22 97771 22 98283 22 98795 22 99307 22 99820 21 100334 19 100848 17 101362 15 101876 13 102388 13 102902 11 103418 7
ad9d305cbf193d4250743ead466bdaefe910835d7e352c544e22320e8336f5c1,73376 5 73882 11 74389 19 74899 24 75410 27 75920 31 76431 34 76942 36 77453 38 77964 41 78475 43 78987 44 79498 45 80010 46 80521 48 81033 49 81545 50 82056 52 82568 52 83080 53 83592 53 84104 54 84616 54 85128 55 85640 55 86152 55 86664 56 87177 55 87689 55 88201 56 88713 56 89225 55 89738 54 90250 56 90762 56 91275 54 91787 53 92300 52 92812 52 93325 50 93837 50 94350 49 94862 49 95375 47 95888 46 96401 44 96914 43 97427 41 97941 38 98455 35 98969 32 99482 30 99996 26 100510 23 101024 19 101541 11
ad9d305cbf193d4250743ead466bdaefe910835d7e352c544e22320e8336f5c1,97561 7 98070 12 98575 2 98579 16 99083 27 99594 30 100105 32 100617 34 101128 36 101639 37 102150 39 102661 41 103173 41 103684 43 104196 43 104708 44 105220 44 105732 45 106243 46 106755 47 107267 47 107778 49 108290 49 108802 50 109314 50 109826 51 110338 52 110851 52 111363 53 111875 54 112387 55 112900 54 113412 54 113924 54 114436 55 114948 55 115461 55 115973 55 116485 55 116997 55 117510 54 118022 54 118534 54 119047 54 119559 54 120072 53 120584 52 121097 51 121609 51 122122 49 122634 49 123146 48 123659 47 124172 46 124684 45 125197 44 125710 42 126223 41 126736 39 127249 37 127761 37 128274 35 128787 33 129299 32 129813 29 130325 28 130838 25 131351 22 131865 17 132378 13 132892 9 133406 5
ad9d305cbf193d4250743ead466bdaefe910835d7e352c544e22320e8336f5c1,153767 15 154279 17 154790 20 155301 22 155812 24 156322 28 156833 30 157344 32 157853 37 158364 39 158876 39 159387 41 159898 43 160410 44 160921 45 161433 46 161944 47 162456 48 162968 48 163479 49 163991 49 164503 50 165015 50 165526 51 166038 51 166550 51 167062 51 167575 50 168087 50 168599 50 169111 50 169623 50 170136 49 170648 49 171160 49 171673 48 172185 48 172697 48 173210 46 173723 45 174236 44 174749 43 175262 41 175775 40 176288 38 176802 36 177315 34 177830 30 178344 27 178860 22 179376 15
ad9d305cbf193d4250743ead466bdaefe910835d7e352c544e22320e8336f5c1,131209 3 131715 15 132225 19 132736 21 133247 24 133757 27 134268 29 134778 32 135289 33 135800 35 136311 37 136822 39 137334 39 137845 40 138356 42 138868 42 139379 43 139891 44 140403 44 140914 45 141426 44 141938 44 142450 44 142961 45 143473 45 143985 45 144497 45 145009 45 145521 45 146033 45 146545 45 147057 45 147570 43 148082 43 148594 43 149107 42 149619 41 150131 41 150644 39 151157 37 151670 35 152183 33 152696 31 153209 29 153722 27 154236 24 154749 21 155263 18 155777 8 155789 2
ad9d305cbf193d4250743ead466bdaefe910835d7e352c544e22320e8336f5c1,5219 9 5726 17 6237 20 6748 22 7259 24 7771 24 8282 26 8793 27 9304 28 9815 30 10326 31 10837 32 11349 33 11860 34 12372 34 12884 34 13396 34 13908 34 14420 34 14932 33 15445 32 15957 32 16469 32 16981 33 17494 32 18006 32 18518 32 19031 31 19544 30 20056 29 20569 27 21082 26 21595 24 22109 22 22622 20 23136 17 23649 11 24163 7 24677 3
