ae9f76b5360df3f60f3cdd389652b96e823080bb830dd8c79e7f1e597d51bc1c,15527 5 15781 8 16037 8 16292 9 16548 9 16803 10 17059 10 17316 8 17572 8
ae9f76b5360df3f60f3cdd389652b96e823080bb830dd8c79e7f1e597d51bc1c,36591 6 36846 9 37101 10 37357 11 37613 11 37869 11 38130 6 38387 4 38643 3 38899 2
ae9f76b5360df3f60f3cdd389652b96e823080bb830dd8c79e7f1e597d51bc1c,32571 4 32825 8 33081 9 33336 11 33592 11 33848 11 34104 11 34360 11 34616 11 34872 11 35129 10 35385 10 35641 10 35898 9 36154 9 36412 5
ae9f76b5360df3f60f3cdd389652b96e823080bb830dd8c79e7f1e597d51bc1c,36220 4 36475 6 36730 7 36985 8 37240 9 37496 9 37752 8 38008 8 38265 5
ae9f76b5360df3f60f3cdd389652b96e823080bb830dd8c79e7f1e597d51bc1c,20981 5 21236 7 21492 8 21748 8 22004 8 22261 7 22518 6 22775 2
ae9f76b5360df3f60f3cdd389652b96e823080bb830dd8c79e7f1e597d51bc1c,39516 5 39771 7 40027 7 40283 7 40539 7 40795 7 41052 5
ae9f76b5360df3f60f3cdd389652b96e823080bb830dd8c79e7f1e597d51bc1c,41822 3 42077 5 42333 5 42589 5 42846 3
ae9f76b5360df3f60f3cdd389652b96e823080bb830dd8c79e7f1e597d51bc1c,19293 5 19548 7 19804 8 20060 8 20316 9 20572 9 20829 8 21086 6
ae9f76b5360df3f60f3cdd389652b96e823080bb830dd8c79e7f1e597d51bc1c,42803 3 43058 5 43314 5 43570 5 43827 3
ae9f76b5360df3f60f3cdd389652b96e823080bb830dd8c79e7f1e597d51bc1c,44089 6 44344 7 44599 9 44854 10 45109 11 45365 11 45621 10 45877 10 46134 8 46391 6
ae9f76b5360df3f60f3cdd389652b96e823080bb830dd8c79e7f1e597d51bc1c,54010 5 54265 6 54520 7 54776 7 55032 8 55288 9 55544 9 55800 7 55808 1 56057 6 56064 1
ae9f76b5360df3f60f3cdd389652b96e823080bb830dd8c79e7f1e597d51bc1c,13175 5 13429 11 13684 12 13939 13 14195 14 14451 13 14707 13 14963 13 15219 12 15477 9 15735 6
ae9f76b5360df3f60f3cdd389652b96e823080bb830dd8c79e7f1e597d51bc1c,21170 4 21423 8 21678 9 21933 11 22189 11 22445 11 22702 9 22959 7
ae9f76b5360df3f60f3cdd389652b96e823080bb830dd8c79e7f1e597d51bc1c,30585 5 30840 6 31095 7 31351 8 31607 8 31863 7 32121 4
ae9f76b5360df3f60f3cdd389652b96e823080bb830dd8c79e7f1e597d51bc1c,59000 5 59255 7 59509 9 59764 11 60020 11 60275 11 60531 11 60787 10 61043 9 61299 8 61556 7 61814 4
ae9f76b5360df3f60f3cdd389652b96e823080bb830dd8c79e7f1e597d51bc1c,12637 5 12891 8 13147 9 13402 10 13658 11 13914 11 14170 11 14426 11 14683 10 14939 10 15195 10 15451 9 15708 8
ae9f76b5360df3f60f3cdd389652b96e823080bb830dd8c79e7f1e597d51bc1c,31680 3 31935 7 32191 7 32446 8 32702 8 32958 7 33214 7 33471 5
ae9f76b5360df3f60f3cdd389652b96e823080bb830dd8c79e7f1e597d51bc1c,15927 3 16180 8 16436 11 16692 11 16948 12 17204 13 17461 12 17720 9
ae9f76b5360df3f60f3cdd389652b96e823080bb830dd8c79e7f1e597d51bc1c,9239 4 9494 6 9749 8 10004 9 10260 10 10515 11 10771 11 11027 11 11284 11 11540 11 11796 11 12052 10 12308 10 12565 8 12823 5
ae9f76b5360df3f60f3cdd389652b96e823080bb830dd8c79e7f1e597d51bc1c,31771 7 32026 8 32281 10 32537 10 32791 12 33047 11 33302 12 33556 13 33812 12 34068 11 34324 10 34581 7
ae9f76b5360df3f60f3cdd389652b96e823080bb830dd8c79e7f1e597d51bc1c,21287 6 21543 6 21799 7 22055 9 22311 8 22567 8 22824 7 23081 6 23337 6 23594 4
ae9f76b5360df3f60f3cdd389652b96e823080bb830dd8c79e7f1e597d51bc1c,34528 4 34783 6 35038 8 35294 9 35550 9 35806 9 36062 9 36319 7 36576 6 36833 4
ae9f76b5360df3f60f3cdd389652b96e823080bb830dd8c79e7f1e597d51bc1c,24201 9 24457 10 24713 10 24969 10 25226 9 25483 8 25741 5
ae9f76b5360df3f60f3cdd389652b96e823080bb830dd8c79e7f1e597d51bc1c,7367 4 7621 7 7876 9 8132 10 8387 11 8643 11 8899 11 9155 11 9411 11 9667 10 9923 10 10180 8 10437 6 10694 4
ae9f76b5360df3f60f3cdd389652b96e823080bb830dd8c79e7f1e597d51bc1c,6913 3 7169 4 7425 4 7681 4 7937 5 8193 5 8449 5 8705 5 8961 4 9217 3 9473 3
ae9f76b5360df3f60f3cdd389652b96e823080bb830dd8c79e7f1e597d51bc1c,21 10 276 12 531 13 787 13 1042 14 1298 13 1555 11 1811 10
ae9f76b5360df3f60f3cdd389652b96e823080bb830dd8c79e7f1e597d51bc1c,40627 6 40881 9 41136 10 41392 10 41648 10 41905 8 42163 5
ae9f76b5360df3f60f3cdd389652b96e823080bb830dd8c79e7f1e597d51bc1c,38124 6 38379 8 38634 9 38890 9 39146 9 39402 9 39658 9 39914 9 40171 7 40428 3
ae9f76b5360df3f60f3cdd389652b96e823080bb830dd8c79e7f1e597d51bc1c,8176 4 8431 6 8687 7 8942 8 9198 8 9453 9 9709 8 9965 8 10221 7 10478 5 10734 5
ae9f76b5360df3f60f3cdd389652b96e823080bb830dd8c79e7f1e597d51bc1c,64696 6 64951 8 65207 8 65463 8
ae9f76b5360df3f60f3cdd389652b96e823080bb830dd8c79e7f1e597d51bc1c,63218 5 63473 7 63728 9 63984 9 64240 9 64496 9 64753 7 65010 6 65267 4
ae9f76b5360df3f60f3cdd389652b96e823080bb830dd8c79e7f1e597d51bc1c,25856 1 26111 2 26366 3 26621 4 26877 4 27133 4 27388 5 27645 4 27901 4 28158 3
ae9f76b5360df3f60f3cdd389652b96e823080bb830dd8c79e7f1e597d51bc1c,26092 2 26347 7 26603 8 26858 9 27115 8 27373 6 27631 3
ae9f76b5360df3f60f3cdd389652b96e823080bb830dd8c79e7f1e597d51bc1c,25172 4 25426 7 25682 8 25937 9 26193 10 26448 11 26704 11 26960 11 27216 11 27472 11 27728 11 27985 10 28242 8 28498 8
ae9f76b5360df3f60f3cdd389652b96e823080bb830dd8c79e7f1e597d51bc1c,34995 5 35250 8 35505 9 35761 9 36017 9 36273 10 36530 9 36786 8 37043 7 37300 6
ae9f76b5360df3f60f3cdd389652b96e823080bb830dd8c79e7f1e597d51bc1c,39126 5 39380 8 39635 9 39891 9 40146 10 40403 9 40659 8 40915 7 41173 4
ae9f76b5360df3f60f3cdd389652b96e823080bb830dd8c79e7f1e597d51bc1c,34297 5 34552 7 34808 8 35064 9 35320 9 35576 9 35835 6 36092 5 36349 4
ae9f76b5360df3f60f3cdd389652b96e823080bb830dd8c79e7f1e597d51bc1c,49885 7 50140 10 50396 11 50652 12 50909 11 51166 10 51424 8 51681 6
ae9f76b5360df3f60f3cdd389652b96e823080bb830dd8c79e7f1e597d51bc1c,59343 4 59598 7 59853 8 60108 9 60364 9 60619 10 60875 9 61131 8 61387 7 61644 6 61901 4
ae9f76b5360df3f60f3cdd389652b96e823080bb830dd8c79e7f1e597d51bc1c,61099 4 61353 7 61610 7 61866 7 62122 8 62378 9 62634 8 62890 8 63147 7 63403 7 63660 6 63917 4
ae9f76b5360df3f60f3cdd389652b96e823080bb830dd8c79e7f1e597d51bc1c,46784 4 47039 6 47294 7 47551 6 47808 5 48066 2
ae9f76b5360df3f60f3cdd389652b96e823080bb830dd8c79e7f1e597d51bc1c,25319 3 25573 6 25829 6 26085 6 26343 3
ae9f76b5360df3f60f3cdd389652b96e823080bb830dd8c79e7f1e597d51bc1c,15588 4 15842 8 16097 10 16353 11 16608 13 16864 13 17119 14 17375 14 17631 14 17887 14 18143 9 18153 3 18399 9 18655 9 18911 9 19168 7
ae9f76b5360df3f60f3cdd389652b96e823080bb830dd8c79e7f1e597d51bc1c,15756 6 16011 7 16266 9 16522 9 16778 9 17034 9 17290 7 17547 6 17803 5 18061 1
ae9f76b5360df3f60f3cdd389652b96e823080bb830dd8c79e7f1e597d51bc1c,64725 3 64978 8 65234 8 65490 9
ae9f76b5360df3f60f3cdd389652b96e823080bb830dd8c79e7f1e597d51bc1c,29416 5 29672 6 29928 7 30184 7 30440 8 30697 8 30954 7 31210 7 31467 5
ae9f76b5360df3f60f3cdd389652b96e823080bb830dd8c79e7f1e597d51bc1c,63826 4 64081 6 64337 7 64593 9 64849 9 65105 9 65362 8
ae9f76b5360df3f60f3cdd389652b96e823080bb830dd8c79e7f1e597d51bc1c,23535 4 23789 7 24042 10 24297 11 24553 10 24809 9 25066 4
ae9f76b5360df3f60f3cdd389652b96e823080bb830dd8c79e7f1e597d51bc1c,60251 5 60506 8 60761 10 61017 11 61274 10 61530 10 61788 8 62046 5
ae9f76b5360df3f60f3cdd389652b96e823080bb830dd8c79e7f1e597d51bc1c,17389 2 17645 4 17901 4 18152 1 18156 5 18408 10 18664 10 18921 10 19177 10 19433 10 19690 9 19947 8 20204 6
ae9f76b5360df3f60f3cdd389652b96e823080bb830dd8c79e7f1e597d51bc1c,51399 6 51653 9 51909 10 52165 10 52421 10 52677 10 52934 8 53193 3
ae9f76b5360df3f60f3cdd389652b96e823080bb830dd8c79e7f1e597d51bc1c,7208 1 7210 3 7463 7 7718 10 7974 10 8230 11 8486 10 8742 10 8999 6 9256 6 9515 1
ae9f76b5360df3f60f3cdd389652b96e823080bb830dd8c79e7f1e597d51bc1c,62353 4 62608 6 62863 7 63118 8 63373 9 63628 9 63884 8 64140 7 64396 6 64654 1 64657 1 64913 1 65169 1 65425 1
ae9f76b5360df3f60f3cdd389652b96e823080bb830dd8c79e7f1e597d51bc1c,26585 4 26839 8 27095 9 27351 9 27607 10 27863 10 28119 10 28375 10 28631 10 28888 8 29145 7
ae9f76b5360df3f60f3cdd389652b96e823080bb830dd8c79e7f1e597d51bc1c,56544 9 56800 10 57055 11 57311 11 57567 11 57823 10 58080 9 58337 7
ae9f76b5360df3f60f3cdd389652b96e823080bb830dd8c79e7f1e597d51bc1c,51548 7 51804 8 52060 8 52316 8 52572 8 52829 7 53085 7 53343 4
ae9f76b5360df3f60f3cdd389652b96e823080bb830dd8c79e7f1e597d51bc1c,49083 4 49339 5 49595 5 49851 6 50108 5 50366 3
ae9f76b5360df3f60f3cdd389652b96e823080bb830dd8c79e7f1e597d51bc1c,41828 3 42083 5 42339 5 42595 5 42852 3
ae9f76b5360df3f60f3cdd389652b96e823080bb830dd8c79e7f1e597d51bc1c,35832 3 36087 5 36343 5 36599 6 36855 7 37111 7 37368 7 37625 6 37881 6 38138 4
ae9f76b5360df3f60f3cdd389652b96e823080bb830dd8c79e7f1e597d51bc1c,16574 6 16829 8 17084 10 17340 10 17595 11 17851 11 18107 11 18364 9 18620 9 18877 7
ae9f76b5360df3f60f3cdd389652b96e823080bb830dd8c79e7f1e597d51bc1c,52897 5 53151 8 53406 10 53661 11 53916 12 54172 12 54428 11 54684 10 54940 10 55197 8 55455 4
ae9f76b5360df3f60f3cdd389652b96e823080bb830dd8c79e7f1e597d51bc1c,53637 7 53892 9 54148 9 54403 10 54659 10 54915 9 55172 7
ae9f76b5360df3f60f3cdd389652b96e823080bb830dd8c79e7f1e597d51bc1c,64123 4 64378 5 64633 6 64888 7 65144 7 65399 8
ae9f76b5360df3f60f3cdd389652b96e823080bb830dd8c79e7f1e597d51bc1c,17924 7 18179 10 18435 11 18691 11 18947 11 19203 11 19459 12 19716 10 19973 9 20230 8 20487 6 20744 5
ae9f76b5360df3f60f3cdd389652b96e823080bb830dd8c79e7f1e597d51bc1c,10807 5 11061 7 11316 10 11570 12 11825 14 12081 14 12337 13 12594 12 12851 10
ae9f76b5360df3f60f3cdd389652b96e823080bb830dd8c79e7f1e597d51bc1c,25070 3 25325 5 25581 5 25837 5 26094 3
ae9f76b5360df3f60f3cdd389652b96e823080bb830dd8c79e7f1e597d51bc1c,60857 7 61112 9 61368 9 61623 10 61879 10 62136 9 62393 7
ae9f76b5360df3f60f3cdd389652b96e823080bb830dd8c79e7f1e597d51bc1c,4344 8 4596 13 4851 14 5106 15 5363 14 5619 14 5876 13 6133 11 6392 5
ae9f76b5360df3f60f3cdd389652b96e823080bb830dd8c79e7f1e597d51bc1c,49686 3 49941 5 50197 5 50453 5 50710 3
ae9f76b5360df3f60f3cdd389652b96e823080bb830dd8c79e7f1e597d51bc1c,19404 1 19406 2 19655 1 19657 7 19911 9 20166 10 20422 10 20678 10 20934 11 21191 10 21448 8 21705 5
ae9f76b5360df3f60f3cdd389652b96e823080bb830dd8c79e7f1e597d51bc1c,5804 5 6059 7 6314 8 6570 8 6826 8 7082 8 7338 7 7594 7 7850 7
ae9f76b5360df3f60f3cdd389652b96e823080bb830dd8c79e7f1e597d51bc1c,8359 4 8613 7 8868 8 9124 9 9381 12 9638 11 9895 8 10153 5
ae9f76b5360df3f60f3cdd389652b96e823080bb830dd8c79e7f1e597d51bc1c,17363 6 17617 9 17872 10 18128 11 18384 11 18640 11 18897 9 19153 9 19411 6
