af8621ef0db8c26b0bce6385bd5609b584bfd678fcf7a234b8a15e6bb05c15ac,55056 8 55310 11 55565 13 55821 14 56076 16 56331 18 56586 19 56842 20 57098 20 57353 21 57609 22 57864 23 58120 23 58376 23 58632 22 58889 21 59146 19 59403 18 59660 16 59917 14 60175 10 60432 7
af8621ef0db8c26b0bce6385bd5609b584bfd678fcf7a234b8a15e6bb05c15ac,1585 3 1839 9 2094 12 2349 14 2604 15 2859 17 3114 18 3370 18 3625 18 3881 18 4137 17 4393 15 4650 13 4907 9 5164 4
af8621ef0db8c26b0bce6385bd5609b584bfd678fcf7a234b8a15e6bb05c15ac,42497 1 42753 3 43009 4 43265 5 43521 6 43777 6 44033 7 44289 8 44545 8 44801 9 45057 9 45313 10 45569 10 45825 10 46081 10 46337 9 46593 9 46849 8 47105 7 47361 3 47617 1
af8621ef0db8c26b0bce6385bd5609b584bfd678fcf7a234b8a15e6bb05c15ac,120 5 373 12 628 16 883 12 1137 12 1391 14 1646 14 1901 14 2156 15 2412 15 2668 15 2924 16 3181 15 3437 15 3693 16 3950 19 4207 21 4464 15 4721 13 4979 9
af8621ef0db8c26b0bce6385bd5609b584bfd678fcf7a234b8a15e6bb05c15ac,14961 5 15215 8 15470 10 15725 11 15980 12 16236 12 16491 13 16747 13 17002 14 17258 13 17514 13 17770 13 18026 12 18283 10 18540 8 18798 3
af8621ef0db8c26b0bce6385bd5609b584bfd678fcf7a234b8a15e6bb05c15ac,12732 4 12987 10 13242 12 13497 14 13753 15 14008 16 14264 16 14520 16 14776 16 15033 14 15289 14 15546 12 15803 10 16060 6
af8621ef0db8c26b0bce6385bd5609b584bfd678fcf7a234b8a15e6bb05c15ac,57686 6 57940 10 58195 12 58451 12 58706 14 58961 16 59217 17 59473 18 59729 19 59985 19 60241 19 60498 18 60754 18 61010 18 61267 17 61524 15 61780 15 62037 14 62294 12 62551 11 62809 8 63067 4
af8621ef0db8c26b0bce6385bd5609b584bfd678fcf7a234b8a15e6bb05c15ac,213 27 469 27 726 26 982 26 1238 25 1494 24 1751 22 2008 20 2265 18 2524 14 2784 8
af8621ef0db8c26b0bce6385bd5609b584bfd678fcf7a234b8a15e6bb05c15ac,5834 6 6087 12 6342 15 6597 17 6852 19 7108 20 7364 21 7620 21 7876 21 8133 20 8390 18 8647 17 8904 16 9162 13 9421 9
af8621ef0db8c26b0bce6385bd5609b584bfd678fcf7a234b8a15e6bb05c15ac,62782 5 63036 9 63291 11 63547 12 63802 15 64058 15 64315 14 64571 15 64827 16 65083 17 65339 17
af8621ef0db8c26b0bce6385bd5609b584bfd678fcf7a234b8a15e6bb05c15ac,31512 3 31765 8 32020 10 32275 12 32530 14 32785 15 33041 16 33297 16 33552 17 33808 17 34064 17 34320 16 34576 14 34832 13 35088 12 35345 10 35601 9 35858 7 36115 5
af8621ef0db8c26b0bce6385bd5609b584bfd678fcf7a234b8a15e6bb05c15ac,27320 7 27573 11 27826 16 28081 19 28336 21 28591 23 28846 25 29102 26 29358 26 29614 27 29869 28 30125 28 30382 27 30638 26 30894 26 31151 24 31407 24 31664 22 31921 20 32178 18 32437 15 32694 13 32951 10 33209 6
af8621ef0db8c26b0bce6385bd5609b584bfd678fcf7a234b8a15e6bb05c15ac,11761 9 12016 13 12271 16 12526 18 12781 20 13037 20 13293 20 13548 21 13804 21 14060 21 14316 21 14572 21 14828 21 15085 20 15342 19 15598 19 15855 18 16112 15 16369 12
af8621ef0db8c26b0bce6385bd5609b584bfd678fcf7a234b8a15e6bb05c15ac,9806 10 10060 13 10315 15 10570 17 10825 19 11080 20 11336 20 11592 20 11848 20 12104 20 12360 20 12617 19 12873 18 13130 17 13387 16 13644 14 13901 11 14159 7
af8621ef0db8c26b0bce6385bd5609b584bfd678fcf7a234b8a15e6bb05c15ac,11404 6 11658 9 11910 15 12164 18 12419 19 12674 20 12929 20 13185 20 13440 20 13696 20 13951 20 14207 19 14463 17 14720 15 14976 14 15234 2 15238 5
af8621ef0db8c26b0bce6385bd5609b584bfd678fcf7a234b8a15e6bb05c15ac,17560 6 17814 9 18069 11 18324 12 18578 15 18832 17 19087 18 19342 19 19598 19 19854 18 20110 18 20366 17 20622 16 20879 12 21137 8
af8621ef0db8c26b0bce6385bd5609b584bfd678fcf7a234b8a15e6bb05c15ac,17363 3 17618 5 17873 7 18128 8 18383 10 18639 11 18895 11 19151 11 19407 12 19663 12 19920 12 20176 12 20433 10 20689 10 20946 9 21203 7 21461 2
af8621ef0db8c26b0bce6385bd5609b584bfd678fcf7a234b8a15e6bb05c15ac,895 6 1149 10 1405 11 1660 13 1915 14 2171 14 2427 14 2683 14 2940 13 3196 11 3452 11 3709 9 3969 3
af8621ef0db8c26b0bce6385bd5609b584bfd678fcf7a234b8a15e6bb05c15ac,64308 7 64563 8 64819 8 65075 8 65331 8
af8621ef0db8c26b0bce6385bd5609b584bfd678fcf7a234b8a15e6bb05c15ac,45353 7 45607 12 45862 14 46118 15 46373 17 46629 17 46885 18 47141 19 47396 20 47652 20 47908 20 48164 21 48420 21 48677 20 48934 19 49190 19 49446 18 49702 18 49959 17 50216 15 50473 13 50730 11 50988 8 51245 4
af8621ef0db8c26b0bce6385bd5609b584bfd678fcf7a234b8a15e6bb05c15ac,24300 2 24552 8 24807 10 25062 13 25317 15 25573 15 25829 16 26084 17 26340 17 26596 17 26853 16 27109 16 27365 16 27620 16 27876 16 28132 15 28388 15 28645 14 28901 13 29158 11 29416 7
af8621ef0db8c26b0bce6385bd5609b584bfd678fcf7a234b8a15e6bb05c15ac,180 14 437 13 694 11 951 9 1208 7
