afa272dc01825d4b929b3bfc79a10f68dd3c163c450d858b964d1ce0bc93e131,36253 3 36257 6 36770 16 37289 20 37807 27 38325 32 38844 36 39364 38 39883 40 40403 41 40922 43 41441 44 41960 47 42480 49 42999 50 43519 51 44039 51 44559 52 45079 52 45598 54 46119 53 46639 54 47159 54 47679 54 48199 54 48719 54 49240 53 49760 53 50281 52 50802 51 51322 51 51843 50 52364 48 52885 46 53405 46 53926 44 54446 44 54967 42 55487 41 56008 38 56529 36 57049 34 57570 33 58091 31 58612 30 59133 28 59654 26 60175 25 60696 23 61217 20 61739 16 62262 12 62787 2
afa272dc01825d4b929b3bfc79a10f68dd3c163c450d858b964d1ce0bc93e131,90348 10 90866 14 91385 16 91903 20 92422 22 92941 24 93460 26 93980 26 94499 29 95019 29 95539 30 96058 31 96578 32 97098 32 97618 33 98137 34 98657 34 99177 34 99696 36 100216 36 100736 36 101255 37 101775 37 102295 37 102815 37 103335 37 103855 37 104375 36 104895 36 105415 36 105936 35 106456 34 106977 33 107497 33 108017 33 108537 32 109057 32 109577 31 110098 30 110618 30 111138 29 111658 28 112179 27 112699 26 113220 24 113740 23 114261 21 114783 18 115306 14 115827 11 116350 5
afa272dc01825d4b929b3bfc79a10f68dd3c163c450d858b964d1ce0bc93e131,56270 8 56784 18 57301 24 57818 28 58336 33 58854 36 59372 39 59890 42 60409 44 60927 47 61446 49 61965 51 62484 53 63003 54 63522 56 64041 58 64560 60 65080 61 65599 63 66119 64 66639 65 67158 67 67678 68 68198 69 68718 70 69238 70 69758 71 70279 71 70799 71 71319 72 71840 71 72360 71 72880 72 73400 72 73921 71 74441 71 74962 70 75483 69 76004 68 76525 67 77046 66 77568 64 78089 62 78611 60 79132 58 79654 56 80177 52 80699 50 81221 47 81745 42 82270 35 82793 30 83318 22 83849 2 83854 2
afa272dc01825d4b929b3bfc79a10f68dd3c163c450d858b964d1ce0bc93e131,158594 7 159110 11 159628 13 160145 16 160663 18 161181 20 161699 22 162217 24 162735 26 163254 27 163772 29 164291 30 164810 31 165328 33 165847 34 166365 36 166885 36 167404 37 167923 38 168443 38 168962 39 169481 40 170000 41 170519 42 171038 43 171558 43 172077 44 172597 44 173117 44 173637 44 174157 44 174676 45 175196 45 175716 45 176236 45 176757 44 177277 44 177798 43 178318 43 178839 42 179360 41 179881 40 180403 38 180925 35 181449 30 181973 21 182500 8
afa272dc01825d4b929b3bfc79a10f68dd3c163c450d858b964d1ce0bc93e131,151957 6 152473 14 152991 20 153509 24 154027 29 154546 33 155064 38 155583 41 156101 44 156620 47 157139 49 157658 51 158177 53 158696 55 159213 59 159732 60 160251 62 160770 63 161289 65 161808 66 162328 66 162847 67 163367 67 163886 69 164406 69 164926 69 165446 69 165965 70 166485 70 167005 70 167525 70 168045 70 168565 69 169085 69 169605 69 170125 68 170645 68 171166 67 171686 66 172206 66 172727 64 173247 63 173768 62 174288 61 174809 60 175330 58 175851 56 176372 54 176893 52 177413 51 177934 48 178456 45 178977 43 179499 38 180021 35 180543 31 181067 24 181590 19
afa272dc01825d4b929b3bfc79a10f68dd3c163c450d858b964d1ce0bc93e131,329397 5 329914 11 330432 16 330951 19 331470 21 331990 22 332509 24 333029 25 333548 26 334068 27 334587 28 335107 28 335627 29 336146 30 336666 30 337186 30 337705 31 338225 31 338745 31 339264 32 339784 32 340304 32 340824 32 341343 33 341863 33 342383 33 342903 33 343423 33 343942 34 344462 34 344982 34 345502 34 346022 34 346542 34 347062 34 347582 34 348101 35 348621 35 349142 34 349662 34 350182 34 350702 33 351222 33 351742 33 352263 32 352783 32 353303 31 353823 31 354343 31 354864 29 355384 28 355905 27 356425 26 356946 25 357466 24 357987 23 358508 21 359029 19 359550 17 360072 14 360593 11 361115 6
afa272dc01825d4b929b3bfc79a10f68dd3c163c450d858b964d1ce0bc93e131,243278 15 243795 33 244313 40 244831 43 245350 46 245869 48 246388 50 246907 52 247426 54 247945 56 248464 58 248984 59 249503 61 250023 61 250542 62 251062 63 251582 63 252102 63 252623 63 253143 62 253663 62 254184 61 254705 60 255225 60 255747 57 256269 55 256790 53 257312 50 257834 47 258356 43 258878 39 259401 33 259924 26 260450 4 260455 11
afa272dc01825d4b929b3bfc79a10f68dd3c163c450d858b964d1ce0bc93e131,202177 5 202690 18 203208 22 203726 25 204244 28 204763 30 205281 32 205800 34 206318 36 206837 37 207356 39 207875 40 208394 41 208912 43 209432 43 209951 44 210470 44 210989 45 211508 46 212027 47 212547 47 213066 47 213585 48 214104 48 214624 48 215143 49 215663 48 216182 49 216702 48 217222 48 217742 47 218262 47 218781 46 219302 45 219822 44 220342 43 220863 41 221383 40 221904 37 222425 34 222946 31 223467 29 223990 23 224513 16
afa272dc01825d4b929b3bfc79a10f68dd3c163c450d858b964d1ce0bc93e131,114212 15 114731 17 115249 19 115768 22 116287 24 116806 26 117325 27 117844 29 118364 29 118883 31 119403 31 119922 33 120441 34 120961 34 121480 36 122000 36 122519 37 123039 37 123559 37 124079 37 124599 37 125118 39 125638 39 126158 39 126678 39 127198 39 127717 39 128237 39 128757 39 129277 39 129797 38 130317 38 130838 37 131358 36 131878 36 132399 35 132919 34 133440 33 133960 32 134481 31 135002 30 135524 28 136045 26 136566 24 137088 21 137609 17 138130 15 138653 8 139177 1
afa272dc01825d4b929b3bfc79a10f68dd3c163c450d858b964d1ce0bc93e131,118990 2 118993 7 119508 15 120021 28 120538 32 121057 34 121575 37 122094 38 122612 40 123131 41 123650 43 124169 44 124688 45 125208 45 125727 46 126246 47 126765 48 127284 49 127803 50 128323 49 128842 50 129361 51 129881 50 130400 51 130919 51 131438 52 131957 52 132476 53 132995 53 133514 53 134033 54 134552 54 135071 55 135591 54 136110 54 136629 55 137149 54 137668 54 138188 53 138707 53 139227 52 139746 52 140266 51 140786 50 141305 50 141825 48 142345 47 142865 45 143385 44 143905 42 144425 41 144946 38 145466 36 145986 35 146507 32 147027 30 147548 27 148069 24 148590 20 149111 17 149632 14 150156 6
