b0d6dfcc95e4d087d232378f860fc3ef9f95ea5a4c26d623a0be091f820a793f,53240 9 53495 10 53751 10 54007 10 54263 10 54518 11 54775 10 55031 10 55288 9 55546 7
b0d6dfcc95e4d087d232378f860fc3ef9f95ea5a4c26d623a0be091f820a793f,23569 5 23821 12 24076 15 24331 18 24587 19 24843 21 25098 22 25354 23 25611 22 25867 23 26123 23 26380 22 26636 22 26893 20 27150 19 27408 17 27666 14 27923 13 28182 7
b0d6dfcc95e4d087d232378f860fc3ef9f95ea5a4c26d623a0be091f820a793f,22585 4 22840 7 23095 9 23351 10 23607 11 23863 11 24119 12 24376 11 24633 10 24890 9 25147 7 25405 4
b0d6dfcc95e4d087d232378f860fc3ef9f95ea5a4c26d623a0be091f820a793f,49513 3 49767 6 50022 8 50276 10 50531 11 50787 11 51043 11 51298 12 51554 12 51810 11 52066 11 52323 9 52580 7 52838 2
b0d6dfcc95e4d087d232378f860fc3ef9f95ea5a4c26d623a0be091f820a793f,40623 4 40877 8 41132 10 41388 11 41644 12 41900 13 42156 13 42412 14 42669 13 42925 13 43183 10 43440 9 43698 5
b0d6dfcc95e4d087d232378f860fc3ef9f95ea5a4c26d623a0be091f820a793f,37948 3 38201 9 38456 11 38711 13 38967 14 39224 14 39480 14 39738 12 39995 11 40253 8 40510 6
b0d6dfcc95e4d087d232378f860fc3ef9f95ea5a4c26d623a0be091f820a793f,64092 8 64347 9 64602 12 64858 13 65114 14 65370 15
b0d6dfcc95e4d087d232378f860fc3ef9f95ea5a4c26d623a0be091f820a793f,3999 5 4254 7 4509 8 4764 9 5019 10 5274 11 5529 12 5785 12 6041 11 6296 12 6552 11 6808 10 7065 9 7321 7 7579 4
b0d6dfcc95e4d087d232378f860fc3ef9f95ea5a4c26d623a0be091f820a793f,17822 5 18077 8 18333 9 18588 11 18844 11 19100 12 19356 13 19612 13 19869 12 20126 12 20382 12 20639 11 20896 10 21153 9 21410 8 21667 6
b0d6dfcc95e4d087d232378f860fc3ef9f95ea5a4c26d623a0be091f820a793f,27777 4 28032 7 28287 9 28543 9 28799 10 29054 12 29310 12 29567 11 29823 12 30079 12 30336 11 30592 10 30849 9 31106 7 31363 5
b0d6dfcc95e4d087d232378f860fc3ef9f95ea5a4c26d623a0be091f820a793f,55993 4 56246 11 56501 14 56757 14 57013 15 57269 15 57525 14 57782 13 58041 9
b0d6dfcc95e4d087d232378f860fc3ef9f95ea5a4c26d623a0be091f820a793f,41203 8 41458 11 41713 13 41968 14 42223 15 42479 15 42734 16 42990 15 43246 14 43502 13 43759 11 44017 7
b0d6dfcc95e4d087d232378f860fc3ef9f95ea5a4c26d623a0be091f820a793f,57089 2 57345 2 57601 3 57857 3 58113 3 58369 3 58625 3 58881 3 59137 2
b0d6dfcc95e4d087d232378f860fc3ef9f95ea5a4c26d623a0be091f820a793f,1988 4 2243 7 2498 9 2753 10 3009 10 3264 12 3520 12 3776 12 4031 12 4288 11 4544 11 4800 11 5057 9 5314 7 5572 4
b0d6dfcc95e4d087d232378f860fc3ef9f95ea5a4c26d623a0be091f820a793f,6445 4 6699 7 6955 8 7210 9 7466 9 7722 10 7978 10 8234 10 8490 9 8746 9 9003 7 9259 7 9517 3
b0d6dfcc95e4d087d232378f860fc3ef9f95ea5a4c26d623a0be091f820a793f,36097 4 36353 6 36609 8 36865 9 37121 10 37377 11 37633 11 37889 12 38145 13 38401 13 38657 13 38913 12 39169 12 39427 10 39686 6 39945 1
b0d6dfcc95e4d087d232378f860fc3ef9f95ea5a4c26d623a0be091f820a793f,222 7 478 7 734 7 991 5
b0d6dfcc95e4d087d232378f860fc3ef9f95ea5a4c26d623a0be091f820a793f,53041 5 53293 11 53548 13 53803 14 54059 14 54315 14 54571 14 54827 14 55085 11 55344 5
b0d6dfcc95e4d087d232378f860fc3ef9f95ea5a4c26d623a0be091f820a793f,12204 9 12458 12 12714 14 12970 14 13226 15 13482 15 13739 13 13996 12 14253 10 14513 4
b0d6dfcc95e4d087d232378f860fc3ef9f95ea5a4c26d623a0be091f820a793f,26596 4 26850 8 27105 11 27361 12 27616 14 27872 15 28128 15 28385 15 28641 15 28898 14 29155 12 29412 11 29669 9 29927 5
b0d6dfcc95e4d087d232378f860fc3ef9f95ea5a4c26d623a0be091f820a793f,25519 3 25775 3 26030 5 26286 5 26542 5 26800 3
b0d6dfcc95e4d087d232378f860fc3ef9f95ea5a4c26d623a0be091f820a793f,20041 4 20296 7 20551 9 20807 10 21063 10 21320 10 21577 9 21833 10 22090 9 22347 8 22605 5
