b0defa611b75645c0283464ee4163917bad382d335b61e8509f065bf371fa15f,115561 1 115921 7 116281 11 116294 1 116641 18 117001 24 117361 27 117721 28 118081 30 118441 30 118801 31 119161 32 119521 32 119881 32 120241 32 120601 33 120961 32 121321 32 121681 32 122041 32 122401 31 122761 30 123121 29 123481 29 123841 28 124201 27 124561 26 124921 25 125281 24 125641 23 126001 23 126361 21 126721 19 127081 17 127441 15 127801 12
b0defa611b75645c0283464ee4163917bad382d335b61e8509f065bf371fa15f,88447 1 88450 7 88804 15 89162 19 89521 13 89535 8 89880 17 89898 9 90239 30 90599 32 90959 34 91319 36 91679 37 92039 39 92400 40 92760 42 93120 44 93481 44 93842 45 94202 46 94563 47 94924 46 95284 47 95645 47 96006 47 96366 47 96727 47 97088 47 97449 46 97810 45 98171 45 98531 45 98892 44 99252 44 99614 42 99975 41 100336 40 100697 39 101058 38 101420 36 101781 35 102142 34 102504 31 102865 29 103228 24 103590 21 103953 17 104317 10
b0defa611b75645c0283464ee4163917bad382d335b61e8509f065bf371fa15f,92690 6 93049 8 93409 8 93769 8 94129 8 94489 8 94849 8 95209 8
b0defa611b75645c0283464ee4163917bad382d335b61e8509f065bf371fa15f,339 22 698 23 1058 23 1417 24 1778 23 2138 23 2498 23 2858 23 3217 24 3578 23 3938 23 4299 22 4660 21 5020 21 5381 20 5741 20 6101 20 6461 20 6823 18 7183 18 7544 17 7905 16 8266 15 8626 15 8988 13 9348 13 9710 11 10070 11 10431 10 10792 9 11153 8 11514 7 11875 6
b0defa611b75645c0283464ee4163917bad382d335b61e8509f065bf371fa15f,31101 3 31461 6 31821 6 32181 7 32541 7 32901 7 33262 6 33622 4
b0defa611b75645c0283464ee4163917bad382d335b61e8509f065bf371fa15f,84701 8 85060 14 85417 19 85776 22 86136 24 86495 27 86854 31 87213 33 87572 40 87931 43 88291 45 88651 47 89010 49 89370 50 89730 51 90089 53 90449 53 90810 53 91170 54 91530 55 91890 55 92250 55 92610 55 92971 54 93331 55 93692 53 94052 53 94413 52 94773 52 95133 52 95494 50 95854 49 96215 48 96576 46 96936 45 97297 42 97658 39 98022 32 98385 24 98748 18
b0defa611b75645c0283464ee4163917bad382d335b61e8509f065bf371fa15f,2959 6 3318 7 3677 9 4037 9 4397 9 4757 9 5117 9 5478 7 5839 4
b0defa611b75645c0283464ee4163917bad382d335b61e8509f065bf371fa15f,37801 1 38161 4 38521 5 38881 7 39241 8 39601 9 39961 12 40321 13 40681 13 41041 14 41056 1 41401 17 41761 18 42121 19 42481 21 42841 22 43201 23 43561 23 43921 23 44281 24 44641 24 45001 25 45361 25 45721 26 46081 26 46441 27 46801 28 47161 28 47521 29 47881 29 48241 29 48601 29 48961 29 49321 29 49681 30 50041 29 50401 29 50761 29 51121 29 51481 28 51841 28 52201 28 52561 27 52921 26 53281 25 53641 23 54001 23 54361 17 54379 1
b0defa611b75645c0283464ee4163917bad382d335b61e8509f065bf371fa15f,30 44 390 45 750 46 1110 46 1470 46 1830 47 2190 47 2550 47 2911 46 3273 44 3633 44 3993 44 4354 43 4714 43 5074 43 5436 42 5796 42 6156 42 6516 43 6876 43 7237 42 7597 44 7958 42 8319 41 8680 40 9040 39 9401 38 9761 38 10122 37 10482 37 10843 36 11203 36 11563 35 11923 30 11954 4 12283 29 12313 5 12644 27 12672 5 13004 26 13031 5 13365 30 13725 30 14086 20 14107 6 14446 19 14466 6 14807 15 14823 8 15168 21 15529 19 15891 14
b0defa611b75645c0283464ee4163917bad382d335b61e8509f065bf371fa15f,34863 13 35216 21 35574 24 35932 30 36290 32 36647 38 37006 40 37365 42 37725 43 38085 5 38091 38 38445 45 38805 46 39164 48 39524 49 39884 50 40243 51 40603 51 40963 52 41324 51 41686 50 42047 50 42408 49 42769 48 43130 48 43492 46 43852 46 44214 44 44575 43 44936 42 45297 38 45658 35 46019 33 46380 30 46742 26 47102 25 47463 22 47824 18 48185 15 48546 13 48908 9 49268 5
b0defa611b75645c0283464ee4163917bad382d335b61e8509f065bf371fa15f,119414 6 119774 7 120132 10 120492 10 120852 10 121212 10 121572 10 121932 9 122294 7
b0defa611b75645c0283464ee4163917bad382d335b61e8509f065bf371fa15f,8818 13 9175 19 9533 23 9891 26 10250 28 10610 30 10969 32 11329 32 11689 33 12048 29 12078 4 12408 35 12767 36 13127 36 13487 37 13847 38 14207 33 14241 4 14567 39 14928 38 15288 39 15648 39 16008 41 16369 40 16729 41 17090 40 17450 41 17811 40 18171 40 18532 38 18893 38 19253 39 19613 39 19974 39 20334 39 20695 39 21055 39 21416 39 21777 39 22137 39 22498 39 22858 40 23219 39 23580 39 23941 38 24302 37 24663 36 25024 35 25385 34 25746 33 26106 33 26467 32 26828 30 27189 29 27550 28 27911 26 28272 25 28633 23 28993 22 29355 20 29715 19 30076 16 30439 11
b0defa611b75645c0283464ee4163917bad382d335b61e8509f065bf371fa15f,71589 5 71947 9 72306 11 72664 13 73023 16 73382 18 73742 18 74101 20 74461 20 74820 21 75180 22 75539 23 75899 24 76258 25 76618 26 76977 27 77337 27 77697 28 78057 28 78417 28 78777 29 79137 29 79496 30 79856 30 80216 30 80576 30 80936 30 81296 30 81656 30 82016 30 82376 30 82736 30 83096 30 83456 29 83816 29 84176 29 84536 29 84896 28 85256 28 85616 28 85976 28 86336 28 86696 27 87056 27 87416 26 87776 26 88136 26 88496 26 88856 26 89216 26 89576 25 89936 25 90297 24 90658 23 91018 23 91379 22 91739 5 91745 16 92100 20 92461 19 92821 19 93182 18 93542 17 93903 16 94264 15 94624 14 94985 12 95345 11 95706 10 96068 7
b0defa611b75645c0283464ee4163917bad382d335b61e8509f065bf371fa15f,125443 11 125799 16 126156 21 126514 24 126871 28 127230 30 127588 33 127947 34 128306 36 128666 36 129026 36 129387 35
b0defa611b75645c0283464ee4163917bad382d335b61e8509f065bf371fa15f,46771 9 47129 15 47487 17 47845 20 48204 23 48563 24 48922 26 49281 28 49640 30 49999 31 50359 32 50719 32 51078 33 51438 34 51798 34 52158 36 52518 36 52878 36 53238 36 53598 37 53958 37 54318 37 54678 38 55038 38 55399 37 55760 36 56121 35 56482 35 56843 34 57204 33 57566 31 57927 32 58289 30 58650 29 59010 29 59371 28 59732 26 60094 24 60455 22 60817 19 61179 16 61542 12 61904 9 62266 6
b0defa611b75645c0283464ee4163917bad382d335b61e8509f065bf371fa15f,56262 10 56620 14 56978 20 57337 23 57696 26 58055 29 58413 33 58773 35 59132 38 59492 38 59852 41 60212 42 60572 43 60932 47 61292 49 61652 52 62012 54 62372 56 62732 57 63092 60 63452 62 63812 63 64173 65 64533 67 64893 68 65254 67 65614 69 65975 67 66336 67 66696 68 67057 67 67418 66 67778 67 68139 66 68500 65 68861 64 69223 62 69583 62 69944 61 70306 59 70667 58 71029 55 71389 55 71751 53 72113 50 72475 48 72837 45 73197 44 73557 43 73917 42 74280 38 74642 35 75004 31 75371 22 75735 15
b0defa611b75645c0283464ee4163917bad382d335b61e8509f065bf371fa15f,107070 1 107422 11 107781 14 108140 18 108499 22 108858 26 109218 38 109577 41 109937 45 110296 47 110656 48 111015 50 111375 50 111735 51 112095 51 112455 52 112815 52 113174 53 113534 54 113894 54 114254 55 114614 55 114974 55 115334 55 115694 55 116054 56 116415 55 116775 55 117135 55 117495 54 117856 52 118216 52 118576 51 118937 49 119297 49 119658 47 120018 47 120379 45 120739 44 121100 43 121461 41 121822 39 122183 37 122544 33 122905 31 123267 26 123631 18 123997 7
b0defa611b75645c0283464ee4163917bad382d335b61e8509f065bf371fa15f,32176 1 32534 4 32893 5 33253 5 33613 6 33973 6 34334 6 34695 6 35055 6 35415 7 35775 7 36135 7 36494 8 36853 10 37212 10 37568 14 37927 16 38287 16 38647 16 39006 17 39366 16 39726 17 40086 17 40446 17 40807 17 41167 17 41527 20 41886 21 42246 21 42606 22 42966 22 43326 24 43686 26 44046 30 44405 32 44765 30 45125 24 45150 3 45484 25 45844 26 46204 26 46564 26 46924 26 47284 26 47644 27 48004 27 48364 27 48724 27 49084 27 49444 27 49804 27 50164 27 50525 25 50885 24 51246 22 51607 20 51968 19 52329 16 52690 14 53052 11 53414 7
b0defa611b75645c0283464ee4163917bad382d335b61e8509f065bf371fa15f,60508 1 60510 4 60516 5 60867 16 61223 23 61582 26 61940 29 62299 30 62656 33 63015 35 63374 37 63733 38 64091 41 64450 42 64809 43 65168 44 65527 45 65886 46 66245 47 66604 48 66964 48 67324 47 67683 48 68043 48 68403 48 68763 47 69123 47 69483 46 69843 46 70203 45 70563 44 70923 43 71283 43 71643 42 72003 42 72366 39 72726 39 73087 38 73447 38 73808 38 74169 37 74530 36 74891 35 75252 34 75615 31 75977 29 76340 25 76701 24 77063 21 77425 19 77786 17 78149 13 78510 9 78873 2
b0defa611b75645c0283464ee4163917bad382d335b61e8509f065bf371fa15f,120474 8 120832 13 121191 17 121549 20 121908 23 122267 27 122627 30 122986 32 123346 34 123706 35 124065 39 124425 39 124785 42 125145 44 125505 46 125865 47 126225 49 126586 49 126946 50 127306 51 127667 50 128028 51 128388 52 128748 53 129110 51 129470 52
b0defa611b75645c0283464ee4163917bad382d335b61e8509f065bf371fa15f,46472 4 46830 8 47190 8 47550 8 47910 8 48270 8 48630 8 48990 8 49351 7 49712 3
b0defa611b75645c0283464ee4163917bad382d335b61e8509f065bf371fa15f,36581 2 36938 9 37297 12 37657 13 38016 16 38376 17 38736 20 39095 23 39454 24 39815 24 40175 25 40535 26 40895 28 41255 29 41616 29 41976 30 42336 31 42696 32 43056 33 43417 33 43777 35 44137 36 44497 36 44858 37 45218 37 45579 37 45939 38 46299 38 46660 37 47020 38 47380 39 47741 39 48101 40 48462 39 48822 40 49183 39 49543 39 49904 39 50265 38 50626 37 50986 37 51347 37 51707 37 52068 36 52428 36 52789 35 53150 34 53511 32 53872 31 54233 29 54594 27 54956 25 55319 21 55681 18 56043 15 56405 10
b0defa611b75645c0283464ee4163917bad382d335b61e8509f065bf371fa15f,103048 12 103406 16 103763 21 104121 26 104479 30 104837 34 105196 36 105555 39 105914 41 106272 43 106631 45 106990 46 107348 49 107707 50 108066 51 108424 55 108783 56 109143 57 109502 58 109861 59 110221 59 110581 59 110941 59 111301 59 111661 58 112020 59 112380 59 112740 59 113100 58 113460 57 113820 56 114180 55 114540 54 114900 53 115261 51 115622 49 115984 37 116022 7 116347 41 116710 36 117076 28 117445 17
