b0e35e06b85da49bfe3ea737711a72b551a6add446e30eabb01aa683a79873c5,62375 6 62629 9 62884 11 63138 14 63393 16 63648 17 63904 17 64160 17 64415 18 64671 18 64927 18 65183 18 65440 17 65696 17 65952 17 66209 16 66465 16 66722 15 66978 14 67234 14 67490 14 67746 14 68002 14 68258 13 68514 13 68770 12 69026 11 69282 11 69538 11 69793 11 70048 12 70303 12 70559 11 70815 10 71071 9 71327 9 71583 9 71840 7 72096 7 72353 5 72609 5 72866 3
b0e35e06b85da49bfe3ea737711a72b551a6add446e30eabb01aa683a79873c5,17044 5 17299 8 17554 10 17810 10 18065 12 18320 14 18576 14 18832 15 19087 16 19343 16 19599 17 19855 18 20111 18 20367 19 20623 19 20879 19 21135 20 21391 20 21647 20 21904 20 22160 20 22416 21 22672 22 22927 23 23183 23 23439 24 23696 23 23952 24 24209 23 24465 23 24721 24 24978 23 25234 24 25491 23 25747 23 26004 23 26261 22 26517 22 26774 21 27031 21 27288 20 27545 19 27802 19 28059 18 28316 17 28573 16 28830 15 29087 15 29344 14 29601 13 29858 12 30115 11 30372 10 30630 7 30887 5
b0e35e06b85da49bfe3ea737711a72b551a6add446e30eabb01aa683a79873c5,71681 2 71937 3 72193 4 72449 4 72705 4 72961 4 73217 4 73473 4 73729 4 73985 4 74241 4 74497 3 74753 3 75009 3 75265 3 75521 2 75777 2 76033 2
b0e35e06b85da49bfe3ea737711a72b551a6add446e30eabb01aa683a79873c5,73752 18 74005 30 74259 37 74514 41 74769 45 75024 50 75280 52 75535 56 75791 59 76047 61 76302 63 76558 64 76814 66 77070 67 77326 67 77582 68 77838 68 78095 68 78351 68 78608 67 78865 66 79122 66 79379 65 79636 64 79894 62 80151 61 80409 59 80667 57 80924 56 81182 54 81439 52 81696 51
b0e35e06b85da49bfe3ea737711a72b551a6add446e30eabb01aa683a79873c5,1025 2 1281 30 1537 34 1793 38 2049 41 2305 44 2561 46 2817 47 3073 49 3329 52 3585 55 3841 57 4097 58 4353 59 4609 61 4865 62 5121 63 5377 65 5633 66 5889 67 6145 68 6401 69 6658 70 6916 69 7173 69 7431 68 7688 68 7947 66 8205 65 8463 64 8721 63 8978 63 9236 62 9494 60 9753 58 10010 57 10267 57 10526 54 10785 51 11043 49 11301 47 11561 42 11821 38 12079 35 12336 33 12597 27 12856 22 13118 12
b0e35e06b85da49bfe3ea737711a72b551a6add446e30eabb01aa683a79873c5,1 39 257 38 513 37 769 35 1027 31
b0e35e06b85da49bfe3ea737711a72b551a6add446e30eabb01aa683a79873c5,75496 6 75751 8 76006 10 76260 13 76516 15 76771 18 77026 21 77282 21 77537 23 77792 24 78048 24 78304 24 78560 24 78816 24 79072 24 79328 24 79584 24 79840 25 80097 25 80353 26 80610 16 80629 7 80867 13 80887 6 81123 11 81144 7 81380 8 81401 8 81657 8 81913 8
b0e35e06b85da49bfe3ea737711a72b551a6add446e30eabb01aa683a79873c5,34955 5 35210 7 35465 10 35720 13 35975 15 36230 18 36486 19 36742 21 36998 22 37254 23 37510 24 37765 25 38020 27 38275 28 38531 28 38787 29 39043 29 39299 29 39555 30 39811 30 40067 30 40322 31 40578 31 40834 32 41090 32 41347 31 41603 31 41860 30 42116 30 42372 30 42629 29 42885 29 43142 28 43398 28 43655 27 43911 27 44168 26 44425 25 44682 24 44938 24 45195 23 45451 23 45708 22 45965 21 46222 20 46479 19 46736 17 46992 17 47249 15 47506 13 47763 11 48022 6
b0e35e06b85da49bfe3ea737711a72b551a6add446e30eabb01aa683a79873c5,42211 10 42464 16 42719 19 42974 22 43229 24 43484 26 43740 27 43996 28 44251 31 44506 33 44761 34 45017 35 45273 35 45529 36 45785 37 46041 37 46297 38 46554 38 46810 38 47066 39 47322 39 47578 39 47835 38 48091 38 48347 38 48604 37 48861 36 49117 36 49374 35 49630 35 49887 34 50144 33 50400 33 50657 32 50914 31 51171 30 51427 30 51684 29 51941 28 52198 27 52455 26 52712 24 52969 23 53226 21 53482 21 53739 19 53996 17 54253 16 54511 13 54769 9
b0e35e06b85da49bfe3ea737711a72b551a6add446e30eabb01aa683a79873c5,72031 2 72281 11 72535 14 72788 19 73043 21 73298 23 73552 26 73807 27 74062 29 74317 31 74572 33 74827 35 75082 37 75338 38 75594 39 75850 39 76108 38 76365 37 76622 36 76880 35 77137 34 77393 35 77650 34 77906 34 78163 34 78419 34 78675 34 78931 35 79188 34 79444 34 79700 34 79956 34 80212 34 80468 35 80724 35 80980 35 81236 35 81491 37 81747 37
b0e35e06b85da49bfe3ea737711a72b551a6add446e30eabb01aa683a79873c5,67208 3 67459 10 67711 15 67965 18 68220 20 68474 22 68729 24 68983 27 69238 28 69492 31 69747 32 70002 34 70257 35 70513 35 70768 36 71024 36 71280 36 71537 35 71793 35 72049 35 72305 35 72561 35 72818 34 73074 33 73331 32 73587 31 73844 30 74100 29 74357 27 74614 25 74871 23 75128 21 75385 19 75642 17 75899 15 76156 12 76414 7
b0e35e06b85da49bfe3ea737711a72b551a6add446e30eabb01aa683a79873c5,59392 1 59646 3 59900 5 60154 7 60408 9 60662 11 60917 12 61171 14 61424 17 61679 18 61934 19 62188 21 62443 22 62698 23 62954 23 63209 24 63465 24 63720 25 63976 25 64232 25 64487 26 64743 26 64999 26 65255 26 65511 26 65767 26 66024 25 66280 25 66537 24 66794 23 67052 21 67311 18 67574 11 67838 3
b0e35e06b85da49bfe3ea737711a72b551a6add446e30eabb01aa683a79873c5,17253 12 17507 16 17761 20 18015 24 18269 27 18524 29 18779 32 19034 34 19290 35 19545 38 19800 40 20056 41 20312 42 20568 43 20824 44 21080 45 21336 46 21592 47 21848 48 22104 49 22360 50 22616 51 22873 50 23129 51 23385 51 23641 51 23897 52 24154 51 24410 51 24667 51 24924 51 25180 52 25437 52 25694 51 25950 52 26207 51 26464 51 26721 50 26978 50 27235 50 27493 48 27750 48 28007 48 28264 47 28521 46 28778 45 29035 44 29293 42 29550 41 29808 39 30066 37 30323 36 30582 32 30840 30 31098 27 31356 25 31614 23 31872 20 32130 17 32389 12 32651 3
b0e35e06b85da49bfe3ea737711a72b551a6add446e30eabb01aa683a79873c5,123 44 380 44 637 43 894 44 1151 43 1408 43 1665 43 1924 41 2182 39 2440 38 2698 37 2956 35 3214 34 3472 32 3730 30 3989 27 4246 27 4503 26 4760 25 5018 23 5275 22 5533 20 5790 18 6048 15 6305 13 6563 9
b0e35e06b85da49bfe3ea737711a72b551a6add446e30eabb01aa683a79873c5,68096 1 68351 2 68605 4 68858 7 69111 10 69365 12 69619 14 69874 15 70129 16 70384 17 70639 18 70894 19 71149 20 71405 20 71661 20 71917 20 72172 21 72428 21 72684 21 72940 21 73196 21 73452 21 73708 21 73964 21 74220 21 74477 20 74733 20 74989 20 75245 19 75502 17 75759 14 76016 12 76273 10 76531 7 76789 3
