b1a239838c7dbb34ffea851ad537899f24da62f4e3f3fd6d835ff7b922f27313,70735 11 71092 14 71449 18 71808 20 72166 24 72525 25 72884 27 73243 29 73602 31 73960 35 74320 37 74679 39 75039 40 75398 42 75758 42 76118 42 76477 44 76837 44 77197 44 77557 44 77917 44 78276 46 78636 46 78996 46 79356 46 79716 46 80076 46 80436 45 80796 45 81156 45 81516 44 81877 38 81916 4 82237 43 82597 42 82957 42 83318 34 83353 5 83678 39 84038 38 84399 36 84760 34 85121 32 85481 30 85843 27 86204 25 86567 20 86933 10
b1a239838c7dbb34ffea851ad537899f24da62f4e3f3fd6d835ff7b922f27313,14018 14 14368 25 14724 30 15078 38 15437 39 15796 42 16155 43 16514 45 16874 46 17233 48 17593 48 17952 49 18312 49 18672 49 19032 49 19392 49 19752 49 20111 50 20471 50 20831 50 21191 50 21551 50 21912 49 22272 49 22632 49 22993 48 23353 48 23713 48 24074 47 24435 46 24796 45 25156 45 25517 44 25878 43 26239 42 26599 42 26960 41 27322 39 27685 36 28045 36 28406 35 28766 35 29128 33 29490 31 29850 31 30211 30 30573 28 30934 27 31295 26 31657 24 32020 16 32384 8 32747 5
b1a239838c7dbb34ffea851ad537899f24da62f4e3f3fd6d835ff7b922f27313,31683 9 32041 13 32401 14 32761 16 33121 18 33481 20 33841 22 34201 24 34561 25 34921 29 34951 2 35281 34 35641 37 36001 39 36361 41 36721 43 37081 45 37441 45 37801 47 38161 47 38521 48 38881 49 39241 51 39601 51 39961 51 40321 52 40681 52 41041 52 41401 53 41761 53 42121 53 42481 53 42841 53 43201 53 43562 52 43922 52 44283 50 44644 50 45006 47 45366 47 45728 44 46089 43 46451 3 46455 37 46818 34 47180 31 47542 29 47904 26 48265 24 48625 23 48986 22 49347 20 49707 17 50068 15 50430 5
b1a239838c7dbb34ffea851ad537899f24da62f4e3f3fd6d835ff7b922f27313,36057 5 36415 8 36773 10 37133 11 37493 11 37853 11 38214 10 38575 8
b1a239838c7dbb34ffea851ad537899f24da62f4e3f3fd6d835ff7b922f27313,118963 3 119320 7 119677 13 120036 15 120394 18 120753 19 121111 22 121470 23 121827 1 121829 25 122184 31 122541 34 122899 37 123257 39 123615 41 123974 43 124333 44 124692 47 125052 49 125411 50 125771 51 126130 52 126489 54 126849 55 127208 56 127568 56 127928 57 128288 57 128648 57 129008 57 129368 58
b1a239838c7dbb34ffea851ad537899f24da62f4e3f3fd6d835ff7b922f27313,38701 1 39060 2 39419 2 39777 14 40136 17 40494 21 40853 24 41211 27 41569 30 41928 35 42286 24 42311 12 42644 39 43003 40 43362 41 43721 41 44080 8 44089 12 44102 20 44439 43 44798 44 45157 45 45517 45 45876 45 46236 26 46263 18 46595 46 46955 39 46995 4 47315 44 47675 43 48034 43 48394 43 48754 42 49115 6 49122 33 49475 39 49835 24 49860 13 50195 8 50204 28 50555 36 50916 33 51276 17 51294 14 51637 28 51997 26 52358 23 52720 20 53083 14 53445 8
b1a239838c7dbb34ffea851ad537899f24da62f4e3f3fd6d835ff7b922f27313,30797 10 31155 14 31512 18 31871 20 32228 23 32587 25 32947 25 33306 26 33664 29 34023 30 34383 30 34743 31 35103 31 35463 31 35823 31 36183 31 36542 32 36902 32 37262 32 37622 32 37983 30 38342 31 38702 31 39062 31 39422 30 39791 20 40153 17 40515 15 40877 11 41238 10 41599 8
b1a239838c7dbb34ffea851ad537899f24da62f4e3f3fd6d835ff7b922f27313,55632 12 55989 18 56348 21 56706 25 57065 27 57424 28 57783 30 58141 33 58500 34 58859 35 59219 35 59578 36 59938 37 60298 37 60658 38 61017 39 61377 40 61737 39 62096 41 62456 42 62816 43 63176 43 63536 44 63896 44 64256 44 64616 43 64976 44 65337 43 65697 44 66057 44 66418 44 66778 44 67138 45 67498 4 67503 40 67859 44 68220 43 68580 44 68941 43 69302 42 69663 41 70024 40 70384 40 70746 38 71106 38 71467 38 71828 37 72190 35 72550 34 72911 32 73272 31 73633 30 73995 28 74358 23 74718 21 75080 19 75442 13 75807 5
b1a239838c7dbb34ffea851ad537899f24da62f4e3f3fd6d835ff7b922f27313,80611 9 80968 14 81326 21 81685 23 82044 25 82403 27 82763 29 83123 30 83482 32 83842 33 84201 35 84560 37 84919 38 85279 39 85638 41 85998 41 86358 42 86718 42 87077 43 87437 44 87797 44 88157 44 88517 44 88877 44 89237 44 89597 44 89957 44 90317 44 90677 44 91037 44 91397 44 91757 44 92117 44 92477 44 92837 44 93198 43 93558 43 93918 43 94278 43 94638 43 94998 43 95359 42 95719 42 96079 42 96440 41 96800 41 97161 40 97521 40 97882 39 98242 39 98603 38 98964 37 99325 36 99686 35 100047 34 100408 33 100770 31 101132 29 101494 27 101856 25 102217 22 102581 13
b1a239838c7dbb34ffea851ad537899f24da62f4e3f3fd6d835ff7b922f27313,89557 15 89915 20 90274 21 90633 23 90992 26 91351 28 91710 31 92069 32 92428 34 92787 36 93147 37 93506 39 93865 40 94225 40 94583 43 94943 43 95302 45 95661 46 96019 44 96064 4 96379 49 96738 50 97098 51 97457 47 97505 4 97817 52 98177 53 98537 53 98897 53 99258 53 99618 53 99978 54 100338 54 100698 54 101058 54 101418 54 101778 55 102138 55 102498 55 102858 55 103219 54 103579 54 103939 54 104300 53 104661 51 105021 51 105382 50 105743 49 106103 49 106464 48 106825 47 107186 46 107547 45 107909 42 108270 32 108303 8 108633 37 108995 34 109364 5 109378 10 109741 4
b1a239838c7dbb34ffea851ad537899f24da62f4e3f3fd6d835ff7b922f27313,110906 11 110920 3 111263 21 111618 26 111978 27 112336 31 112694 33 113053 36 113412 38 113772 40 114131 43 114491 46 114850 55 115209 58 115568 60 115927 61 116286 64 116645 65 117005 65 117364 66 117723 67 118083 67 118443 67 118803 67 119163 67 119523 67 119884 66 120243 67 120603 64 120963 63 121324 61 121685 58 122048 53 122410 49 122774 30 123141 1 123143 17 123509 7
b1a239838c7dbb34ffea851ad537899f24da62f4e3f3fd6d835ff7b922f27313,46450 1 46454 1 46807 11 47167 13 47529 13 47891 13 48245 20 48602 23 48962 24 49321 26 49681 26 50041 27 50401 27 50761 28 51121 29 51481 29 51841 30 52201 30 52561 30 52921 32 53281 32 53641 32 54001 27 54029 4 54361 33 54721 33 55081 33 55441 33 55801 34 56161 34 56521 34 56881 35 57241 34 57601 35 57961 35 58321 34 58681 35 59041 35 59401 35 59761 35 60121 34 60481 35 60841 37 61201 37 61561 37 61921 36 62281 36 62641 35 63001 35 63361 34 63722 33 64083 31 64444 29 64805 28 65166 26 65527 24 65888 23 66250 20 66613 16 66977 10 67338 7
b1a239838c7dbb34ffea851ad537899f24da62f4e3f3fd6d835ff7b922f27313,33755 10 34110 17 34468 21 34827 24 35186 27 35544 30 35903 32 36263 33 36622 34 36981 36 37341 37 37700 39 38060 39 38420 40 38779 42 39139 43 39500 42 39859 44 40219 44 40578 45 40939 44 41298 45 41658 46 42018 47 42379 45 42739 46 43098 47 43459 46 43818 47 44179 47 44538 48 44898 48 45258 48 45619 48 45979 48 46339 48 46699 48 47060 47 47419 48 47780 47 48140 47 48500 47 48860 47 49221 45 49582 42 49941 44 50302 42 50663 39 51024 37 51384 37 51745 35 52105 36 52466 34 52827 32 53188 29 53549 28 53912 23 54272 22 54634 1 54638 13 55001 8
b1a239838c7dbb34ffea851ad537899f24da62f4e3f3fd6d835ff7b922f27313,61515 10 61873 13 62225 22 62583 25 62937 32 63297 33 63658 33 64018 34 64378 35 64738 36 65098 36 65458 36 65818 37 66179 36 66539 36 66899 37 67259 37 67620 36 67980 36 68342 34 68703 33 69064 32 69424 32 69785 30 70146 28 70507 27 70868 25 71228 23 71588 21 71948 20 72309 16 72670 12
b1a239838c7dbb34ffea851ad537899f24da62f4e3f3fd6d835ff7b922f27313,237 59 597 59 958 56 1319 55 1680 52 2040 51 2400 50 2761 48 3122 44 3482 43 3843 40 4205 37 4567 33 4928 31 5290 27 5650 25 6014 19 6380 11 6744 2
b1a239838c7dbb34ffea851ad537899f24da62f4e3f3fd6d835ff7b922f27313,123893 8 123902 1 124243 23 124599 30 124954 35 125311 40 125666 45 126023 49 126382 50 126741 52 127100 54 127460 54 127819 55 128179 56 128538 57 128898 57 129258 57
b1a239838c7dbb34ffea851ad537899f24da62f4e3f3fd6d835ff7b922f27313,10195 11 10553 15 10911 19 11270 22 11627 25 11985 29 12343 33 12701 36 13059 39 13417 42 13775 45 14131 50 14488 54 14842 60 15201 63 15561 63 15921 65 16281 65 16641 65 17001 66 17361 66 17721 66 18081 66 18441 66 18802 65 19163 63 19523 62 19883 62 20244 60 20604 58 20965 57 21326 55 21687 52 22048 50 22409 36 22446 10 22770 44 23133 39 23495 33 23857 27 24221 20 24584 15
b1a239838c7dbb34ffea851ad537899f24da62f4e3f3fd6d835ff7b922f27313,56 40 97 24 415 67 775 67 1134 69 1492 71 1851 72 2210 74 2569 75 2929 75 3288 76 3648 76 4007 45 4053 31 4366 78 4726 23 4750 54 5086 78 5446 78 5806 78 6166 78 6526 77 6885 78 7245 76 7605 33 7639 41 7965 75 8325 74 8685 73 9045 18 9064 53 9405 71 9766 69 10126 67 10488 64 10848 62 11209 59 11570 56 11931 53 12292 50 12653 47 13015 44 13376 41 13739 24 13764 11 14100 31 14461 27 14823 19 15188 13
b1a239838c7dbb34ffea851ad537899f24da62f4e3f3fd6d835ff7b922f27313,1286 6 1644 9 2003 11 2363 12 2723 12 3083 12 3444 10 3804 10 4165 9 4525 8
b1a239838c7dbb34ffea851ad537899f24da62f4e3f3fd6d835ff7b922f27313,12450 22 12806 27 13162 33 13514 42 13871 46 14229 49 14588 51 14948 52 15308 53 15668 54 16028 54 16389 54 16748 55 17108 56 17468 56 17828 57 18188 57 18548 58 18908 58 19268 58 19628 59 19987 60 20347 61 20707 61 21067 61 21427 61 21787 61 22147 61 22507 61 22867 61 23227 61 23587 57 23645 3 23948 60 24308 60 24668 60 25030 57 25390 57 25751 56 26112 54 26473 53 26835 51 27196 34 27231 14 27558 47 27920 43 28283 38 28644 34 29007 29 29368 27 29731 22 30092 20 30454 17 30818 9
b1a239838c7dbb34ffea851ad537899f24da62f4e3f3fd6d835ff7b922f27313,33362 4 33721 5 34081 7 34441 8 34801 8 35161 8 35522 7 35882 7 36242 7
b1a239838c7dbb34ffea851ad537899f24da62f4e3f3fd6d835ff7b922f27313,62560 13 62918 18 63277 20 63636 22 63995 23 64354 24 64714 24 65074 24 65433 25 65792 26 66152 27 66512 27 66871 28 67231 28 67591 29 67951 29 68311 31 68671 32 69031 33 69391 33 69752 33 70112 34 70472 35 70833 35 71193 35 71554 34 71915 33 72275 33 72636 32 72997 31 73358 30 73719 29 74079 29 74439 29 74800 27 75161 25 75523 22 75886 15 76248 11
b1a239838c7dbb34ffea851ad537899f24da62f4e3f3fd6d835ff7b922f27313,120494 19 120845 31 121202 38 121558 24 121583 20 121915 48 122273 50 122632 50 122990 47 123038 4 123348 55 123706 60 124066 60 124425 13 124439 48 124783 64 125143 64 125501 66 125861 66 126220 66 126580 66 126940 64 127300 63 127660 62 128019 63 128379 62 128739 61 129098 60 129458 59
b1a239838c7dbb34ffea851ad537899f24da62f4e3f3fd6d835ff7b922f27313,89457 20 89812 27 90170 30 90529 32 90888 34 91247 36 91606 39 91965 42 92323 45 92682 47 93042 49 93401 50 93761 51 94120 53 94479 55 94839 55 95199 56 95559 56 95919 56 96279 56 96639 3 96643 52 96999 56 97359 3 97363 52 97719 56 98079 56 98440 55 98800 55 99161 54 99522 53 99882 52 100244 49 100606 47 100967 46 101328 43 101690 41 102052 38 102414 24 102440 9 102776 31 103140 24 103505 17
b1a239838c7dbb34ffea851ad537899f24da62f4e3f3fd6d835ff7b922f27313,334 27 695 26 1057 24 1418 23 1780 21 2142 19 2504 17 2866 15 3229 7 3592 1
b1a239838c7dbb34ffea851ad537899f24da62f4e3f3fd6d835ff7b922f27313,68521 12 68879 14 69238 17 69595 21 69954 24 70313 27 70673 28 71032 31 71391 34 71750 35 72109 38 72469 39 72828 41 73188 41 73547 43 73907 44 74267 45 74627 46 74987 46 75347 47 75707 47 76067 48 76427 34 76462 13 76787 49 77147 49 77507 45 77553 3 77867 50 78227 49 78587 49 78947 49 79308 48 79668 48 80029 47 80389 47 80749 47 81110 46 81471 45 81831 46 82192 45 82555 42 82915 42 83277 40 83638 39 83998 39 84359 38 84721 36 85082 35 85443 34 85804 33 86166 31 86527 29 86888 28 87250 25 87611 23 87973 20 88337 14 88702 8
b1a239838c7dbb34ffea851ad537899f24da62f4e3f3fd6d835ff7b922f27313,35506 10 35865 13 36223 17 36582 6 36589 14 36940 25 37299 27 37658 29 38017 30 38376 32 38734 34 39094 34 39453 35 39812 37 40171 38 40531 38 40890 39 41250 40 41609 41 41969 42 42328 43 42688 44 43048 44 43408 45 43767 46 44127 46 44487 46 44847 46 45207 46 45566 47 45926 47 46286 47 46645 48 47005 48 47365 48 47725 3 47729 44 48085 48 48445 48 48805 48 49165 47 49525 46 49885 46 50245 46 50605 46 50965 46 51325 46 51687 44 52047 44 52408 42 52767 43 53128 42 53489 40 53850 38 54210 39 54570 38 54932 35 55293 34 55654 32 56015 31 56376 29 56737 28 57100 24 57460 22 57821 21 58184 17 58547 13 58912 6
b1a239838c7dbb34ffea851ad537899f24da62f4e3f3fd6d835ff7b922f27313,71741 4 72099 7 72458 8 72817 9 73177 9 73536 10 73896 10 74256 10 74616 9 74977 8 75337 7
b1a239838c7dbb34ffea851ad537899f24da62f4e3f3fd6d835ff7b922f27313,94411 11 94770 15 95129 18 95488 20 95847 23 96207 24 96564 29 96922 31 97275 39 97628 47 97984 52 98340 57 98698 59 99055 63 99414 65 99773 67 100131 69 100490 71 100849 72 101209 73 101568 74 101928 74 102287 75 102647 76 103006 77 103365 78 103725 78 104084 79 104444 79 104804 79 105163 79 105523 79 105883 79 106242 79 106602 78 106962 78 107322 77 107682 76 108042 75 108402 75 108762 74 109122 73 109482 72 109842 71 110203 69 110563 68 110923 66 111284 64 111644 64 112005 61 112367 55 112727 52 113089 48 113450 42 113812 37 114174 31 114537 23 114905 10
