b1eb0123fe2d8c825694b193efb7b923d95effac9558ee4eaf3116374c2c94fe,38751 2 39102 12 39461 17 39817 24 40178 25 40538 25 40899 25 41258 28 41616 30 41976 31 42335 33 42693 36 43051 1 43053 37 43410 40 43769 42 44128 43 44488 44 44848 44 45207 46 45566 47 45926 48 46286 49 46644 51 47004 52 47362 54 47722 54 48082 54 48443 54 48803 54 49162 55 49522 55 49883 54 50243 55 50603 55 50963 55 51323 54 51684 53 52044 53 52405 52 52765 51 53126 50 53487 49 53846 50 54207 49 54569 47 54929 46 55290 45 55651 44 56013 41 56374 39 56736 1 56738 34 57104 27 57465 25 57828 22 58189 17 58554 6 58561 1
b1eb0123fe2d8c825694b193efb7b923d95effac9558ee4eaf3116374c2c94fe,80400 6 80758 11 81117 14 81476 15 81835 17 82194 13 82208 4 82552 21 82912 21 83271 22 83630 24 83990 24 84349 26 84709 26 85068 27 85426 29 85786 29 86146 29 86506 29 86864 31 87224 31 87584 31 87942 33 88302 33 88662 33 89022 11 89034 21 89380 13 89394 15 89410 4 89740 34 90100 34 90458 35 90818 35 91178 35 91537 36 91897 36 92257 36 92615 38 92975 37 93334 7 93342 30 93694 37 94054 36 94414 36 94774 36 95134 35 95493 35 95853 34 96213 34 96572 34 96932 33 97291 32 97651 30 98010 30 98370 29 98730 27 99090 27 99450 24 99810 22 100170 19 100531 18 100893 13 101254 12 101615 10
b1eb0123fe2d8c825694b193efb7b923d95effac9558ee4eaf3116374c2c94fe,76321 8 76681 11 77041 12 77401 13 77761 15 78121 16 78481 18 78841 19 79201 20 79561 21 79921 22 80281 23 80641 23 81001 24 81361 24 81721 24 82081 24 82441 24 82801 24 83161 25 83521 25 83881 25 84241 25 84601 25 84961 24 85321 25 85681 25 86041 25 86401 25 86761 25 87121 25 87481 25 87841 25 88201 25 88561 25 88921 25 89281 25 89641 25 90001 25 90361 25 90721 25 91081 25 91441 24 91801 24 92161 24 92521 24 92881 23 93241 23 93601 21 93961 20 94321 20 94681 20 95041 19 95401 19 95761 18 96121 17 96481 16 96841 14 97204 9
b1eb0123fe2d8c825694b193efb7b923d95effac9558ee4eaf3116374c2c94fe,78249 6 78608 7 78968 9 79328 9 79688 9 80048 9 80408 9 80769 8 81131 6 81491 5
b1eb0123fe2d8c825694b193efb7b923d95effac9558ee4eaf3116374c2c94fe,18367 8 18724 13 19083 17 19442 19 19802 21 20161 24 20521 25 20881 27 21241 28 21601 29 21961 32 22321 32 22681 32 23041 34 23401 36 23761 36 24121 36 24481 36 24841 37 25201 38 25561 38 25921 40 26281 38 26641 38 27001 38 27361 38 27721 37 28081 37 28441 37 28801 12 28814 24 29161 37 29521 37 29881 36 30241 36 30601 36 30961 36 31321 36 31681 36 32041 36 32401 36 32761 35 33121 35 33481 35 33841 36 34201 36 34561 36 34921 36 35281 36 35641 36 36001 36 36361 35 36721 35 37081 35 37441 35 37802 34 38162 34 38522 34 38883 34 39244 33 39606 31 39966 30 40330 22 40690 21 41054 13
b1eb0123fe2d8c825694b193efb7b923d95effac9558ee4eaf3116374c2c94fe,16336 23 16694 27 17053 29 17412 31 17770 35 18130 36 18490 37 18850 40 19209 42 19569 43 19929 45 20289 49 20649 46 20696 5 21009 54 21363 60 21722 62 22077 68 22435 70 22794 71 23152 74 23510 77 23870 77 24230 77 24589 78 24949 78 25309 78 25669 78 26029 78 26389 78 26750 77 27110 77 27470 77 27832 75 28192 75 28553 73 28914 64 28980 5 29277 68 29637 67 29998 65 30361 52 30414 7 30724 55 31087 51 31450 46 31819 30 32182 25 32544 20
b1eb0123fe2d8c825694b193efb7b923d95effac9558ee4eaf3116374c2c94fe,101179 7 101535 21 101890 29 102247 33 102603 39 102962 40 103321 42 103681 44 104041 46 104401 46 104761 48 105121 48 105481 51 105841 52 106201 52 106561 52 106921 54 107281 54 107641 55 108001 56 108361 56 108721 57 109081 57 109441 58 109801 58 110161 58 110521 58 110881 58 111241 59 111601 60 111961 60 112321 60 112681 60 113041 60 113401 60 113761 60 114121 61 114481 60 114841 61 115201 61 115561 61 115921 61 116281 61 116642 60 117002 59 117364 57 117725 56 118086 54 118446 54 118808 51 119169 49 119531 46 119892 45 120253 43 120614 40 120978 34 121340 31 121703 24 122069 14
b1eb0123fe2d8c825694b193efb7b923d95effac9558ee4eaf3116374c2c94fe,51970 7 52326 14 52685 16 53044 18 53402 21 53761 23 54119 26 54479 26 54838 27 55197 28 55556 29 55916 28 56275 30 56634 31 56994 32 57354 32 57714 32 58074 32 58434 32 58794 33 59154 33 59514 34 59874 34 60234 34 60594 34 60954 35 61314 35 61674 35 62035 35 62395 35 62756 35 63116 35 63476 36 63836 36 64198 35 64558 35 64918 36 65278 36 65639 35 65999 36 66361 34 66722 33 67083 33 67443 33 67804 33 68165 33 68526 33 68887 32 69248 31 69609 30 69970 30 70331 29 70692 29 71054 28 71416 26 71778 25 72139 24 72501 22 72861 24 73222 23 73583 22 73944 21 74306 19 74666 19 75027 18 75388 17 75749 15 76110 14 76470 14 76831 12 77193 10 77557 5
b1eb0123fe2d8c825694b193efb7b923d95effac9558ee4eaf3116374c2c94fe,3420 11 3776 22 4134 26 4492 29 4849 35 5205 40 5564 42 5923 45 6282 47 6641 49 7000 51 7359 54 7718 56 8078 58 8437 60 8796 61 9155 62 9515 63 9875 63 10234 64 10594 64 10954 64 11314 64 11674 64 12034 64 12394 64 12754 64 13114 63 13474 63 13835 62 14195 62 14556 61 14917 60 15277 60 15637 60 15998 59 16359 58 16721 56 17082 55 17443 54 17805 52 18166 51 18527 50 18890 46 19251 44 19612 41 19974 27 20002 11 20338 31 20703 23 21073 11
b1eb0123fe2d8c825694b193efb7b923d95effac9558ee4eaf3116374c2c94fe,123 15 139 5 483 23 843 23 1203 23 1567 16 1930 11 2290 8
b1eb0123fe2d8c825694b193efb7b923d95effac9558ee4eaf3116374c2c94fe,62533 11 62545 1 62890 20 63247 14 63262 8 63604 8 63613 1 63616 1 63618 1 63627 3 63963 5 63969 1 63987 1 64322 5 64681 6 65040 5 65400 5 65759 4
b1eb0123fe2d8c825694b193efb7b923d95effac9558ee4eaf3116374c2c94fe,26322 5 26679 10 27039 10 27399 10 27758 13 28118 14 28478 15 28838 15 29198 16 29558 16 29917 18 30277 19 30637 20 30997 20 31357 20 31717 21 32077 22 32437 22 32796 24 33156 24 33516 24 33877 24 34237 24 34597 24 34957 24 35317 24 35677 24 36037 24 36396 25 36756 25 37116 25 37476 25 37836 24 38196 24 38556 23 38917 21 39278 19 39638 19 39999 17 40363 6
