b1f23c4d27afed8af7b6b64793a3760bfea31b65f582d48aaa62d2b988ef2eac,302537 9 303055 17 303574 19 304094 20 304614 22 305134 23 305653 24 306173 25 306693 26 307213 27 307733 27 308253 28 308773 28 309294 27 309814 27 310335 27 310855 27 311376 26 311896 26 312416 25 312937 24 313457 24 313978 23 314499 22 315020 21 315541 20 316062 19 316583 17 317104 15 317626 12 318148 8
b1f23c4d27afed8af7b6b64793a3760bfea31b65f582d48aaa62d2b988ef2eac,351181 3 351690 7 351700 7 352206 22 352726 22 353246 22 353765 22 354285 22 354804 22 355324 22 355843 22 356362 22 356881 22 357400 19 357920 18 358440 18 358960 18 359483 15 360004 15 360526 13 361047 12 361567 12
b1f23c4d27afed8af7b6b64793a3760bfea31b65f582d48aaa62d2b988ef2eac,119179 8 119695 14 120213 17 120731 20 121250 21 121769 23 122288 24 122807 25 123326 26 123846 26 124365 27 124885 27 125405 27 125924 27 126444 26 126964 26 127483 26 128003 26 128523 25 129043 24 129563 24 130084 22 130604 21 131124 21 131644 20 132165 17 132686 15 133207 13 133729 9
b1f23c4d27afed8af7b6b64793a3760bfea31b65f582d48aaa62d2b988ef2eac,234436 7 234952 13 235470 16 235988 19 236507 21 237025 24 237543 26 238062 27 238581 28 239100 28 239618 30 240137 30 240657 30 241176 30 241695 30 242215 30 242735 29 243255 27 243775 26 244295 25 244815 24 245335 22 245855 20 246375 18 246896 14 247417 10 247938 7
b1f23c4d27afed8af7b6b64793a3760bfea31b65f582d48aaa62d2b988ef2eac,38268 9 38786 13 39305 15 39824 17 40343 18 40862 20 41382 21 41902 21 42422 21 42942 22 43462 22 43982 22 44502 22 45023 21 45543 21 46063 21 46584 20 47104 20 47625 19 48145 19 48666 18 49186 18 49707 17 50227 17 50748 15 51268 15 51789 14 52309 13 52830 11 53351 9 53874 5
b1f23c4d27afed8af7b6b64793a3760bfea31b65f582d48aaa62d2b988ef2eac,239478 7 239996 10 240514 13 241033 15 241552 16 242071 17 242590 18 243109 19 243628 20 244147 21 244667 20 245186 21 245705 22 246225 22 246744 22 247264 22 247784 21 248304 21 248823 21 249343 21 249863 20 250384 18 250904 17 251424 16 251945 13 252467 10 252990 6
b1f23c4d27afed8af7b6b64793a3760bfea31b65f582d48aaa62d2b988ef2eac,225157 4 225674 7 226193 8 226712 9 227230 11 227749 12 228267 14 228786 15 229305 16 229823 18 230342 19 230862 19 231381 20 231900 21 232420 21 232940 21 233459 22 233979 22 234499 22 235019 22 235539 22 236059 22 236579 20 237100 17 237620 15 238141 11 238662 8
b1f23c4d27afed8af7b6b64793a3760bfea31b65f582d48aaa62d2b988ef2eac,255278 8 255796 11 256315 13 256834 15 257353 16 257872 17 258390 20 258909 21 259428 22 259947 23 260466 24 260985 25 261504 25 262023 26 262543 26 263062 26 263582 26 264101 27 264621 27 265140 27 265660 26 266180 25 266700 24 267220 23 267740 22 268260 20 268781 17 269302 15 269823 12 270344 9 270867 2
b1f23c4d27afed8af7b6b64793a3760bfea31b65f582d48aaa62d2b988ef2eac,350687 6 351205 11 351724 14 352243 16 352762 18 353282 20 353802 21 354321 23 354841 24 355361 24 355881 24 356401 25 356921 25 357441 26 357961 26 358481 26 359001 26 359521 26 360041 26 360562 25 361083 25 361603 25
b1f23c4d27afed8af7b6b64793a3760bfea31b65f582d48aaa62d2b988ef2eac,225494 5 226011 10 226518 7 226528 15 227036 28 227555 29 228074 31 228593 32 229113 33 229633 33 230153 33 230673 33 231193 33 231713 33 232233 33 232754 32 233275 31 233795 30 234316 29 234837 27 235358 25 235879 24 236400 22 236922 18 237445 14 237970 7 238492 4
b1f23c4d27afed8af7b6b64793a3760bfea31b65f582d48aaa62d2b988ef2eac,141953 8 142469 12 142987 14 143505 16 144023 18 144541 20 145059 22 145577 24 146096 25 146615 26 147134 27 147653 28 148172 29 148692 29 149211 30 149731 30 150251 30 150770 31 151290 31 151811 30 152331 30 152851 30 153371 30 153892 29 154413 28 154934 26 155455 24 155978 19 156501 14 157026 6
b1f23c4d27afed8af7b6b64793a3760bfea31b65f582d48aaa62d2b988ef2eac,155820 3 156338 7 156856 10 157374 12 157893 14 158412 16 158931 18 159450 19 159969 20 160488 21 161007 22 161526 23 162045 24 162564 24 163084 24 163603 24 164122 24 164642 24 165161 24 165681 23 166200 23 166720 22 167240 21 167759 19 168279 18 168799 17 169319 16 169840 14 170361 11 170885 3
b1f23c4d27afed8af7b6b64793a3760bfea31b65f582d48aaa62d2b988ef2eac,25996 4 26514 7 27033 8 27552 9 28071 10 28591 10 29110 11 29630 11 30150 11 30669 12 31189 12 31709 12 32229 12 32749 12 33269 12 33788 13 34308 13 34828 13 35348 13 35868 13 36388 13 36909 12 37429 12 37950 11 38470 11 38990 11 39510 11 40030 11 40551 10 41072 9 41593 8 42114 7 42635 6 43156 5
b1f23c4d27afed8af7b6b64793a3760bfea31b65f582d48aaa62d2b988ef2eac,326153 7 326671 10 327190 12 327709 14 328228 16 328748 17 329267 18 329787 19 330307 19 330826 20 331346 20 331866 21 332386 21 332906 21 333426 21 333946 22 334466 22 334987 21 335507 21 336027 21 336548 20 337068 20 337588 20 338109 19 338629 18 339150 17 339671 16 340191 16 340712 14 341233 13 341754 11 342275 10 342796 8 343317 6 343838 3
b1f23c4d27afed8af7b6b64793a3760bfea31b65f582d48aaa62d2b988ef2eac,309468 5 309987 8 310506 10 311025 11 311545 12 312064 13 312584 14 313104 15 313624 16 314144 17 314665 18 315185 20 315706 20 316227 20 316748 20 317269 20 317789 20 318310 20 318830 20 319350 21 319870 21 320390 21 320910 22 321430 22 321950 22 322470 22 322990 22 323510 22 324031 21 324551 21 325072 20 325593 19 326114 18 326635 17 327156 16 327677 14 328198 13 328721 9
b1f23c4d27afed8af7b6b64793a3760bfea31b65f582d48aaa62d2b988ef2eac,98996 2 99513 7 100032 10 100551 12 101071 13 101590 16 102110 17 102629 19 103149 20 103669 21 104189 21 104709 22 105229 22 105749 23 106269 24 106789 24 107309 24 107829 24 108349 24 108870 24 109390 24 109910 24 110431 23 110951 23 111471 23 111992 22 112512 21 113033 20 113553 20 114074 18 114595 17 115116 15 115637 13 116158 11 116680 7
b1f23c4d27afed8af7b6b64793a3760bfea31b65f582d48aaa62d2b988ef2eac,346987 15 347506 17 348025 19 348544 21 349064 21 349584 21 350104 21 350625 21 351145 21 351665 21 352185 21 352705 21 353226 20 353746 19 354266 19 354787 17 355307 17 355828 15 356348 14 356868 13 357389 11 357909 11 358430 10 358952 8 359473 7 359996 3
b1f23c4d27afed8af7b6b64793a3760bfea31b65f582d48aaa62d2b988ef2eac,200332 4 200850 7 201365 13 201883 16 202401 19 202920 20 203436 25 203954 27 204473 28 204993 28 205512 29 206031 30 206551 30 207071 29 207591 28 208111 27 208632 24 209152 23 209673 20 210196 3
b1f23c4d27afed8af7b6b64793a3760bfea31b65f582d48aaa62d2b988ef2eac,250856 5 251372 10 251889 14 252408 16 252927 18 253446 19 253966 20 254486 20 255005 21 255525 22 256045 22 256565 23 257084 24 257604 23 258124 23 258643 24 259163 24 259683 24 260203 24 260723 23 261243 23 261764 21 262284 20 262805 17 263326 15 263850 9 264373 4
b1f23c4d27afed8af7b6b64793a3760bfea31b65f582d48aaa62d2b988ef2eac,200550 11 201067 15 201584 19 202102 22 202620 25 203139 26 203658 27 204177 29 204696 30 205214 32 205733 33 206253 33 206772 33 207291 34 207811 33 208331 33 208851 32 209371 31 209891 29 210411 28 210931 26 211452 22 211973 19 212494 13 213018 4
b1f23c4d27afed8af7b6b64793a3760bfea31b65f582d48aaa62d2b988ef2eac,1196 7 1715 10 2234 12 2754 13 3273 15 3793 16 4313 17 4833 18 5353 19 5873 19 6393 20 6914 20 7434 20 7954 21 8475 21 8995 21 9515 22 10036 21 10556 22 11077 21 11598 21 12118 21 12639 20 13159 20 13680 19 14201 18 14721 19 15242 18 15763 17 16284 15 16805 14 17325 14 17846 12 18367 11 18888 9 19409 7 19930 5
b1f23c4d27afed8af7b6b64793a3760bfea31b65f582d48aaa62d2b988ef2eac,308683 8 309200 13 309717 18 310236 20 310755 22 311274 24 311793 25 312312 27 312831 28 313351 28 313871 29 314390 30 314910 30 315430 29 315950 29 316470 29 316990 28 317510 28 318030 27 318550 26 319070 25 319590 23 320109 23 320629 23 321149 23 321670 21 322190 21 322711 19 323231 18 323752 15 324274 11 324796 8
b1f23c4d27afed8af7b6b64793a3760bfea31b65f582d48aaa62d2b988ef2eac,264681 1 265201 4 265721 6 266241 9 266761 10 267281 10 267801 11 268321 11 268841 11 269361 11 269881 11 270401 10 270921 10 271441 9 271961 9 272481 8 273001 7 273521 5 274041 2
b1f23c4d27afed8af7b6b64793a3760bfea31b65f582d48aaa62d2b988ef2eac,274493 6 275012 8 275531 11 276050 13 276567 17 277086 18 277605 19 278124 20 278644 20 279164 20 279684 19 280204 18 280723 19 281243 18 281762 17 282281 15 282800 14 283319 14 283837 15 284356 16 284872 19 285392 19 285911 20 286431 19 286951 19 287471 19 287991 19 288512 19 289033 18 289554 17 290074 17 290594 17 291114 17 291634 17 292154 17 292675 16 293195 15 293716 13 294238 10 294761 4
b1f23c4d27afed8af7b6b64793a3760bfea31b65f582d48aaa62d2b988ef2eac,374 5 893 7 1411 10 1930 12 2449 13 2969 14 3488 15 4008 15 4527 17 5047 17 5566 18 6086 18 6606 18 7126 17 7645 18 8165 18 8685 18 9204 19 9724 19 10244 19 10764 19 11284 19 11804 18 12324 18 12843 19 13363 19 13883 19 14403 18 14923 18 15443 17 15963 17 16483 16 17003 16 17524 14 18044 13 18564 12 19085 10 19605 9 20126 6 20647 4
b1f23c4d27afed8af7b6b64793a3760bfea31b65f582d48aaa62d2b988ef2eac,238 11 757 13 1276 16 1794 19 2313 20 2831 22 3350 24 3870 24 4390 24 4910 24 5430 24 5950 24 6471 23 6991 23 7512 22 8032 22 8553 20 9073 20 9594 20 10114 20 10635 19 11155 19 11676 18 12197 17 12717 17 13238 16 13759 14 14280 13 14801 11 15322 9 15843 5
b1f23c4d27afed8af7b6b64793a3760bfea31b65f582d48aaa62d2b988ef2eac,124632 2 125149 9 125667 12 126185 15 126704 17 127223 18 127742 20 128261 21 128781 21 129300 22 129819 23 130339 23 130858 24 131378 24 131897 24 132417 24 132936 25 133456 25 133975 25 134495 25 135014 26 135534 26 136054 26 136573 28 137093 28 137613 27 138132 25 138652 24 139171 24 139691 24 140211 23 140731 22 141251 22 141771 21 142291 20 142811 19 143331 17 143851 16 144372 14 144893 12 145415 8
b1f23c4d27afed8af7b6b64793a3760bfea31b65f582d48aaa62d2b988ef2eac,322102 3 322108 5 322617 19 323136 21 323652 26 324171 28 324690 30 325209 32 325729 32 326249 32 326768 34 327288 34 327808 34 328329 33 328849 33 329370 32 329890 31 330410 31 330931 29 331454 26 331975 24 332496 22 333017 20 333539 16 334064 8
b1f23c4d27afed8af7b6b64793a3760bfea31b65f582d48aaa62d2b988ef2eac,144103 9 144621 13 145140 15 145659 17 146178 19 146697 21 147216 23 147736 23 148255 25 148775 25 149295 25 149815 26 150334 27 150854 27 151374 27 151894 27 152415 26 152935 27 153455 27 153976 26 154496 26 155016 26 155537 25 156057 25 156577 25 157098 23 157619 22 158139 22 158660 20 159181 18 159702 17 160223 15 160744 13 161265 10 161788 5
b1f23c4d27afed8af7b6b64793a3760bfea31b65f582d48aaa62d2b988ef2eac,399 21 919 21 1440 20 1960 20 2480 20 3001 19 3522 18 4042 18 4562 18 5083 16 5604 15 6125 13 6645 13 7166 11 7688 7
b1f23c4d27afed8af7b6b64793a3760bfea31b65f582d48aaa62d2b988ef2eac,204519 4 205035 12 205553 16 206071 19 206590 21 207110 21 207629 23 208149 23 208669 23 209188 24 209708 24 210228 24 210748 24 211268 23 211788 23 212308 23 212828 22 213348 22 213868 21 214387 22 214907 21 215427 20 215947 19 216467 19 216987 18 217507 17 218028 15 218549 13 219070 11 219591 7
b1f23c4d27afed8af7b6b64793a3760bfea31b65f582d48aaa62d2b988ef2eac,228986 7 229504 10 230023 12 230541 15 231060 17 231579 18 232098 19 232617 20 233137 20 233656 21 234175 22 234695 22 235214 23 235734 23 236253 23 236773 23 237292 24 237812 23 238332 23 238851 24 239370 24 239890 24 240409 24 240929 24 241449 23 241968 23 242488 22 243008 21 243528 20 244047 20 244567 19 245087 18 245607 17 246128 15 246648 14 247169 12 247690 9
b1f23c4d27afed8af7b6b64793a3760bfea31b65f582d48aaa62d2b988ef2eac,268519 12 269035 17 269554 19 270073 21 270592 22 271112 23 271631 24 272151 24 272671 25 273191 25 273711 25 274231 25 274751 25 275272 24 275792 23 276312 23 276832 22 277353 20 277874 18 278394 17 278914 16 279434 15 279954 13 280474 11 280995 9 281515 8 282036 6
b1f23c4d27afed8af7b6b64793a3760bfea31b65f582d48aaa62d2b988ef2eac,270295 6 270814 8 271332 11 271851 13 272371 13 272891 13 273410 14 273929 15 274448 16 274967 17 275486 18 276005 19 276525 19 277044 20 277564 21 278084 22 278604 23 279124 24 279644 25 280165 25 280685 26 281205 26 281725 26 282245 26 282766 25 283286 25 283806 25 284326 25 284846 26 285366 26 285887 24 286408 23 286929 18 286949 2 287450 13 287972 10 288494 6
b1f23c4d27afed8af7b6b64793a3760bfea31b65f582d48aaa62d2b988ef2eac,251999 7 252517 11 253036 14 253555 16 254075 18 254595 19 255114 22 255634 23 256154 24 256674 25 257195 25 257715 25 258235 25 258755 25 259276 25 259796 25 260317 23 260837 23 261358 22 261879 21 262399 21 262920 20 263440 20 263961 18 264482 17 265003 16 265524 14 266046 11 266569 6
b1f23c4d27afed8af7b6b64793a3760bfea31b65f582d48aaa62d2b988ef2eac,161092 2 161606 14 162123 19 162641 22 163157 27 163676 29 164194 31 164712 34 165230 36 165748 38 166267 39 166787 39 167306 40 167825 41 168345 40 168864 39 169384 38 169904 37 170424 35 170944 31 171465 26 171985 22 172506 17 173028 12 173550 4
b1f23c4d27afed8af7b6b64793a3760bfea31b65f582d48aaa62d2b988ef2eac,93960 10 94478 15 94997 19 95516 21 96036 22 96555 24 97075 24 97595 24 98115 25 98635 25 99156 24 99676 24 100196 24 100716 24 101235 24 101755 23 102275 22 102795 22 103314 22 103834 21 104354 20 104874 19 105394 18 105915 15 106435 14 106956 11
b1f23c4d27afed8af7b6b64793a3760bfea31b65f582d48aaa62d2b988ef2eac,148740 7 149259 9 149777 12 150296 14 150815 16 151335 17 151854 18 152373 20 152893 20 153413 21 153932 23 154452 23 154972 23 155491 24 156011 25 156531 25 157051 25 157571 25 158091 25 158611 25 159131 25 159651 25 160171 25 160691 25 161212 24 161733 22 162254 21 162775 19 163296 18 163817 16 164338 14 164859 11 165380 8
b1f23c4d27afed8af7b6b64793a3760bfea31b65f582d48aaa62d2b988ef2eac,295845 9 296357 20 296876 22 297395 24 297914 26 298433 28 298953 29 299473 29 299993 30 300513 30 301033 30 301553 30 302074 29 302595 28 303116 27 303637 26 304158 24 304679 23 305201 20 305724 16 306247 10
b1f23c4d27afed8af7b6b64793a3760bfea31b65f582d48aaa62d2b988ef2eac,45316 8 45834 11 46353 13 46872 15 47391 17 47911 18 48430 19 48949 20 49469 20 49989 20 50509 20 51029 20 51549 20 52068 21 52588 21 53108 21 53628 21 54148 21 54668 21 55188 20 55707 21 56227 20 56748 19 57268 19 57788 18 58308 18 58828 18 59348 17 59868 16 60388 16 60908 16 61428 15 61948 15 62469 13 62989 13 63510 11 64030 10 64550 9 65071 7 65594 3
b1f23c4d27afed8af7b6b64793a3760bfea31b65f582d48aaa62d2b988ef2eac,121204 8 121722 12 122241 15 122760 18 123279 20 123799 21 124318 23 124838 23 125357 24 125877 25 126397 25 126916 26 127436 27 127956 27 128476 27 128996 27 129516 27 130036 27 130556 27 131076 27 131597 26 132117 25 132638 24 133158 23 133679 22 134200 20 134721 18 135242 16 135764 13 136286 9
b1f23c4d27afed8af7b6b64793a3760bfea31b65f582d48aaa62d2b988ef2eac,272988 12 273505 16 274023 18 274542 19 275061 20 275579 22 276098 23 276617 24 277137 24 277656 25 278175 26 278695 26 279215 26 279735 26 280255 26 280775 26 281296 25 281817 24 282339 22 282863 17 283387 10
b1f23c4d27afed8af7b6b64793a3760bfea31b65f582d48aaa62d2b988ef2eac,40026 4 40543 8 41062 10 41581 12 42100 14 42617 18 43134 22 43652 25 44171 26 44690 27 45209 28 45728 29 46247 30 46767 29 47286 30 47806 30 48326 30 48846 29 49366 28 49886 27 50407 10 50426 5 50928 6
b1f23c4d27afed8af7b6b64793a3760bfea31b65f582d48aaa62d2b988ef2eac,169096 4 169611 13 170130 15 170649 16 171168 18 171687 19 172206 21 172725 22 173245 22 173764 23 174283 23 174803 23 175322 24 175842 23 176361 24 176881 23 177401 23 177920 23 178440 23 178960 22 179480 21 180001 19 180521 19 181042 17 181563 15 182085 12 182606 10 183126 9 183646 8 184167 4
b1f23c4d27afed8af7b6b64793a3760bfea31b65f582d48aaa62d2b988ef2eac,324835 7 325354 10 325873 12 326393 15 326912 17 327432 18 327952 19 328472 19 328991 20 329510 21 330029 22 330549 22 331068 23 331586 24 332105 25 332624 25 333143 25 333663 24 334183 23 334703 23 335222 24 335742 24 336262 23 336783 21 337304 19 337826 14 338354 2
b1f23c4d27afed8af7b6b64793a3760bfea31b65f582d48aaa62d2b988ef2eac,222273 10 222790 15 223308 18 223827 20 224346 22 224865 23 225384 24 225904 24 226423 25 226943 25 227462 26 227981 28 228501 27 229020 28 229540 28 230060 28 230579 28 231099 28 231619 28 232139 28 232659 28 233179 26 233699 25 234219 24 234740 22 235260 20 235780 18 236300 16 236820 15 237341 12
b1f23c4d27afed8af7b6b64793a3760bfea31b65f582d48aaa62d2b988ef2eac,320486 7 321004 11 321523 13 322042 15 322562 16 323081 18 323601 19 324121 20 324641 21 325160 23 325680 24 326200 25 326720 26 327240 27 327760 28 328280 28 328800 29 329320 30 329840 30 330360 31 330881 30 331401 31 331921 31 332441 31 332961 32 333482 31 334002 31 334523 30 335043 31 335564 30 336085 28 336606 27 337127 26 337648 25 338169 24 338690 22 339211 20 339732 18 340254 16 340777 12 341298 10 341821 5
b1f23c4d27afed8af7b6b64793a3760bfea31b65f582d48aaa62d2b988ef2eac,2352 3 2868 10 3387 13 3906 15 4425 17 4944 19 5463 20 5983 21 6503 21 7022 23 7542 23 8062 24 8582 24 9102 24 9622 24 10142 24 10663 23 11183 23 11703 22 12224 21 12744 20 13265 19 13785 18 14305 18 14825 18 15345 17 15865 16 16386 14 16906 14 17426 13 17947 11 18468 9 18989 7
b1f23c4d27afed8af7b6b64793a3760bfea31b65f582d48aaa62d2b988ef2eac,19630 6 20149 8 20667 11 21186 13 21705 14 22225 15 22744 16 23264 17 23783 18 24303 18 24823 19 25342 20 25862 20 26382 21 26901 22 27421 23 27941 23 28461 23 28981 23 29501 23 30021 24 30541 24 31061 23 31582 22 32102 22 32622 22 33142 22 33662 21 34182 21 34702 20 35222 20 35743 18 36263 17 36784 15 37305 13 37826 12 38347 10 38869 5
b1f23c4d27afed8af7b6b64793a3760bfea31b65f582d48aaa62d2b988ef2eac,263888 3 264405 8 264922 14 265441 16 265960 18 266479 20 266998 21 267517 22 268036 23 268555 24 269075 24 269595 24 270115 23 270634 24 271153 24 271672 25 272192 24 272712 23 273232 22 273752 21 274273 18 274794 15 275315 11
b1f23c4d27afed8af7b6b64793a3760bfea31b65f582d48aaa62d2b988ef2eac,326590 6 327108 9 327627 11 328146 13 328665 15 329183 17 329702 18 330221 20 330740 21 331259 22 331778 23 332297 24 332816 25 333335 26 333855 26 334375 26 334894 26 335414 26 335933 27 336453 27 336973 26 337493 26 338014 24 338534 24 339054 23 339575 21 340095 20 340615 19 341136 16 341657 13 342178 11
b1f23c4d27afed8af7b6b64793a3760bfea31b65f582d48aaa62d2b988ef2eac,82545 5 83057 14 83573 19 84091 22 84610 24 85129 26 85648 27 86167 29 86687 29 87206 30 87726 31 88246 31 88766 31 89286 30 89807 28 90327 28 90847 28 91368 27 91889 26 92410 25 92931 23 93452 21 93972 19 94493 17
b1f23c4d27afed8af7b6b64793a3760bfea31b65f582d48aaa62d2b988ef2eac,280515 13 281033 16 281552 19 282071 22 282590 25 283109 27 283628 28 284148 29 284668 29 285187 30 285707 29 286227 29 286747 29 287268 28 287789 26 288310 24 288835 16
b1f23c4d27afed8af7b6b64793a3760bfea31b65f582d48aaa62d2b988ef2eac,78524 15 79041 22 79561 25 80081 27 80601 28 81121 29 81641 30 82161 31 82681 31 83201 32 83721 33 84241 34 84761 34 85281 35 85801 35 86321 35 86841 35 87361 35 87881 35 88401 35 88921 34 89441 34 89961 33 90482 31 91004 29 91526 26 92052 19 92577 12 93100 7
b1f23c4d27afed8af7b6b64793a3760bfea31b65f582d48aaa62d2b988ef2eac,241848 11 242366 15 242885 17 243404 18 243922 21 244441 22 244961 23 245480 25 245999 26 246518 27 247037 28 247556 29 248076 29 248596 29 249115 30 249635 30 250155 30 250674 31 251194 30 251714 30 252234 29 252754 29 253274 28 253794 27 254314 25 254834 24 255354 23 255874 22 256395 20 256915 19 257435 18 257956 16 258477 14 258998 11 259521 6
b1f23c4d27afed8af7b6b64793a3760bfea31b65f582d48aaa62d2b988ef2eac,130151 7 130669 11 131188 13 131707 18 132226 21 132744 26 133263 28 133783 29 134302 30 134822 31 135342 31 135861 32 136380 33 136901 31 137422 30 137942 30 138463 28 138984 26 139505 23 140026 20 140547 18 141067 16 141588 14 142109 12 142629 11 143150 7
b1f23c4d27afed8af7b6b64793a3760bfea31b65f582d48aaa62d2b988ef2eac,222456 14 222973 19 223491 23 224010 26 224529 29 225048 31 225567 33 226086 35 226605 36 227125 36 227644 37 228164 37 228685 36 229205 35 229725 34 230245 33 230766 31 231287 28 231809 22 232334 12
b1f23c4d27afed8af7b6b64793a3760bfea31b65f582d48aaa62d2b988ef2eac,117445 5 117959 14 118475 19 118994 21 119512 23 120031 25 120549 27 121068 28 121586 30 122105 31 122624 31 123143 32 123662 33 124182 32 124701 32 125220 32 125739 32 126258 32 126777 31 127297 29 127817 26 128337 23 128857 20 129377 18 129898 14 130419 10 130941 5
b1f23c4d27afed8af7b6b64793a3760bfea31b65f582d48aaa62d2b988ef2eac,136083 6 136601 9 137121 12 137640 18 138157 22 138676 24 139195 25 139715 25 140234 26 140753 27 141273 27 141792 27 142311 28 142830 28 143350 28 143871 27 144392 25 144912 23 145433 21 145953 20 146474 18 146994 17 147514 16 148034 15 148554 14 149074 14 149594 13 150115 11 150636 9 151157 6
b1f23c4d27afed8af7b6b64793a3760bfea31b65f582d48aaa62d2b988ef2eac,258036 7 258551 15 259070 17 259590 18 260109 20 260629 21 261148 22 261668 22 262187 23 262707 23 263226 23 263746 23 264265 24 264785 24 265304 24 265824 23 266343 24 266863 23 267383 22 267903 22 268423 21 268943 20 269463 19 269983 19 270503 18 271023 17 271543 16 272063 15 272583 14 273103 13 273623 12 274143 11 274664 9 275185 7 275707 3
b1f23c4d27afed8af7b6b64793a3760bfea31b65f582d48aaa62d2b988ef2eac,126841 3 127353 18 127871 22 128389 25 128907 28 129425 31 129944 33 130462 35 130980 37 131499 38 132018 39 132537 40 133056 40 133575 40 134094 41 134614 40 135133 40 135653 39 136173 37 136693 36 137213 35 137733 33 138253 32 138774 28 139294 25 139815 20 140336 15
b1f23c4d27afed8af7b6b64793a3760bfea31b65f582d48aaa62d2b988ef2eac,350482 3 351001 6 351521 7 352041 7 352561 8 353081 8 353601 8 354121 8 354641 8 355161 8 355681 8 356201 8 356721 8 357241 8 357761 8 358281 8 358801 8 359321 8 359841 8 360361 9 360881 9 361401 8
b1f23c4d27afed8af7b6b64793a3760bfea31b65f582d48aaa62d2b988ef2eac,29966 9 30485 13 31004 16 31523 18 32042 20 32562 21 33081 22 33601 23 34121 23 34641 24 35161 24 35681 24 36202 23 36722 24 37243 23 37764 22 38285 21 38806 19 39328 17 39849 16 40369 16 40889 16 41409 16 41929 16 42449 16 42970 14 43490 14 44010 13 44530 12 45051 10 45572 8 46094 4
b1f23c4d27afed8af7b6b64793a3760bfea31b65f582d48aaa62d2b988ef2eac,136374 5 136892 9 137409 13 137924 18 138443 20 138962 22 139481 24 140001 25 140521 26 141041 26 141561 27 142082 27 142602 27 143123 27 143643 27 144164 25 144684 25 145204 25 145725 24 146245 23 146766 21 147286 21 147807 19 148327 18 148847 17 149368 14 149889 11 150410 8 150932 3
b1f23c4d27afed8af7b6b64793a3760bfea31b65f582d48aaa62d2b988ef2eac,246345 6 246862 11 247380 14 247898 16 248415 20 248933 22 249450 25 249969 26 250487 28 251006 28 251525 29 252045 29 252564 29 253084 29 253604 28 254124 27 254644 27 255164 26 255684 25 256204 24 256724 24 257244 23 257765 21 258285 20 258805 19 259325 18 259845 17 260366 14 260887 11 261408 9 261929 4
b1f23c4d27afed8af7b6b64793a3760bfea31b65f582d48aaa62d2b988ef2eac,220542 6 221061 8 221580 10 222099 11 222619 12 223138 14 223657 15 224176 16 224696 16 225216 16 225736 16 226255 17 226775 17 227294 19 227814 19 228333 20 228853 20 229373 20 229892 21 230412 21 230932 21 231451 21 231971 21 232491 21 233011 21 233530 21 234050 21 234571 19 235091 19 235611 18 236130 18 236650 15 237171 13 237693 10 238214 6 238735 2
b1f23c4d27afed8af7b6b64793a3760bfea31b65f582d48aaa62d2b988ef2eac,348942 5 349461 9 349977 15 350495 18 351014 19 351534 20 352053 21 352572 23 353091 25 353609 27 354129 27 354649 27 355169 27 355689 27 356209 27 356729 27 357249 27 357769 27 358289 27 358809 27 359329 27 359849 27 360370 26 360890 26 361409 26
b1f23c4d27afed8af7b6b64793a3760bfea31b65f582d48aaa62d2b988ef2eac,13817 6 14336 10 14855 13 15375 14 15895 15 16414 16 16934 17 17454 17 17974 17 18494 18 19014 19 19534 20 20054 21 20574 21 21094 22 21614 22 22134 23 22654 23 23175 23 23695 23 24216 22 24736 22 25256 22 25777 21 26297 21 26817 20 27337 20 27858 18 28379 16 28900 15 29421 13 29942 11 30464 7
b1f23c4d27afed8af7b6b64793a3760bfea31b65f582d48aaa62d2b988ef2eac,192956 7 193473 12 193991 16 194509 19 195028 20 195547 22 196066 23 196585 24 197104 25 197624 25 198143 26 198662 27 199181 28 199701 27 200220 28 200740 27 201260 27 201780 26 202300 26 202820 25 203340 25 203860 25 204381 24 204901 23 205421 21 205942 19 206463 17 206984 15 207505 13 208028 8
b1f23c4d27afed8af7b6b64793a3760bfea31b65f582d48aaa62d2b988ef2eac,221259 8 221776 14 222295 16 222814 18 223334 19 223853 21 224373 21 224892 23 225412 23 225932 23 226451 24 226971 25 227490 26 228009 27 228528 28 229048 28 229568 28 230088 28 230607 28 231127 28 231647 27 232167 26 232687 25 233206 25 233727 23 234249 20 234770 18 235292 15 235814 11
b1f23c4d27afed8af7b6b64793a3760bfea31b65f582d48aaa62d2b988ef2eac,95565 2 96082 7 96601 10 97120 12 97640 13 98160 14 98679 15 99199 16 99718 18 100238 18 100759 17 101280 16 101802 14 102323 13 102844 12 103366 9 103887 8 104408 7 104929 5
b1f23c4d27afed8af7b6b64793a3760bfea31b65f582d48aaa62d2b988ef2eac,9942 20 10457 26 10973 31 11491 34 12010 36 12530 36 13049 38 13569 38 14088 40 14608 40 15128 40 15648 40 16168 40 16689 39 17209 39 17730 37 18251 36 18772 35 19293 33 19814 31 20336 29 20857 27 21378 22 21901 17 22423 12
b1f23c4d27afed8af7b6b64793a3760bfea31b65f582d48aaa62d2b988ef2eac,57082 6 57091 5 57601 18 58120 23 58639 27 59158 29 59678 30 60197 33 60717 34 61237 35 61757 36 62278 36 62799 36 63320 36 63840 36 64361 35 64882 34 65404 32 65926 30 66448 28 66970 25 67492 22 68015 17 68541 5
b1f23c4d27afed8af7b6b64793a3760bfea31b65f582d48aaa62d2b988ef2eac,491 30 1011 30 1532 29 2052 29 2573 28 3094 27 3614 27 4135 26 4656 25 5178 23 5699 21 6221 18 6744 14
b1f23c4d27afed8af7b6b64793a3760bfea31b65f582d48aaa62d2b988ef2eac,183433 4 183951 10 184469 13 184988 15 185507 18 186027 19 186546 23 187066 24 187585 26 188105 27 188625 28 189145 28 189665 29 190185 29 190706 28 191226 28 191746 28 192266 28 192787 27 193308 26 193829 25 194349 24 194870 23 195391 21 195912 19 196434 16 196955 14 197479 9
b1f23c4d27afed8af7b6b64793a3760bfea31b65f582d48aaa62d2b988ef2eac,60316 5 60834 7 61352 9 61871 10 62389 12 62908 13 63427 14 63946 15 64465 16 64984 17 65503 18 66023 18 66542 19 67062 19 67581 20 68101 20 68620 21 69140 21 69660 21 70180 21 70700 21 71220 21 71739 22 72259 22 72779 22 73300 21 73820 21 74340 21 74861 20 75382 19 75903 18 76424 16 76945 13 77467 9 77990 5
b1f23c4d27afed8af7b6b64793a3760bfea31b65f582d48aaa62d2b988ef2eac,291244 2 291761 8 292269 7 292279 12 292786 26 293304 29 293822 32 294341 33 294860 35 295380 35 295900 36 296420 36 296940 37 297460 37 297980 37 298500 37 299020 37 299540 36 300060 36 300580 36 301101 34 301622 32 302142 32 302663 30 303185 26 303706 24 304227 21 304748 19 305269 15 305789 14 306310 12 306834 5
b1f23c4d27afed8af7b6b64793a3760bfea31b65f582d48aaa62d2b988ef2eac,354064 10 354582 15 355101 18 355620 21 356140 23 356659 25 357179 26 357698 29 358218 30 358738 31 359259 30 359779 31 360299 32 360819 32 361339 33 361859 33
b1f23c4d27afed8af7b6b64793a3760bfea31b65f582d48aaa62d2b988ef2eac,195267 5 195785 8 196303 11 196822 13 197341 14 197860 16 198379 17 198898 18 199417 19 199936 20 200455 20 200974 21 201493 22 202013 22 202532 22 203051 23 203571 23 204090 24 204610 23 205130 23 205649 23 206169 23 206689 22 207209 21 207729 21 208249 20 208769 19 209289 19 209809 18 210330 16 210850 15 211371 13 211892 11 212414 8 212936 3
b1f23c4d27afed8af7b6b64793a3760bfea31b65f582d48aaa62d2b988ef2eac,268594 2 269110 7 269628 10 270146 13 270665 14 271184 16 271703 17 272223 17 272742 18 273261 19 273781 19 274301 18 274820 19 275339 20 275858 20 276378 20 276897 20 277417 19 277937 19 278457 18 278977 17 279497 16 280017 15 280537 15 281057 14 281578 13 282099 12 282620 10 283140 9 283661 7 284182 5
b1f23c4d27afed8af7b6b64793a3760bfea31b65f582d48aaa62d2b988ef2eac,287181 6 287699 11 288218 13 288738 14 289257 16 289771 22 290290 24 290810 24 291330 25 291849 26 292369 26 292889 26 293409 26 293929 26 294449 26 294969 26 295490 24 296010 24 296530 24 297050 23 297571 22 298091 22 298612 20 299133 18 299654 16 300175 14 300695 13 301216 12 301738 10 302260 7
b1f23c4d27afed8af7b6b64793a3760bfea31b65f582d48aaa62d2b988ef2eac,82114 5 82633 7 83152 9 83672 10 84191 11 84710 12 85230 12 85749 13 86269 13 86789 13 87309 13 87829 13 88349 13 88869 13 89389 13 89908 14 90428 14 90948 14 91468 15 91988 16 92508 16 93028 17 93548 17 94068 17 94588 17 95108 17 95628 17 96148 17 96668 16 97188 16 97709 14 98230 13 98751 12 99272 11 99793 9
b1f23c4d27afed8af7b6b64793a3760bfea31b65f582d48aaa62d2b988ef2eac,212086 21 212604 28 213123 31 213643 32 214162 34 214682 35 215202 36 215722 37 216242 38 216762 38 217283 37 217803 37 218324 36 218845 35 219366 33 219887 31 220408 29 220929 27 221451 23 221973 19 222496 14 223020 7
b1f23c4d27afed8af7b6b64793a3760bfea31b65f582d48aaa62d2b988ef2eac,334408 5 334927 7 334936 4 335446 17 335964 20 336483 22 337002 24 337522 24 338041 26 338561 26 339082 26 339602 26 340121 27 340641 27 341160 28 341679 29 342199 30 342719 30 343239 30 343759 30 344279 29 344799 29 345319 28 345840 26 346360 25 346880 25 347400 25 347921 25 348441 25 348961 25 349480 27 350000 27 350520 27 351040 27 351561 26 352081 26 352601 26 353122 25 353642 24 354163 23 354684 22 355205 21 355726 21 356246 21 356767 20 357287 20 357808 18 358329 16 358850 13 359372 9 359893 4
b1f23c4d27afed8af7b6b64793a3760bfea31b65f582d48aaa62d2b988ef2eac,219800 6 220318 10 220836 13 221355 15 221874 17 222394 18 222913 20 223432 21 223952 22 224471 23 224991 24 225511 25 226031 25 226551 26 227071 26 227592 26 228112 27 228632 27 229153 26 229673 26 230194 25 230715 25 231237 23 231759 21 232280 20 232801 18 233322 17 233842 17 234363 15 234884 13 235405 10 235927 6
b1f23c4d27afed8af7b6b64793a3760bfea31b65f582d48aaa62d2b988ef2eac,301 12 821 12 1341 11 1862 9 2383 7 2904 5
b1f23c4d27afed8af7b6b64793a3760bfea31b65f582d48aaa62d2b988ef2eac,255832 7 256348 13 256866 15 257384 17 257903 18 258423 18 258942 19 259461 20 259981 20 260500 21 261020 21 261540 21 262059 22 262579 22 263099 22 263619 22 264139 22 264659 22 265179 22 265700 21 266220 21 266741 20 267261 20 267782 19 268303 18 268825 16 269347 14 269869 10
b1f23c4d27afed8af7b6b64793a3760bfea31b65f582d48aaa62d2b988ef2eac,217361 4 217881 6 218401 7 218921 7 219441 8 219961 9 220481 10 221001 10 221521 11 222041 12 222561 12 223081 12 223601 12 224121 12 224641 13 225161 13 225681 13 226201 13 226721 14 227241 14 227761 14 228281 15 228801 15 229321 15 229841 15 230361 15 230881 15 231401 16 231921 16 232441 16 232961 16 233481 16 234001 15 234521 15 235041 15 235561 15 236081 14 236601 14 237121 13 237641 13 238161 12 238683 8 239204 3
b1f23c4d27afed8af7b6b64793a3760bfea31b65f582d48aaa62d2b988ef2eac,342252 3 342771 5 343291 6 343811 7 344332 5 344854 2
b1f23c4d27afed8af7b6b64793a3760bfea31b65f582d48aaa62d2b988ef2eac,314036 9 314552 23 315070 29 315588 34 316107 36 316627 37 317147 37 317667 38 318187 38 318708 37 319229 36 319752 33 320273 31 320793 31 321314 29 321837 24 322358 21 322880 17 323403 12 323927 5
b1f23c4d27afed8af7b6b64793a3760bfea31b65f582d48aaa62d2b988ef2eac,304391 9 304909 13 305428 15 305947 18 306466 20 306986 21 307506 22 308026 24 308546 26 309067 26 309587 28 310108 28 310628 30 311148 31 311669 31 312190 31 312710 31 313231 31 313752 31 314272 32 314793 31 315314 30 315834 30 316355 29 316875 28 317396 27 317917 25 318438 23 318960 21 319481 20 320003 18 320532 8 321055 3
b1f23c4d27afed8af7b6b64793a3760bfea31b65f582d48aaa62d2b988ef2eac,54438 4 54955 10 55474 13 55993 15 56513 16 57032 18 57552 19 58071 20 58591 21 59111 21 59631 21 60151 22 60672 21 61192 21 61711 22 62230 23 62749 24 63269 23 63789 23 64308 24 64828 23 65348 23 65868 23 66388 22 66908 22 67428 22 67948 21 68468 21 68988 20 69508 20 70028 19 70548 18 71069 16 71589 15 72110 13 72631 10 73154 3
b1f23c4d27afed8af7b6b64793a3760bfea31b65f582d48aaa62d2b988ef2eac,21451 3 21968 9 22487 11 23006 14 23525 16 24045 16 24564 18 25083 19 25602 21 26122 21 26641 22 27160 24 27680 24 28199 25 28718 26 29238 26 29757 27 30277 27 30796 28 31316 28 31835 29 32355 28 32875 28 33394 29 33914 28 34434 28 34954 27 35474 26 35994 25 36515 23 37035 22 37555 21 38076 19 38597 16 39118 14 39639 10 40162 4
b1f23c4d27afed8af7b6b64793a3760bfea31b65f582d48aaa62d2b988ef2eac,199901 5 200418 10 200936 13 201455 15 201973 17 202492 19 203011 20 203531 20 204050 21 204569 22 205088 23 205607 24 206126 25 206645 26 207164 26 207684 26 208203 26 208723 26 209242 26 209762 26 210282 25 210802 25 211322 24 211842 23 212362 22 212882 20 213403 17 213923 16 214444 13 214966 9
b1f23c4d27afed8af7b6b64793a3760bfea31b65f582d48aaa62d2b988ef2eac,89235 3 89749 14 90266 19 90785 21 91304 23 91823 25 92342 26 92862 27 93382 27 93902 27 94422 27 94942 28 95462 28 95982 28 96502 28 97022 28 97542 28 98062 28 98582 27 99102 27 99623 26 100143 25 100664 23 101185 21 101706 19 102227 17 102748 14 103271 6
b1f23c4d27afed8af7b6b64793a3760bfea31b65f582d48aaa62d2b988ef2eac,53364 7 53883 10 54402 13 54921 15 55440 16 55959 18 56478 19 56997 20 57516 21 58036 21 58555 22 59075 23 59594 24 60114 24 60634 24 61154 23 61675 22 62196 21 62717 20 63237 20 63757 20 64277 20 64797 19 65318 18 65840 15 66361 13 66882 11 67403 9 67924 8 68445 6
b1f23c4d27afed8af7b6b64793a3760bfea31b65f582d48aaa62d2b988ef2eac,301079 2 301598 3 302117 4 302636 5 303156 5 303675 6 304195 6 304715 6 305235 6 305755 6 306275 6 306795 6 307316 5 307837 4 308358 3 308879 2
b1f23c4d27afed8af7b6b64793a3760bfea31b65f582d48aaa62d2b988ef2eac,320603 9 321119 16 321637 20 322155 24 322673 27 323191 30 323710 31 324229 32 324748 34 325268 34 325787 35 326307 35 326827 35 327346 35 327866 35 328386 34 328906 33 329426 33 329946 33 330467 32 330988 31 331509 30 332030 28 332551 19 333073 15 333598 6
b1f23c4d27afed8af7b6b64793a3760bfea31b65f582d48aaa62d2b988ef2eac,212705 14 213223 17 213741 20 214259 23 214778 25 215297 27 215816 28 216336 28 216856 29 217376 29 217896 29 218416 30 218936 30 219456 30 219976 30 220496 31 221017 30 221537 30 222058 29 222578 29 223099 28 223620 26 224141 25 224662 24 225184 21 225705 20 226226 19 226747 17 227269 15 227790 13 228312 10 228834 6
b1f23c4d27afed8af7b6b64793a3760bfea31b65f582d48aaa62d2b988ef2eac,118173 8 118690 13 119209 16 119727 19 120246 21 120765 23 121284 24 121804 25 122323 26 122842 27 123362 27 123882 27 124402 27 124921 27 125441 27 125961 27 126481 26 127001 25 127521 24 128041 23 128561 22 129082 20 129602 19 130123 16 130644 13 131165 10 131686 7
b1f23c4d27afed8af7b6b64793a3760bfea31b65f582d48aaa62d2b988ef2eac,22327 12 22845 16 23364 18 23883 20 24402 22 24921 24 25440 25 25960 26 26479 27 26999 27 27519 28 28038 29 28558 29 29078 29 29598 29 30118 28 30638 28 31159 27 31679 27 32199 27 32720 26 33240 25 33761 24 34281 24 34802 23 35322 23 35843 22 36364 20 36884 20 37405 19 37926 18 38447 16 38969 14 39490 12 40012 9
b1f23c4d27afed8af7b6b64793a3760bfea31b65f582d48aaa62d2b988ef2eac,253162 4 253679 9 254197 12 254715 15 255234 16 255752 19 256271 20 256790 22 257309 23 257828 24 258347 25 258866 26 259385 26 259905 26 260424 27 260944 26 261463 27 261983 27 262503 27 263022 28 263542 27 264062 26 264582 26 265103 24 265623 23 266144 21 266665 18 267186 16 267708 13 268230 8
b1f23c4d27afed8af7b6b64793a3760bfea31b65f582d48aaa62d2b988ef2eac,7 31 527 31 1048 29 1569 26 2090 23 2611 18 3133 13
b1f23c4d27afed8af7b6b64793a3760bfea31b65f582d48aaa62d2b988ef2eac,288966 4 289483 10 290000 14 290519 16 291037 19 291556 21 292075 22 292594 24 293113 25 293632 26 294151 27 294670 29 295189 30 295709 30 296228 31 296748 30 297267 31 297787 30 298307 29 298827 28 299348 26 299869 23 300392 18 300920 3
b1f23c4d27afed8af7b6b64793a3760bfea31b65f582d48aaa62d2b988ef2eac,152529 3 153045 8 153563 12 154081 15 154600 17 155119 18 155638 19 156157 20 156676 21 157195 22 157714 22 158233 23 158752 24 159272 24 159791 25 160311 25 160830 25 161350 25 161869 25 162389 25 162909 24 163428 25 163948 24 164469 23 164989 22 165509 21 166029 20 166550 18 167071 16 167592 14 168114 10 168637 4
b1f23c4d27afed8af7b6b64793a3760bfea31b65f582d48aaa62d2b988ef2eac,83133 2 83650 7 84168 10 84687 12 85205 14 85724 16 86244 17 86763 18 87283 19 87803 19 88323 19 88843 19 89363 19 89883 19 90403 19 90922 20 91442 20 91962 20 92482 20 93002 19 93522 19 94042 19 94562 19 95082 19 95603 18 96123 18 96643 18 97163 17 97683 17 98204 16 98724 16 99244 15 99765 14 100286 12 100807 9 101328 7
b1f23c4d27afed8af7b6b64793a3760bfea31b65f582d48aaa62d2b988ef2eac,252395 2 252913 7 253429 12 253947 15 254466 16 254985 17 255504 18 256023 19 256542 20 257061 21 257580 22 258099 23 258618 23 259138 23 259657 23 260176 24 260696 24 261215 24 261734 25 262254 24 262773 24 263293 24 263812 24 264332 23 264852 21 265371 21 265891 21 266411 20 266931 19 267451 18 267971 17 268491 16 269012 14 269532 12 270053 9
b1f23c4d27afed8af7b6b64793a3760bfea31b65f582d48aaa62d2b988ef2eac,295453 6 295971 10 296490 13 297009 15 297528 17 298048 17 298568 18 299088 19 299607 21 300127 21 300647 22 301167 23 301687 24 302207 25 302728 25 303248 26 303769 25 304290 25 304810 25 305330 25 305851 25 306371 25 306892 25 307412 25 307933 25 308454 24 308975 23 309496 22 310018 19 310540 17 311064 13 311587 9 312110 4
b1f23c4d27afed8af7b6b64793a3760bfea31b65f582d48aaa62d2b988ef2eac,238285 7 238802 12 239320 15 239839 17 240358 19 240877 20 241396 22 241915 23 242435 23 242954 24 243473 25 243993 25 244512 25 245032 25 245551 25 246071 24 246591 24 247111 23 247631 23 248151 22 248671 21 249190 21 249710 21 250231 19 250751 18 251272 16 251792 15 252313 13 252835 9 253356 7
b1f23c4d27afed8af7b6b64793a3760bfea31b65f582d48aaa62d2b988ef2eac,85686 8 86204 11 86723 13 87242 15 87761 17 88281 18 88801 19 89321 19 89841 18 90361 17 90881 17 91401 17 91921 16 92441 15 92962 13 93485 7
b1f23c4d27afed8af7b6b64793a3760bfea31b65f582d48aaa62d2b988ef2eac,4083 5 4601 10 5120 12 5639 14 6158 16 6677 18 7197 18 7716 20 8235 21 8755 21 9274 22 9794 22 10313 23 10833 22 11352 23 11872 23 12392 23 12912 23 13432 22 13952 22 14472 22 14992 21 15512 21 16032 20 16552 19 17073 17 17593 16 18114 13 18635 11 19156 8
b1f23c4d27afed8af7b6b64793a3760bfea31b65f582d48aaa62d2b988ef2eac,224732 8 225250 11 225768 14 226287 16 226806 18 227325 19 227844 21 228363 22 228882 24 229402 24 229921 25 230441 26 230960 27 231480 27 232000 27 232519 28 233039 28 233559 28 234079 27 234598 28 235118 28 235638 28 236158 27 236677 28 237197 27 237717 27 238237 26 238756 26 239276 26 239797 24 240317 23 240837 22 241357 21 241877 18 242397 17 242917 15 243438 12 243959 9 244481 3
b1f23c4d27afed8af7b6b64793a3760bfea31b65f582d48aaa62d2b988ef2eac,210199 14 210719 14 211239 15 211758 17 212277 18 212796 19 213316 19 213835 20 214355 20 214874 21 215394 21 215913 22 216433 21 216953 21 217472 22 217992 22 218512 21 219032 20 219552 19 220072 19 220592 18 221113 16 221634 15 222155 13 222677 9
b1f23c4d27afed8af7b6b64793a3760bfea31b65f582d48aaa62d2b988ef2eac,42147 7 42666 10 43185 12 43704 14 44224 15 44744 16 45264 17 45784 18 46304 18 46824 19 47344 19 47864 20 48384 20 48905 20 49425 20 49945 21 50465 21 50985 21 51505 22 52026 21 52546 21 53066 22 53587 21 54107 21 54628 21 55148 21 55669 20 56189 20 56710 19 57230 20 57751 19 58271 19 58792 18 59312 18 59833 17 60354 16 60875 15 61396 14 61917 13 62438 12 62959 11 63480 9 64001 7
b1f23c4d27afed8af7b6b64793a3760bfea31b65f582d48aaa62d2b988ef2eac,24372 2 24888 9 25406 13 25925 15 26444 17 26963 19 27483 20 28002 22 28521 23 29041 23 29561 23 30081 23 30600 24 31120 24 31640 24 32160 25 32680 25 33200 25 33721 24 34241 24 34762 24 35283 23 35804 22 36325 21 36846 20 37367 18 37888 16 38410 13 38931 11 39453 8
b1f23c4d27afed8af7b6b64793a3760bfea31b65f582d48aaa62d2b988ef2eac,339918 10 340434 16 340952 22 341470 25 341989 27 342508 30 343027 32 343547 33 344067 33 344588 32 345108 32 345629 31 346149 31 346670 29 347190 29 347710 29 348230 28 348750 27 349270 27 349790 26 350310 24 350831 21 351352 19 351873 16 352394 11
b1f23c4d27afed8af7b6b64793a3760bfea31b65f582d48aaa62d2b988ef2eac,331026 5 331543 9 332062 12 332580 15 333099 17 333618 18 334137 20 334656 21 335175 22 335695 22 336214 23 336733 24 337252 24 337772 24 338291 25 338811 25 339330 26 339850 25 340369 26 340889 26 341408 27 341928 26 342448 26 342967 26 343487 26 344007 25 344527 24 345047 24 345567 23 346087 23 346607 22 347127 21 347647 20 348167 19 348688 17 349208 15 349729 13 350250 11 350773 5
b1f23c4d27afed8af7b6b64793a3760bfea31b65f582d48aaa62d2b988ef2eac,178388 5 178906 9 179423 14 179942 16 180462 17 180981 18 181500 20 182016 26 182535 28 183055 28 183575 28 184095 28 184616 27 185136 26 185656 26 186177 25 186698 23 187219 21 187739 21 188260 19 188781 17 189302 16 189823 14 190344 12 190865 9 191387 6
b1f23c4d27afed8af7b6b64793a3760bfea31b65f582d48aaa62d2b988ef2eac,186312 23 186830 27 187348 31 187867 34 188386 36 188906 36 189426 36 189945 37 190465 37 190985 37 191505 37 192026 35 192546 34 193067 32 193588 29 194110 25 194632 21 195153 18 195676 14 196199 10
b1f23c4d27afed8af7b6b64793a3760bfea31b65f582d48aaa62d2b988ef2eac,10349 8 10867 11 11386 13 11904 16 12423 17 12942 18 13461 19 13980 20 14499 21 15018 22 15537 23 16057 22 16576 23 17095 23 17615 23 18135 22 18654 22 19174 21 19694 20 20214 20 20734 19 21254 18 21774 17 22294 16 22815 13 23336 10 23858 7
b1f23c4d27afed8af7b6b64793a3760bfea31b65f582d48aaa62d2b988ef2eac,323959 2 324477 4 324996 5 325515 6 326034 7 326553 8 327072 9 327592 9 328111 10 328631 10 329151 10 329671 10 330192 9 330712 9 331232 9 331753 8 332274 7 332795 6 333317 4 333839 2
b1f23c4d27afed8af7b6b64793a3760bfea31b65f582d48aaa62d2b988ef2eac,334825 10 335344 17 335863 21 336382 24 336902 25 337421 28 337941 29 338461 30 338981 31 339501 32 340021 33 340542 33 341062 33 341583 32 342104 32 342626 30 343147 28 343669 26 344190 25 344712 22 345236 17 345759 12
b1f23c4d27afed8af7b6b64793a3760bfea31b65f582d48aaa62d2b988ef2eac,308199 6 308718 9 309237 11 309756 14 310276 15 310796 16 311316 17 311836 18 312356 19 312876 20 313396 21 313916 22 314436 22 314956 23 315477 22 315997 23 316518 22 317038 22 317558 23 318078 23 318598 23 319118 24 319639 23 320159 23 320679 23 321200 22 321720 22 322241 21 322761 21 323282 20 323803 19 324325 16 324847 13 325368 11 325889 10 326410 8 326931 6
b1f23c4d27afed8af7b6b64793a3760bfea31b65f582d48aaa62d2b988ef2eac,286293 13 286810 19 287328 24 287846 29 288365 31 288884 33 289403 34 289922 36 290441 37 290961 37 291480 38 292000 38 292520 38 293040 37 293559 38 294079 37 294599 37 295120 35 295640 34 296161 32 296682 29 297202 28 297723 25 298245 21 298767 17 299289 12
b1f23c4d27afed8af7b6b64793a3760bfea31b65f582d48aaa62d2b988ef2eac,332160 4 332677 10 333195 13 333714 15 334234 16 334753 18 335272 19 335792 19 336312 20 336831 21 337350 23 337870 23 338390 24 338910 24 339429 25 339949 25 340469 26 340989 26 341509 26 342029 26 342549 26 343069 26 343589 26 344109 26 344629 25 345150 24 345670 24 346190 23 346710 23 347231 22 347751 21 348271 20 348791 20 349311 19 349832 16 350352 15 350873 12 351393 11 351914 9 352436 4
b1f23c4d27afed8af7b6b64793a3760bfea31b65f582d48aaa62d2b988ef2eac,253342 5 253860 9 254379 11 254898 13 255417 14 255935 16 256453 18 256970 21 257488 23 258007 24 258526 25 259045 25 259564 26 260083 26 260603 26 261122 26 261641 27 262159 28 262678 29 263198 28 263717 29 264236 29 264756 29 265275 29 265795 29 266315 28 266835 28 267355 27 267875 26 268394 26 268914 25 269434 24 269954 22 270475 19 270995 17 271516 14 272037 12 272560 6
