b24ea5c268469a95ed155eeaf809e36030b78a2eb530a0cb2380cdc1ccdb7dd1,321768 8 322287 11 322806 13 323325 14 323844 16 324364 16 324883 17 325402 18 325921 19 326441 19 326960 19 327479 20 327998 21 328518 21 329037 21 329556 22 330076 22 330595 23 331115 23 331636 22 332156 22 332676 22 333196 22 333716 21 334236 20 334756 20 335277 19 335798 18 336318 18 336838 17 337359 15 337880 12 338402 9 338927 3
b24ea5c268469a95ed155eeaf809e36030b78a2eb530a0cb2380cdc1ccdb7dd1,356979 6 357497 11 358015 15 358534 18 359052 21 359571 23 360090 25 360610 25 361130 26 361650 26
b24ea5c268469a95ed155eeaf809e36030b78a2eb530a0cb2380cdc1ccdb7dd1,38949 3 39468 5 39988 6 40508 26 41028 28 41548 29 42067 30 42586 31 43105 32 43622 35 44141 37 44660 38 45179 39 45698 40 46217 41 46737 41 47257 42 47777 42 48296 44 48815 46 49334 47 49854 46 50373 47 50892 48 51412 49 51932 50 52452 50 52973 49 53494 48 54015 47 54536 46 55056 46 55576 45 56096 45 56617 44 57137 44 57657 44 58177 43 58697 42 59218 41 59739 39 60260 37 60782 33 61304 30 61825 27 62346 24 62868 17 63390 10 63402 2 63912 7 64433 6 64955 3
b24ea5c268469a95ed155eeaf809e36030b78a2eb530a0cb2380cdc1ccdb7dd1,14124 3 14643 21 15160 29 15679 36 16199 43 16718 46 17237 48 17756 53 18270 2 18274 56 18790 61 19310 62 19830 63 20349 64 20868 66 21388 66 21908 67 22427 68 22947 69 23467 69 23987 69 24507 69 25027 68 25548 67 26068 67 26589 66 27110 64 27630 64 28151 63 28672 62 29193 61 29714 60 30235 58 30756 57 31277 55 31799 52 32321 49 32842 47 33365 42 33887 38 34410 32 34934 25 35461 13
b24ea5c268469a95ed155eeaf809e36030b78a2eb530a0cb2380cdc1ccdb7dd1,329259 2 329765 22 330281 28 330797 34 331314 39 331832 43 332351 46 332870 48 333389 50 333908 52 334428 53 334947 55 335467 56 335986 58 336506 58 337026 59 337546 60 338066 60 338586 60 339106 60 339626 60 340146 60 340666 60 341187 59 341707 59 342228 58 342748 58 343269 57 343790 56 344310 55 344830 55 345351 54 345872 53 346393 51 346914 50 347436 47 347957 46 348478 44 348999 43 349521 40 350042 38 350565 34 351087 30 351610 24 352134 16
b24ea5c268469a95ed155eeaf809e36030b78a2eb530a0cb2380cdc1ccdb7dd1,330591 4 331108 7 331627 9 332146 10 332665 11 333184 12 333218 3 333704 12 333737 5 334224 12 334256 6 334743 13 334776 7 335261 16 335296 7 335780 18 335816 8 336300 18 336336 10 336820 18 336855 12 337340 19 337374 13 337860 20 337892 14 338380 22 338411 15 338900 27 338930 17 339420 47 339939 48 340459 49 340979 49 341499 49 342018 50 342538 50 343058 49 343578 49 344098 49 344618 50 345139 50 345659 51 346179 52 346699 52 347219 52 347740 52 348260 52 348781 51 349301 50 349822 48 350343 47 350863 47 351384 45 351904 45 352424 44 352945 43 353466 41 353987 39 354508 37 355030 34 355553 30 356074 27 356595 24 357117 18 357639 14 358160 11
b24ea5c268469a95ed155eeaf809e36030b78a2eb530a0cb2380cdc1ccdb7dd1,221264 12 221776 22 222291 28 222806 34 223322 39 223839 42 224357 45 224875 47 225392 51 225910 53 226428 55 226947 56 227466 57 227984 59 228503 60 229022 60 229541 61 230060 62 230580 61 231099 62 231619 61 232139 60 232658 60 233178 60 233698 59 234218 59 234738 58 235258 58 235778 57 236299 55 236819 54 237340 52 237860 50 238381 47 238902 42 239423 39 239945 33 240469 25
b24ea5c268469a95ed155eeaf809e36030b78a2eb530a0cb2380cdc1ccdb7dd1,226757 8 227276 11 227794 14 228313 16 228831 19 229349 22 229868 23 230387 25 230906 26 231425 28 231944 29 232463 30 232982 31 233501 32 234020 33 234539 34 235058 34 235577 35 236096 36 236616 36 237135 37 237654 38 238173 39 238693 38 239212 39 239731 40 240250 41 240770 40 241289 41 241809 40 242328 41 242848 41 243368 40 243887 41 244407 41 244926 41 245446 41 245966 40 246485 40 247005 40 247525 39 248045 39 248565 38 249084 39 249604 39 250124 38 250644 38 251164 37 251685 36 252205 36 252725 35 253245 34 253766 32 254286 31 254807 30 255327 29 255848 27 256369 25 256889 23 257410 21 257931 19 258452 16 258974 12 259496 7
b24ea5c268469a95ed155eeaf809e36030b78a2eb530a0cb2380cdc1ccdb7dd1,264480 7 264998 10 265517 13 266036 15 266548 24 267067 26 267586 27 268105 29 268624 30 269143 31 269662 33 270181 34 270701 35 271220 36 271739 37 272259 37 272778 38 273298 38 273817 40 274337 40 274856 41 275376 41 275896 41 276416 41 276935 42 277455 42 277974 43 278494 43 279013 44 279533 44 280052 45 280572 46 281092 46 281612 46 282132 45 282652 45 283172 45 283692 45 284212 45 284732 45 285252 44 285773 43 286293 43 286813 42 287333 41 287853 40 288374 39 288894 38 289414 38 289934 37 290454 36 290974 35 291495 34 292015 33 292536 31 293056 30 293577 28 294097 27 294617 27 295138 25 295659 23 296180 21 296701 18 297223 15 297744 12 298267 7
b24ea5c268469a95ed155eeaf809e36030b78a2eb530a0cb2380cdc1ccdb7dd1,239331 13 239850 16 240364 26 240883 42 241402 46 241919 50 242436 54 242954 57 243472 59 243991 61 244510 62 245029 63 245548 64 246067 65 246586 66 247104 68 247623 69 248142 69 248661 70 249180 71 249699 71 250218 72 250738 71 251258 71 251778 70 252297 71 252817 70 253336 70 253855 68 254375 67 254895 66 255416 64 255936 62 256456 60 256976 59 257496 58 258016 57 258537 55 259057 54 259578 52 260099 51 260620 49 261141 38 261662 36 262183 32 262704 25 263228 16 263757 6
b24ea5c268469a95ed155eeaf809e36030b78a2eb530a0cb2380cdc1ccdb7dd1,105625 9 105659 11 106141 17 106170 22 106659 55 107177 59 107696 61 108214 64 108733 66 109251 68 109770 69 110289 70 110808 71 111327 73 111846 74 112365 74 112885 74 113404 75 113924 74 114443 75 114963 74 115483 74 116003 73 116523 72 117043 71 117563 70 118083 69 118604 67 119124 65 119644 63 120164 62 120685 58 121206 55 121727 53 122247 50 122768 45 123289 42 123811 38 124333 30 124857 24 125378 19 125904 4
b24ea5c268469a95ed155eeaf809e36030b78a2eb530a0cb2380cdc1ccdb7dd1,6778 8 7296 12 7815 14 8335 15 8854 17 9373 18 9892 20 10412 20 10932 21 11451 22 11971 22 12490 23 13010 23 13529 24 14048 25 14568 25 15087 26 15606 27 16125 28 16644 29 17162 30 17681 31 18201 31 18721 32 19241 32 19761 32 20281 32 20801 32 21321 31 21841 31 22361 32 22881 32 23401 32 23921 32 24441 32 24961 32 25481 32 26001 32 26521 32 27041 32 27561 32 28081 32 28601 32 29121 32 29641 32 30161 32 30681 32 31201 32 31721 31 32241 31 32761 31 33281 30 33801 29 34321 29 34841 29 35361 29 35881 28 36401 28 36921 27 37441 27 37961 26 38481 26 39001 26 39521 25 40041 23 40563 20 41086 16 41608 11
b24ea5c268469a95ed155eeaf809e36030b78a2eb530a0cb2380cdc1ccdb7dd1,140545 10 141061 17 141577 24 142094 29 142612 33 143130 36 143648 40 144167 42 144686 44 145205 46 145724 48 146244 48 146763 50 147283 51 147803 51 148323 52 148842 53 149362 54 149882 55 150402 55 150922 56 151442 56 151962 56 152482 56 153002 57 153522 57 154043 56 154563 56 155084 55 155605 54 156126 53 156648 51 157169 50 157690 48 158210 48 158731 47 159252 45 159774 43 160295 41 160821 34 161344 29 161865 26 162389 20 162918 8
b24ea5c268469a95ed155eeaf809e36030b78a2eb530a0cb2380cdc1ccdb7dd1,56593 2 57105 12 57121 5 57624 24 58142 29 58660 37 59178 40 59696 43 60215 45 60734 48 61253 51 61772 53 62291 55 62811 57 63330 60 63849 63 64369 64 64889 66 65409 70 65929 71 66448 72 66968 72 67488 72 68008 72 68528 72 69048 71 69568 71 70089 70 70609 70 71129 69 71649 69 72169 68 72689 67 73209 67 73730 65 74253 61 74774 59 75295 58 75816 56 76337 54 76858 52 77379 48 77901 44 78422 41 78944 37 79466 33 79989 24 80512 17 81037 6
b24ea5c268469a95ed155eeaf809e36030b78a2eb530a0cb2380cdc1ccdb7dd1,332720 7 333239 9 333758 12 334277 14 334797 15 335316 16 335835 17 336354 18 336873 19 337393 19 337912 19 338431 20 338950 20 339470 20 339989 20 340508 21 341028 20 341548 19 342068 18 342588 18 343107 18 343627 17 344147 16 344668 15 345189 13 345710 11 346231 10 346753 7
b24ea5c268469a95ed155eeaf809e36030b78a2eb530a0cb2380cdc1ccdb7dd1,140426 2 140943 11 141461 14 141979 17 142497 21 143016 23 143535 25 144054 27 144573 30 145093 31 145612 33 146131 35 146651 35 147170 37 147690 38 148209 39 148729 40 149249 41 149769 41 150289 41 150809 42 151330 41 151850 41 152370 41 152890 42 153411 42 153931 42 154451 41 154971 41 155492 39 156012 39 156532 39 157052 39 157572 38 158093 37 158613 37 159133 36 159654 35 160174 34 160695 33 161216 32 161736 31 162257 28 162778 26 163299 24 163820 22 164341 19 164863 15 165385 12
b24ea5c268469a95ed155eeaf809e36030b78a2eb530a0cb2380cdc1ccdb7dd1,35305 3 35823 7 36339 17 36855 26 37374 28 37893 36 37932 2 38411 49 38930 19 38952 29 39449 19 39473 29 39968 20 39994 28 40488 20 40534 8 41007 21 41056 6 41526 22 41577 5 42045 22 42097 5 42564 22 42617 6 43084 21 43137 6 43604 18 43657 6 44124 17 44178 6 44643 17 44698 6 45163 16 45218 7 45683 15 45738 9 46203 14 46258 10 46723 14 46778 10 47243 14 47299 10 47763 14 47819 10 48283 13 48340 10 48803 12 48861 10 49323 11 49381 10 49843 11 49900 11 50363 10 50420 12 50883 9 50940 12 51404 8 51461 11 51924 8 51982 10 52444 8 52502 9 52965 8 53022 9 53486 8 53542 8 54006 9 54062 8 54527 9 54582 7 55047 9 55102 7 55568 8 55621 7 56089 7 56141 6 56610 7 56661 5 57132 5 57181 4 57653 4 57701 4 58174 3 58222 2
b24ea5c268469a95ed155eeaf809e36030b78a2eb530a0cb2380cdc1ccdb7dd1,161261 7 161779 12 162297 16 162815 19 163334 21 163853 23 164371 26 164889 29 165408 30 165926 32 166445 34 166964 35 167482 38 168000 40 168519 41 169038 42 169557 43 170076 44 170596 44 171115 45 171634 46 172153 47 172672 48 173191 49 173711 48 174230 49 174750 49 175270 48 175789 49 176309 49 176829 48 177349 48 177869 47 178388 47 178908 47 179428 46 179948 46 180468 45 180988 44 181509 42 182029 41 182549 40 183069 39 183589 38 184110 36 184630 34 185151 31 185672 29 186193 27 186714 24 187235 21 187756 18 188277 13 188800 8 189322 3
b24ea5c268469a95ed155eeaf809e36030b78a2eb530a0cb2380cdc1ccdb7dd1,171816 22 172331 31 172848 37 173366 41 173884 45 174402 48 174920 51 175439 53 175958 54 176477 56 176996 57 177515 59 178034 60 178554 60 179073 61 179593 61 180112 62 180631 63 181150 64 181670 64 182190 64 182709 65 183228 65 183748 64 184268 64 184788 63 185307 64 185827 64 186347 63 186867 62 187386 62 187906 61 188426 60 188946 59 189466 58 189986 57 190506 56 191027 54 191547 50 192068 48 192588 44 193109 40 193631 36 194152 32 194676 24 195200 14
b24ea5c268469a95ed155eeaf809e36030b78a2eb530a0cb2380cdc1ccdb7dd1,302061 3 302580 10 303099 12 303618 14 304135 18 304654 19 305174 19 305695 18 306215 19 306735 20 307254 22 307773 24 308292 25 308812 25 309331 26 309851 26 310371 26 310891 27 311410 28 311930 28 312450 28 312969 29 313489 29 314009 29 314529 29 315049 28 315569 28 316089 28 316609 28 317129 28 317649 27 318169 27 318689 28 319209 28 319729 28 320248 29 320768 29 321288 29 321808 29 322328 30 322848 30 323368 29 323888 29 324408 29 324928 29 325448 29 325968 30 326488 30 327008 31 327528 31 328048 30 328568 30 329089 28 329609 27 330130 25 330650 24 331171 23 331692 21 332213 19 332737 14 333258 13 333778 13 334298 12 334819 9 335340 5 335861 3
b24ea5c268469a95ed155eeaf809e36030b78a2eb530a0cb2380cdc1ccdb7dd1,268475 3 268994 7 269512 11 270029 15 270548 18 271067 20 271585 24 272104 26 272623 28 273141 31 273657 36 274176 40 274694 43 275213 45 275731 48 276250 50 276767 53 277285 55 277803 57 278322 58 278840 60 279358 61 279877 62 280396 62 280915 62 281434 61 281954 60 282474 58 282993 55 283512 54 284032 53 284552 51 285072 50 285592 47 286113 44 286633 39 287154 35 287675 28 288196 21 288717 17 289238 10 289762 3
b24ea5c268469a95ed155eeaf809e36030b78a2eb530a0cb2380cdc1ccdb7dd1,473 7 992 8 1511 9 2030 10 2550 9 3070 7 3591 4
b24ea5c268469a95ed155eeaf809e36030b78a2eb530a0cb2380cdc1ccdb7dd1,261179 10 261698 14 262215 18 262729 25 263246 29 263765 31 264277 40 264796 41 265313 44 265830 47 266348 49 266864 52 267382 54 267901 55 268419 56 268935 59 269451 61 269970 59 270490 58 271009 58 271529 56 272049 55 272568 55 273088 53 273608 49 274129 47 274649 45 275169 44 275689 42 276210 40 276730 37 277251 34 277771 32 278292 30 278813 27 279334 24 279854 23 280375 21 280895 20 281416 16 281937 14 282459 11 282980 7
b24ea5c268469a95ed155eeaf809e36030b78a2eb530a0cb2380cdc1ccdb7dd1,311481 6 312001 10 312521 14 313041 16 313561 19 314081 20 314601 21 315121 23 315641 24 316161 25 316681 26 317201 27 317721 28 318241 29 318761 30 319281 31 319801 32 320321 32 320841 32 321361 33 321881 33 322401 33 322921 33 323441 33 323961 33 324481 33 325001 33 325521 32 326041 32 326561 31 327081 31 327601 30 328121 29 328641 28 329161 26 329681 23 330201 21 330721 19 331241 16 331761 12 332281 9
b24ea5c268469a95ed155eeaf809e36030b78a2eb530a0cb2380cdc1ccdb7dd1,201425 24 201940 32 202457 37 202975 41 203488 49 204007 51 204526 53 205045 55 205564 57 206083 59 206602 61 207121 63 207640 64 208159 65 208679 65 209198 67 209718 67 210237 68 210757 69 211277 69 211797 69 212317 69 212837 68 213357 68 213877 68 214398 66 214918 66 215438 65 215959 64 216480 62 217000 61 217521 59 218042 57 218563 55 219085 52 219606 49 220127 47 220649 42 221172 36 221695 30 222218 24 222740 3 222748 7
b24ea5c268469a95ed155eeaf809e36030b78a2eb530a0cb2380cdc1ccdb7dd1,243816 2 244332 18 244849 27 245367 33 245886 40 246405 45 246924 49 247443 53 247963 54 248482 58 249002 60 249522 62 250042 64 250561 66 251081 67 251601 68 252121 69 252641 70 253162 69 253682 70 254202 71 254722 71 255243 71 255763 71 256283 71 256804 70 257324 70 257844 70 258365 69 258885 69 259406 68 259927 66 260448 63 260969 61 261490 60 262011 58 262532 56 263054 52 263575 49 264096 44 264621 35 265144 27 265666 20 266190 11 266711 8
b24ea5c268469a95ed155eeaf809e36030b78a2eb530a0cb2380cdc1ccdb7dd1,309572 3 310089 10 310608 12 311125 18 311643 21 312161 24 312680 25 313200 25 313720 26 314239 28 314759 29 315278 31 315798 32 316317 34 316836 36 317355 37 317875 38 318395 38 318915 39 319435 39 319954 40 320474 41 320994 41 321514 41 322035 41 322555 41 323075 41 323595 41 324115 42 324635 42 325156 41 325676 41 326197 40 326717 40 327237 40 327757 40 328277 40 328798 39 329318 39 329838 39 330358 38 330879 37 331399 37 331919 37 332440 36 332960 36 333480 35 334001 34 334521 33 335042 31 335562 31 336083 29 336604 27 337125 26 337646 24 338167 22 338688 20 339211 15 339734 10
b24ea5c268469a95ed155eeaf809e36030b78a2eb530a0cb2380cdc1ccdb7dd1,100269 6 100788 7 101308 7 101828 6
b24ea5c268469a95ed155eeaf809e36030b78a2eb530a0cb2380cdc1ccdb7dd1,109992 8 110506 16 111025 21 111544 24 112063 26 112582 28 113101 30 113621 30 114140 32 114660 32 115179 33 115699 34 116218 35 116738 35 117258 36 117778 36 118297 37 118817 37 119337 37 119857 37 120377 37 120896 38 121416 38 121936 38 122456 38 122976 38 123496 38 124016 38 124536 38 125056 37 125576 37 126097 36 126617 36 127137 36 127657 36 128177 36 128697 35 129218 34 129738 34 130258 34 130779 32 131299 32 131819 31 132340 30 132860 29 133380 28 133900 27 134420 26 134940 25 135461 23 135981 22 136501 22 137022 20 137543 17 138064 15 138585 13 139106 11 139627 8 140150 2
b24ea5c268469a95ed155eeaf809e36030b78a2eb530a0cb2380cdc1ccdb7dd1,259111 5 259630 7 260150 8 260671 7 261191 6 261712 3
b24ea5c268469a95ed155eeaf809e36030b78a2eb530a0cb2380cdc1ccdb7dd1,119917 3 120436 12 120955 15 121474 17 121993 20 122512 22 123031 24 123550 26 124069 29 124589 30 125108 32 125628 33 126148 34 126667 35 127187 35 127707 35 128226 36 128746 37 129266 38 129785 39 130305 39 130825 40 131346 39 131866 39 132386 39 132906 40 133426 40 133946 41 134466 41 134986 41 135505 42 136025 42 136544 43 137064 44 137584 44 138104 43 138624 43 139144 43 139664 43 140184 43 140704 43 141223 44 141743 44 142263 44 142783 44 143303 43 143822 44 144342 44 144862 44 145382 44 145902 44 146422 44 146942 44 147462 43 147982 42 148503 41 149023 40 149543 39 150064 37 150584 36 151105 34 151625 33 152146 32 152667 30 153188 28 153709 26 154231 24 154752 22 155273 17 155794 15 156319 8
b24ea5c268469a95ed155eeaf809e36030b78a2eb530a0cb2380cdc1ccdb7dd1,263014 6 263531 12 264048 17 264565 21 265083 24 265601 27 266119 30 266637 33 267156 34 267675 36 268194 38 268714 38 269233 40 269753 40 270272 42 270791 43 271310 44 271830 45 272349 46 272869 46 273389 46 273908 47 274428 47 274948 47 275468 47 275987 48 276507 47 277027 47 277547 47 278067 47 278587 47 279107 47 279627 46 280148 45 280668 44 281188 44 281708 43 282229 42 282749 41 283270 40 283790 39 284311 38 284832 36 285353 34 285873 33 286394 31 286915 29 287437 25 287959 21 288481 17 289004 12
b24ea5c268469a95ed155eeaf809e36030b78a2eb530a0cb2380cdc1ccdb7dd1,57 50 573 54 1092 55 1612 56 2132 56 2651 58 3170 59 3689 61 4208 62 4728 62 5247 63 5766 63 6286 63 6806 62 7325 62 7845 62 8365 62 8885 62 9405 61 9925 60 10445 59 10965 58 11485 57 12005 55 12525 53 13045 52 13566 51 14086 38 14127 10 14607 36 15127 33 15648 31 16168 31 16689 29 17210 27 17732 24 18253 14 18272 2 18775 11 19297 6
b24ea5c268469a95ed155eeaf809e36030b78a2eb530a0cb2380cdc1ccdb7dd1,261 41 782 40 1303 39 1823 39 2344 38 2865 36 3386 35 3907 34 4428 33 4949 32 5470 30 5991 28 6513 25 7034 23 7555 21 8077 17 8599 14 9126 4
b24ea5c268469a95ed155eeaf809e36030b78a2eb530a0cb2380cdc1ccdb7dd1,1553 8 2065 16 2581 20 3098 23 3614 27 4131 30 4649 32 5167 34 5685 36 6203 38 6722 39 7241 40 7760 41 8279 42 8798 43 9317 44 9836 45 10355 46 10875 46 11394 47 11914 47 12433 48 12953 48 13473 48 13993 48 14513 48 15033 48 15553 48 16074 47 16594 47 17114 47 17635 46 18156 45 18677 44 19198 43 19719 42 20240 41 20762 39 21285 36 21809 6 21819 22 22347 14 22869 12 23390 11 23912 9 24434 7 24959 2
b24ea5c268469a95ed155eeaf809e36030b78a2eb530a0cb2380cdc1ccdb7dd1,113192 16 113707 24 114226 32 114745 34 115264 37 115783 40 116302 43 116822 44 117341 46 117861 47 118380 49 118900 50 119419 52 119939 53 120459 54 120980 53 121500 54 122020 55 122540 55 123060 56 123580 57 124100 57 124621 57 125141 57 125661 58 126182 57 126702 58 127222 58 127743 57 128264 57 128784 57 129304 57 129825 57 130346 56 130867 55 131388 54 131909 53 132430 52 132951 51 133473 49 133994 47 134515 46 135038 43 135559 41 136080 40 136601 38 137122 36 137643 35 138164 33 138685 31 139206 28 139727 25 140249 22 140773 15
b24ea5c268469a95ed155eeaf809e36030b78a2eb530a0cb2380cdc1ccdb7dd1,141 43 662 42 1182 42 1702 42 2222 42 2742 42 3262 42 3783 41 4303 42 4823 42 5343 42 5864 41 6384 41 6905 40 7425 39 7946 38 8466 38 8987 37 9507 36 10028 35 10549 33 11070 32 11591 31 12112 29 12633 28 13154 26 13675 25 14196 23 14719 19 15240 17 15761 15 16283 12 16805 9
b24ea5c268469a95ed155eeaf809e36030b78a2eb530a0cb2380cdc1ccdb7dd1,338004 4 338521 31 339041 35 339561 37 340081 39 340601 41 341121 42 341641 44 342161 45 342681 46 343201 47 343721 47 344241 48 344761 49 345281 50 345801 51 346321 51 346841 52 347361 52 347881 52 348401 52 348921 52 349441 53 349961 53 350481 53 351001 53 351521 53 352041 53 352561 53 353081 53 353601 53 354121 52 354641 52 355161 52 355681 51 356201 51 356724 47 357246 45 357768 42 358289 40 358812 36 359334 33 359856 30 360377 28 360897 26 361417 25
b24ea5c268469a95ed155eeaf809e36030b78a2eb530a0cb2380cdc1ccdb7dd1,62141 9 62658 14 63177 17 63695 21 64214 23 64733 25 65251 28 65770 30 66289 32 66808 33 67327 35 67847 36 68366 38 68885 39 69405 40 69925 40 70444 42 70964 42 71483 43 72003 44 72523 44 73043 44 73563 44 74082 45 74602 45 75122 45 75642 45 76162 45 76682 45 77202 45 77722 45 78243 44 78763 44 79283 44 79803 44 80323 44 80843 44 81363 44 81883 44 82403 44 82924 42 83444 42 83964 42 84484 42 85004 41 85525 40 86045 39 86565 39 87086 37 87606 37 88127 35 88647 35 89167 34 89688 32 90208 31 90729 29 91250 27 91770 26 92291 24 92811 23 93331 23 93851 23 94372 21 94893 18 95413 11 95933 10 96454 8 96975 6
b24ea5c268469a95ed155eeaf809e36030b78a2eb530a0cb2380cdc1ccdb7dd1,290311 3 290826 19 291336 33 291853 39 292370 45 292889 47 293408 49 293927 51 294446 53 294966 55 295485 57 296005 58 296525 59 297045 60 297565 61 298085 61 298605 61 299125 62 299645 62 300166 61 300687 60 301207 60 301726 61 302246 61 302766 61 303287 60 303807 59 304327 59 304848 58 305368 57 305888 57 306409 55 306930 54 307451 52 307972 50 308493 48 309015 46 309537 35 309575 5 310058 31 310579 29 311101 24 311623 20 312144 17 312666 14 313187 11 313709 4
b24ea5c268469a95ed155eeaf809e36030b78a2eb530a0cb2380cdc1ccdb7dd1,298480 1 298999 2 299518 3 300038 3 300558 3 301077 4 301597 4 302117 4 302637 4 303158 3 303678 3 304198 3 304718 3 305238 3 305758 3 306278 3 306799 2 307319 2 307840 1 308360 1 308880 1
b24ea5c268469a95ed155eeaf809e36030b78a2eb530a0cb2380cdc1ccdb7dd1,338818 5 339337 17 339856 20 340373 25 340892 27 341412 28 341932 29 342452 30 342972 30 343491 31 344010 33 344529 34 345048 35 345568 35 346088 36 346608 36 347128 36 347648 36 348168 36 348688 36 349208 36 349728 36 350249 35 350769 35 351289 35 351809 35 352329 36 352849 36 353369 36 353890 35 354410 35 354930 35 355451 35 355972 34 356492 34 357013 33 357533 33 358053 33 358573 33 359094 32 359615 31 360136 29 360657 28 361177 28 361698 27
b24ea5c268469a95ed155eeaf809e36030b78a2eb530a0cb2380cdc1ccdb7dd1,170701 12 171217 18 171735 22 172254 24 172772 27 173291 29 173810 31 174328 34 174847 36 175366 38 175886 38 176405 40 176924 42 177443 43 177962 45 178481 46 179001 46 179520 47 180039 48 180559 48 181078 49 181598 49 182117 50 182637 50 183157 50 183676 51 184196 50 184716 50 185236 49 185756 49 186275 49 186795 48 187315 47 187835 47 188355 47 188874 48 189394 47 189914 46 190434 46 190954 45 191474 44 191995 42 192515 41 193035 40 193555 39 194075 37 194595 36 195116 34 195636 33 196157 30 196678 28 197199 25 197721 21 198242 18 198765 8
b24ea5c268469a95ed155eeaf809e36030b78a2eb530a0cb2380cdc1ccdb7dd1,185059 5 185574 15 186092 21 186610 26 187128 30 187647 32 188166 35 188686 37 189205 39 189725 40 190244 43 190764 44 191284 45 191803 48 192323 49 192843 49 193363 50 193883 51 194403 52 194923 52 195444 52 195964 52 196484 52 197004 53 197524 53 198044 53 198564 54 199085 53 199605 53 200126 53 200646 53 201166 53 201686 54 202207 53 202727 53 203247 53 203768 52 204288 52 204808 52 205329 51 205849 51 206370 50 206891 49 207411 48 207932 47 208453 46 208974 45 209495 43 210016 42 210537 40 211057 40 211578 38 212100 35 212621 34 213142 32 213663 29 214185 26 214707 22 215230 18 215755 10
b24ea5c268469a95ed155eeaf809e36030b78a2eb530a0cb2380cdc1ccdb7dd1,51577 8 52093 16 52608 23 53121 31 53638 36 54152 43 54670 46 55189 48 55708 52 56227 54 56746 56 57265 58 57785 58 58305 59 58825 60 59345 61 59865 61 60384 63 60904 64 61424 65 61944 65 62464 66 62984 66 63504 66 64024 67 64545 66 65065 67 65586 66 66107 65 66627 65 67148 63 67669 62 68190 61 68711 60 69232 58 69753 57 70276 53 70800 48 71322 45 71844 42 72366 39 72887 35 73409 32 73931 27 74452 25 74974 20 75496 14 76019 9
b24ea5c268469a95ed155eeaf809e36030b78a2eb530a0cb2380cdc1ccdb7dd1,29848 4 30365 10 30883 13 31402 15 31921 18 32440 20 32958 23 33477 25 33997 25 34517 26 35036 27 35555 28 36074 29 36594 30 37114 30 37634 30 38153 31 38673 31 39192 33 39712 33 40232 33 40752 33 41272 33 41791 34 42311 34 42831 34 43350 36 43870 36 44390 36 44910 36 45430 36 45950 36 46470 36 46990 35 47510 35 48030 34 48550 34 49070 34 49590 34 50110 34 50630 33 51150 33 51670 32 52190 32 52710 32 53230 31 53750 31 54270 30 54790 30 55310 29 55830 29 56351 28 56871 27 57391 27 57912 25 58433 24 58953 23 59474 21 59995 19 60517 15 61039 11 61562 5
b24ea5c268469a95ed155eeaf809e36030b78a2eb530a0cb2380cdc1ccdb7dd1,88821 4 89340 12 89860 14 90379 16 90899 17 91419 17 91939 17 92459 17 92979 18 93498 21 94017 23 94536 24 95055 25 95574 26 96093 20 96116 3 96612 20 97129 23 97648 24 98168 24 98687 24 99207 22 99727 21 100247 20 100767 19 101287 19 101807 5 101814 11 102327 4 102336 9 102848 2 102857 8 103378 7 103900 5 104421 3
b24ea5c268469a95ed155eeaf809e36030b78a2eb530a0cb2380cdc1ccdb7dd1,76656 4 77173 10 77692 12 78211 14 78729 17 79248 19 79767 21 80286 23 80805 24 81325 25 81844 26 82364 26 82883 27 83402 29 83922 29 84441 30 84961 30 85481 30 86001 31 86521 31 87040 32 87560 32 88080 32 88600 32 89120 32 89640 32 90160 32 90680 32 91200 32 91720 32 92240 32 92760 32 93280 32 93800 32 94320 32 94840 32 95360 32 95880 32 96400 32 96920 32 97439 33 97959 33 98479 33 98999 32 99519 32 100039 32 100559 32 101079 31 101599 31 102119 30 102639 30 103159 29 103680 28 104200 28 104720 27 105241 25 105761 25 106282 23 106804 20 107325 18 107846 16 108367 13 108888 11 109412 2
b24ea5c268469a95ed155eeaf809e36030b78a2eb530a0cb2380cdc1ccdb7dd1,302895 5 303414 12 303932 15 304451 18 304968 22 305486 25 306005 26 306523 29 307042 31 307560 33 308079 35 308598 37 309117 38 309636 39 310156 40 310675 41 311195 41 311714 42 312234 43 312753 44 313273 44 313793 44 314312 45 314832 45 315351 46 315871 45 316391 45 316911 45 317431 45 317951 45 318471 45 318991 44 319511 44 320031 43 320551 43 321071 43 321591 42 322112 41 322632 41 323152 40 323672 40 324192 40 324713 38 325233 38 325754 36 326275 35 326796 33 327317 32 327838 30 328359 28 328879 27 329400 25 329920 24 330440 22 330961 20 331482 17 332004 13 332525 9
b24ea5c268469a95ed155eeaf809e36030b78a2eb530a0cb2380cdc1ccdb7dd1,135142 11 135659 17 136178 20 136696 25 137215 27 137734 29 138253 32 138773 33 139292 35 139812 36 140331 38 140851 39 141371 39 141890 41 142410 42 142930 42 143450 43 143970 43 144490 44 145010 45 145530 45 146050 46 146570 46 147090 46 147610 47 148130 47 148650 48 149170 48 149690 48 150210 49 150730 49 151250 49 151771 48 152291 48 152811 48 153331 48 153852 48 154372 48 154893 47 155413 47 155934 46 156454 46 156975 45 157495 45 158016 44 158537 43 159057 43 159578 42 160099 41 160619 41 161140 40 161661 39 162182 38 162703 37 163224 35 163745 34 164266 33 164786 33 165307 31 165829 29 166350 27 166871 25 167393 23 167914 21 168436 18 168958 15 169481 9
