b4d902d42c93dea77b541456f8d905f35eeb24fc3a5b0b15b5678d78e0aabe0c,19350 4 19604 7 19860 8 20115 9 20371 9 20627 9 20883 9 21140 8 21396 7 21653 6 21910 4
b4d902d42c93dea77b541456f8d905f35eeb24fc3a5b0b15b5678d78e0aabe0c,60281 2 60535 6 60790 10 61045 12 61301 12 61557 12 61814 11 62073 9 62330 8 62586 7 62843 6 63100 5 63356 4 63613 2
b4d902d42c93dea77b541456f8d905f35eeb24fc3a5b0b15b5678d78e0aabe0c,59488 6 59742 8 59998 8 60253 10 60509 10 60764 11 61020 10 61275 11 61531 10 61787 9 62044 6 62301 1
b4d902d42c93dea77b541456f8d905f35eeb24fc3a5b0b15b5678d78e0aabe0c,29447 6 29699 11 29954 13 30209 16 30465 17 30721 17 30977 17 31233 18 31489 18 31745 17 32001 17 32257 17 32513 16 32769 15 33025 14 33283 10 33541 4
b4d902d42c93dea77b541456f8d905f35eeb24fc3a5b0b15b5678d78e0aabe0c,13567 2 13821 4 14075 6 14330 7 14586 7 14842 7 15099 6 15356 5 15615 2
b4d902d42c93dea77b541456f8d905f35eeb24fc3a5b0b15b5678d78e0aabe0c,21508 5 21763 6 22018 7 22274 8 22530 8 22786 8 23042 8 23299 7 23556 4
b4d902d42c93dea77b541456f8d905f35eeb24fc3a5b0b15b5678d78e0aabe0c,43032 2 43287 5 43541 9 43796 11 44050 14 44305 15 44559 17 44815 17 45070 18 45325 19 45581 18 45837 17 46093 16 46349 15 46606 13 46862 12 47119 10 47376 8
b4d902d42c93dea77b541456f8d905f35eeb24fc3a5b0b15b5678d78e0aabe0c,45054 3 45308 5 45564 5 45820 5 46076 5 46332 5 46588 5 46845 4 47102 3
b4d902d42c93dea77b541456f8d905f35eeb24fc3a5b0b15b5678d78e0aabe0c,26952 9 27207 11 27462 13 27717 15 27973 15 28230 15 28487 14 28744 13 29000 13 29257 11 29515 9 29772 8 30029 6
b4d902d42c93dea77b541456f8d905f35eeb24fc3a5b0b15b5678d78e0aabe0c,7999 6 8253 9 8508 11 8764 12 9019 14 9275 15 9531 15 9787 15 10042 17 10299 16 10555 16 10811 16 11068 15 11324 14 11581 13 11838 11 12095 10 12353 5
b4d902d42c93dea77b541456f8d905f35eeb24fc3a5b0b15b5678d78e0aabe0c,61103 5 61356 9 61611 12 61866 14 62122 15 62378 15 62634 15 62891 14 63147 14 63404 13 63662 10
b4d902d42c93dea77b541456f8d905f35eeb24fc3a5b0b15b5678d78e0aabe0c,4317 4 4564 15 4819 16 5075 17 5331 17 5587 17 5843 16 6100 14 6358 11 6615 7
b4d902d42c93dea77b541456f8d905f35eeb24fc3a5b0b15b5678d78e0aabe0c,52205 8 52459 12 52715 13 52970 15 53226 15 53481 17 53737 17 53993 17 54249 17 54506 15 54763 13 55020 11 55278 8
b4d902d42c93dea77b541456f8d905f35eeb24fc3a5b0b15b5678d78e0aabe0c,55310 11 55562 17 55817 19 56073 19 56329 20 56585 20 56841 20 57097 20 57354 18 57610 18 57867 16 58124 9 58135 2 58385 1
b4d902d42c93dea77b541456f8d905f35eeb24fc3a5b0b15b5678d78e0aabe0c,23619 4 23874 6 24130 7 24386 7 24643 6
b4d902d42c93dea77b541456f8d905f35eeb24fc3a5b0b15b5678d78e0aabe0c,63915 6 64168 11 64424 12 64679 13 64935 14 65191 14 65447 14
b4d902d42c93dea77b541456f8d905f35eeb24fc3a5b0b15b5678d78e0aabe0c,49980 7 50231 14 50485 17 50740 19 50996 19 51252 19 51508 19 51765 18 52022 16 52279 15 52536 2 52542 7 52799 4
