b560dba92fbf2af785739efced50d5866c86dc4dada9be3832138bef4c3524d2,3140 3 3395 5 3651 5 3906 5 4162 4 4418 4 4675 3
b560dba92fbf2af785739efced50d5866c86dc4dada9be3832138bef4c3524d2,14191 6 14446 8 14702 8 14957 10 15213 10 15469 10 15725 10 15982 9 16239 8 16495 7 16751 7 17008 5
b560dba92fbf2af785739efced50d5866c86dc4dada9be3832138bef4c3524d2,23896 6 24151 7 24406 8 24662 8 24917 9 25173 9 25430 9 25686 9 25942 9 26199 8 26455 7 26713 4
b560dba92fbf2af785739efced50d5866c86dc4dada9be3832138bef4c3524d2,4687 4 4942 6 5198 6 5454 6 5710 6 5967 5 6223 5 6479 5 6736 3
b560dba92fbf2af785739efced50d5866c86dc4dada9be3832138bef4c3524d2,47 7 302 9 558 10 813 11 1069 11 1325 11 1581 11 1837 11 2094 10 2351 8 2609 4
b560dba92fbf2af785739efced50d5866c86dc4dada9be3832138bef4c3524d2,32393 5 32648 10 32903 11 33159 12 33415 12 33671 12 33927 11 34183 11 34440 10 34696 9 34953 5
b560dba92fbf2af785739efced50d5866c86dc4dada9be3832138bef4c3524d2,14149 3 14404 5 14660 5 14916 5 15172 5 15429 3
b560dba92fbf2af785739efced50d5866c86dc4dada9be3832138bef4c3524d2,17822 5 18077 7 18332 9 18588 10 18844 10 19100 10 19356 10 19612 10 19868 9 20124 8 20381 6
b560dba92fbf2af785739efced50d5866c86dc4dada9be3832138bef4c3524d2,29222 6 29477 10 29732 11 29987 11 30243 11 30499 11 30755 11 31014 7 31271 5 31528 3
b560dba92fbf2af785739efced50d5866c86dc4dada9be3832138bef4c3524d2,8799 3 9054 9 9310 9 9566 9 9822 9 10078 9 10334 9 10591 7
b560dba92fbf2af785739efced50d5866c86dc4dada9be3832138bef4c3524d2,17676 3 17931 5 18187 5 18443 5 18699 5 18955 5 19211 5 19467 5 19723 5 19979 5 20234 6 20490 6 20746 6 21002 5 21259 3
b560dba92fbf2af785739efced50d5866c86dc4dada9be3832138bef4c3524d2,14941 4 15194 8 15449 9 15705 9 15961 9 16217 9 16473 9 16729 9 16986 7 17243 5
b560dba92fbf2af785739efced50d5866c86dc4dada9be3832138bef4c3524d2,5484 5 5739 8 5995 10 6251 11 6508 11 6766 10 7024 9 7282 7 7539 6 7796 5 8053 3
b560dba92fbf2af785739efced50d5866c86dc4dada9be3832138bef4c3524d2,13189 3 13444 5 13700 5 13956 5 14213 3
b560dba92fbf2af785739efced50d5866c86dc4dada9be3832138bef4c3524d2,16257 3 16262 3 16512 10 16768 10 17024 10 17280 10 17537 8
b560dba92fbf2af785739efced50d5866c86dc4dada9be3832138bef4c3524d2,21762 4 22017 6 22273 6 22529 6 22786 5 23042 5 23298 5 23554 5 23810 5 24067 3
b560dba92fbf2af785739efced50d5866c86dc4dada9be3832138bef4c3524d2,3656 5 3911 7 4166 8 4422 8 4678 8 4934 8 5190 8 5446 8 5702 8 5958 8 6214 7 6471 5
b560dba92fbf2af785739efced50d5866c86dc4dada9be3832138bef4c3524d2,17921 4 18177 5 18433 7 18689 9 18945 10 19202 9 19459 8 19717 6 19974 5 20231 3
b560dba92fbf2af785739efced50d5866c86dc4dada9be3832138bef4c3524d2,24611 4 24865 7 25120 9 25375 10 25630 11 25886 11 26141 12 26397 12 26653 11 26909 11 27165 11 27421 11 27678 9 27936 6
b560dba92fbf2af785739efced50d5866c86dc4dada9be3832138bef4c3524d2,6243 5 6498 7 6753 8 7007 10 7262 11 7518 11 7774 11 8030 11 8286 11 8543 9 8802 5
b560dba92fbf2af785739efced50d5866c86dc4dada9be3832138bef4c3524d2,37648 6 37903 7 38159 8 38414 9 38670 9 38927 8 39183 8 39440 7 39697 7
b560dba92fbf2af785739efced50d5866c86dc4dada9be3832138bef4c3524d2,19458 1 19713 4 19969 5 20225 6 20481 6 20737 6 20994 4
b560dba92fbf2af785739efced50d5866c86dc4dada9be3832138bef4c3524d2,50691 2 50945 5 51201 6 51457 6 51713 6 51969 5 52225 5 52481 3
