b61d3fb0d0ebbee018346e0adeff9e9178f33aa95262779b3c196f93b4ace895,143521 13 144041 14 144561 16 145081 17 145601 18 146121 19 146641 19 147161 20 147681 20 148201 20 148721 19 149241 19 149761 19 150281 18 150801 16 151321 15 151841 14 152361 13 152881 11 153401 9 153921 6 154441 4 154961 1
b61d3fb0d0ebbee018346e0adeff9e9178f33aa95262779b3c196f93b4ace895,223063 5 223582 9 224102 10 224622 11 225141 12 225661 12 226181 12 226701 11 227222 10 227743 8 228265 5 228786 2
b61d3fb0d0ebbee018346e0adeff9e9178f33aa95262779b3c196f93b4ace895,267799 2 268317 4 268836 5 269355 6 269873 8 270392 9 270912 9 271433 8 271953 8 272472 9 272992 9 273512 9 274031 10 274551 10 275071 10 275591 10 276111 10 276631 10 277151 10 277671 10 278192 9 278712 9 279233 8 279754 7 280275 6 280796 5
b61d3fb0d0ebbee018346e0adeff9e9178f33aa95262779b3c196f93b4ace895,162063 5 162580 9 163099 11 163617 14 164136 16 164655 17 165175 17 165694 18 166213 19 166732 20 167251 21 167771 20 168290 21 168810 20 169329 21 169849 21 170369 20 170888 20 171408 20 171927 20 172447 19 172967 18 173486 18 174006 17 174526 16 175045 16 175565 15 176085 14 176605 13 177126 12 177646 11 178167 8 178688 6
b61d3fb0d0ebbee018346e0adeff9e9178f33aa95262779b3c196f93b4ace895,322399 2 322918 3 323438 3 323957 4 324477 4 324996 5 325515 6 326035 6 326555 6 327075 6 327594 7 328114 7 328634 7 329155 6 329676 5
b61d3fb0d0ebbee018346e0adeff9e9178f33aa95262779b3c196f93b4ace895,175381 11 175897 18 176416 22 176935 25 177454 27 177974 29 178494 30 179014 31 179534 31 180054 31 180574 31 181095 30 181616 29 182137 28 182658 26 183181 23 183702 21 184222 20 184743 18 185265 14 185788 7
b61d3fb0d0ebbee018346e0adeff9e9178f33aa95262779b3c196f93b4ace895,170117 9 170636 13 171156 14 171676 16 172195 19 172715 21 173235 22 173755 23 174275 24 174795 24 175316 24 175836 25 176356 26 176877 26 177397 27 177918 26 178439 25 178960 24 179481 23 180001 23 180522 22 181044 19 181565 18 182086 16 182608 12 183131 8
b61d3fb0d0ebbee018346e0adeff9e9178f33aa95262779b3c196f93b4ace895,348744 7 349260 13 349777 17 350296 18 350814 21 351333 22 351851 25 352370 26 352889 28 353409 28 353928 28 354448 28 354968 28 355488 27 356008 27 356528 26 357048 26 357569 24 358090 22 358611 19 359132 16
b61d3fb0d0ebbee018346e0adeff9e9178f33aa95262779b3c196f93b4ace895,323780 6 324299 10 324818 13 325337 15 325856 18 326375 20 326895 21 327414 23 327934 23 328453 24 328973 24 329493 25 330012 26 330531 27 331051 27 331571 27 332091 26 332611 26 333131 26 333651 25 334171 25 334691 24 335212 22 335733 20 336253 18 336774 14 337298 8
b61d3fb0d0ebbee018346e0adeff9e9178f33aa95262779b3c196f93b4ace895,21215 4 21732 11 22250 17 22768 21 23287 23 23805 26 24324 28 24843 30 25363 30 25882 32 26401 33 26920 35 27440 35 27960 35 28480 34 29000 34 29521 32 30043 28 30564 26 31085 24 31610 13
b61d3fb0d0ebbee018346e0adeff9e9178f33aa95262779b3c196f93b4ace895,31605 5 31623 6 32125 24 32645 24 33164 26 33683 29 34203 30 34722 31 35241 33 35761 33 36281 34 36801 34 37321 35 37842 34 38362 34 38883 33 39406 29 39928 26 40449 24 40979 13 41502 9 42026 3
b61d3fb0d0ebbee018346e0adeff9e9178f33aa95262779b3c196f93b4ace895,117450 4 117966 10 118485 12 119004 14 119524 15 120043 17 120563 18 121083 18 121603 19 122123 19 122642 20 123162 21 123682 21 124202 21 124722 21 125243 20 125763 20 126283 21 126803 21 127323 21 127843 21 128363 21 128883 21 129403 21 129924 21 130444 21 130965 20 131486 19 132007 18 132528 17 133048 17 133568 17 134088 16 134609 14 135132 10 135654 7
b61d3fb0d0ebbee018346e0adeff9e9178f33aa95262779b3c196f93b4ace895,83627 5 84143 14 84662 16 85181 19 85700 21 86219 27 86739 29 87259 31 87779 33 88299 34 88819 34 89340 33 89860 33 90380 34 90901 33 91422 32 91943 31 92465 29 92986 28 93507 26 94029 24 94550 23 95072 20 95594 18 96117 14 96640 9
b61d3fb0d0ebbee018346e0adeff9e9178f33aa95262779b3c196f93b4ace895,4580 11 5099 13 5619 15 6138 18 6658 20 7178 21 7697 24 8217 25 8737 27 9258 27 9779 27 10300 26 10821 26 11341 26 11861 27 12382 27 12904 25 13425 24 13947 21 14469 18 14990 16 15510 16 16031 14 16553 10
b61d3fb0d0ebbee018346e0adeff9e9178f33aa95262779b3c196f93b4ace895,262711 3 263229 7 263748 9 264267 12 264787 15 265307 16 265827 16 266347 17 266867 18 267386 20 267906 20 268426 21 268946 21 269467 21 269987 21 270507 21 271026 22 271546 22 272066 22 272587 21 273108 20 273628 19 274149 18 274669 18 275189 17 275709 16 276230 15 276751 13 277271 13 277791 13 278311 13 278839 5 279361 3 279882 2
b61d3fb0d0ebbee018346e0adeff9e9178f33aa95262779b3c196f93b4ace895,327324 2 327842 9 328361 11 328880 12 329399 14 329919 14 330438 15 330958 16 331478 17 331998 17 332518 18 333039 18 333559 20 334079 22 334599 23 335120 23 335640 26 336161 25 336682 24 337203 24 337724 23 338245 22 338766 22 339287 21 339808 20 340329 18 340853 13 341377 8 341899 5 342421 2
b61d3fb0d0ebbee018346e0adeff9e9178f33aa95262779b3c196f93b4ace895,193592 8 194110 13 194629 17 195149 18 195668 21 196188 23 196708 24 197228 25 197748 27 198268 28 198788 29 199309 28 199829 29 200350 28 200871 28 201392 27 201914 26 202436 24 202957 22 203480 19 204001 17 204524 13 205045 11 205568 6
b61d3fb0d0ebbee018346e0adeff9e9178f33aa95262779b3c196f93b4ace895,155002 5 155518 11 156036 14 156553 17 157072 19 157589 23 158107 25 158626 26 159144 28 159663 29 160183 29 160702 30 161222 29 161742 29 162262 28 162782 27 163302 27 163823 25 164343 24 164864 22 165385 17 165908 11
b61d3fb0d0ebbee018346e0adeff9e9178f33aa95262779b3c196f93b4ace895,313188 6 313704 12 314222 15 314740 18 315258 20 315777 21 316296 22 316815 23 317334 23 317854 23 318373 24 318893 24 319413 24 319932 24 320452 23 320972 23 321493 21 322013 20 322534 17 323055 14 323576 8 324097 3
b61d3fb0d0ebbee018346e0adeff9e9178f33aa95262779b3c196f93b4ace895,39273 10 39788 17 40307 19 40825 10 40836 10 41345 22 41865 22 42386 22 42906 22 43426 22 43946 21 44467 20 44986 21 45506 20 46026 20 46548 17 47068 12 47588 11 48112 6 48633 5 49156 2
b61d3fb0d0ebbee018346e0adeff9e9178f33aa95262779b3c196f93b4ace895,303457 6 303976 8 304495 10 305014 12 305533 13 306052 14 306572 15 307092 15 307611 16 308131 17 308651 17 309171 17 309691 17 310211 17 310731 17 311251 17 311771 17 312291 17 312811 17 313331 17 313851 17 314371 16 314891 16 315412 14 315932 13 316452 12 316973 11 317494 9 318015 5
b61d3fb0d0ebbee018346e0adeff9e9178f33aa95262779b3c196f93b4ace895,179460 2 179979 5 180498 10 181017 13 181536 15 182055 17 182575 17 183094 19 183614 19 184133 21 184653 22 185172 23 185691 24 186211 24 186731 24 187250 25 187770 24 188290 23 188810 21 189329 20 189849 19 190368 18 190888 14 191408 12 191928 11 192449 4
b61d3fb0d0ebbee018346e0adeff9e9178f33aa95262779b3c196f93b4ace895,345293 10 345810 15 346329 17 346847 21 347366 23 347885 25 348404 26 348924 27 349444 27 349964 27 350484 27 351004 27 351524 27 352045 26 352565 26 353086 25 353606 25 354127 24 354648 23 355169 21 355690 20 356212 17 356734 14 357255 12 357778 7
b61d3fb0d0ebbee018346e0adeff9e9178f33aa95262779b3c196f93b4ace895,269743 5 270262 8 270781 11 271300 13 271819 14 272339 15 272859 15 273380 14 273901 13 274421 14 274941 15 275460 16 275980 16 276501 16 277021 16 277542 16 278062 16 278583 16 279103 16 279624 15 280145 14 280666 13 281187 12 281708 10 282229 8 282750 6
b61d3fb0d0ebbee018346e0adeff9e9178f33aa95262779b3c196f93b4ace895,50948 2 51464 9 51982 12 52498 17 53017 18 53535 20 54054 22 54573 23 55093 23 55614 22 56135 21 56655 22 57175 22 57696 21 58217 20 58738 19 59260 17 59781 17 60302 16 60822 16 61342 16 61863 14 62386 9
b61d3fb0d0ebbee018346e0adeff9e9178f33aa95262779b3c196f93b4ace895,333302 4 333310 2 333820 13 334338 16 334857 17 335377 18 335897 19 336416 21 336936 21 337456 22 337977 21 338497 22 339017 22 339538 20 340059 19 340579 19 341099 19 341620 18 342141 18 342661 18 343181 19 343701 20 344222 19 344743 18 345264 17 345784 17 346304 17 346824 17 347345 16 347866 15 348388 13 348909 12 349431 9 349952 7 350476 2
b61d3fb0d0ebbee018346e0adeff9e9178f33aa95262779b3c196f93b4ace895,347282 6 347799 12 348318 14 348836 17 349355 19 349874 21 350394 21 350913 22 351432 24 351951 25 352471 25 352991 25 353510 25 354030 25 354550 25 355070 25 355589 25 356109 25 356629 24 357150 22 357670 21 358190 21 358711 19 359231 18 359752 15 360274 12 360796 7
b61d3fb0d0ebbee018346e0adeff9e9178f33aa95262779b3c196f93b4ace895,233106 6 233625 8 234144 9 234663 10 235183 11 235703 11 236223 11 236743 11 237262 12 237782 12 238301 13 238820 14 239340 14 239859 16 240379 16 240899 16 241418 17 241938 18 242459 17 242979 17 243499 17 244019 17 244539 17 245060 15 245581 14 246102 12 246622 11 247142 10 247663 9 248189 2
b61d3fb0d0ebbee018346e0adeff9e9178f33aa95262779b3c196f93b4ace895,88134 5 88652 9 89171 11 89690 13 90209 15 90728 16 91247 17 91767 17 92286 18 92806 18 93326 17 93845 18 94365 18 94885 18 95405 17 95925 16 96445 16 96965 16 97485 16 98005 16 98525 16 99046 15 99566 15 100086 15 100607 14 101127 13 101648 12 102169 10 102690 8 103212 2
b61d3fb0d0ebbee018346e0adeff9e9178f33aa95262779b3c196f93b4ace895,60445 6 60962 11 61480 14 61999 16 62518 18 63038 19 63557 20 64077 21 64596 22 65116 23 65636 23 66156 23 66675 25 67195 25 67715 24 68235 24 68755 23 69275 22 69795 21 70315 20 70836 17 71357 14 71878 10
b61d3fb0d0ebbee018346e0adeff9e9178f33aa95262779b3c196f93b4ace895,17035 9 17553 13 18072 18 18590 22 19109 25 19628 27 20147 29 20665 31 21184 31 21703 29 22222 28 22741 27 23260 27 23780 25 24300 24 24821 22 25342 21 25863 19 26384 17 26906 14 27430 10 27955 5 28478 2
b61d3fb0d0ebbee018346e0adeff9e9178f33aa95262779b3c196f93b4ace895,183514 4 184027 18 184542 25 185061 28 185581 29 186101 30 186622 30 187143 29 187663 29 188184 28 188705 28 189226 27 189747 26 190267 26 190788 25 191309 23 191831 21 192352 19 192874 16 193395 14
b61d3fb0d0ebbee018346e0adeff9e9178f33aa95262779b3c196f93b4ace895,198756 7 199273 12 199792 15 200311 17 200830 19 201349 21 201869 22 202389 23 202909 24 203429 25 203949 25 204469 26 204990 25 205511 25 206031 25 206552 24 207073 23 207594 22 208115 21 208636 20 209157 18 209678 17 210199 15 210720 13 211243 9
b61d3fb0d0ebbee018346e0adeff9e9178f33aa95262779b3c196f93b4ace895,125293 4 125812 8 126331 10 126850 12 127369 13 127888 14 128407 16 128926 17 129446 16 129965 17 130484 18 131004 18 131523 18 132043 18 132563 17 133082 18 133601 18 134121 18 134641 18 135160 19 135680 19 136200 18 136720 18 137240 18 137760 18 138280 18 138801 17 139321 17 139841 16 140362 15 140882 15 141402 14 141923 13 142443 12 142963 11 143484 9 144006 5
b61d3fb0d0ebbee018346e0adeff9e9178f33aa95262779b3c196f93b4ace895,286835 2 287354 5 287874 6 288393 8 288913 9 289432 11 289951 13 290471 13 290990 15 291510 15 292030 16 292550 16 293070 17 293590 17 294110 17 294630 18 295150 18 295670 18 296190 18 296710 18 297230 19 297750 19 298270 18 298791 17 299311 16 299832 15 300353 13 300874 12 301394 11 301915 9 302436 6
b61d3fb0d0ebbee018346e0adeff9e9178f33aa95262779b3c196f93b4ace895,86131 3 86650 5 87170 6 87689 7 88209 7 88729 6 89250 5 89771 3
b61d3fb0d0ebbee018346e0adeff9e9178f33aa95262779b3c196f93b4ace895,94984 3 95502 8 96019 12 96538 16 97057 19 97577 21 98097 22 98617 22 99137 22 99657 23 100177 24 100698 23 101218 23 101738 22 102259 21 102779 21 103300 20 103820 20 104341 19 104862 18 105383 18 105903 18 106423 18 106944 16 107465 2 107469 10 107991 6
b61d3fb0d0ebbee018346e0adeff9e9178f33aa95262779b3c196f93b4ace895,102387 3 102900 13 103417 20 103934 25 104452 28 104971 30 105490 32 106010 33 106530 33 107050 34 107570 34 108090 34 108611 33 109131 33 109652 31 110173 29 110694 28 111216 25 111737 23 112259 19 112780 16 113302 13 113829 5
b61d3fb0d0ebbee018346e0adeff9e9178f33aa95262779b3c196f93b4ace895,40969 10 41485 17 42004 22 42523 25 43043 26 43562 29 44082 31 44603 31 45124 11 45137 18 45645 9 45662 13 46166 8 46190 6 46687 7 46712 4 47209 6 47730 6 48251 7 48772 9 49294 8 49816 6 50338 4
b61d3fb0d0ebbee018346e0adeff9e9178f33aa95262779b3c196f93b4ace895,179786 8 180305 11 180823 15 181340 19 181851 28 182370 29 182889 31 183409 31 183929 31 184448 32 184968 32 185489 31 186009 30 186529 30 187050 28 187570 27 188091 25 188612 23 189133 21 189655 18 190176 16 190698 12 191219 10
b61d3fb0d0ebbee018346e0adeff9e9178f33aa95262779b3c196f93b4ace895,134604 5 135122 10 135641 13 136161 15 136681 16 137201 17 137721 17 138242 17 138762 18 139283 18 139803 19 140323 19 140844 19 141365 18 141885 18 142406 17 142926 17 143446 17 143966 17 144487 16 145008 14 145528 14 146048 14 146569 12 147090 9 147612 5
b61d3fb0d0ebbee018346e0adeff9e9178f33aa95262779b3c196f93b4ace895,680 8 1195 14 1709 20 2228 21 2747 22 3267 22 3787 21 4307 21 4827 20 5347 19 5867 18 6388 14 6909 11 7431 4
b61d3fb0d0ebbee018346e0adeff9e9178f33aa95262779b3c196f93b4ace895,510 11 1028 13 1547 14 2066 15 2585 16 3105 16 3625 16 4145 16 4665 16 5185 16 5706 15 6227 14 6748 13 7269 12 7789 12 8310 11 8830 11 9351 10 9872 9 10394 7 10915 6 11438 3
b61d3fb0d0ebbee018346e0adeff9e9178f33aa95262779b3c196f93b4ace895,201189 12 201706 19 202225 21 202743 25 203262 27 203782 28 204302 30 204822 31 205342 32 205862 32 206383 31 206904 31 207425 30 207945 31 208466 30 208987 29 209508 27 210029 26 210550 25 211072 23 211594 20 212120 10
b61d3fb0d0ebbee018346e0adeff9e9178f33aa95262779b3c196f93b4ace895,164597 6 165116 8 165635 10 166155 11 166674 13 167194 14 167714 14 168233 16 168753 17 169273 17 169793 18 170313 18 170833 19 171353 19 171873 20 172393 20 172914 19 173434 19 173954 19 174474 19 174995 17 175515 17 176036 16 176556 16 177077 14 177598 12 178119 8
b61d3fb0d0ebbee018346e0adeff9e9178f33aa95262779b3c196f93b4ace895,336618 7 337136 10 337655 13 338174 15 338694 15 339213 17 339732 19 340252 19 340772 20 341291 21 341811 21 342331 21 342851 22 343370 23 343890 23 344410 23 344930 23 345450 23 345971 22 346491 22 347011 22 347531 22 348051 22 348571 22 349091 22 349612 20 350132 20 350652 20 351173 18 351693 18 352214 17 352734 17 353255 15 353776 13 354296 13 354816 12 355337 10 355859 7
b61d3fb0d0ebbee018346e0adeff9e9178f33aa95262779b3c196f93b4ace895,215911 3 216429 8 216948 10 217468 12 217988 13 218508 15 219028 16 219548 17 220068 18 220588 19 221108 19 221629 19 222149 19 222669 20 223190 19 223710 20 224231 19 224753 17 225274 16 225794 17 226314 17 226835 16 227355 16 227876 15 228397 14 228918 13 229440 10 229963 6 230485 3
b61d3fb0d0ebbee018346e0adeff9e9178f33aa95262779b3c196f93b4ace895,283841 2 284360 5 284880 6 285400 7 285920 7 286440 8 286959 10 287479 11 287998 13 288518 14 289038 14 289557 15 290077 16 290597 16 291117 16 291637 16 292157 16 292677 16 293197 16 293717 16 294237 16 294757 15 295277 15 295797 15 296317 14 296838 13 297358 13 297878 13 298399 11 298920 10 299441 8 299962 2
b61d3fb0d0ebbee018346e0adeff9e9178f33aa95262779b3c196f93b4ace895,41732 4 42250 8 42768 11 43287 13 43807 13 44326 15 44846 15 45365 16 45885 15 46405 15 46925 16 47445 17 47965 17 48484 18 49004 19 49524 19 50044 19 50564 19 51084 19 51605 17 52125 17 52645 17 53165 17 53685 17 54205 17 54726 15 55246 14 55767 12 56289 9 56810 7 57334 2
b61d3fb0d0ebbee018346e0adeff9e9178f33aa95262779b3c196f93b4ace895,244762 7 245281 9 245800 11 246319 14 246839 15 247359 15 247878 16 248398 16 248918 17 249437 18 249957 18 250476 19 250995 20 251514 21 252033 22 252552 22 253072 22 253592 22 254111 22 254630 23 255149 23 255669 23 256189 23 256709 22 257228 23 257748 22 258268 21 258788 21 259308 20 259828 19 260348 18 260869 16 261390 14 261910 13 262431 11 262953 8
b61d3fb0d0ebbee018346e0adeff9e9178f33aa95262779b3c196f93b4ace895,145381 5 145898 9 146417 11 146937 12 147457 12 147976 14 148496 15 149016 15 149536 16 150056 16 150575 17 151095 17 151615 18 152135 18 152654 19 153174 19 153694 19 154214 19 154734 19 155254 19 155774 19 156294 20 156814 20 157335 19 157855 19 158375 19 158896 18 159416 17 159937 16 160458 14 160980 11 161501 9 162022 6
b61d3fb0d0ebbee018346e0adeff9e9178f33aa95262779b3c196f93b4ace895,287501 4 288018 8 288538 9 289056 12 289576 12 290096 13 290616 13 291134 15 291653 16 292173 16 292693 16 293213 16 293733 16 294253 16 294772 16 295292 16 295812 16 296331 17 296851 16 297371 15 297891 14 298410 15 298930 15 299450 15 299970 15 300490 14 301010 13 301531 12 302052 11 302573 9 303093 8 303613 7 304134 5
b61d3fb0d0ebbee018346e0adeff9e9178f33aa95262779b3c196f93b4ace895,29073 7 29591 11 30110 13 30629 15 31148 17 31667 18 32187 18 32706 19 33226 18 33745 19 34265 19 34785 21 35304 20 35824 20 36344 20 36864 20 37383 21 37903 23 38423 23 38943 23 39463 23 39984 22 40504 22 41024 21 41544 21 42064 20 42585 18 43105 17 43626 15 44146 14 44667 11 45188 3
b61d3fb0d0ebbee018346e0adeff9e9178f33aa95262779b3c196f93b4ace895,14660 4 15178 7 15695 11 16214 13 16733 15 17251 18 17769 20 18288 21 18807 22 19326 23 19845 24 20365 23 20884 24 21403 24 21923 24 22442 25 22961 25 23480 25 23998 26 24517 27 25037 27 25556 27 26076 26 26596 25 27115 25 27635 23 28155 21 28675 20 29196 17 29716 15 30237 12 30760 5
b61d3fb0d0ebbee018346e0adeff9e9178f33aa95262779b3c196f93b4ace895,137679 9 138198 12 138716 15 139235 18 139754 20 140274 21 140793 23 141313 23 141834 23 142354 24 142874 24 143395 23 143915 23 144436 22 144956 22 145477 21 145997 20 146518 19 147038 19 147558 18 148079 17 148600 15 149122 12 149646 6
b61d3fb0d0ebbee018346e0adeff9e9178f33aa95262779b3c196f93b4ace895,217535 2 218051 7 218569 10 219088 12 219608 13 220127 15 220647 16 221166 18 221686 18 222206 19 222726 19 223247 18 223767 19 224287 19 224807 19 225327 20 225848 19 226368 19 226889 18 227409 18 227930 17 228451 16 228971 16 229492 15 230013 14 230534 14 231055 13 231576 11 232097 9 232617 8 233138 5
b61d3fb0d0ebbee018346e0adeff9e9178f33aa95262779b3c196f93b4ace895,137652 2 138170 10 138689 13 139207 16 139726 18 140245 19 140765 20 141284 23 141804 24 142324 25 142844 26 143364 27 143884 27 144404 27 144925 26 145445 26 145966 24 146487 23 147008 21 147529 19 148051 16 148572 2 148579 6
b61d3fb0d0ebbee018346e0adeff9e9178f33aa95262779b3c196f93b4ace895,275369 8 275888 10 276408 15 276928 16 277447 19 277966 21 278486 22 279006 23 279526 23 280046 24 280566 24 281086 25 281606 25 282127 24 282647 24 283168 23 283688 23 284209 23 284729 23 285249 23 285770 21 286291 19 286811 18 287332 17 287853 15 288374 14 288895 12 289416 10 289940 4
b61d3fb0d0ebbee018346e0adeff9e9178f33aa95262779b3c196f93b4ace895,302007 4 302524 9 303041 13 303560 15 304078 18 304597 19 305116 20 305635 22 306155 22 306674 23 307194 23 307713 24 308233 24 308753 24 309273 24 309793 24 310313 24 310834 23 311355 21 311875 20 312396 18 312917 16 313438 14 313959 12 314481 9 315003 4
b61d3fb0d0ebbee018346e0adeff9e9178f33aa95262779b3c196f93b4ace895,35715 5 36234 8 36751 12 37269 16 37787 20 38306 23 38826 24 39345 26 39865 28 40385 30 40905 31 41426 30 41947 28 42469 26 42990 25 43511 24 44033 23 44555 21 45077 18 45599 13 46123 6
b61d3fb0d0ebbee018346e0adeff9e9178f33aa95262779b3c196f93b4ace895,16117 3 16636 5 17155 6 17675 6 18194 7 18713 8 19233 8 19753 8 20274 7 20794 7 21314 7 21834 7 22354 7 22874 7 23394 7 23914 7 24434 7 24954 7 25474 7 25995 6 26515 6 27035 6 27556 5 28076 5 28597 4 29118 3
b61d3fb0d0ebbee018346e0adeff9e9178f33aa95262779b3c196f93b4ace895,18201 2 18721 4 19241 5 19761 6 20281 7 20801 7 21321 7 21841 7 22361 7 22881 6 23401 6 23921 6 24441 5 24961 4 25481 4 26001 3 26521 2 27041 2 27561 1
b61d3fb0d0ebbee018346e0adeff9e9178f33aa95262779b3c196f93b4ace895,28715 2 29230 8 29748 10 30267 12 30786 14 31305 15 31824 17 32343 18 32862 19 33381 20 33900 21 34420 22 34939 23 35459 23 35979 22 36498 23 37018 22 37538 22 38058 22 38577 22 39097 22 39617 21 40136 22 40656 22 41176 21 41696 20 42216 20 42736 19 43256 18 43777 16 44297 15 44818 13 45339 11 45860 9 46381 6
b61d3fb0d0ebbee018346e0adeff9e9178f33aa95262779b3c196f93b4ace895,326958 5 327476 10 327994 15 328513 17 329031 20 329550 22 330069 23 330589 24 331108 25 331627 27 332146 28 332666 27 333185 28 333705 28 334225 28 334745 28 335265 27 335785 27 336306 25 336826 25 337346 24 337867 22 338387 22 338908 20 339428 18 339949 16 340470 13 340992 9 341514 3
b61d3fb0d0ebbee018346e0adeff9e9178f33aa95262779b3c196f93b4ace895,67120 8 67635 15 68154 17 68672 20 69190 23 69708 25 70227 26 70747 26 71266 27 71785 28 72304 29 72824 29 73343 29 73863 29 74383 28 74903 28 75424 26 75944 25 76465 23 76986 21 77507 19 78028 16 78552 10
b61d3fb0d0ebbee018346e0adeff9e9178f33aa95262779b3c196f93b4ace895,1126 2 1645 7 2163 10 2682 11 3201 13 3720 14 4240 14 4759 15 5279 15 5799 15 6318 16 6837 18 7357 18 7877 18 8397 18 8917 18 9436 19 9955 20 10475 20 10995 20 11515 19 12035 19 12554 20 13074 19 13594 19 14114 18 14634 18 15155 16 15675 15 16195 14 16715 14 17236 12 17757 10 18279 6
b61d3fb0d0ebbee018346e0adeff9e9178f33aa95262779b3c196f93b4ace895,235801 4 236320 6 236331 2 236840 6 236850 6 237359 7 237370 8 237879 8 237889 10 238399 20 238919 21 239440 20 239961 20 240482 20 241002 20 241522 20 242041 21 242560 21 243080 14 243600 13 244120 13 244640 13 245161 12 245682 11 246203 10 246724 9 247245 7
b61d3fb0d0ebbee018346e0adeff9e9178f33aa95262779b3c196f93b4ace895,325653 8 326172 14 326691 16 327211 17 327731 18 328250 19 328770 20 329290 20 329809 21 330329 21 330849 21 331369 21 331889 21 332409 21 332929 21 333449 21 333969 21 334489 21 335009 21 335529 20 336050 19 336570 19 337090 19 337611 17 338131 17 338652 15 339173 13 339694 11 340215 9 340736 5
b61d3fb0d0ebbee018346e0adeff9e9178f33aa95262779b3c196f93b4ace895,228672 1 229191 2 229196 1 229709 17 230228 19 230747 21 231266 23 231786 24 232306 23 232826 22 233346 22 233866 23 234386 23 234906 23 235425 24 235944 25 236464 25 236985 24 237506 22 238027 21 238549 19 239070 17 239592 15 240113 14 240633 13 241152 11 241672 8 242193 5
b61d3fb0d0ebbee018346e0adeff9e9178f33aa95262779b3c196f93b4ace895,266119 5 266638 8 267158 9 267678 10 268198 11 268718 13 269238 14 269758 15 270278 15 270798 16 271318 17 271837 18 272357 19 272877 20 273398 19 273918 19 274438 20 274959 19 275479 19 276000 18 276520 18 277041 17 277561 16 278081 16 278602 15 279123 13 279644 11 280165 9 280689 2
b61d3fb0d0ebbee018346e0adeff9e9178f33aa95262779b3c196f93b4ace895,103808 6 104323 12 104842 14 105361 18 105881 19 106401 22 106920 24 107440 25 107960 26 108480 27 109000 27 109520 27 110040 28 110560 28 111080 29 111601 28 112122 27 112643 27 113164 26 113684 26 114205 24 114726 21 115251 14 115774 5
b61d3fb0d0ebbee018346e0adeff9e9178f33aa95262779b3c196f93b4ace895,108376 8 108894 11 109412 14 109931 15 110450 17 110970 17 111489 18 112009 18 112528 19 113047 21 113567 21 114086 22 114606 21 115126 21 115646 21 116166 21 116686 20 117206 20 117727 18 118247 18 118767 17 119288 15 119808 15 120329 13 120850 11 121372 7 121894 3
b61d3fb0d0ebbee018346e0adeff9e9178f33aa95262779b3c196f93b4ace895,353645 6 354162 13 354681 16 355200 18 355719 21 356238 23 356757 24 357276 25 357796 26 358316 26 358836 26 359356 26 359876 25 360396 25 360916 24 361436 24
b61d3fb0d0ebbee018346e0adeff9e9178f33aa95262779b3c196f93b4ace895,34485 4 35004 7 35523 8 36044 7 36564 6 37085 4 37605 4 38126 1
b61d3fb0d0ebbee018346e0adeff9e9178f33aa95262779b3c196f93b4ace895,48109 3 48629 4 49149 7 49668 10 50187 12 50707 13 51227 14 51747 15 52267 15 52788 14 53312 11 53833 10 54354 9 54875 9 55395 9 55916 9 56436 9 56956 8 57476 7 57997 5
b61d3fb0d0ebbee018346e0adeff9e9178f33aa95262779b3c196f93b4ace895,275351 5 275869 8 276388 9 276907 11 277426 12 277945 14 278464 16 278983 17 279502 19 280022 19 280542 20 281061 21 281581 22 282101 22 282621 23 283140 24 283660 24 284179 25 284699 25 285220 24 285740 24 286261 22 286782 21 287302 21 287823 19 288343 19 288863 18 289383 17 289904 16 290425 14 290948 10
b61d3fb0d0ebbee018346e0adeff9e9178f33aa95262779b3c196f93b4ace895,445 25 964 26 1484 26 2003 28 2522 29 3041 30 3560 31 4080 31 4600 30 5121 28 5641 27 6162 25 6684 22 7205 20 7726 18 8247 14 8768 11
b61d3fb0d0ebbee018346e0adeff9e9178f33aa95262779b3c196f93b4ace895,358792 9 359309 12 359828 13 360346 15 360865 16 361384 17 361904 17
b61d3fb0d0ebbee018346e0adeff9e9178f33aa95262779b3c196f93b4ace895,245103 2 245618 8 246137 12 246657 14 247177 15 247697 15 248216 16 248736 17 249256 18 249777 18 250302 14 250823 13 251343 13 251864 11 252385 10 252905 10 253425 9 253945 8 254466 6
b61d3fb0d0ebbee018346e0adeff9e9178f33aa95262779b3c196f93b4ace895,256847 3 257366 7 257885 10 258405 11 258924 13 259443 15 259962 17 260481 18 261000 19 261520 20 262039 21 262559 22 263078 23 263598 22 264118 22 264638 21 265158 21 265678 20 266197 21 266717 21 267237 20 267757 20 268276 20 268796 20 269316 20 269837 18 270357 18 270877 18 271397 18 271918 17 272438 17 272959 15 273480 13 274001 12 274522 10 275043 8
b61d3fb0d0ebbee018346e0adeff9e9178f33aa95262779b3c196f93b4ace895,201550 7 202068 10 202586 12 203105 14 203624 15 204144 16 204664 16 205184 17 205704 17 206224 17 206744 17 207264 17 207784 18 208305 17 208825 17 209345 17 209865 17 210385 17 210906 16 211428 13 211949 12 212469 11 212990 8 213512 5
b61d3fb0d0ebbee018346e0adeff9e9178f33aa95262779b3c196f93b4ace895,93961 5 94480 7 94999 12 95518 14 96038 15 96558 16 97078 19 97598 20 98119 19 98639 20 99159 21 99680 21 100201 21 100721 22 101241 23 101760 25 102280 25 102800 26 103320 26 103840 26 104360 27 104880 27 105401 26 105923 24 106445 21 106967 18 107500 3
b61d3fb0d0ebbee018346e0adeff9e9178f33aa95262779b3c196f93b4ace895,54086 5 54604 9 55121 14 55641 15 56161 15 56681 16 57201 16 57721 16 58241 16 58761 17 59281 17 59801 17 60321 17 60841 17 61361 16 61881 16 62401 16 62921 16 63441 16 63961 15 64481 15 65001 14 65521 13 66041 13 66561 12 67081 11 67601 9 68121 8 68641 4
b61d3fb0d0ebbee018346e0adeff9e9178f33aa95262779b3c196f93b4ace895,54476 2 54994 7 55512 13 56032 15 56552 16 57072 18 57592 19 58112 20 58633 20 59153 21 59674 20 60194 21 60715 21 61236 21 61756 22 62277 24 62798 24 63318 24 63839 22 64360 21 64881 20 65402 19 65924 18 66446 17 66968 15 67490 13 68012 10 68536 5
b61d3fb0d0ebbee018346e0adeff9e9178f33aa95262779b3c196f93b4ace895,144951 2 145471 3 145990 4 146510 4 147029 5 147548 5 148067 5 148588 2
b61d3fb0d0ebbee018346e0adeff9e9178f33aa95262779b3c196f93b4ace895,75376 6 75895 10 76414 13 76933 15 77453 16 77973 17 78492 19 79012 20 79532 21 80052 22 80573 22 81093 22 81613 23 82133 24 82654 24 83174 24 83695 24 84215 24 84735 24 85256 24 85777 23 86298 22 86818 22 87339 21 87860 20 88381 19 88902 18 89423 17 89944 16 90465 14 90987 12 91508 10 92031 5
b61d3fb0d0ebbee018346e0adeff9e9178f33aa95262779b3c196f93b4ace895,7964 2 8483 4 9002 5 9522 5 10043 4 10564 2
b61d3fb0d0ebbee018346e0adeff9e9178f33aa95262779b3c196f93b4ace895,213130 14 213649 16 214168 18 214687 20 215206 22 215725 24 216245 25 216765 26 217285 27 217805 28 218325 28 218848 26 219368 26 219888 26 220409 25 220930 23 221451 22 221972 21 222493 20 223015 17 223537 14 224060 9
b61d3fb0d0ebbee018346e0adeff9e9178f33aa95262779b3c196f93b4ace895,160790 7 161308 10 161827 17 162347 19 162866 21 163385 23 163905 24 164425 25 164945 26 165465 27 165985 28 166505 29 167026 29 167547 29 168068 28 168589 28 169110 27 169630 27 170150 27 170671 26 171194 23 171716 21 172238 18 172759 15 173281 9 173803 5
b61d3fb0d0ebbee018346e0adeff9e9178f33aa95262779b3c196f93b4ace895,175273 3 175790 8 176309 11 176828 13 177348 14 177868 14 178387 16 178906 17 179425 19 179944 20 180464 21 180983 22 181503 23 182023 23 182543 24 183063 24 183583 24 184103 24 184623 24 185143 24 185663 24 186183 23 186704 22 187224 21 187745 20 188265 19 188786 18 189307 16 189828 15 190349 13 190870 11 191391 10 191914 6
b61d3fb0d0ebbee018346e0adeff9e9178f33aa95262779b3c196f93b4ace895,38041 5 38559 8 39077 10 39596 11 40116 11 40635 13 41155 14 41674 16 42194 16 42714 17 43233 18 43753 18 44273 18 44792 19 45312 19 45832 19 46351 20 46871 20 47391 19 47911 19 48430 20 48950 19 49470 19 49990 19 50511 17 51031 17 51552 15 52073 14 52594 12 53115 10 53636 8 54158 5
b61d3fb0d0ebbee018346e0adeff9e9178f33aa95262779b3c196f93b4ace895,112625 5 113144 9 113663 11 114182 13 114701 15 115221 16 115741 17 116261 17 116781 18 117301 19 117821 19 118341 19 118862 19 119382 20 119902 21 120423 22 120943 22 121464 20 121984 20 122504 20 123025 19 123545 20 124065 20 124586 20 125106 20 125627 20 126147 20 126668 16 127189 14 127710 12 128230 11 128751 9 129274 3
b61d3fb0d0ebbee018346e0adeff9e9178f33aa95262779b3c196f93b4ace895,77176 6 77693 10 78210 14 78729 16 79248 18 79766 21 80285 23 80805 23 81324 24 81843 25 82362 26 82882 26 83401 27 83921 27 84441 27 84960 27 85480 27 86000 27 86520 26 87040 25 87560 24 88080 23 88600 22 89120 21 89641 18 90161 17 90682 14 91204 10 91730 2
b61d3fb0d0ebbee018346e0adeff9e9178f33aa95262779b3c196f93b4ace895,77936 3 78452 12 78971 15 79489 20 80008 23 80527 25 81047 26 81567 28 82087 29 82607 30 83127 31 83648 31 84168 31 84688 32 85209 31 85730 30 86251 29 86772 28 87293 27 87814 26 88335 24 88856 23 89376 22 89897 20 90424 11 90945 7
b61d3fb0d0ebbee018346e0adeff9e9178f33aa95262779b3c196f93b4ace895,149945 5 150463 9 150980 13 151499 15 152019 16 152539 17 153058 18 153577 20 154096 21 154616 21 155136 22 155656 22 156176 22 156696 23 157216 23 157737 22 158257 22 158778 21 159298 21 159818 22 160339 21 160859 22 161378 23 161898 22 162419 21 162940 20 163461 18 163982 17 164503 17 165024 16 165544 16 166065 14 166585 14 167106 13 167628 10 168149 8 168670 2
b61d3fb0d0ebbee018346e0adeff9e9178f33aa95262779b3c196f93b4ace895,65836 9 66355 11 66873 14 67391 20 67908 24 68427 25 68947 25 69467 26 69987 27 70507 28 71027 28 71547 28 72068 27 72588 27 73109 26 73629 27 74149 27 74670 26 75193 23 75714 22 76236 20 76758 17 77279 14 77802 9 78324 5
b61d3fb0d0ebbee018346e0adeff9e9178f33aa95262779b3c196f93b4ace895,28102 8 28620 14 29139 16 29658 17 30177 18 30696 19 31215 20 31734 21 32254 21 32773 22 33292 23 33812 22 34332 22 34851 22 35371 21 35890 21 36410 18 36929 18 37449 18 37969 17 38490 15 39011 13 39532 10 40053 8
b61d3fb0d0ebbee018346e0adeff9e9178f33aa95262779b3c196f93b4ace895,241068 9 241587 11 242105 14 242624 15 243143 16 243663 16 244182 17 244701 18 245221 18 245741 18 246260 19 246780 19 247300 18 247820 17 248340 17 248859 17 249379 17 249899 16 250419 16 250939 15 251459 14 251979 14 252499 13 253019 12 253539 12 254060 10 254580 9 255100 8 255621 5
b61d3fb0d0ebbee018346e0adeff9e9178f33aa95262779b3c196f93b4ace895,112719 4 113237 9 113756 11 114275 12 114795 12 115315 13 115835 14 116356 14 116876 14 117396 15 117916 15 118436 16 118956 16 119476 16 119996 16 120516 17 121036 17 121556 18 122076 18 122596 18 123116 18 123637 17 124157 17 124678 16 125198 17 125719 16 126240 15 126760 15 127280 15 127801 14 128322 13 128843 12 129364 11 129885 10 130405 10 130925 10 131446 8 131968 5
b61d3fb0d0ebbee018346e0adeff9e9178f33aa95262779b3c196f93b4ace895,95304 2 95822 8 96340 12 96859 14 97378 16 97897 17 98416 19 98935 20 99454 21 99974 21 100493 22 101013 22 101533 21 102052 22 102572 22 103092 22 103612 21 104132 21 104652 21 105172 20 105691 21 106211 20 106731 20 107251 19 107772 17 108292 17 108813 15 109333 14 109854 11 110376 7
b61d3fb0d0ebbee018346e0adeff9e9178f33aa95262779b3c196f93b4ace895,117328 14 117847 16 118366 18 118886 18 119405 20 119925 20 120445 21 120965 21 121484 22 122004 22 122524 22 123044 22 123565 21 124085 21 124606 19 125126 18 125647 17 126167 17 126687 17 127208 15 127731 11 128252 9
b61d3fb0d0ebbee018346e0adeff9e9178f33aa95262779b3c196f93b4ace895,90538 4 91056 8 91574 11 92093 12 92611 14 93130 15 93649 16 94168 17 94687 18 95206 18 95725 19 96244 19 96763 20 97282 20 97801 21 98320 21 98840 21 99359 21 99879 21 100398 21 100917 21 101437 20 101956 20 102476 18 102996 17 103516 15 104036 14 104556 12 105077 8 105598 3
b61d3fb0d0ebbee018346e0adeff9e9178f33aa95262779b3c196f93b4ace895,45135 2 45654 8 46174 16 46694 18 47215 22 47736 23 48258 22 48781 20 49302 20 49822 20 50342 21 50863 20 51385 17 51907 15 52429 12 52951 9 53475 4
b61d3fb0d0ebbee018346e0adeff9e9178f33aa95262779b3c196f93b4ace895,19774 8 20294 10 20813 12 21330 16 21848 18 22368 18 22887 20 23407 20 23927 20 24446 21 24965 21 25485 20 26004 21 26523 22 27043 22 27562 23 28081 21 28601 19 29121 18 29641 17 30161 16 30681 15 31201 14 31722 12 32243 11 32764 9 33285 7
b61d3fb0d0ebbee018346e0adeff9e9178f33aa95262779b3c196f93b4ace895,242084 5 242603 7 243122 8 243642 7 244162 7 244683 5
b61d3fb0d0ebbee018346e0adeff9e9178f33aa95262779b3c196f93b4ace895,28 14 544 18 1062 20 1580 23 2100 23 2616 2 2619 24 3135 28 3654 29 4173 29 4693 29 5212 30 5732 29 6252 28 6773 26 7293 26 7814 24 8335 22 8856 20 9378 13
b61d3fb0d0ebbee018346e0adeff9e9178f33aa95262779b3c196f93b4ace895,243305 11 243822 16 244340 19 244858 22 245377 23 245896 25 246415 26 246934 27 247453 29 247972 30 248491 31 249010 32 249529 33 250049 32 250569 32 251088 32 251608 31 252128 31 252647 31 253167 30 253687 30 254207 29 254727 28 255247 27 255767 26 256287 25 256808 22 257328 21 257849 18 258370 16 258891 13 259412 9
b61d3fb0d0ebbee018346e0adeff9e9178f33aa95262779b3c196f93b4ace895,297009 7 297527 11 298046 13 298566 14 299085 16 299605 17 300125 18 300644 20 301163 22 301682 23 302202 23 302723 23 303244 22 303764 22 304284 23 304804 23 305324 23 305844 23 306364 23 306884 24 307404 24 307925 23 308445 23 308966 22 309486 22 310006 22 310526 21 311047 20 311568 18 312088 18 312609 16 313130 14 313651 12 314172 10 314697 2
b61d3fb0d0ebbee018346e0adeff9e9178f33aa95262779b3c196f93b4ace895,243952 6 244470 9 244989 12 245508 14 246028 15 246548 16 247067 17 247587 18 248107 19 248627 19 249147 20 249667 20 250187 21 250707 21 251227 21 251748 21 252268 21 252789 20 253309 20 253829 20 254350 19 254870 19 255390 19 255911 17 256431 17 256952 15 257473 13 257994 11 258517 7
b61d3fb0d0ebbee018346e0adeff9e9178f33aa95262779b3c196f93b4ace895,158134 3 158653 5 159173 5 159693 5 160214 3
b61d3fb0d0ebbee018346e0adeff9e9178f33aa95262779b3c196f93b4ace895,225569 4 226088 6 226608 7 227127 9 227648 8 228168 8 228688 8 229206 10 229726 10 230247 8 230768 6 231289 4
b61d3fb0d0ebbee018346e0adeff9e9178f33aa95262779b3c196f93b4ace895,50217 3 50736 7 51255 10 51774 12 52293 13 52813 13 53332 14 53852 14 54372 14 54892 14 55411 15 55931 14 56451 14 56970 14 57490 13 58010 10 58531 7 59053 3
b61d3fb0d0ebbee018346e0adeff9e9178f33aa95262779b3c196f93b4ace895,209 9 729 9 1249 8 1770 7 2290 7 2811 5 3332 2
b61d3fb0d0ebbee018346e0adeff9e9178f33aa95262779b3c196f93b4ace895,111936 2 112454 5 112972 8 113491 9 114010 10 114530 10 115050 10 115570 9 116089 10 116607 13 117126 16 117646 19 118167 19 118690 17 119211 16 119731 16 120251 16 120770 17 121290 17 121809 18 122328 18 122848 17 123369 16 123894 11 124415 1 124418 7 124940 4
b61d3fb0d0ebbee018346e0adeff9e9178f33aa95262779b3c196f93b4ace895,138559 6 139078 8 139597 10 140117 13 140637 14 141157 14 141676 16 142196 17 142715 18 143235 19 143756 18 144276 18 144796 19 145316 19 145836 19 146356 20 146877 19 147397 19 147917 19 148438 18 148958 18 149479 17 150000 16 150520 16 151040 16 151561 14 152081 13 152602 11 153124 7
b61d3fb0d0ebbee018346e0adeff9e9178f33aa95262779b3c196f93b4ace895,47640 6 48159 9 48678 12 49197 14 49716 16 50235 18 50754 20 51274 21 51794 21 52313 22 52833 22 53353 22 53873 21 54393 21 54913 20 55434 19 55954 19 56474 19 56995 17 57515 16 58036 14 58557 12 59082 5
b61d3fb0d0ebbee018346e0adeff9e9178f33aa95262779b3c196f93b4ace895,189694 4 190211 9 190729 12 191246 17 191765 20 192284 22 192803 23 193322 24 193842 24 194362 25 194881 27 195401 27 195921 26 196442 25 196962 24 197483 23 198004 22 198525 20 199047 17 199568 15 200091 11 200616 4
b61d3fb0d0ebbee018346e0adeff9e9178f33aa95262779b3c196f93b4ace895,51303 3 51822 9 52340 12 52859 14 53378 17 53897 19 54417 20 54937 21 55457 21 55977 20 56497 19 57017 14 57538 12 58059 10 58582 6
b61d3fb0d0ebbee018346e0adeff9e9178f33aa95262779b3c196f93b4ace895,296056 3 296575 6 297094 8 297613 11 298133 12 298653 13 299173 13 299692 15 300212 15 300732 16 301252 16 301772 16 302292 17 302812 17 303333 17 303853 17 304374 17 304894 17 305414 17 305934 17 306454 17 306974 18 307494 18 308015 17 308535 17 309055 17 309575 17 310096 17 310616 17 311136 17 311656 17 312177 16 312697 16 313217 16 313738 15 314258 14 314779 13 315300 12 315820 11 316341 10 316862 9 317383 7
b61d3fb0d0ebbee018346e0adeff9e9178f33aa95262779b3c196f93b4ace895,53212 5 53731 8 54250 10 54769 12 55288 14 55808 15 56327 17 56847 17 57367 18 57887 19 58406 20 58926 21 59446 21 59966 21 60486 21 61006 21 61526 21 62046 21 62566 20 63087 18 63607 17 64128 15 64649 13 65170 11 65691 8
b61d3fb0d0ebbee018346e0adeff9e9178f33aa95262779b3c196f93b4ace895,38690 8 39208 12 39727 14 40246 15 40765 16 41285 17 41805 17 42324 18 42844 19 43364 19 43884 20 44404 20 44923 21 45443 21 45963 21 46483 21 47003 21 47523 22 48043 22 48564 21 49084 20 49605 19 50125 19 50646 18 51166 18 51687 16 52207 15 52728 14 53249 12 53770 10 54292 6
b61d3fb0d0ebbee018346e0adeff9e9178f33aa95262779b3c196f93b4ace895,253801 5 254320 8 254839 10 255358 12 255877 14 256397 15 256916 16 257436 17 257956 18 258476 18 258996 19 259516 19 260036 20 260556 20 261076 20 261597 20 262117 20 262637 20 263158 19 263678 19 264199 19 264719 19 265240 18 265760 18 266281 16 266801 16 267322 15 267843 13 268364 11 268885 9 269407 6 269929 2
b61d3fb0d0ebbee018346e0adeff9e9178f33aa95262779b3c196f93b4ace895,47571 4 48090 6 48609 8 49129 9 49648 11 50168 12 50688 14 51207 16 51727 16 52247 17 52767 17 53287 18 53807 18 54327 18 54847 18 55367 18 55887 18 56408 17 56928 17 57448 17 57968 16 58488 16 59009 15 59530 14 60050 14 60570 14 61090 13 61611 10 62136 4
b61d3fb0d0ebbee018346e0adeff9e9178f33aa95262779b3c196f93b4ace895,271457 6 271976 10 272496 12 273015 14 273535 16 274055 17 274575 18 275095 18 275615 19 276135 20 276656 19 277176 20 277697 19 278217 19 278737 19 279257 20 279778 19 280299 18 280820 16 281341 15 281861 15 282382 13 282905 9 283426 7
b61d3fb0d0ebbee018346e0adeff9e9178f33aa95262779b3c196f93b4ace895,308940 7 309458 10 309977 13 310497 14 311016 15 311536 16 312056 17 312575 18 313095 19 313615 19 314135 19 314655 19 315175 20 315695 20 316215 21 316735 21 317255 22 317776 22 318296 22 318816 22 319337 21 319857 21 320377 21 320898 20 321418 20 321939 19 322459 19 322980 18 323500 18 324021 17 324542 16 325063 14 325583 14 326104 12 326624 11 327144 9 327665 2
b61d3fb0d0ebbee018346e0adeff9e9178f33aa95262779b3c196f93b4ace895,24132 3 24651 6 25171 7 25691 9 26211 10 26731 12 27251 14 27772 14 28292 14 28813 13 29333 13 29853 13 30373 12 30893 12 31414 11 31934 11 32454 11 32976 9 33496 6
b61d3fb0d0ebbee018346e0adeff9e9178f33aa95262779b3c196f93b4ace895,2283 4 2801 7 3320 8 3839 10 4359 12 4879 13 5399 14 5919 14 6438 16 6958 16 7478 16 7998 17 8518 17 9038 18 9557 19 10077 19 10597 20 11117 20 11637 21 12157 21 12677 22 13198 22 13718 22 14238 23 14759 26 15279 26 15800 25 16320 24 16841 23 17361 22 17881 22 18401 21 18922 20 19442 20 19963 19 20483 18 21004 17 21524 17 22045 16 22566 15 23090 11 23611 9 24135 5 24657 3 25178 2
b61d3fb0d0ebbee018346e0adeff9e9178f33aa95262779b3c196f93b4ace895,178104 3 178622 6 179141 8 179661 9 180180 11 180700 11 181219 12 181739 12 182259 11 182779 11 183299 10 183819 10 184339 10 184859 10 185379 10 185899 10 186420 8 186940 7 187460 6 187980 6 188501 4
b61d3fb0d0ebbee018346e0adeff9e9178f33aa95262779b3c196f93b4ace895,350727 3 351246 5 351764 10 352283 12 352803 13 353323 14 353843 15 354363 17 354884 17 355404 19 355924 20 356445 19 356965 20 357486 20 358006 20 358527 20 359047 20 359568 20 360089 19 360610 18 361130 18 361651 17
b61d3fb0d0ebbee018346e0adeff9e9178f33aa95262779b3c196f93b4ace895,165083 3 165602 6 166120 9 166637 13 167155 16 167674 17 168193 19 168713 19 169233 19 169753 19 170272 20 170792 20 171311 21 171831 21 172350 22 172870 22 173390 22 173911 21 174432 20 174952 20 175471 20 175991 19 176511 18 177031 18 177552 16 178072 15 178593 13 179114 11 179640 3
b61d3fb0d0ebbee018346e0adeff9e9178f33aa95262779b3c196f93b4ace895,354216 3 354733 11 355252 13 355771 15 356290 17 356810 17 357329 19 357849 19 358369 19 358889 19 359409 19 359929 19 360449 19 360969 18 361489 18
b61d3fb0d0ebbee018346e0adeff9e9178f33aa95262779b3c196f93b4ace895,278830 9 279348 13 279865 17 280384 20 280903 21 281423 22 281942 24 282462 25 282982 26 283502 27 284022 27 284542 28 285062 28 285582 29 286102 29 286622 29 287143 27 287663 27 288184 25 288704 24 289225 22 289746 21 290266 20 290787 18 291308 16 291830 12 292351 10
b61d3fb0d0ebbee018346e0adeff9e9178f33aa95262779b3c196f93b4ace895,223079 2 223598 3 224118 3 224638 3 225158 3 225678 3 226198 3 226719 2
b61d3fb0d0ebbee018346e0adeff9e9178f33aa95262779b3c196f93b4ace895,289350 10 289868 14 290386 20 290905 22 291425 23 291944 25 292464 26 292984 26 293504 26 294024 26 294544 26 295064 26 295585 25 296107 23 296628 22 297149 20 297671 18 298193 15 298715 12 299238 7
b61d3fb0d0ebbee018346e0adeff9e9178f33aa95262779b3c196f93b4ace895,155711 7 156230 10 156749 12 157268 13 157787 15 158306 16 158826 16 159345 17 159865 17 160385 18 160904 19 161424 19 161944 19 162464 19 162983 20 163503 19 164022 19 164541 19 165060 20 165580 21 166099 21 166617 20 167136 19 167656 18 168176 17 168696 17 169216 17 169736 17 170256 16 170777 15 171298 13 171819 12 172340 10 172861 9 173382 6 173904 3
b61d3fb0d0ebbee018346e0adeff9e9178f33aa95262779b3c196f93b4ace895,244260 2 244778 9 245296 12 245815 14 246335 16 246855 17 247376 17 247896 18 248416 18 248936 19 249456 20 249976 20 250496 20 251016 21 251536 21 252056 21 252576 22 253096 22 253616 22 254136 21 254657 20 255177 19 255697 19 256217 18 256737 18 257258 16 257779 14 258300 11 258823 4
b61d3fb0d0ebbee018346e0adeff9e9178f33aa95262779b3c196f93b4ace895,55491 5 56008 9 56523 14 57042 16 57562 16 58081 17 58601 16 59120 16 59639 11 60159 10 60679 10 61200 8 61721 6 62242 4
b61d3fb0d0ebbee018346e0adeff9e9178f33aa95262779b3c196f93b4ace895,224493 6 225011 11 225530 15 226049 17 226569 18 227089 18 227609 18 228129 18 228649 18 229169 18 229690 18 230210 18 230730 17 231250 16 231770 16 232290 16 232809 17 233329 17 233849 17 234369 17 234890 16 235410 15 235931 13 236453 10 236976 5
b61d3fb0d0ebbee018346e0adeff9e9178f33aa95262779b3c196f93b4ace895,19408 9 19924 14 20443 16 20962 18 21481 19 22000 21 22519 22 23039 23 23558 24 24077 25 24597 25 25117 25 25636 26 26156 26 26676 26 27196 26 27716 25 28236 25 28756 24 29276 24 29796 24 30316 23 30836 22 31357 21 31877 20 32398 18 32918 18 33438 17 33959 13 34480 5 34489 3
b61d3fb0d0ebbee018346e0adeff9e9178f33aa95262779b3c196f93b4ace895,321 14 840 16 1358 18 1877 19 2396 20 2915 21 3434 23 3954 23 4473 24 4992 25 5512 24 6031 25 6551 25 7071 25 7590 25 8110 25 8630 24 9149 24 9669 23 10188 23 10708 23 11229 21 11749 20 12270 18 12791 16 13313 13 13834 11 14356 7
b61d3fb0d0ebbee018346e0adeff9e9178f33aa95262779b3c196f93b4ace895,255115 7 255632 11 256151 13 256669 15 257188 17 257708 17 258227 18 258745 21 259264 23 259784 23 260303 24 260823 24 261342 25 261862 24 262382 23 262902 22 263422 22 263942 22 264462 22 264982 22 265503 20 266023 18 266544 16 267065 13 267586 11 268111 4
b61d3fb0d0ebbee018346e0adeff9e9178f33aa95262779b3c196f93b4ace895,17491 4 18007 11 18525 15 19044 17 19563 19 20082 20 20601 21 21119 23 21638 24 22157 25 22676 26 23196 26 23715 26 24234 26 24753 26 25273 25 25793 24 26312 24 26832 23 27352 22 27873 19 28394 17 28915 14 29438 8
b61d3fb0d0ebbee018346e0adeff9e9178f33aa95262779b3c196f93b4ace895,320573 3 321090 9 321609 11 322128 14 322648 15 323167 17 323687 18 324207 19 324727 20 325247 21 325768 20 326288 21 326808 22 327329 23 327851 22 328372 22 328892 22 329413 21 329933 21 330453 21 330974 20 331495 19 332015 19 332536 18 333057 17 333579 15 334101 13 334622 11 335143 9
b61d3fb0d0ebbee018346e0adeff9e9178f33aa95262779b3c196f93b4ace895,286001 1 286521 2 287041 2 287561 3 288081 3 288601 4 289121 4 289641 4 290161 4 290681 4 291201 3 291721 2 292241 1
b61d3fb0d0ebbee018346e0adeff9e9178f33aa95262779b3c196f93b4ace895,211153 7 211670 12 212187 18 212705 21 213224 24 213743 26 214258 32 214777 34 215297 34 215817 34 216337 33 216857 32 217378 30 217899 28 218420 23 218940 20 219461 18 219983 15 220505 11 221027 8
b61d3fb0d0ebbee018346e0adeff9e9178f33aa95262779b3c196f93b4ace895,250354 8 250871 13 251389 16 251908 18 252426 20 252945 21 253464 22 253984 22 254504 22 255023 23 255543 23 256062 24 256582 24 257102 24 257622 23 258142 22 258663 20 259184 18 259704 16 260225 13 260746 8
b61d3fb0d0ebbee018346e0adeff9e9178f33aa95262779b3c196f93b4ace895,4 21 523 21 1043 19 1563 17 2083 15 2603 13 3123 12 3644 10 4165 4
b61d3fb0d0ebbee018346e0adeff9e9178f33aa95262779b3c196f93b4ace895,100541 4 101058 8 101577 9 102096 11 102615 12 103135 13 103654 15 104173 16 104692 17 105211 19 105731 19 106250 20 106770 20 107289 20 107808 21 108328 21 108847 22 109367 22 109887 22 110406 22 110926 22 111446 21 111966 21 112486 21 113006 20 113526 19 114046 19 114567 17 115087 16 115607 15 116128 14 116648 13 117168 12 117688 10 118208 9 118729 7 119251 4
b61d3fb0d0ebbee018346e0adeff9e9178f33aa95262779b3c196f93b4ace895,274 16 794 16 1315 15 1836 14 2357 13 2878 12 3399 10 3920 8 4441 3
b61d3fb0d0ebbee018346e0adeff9e9178f33aa95262779b3c196f93b4ace895,251 15 771 15 1290 17 1810 18 2330 19 2851 20 3371 21 3891 21 4412 20 4932 20 5452 20 5972 20 6493 19 7013 19 7533 19 8053 18 8573 18 9094 17 9616 15 10137 13 10657 12 11178 10 11703 4
b61d3fb0d0ebbee018346e0adeff9e9178f33aa95262779b3c196f93b4ace895,297276 7 297795 9 298314 12 298833 14 299353 15 299873 15 300392 16 300912 17 301432 18 301952 18 302472 18 302992 19 303513 19 304033 19 304553 20 305073 20 305593 20 306114 19 306634 19 307154 19 307675 18 308195 19 308716 18 309237 17 309758 15 310279 14 310800 13 311321 11 311842 6
b61d3fb0d0ebbee018346e0adeff9e9178f33aa95262779b3c196f93b4ace895,102961 1 103481 2 104001 2 104521 3 105041 3 105561 4 106081 4 106601 4 107121 3 107641 3 108161 2 108681 1
b61d3fb0d0ebbee018346e0adeff9e9178f33aa95262779b3c196f93b4ace895,246757 4 247275 8 247794 10 248311 14 248830 15 249348 18 249867 19 250387 19 250906 19 251425 20 251944 21 252464 20 252983 21 253503 20 254022 21 254542 20 255061 20 255581 19 256100 20 256620 19 257140 19 257660 18 258180 17 258700 16 259220 14 259741 11 260263 5
b61d3fb0d0ebbee018346e0adeff9e9178f33aa95262779b3c196f93b4ace895,171569 11 172085 20 172602 24 173120 27 173639 30 174158 33 174678 34 175197 36 175717 37 176237 37 176756 39 177276 40 177796 40 178316 41 178837 40 179357 40 179878 39 180399 38 180921 36 181442 35 181964 33 182486 31 183007 30 183528 28 184049 27 184571 25 185096 19 185617 17 186139 14 186660 12
b61d3fb0d0ebbee018346e0adeff9e9178f33aa95262779b3c196f93b4ace895,22338 6 22857 8 23376 10 23895 12 24414 14 24934 14 25454 14 25973 15 26492 17 27012 17 27531 18 28051 18 28571 18 29090 19 29610 19 30130 19 30649 19 31169 19 31689 19 32209 19 32729 18 33249 18 33769 18 34289 17 34809 17 35329 18 35849 18 36370 16 36891 14 37412 13 37933 11 38454 10 38976 7 39496 3
b61d3fb0d0ebbee018346e0adeff9e9178f33aa95262779b3c196f93b4ace895,276864 9 277382 13 277900 16 278419 19 278939 22 279459 23 279980 24 280500 25 281020 26 281541 26 282064 23 282585 23 283108 21 283630 20 284151 20 284672 19 285193 19 285713 19 286234 17 286755 15 287276 13 287796 13 288317 11 288837 10 289360 6 289882 4
b61d3fb0d0ebbee018346e0adeff9e9178f33aa95262779b3c196f93b4ace895,247519 2 248038 3 248557 4 249076 5 249595 6 250115 6 250634 7 251154 7 251674 7 252194 7 252715 6 253235 6 253755 6 254276 5 254796 5 255317 4 255839 2
b61d3fb0d0ebbee018346e0adeff9e9178f33aa95262779b3c196f93b4ace895,78811 6 79329 16 79848 21 80368 25 80889 27 81410 29 81931 30 82452 31 82973 32 83493 33 84014 33 84535 33 85057 32 85578 32 86100 30 86622 27 87146 22 87669 19 88190 18 88712 15 89234 12 89759 6
b61d3fb0d0ebbee018346e0adeff9e9178f33aa95262779b3c196f93b4ace895,131659 6 132178 8 132697 11 133216 14 133735 16 134254 18 134774 19 135294 20 135814 20 136334 21 136854 22 137374 22 137894 23 138414 23 138934 24 139454 24 139974 24 140494 24 141015 23 141536 23 142057 22 142578 20 143098 20 143619 19 144140 17 144661 15 145182 14 145703 13 146223 12 146743 9 147264 6
b61d3fb0d0ebbee018346e0adeff9e9178f33aa95262779b3c196f93b4ace895,305513 7 306032 9 306551 11 307071 12 307591 13 308111 13 308631 14 309151 14 309671 14 310191 15 310711 15 311231 16 311752 15 312272 15 312792 15 313313 15 313833 16 314354 15 314874 15 315394 15 315913 16 316433 16 316954 15 317474 15 317995 14 318515 13 319036 12 319557 11 320078 9 320599 7 321121 4
b61d3fb0d0ebbee018346e0adeff9e9178f33aa95262779b3c196f93b4ace895,199934 6 200451 13 200970 15 201490 16 202009 18 202528 20 203047 21 203567 21 204086 23 204606 23 205126 23 205646 23 206166 23 206687 22 207207 22 207727 23 208247 23 208767 22 209287 22 209807 22 210328 21 210848 21 211368 20 211889 18 212409 17 212930 13 213451 10 213972 7
b61d3fb0d0ebbee018346e0adeff9e9178f33aa95262779b3c196f93b4ace895,346543 6 347062 8 347581 10 348100 12 348620 13 349140 14 349659 15 350179 16 350699 16 351219 17 351739 17 352259 18 352779 18 353300 18 353820 18 354340 18 354860 18 355381 18 355901 18 356421 18 356942 17 357462 16 357983 15 358504 13 359025 12 359546 10 360067 7 360589 4
b61d3fb0d0ebbee018346e0adeff9e9178f33aa95262779b3c196f93b4ace895,5072 10 5587 18 6102 25 6620 28 7139 31 7658 34 8178 35 8698 36 9218 37 9738 38 10258 38 10779 37 11299 37 11820 36 12342 33 12863 31 13386 11 13399 13
b61d3fb0d0ebbee018346e0adeff9e9178f33aa95262779b3c196f93b4ace895,134880 6 135398 9 135917 11 136436 13 136955 15 137474 17 137993 19 138513 19 139032 21 139551 22 140070 23 140590 24 141110 24 141630 24 142150 24 142670 24 143191 23 143711 23 144232 22 144752 22 145272 22 145792 22 146313 20 146833 20 147354 19 147874 18 148395 16 148916 14 149439 10
b61d3fb0d0ebbee018346e0adeff9e9178f33aa95262779b3c196f93b4ace895,120759 2 121278 6 121797 8 122317 9 122836 12 123354 15 123873 21 124393 22 124913 23 125433 23 125953 23 126474 22 126994 23 127514 24 128034 25 128554 26 129075 26 129595 27 130116 27 130636 27 131157 26 131678 25 132199 25 132720 24 133240 24 133761 24 134282 23 134805 20 135326 18 135846 18 136367 16 136888 14 137410 11 137932 8
b61d3fb0d0ebbee018346e0adeff9e9178f33aa95262779b3c196f93b4ace895,129245 7 129764 9 130284 10 130803 12 131322 14 131841 15 132361 15 132881 15 133401 16 133921 16 134440 17 134959 18 135479 19 135999 19 136519 19 137039 18 137559 18 138078 19 138598 19 139118 19 139639 19 140159 19 140679 19 141198 19 141718 19 142237 20 142757 20 143277 20 143796 21 144316 21 144837 20 145358 18 145879 17 146401 14 146922 13 147443 11 147964 8 148486 3
b61d3fb0d0ebbee018346e0adeff9e9178f33aa95262779b3c196f93b4ace895,48733 9 49251 12 49770 14 50289 17 50809 18 51329 19 51848 21 52368 21 52888 21 53407 23 53925 25 54444 27 54963 28 55483 8 55496 16 56003 5 56017 15 56537 15 57058 14 57578 14 58098 14 58617 16 59136 17 59650 24 60169 25 60689 6 60699 14 61199 1 61208 6 61220 12 61718 3 61727 6 61741 11 62238 4 62246 6 62264 7 62759 13 63280 12 63801 12 64322 13 64842 14 65362 15 65881 17 66401 18 66921 19 67441 21 67961 22 68481 23 69001 23 69522 22 70043 22 70563 22 71084 21 71604 21 72125 19 72646 17 73167 16 73689 14 74211 11 74732 9 75255 4
b61d3fb0d0ebbee018346e0adeff9e9178f33aa95262779b3c196f93b4ace895,218258 7 218777 12 219296 14 219816 14 220334 16 220849 3 220854 16 221369 3 221374 17 221885 27 222405 28 222925 29 223444 30 223964 30 224484 9 224499 14 225004 7 225022 11 225524 6 225545 9 226044 5 226066 9 226564 5 226587 7 227084 5 227107 7 227605 4 227627 7 228125 4 228147 6 228646 3 228667 5 229167 2 229187 4 229708 1
b61d3fb0d0ebbee018346e0adeff9e9178f33aa95262779b3c196f93b4ace895,63595 2 64114 4 64633 5 65153 5 65673 4 66194 2
b61d3fb0d0ebbee018346e0adeff9e9178f33aa95262779b3c196f93b4ace895,12194 5 12708 12 13226 14 13745 16 14265 16 14785 16 15305 17 15825 18 16344 20 16864 20 17383 20 17903 20 18422 20 18942 20 19462 19 19982 19 20501 20 21021 20 21541 20 22061 20 22581 20 23101 19 23620 20 24140 19 24660 18 25180 18 25700 17 26221 14 26743 11 27265 5
