b67a6e5da8b1cfa5319d94a7d3f8b706725753346c37a4636bf7382e98b3c5df,49735 6 49991 9 50247 9 50504 8 50760 8 51016 9 51272 13 51529 12 51785 12 52041 13 52297 13 52554 12 52812 10 53070 8 53327 6
b67a6e5da8b1cfa5319d94a7d3f8b706725753346c37a4636bf7382e98b3c5df,6439 5 6694 7 6948 10 7204 10 7459 12 7715 12 7971 12 8227 13 8483 13 8740 12 8997 10 9254 8 9511 5
b67a6e5da8b1cfa5319d94a7d3f8b706725753346c37a4636bf7382e98b3c5df,44336 8 44592 10 44848 15 45104 16 45360 16 45616 16 45872 16 46129 15 46385 15 46641 14 46897 14 47153 14 47410 12 47667 10
b67a6e5da8b1cfa5319d94a7d3f8b706725753346c37a4636bf7382e98b3c5df,40068 5 40323 9 40578 11 40833 13 41089 14 41345 16 41600 18 41856 19 42111 20 42366 21 42622 21 42877 22 43133 22 43389 22 43645 21 43901 21 44157 20 44414 19 44670 18 44927 16 45183 15 45440 12 45698 8 45956 3
b67a6e5da8b1cfa5319d94a7d3f8b706725753346c37a4636bf7382e98b3c5df,63984 5 64237 9 64491 12 64747 13 65003 13 65258 14 65514 15
b67a6e5da8b1cfa5319d94a7d3f8b706725753346c37a4636bf7382e98b3c5df,46414 5 46670 8 46926 9 47182 12 47438 13 47694 13 47950 14 48206 14 48462 14 48718 15 48974 15 49231 14 49487 14 49744 13 50000 13 50257 11 50514 10 50771 8
b67a6e5da8b1cfa5319d94a7d3f8b706725753346c37a4636bf7382e98b3c5df,13940 8 14195 10 14451 12 14707 12 14963 13 15219 14 15475 14 15731 14 15987 14 16243 14 16499 14 16755 14 17011 14 17267 14 17524 12 17781 11 18038 10 18296 6
b67a6e5da8b1cfa5319d94a7d3f8b706725753346c37a4636bf7382e98b3c5df,48733 1 48989 3 49245 5 49501 6 49757 7 50013 7 50268 8 50524 8 50779 9 51035 8 51293 5
b67a6e5da8b1cfa5319d94a7d3f8b706725753346c37a4636bf7382e98b3c5df,32939 4 33192 9 33447 11 33702 13 33957 15 34212 17 34468 17 34723 18 34979 19 35235 19 35491 19 35747 19 36003 18 36259 18 36516 17 36773 15 37029 14 37287 11 37543 10 37801 7
b67a6e5da8b1cfa5319d94a7d3f8b706725753346c37a4636bf7382e98b3c5df,3589 4 3843 9 4097 12 4353 13 4609 14 4865 14 5121 14 5377 14 5633 14 5889 14 6145 13 6401 13 6657 12 6913 12 7169 12 7425 10 7681 9 7937 7 8193 5
b67a6e5da8b1cfa5319d94a7d3f8b706725753346c37a4636bf7382e98b3c5df,1 12 257 12 513 12 769 13 1025 13 1281 13 1537 13 1793 13 2049 12 2305 12 2561 11 2817 9 3073 5
