b6edad733399c83c8eb7a59c0d37b54e10cc0d59894e39ff843884d84f61dee1,334 25 694 25 1055 24 1417 22 1780 19 2143 15 2505 10
b6edad733399c83c8eb7a59c0d37b54e10cc0d59894e39ff843884d84f61dee1,35771 12 36129 16 36488 18 36848 21 37208 22 37567 24 37927 25 38286 27 38646 28 39006 29 39366 30 39726 30 40085 32 40445 32 40805 32 41165 33 41525 33 41885 34 42245 34 42605 35 42965 35 43325 36 43685 37 44045 37 44405 38 44766 37 45126 38 45486 39 45846 39 46206 40 46567 39 46927 39 47287 40 47647 40 48007 40 48367 40 48728 39 49088 39 49448 39 49808 39 50167 40 50527 40 50887 39 51247 39 51607 37 51967 37 52328 35 52688 35 53049 34 53409 33 53770 32 54130 30 54491 29 54852 27 55213 24 55575 21 55937 17 56299 12
b6edad733399c83c8eb7a59c0d37b54e10cc0d59894e39ff843884d84f61dee1,87618 11 87976 15 88284 11 88335 17 88642 18 88693 20 88999 22 89052 22 89358 25 89411 24 89716 28 89770 25 90075 30 90129 26 90433 33 90488 27 90792 34 90847 29 91151 36 91206 31 91510 38 91566 32 91869 39 91925 34 92228 41 92284 35 92588 41 92643 36 92948 42 93003 36 93307 43 93363 36 93667 44 93722 37 94026 45 94082 37 94386 46 94441 37 94746 46 94801 37 95105 48 95161 37 95465 48 95520 38 95825 48 95880 38 96185 49 96240 38 96545 49 96600 38 96905 49 96960 37 97265 50 97320 36 97625 50 97680 35 97986 49 98040 34 98346 50 98400 33 98706 50 98760 33 99067 50 99120 32 99428 49 99480 32 99789 48 99840 32 100150 48 100200 32 100511 47 100560 32 100873 45 100920 32 101234 44 101282 30 101596 43 101642 30 101959 40 102002 30 102322 37 102363 29 102685 35 102723 29 103046 34 103082 30 103407 32 103442 30 103768 31 103802 30 104129 30 104162 31 104489 64 104850 29 104881 32 105211 28 105241 32 105571 27 105601 32 105932 26 105961 32 106293 25 106321 32 106654 24 106681 32 107015 23 107042 32 107375 23 107402 32 107736 21 107760 34 108097 19 108121 33 108458 18 108481 33 108819 17 108841 32 109180 15 109202 31 109542 12 109562 30 109906 7 109923 29 110283 28 110643 28 111004 26 111367 22 111728 20 112089 18 112454 11
b6edad733399c83c8eb7a59c0d37b54e10cc0d59894e39ff843884d84f61dee1,64737 14 65096 20 65455 23 65814 26 66173 29 66533 30 66893 32 67253 34 67612 36 67972 38 68332 40 68692 41 69052 43 69412 45 69772 46 70132 48 70492 49 70852 50 71212 52 71572 53 71932 53 72292 54 72651 56 73011 56 73372 56 73732 56 74093 56 74453 56 74814 56 75175 55 75535 55 75896 54 76257 53 76618 52 76979 51 77340 50 77701 49 78062 48 78423 47 78785 45 79146 43 79508 41 79869 39 80231 36 80593 33 80955 30 81317 27 81680 23 82042 19 82403 16 82766 10
b6edad733399c83c8eb7a59c0d37b54e10cc0d59894e39ff843884d84f61dee1,127929 9 128288 12 128646 15 129005 17 129364 19
b6edad733399c83c8eb7a59c0d37b54e10cc0d59894e39ff843884d84f61dee1,361 1 721 1 1081 2 1441 3 1801 4 2161 5 2521 5 2881 6 3241 6 3601 7 3961 7 4321 8 4681 8 5041 8 5401 8 5761 8 6121 7 6481 6 6841 5
b6edad733399c83c8eb7a59c0d37b54e10cc0d59894e39ff843884d84f61dee1,34921 14 35281 17 35641 18 36001 19 36361 20 36721 21 37081 22 37441 22 37801 22 38161 23 38521 23 38881 23 39241 24 39601 24 39961 24 40321 25 40681 25 41041 26 41401 26 41761 26 42121 26 42481 26 42841 26 43201 26 43561 26 43921 26 44281 26 44641 25 45001 25 45361 25 45721 24 46081 24 46441 23 46801 23 47161 22 47521 22 47881 21 48241 20 48601 19 48961 18 49321 18 49681 17 50041 16 50401 15 50761 15 51121 14 51481 13 51841 12 52201 11 52561 10 52921 9 53281 7 53641 6 54001 4 54361 2 54721 1
b6edad733399c83c8eb7a59c0d37b54e10cc0d59894e39ff843884d84f61dee1,105116 5 105475 6 105834 7 106193 8 106553 8 106912 9 107271 10 107631 10 107990 11 108350 11 108709 12 109069 12 109429 12 109789 12 110149 12 110509 12 110869 12 111229 12 111589 12 111949 12 112309 12 112669 12 113030 11 113391 10 113751 10 114111 10 114471 10 114831 10 115191 10 115552 9 115912 9 116273 8 116633 8 116993 8 117354 7 117714 7 118074 7 118435 6 118795 6 119156 5 119516 5 119877 4 120237 4 120597 4 120958 3 121318 3 121679 2
b6edad733399c83c8eb7a59c0d37b54e10cc0d59894e39ff843884d84f61dee1,10441 1 10801 3 11161 4 11521 5 11881 6 12241 6 12601 7 12961 7 13321 8 13681 9 14041 9 14401 10 14761 10 15121 10 15481 11 15841 11 16201 12 16561 12 16921 12 17281 13 17641 13 18001 13 18361 14 18721 14 19081 14 19441 15 19801 15 20161 15 20521 15 20881 15 21241 16 21601 16 21961 16 22321 16 22681 16 23041 16 23401 15 23761 15 24121 15 24481 14 24841 14 25201 14 25561 13
b6edad733399c83c8eb7a59c0d37b54e10cc0d59894e39ff843884d84f61dee1,120543 6 120901 12 121260 15 121618 20 121977 23 122336 25 122696 26 123055 28 123415 28 123774 30 124134 31 124493 32 124853 33 125212 35 125572 35 125932 36 126291 37 126651 37 127011 38 127370 40 127730 40 128090 40 128449 42 128809 42 129169 42 129529 42
b6edad733399c83c8eb7a59c0d37b54e10cc0d59894e39ff843884d84f61dee1,75422 12 75778 22 76136 26 76494 30 76852 34 77211 36 77570 39 77930 41 78289 43 78648 45 79008 47 79368 48 79728 48 80088 49 80448 50 80808 51 81167 52 81527 53 81887 54 82247 54 82607 54 82967 54 83327 54 83687 54 84047 53 84407 53 84768 52 85129 51 85490 50 85851 49 86212 48 86573 46 86935 44 87297 42 87658 41 88020 39 88382 37 88744 35 89107 32 89470 29 89832 26 90194 24 90557 20 90919 17
b6edad733399c83c8eb7a59c0d37b54e10cc0d59894e39ff843884d84f61dee1,31866 11 32221 25 32580 29 32938 33 33297 37 33655 40 34014 42 34373 44 34732 46 35091 48 35450 50 35809 52 36168 54 36528 55 36888 56 37247 58 37607 59 37967 60 38326 61 38686 62 39046 62 39406 63 39766 63 40126 63 40487 63 40847 63 41208 62 41568 62 41928 62 42289 61 42649 61 43010 60 43370 60 43731 58 44092 57 44452 57 44813 56 45174 54 45535 53 45896 51 46257 50 46618 48 46979 46 47340 45 47701 43 48062 41 48423 39 48784 36 49146 33 49509 27 49875 18 50240 6
b6edad733399c83c8eb7a59c0d37b54e10cc0d59894e39ff843884d84f61dee1,18212 5 18572 6 18931 7 19291 7 19651 7 20010 8 20370 8 20731 7 21092 5
b6edad733399c83c8eb7a59c0d37b54e10cc0d59894e39ff843884d84f61dee1,220 36 580 36 940 36 1301 35 1661 36 2021 36 2381 37 2742 37 3102 37 3463 36 3823 36 4183 36 4544 35 4905 34 5266 33 5627 32 5987 32 6348 31 6709 29 7070 28 7432 25 7794 21 8157 16 8520 9
b6edad733399c83c8eb7a59c0d37b54e10cc0d59894e39ff843884d84f61dee1,124276 12 124630 22 124985 30 125344 33 125702 37 126060 41 126419 43 126778 45 127137 47 127496 49 127855 50 128214 52 128574 52 128933 53 129293 53
b6edad733399c83c8eb7a59c0d37b54e10cc0d59894e39ff843884d84f61dee1,141 29 500 30 859 32 1219 32 1578 34 1938 34 2298 34 2658 34 3017 35 3377 35 3737 36 4097 36 4457 36 4817 36 5177 36 5537 36 5897 36 6256 37 6616 36 6976 36 7336 36 7696 36 8056 35 8417 34 8778 33 9138 33 9499 31 9860 29 10220 27 10581 25 10942 23 11303 20 11664 18 12025 15 12387 10 12750 6 13112 3
b6edad733399c83c8eb7a59c0d37b54e10cc0d59894e39ff843884d84f61dee1,84499 6 84853 15 85211 19 85570 21 85929 23 86288 25 86648 26 87008 26 87367 28 87727 28 88087 29 88447 29 88807 30 89167 30 89527 30 89886 31 90246 32 90606 32 90966 32 91326 32 91686 32 92046 33 92407 32 92767 33 93127 33 93487 33 93847 33 94207 33 94567 33 94927 33 95287 34 95647 34 96008 33 96368 33 96728 34 97088 34 97448 34 97809 33 98169 34 98529 34 98889 34 99249 35 99610 35 99970 35 100330 35 100690 35 101050 36 101410 36 101770 36 102130 36 102491 35 102851 35 103211 35 103572 34 103933 33 104294 31 104654 31 105015 29 105376 28 105736 28 106097 26 106458 24 106819 22 107180 20 107543 16 107905 12 108273 3
b6edad733399c83c8eb7a59c0d37b54e10cc0d59894e39ff843884d84f61dee1,5217 23 5576 25 5934 29 6293 31 6652 33 7012 34 7372 35 7732 36 8091 38 8451 39 8811 40 9171 40 9530 42 9889 43 10249 43 10609 43 10969 44 11329 44 11689 44 12049 44 12409 44 12769 44 13129 44 13489 44 13849 44 14209 44 14569 44 14929 44 15289 44 15649 44 16010 42 16370 42 16730 42 17091 41 17451 41 17811 41 18171 41 18532 40 18892 39 19253 38 19614 37 19975 35 20336 34 20697 32 21057 32 21418 30 21779 29 22140 28 22502 25 22863 23 23226 18 23592 7
b6edad733399c83c8eb7a59c0d37b54e10cc0d59894e39ff843884d84f61dee1,50576 17 50935 20 51290 27 51649 30 52007 35 52367 36 52726 38 53086 39 53445 41 53805 42 54165 42 54524 44 54884 45 55242 47 55602 47 55961 49 56321 49 56681 50 57041 50 57400 52 57760 52 58120 52 58480 53 58840 53 59200 53 59560 54 59920 54 60280 54 60641 53 61001 54 61362 53 61723 52 62083 52 62444 51 62804 51 63165 50 63525 49 63886 48 64247 47 64608 45 64969 44 65330 43 65691 41 66053 38 66415 35 66776 33 67140 28 67502 24 67863 19 68226 11
b6edad733399c83c8eb7a59c0d37b54e10cc0d59894e39ff843884d84f61dee1,104401 1 104761 2 105121 2 105481 3 105841 3 106201 4 106561 4 106921 4 107281 4 107641 4 108001 4 108361 4 108721 4 109081 4 109441 4 109801 4 110161 4 110521 4 110881 4 111241 4 111601 3 111961 2
b6edad733399c83c8eb7a59c0d37b54e10cc0d59894e39ff843884d84f61dee1,1993 7 2352 9 2712 10 3072 10 3432 10 3792 10 4152 10 4512 9 4873 7
b6edad733399c83c8eb7a59c0d37b54e10cc0d59894e39ff843884d84f61dee1,70561 4 70921 6 71281 8 71641 11 72001 12 72361 14 72721 15 73081 17 73441 18 73801 18 74161 19 74521 19 74881 19 75241 19 75601 20 75961 20 76321 21 76681 21 77041 21 77401 21 77761 21 78121 21 78481 21 78841 21 79201 21 79561 21 79921 21 80281 21 80641 21 81001 20 81361 20 81721 20 82081 20 82441 20 82801 20 83161 20 83521 20 83881 20 84241 20 84601 20 84961 20 85321 20 85681 20 86041 20 86401 20 86761 20 87121 20 87481 20 87841 20 88201 19 88561 19 88921 19 89281 19 89641 18 90001 18 90361 17 90721 15 91082 12
b6edad733399c83c8eb7a59c0d37b54e10cc0d59894e39ff843884d84f61dee1,44594 8 44951 14 45309 21 45667 25 46025 30 46384 36 46743 39 47102 42 47461 44 47820 46 48180 47 48539 50 48899 51 49259 52 49619 53 49979 53 50339 54 50699 55 51060 55 51420 55 51780 56 52140 56 52501 55 52861 56 53222 55 53583 54 53944 53 54305 53 54666 52 55027 52 55388 51 55749 50 56111 48 56473 46 56834 45 57196 43 57557 42 57920 39 58282 36 58644 34 59007 31 59369 28 59731 25 60094 21 60458 16 60819 14
b6edad733399c83c8eb7a59c0d37b54e10cc0d59894e39ff843884d84f61dee1,19439 2 19798 3 20158 3 20517 4 20876 5 21236 5 21596 5 21955 6 22314 7 22674 7 23034 7 23393 8 23752 9 24112 9 24472 9 24832 9 25192 9 25552 9 25912 9 26272 9 26632 9 26992 9 27352 9 27712 9 28072 9 28433 8 28793 8 29154 7 29514 7 29874 7 30235 6 30596 5 30959 2
b6edad733399c83c8eb7a59c0d37b54e10cc0d59894e39ff843884d84f61dee1,62760 13 63119 18 63477 22 63835 28 64194 31 64554 32 64913 34 65272 36 65631 38 65991 38 66351 39 66711 39 67071 40 67430 42 67790 43 68150 44 68510 45 68870 47 69230 48 69590 49 69950 50 70310 50 70670 51 71030 52 71390 52 71749 53 72109 54 72469 55 72829 56 73189 56 73548 57 73908 58 74268 58 74627 59 74987 59 75347 59 75707 59 76067 60 76427 60 76787 60 77147 60 77507 60 77868 59 78228 58 78588 57 78948 57 79308 57 79668 56 80029 54 80389 54 80750 52 81111 51 81472 49 81833 47 82193 47 82554 45 82916 42 83277 40 83637 39 83998 36 84359 34 84720 33 85081 31 85442 29 85803 27 86165 23 86528 14
