b82548ab19466b461614e6055aaf49fbc24c03a2d20e65575b680c7c28268807,46931 2 47184 7 47439 10 47694 13 47950 13 48206 13 48462 14 48718 14 48974 14 49231 13 49487 13 49744 12 50001 11 50258 9 50515 7 50773 2
b82548ab19466b461614e6055aaf49fbc24c03a2d20e65575b680c7c28268807,6327 6 6582 8 6837 9 7092 11 7348 11 7604 11 7861 10 8117 10 8374 9 8631 7 8888 5
b82548ab19466b461614e6055aaf49fbc24c03a2d20e65575b680c7c28268807,193 12 449 12 707 10 966 6 1223 3
b82548ab19466b461614e6055aaf49fbc24c03a2d20e65575b680c7c28268807,41366 5 41620 8 41874 11 42129 12 42384 13 42640 13 42895 14 43151 14 43406 14 43662 13 43918 12 44174 12 44431 9 44688 6
b82548ab19466b461614e6055aaf49fbc24c03a2d20e65575b680c7c28268807,706 1 960 6 1215 8 1470 10 1725 12 1981 12 2236 13 2492 13 2748 13 3004 13 3260 13 3516 13 3772 13 4028 12 4284 12 4541 10 4798 8 5054 7 5312 5
b82548ab19466b461614e6055aaf49fbc24c03a2d20e65575b680c7c28268807,11372 5 11627 7 11883 8 12139 8 12394 10 12650 10 12906 10 13162 11 13418 11 13675 10 13931 10 14188 9 14444 9 14701 8 14958 6 15215 4
b82548ab19466b461614e6055aaf49fbc24c03a2d20e65575b680c7c28268807,12732 6 12983 13 13237 17 13493 17 13749 17 14005 18 14261 18 14517 18 14773 18 15030 17 15286 16 15544 13 15804 7
b82548ab19466b461614e6055aaf49fbc24c03a2d20e65575b680c7c28268807,16637 4 16893 4 17147 6 17403 6 17659 6 17915 6 18171 6 18427 6 18683 6 18940 5 19197 4
b82548ab19466b461614e6055aaf49fbc24c03a2d20e65575b680c7c28268807,20804 5 21059 7 21315 8 21570 9 21826 10 22082 10 22338 10 22594 10 22851 9 23107 9 23363 9 23620 7 23876 7 24134 4
b82548ab19466b461614e6055aaf49fbc24c03a2d20e65575b680c7c28268807,115 9 371 10 627 10 883 10 1138 11 1395 10 1651 11 1907 11 2163 11 2420 10 2676 10 2932 10 3189 9 3446 7 3704 3
b82548ab19466b461614e6055aaf49fbc24c03a2d20e65575b680c7c28268807,44340 3 44595 7 44851 7 45106 9 45362 9 45618 10 45874 10 46130 11 46387 10 46643 10 46900 9 47157 8 47414 6 47672 2
b82548ab19466b461614e6055aaf49fbc24c03a2d20e65575b680c7c28268807,30901 5 31155 9 31410 11 31665 13 31921 15 32177 15 32433 15 32690 15 32946 15 33203 14 33459 14 33716 13 33973 12 34229 12 34486 10 34744 6
b82548ab19466b461614e6055aaf49fbc24c03a2d20e65575b680c7c28268807,57336 6 57591 8 57847 9 58102 10 58358 10 58614 10 58870 11 59126 11 59382 11 59638 11 59894 11 60150 11 60407 9 60663 9 60920 7 61178 3
b82548ab19466b461614e6055aaf49fbc24c03a2d20e65575b680c7c28268807,33922 7 34178 8 34433 10 34688 11 34944 11 35200 11 35456 12 35712 12 35968 12 36225 11 36481 11 36738 10 36994 10 37251 8 37508 6
b82548ab19466b461614e6055aaf49fbc24c03a2d20e65575b680c7c28268807,55371 6 55627 7 55882 9 56138 10 56394 11 56650 11 56906 11 57163 11 57419 10 57676 9 57933 8 58191 4
b82548ab19466b461614e6055aaf49fbc24c03a2d20e65575b680c7c28268807,33812 4 34067 6 34323 7 34578 9 34834 9 35090 10 35346 10 35603 9 35859 10 36116 9 36372 8 36629 7 36887 4
b82548ab19466b461614e6055aaf49fbc24c03a2d20e65575b680c7c28268807,35427 2 35681 6 35936 8 36192 9 36447 10 36703 11 36959 11 37216 10 37472 10 37728 10 37985 9 38241 9 38498 7 38755 5
b82548ab19466b461614e6055aaf49fbc24c03a2d20e65575b680c7c28268807,8256 5 8511 7 8767 7 9022 9 9277 10 9533 10 9789 10 10045 10 10301 10 10557 10 10813 9 11069 9 11326 7 11584 3
b82548ab19466b461614e6055aaf49fbc24c03a2d20e65575b680c7c28268807,58167 6 58422 7 58678 8 58934 9 59190 9 59446 10 59702 11 59958 11 60214 11 60470 12 60727 11 60983 11 61240 9 61496 9 61753 7 62011 4
b82548ab19466b461614e6055aaf49fbc24c03a2d20e65575b680c7c28268807,25 8 280 9 536 10 792 11 1049 11 1305 11 1561 11 1818 10 2074 10 2331 9 2587 9 2844 7 3100 6 3357 4
b82548ab19466b461614e6055aaf49fbc24c03a2d20e65575b680c7c28268807,34737 6 34992 8 35247 10 35503 11 35759 11 36016 10 36272 10 36529 8 36787 4
b82548ab19466b461614e6055aaf49fbc24c03a2d20e65575b680c7c28268807,32628 5 32883 7 33138 9 33394 10 33650 11 33906 11 34162 12 34418 12 34674 13 34930 12 35187 11 35443 11 35700 10 35956 10 36213 9 36470 8 36727 6
b82548ab19466b461614e6055aaf49fbc24c03a2d20e65575b680c7c28268807,17679 5 17934 8 18190 8 18445 10 18701 10 18957 10 19213 11 19469 11 19725 11 19981 10 20237 10 20493 10 20750 8 21007 7 21264 4
b82548ab19466b461614e6055aaf49fbc24c03a2d20e65575b680c7c28268807,61918 3 62172 6 62427 8 62683 9 62938 11 63194 11 63450 12 63706 12 63962 12 64219 11 64475 11 64731 10 64987 10 65244 7 65503 2
b82548ab19466b461614e6055aaf49fbc24c03a2d20e65575b680c7c28268807,43265 1 43521 3 43777 3 44033 4 44289 4 44545 5 44801 5 45057 5 45313 5 45569 5 45825 5 46081 5 46337 4 46593 4 46849 3
b82548ab19466b461614e6055aaf49fbc24c03a2d20e65575b680c7c28268807,64948 7 65202 10 65458 10
b82548ab19466b461614e6055aaf49fbc24c03a2d20e65575b680c7c28268807,47027 5 47282 7 47536 10 47791 12 48046 13 48302 13 48557 14 48814 12 49071 10 49327 9 49584 7 49842 3
b82548ab19466b461614e6055aaf49fbc24c03a2d20e65575b680c7c28268807,11938 5 12192 8 12447 10 12702 11 12958 11 13214 12 13470 11 13726 11 13982 10 14239 9 14496 7 14753 5
b82548ab19466b461614e6055aaf49fbc24c03a2d20e65575b680c7c28268807,33521 6 33777 8 34033 9 34289 10 34545 10 34801 11 35058 11 35314 11 35570 11 35827 10 36083 10 36340 9 36597 7
b82548ab19466b461614e6055aaf49fbc24c03a2d20e65575b680c7c28268807,29158 4 29413 5 29669 6 29925 6 30181 7 30437 7 30693 8 30949 8 31205 9 31461 9 31717 10 31974 9 32230 9 32487 8 32744 7 33000 7 33257 5
b82548ab19466b461614e6055aaf49fbc24c03a2d20e65575b680c7c28268807,26228 7 26482 11 26737 13 26993 14 27248 16 27504 16 27760 16 28016 16 28272 16 28528 16 28785 16 29041 16 29298 14 29555 13 29812 12 30068 11 30326 9
b82548ab19466b461614e6055aaf49fbc24c03a2d20e65575b680c7c28268807,12152 6 12407 9 12662 10 12917 12 13174 12 13430 12 13686 13 13942 13 14199 12 14456 11 14712 11 14970 9 15227 7 15484 5
b82548ab19466b461614e6055aaf49fbc24c03a2d20e65575b680c7c28268807,41409 4 41663 8 41918 10 42174 11 42430 11 42685 12 42942 10 43199 9 43457 7
b82548ab19466b461614e6055aaf49fbc24c03a2d20e65575b680c7c28268807,6911 2 7167 2 7422 3 7677 4 7932 5 8187 6 8442 7 8698 7 8954 7 9210 7 9467 6 9724 5 9981 3
b82548ab19466b461614e6055aaf49fbc24c03a2d20e65575b680c7c28268807,29237 3 29491 7 29746 10 30001 12 30257 13 30514 13 30770 13 31026 14 31283 13 31540 12 31797 10 32054 9 32312 6
b82548ab19466b461614e6055aaf49fbc24c03a2d20e65575b680c7c28268807,13042 3 13296 6 13551 8 13806 9 14061 10 14317 11 14573 11 14828 12 15085 11 15341 11 15597 11 15853 10 16109 10 16366 9 16623 8 16880 5
b82548ab19466b461614e6055aaf49fbc24c03a2d20e65575b680c7c28268807,56342 6 56597 9 56853 11 57109 12 57365 13 57621 14 57878 13 58134 14 58391 13 58648 12 58905 10 59163 7 59422 2
