b8fdc02d915206bb2564e1f7da962f2b9d9d491b11afa00a76622b7932366480,9695 6 9949 9 10204 11 10460 12 10716 13 10971 14 11227 14 11483 13 11739 13 11995 13 12251 13 12508 12 12765 10 13023 8 13281 5
b8fdc02d915206bb2564e1f7da962f2b9d9d491b11afa00a76622b7932366480,60729 4 60984 6 61238 8 61493 9 61749 9 62004 11 62260 12 62516 12 62772 12 63028 12 63284 12 63540 12 63796 12 64052 11 64309 9 64565 8 64822 6 65080 3
b8fdc02d915206bb2564e1f7da962f2b9d9d491b11afa00a76622b7932366480,59230 5 59484 8 59739 11 59995 12 60250 13 60506 14 60762 16 61018 17 61274 17 61530 17 61786 17 62042 17 62299 16 62555 16 62812 15 63068 14 63324 13 63581 12 63838 11 64095 9 64354 5
b8fdc02d915206bb2564e1f7da962f2b9d9d491b11afa00a76622b7932366480,2049 5 2305 6 2561 9 2817 10 3073 11 3329 11 3585 11 3841 11 4097 11 4353 11 4609 11 4865 11 5121 10 5377 9 5633 8
b8fdc02d915206bb2564e1f7da962f2b9d9d491b11afa00a76622b7932366480,50561 9 50815 12 51070 14 51326 15 51582 18 51837 20 52093 20 52349 20 52605 20 52861 20 53118 19 53374 18 53631 16 53888 15 54145 13 54402 11 54661 5
b8fdc02d915206bb2564e1f7da962f2b9d9d491b11afa00a76622b7932366480,36869 4 37124 8 37379 15 37396 3 37634 22 37890 22 38146 23 38402 23 38658 23 38915 22 39171 22 39428 21 39684 21 39941 19 40197 17 40454 15 40712 10 40969 7
b8fdc02d915206bb2564e1f7da962f2b9d9d491b11afa00a76622b7932366480,46100 8 46355 10 46611 11 46866 12 47122 13 47378 13 47634 13 47890 13 48146 13 48403 12 48659 12 48916 11 49173 10 49430 8 49687 6 49946 2
b8fdc02d915206bb2564e1f7da962f2b9d9d491b11afa00a76622b7932366480,49209 8 49463 11 49717 14 49972 15 50228 15 50485 15 50741 15 50997 15 51253 15 51510 14 51766 14 52023 12 52279 12 52536 11 52793 10 53051 7 53309 4
b8fdc02d915206bb2564e1f7da962f2b9d9d491b11afa00a76622b7932366480,40449 2 40705 3 40961 4 41217 5 41473 5 41729 6 41985 6 42241 6 42497 7 42753 7 43009 7 43265 7 43521 7 43777 7 44033 6 44289 4 44545 3 44801 2
b8fdc02d915206bb2564e1f7da962f2b9d9d491b11afa00a76622b7932366480,35326 3 35581 4 35836 5 36090 7 36345 8 36601 8 36857 8 37113 8 37369 8 37625 8 37881 8 38138 7 38395 6 38652 5 38911 2
b8fdc02d915206bb2564e1f7da962f2b9d9d491b11afa00a76622b7932366480,19185 7 19440 12 19695 14 19951 15 20206 17 20461 19 20717 20 20972 21 21228 21 21484 21 21740 21 21996 21 22252 21 22508 21 22765 18 23021 17 23278 15 23535 13 23792 11 24050 9 24308 6
b8fdc02d915206bb2564e1f7da962f2b9d9d491b11afa00a76622b7932366480,53611 3 53862 10 54117 13 54372 15 54627 18 54883 19 55139 19 55394 21 55650 21 55906 21 56163 20 56419 20 56676 18 56932 17 57189 15 57447 12 57705 7
b8fdc02d915206bb2564e1f7da962f2b9d9d491b11afa00a76622b7932366480,48373 6 48626 10 48881 12 49136 14 49391 16 49646 17 49902 17 50158 17 50414 17 50671 16 50927 16 51183 16 51440 15 51697 13 51954 11 52211 9 52470 3
b8fdc02d915206bb2564e1f7da962f2b9d9d491b11afa00a76622b7932366480,25580 2 25834 7 26089 10 26344 12 26599 14 26854 16 27109 18 27364 19 27619 20 27875 20 28131 21 28387 21 28643 21 28899 21 29155 21 29411 20 29666 20 29922 20 30179 18 30435 18 30692 16 30949 14 31206 11 31463 8
b8fdc02d915206bb2564e1f7da962f2b9d9d491b11afa00a76622b7932366480,58056 3 58311 5 58565 8 58820 10 59076 11 59332 12 59588 12 59844 13 60100 13 60356 13 60612 14 60868 14 61124 14 61380 13 61637 11 61893 10 62150 8 62407 6
b8fdc02d915206bb2564e1f7da962f2b9d9d491b11afa00a76622b7932366480,56029 6 56282 11 56537 13 56792 15 57048 15 57303 16 57559 16 57816 15 58073 14 58330 13 58587 12 58844 11 59102 8 59360 3
b8fdc02d915206bb2564e1f7da962f2b9d9d491b11afa00a76622b7932366480,63354 10 63609 12 63864 13 64120 13 64376 13 64631 15 64887 15 65143 16 65399 16
b8fdc02d915206bb2564e1f7da962f2b9d9d491b11afa00a76622b7932366480,52760 8 53015 11 53031 5 53270 13 53286 8 53525 26 53781 27 54037 27 54293 27 54549 26 54805 26 55062 24 55319 23 55576 21 55833 20 56091 17 56356 6
b8fdc02d915206bb2564e1f7da962f2b9d9d491b11afa00a76622b7932366480,40176 9 40430 12 40685 15 40940 17 41195 18 41451 19 41707 19 41962 21 42218 22 42474 23 42731 22 42987 22 43244 21 43500 21 43757 18 44014 16 44271 14 44528 12 44787 6
b8fdc02d915206bb2564e1f7da962f2b9d9d491b11afa00a76622b7932366480,59140 5 59393 9 59649 10 59905 11 60161 11 60417 12 60673 12 60929 12 61185 11 61441 11 61697 10 61953 9 62209 9 62465 8 62721 7 62977 6 63233 5 63489 3
b8fdc02d915206bb2564e1f7da962f2b9d9d491b11afa00a76622b7932366480,11257 4 11512 8 11767 10 12022 11 12277 12 12532 13 12788 13 13044 13 13300 13 13556 13 13813 12 14069 12 14326 11 14583 8
