bb481eae02085bbae08742f702b9ab7d8b2ff9df2fbefeee9fac51f7c77dd01f,13853 8 14106 13 14359 17 14614 19 14870 19 15125 20 15381 21 15637 21 15893 20 16149 20 16405 20 16661 20 16917 20 17173 20 17429 20 17686 19 17943 18 18199 18 18456 16 18713 14 18970 12 19228 8
bb481eae02085bbae08742f702b9ab7d8b2ff9df2fbefeee9fac51f7c77dd01f,34365 7 34619 11 34874 13 35129 15 35385 16 35640 17 35896 18 36152 18 36408 18 36664 18 36920 18 37176 18 37432 17 37688 16 37945 14 38203 11 38461 8
bb481eae02085bbae08742f702b9ab7d8b2ff9df2fbefeee9fac51f7c77dd01f,4708 3 4961 7 5215 10 5470 13 5724 16 5979 17 6234 19 6489 20 6745 20 7001 20 7257 20 7513 20 7769 19 8025 18 8282 16 8538 15 8795 14 9052 12 9313 6 9572 2
bb481eae02085bbae08742f702b9ab7d8b2ff9df2fbefeee9fac51f7c77dd01f,37172 3 37427 5 37683 5 37938 7 38193 10 38448 13 38703 15 38959 15 39214 16 39470 16 39726 16 39982 15 40238 15 40494 14 40750 12 41007 9 41264 7 41521 5 41778 3
bb481eae02085bbae08742f702b9ab7d8b2ff9df2fbefeee9fac51f7c77dd01f,61405 4 61657 9 61912 11 62167 15 62422 17 62677 19 62932 20 63187 22 63442 23 63698 23 63955 22 64212 20 64469 18 64725 18 64981 17 65238 16 65495 14
bb481eae02085bbae08742f702b9ab7d8b2ff9df2fbefeee9fac51f7c77dd01f,33802 2 34056 5 34311 10 34567 12 34822 14 35078 15 35334 16 35590 18 35847 22 36103 23 36359 23 36615 24 36872 23 37129 22 37386 20 37643 19 37900 17 38156 15 38412 12 38668 11 38925 7
bb481eae02085bbae08742f702b9ab7d8b2ff9df2fbefeee9fac51f7c77dd01f,61711 3 61966 6 62222 8 62477 10 62732 12 62987 13 63243 14 63498 15 63754 16 64010 16 64267 14 64524 12 64784 7 65042 3
bb481eae02085bbae08742f702b9ab7d8b2ff9df2fbefeee9fac51f7c77dd01f,1840 5 2095 7 2350 9 2606 10 2861 12 3116 13 3372 13 3628 13 3884 14 4140 14 4395 15 4650 17 4906 17 5162 17 5418 17 5674 17 5930 17 6186 16 6442 13 6699 11 6956 9 7212 8 7468 6 7725 4
bb481eae02085bbae08742f702b9ab7d8b2ff9df2fbefeee9fac51f7c77dd01f,10559 2 10570 2 10814 6 10825 4 11070 15 11326 15 11582 14 11838 13 12095 11 12352 7
bb481eae02085bbae08742f702b9ab7d8b2ff9df2fbefeee9fac51f7c77dd01f,35759 5 36014 10 36269 12 36524 14 36779 16 37035 17 37291 17 37547 17 37803 18 38059 18 38315 18 38571 17 38828 16 39087 13 39346 9 39605 3
bb481eae02085bbae08742f702b9ab7d8b2ff9df2fbefeee9fac51f7c77dd01f,41755 3 42009 9 42263 12 42518 15 42774 16 43029 18 43285 18 43540 20 43796 21 44052 22 44308 22 44563 23 44819 23 45075 23 45331 22 45587 22 45844 20 46101 19 46358 18 46615 16 46877 8 47135 5
bb481eae02085bbae08742f702b9ab7d8b2ff9df2fbefeee9fac51f7c77dd01f,42049 7 42302 12 42557 14 42812 16 43068 17 43323 18 43579 19 43834 20 44090 20 44346 19 44602 19 44858 19 45114 18 45370 18 45627 17 45884 16 46141 14 46398 12 46655 9
bb481eae02085bbae08742f702b9ab7d8b2ff9df2fbefeee9fac51f7c77dd01f,6112 2 6365 7 6619 10 6874 12 7130 13 7386 13 7642 13 7899 13 8155 13 8412 11 8669 8
bb481eae02085bbae08742f702b9ab7d8b2ff9df2fbefeee9fac51f7c77dd01f,23390 3 23644 6 23898 9 24153 11 24408 13 24664 14 24919 15 25175 15 25430 17 25686 18 25942 18 26197 20 26452 21 26708 21 26965 19 27221 19 27478 18 27735 16 27992 15 28248 14 28505 10 28763 6
bb481eae02085bbae08742f702b9ab7d8b2ff9df2fbefeee9fac51f7c77dd01f,29250 8 29505 10 29759 13 30014 16 30270 17 30525 18 30780 20 31035 21 31291 21 31547 21 31803 21 32059 21 32315 20 32572 19 32828 18 33085 16 33341 15 33597 14 33853 13 34109 12 34372 4 34630 1
bb481eae02085bbae08742f702b9ab7d8b2ff9df2fbefeee9fac51f7c77dd01f,19465 3 19719 8 19972 12 20226 15 20481 17 20737 17 20993 17 21249 16 21505 15 21761 15 22017 14 22273 14 22529 13 22785 12 23041 11 23297 8 23555 4
bb481eae02085bbae08742f702b9ab7d8b2ff9df2fbefeee9fac51f7c77dd01f,1253 4 1260 7 1508 16 1764 16 2020 16 2276 16 2532 16 2788 16 3044 16 3300 15 3556 14 3812 13 4069 11 4327 8 4585 2
bb481eae02085bbae08742f702b9ab7d8b2ff9df2fbefeee9fac51f7c77dd01f,26113 3 26369 7 26625 8 26881 9 27137 10 27393 11 27649 11 27905 11 28161 11 28417 11 28673 11 28929 10 29185 10 29441 9 29697 8 29953 7 30210 4 30467 2
bb481eae02085bbae08742f702b9ab7d8b2ff9df2fbefeee9fac51f7c77dd01f,14409 5 14664 7 14919 8 15174 8 15429 8 15685 8 15940 9 16196 10 16452 11 16708 12 16965 11 17222 10 17479 8 17736 6
bb481eae02085bbae08742f702b9ab7d8b2ff9df2fbefeee9fac51f7c77dd01f,34647 6 34901 10 35155 13 35410 15 35665 16 35920 18 36176 18 36431 20 36687 20 36943 20 37199 20 37455 20 37711 20 37967 19 38223 19 38480 18 38736 18 38993 16 39250 15 39507 13 39765 10 40023 6
bb481eae02085bbae08742f702b9ab7d8b2ff9df2fbefeee9fac51f7c77dd01f,28187 7 28439 12 28694 14 28950 15 29205 20 29461 21 29718 20 29974 21 30230 21 30486 22 30743 21 30999 21 31256 20 31513 18 31770 16 32029 11 32287 8 32545 4
bb481eae02085bbae08742f702b9ab7d8b2ff9df2fbefeee9fac51f7c77dd01f,251 6 507 6 764 5 1021 4 1277 4 1534 3
bb481eae02085bbae08742f702b9ab7d8b2ff9df2fbefeee9fac51f7c77dd01f,21552 2 21804 10 22058 14 22313 16 22568 18 22824 19 23079 21 23334 22 23590 22 23845 23 24101 23 24356 24 24612 24 24869 22 25125 21 25381 21 25638 20 25895 19 26152 18 26409 18 26665 19 26921 20 27177 20 27433 20 27689 20 27945 20 28201 19 28458 18 28714 18 28971 17 29228 16 29486 13 29744 10
bb481eae02085bbae08742f702b9ab7d8b2ff9df2fbefeee9fac51f7c77dd01f,50177 1 50433 4 50689 5 50945 6 51201 6 51457 7 51713 8 51969 9 52225 9 52481 9 52737 10 52993 11 53249 12 53505 12 53761 11 54017 11 54273 10 54529 10 54785 9 55041 9 55297 8 55553 8 55809 7 56065 5 56321 4
bb481eae02085bbae08742f702b9ab7d8b2ff9df2fbefeee9fac51f7c77dd01f,34856 8 35111 10 35367 11 35623 12 35878 13 36133 14 36389 14 36644 15 36900 15 37156 15 37412 15 37668 15 37925 13 38181 12 38437 11 38694 9 38951 6 39208 4
bb481eae02085bbae08742f702b9ab7d8b2ff9df2fbefeee9fac51f7c77dd01f,1537 1 1793 2 2049 2 2305 3 2561 3 2817 4 3073 4 3329 4 3585 3 3841 2 4097 1 4353 1 4609 1 4865 1 5121 1
