bbfc4aab5645637680fa0ef00925eea733b93099f1944c0aea09b78af1d4eef2,81311 3 81827 10 82346 12 82866 14 83385 16 83905 17 84425 17 84945 17 85465 18 85985 18 86505 18 87025 18 87545 18 88065 18 88585 18 89105 18 89625 18 90146 17 90666 17 91186 17 91706 16 92226 16 92746 16 93267 15 93787 15 94307 14 94827 14 95348 13 95868 12 96389 11 96909 10 97430 7
bbfc4aab5645637680fa0ef00925eea733b93099f1944c0aea09b78af1d4eef2,211335 7 211854 9 212372 12 212891 15 213411 16 213931 17 214451 17 214971 18 215491 18 216011 18 216532 18 217052 18 217572 18 218092 18 218612 17 219133 15 219654 14 220175 12 220696 11 221218 8 221742 3
bbfc4aab5645637680fa0ef00925eea733b93099f1944c0aea09b78af1d4eef2,224187 11 224706 15 224730 7 225224 35 225743 37 226263 38 226782 40 227302 40 227821 42 228341 42 228861 42 229381 42 229902 41 230422 41 230943 39 231464 38 231984 38 232505 36 233026 34 233547 32 234067 31 234588 29 235109 27 235631 24 236153 20 236677 14 237204 2
bbfc4aab5645637680fa0ef00925eea733b93099f1944c0aea09b78af1d4eef2,217070 5 217590 9 218110 10 218629 11 219148 13 219668 13 220187 14 220707 14 221226 15 221746 15 222266 14 222786 13 223306 13 223827 11 224348 7
bbfc4aab5645637680fa0ef00925eea733b93099f1944c0aea09b78af1d4eef2,5456 3 5974 7 6493 9 7013 12 7027 5 7533 20 8053 21 8573 21 9094 21 9614 22 10135 21 10656 20 11176 21 11697 20 12218 19 12738 19 13258 19 13778 19 14298 19 14818 19 15337 19 15857 19 16377 19 16897 18 17417 18 17938 16 18458 16 18979 14 19499 13 20020 11 20542 7
bbfc4aab5645637680fa0ef00925eea733b93099f1944c0aea09b78af1d4eef2,46765 8 47284 12 47804 14 48323 16 48843 17 49363 18 49883 19 50403 20 50923 23 51443 24 51963 24 52483 24 53004 23 53524 23 54045 21 54566 19 55087 17 55617 6
bbfc4aab5645637680fa0ef00925eea733b93099f1944c0aea09b78af1d4eef2,187515 4 188032 10 188551 12 189070 14 189590 15 190109 16 190628 18 191147 19 191667 19 192186 21 192706 21 193226 22 193746 22 194266 22 194786 22 195307 21 195828 19 196350 16 196873 13 197395 10
bbfc4aab5645637680fa0ef00925eea733b93099f1944c0aea09b78af1d4eef2,161034 7 161553 10 162072 12 162592 16 163111 19 163631 20 164151 21 164671 22 165191 22 165711 23 166231 23 166751 23 167272 21 167793 20 168313 20 168833 19 169353 19 169874 17 170395 16 170916 14 171438 11 171961 5
bbfc4aab5645637680fa0ef00925eea733b93099f1944c0aea09b78af1d4eef2,101404 7 101921 12 102441 13 102961 14 103481 14 104001 15 104521 15 105041 15 105561 16 106081 16 106601 16 107121 17 107641 17 108161 17 108681 17 109201 16 109721 16 110241 15 110761 15 111281 15 111801 15 112321 15 112841 14 113361 13 113881 11
bbfc4aab5645637680fa0ef00925eea733b93099f1944c0aea09b78af1d4eef2,40546 6 41054 19 41573 20 42092 21 42611 22 43131 23 43651 23 44172 22 44693 21 45213 21 45734 20 46255 18 46777 16 47300 12 47822 8
bbfc4aab5645637680fa0ef00925eea733b93099f1944c0aea09b78af1d4eef2,171688 10 172205 15 172722 19 173240 22 173759 23 174278 24 174797 25 175317 25 175837 24 176357 23 176878 21 177399 18 177920 15 178442 8
bbfc4aab5645637680fa0ef00925eea733b93099f1944c0aea09b78af1d4eef2,116481 2 117001 3 117521 9 118041 11 118561 13 119081 14 119601 14 120121 15 120641 15 121161 15 121681 15 122201 15 122721 14 123241 13 123761 12 124281 9
