bc115ff727e997a88f7cfe4ce817745731a6c753cb9fab6a36e7e66b415a1d3d,111 75 471 75 831 75 1192 73 1552 72 1912 71 2272 70 2633 69 2994 66 3354 65 3715 63 4076 61 4437 58 4798 55 5158 54 5520 51 5882 46 6243 44 6604 41 6966 37 7330 30 7691 29 8075 4
bc115ff727e997a88f7cfe4ce817745731a6c753cb9fab6a36e7e66b415a1d3d,62688 14 63044 21 63403 25 63762 29 64120 33 64479 36 64836 41 65196 44 65556 45 65915 47 66275 48 66634 51 66994 51 67354 52 67714 52 68073 55 68433 55 68793 56 69153 56 69512 59 69873 58 70233 59 70592 61 70953 61 71313 62 71673 62 72033 63 72393 64 72754 63 73114 63 73474 63 73835 62 74196 61 74556 61 74917 60 75278 59 75639 58 75999 58 76361 55 76722 54 77083 53 77445 51 77806 49 78168 47 78530 45 78891 43 79254 39 79615 37 79976 34 80338 31 80706 20 81069 16
bc115ff727e997a88f7cfe4ce817745731a6c753cb9fab6a36e7e66b415a1d3d,286 32 646 32 1006 31 1368 29 1729 27 2089 27 2449 27 2810 26 3171 24 3532 23 3892 22 4254 20 4615 18 4976 16 5338 13 5698 11
bc115ff727e997a88f7cfe4ce817745731a6c753cb9fab6a36e7e66b415a1d3d,43741 5 44099 14 44458 19 44815 26 45175 30 45533 36 45890 43 46249 46 46607 49 46966 51 47325 53 47683 56 48041 59 48400 61 48759 62 49119 63 49478 64 49838 65 50197 66 50556 68 50915 70 51274 71 51634 71 51994 71 52354 71 52714 71 53074 71 53434 72 53794 72 54154 72 54514 72 54874 72 55234 72 55594 72 55954 72 56314 72 56674 72 57035 71 57395 71 57757 69 58117 69 58478 68 58838 68 59201 65 59563 63 59925 61 60286 60 60648 57 61011 54 61373 52 61736 49 62098 46 62458 46 62818 45 63179 43 63540 41 63903 38 64265 36 64626 34 64986 33 65348 30 65708 29 66068 29 66429 25 66790 22 67152 18 67514 13 67880 2
bc115ff727e997a88f7cfe4ce817745731a6c753cb9fab6a36e7e66b415a1d3d,40321 3 40681 4 41041 4 41401 5 41761 6 42121 7 42481 8 42841 8 43201 9 43561 11 43921 12 44281 12 44641 13 45001 15 45361 16 45721 17 46081 18 46441 19 46801 20 47161 20 47521 21 47881 22 48241 23 48601 23 48961 24 49321 24 49681 25 50041 25 50401 26 50761 27 51121 27 51481 27 51841 28 52201 28 52561 28 52921 28 53281 28 53641 28 54001 28 54361 28 54721 28 55081 28 55441 28 55801 28 56161 28 56521 28 56881 27 57241 27 57601 27 57961 26 58321 26 58681 26 59041 25 59401 25 59761 24 60121 24 60481 23 60841 22 61201 20 61562 19 61925 13 62285 12 62645 3
bc115ff727e997a88f7cfe4ce817745731a6c753cb9fab6a36e7e66b415a1d3d,25042 16 25060 4 25397 4 25402 23 25754 33 26112 37 26470 40 26830 42 27189 44 27548 45 27905 50 28263 52 28622 54 28982 55 29339 59 29698 61 30058 61 30417 63 30775 66 31134 68 31494 68 31854 69 32213 70 32572 72 32932 72 33292 73 33651 74 34011 75 34371 75 34731 76 35091 76 35451 77 35811 77 36171 78 36531 78 36891 78 37251 78 37612 77 37972 77 38333 76 38693 76 39054 75 39415 74 39776 73 40137 72 40500 69 40862 67 41224 65 41586 63 41950 58 42312 56 42673 54 43035 51 43399 46 43761 42 44123 39 44486 35 44852 24 45216 18 45581 11
bc115ff727e997a88f7cfe4ce817745731a6c753cb9fab6a36e7e66b415a1d3d,21240 1 21600 1 21960 1 26280 1 26640 1 27000 1 27359 2 27719 2 28079 2 28439 2 28799 2 29159 2 29518 3 29878 3 30238 3 30598 3 30958 3 31318 3 31678 3 32038 3 32398 3 32758 3 33118 3 33478 3 33838 3 34198 3 34558 3 34918 3 35278 3 35638 3 35998 3 36358 3 36719 2 37079 2 37440 1
bc115ff727e997a88f7cfe4ce817745731a6c753cb9fab6a36e7e66b415a1d3d,105187 2 105190 6 105545 15 105904 18 106263 21 106622 24 106980 28 107339 32 107699 34 108058 37 108417 40 108777 42 109136 45 109496 47 109856 49 110215 51 110575 53 110934 54 111294 55 111654 57 112013 59 112373 59 112733 60 113093 61 113453 62 113813 63 114173 63 114533 64 114893 64 115254 63 115614 63 115975 63 116335 62 116695 63 117056 61 117416 62 117777 60 118137 60 118497 60 118859 57 119218 58 119579 56 119940 55 120300 54 120661 52 121022 51 121384 49 121744 48 122106 45 122467 44 122829 41 123190 39 123552 35 123914 32 124276 29 124637 25 125001 20 125363 15 125728 7
bc115ff727e997a88f7cfe4ce817745731a6c753cb9fab6a36e7e66b415a1d3d,20141 11 20498 16 20858 18 21217 20 21576 23 21936 24 22296 25 22655 26 23015 26 23375 26 23735 26 24095 26 24455 26 24815 26 25175 26 25536 25 25896 25 26257 23 26617 23 26978 22 27338 21 27699 20 28059 20 28419 20 28782 17 29144 9 29154 5 29505 13 29866 12 30228 10 30590 8 30952 5
bc115ff727e997a88f7cfe4ce817745731a6c753cb9fab6a36e7e66b415a1d3d,23475 22 23833 24 24191 28 24550 30 24909 32 25268 34 25627 37 25986 39 26346 40 26706 41 27066 42 27426 43 27785 45 28145 46 28505 47 28864 49 29224 49 29584 50 29944 51 30304 52 30664 53 31024 53 31384 53 31744 54 32105 54 32465 54 32825 54 33186 54 33546 55 33906 55 34266 55 34626 55 34987 54 35347 55 35707 55 36068 54 36428 54 36789 53 37149 53 37510 51 37870 51 38230 51 38591 50 38952 49 39312 49 39673 48 40034 47 40394 46 40754 46 41115 45 41475 45 41837 42 42198 41 42559 40 42919 40 43280 38 43642 36 44002 35 44363 34 44725 32 45086 30 45446 30 45807 28 46170 24 46530 23 46892 21 47253 18 47616 13
bc115ff727e997a88f7cfe4ce817745731a6c753cb9fab6a36e7e66b415a1d3d,12242 3 12602 3 12962 3 13321 6 13681 6 14041 7 14401 8 14761 9 15121 9 15481 9 15841 9 16201 11 16561 11 16921 11 17281 12 17641 12 18001 12 18361 12 18721 13 19081 13 19441 14 19801 14 20161 14 20521 14 20881 14 21241 14 21601 14 21961 15 22321 15 22681 15 23041 16 23401 16 23761 16 24121 16 24481 16 24841 16 25201 16 25561 16 25921 16 26281 16 26641 16 27001 16 27361 16 27721 16 28081 16 28441 16 28801 16 29161 16 29521 16 29881 16 30241 15 30601 15 30961 15 31321 14 31681 13 32041 13 32401 13 32761 12 33121 12 33481 12 33841 11 34201 10 34561 9 34921 8 35281 8 35641 7
bc115ff727e997a88f7cfe4ce817745731a6c753cb9fab6a36e7e66b415a1d3d,63898 5 64258 7 64617 9 64976 10 65336 12 65696 12 66055 13 66416 12 66777 11 67137 10 67497 10 67861 4
bc115ff727e997a88f7cfe4ce817745731a6c753cb9fab6a36e7e66b415a1d3d,62249 11 62607 18 62967 18 63322 26 63679 30 64034 36 64393 37 64750 40 65109 42 65466 45 65826 45 66185 47 66544 48 66903 49 67263 50 67622 51 67982 51 68341 52 68700 53 69060 53 69420 53 69779 54 70138 55 70498 55 70858 55 71218 55 71578 3 71582 51 71938 55 72298 3 72302 51 72658 54 73018 3 73022 50 73378 53 73738 52 74099 51 74459 50 74820 49 75181 48 75541 47 75902 46 76262 45 76623 43 76984 41 77344 41 77706 39 78066 37 78427 35 78788 33 79149 32 79510 28 79872 25 80233 23 80594 20 80958 12 81319 8
bc115ff727e997a88f7cfe4ce817745731a6c753cb9fab6a36e7e66b415a1d3d,84785 2 85147 1 85501 9 85861 9 86221 9 86581 9 86941 9 87301 9 87661 8 88022 5
bc115ff727e997a88f7cfe4ce817745731a6c753cb9fab6a36e7e66b415a1d3d,81243 4 81600 9 81950 21 82308 25 82665 32 83024 37 83382 41 83742 43 84097 52 84457 43 84501 12 84817 58 85176 60 85534 67 85894 69 86254 70 86613 72 86973 72 87332 74 87692 76 88051 78 88410 79 88770 80 89130 80 89490 80 89850 82 90210 82 90570 82 90930 83 91290 83 91650 83 92010 83 92370 84 92730 84 93090 84 93450 84 93810 84 94170 84 94530 84 94890 84 95250 84 95610 84 95970 84 96330 84 96692 82 97052 81 97413 80 97773 80 98134 79 98495 78 98856 76 99216 76 99578 74 99938 73 100298 73 100659 71 101021 68 101382 66 101742 65 102103 63 102465 58 102827 55 103190 50 103552 45 103920 32 104284 25 104650 8
bc115ff727e997a88f7cfe4ce817745731a6c753cb9fab6a36e7e66b415a1d3d,44168 9 44526 15 44885 16 45242 19 45602 17 45961 18 46321 18 46679 20 47038 21 47398 20 47757 21 48116 22 48475 23 48835 23 49195 22 49554 23 49914 23 50274 23 50634 23 50994 24 51353 25 51712 27 52072 27 52432 28 52792 28 53151 30 53511 30 53871 31 54231 32 54591 33 54951 34 55311 35 55671 37 56031 38 56392 37 56752 45 57112 45 57472 30 57503 14 57833 44 58193 45 58554 44 58914 44 59274 44 59635 43 59995 43 60356 42 60717 4 60722 36 61078 40 61438 40 61799 39 62160 38 62521 37 62882 36 63243 34 63605 32 63966 31 64326 31 64687 29 65048 28 65410 25 65771 23 66133 21 66495 18 66856 17 67218 13
bc115ff727e997a88f7cfe4ce817745731a6c753cb9fab6a36e7e66b415a1d3d,113402 21 113762 24 114121 26 114481 28 114841 29 115201 30 115561 32 115921 32 116281 35 116641 35 117001 35 117361 37 117721 38 118081 39 118441 39 118801 40 119161 40 119521 40 119881 40 120241 41 120601 41 120961 41 121321 40 121681 40 122041 39 122401 39 122761 38 123121 38 123481 37 123841 37 124201 35 124561 34 124921 32 125281 31 125641 30 126001 30 126361 28 126724 1 126726 20 127095 3 127103 1
bc115ff727e997a88f7cfe4ce817745731a6c753cb9fab6a36e7e66b415a1d3d,40594 7 40951 14 41309 18 41667 22 42026 23 42383 29 42742 31 43102 31 43462 27 43490 4 43820 35 44180 30 44211 5 44541 35 44901 36 45261 36 45619 38 45979 39 46339 39 46699 40 47059 40 47418 42 47778 42 48138 42 48498 42 48858 41 49217 42 49577 42 49937 42 50297 42 50657 41 51018 40 51378 40 51739 39 52099 38 52460 37 52820 37 53181 36 53541 35 53902 34 54263 33 54624 31 54985 15 55001 13 55346 14 55361 12 55708 25 56069 23 56429 20 56797 2
bc115ff727e997a88f7cfe4ce817745731a6c753cb9fab6a36e7e66b415a1d3d,104040 1 104398 3 104757 4 105116 5 105475 6 105834 7 106194 7 106554 7 106913 8 107273 8 107633 8 107992 9 108352 9 108711 10 109071 10 109431 10 109791 10 110151 10 110511 10 110871 10 111232 9 111592 9 111952 9 112312 9 112673 8 113034 7 113394 7 113754 7 114115 6 114475 6 114836 5 115197 4 115558 3 115919 2 116280 1 116640 1
bc115ff727e997a88f7cfe4ce817745731a6c753cb9fab6a36e7e66b415a1d3d,197 53 557 53 917 53 1277 53 1638 52 1998 52 2358 52 2719 50 3080 49 3441 48 3802 45 4162 45 4523 43 4884 42 5245 41 5605 40 5966 38 6327 36 6689 32 7050 31 7413 27 7774 24 8135 22 8498 18
bc115ff727e997a88f7cfe4ce817745731a6c753cb9fab6a36e7e66b415a1d3d,76677 1 76679 2 77032 9 77391 10 77749 12 78108 13 78467 14 78827 14 79187 14 79546 15 79905 16 80265 16 80625 16 80985 16 81345 16 81704 17 82064 17 82424 17 82784 17 83144 17 83505 16 83865 16 84224 17 84585 16 84945 16 85305 16 85665 16 86025 16 86384 17 86745 16 87104 17 87465 16 87825 16 88186 15 88546 15 88906 15 89266 15 89626 15 89986 15 90347 14 90707 14 91067 14 91427 14 91787 14 92147 14 92508 13 92868 13 93228 13 93590 11 93950 11 94311 10 94671 10 95033 8 95394 7 95754 7 96115 6 96475 6 96838 3 97200 1
bc115ff727e997a88f7cfe4ce817745731a6c753cb9fab6a36e7e66b415a1d3d,122255 20 122276 1 122609 1 122611 30 122956 48 123311 56 123668 61 124028 64 124385 68 124743 72 125101 76 125459 78 125817 80 126177 81 126536 83 126895 84 127254 86 127613 87 127973 87 128332 89 128692 89 129052 89 129411 91
