bde3727f3a9e8b2b58f383ebc762b2157eb50cdbff23e69b025418b43967556b,251270 4 251787 10 252305 13 252824 15 253343 17 253862 19 254381 21 254901 21 255421 21 255941 22 256460 23 256980 24 257500 25 258020 25 258540 25 259061 25 259581 25 260101 25 260621 25 261142 24 261662 25 262182 25 262702 25 263222 24 263743 23 264263 23 264783 23 265304 21 265825 20 266347 17 266869 14 267392 8
bde3727f3a9e8b2b58f383ebc762b2157eb50cdbff23e69b025418b43967556b,316012 8 316530 12 317048 15 317566 18 318085 20 318603 22 319121 25 319640 26 320160 26 320679 27 321198 28 321717 29 322237 28 322756 29 323276 29 323796 29 324316 29 324836 28 325356 27 325877 26 326397 26 326918 24 327438 23 327959 21 328480 19 329001 16 329523 11
bde3727f3a9e8b2b58f383ebc762b2157eb50cdbff23e69b025418b43967556b,356064 5 356583 8 357102 10 357619 13 358138 14 358657 16 359177 16 359696 17 360214 19 360733 19 361252 20 361772 20
bde3727f3a9e8b2b58f383ebc762b2157eb50cdbff23e69b025418b43967556b,21041 8 21560 11 22079 13 22598 15 23117 17 23637 18 24156 20 24676 21 25196 21 25716 22 26235 24 26755 24 27275 24 27794 25 28314 26 28834 26 29354 27 29874 27 30394 27 30914 28 31434 28 31955 27 32475 27 32995 27 33516 26 34036 25 34557 24 35077 24 35598 23 36118 22 36639 20 37160 18 37681 17 38202 15 38723 13 39245 9
bde3727f3a9e8b2b58f383ebc762b2157eb50cdbff23e69b025418b43967556b,46055 6 46573 10 47091 13 47610 15 48129 17 48648 19 49167 20 49686 22 50205 23 50724 24 51244 24 51763 26 52283 26 52803 26 53322 27 53842 27 54362 27 54882 27 55402 27 55922 27 56442 27 56962 27 57483 25 58003 25 58523 25 59044 23 59565 21 60086 20 60606 19 61127 17 61648 14 62169 12 62691 8 63214 2
bde3727f3a9e8b2b58f383ebc762b2157eb50cdbff23e69b025418b43967556b,355106 5 355624 9 356143 11 356662 14 357182 16 357702 17 358222 18 358742 19 359262 20 359782 20 360302 21 360823 21 361343 22 361863 22
bde3727f3a9e8b2b58f383ebc762b2157eb50cdbff23e69b025418b43967556b,226079 21 226595 28 227113 32 227632 35 228151 37 228670 40 229189 43 229708 45 230228 46 230748 47 231269 46 231790 45 232311 45 232831 45 233352 43 233873 42 234394 40 234915 38 235437 34 235958 30 236481 21
bde3727f3a9e8b2b58f383ebc762b2157eb50cdbff23e69b025418b43967556b,191722 8 192241 12 192758 17 193277 20 193794 24 194313 26 194831 28 195350 29 195869 30 196388 31 196906 33 197425 34 197944 35 198463 36 198983 36 199502 36 200022 36 200542 35 201062 34 201582 33 202101 33 202621 32 203142 31 203663 29 204184 27 204705 25 205226 23 205747 20
bde3727f3a9e8b2b58f383ebc762b2157eb50cdbff23e69b025418b43967556b,47476 4 47995 8 48513 12 49032 15 49551 17 50071 18 50591 19 51111 19 51631 20 52151 21 52671 21 53191 22 53711 22 54231 23 54751 24 55272 24 55792 26 56313 27 56833 31 57354 31 57876 29 58397 28 58918 27 59439 25 59960 23 60481 21 61002 19 61523 18 62045 16 62566 15 63087 14 63608 13 64129 11 64650 9
bde3727f3a9e8b2b58f383ebc762b2157eb50cdbff23e69b025418b43967556b,78397 6 78915 9 79434 11 79954 12 80473 14 80993 14 81512 16 82032 16 82552 17 83072 17 83592 18 84112 18 84632 18 85152 18 85673 18 86193 18 86713 18 87233 18 87753 19 88273 19 88793 19 89313 19 89834 18 90354 19 90874 19 91394 19 91915 18 92435 18 92956 17 93476 17 93997 16 94518 14 95038 14 95559 13 96079 12 96600 10 97122 7 97644 4
bde3727f3a9e8b2b58f383ebc762b2157eb50cdbff23e69b025418b43967556b,252563 2 253079 9 253598 11 254117 13 254636 15 255155 17 255675 18 256194 19 256714 20 257234 21 257753 23 258273 23 258793 24 259313 24 259832 25 260352 26 260872 26 261392 26 261912 26 262432 25 262952 25 263472 25 263992 25 264513 24 265033 23 265554 21 266074 21 266595 19 267116 17 267638 14 268160 11 268684 5
bde3727f3a9e8b2b58f383ebc762b2157eb50cdbff23e69b025418b43967556b,259797 4 260313 11 260831 15 261349 18 261868 20 262386 22 262905 24 263424 25 263943 26 264463 26 264982 27 265501 28 266020 29 266540 29 267059 30 267579 30 268098 30 268618 30 269138 29 269658 29 270178 28 270698 27 271218 26 271738 26 272258 25 272779 22 273300 20 273821 18 274342 15 274867 8
bde3727f3a9e8b2b58f383ebc762b2157eb50cdbff23e69b025418b43967556b,133478 3 133996 9 134515 12 135034 15 135554 16 136073 18 136592 20 137111 22 137631 23 138150 24 138669 26 139189 26 139709 26 140229 26 140749 26 141269 26 141788 27 142308 27 142828 28 143348 28 143868 28 144388 28 144909 28 145429 28 145949 28 146469 28 146989 28 147510 28 148030 27 148551 26 149071 26 149592 25 150113 24 150633 23 151154 22 151675 20 152195 20 152716 19 153236 18 153757 16 154277 16 154798 14 155319 13 155841 8 156363 3
bde3727f3a9e8b2b58f383ebc762b2157eb50cdbff23e69b025418b43967556b,137281 3 137801 4 138321 5 138841 6 139361 6 139881 7 140401 7 140921 7 141441 7 141961 7 142481 6 143001 6 143521 6 144041 6 144561 5 145081 5 145601 4 146121 4 146641 3
bde3727f3a9e8b2b58f383ebc762b2157eb50cdbff23e69b025418b43967556b,225845 8 226364 10 226883 11 227403 11 227922 12 228442 12 228961 14 229480 20 230000 22 230519 31 231039 34 231558 36 232078 37 232598 38 233118 38 233638 38 234158 38 234678 38 235199 37 235720 35 236241 33 236762 31 237285 26 237809 21 238332 16 238855 10
bde3727f3a9e8b2b58f383ebc762b2157eb50cdbff23e69b025418b43967556b,301327 6 301845 11 302363 16 302882 19 303401 22 303921 24 304440 27 304960 28 305480 29 306000 30 306520 31 307040 32 307560 32 308081 32 308601 32 309121 32 309642 31 310162 31 310682 31 311203 30 311724 29 312244 29 312765 28 313286 27 313806 27 314326 27 314847 25 315367 25 315887 25 316408 23 316928 23 317448 22 317969 21 318489 20 319010 18 319531 16 320052 14 320573 12 321094 9
bde3727f3a9e8b2b58f383ebc762b2157eb50cdbff23e69b025418b43967556b,14687 8 15205 10 15724 12 16244 13 16763 15 17283 16 17803 16 18323 17 18843 17 19363 18 19884 18 20404 18 20925 17 21445 16 21965 16 22484 17 23004 17 23525 16 24045 16 24565 16 25085 15 25606 14 26126 14 26647 12 27168 11 27690 8 28212 4
bde3727f3a9e8b2b58f383ebc762b2157eb50cdbff23e69b025418b43967556b,249601 2 250121 6 250641 10 251161 13 251681 15 252201 16 252721 17 253241 18 253761 19 254281 19 254801 19 255321 19 255841 19 256361 19 256881 19 257401 18 257921 17 258441 17 258961 16 259481 15 260001 14 260521 13 261041 11 261561 10 262081 7
bde3727f3a9e8b2b58f383ebc762b2157eb50cdbff23e69b025418b43967556b,59426 8 59943 12 60462 15 60981 17 61501 19 62020 21 62540 22 63060 23 63581 24 64101 25 64621 26 65141 27 65662 27 66182 28 66703 30 67223 31 67744 33 68264 34 68785 34 69306 34 69827 34 70347 35 70868 34 71389 33 71910 32 72431 31 72952 30 73475 27 73996 26 74518 23 75039 21 75564 15 76086 11 76608 5
bde3727f3a9e8b2b58f383ebc762b2157eb50cdbff23e69b025418b43967556b,29539 2 30056 8 30574 13 31093 17 31612 19 32131 22 32650 24 33169 26 33689 26 34208 28 34728 28 35248 28 35767 29 36287 29 36807 29 37327 29 37847 28 38367 28 38887 28 39407 28 39927 28 40447 28 40968 27 41488 27 42009 25 42530 24 43050 23 43571 21 44092 20 44613 18 45134 15 45656 12 46177 10 46700 4
bde3727f3a9e8b2b58f383ebc762b2157eb50cdbff23e69b025418b43967556b,39644 9 40163 12 40682 15 41190 4 41199 19 41709 30 42229 31 42748 33 43268 33 43788 34 44309 33 44829 34 45349 34 45869 34 46389 35 46910 34 47431 33 47952 32 48473 31 48994 30 49515 30 50036 29 50557 27 51078 26 51599 25 52122 21 52647 16 53176 6 53698 2
bde3727f3a9e8b2b58f383ebc762b2157eb50cdbff23e69b025418b43967556b,157617 14 158134 19 158651 23 159169 26 159687 28 160206 30 160725 31 161244 33 161763 34 162282 35 162801 36 163321 36 163841 35 164361 35 164880 36 165400 35 165921 34 166441 33 166962 31 167482 31 168003 29 168524 26 169046 22 169567 19 170089 14 170612 7
bde3727f3a9e8b2b58f383ebc762b2157eb50cdbff23e69b025418b43967556b,185193 12 185709 21 186226 25 186743 29 187261 32 187779 35 188298 37 188817 38 189336 40 189854 43 190373 44 190893 44 191413 45 191932 46 192452 45 192972 45 193492 45 194012 44 194532 44 195052 43 195573 41 196094 38 196615 35 197138 28 197662 14
bde3727f3a9e8b2b58f383ebc762b2157eb50cdbff23e69b025418b43967556b,267707 4 268221 14 268738 18 269257 20 269775 22 270293 25 270812 26 271331 27 271850 28 272369 29 272888 30 273407 31 273926 31 274446 31 274965 31 275485 31 276004 31 276524 30 277044 29 277564 29 278084 28 278604 27 279125 25 279645 24 280165 23 280686 21 281207 18 281729 15 282255 5
bde3727f3a9e8b2b58f383ebc762b2157eb50cdbff23e69b025418b43967556b,238842 8 239361 11 239880 13 240400 14 240919 16 241438 18 241953 23 242472 25 242991 26 243510 27 244029 28 244549 28 245069 28 245589 27 246109 27 246629 27 247150 26 247671 24 248191 24 248710 25 249230 24 249751 23 250272 22 250793 22 251314 21 251835 20 252356 19 252877 18 253397 18 253917 17 254437 17 254958 15 255479 12 256000 10 256521 4
bde3727f3a9e8b2b58f383ebc762b2157eb50cdbff23e69b025418b43967556b,355178 8 355693 17 356212 20 356731 24 357248 28 357761 37 358281 38 358801 39 359321 40 359841 41 360361 41 360881 41 361401 41
bde3727f3a9e8b2b58f383ebc762b2157eb50cdbff23e69b025418b43967556b,60134 5 60652 9 61170 13 61689 16 62209 17 62728 19 63248 20 63768 21 64288 23 64808 24 65328 25 65848 25 66368 26 66888 26 67409 26 67929 26 68449 26 68970 25 69490 25 70011 24 70532 23 71052 23 71573 23 72094 24 72615 24 73137 23 73658 23 74179 23 74700 22 75220 22 75740 22 76261 21 76781 21 77302 20 77822 20 78342 20 78863 19 79383 19 79903 19 80423 19 80944 17 81464 17 81985 16 82505 15 83026 13 83547 10 84069 7 84592 2
bde3727f3a9e8b2b58f383ebc762b2157eb50cdbff23e69b025418b43967556b,131794 6 132311 11 132828 15 133346 18 133864 21 134383 22 134901 25 135420 26 135939 27 136457 29 136976 30 137495 31 138015 30 138534 31 139054 30 139573 31 140092 31 140611 32 141130 32 141649 33 142169 32 142689 31 143209 30 143729 28 144249 27 144770 25 145291 22 145812 20 146335 16 146858 10
bde3727f3a9e8b2b58f383ebc762b2157eb50cdbff23e69b025418b43967556b,41098 7 41617 12 42136 16 42655 18 43174 22 43694 23 44214 25 44734 26 45254 27 45774 28 46295 28 46815 28 47335 29 47856 29 48376 30 48897 30 49417 31 49938 31 50459 30 50980 30 51501 30 52022 29 52543 29 53064 28 53585 28 54106 27 54628 26 55149 25 55671 24 56192 23 56712 23 57233 22 57754 21 58275 19 58796 18 59318 15 59840 12 60362 9
bde3727f3a9e8b2b58f383ebc762b2157eb50cdbff23e69b025418b43967556b,218433 6 218951 10 219470 12 219989 14 220506 18 221008 36 221525 40 222044 41 222563 42 223082 43 223602 42 224122 42 224642 41 225162 40 225682 40 226202 39 226722 39 227242 38 227762 37 228283 35 228804 33 229324 32 229845 30 230366 28 230887 26 231409 22 231931 17 232460 5
bde3727f3a9e8b2b58f383ebc762b2157eb50cdbff23e69b025418b43967556b,4249 7 4768 10 5287 13 5806 16 6325 18 6845 19 7365 20 7884 22 8404 25 8924 26 9444 27 9964 28 10484 29 11004 30 11524 31 12044 31 12564 32 13084 32 13605 32 14125 32 14645 32 15166 32 15686 32 16207 31 16728 30 17249 29 17770 28 18291 27 18811 27 19332 26 19852 25 20373 23 20894 21 21414 20 21935 17 22457 13 22980 9
bde3727f3a9e8b2b58f383ebc762b2157eb50cdbff23e69b025418b43967556b,209503 2 210020 9 210539 12 211058 15 211577 17 212096 19 212616 20 213136 21 213656 23 214176 24 214696 26 215216 27 215737 27 216257 28 216778 27 217298 28 217819 27 218340 27 218860 27 219381 26 219902 24 220423 23 220943 22 221464 21 221985 19 222506 17 223027 15 223549 12 224071 9
bde3727f3a9e8b2b58f383ebc762b2157eb50cdbff23e69b025418b43967556b,73841 6 74361 11 74881 13 75401 16 75921 17 76441 18 76961 19 77481 19 78001 20 78521 20 79041 20 79561 20 80081 19 80601 18 81121 18 81641 17 82161 16 82681 15 83201 14 83721 12 84241 11 84761 8
bde3727f3a9e8b2b58f383ebc762b2157eb50cdbff23e69b025418b43967556b,350331 4 350848 9 351366 12 351885 14 352404 16 352923 17 353441 19 353958 22 354476 24 354995 25 355515 24 356035 24 356554 24 357073 24 357593 23 358112 23 358632 21 359151 21 359671 20 360192 18 360712 17 361232 16 361753 14
bde3727f3a9e8b2b58f383ebc762b2157eb50cdbff23e69b025418b43967556b,334113 3 334630 10 335149 13 335668 16 336187 19 336707 20 337227 21 337747 21 338267 22 338787 25 339308 31 339829 31 340352 29 340873 29 341401 22 341922 21 342443 20 342963 20 343484 19 344004 18 344524 18 345045 16 345565 16 346085 16 346606 14 347127 11 347649 8 348171 4
bde3727f3a9e8b2b58f383ebc762b2157eb50cdbff23e69b025418b43967556b,89481 4 89997 13 90515 18 91033 21 91551 24 92069 27 92587 30 93105 33 93623 35 94141 37 94660 38 95179 39 95698 40 96217 41 96736 41 97255 41 97774 41 98294 40 98813 39 99333 37 99854 35 100374 35 100895 33 101416 32 101936 31 102457 29 102979 26 103501 23 104027 16 104554 5
bde3727f3a9e8b2b58f383ebc762b2157eb50cdbff23e69b025418b43967556b,238654 9 238666 2 239171 18 239685 24 240203 26 240722 27 241240 29 241758 31 242277 32 242796 33 243314 34 243832 36 244351 36 244870 37 245389 37 245908 36 246428 35 246947 35 247466 35 247986 34 248505 34 249025 33 249545 31 250065 29 250585 28 251106 24 251627 20 252149 15
bde3727f3a9e8b2b58f383ebc762b2157eb50cdbff23e69b025418b43967556b,176437 4 176954 11 177472 16 177991 24 178510 27 179029 30 179548 32 180067 33 180587 34 181108 34 181628 35 182148 36 182669 35 183190 35 183711 35 184232 34 184753 33 185274 32 185794 32 186315 31 186836 30 187357 29 187878 27 188399 24 188923 18 189447 10 189969 5
bde3727f3a9e8b2b58f383ebc762b2157eb50cdbff23e69b025418b43967556b,169412 5 169930 8 170448 11 170966 13 171482 18 172001 19 172520 20 173039 21 173559 21 174078 22 174597 22 175117 22 175636 23 176156 22 176675 23 177195 23 177714 23 178234 22 178754 21 179274 21 179794 20 180314 19 180834 19 181355 17 181876 15 182397 13 182918 11
bde3727f3a9e8b2b58f383ebc762b2157eb50cdbff23e69b025418b43967556b,171935 11 172450 19 172968 22 173486 25 174005 27 174524 28 175043 29 175562 30 176081 31 176600 32 177119 33 177638 34 178158 33 178677 34 179197 33 179716 34 180236 33 180756 32 181276 31 181796 30 182316 29 182836 27 183356 26 183876 24 184397 21 184918 18 185439 15 185960 12 186484 4
bde3727f3a9e8b2b58f383ebc762b2157eb50cdbff23e69b025418b43967556b,48593 4 49112 6 49631 8 50150 11 50669 15 51188 17 51707 20 52227 21 52746 23 53266 24 53786 25 54305 26 54825 26 55345 27 55865 28 56385 29 56906 29 57426 29 57946 30 58467 30 58987 31 59507 31 60028 31 60549 32 61069 33 61590 33 62111 32 62632 31 63153 30 63674 29 64195 28 64718 25 65240 22 65762 19 66286 14 66809 8
bde3727f3a9e8b2b58f383ebc762b2157eb50cdbff23e69b025418b43967556b,169208 9 169726 12 170245 14 170764 16 171284 17 171803 19 172323 19 172842 21 173362 22 173882 22 174402 23 174922 23 175441 25 175961 25 176481 25 177001 25 177521 26 178041 26 178562 25 179082 25 179602 25 180123 24 180643 24 181163 24 181684 23 182205 22 182725 22 183246 21 183767 20 184288 19 184809 17 185330 16 185852 13 186373 11 186895 8
bde3727f3a9e8b2b58f383ebc762b2157eb50cdbff23e69b025418b43967556b,142346 3 142864 6 143383 8 143902 10 144422 11 144942 11 145461 12 145980 14 146500 14 147019 14 147538 15 148057 16 148577 16 149097 16 149617 16 150137 16 150656 17 151176 17 151695 18 152215 18 152735 18 153254 19 153773 20 154293 20 154812 21 155332 21 155852 21 156372 21 156892 21 157412 20 157932 20 158452 19 158973 17 159494 15 160016 11 160543 3
bde3727f3a9e8b2b58f383ebc762b2157eb50cdbff23e69b025418b43967556b,7074 4 7593 7 8112 9 8631 12 9151 13 9671 14 10190 16 10710 18 11230 19 11750 20 12270 21 12791 21 13311 21 13831 22 14351 23 14871 24 15392 23 15912 24 16433 23 16953 24 17473 25 17994 24 18514 25 19035 24 19556 23 20076 24 20597 23 21118 23 21638 23 22159 22 22680 21 23200 22 23721 21 24242 20 24763 19 25284 18 25805 18 26326 17 26847 16 27368 15 27889 14 28410 12 28931 11 29452 9 29974 6
bde3727f3a9e8b2b58f383ebc762b2157eb50cdbff23e69b025418b43967556b,139772 4 140290 8 140809 10 141328 12 141848 13 142367 15 142887 16 143406 18 143926 19 144446 19 144966 20 145485 21 146005 22 146525 22 147045 22 147565 22 148085 23 148606 22 149126 22 149646 22 150167 21 150687 21 151208 20 151728 20 152249 19 152769 19 153290 18 153811 17 154331 16 154852 15 155372 15 155893 13 156413 13 156934 11 157454 10 157975 8 158497 4
bde3727f3a9e8b2b58f383ebc762b2157eb50cdbff23e69b025418b43967556b,131 6 651 6 1171 5 1691 4 2211 4 2732 2
bde3727f3a9e8b2b58f383ebc762b2157eb50cdbff23e69b025418b43967556b,298591 10 299110 14 299629 17 300148 19 300667 21 301185 24 301704 26 302223 27 302743 27 303263 27 303783 27 304303 27 304823 27 305342 28 305862 27 306382 27 306902 26 307421 26 307941 25 308461 24 308982 22 309502 21 310022 20 310542 19 311063 17 311583 17 312104 15 312625 12 313146 10 313667 7
bde3727f3a9e8b2b58f383ebc762b2157eb50cdbff23e69b025418b43967556b,158471 7 158990 9 159509 11 160027 13 160546 14 161063 17 161582 19 162101 20 162620 20 163139 21 163658 21 164177 21 164696 21 165215 22 165735 21 166255 21 166774 22 167294 22 167814 22 168335 21 168855 21 169375 21 169896 19 170416 19 170937 17 171458 15 171980 12 172501 9 173023 4
bde3727f3a9e8b2b58f383ebc762b2157eb50cdbff23e69b025418b43967556b,90719 14 91235 19 91753 24 92272 26 92790 29 93308 32 93827 33 94346 35 94865 36 95385 36 95904 37 96424 37 96944 37 97464 36 97983 37 98502 38 99021 38 99540 38 100060 37 100580 37 101100 36 101620 34 102139 34 102659 32 103179 30 103699 28 104220 26 104741 23 105271 10 105796 2
bde3727f3a9e8b2b58f383ebc762b2157eb50cdbff23e69b025418b43967556b,205714 27 205746 1 206232 54 206751 56 207270 59 207790 60 208310 60 208830 60 209350 60 209871 59 210392 57 210913 55 211434 53 211956 50 212478 47 213000 43 213522 39 214044 32 214565 29 215088 24 215612 15 216136 6
bde3727f3a9e8b2b58f383ebc762b2157eb50cdbff23e69b025418b43967556b,352301 7 352819 11 353338 14 353857 16 354376 18 354896 20 355416 21 355935 22 356455 23 356975 24 357495 24 358015 25 358535 25 359055 26 359575 26 360095 27 360616 26 361136 26 361656 26
bde3727f3a9e8b2b58f383ebc762b2157eb50cdbff23e69b025418b43967556b,12097 3 12107 12 12616 6 12626 15 13135 27 13655 28 14174 30 14695 29 15215 29 15736 29 16257 28 16778 27 17299 26 17819 26 18340 25 18860 26 19381 3 19389 17 19910 15 20431 14 20952 13 21473 11 21994 10 22515 8 23037 5
bde3727f3a9e8b2b58f383ebc762b2157eb50cdbff23e69b025418b43967556b,325817 9 326332 15 326847 21 327363 26 327881 29 328400 30 328919 31 329439 31 329958 32 330478 32 330998 33 331518 13 331533 18 332038 12 332054 16 332559 10 332574 15 333080 7 333094 15 333602 3 333614 14 334134 14 334654 14 335175 12 335695 12 336216 10 336737 7
bde3727f3a9e8b2b58f383ebc762b2157eb50cdbff23e69b025418b43967556b,4852 4 5371 6 5890 8 6409 10 6929 10 7448 12 7968 12 8488 13 9007 15 9527 16 10046 17 10566 18 11086 18 11606 18 12126 19 12645 20 13164 21 13683 22 14204 21 14724 21 15244 21 15765 20 16285 20 16805 20 17325 19 17845 19 18365 19 18886 17 19406 17 19928 15 20449 14 20969 13 21489 13 22009 12 22529 11 23050 9 23571 7 24092 5
bde3727f3a9e8b2b58f383ebc762b2157eb50cdbff23e69b025418b43967556b,269613 8 270131 12 270649 16 271167 19 271686 22 272204 25 272722 28 273241 29 273761 30 274280 32 274799 33 275319 34 275838 35 276358 36 276878 36 277398 37 277918 37 278438 38 278958 38 279478 38 279998 38 280519 38 281040 37 281560 37 282081 36 282603 34 283124 32 283646 30 284170 26 284696 19 285223 10
bde3727f3a9e8b2b58f383ebc762b2157eb50cdbff23e69b025418b43967556b,353503 6 354021 20 354540 23 355060 25 355580 27 356100 29 356619 31 357139 33 357660 33 358180 34 358700 35 359221 35 359742 35 360262 36 360783 36 361303 36 361824 35
bde3727f3a9e8b2b58f383ebc762b2157eb50cdbff23e69b025418b43967556b,364 20 884 20 1403 22 1923 22 2443 22 2963 23 3484 22 4004 22 4524 23 5045 22 5566 21 6087 21 6608 20 7129 19 7650 18 8171 18 8692 17 9213 16 9733 16 10254 15 10774 16 11294 16 11814 16 12334 16 12853 18 13373 18 13893 18 14413 17 14933 17 15453 17 15973 16 16494 15 17014 14 17535 13 18056 11 18577 8
bde3727f3a9e8b2b58f383ebc762b2157eb50cdbff23e69b025418b43967556b,252592 6 253110 11 253629 13 254148 14 254666 17 255184 19 255703 21 256223 21 256743 22 257263 22 257782 23 258302 23 258821 24 259341 23 259861 23 260381 23 260900 23 261420 23 261940 22 262460 22 262980 21 263500 21 264020 20 264540 20 265060 19 265580 18 266100 17 266621 16 267141 15 267661 14 268182 12 268704 8 269225 6
bde3727f3a9e8b2b58f383ebc762b2157eb50cdbff23e69b025418b43967556b,312170 3 312682 4 312688 7 313201 15 313721 16 314240 18 314760 19 315279 20 315799 21 316319 22 316839 23 317358 25 317878 26 318398 26 318918 27 319438 27 319958 28 320478 29 320998 29 321518 29 322038 30 322558 30 323078 31 323598 31 324118 31 324639 30 325159 30 325680 29 326200 28 326720 28 327241 27 327761 26 328282 25 328803 23 329324 21 329845 20 330367 17 330889 14 331411 10 331934 4
bde3727f3a9e8b2b58f383ebc762b2157eb50cdbff23e69b025418b43967556b,6716 13 7233 19 7752 23 8271 25 8790 29 9309 31 9828 32 10348 33 10867 35 11387 36 11907 37 12427 37 12947 38 13467 39 13987 39 14507 40 15028 39 15548 39 16069 38 16590 37 17111 36 17632 35 18154 33 18675 31 19198 28 19720 25 20242 22 20766 16 21293 5
bde3727f3a9e8b2b58f383ebc762b2157eb50cdbff23e69b025418b43967556b,232215 9 232734 11 233252 14 233770 17 234288 19 234807 21 235326 22 235844 24 236363 25 236883 25 237402 26 237921 27 238441 26 238961 26 239480 27 239999 27 240519 26 241039 25 241558 25 242078 24 242598 23 243119 21 243639 20 244159 19 244680 16 245201 13 245722 10 246245 2
bde3727f3a9e8b2b58f383ebc762b2157eb50cdbff23e69b025418b43967556b,340968 3 341487 5 342004 10 342523 12 343043 14 343563 15 344084 14 344604 14 345124 14 345645 13 346166 11 346687 9 347210 5
bde3727f3a9e8b2b58f383ebc762b2157eb50cdbff23e69b025418b43967556b,308945 7 309462 12 309980 16 310499 18 311017 20 311535 23 312054 24 312572 26 313091 27 313610 28 314129 28 314649 28 315168 29 315688 29 316207 30 316726 30 317246 30 317765 30 318285 29 318805 28 319324 28 319844 27 320364 26 320884 25 321404 23 321924 22 322445 20 322966 16 323487 13 324010 8
bde3727f3a9e8b2b58f383ebc762b2157eb50cdbff23e69b025418b43967556b,257593 7 258111 11 258629 14 259148 16 259666 19 260185 20 260704 22 261224 22 261743 24 262263 24 262782 25 263302 25 263821 26 264341 26 264861 26 265380 27 265899 28 266419 28 266939 28 267459 28 267978 29 268498 29 269018 29 269538 29 270058 28 270578 28 271098 28 271618 27 272137 28 272657 28 273177 27 273697 27 274217 26 274738 24 275258 23 275778 22 276299 20 276819 19 277340 16 277861 13 278382 11 278903 8 279426 3
bde3727f3a9e8b2b58f383ebc762b2157eb50cdbff23e69b025418b43967556b,337593 9 338109 14 338628 16 339146 19 339664 22 340183 23 340702 24 341221 26 341740 27 342259 28 342778 29 343297 30 343816 31 344336 30 344855 31 345375 31 345895 31 346414 32 346934 31 347454 31 347973 31 348493 31 349013 31 349533 31 350053 31 350573 31 351093 31 351613 30 352133 30 352653 30 353174 28 353694 28 354214 27 354734 26 355255 24 355775 23 356296 21 356817 19 357338 16 357860 8 358383 3
bde3727f3a9e8b2b58f383ebc762b2157eb50cdbff23e69b025418b43967556b,332647 4 333156 16 333674 19 334193 21 334712 22 335231 23 335750 24 336269 25 336788 26 337308 25 337828 24 338347 25 338867 24 339387 23 339907 23 340427 23 340947 21 341468 19 341989 15 342511 12
bde3727f3a9e8b2b58f383ebc762b2157eb50cdbff23e69b025418b43967556b,275712 9 276231 12 276749 16 277268 18 277787 20 278306 21 278825 23 279345 23 279864 25 280384 25 280904 26 281424 26 281944 25 282464 25 282984 25 283504 25 284024 25 284544 25 285064 25 285584 26 286104 26 286624 26 287144 26 287665 25 288185 25 288705 25 289225 25 289746 24 290266 24 290786 25 291306 25 291826 24 292347 23 292867 23 293388 22 293908 22 294429 20 294950 19 295471 17 295992 15 296513 13 297035 9
bde3727f3a9e8b2b58f383ebc762b2157eb50cdbff23e69b025418b43967556b,169001 2 169521 3 170041 4 170561 5 171081 6 171601 7 172121 8 172641 9 173161 9 173681 9 174201 9 174721 9 175241 8 175761 8 176281 7 176801 6 177321 5
bde3727f3a9e8b2b58f383ebc762b2157eb50cdbff23e69b025418b43967556b,100994 8 101507 16 102024 20 102542 24 103061 26 103580 28 104099 29 104618 31 105137 32 105656 33 106176 33 106695 34 107214 35 107734 35 108254 35 108773 35 109292 36 109811 36 110330 36 110850 36 111370 35 111890 34 112410 33 112930 32 113451 30 113971 29 114491 28 115012 25 115533 22 116056 15
bde3727f3a9e8b2b58f383ebc762b2157eb50cdbff23e69b025418b43967556b,268863 8 269379 13 269893 20 270411 23 270929 25 271448 27 271967 28 272486 29 273006 28 273526 28 274046 28 274565 28 275085 28 275606 26 276127 24 276647 23 277167 22 277687 19 278208 16 278729 12 279251 7
bde3727f3a9e8b2b58f383ebc762b2157eb50cdbff23e69b025418b43967556b,207644 5 208162 8 208681 10 209199 13 209718 15 210237 23 210756 25 211276 25 211795 26 212315 26 212834 27 213353 28 213873 28 214393 27 214913 26 215432 27 215951 27 216471 26 216992 22 217512 21 218032 20 218553 17 219075 13 219596 9
bde3727f3a9e8b2b58f383ebc762b2157eb50cdbff23e69b025418b43967556b,144338 6 144856 9 145375 11 145895 12 146414 13 146934 13 147453 15 147973 15 148492 16 149012 16 149531 17 150051 17 150571 17 151091 17 151611 17 152131 16 152651 16 153171 16 153691 16 154211 16 154731 15 155251 15 155771 15 156291 15 156811 16 157331 16 157852 16 158372 16 158892 16 159412 16 159932 16 160452 16 160973 16 161493 16 162013 16 162533 15 163054 14 163574 14 164094 14 164615 13 165136 12 165656 11 166177 10 166698 8 167219 6 167741 2
bde3727f3a9e8b2b58f383ebc762b2157eb50cdbff23e69b025418b43967556b,49072 9 49591 12 50110 14 50630 15 51149 22 51669 23 52189 24 52709 25 53229 26 53749 26 54269 26 54789 26 55309 27 55829 27 56349 27 56870 25 57390 25 57911 24 58432 23 58952 22 59473 20 59994 19 60515 17 61036 16 61557 14
bde3727f3a9e8b2b58f383ebc762b2157eb50cdbff23e69b025418b43967556b,209777 8 210295 12 210814 15 211333 17 211853 18 212372 20 212892 21 213411 23 213931 24 214451 25 214971 25 215491 26 216011 27 216531 27 217052 26 217572 27 218092 27 218613 26 219133 27 219654 26 220174 26 220695 25 221216 24 221736 23 222257 22 222778 21 223300 18 223821 16 224343 11
bde3727f3a9e8b2b58f383ebc762b2157eb50cdbff23e69b025418b43967556b,350630 5 351146 13 351664 16 352183 19 352702 21 353221 23 353739 26 354258 28 354778 29 355298 30 355818 31 356338 32 356858 33 357378 34 357898 35 358419 35 358939 36 359460 35 359980 35 360500 35 361020 35 361541 33
bde3727f3a9e8b2b58f383ebc762b2157eb50cdbff23e69b025418b43967556b,150928 8 151445 14 151962 20 152480 25 152999 27 153518 30 154037 32 154557 33 155076 34 155596 35 156116 36 156636 37 157156 37 157676 38 158196 38 158716 39 159236 39 159757 38 160277 38 160797 38 161318 37 161839 36 162360 34 162881 33 163402 31 163924 28 164446 25 164967 22 165491 13
bde3727f3a9e8b2b58f383ebc762b2157eb50cdbff23e69b025418b43967556b,183515 7 184033 12 184552 14 185072 16 185591 18 186111 19 186631 20 187151 21 187671 22 188191 23 188711 24 189232 23 189752 24 190272 24 190793 24 191313 24 191834 24 192355 23 192875 23 193396 22 193916 22 194436 22 194957 21 195478 20 195999 19 196520 17 197040 17 197561 15 198083 13 198604 12 199126 10 199648 8 200170 6 200691 4
bde3727f3a9e8b2b58f383ebc762b2157eb50cdbff23e69b025418b43967556b,230694 10 231213 12 231732 15 232251 17 232771 18 233290 20 233810 20 234330 20 234850 21 235370 22 235890 22 236410 23 236930 23 237450 23 237971 23 238493 21 239014 20 239535 20 240056 19 240577 18 241097 18 241618 17 242138 17 242658 17 243178 17 243699 16 244219 16 244739 16 245259 15 245779 15 246300 13 246821 10 247342 8 247864 2
bde3727f3a9e8b2b58f383ebc762b2157eb50cdbff23e69b025418b43967556b,11115 6 11634 9 12153 11 12672 13 13191 15 13710 17 14230 18 14749 20 15269 21 15789 21 16308 23 16828 23 17347 25 17867 25 18387 25 18907 26 19426 27 19946 27 20466 27 20986 27 21506 27 22026 27 22546 27 23066 27 23586 27 24107 26 24627 26 25147 26 25668 25 26188 25 26709 24 27230 23 27751 22 28272 20 28793 19 29314 18 29835 16 30356 14 30877 12 31399 8 31922 3
bde3727f3a9e8b2b58f383ebc762b2157eb50cdbff23e69b025418b43967556b,105206 4 105722 12 106239 17 106757 20 107274 24 107792 27 108311 29 108830 30 109349 32 109868 33 110387 34 110906 35 111425 36 111945 36 112465 36 112985 35 113505 35 114025 34 114545 33 115066 31 115586 29 116107 27 116629 23 117151 16
bde3727f3a9e8b2b58f383ebc762b2157eb50cdbff23e69b025418b43967556b,291623 6 292141 10 292659 13 293178 14 293697 16 294216 17 294735 19 295254 20 295773 21 296293 21 296812 22 297332 22 297851 23 298370 24 298890 24 299410 24 299930 23 300449 24 300969 23 301489 23 302009 22 302529 21 303049 21 303570 19 304090 18 304610 17 305130 16 305651 14 306172 12 306693 10 307214 7
bde3727f3a9e8b2b58f383ebc762b2157eb50cdbff23e69b025418b43967556b,68888 8 69407 11 69926 15 70443 19 70961 22 71479 24 71997 26 72516 27 73036 28 73555 29 74074 31 74593 32 75113 32 75632 33 76151 34 76670 35 77190 35 77710 35 78230 34 78750 33 79270 31 79791 29 80312 27 80833 24 81354 21 81876 17 82402 5
bde3727f3a9e8b2b58f383ebc762b2157eb50cdbff23e69b025418b43967556b,8841 6 9361 11 9881 13 10401 15 10921 17 11441 19 11961 21 12481 22 13001 22 13521 23 14041 23 14561 24 15081 25 15601 26 16121 26 16641 26 17161 26 17681 26 18203 24 18724 23 19245 21 19766 19 20288 16 20809 14 21331 11 21854 6
bde3727f3a9e8b2b58f383ebc762b2157eb50cdbff23e69b025418b43967556b,59792 5 60310 9 60829 12 61349 12 61868 13 62387 14 62907 14 63427 14 63946 15 64466 15 64986 15 65505 16 66025 16 66545 16 67065 16 67585 16 68105 16 68625 16 69145 16 69665 16 70185 16 70706 15 71226 15 71747 14 72267 14 72788 13 73309 12 73829 12 74350 11 74871 10 75392 9 75914 7 76436 5 76957 4 77479 2
bde3727f3a9e8b2b58f383ebc762b2157eb50cdbff23e69b025418b43967556b,246096 5 246615 9 247134 11 247653 13 248172 14 248691 16 249210 17 249729 19 250249 20 250769 20 251288 21 251808 22 252328 22 252848 23 253368 24 253888 24 254408 25 254928 25 255448 25 255968 26 256488 26 257008 26 257529 25 258049 25 258569 25 259089 25 259610 24 260130 24 260650 24 261170 23 261690 23 262210 22 262731 21 263251 21 263772 19 264292 18 264813 16 265334 14 265855 12 266377 9 266899 4
bde3727f3a9e8b2b58f383ebc762b2157eb50cdbff23e69b025418b43967556b,100734 7 101253 10 101773 11 102292 12 102811 14 103331 14 103850 16 104370 16 104889 18 105409 18 105929 18 106449 18 106969 19 107489 19 108009 19 108528 20 109048 20 109568 20 110088 20 110608 20 111128 20 111648 20 112168 20 112688 19 113208 19 113728 19 114248 19 114768 19 115288 18 115808 18 116328 18 116848 17 117368 17 117889 15 118409 14 118930 12 119450 11 119971 9 120493 6
bde3727f3a9e8b2b58f383ebc762b2157eb50cdbff23e69b025418b43967556b,284985 4 285491 20 286008 24 286527 26 287045 28 287564 30 288083 31 288602 33 289121 34 289641 34 290161 33 290681 33 291201 32 291721 31 292241 29 292761 28 293281 26 293801 24 294322 21 294843 19 295364 17 295885 14 296405 12 296926 9 297447 7
bde3727f3a9e8b2b58f383ebc762b2157eb50cdbff23e69b025418b43967556b,281906 7 282424 10 282943 12 283462 14 283981 15 284500 17 285019 19 285538 21 286058 21 286577 23 287097 23 287616 24 288136 24 288655 25 289175 25 289694 26 290213 27 290733 26 291253 26 291772 27 292292 26 292811 27 293331 26 293851 25 294370 26 294890 25 295410 23 295930 21 296450 20 296970 17 297490 16 298010 14 298530 13 299051 11 299572 8 300093 4
bde3727f3a9e8b2b58f383ebc762b2157eb50cdbff23e69b025418b43967556b,184081 2 184601 3 185121 3 185641 3 186161 3 186681 3 187201 3 187721 2
bde3727f3a9e8b2b58f383ebc762b2157eb50cdbff23e69b025418b43967556b,13291 3 13808 9 14327 13 14845 16 15364 19 15883 22 16402 24 16921 26 17441 27 17961 27 18480 29 19000 30 19520 31 20040 31 20560 32 21080 32 21601 32 22121 32 22642 31 23162 32 23683 31 24205 29 24726 29 25246 29 25767 28 26287 29 26808 28 27329 27 27850 26 28371 25 28891 25 29412 24 29933 23 30454 21 30975 19 31496 16 32017 14 32539 11 33060 8
bde3727f3a9e8b2b58f383ebc762b2157eb50cdbff23e69b025418b43967556b,54679 8 55197 12 55716 15 56236 17 56756 19 57276 21 57796 22 58316 24 58837 24 59358 24 59878 26 60399 26 60919 27 61440 27 61961 27 62482 27 63002 28 63523 27 64043 28 64564 27 65084 28 65605 27 66126 27 66647 26 67168 25 67689 24 68210 23 68731 22 69252 21 69773 20 70295 18 70816 17 71337 15 71858 12 72381 3
bde3727f3a9e8b2b58f383ebc762b2157eb50cdbff23e69b025418b43967556b,37397 7 37913 13 38432 15 38951 17 39469 19 39988 21 40506 23 41024 26 41543 27 42062 28 42581 29 43100 30 43619 31 44139 31 44658 32 45178 32 45697 33 46217 33 46737 32 47256 33 47776 32 48296 31 48816 31 49336 30 49856 29 50377 27 50897 25 51417 24 51937 21 52458 18 52978 17 53499 14 54020 12 54541 9
bde3727f3a9e8b2b58f383ebc762b2157eb50cdbff23e69b025418b43967556b,118109 2 118618 17 119136 22 119655 25 120174 28 120694 30 121213 32 121733 34 122253 35 122773 36 123293 37 123813 38 124333 39 124854 38 125374 38 125895 38 126417 36 126938 34 127461 31 127983 29 128506 25 129029 21 129555 2
bde3727f3a9e8b2b58f383ebc762b2157eb50cdbff23e69b025418b43967556b,19293 5 19810 9 20329 11 20848 13 21367 14 21887 14 22407 15 22927 16 23447 17 23967 20 24487 22 25008 22 25528 23 26048 25 26568 26 27089 26 27609 27 28129 28 28650 28 29171 28 29692 27 30212 28 30733 27 31253 27 31773 27 32294 26 32815 25 33336 24 33858 21 34380 19 34901 17 35425 3
bde3727f3a9e8b2b58f383ebc762b2157eb50cdbff23e69b025418b43967556b,321886 12 322405 15 322925 17 323444 19 323963 21 324481 23 325001 23 325521 23 326041 24 326561 25 327081 25 327601 25 328122 24 328643 23 329163 23 329683 23 330204 21 330724 20 331245 17 331768 12 332289 9 332812 3
bde3727f3a9e8b2b58f383ebc762b2157eb50cdbff23e69b025418b43967556b,340117 10 340635 14 341153 17 341672 19 342192 20 342711 21 343231 22 343751 22 344271 23 344790 24 345309 26 345828 28 346347 31 346866 33 347386 35 347906 36 348426 37 348946 38 349466 38 349987 38 350508 37 351028 38 351549 37 352070 36 352591 34 353112 33 353634 30 354155 28 354678 24 355201 19 355724 9
bde3727f3a9e8b2b58f383ebc762b2157eb50cdbff23e69b025418b43967556b,104334 6 104852 9 105370 11 105889 13 106408 14 106928 15 107448 15 107967 16 108487 17 109007 17 109527 17 110046 19 110566 19 111086 19 111606 19 112126 19 112646 19 113166 19 113686 20 114205 21 114725 21 115245 21 115764 22 116284 22 116804 21 117324 21 117844 21 118364 21 118884 21 119404 21 119924 21 120444 20 120964 20 121484 20 122004 20 122524 20 123044 20 123564 19 124085 18 124605 18 125125 17 125646 16 126167 14 126687 13 127208 11 127729 9 128250 7
bde3727f3a9e8b2b58f383ebc762b2157eb50cdbff23e69b025418b43967556b,122387 8 122897 22 123414 28 123933 31 124452 33 124971 35 125490 36 126010 36 126530 37 127050 37 127570 37 128090 37 128610 37 129131 37 129651 37 130172 35 130693 33 131214 32 131735 30 132257 25 132779 21 133303 13 133826 4
bde3727f3a9e8b2b58f383ebc762b2157eb50cdbff23e69b025418b43967556b,301812 7 302329 11 302847 14 303365 17 303883 20 304402 22 304920 24 305438 27 305957 29 306476 30 306994 33 307512 35 308031 36 308550 37 309069 38 309589 38 310108 39 310627 39 311147 39 311667 38 312187 38 312706 38 313226 37 313747 35 314267 35 314788 33 315308 23 315829 19 316350 15 316871 11 317394 3
bde3727f3a9e8b2b58f383ebc762b2157eb50cdbff23e69b025418b43967556b,239289 3 239805 10 240323 14 240841 17 241360 18 241879 20 242397 22 242916 24 243436 24 243955 25 244475 25 244994 26 245513 27 246033 27 246552 28 247072 28 247591 29 248110 30 248629 30 249148 30 249668 30 250187 31 250707 30 251227 30 251746 30 252266 30 252786 29 253306 29 253826 28 254346 27 254866 27 255386 26 255906 25 256427 23 256947 23 257467 22 257988 20 258508 19 259029 17 259550 14 260073 8
bde3727f3a9e8b2b58f383ebc762b2157eb50cdbff23e69b025418b43967556b,320245 7 320764 10 321283 12 321802 14 322321 16 322841 17 323360 18 323880 19 324400 20 324920 20 325440 21 325960 21 326480 22 327000 22 327520 23 328040 23 328560 24 329081 23 329601 24 330121 24 330642 23 331163 23 331683 23 332204 22 332724 22 333244 23 333765 22 334286 21 334807 20 335328 19 335848 19 336369 18 336890 17 337411 16 337933 13 338454 11 338977 7
bde3727f3a9e8b2b58f383ebc762b2157eb50cdbff23e69b025418b43967556b,135760 11 136278 14 136796 17 137315 19 137834 20 138354 21 138873 22 139392 24 139911 25 140431 25 140950 26 141470 27 141990 27 142510 27 143030 27 143549 29 144069 29 144589 29 145109 29 145629 29 146149 29 146669 29 147190 28 147710 27 148231 25 148752 23 149273 19 149795 15 150321 7
bde3727f3a9e8b2b58f383ebc762b2157eb50cdbff23e69b025418b43967556b,288952 2 289470 10 289987 15 290505 19 291024 21 291542 24 292061 26 292581 27 293101 27 293620 28 294139 29 294658 30 295178 30 295697 31 296217 31 296736 32 297256 32 297775 33 298294 33 298813 33 299333 33 299852 33 300372 32 300891 32 301411 31 301931 30 302451 29 302971 27 303491 26 304011 26 304532 24 305052 24 305573 22 306094 20 306615 18 307137 15 307658 3 307664 7 308185 4
bde3727f3a9e8b2b58f383ebc762b2157eb50cdbff23e69b025418b43967556b,678 3 1192 10 1710 13 2227 17 2745 20 3261 24 3780 26 4300 26 4819 27 5338 28 5858 28 6377 29 6897 28 7417 27 7938 23 8459 20 8979 19 9500 18 10022 16 10543 15 11066 12 11587 11
bde3727f3a9e8b2b58f383ebc762b2157eb50cdbff23e69b025418b43967556b,318440 12 318958 15 319476 18 319995 20 320514 22 321034 23 321553 25 322073 25 322593 26 323113 28 323633 29 324153 30 324673 31 325193 31 325713 32 326234 31 326754 31 327275 30 327796 29 328316 29 328837 28 329358 27 329879 26 330402 23 330923 21 331444 19 331968 15 332489 13 333011 10 333534 5
bde3727f3a9e8b2b58f383ebc762b2157eb50cdbff23e69b025418b43967556b,157821 5 158338 9 158857 11 159377 12 159896 14 160416 14 160936 14 161456 15 161976 15 162496 15 163015 17 163535 18 164055 18 164575 19 165095 19 165615 19 166135 20 166655 20 167175 21 167696 20 168216 20 168736 21 169256 21 169776 21 170296 21 170816 21 171337 20 171857 19 172378 18 172899 17 173420 16 173940 15 174461 14 174982 12 175503 11 176024 9 176546 5
