bf566e75d5cb0196de4139573f8bbbda0fa38d5048edf7267fe8793dcc094a66,28309 3 28563 6 28818 8 29073 10 29329 10 29585 10 29842 9 30099 7 30356 5
bf566e75d5cb0196de4139573f8bbbda0fa38d5048edf7267fe8793dcc094a66,6828 5 7083 7 7339 8 7595 8 7851 8 8107 9 8363 12 8619 13 8875 13 9131 13 9387 13 9644 11 9901 9 10158 7 10415 4
bf566e75d5cb0196de4139573f8bbbda0fa38d5048edf7267fe8793dcc094a66,22946 5 23200 9 23455 11 23711 11 23967 11 24223 11 24479 11 24736 9 24993 7
bf566e75d5cb0196de4139573f8bbbda0fa38d5048edf7267fe8793dcc094a66,62918 1 63173 6 63428 8 63684 9 63940 9 64196 9 64452 9 64708 8 64964 7 65221 5
bf566e75d5cb0196de4139573f8bbbda0fa38d5048edf7267fe8793dcc094a66,36066 3 36319 8 36573 11 36828 12 37084 11 37340 11 37597 10 37853 9 38110 7 38368 4
bf566e75d5cb0196de4139573f8bbbda0fa38d5048edf7267fe8793dcc094a66,179 9 434 11 690 12 946 13 1202 13 1459 13 1715 14 1972 13 2228 12 2485 11 2741 11 2997 10 3254 8 3511 2
bf566e75d5cb0196de4139573f8bbbda0fa38d5048edf7267fe8793dcc094a66,41427 8 41681 11 41936 12 42192 12 42448 12 42704 12 42960 11 43216 9 43472 5 43729 3
bf566e75d5cb0196de4139573f8bbbda0fa38d5048edf7267fe8793dcc094a66,9006 18 9260 21 9514 23 9769 25 10024 26 10280 27 10536 27 10792 27 11047 28 11303 28 11559 28 11815 27 12072 25 12328 24 12584 22 12840 21 13097 18 13354 14
bf566e75d5cb0196de4139573f8bbbda0fa38d5048edf7267fe8793dcc094a66,94 10 350 10 607 8 867 3
bf566e75d5cb0196de4139573f8bbbda0fa38d5048edf7267fe8793dcc094a66,19630 3 19885 5 20140 6 20395 7 20651 7 20906 8 21162 7 21418 6 21675 4 21932 2
bf566e75d5cb0196de4139573f8bbbda0fa38d5048edf7267fe8793dcc094a66,48355 7 48609 12 48863 16 49118 18 49373 19 49628 21 49883 22 50139 22 50394 23 50649 24 50905 23 51161 22 51417 21 51673 19 51929 17 52185 15 52441 14 52698 12 52955 8 53212 5
bf566e75d5cb0196de4139573f8bbbda0fa38d5048edf7267fe8793dcc094a66,61327 2 61582 5 61837 7 62092 9 62348 9 62604 9 62860 9 63116 9 63373 8 63630 7 63887 5
bf566e75d5cb0196de4139573f8bbbda0fa38d5048edf7267fe8793dcc094a66,25766 2 26021 4 26276 6 26532 7 26787 9 27043 9 27299 9 27556 8 27813 7 28070 5
bf566e75d5cb0196de4139573f8bbbda0fa38d5048edf7267fe8793dcc094a66,40161 3 40415 6 40670 11 40926 12 41182 12 41439 11 41699 6 41956 4
bf566e75d5cb0196de4139573f8bbbda0fa38d5048edf7267fe8793dcc094a66,5035 9 5290 11 5546 11 5802 11 6058 10 6314 10 6571 9 6833 2
bf566e75d5cb0196de4139573f8bbbda0fa38d5048edf7267fe8793dcc094a66,12698 2 12951 7 13206 9 13461 11 13717 11 13973 11 14229 10 14486 9 14742 8 14999 6
bf566e75d5cb0196de4139573f8bbbda0fa38d5048edf7267fe8793dcc094a66,32497 3 32752 7 33006 10 33261 11 33517 11 33773 12 34030 11 34287 11 34544 10 34801 9 35060 5
bf566e75d5cb0196de4139573f8bbbda0fa38d5048edf7267fe8793dcc094a66,5980 4 6234 8 6489 10 6744 12 7000 12 7256 12 7512 12 7768 12 8025 11 8282 9 8540 5
bf566e75d5cb0196de4139573f8bbbda0fa38d5048edf7267fe8793dcc094a66,25023 6 25278 9 25533 11 25789 11 26045 12 26301 12 26557 12 26814 10 27070 9 27326 8 27584 4
bf566e75d5cb0196de4139573f8bbbda0fa38d5048edf7267fe8793dcc094a66,2509 4 2764 6 3019 8 3275 8 3531 8 3787 8 4043 8 4299 8 4556 6 4814 2
bf566e75d5cb0196de4139573f8bbbda0fa38d5048edf7267fe8793dcc094a66,1640 5 1895 7 2150 10 2406 11 2662 11 2918 12 3174 12 3431 11 3690 7 3949 2
bf566e75d5cb0196de4139573f8bbbda0fa38d5048edf7267fe8793dcc094a66,56755 3 57010 5 57266 5 57522 5 57779 3
bf566e75d5cb0196de4139573f8bbbda0fa38d5048edf7267fe8793dcc094a66,45719 9 45973 12 46228 14 46484 14 46740 14 46996 14 47252 14 47509 13 47765 12 48022 11 48280 8
bf566e75d5cb0196de4139573f8bbbda0fa38d5048edf7267fe8793dcc094a66,11143 4 11398 7 11653 9 11908 11 12164 12 12420 12 12676 12 12932 12 13189 11 13445 10 13702 7 13959 3
bf566e75d5cb0196de4139573f8bbbda0fa38d5048edf7267fe8793dcc094a66,50559 6 50814 8 51069 10 51324 12 51578 15 51833 16 52089 17 52345 18 52601 18 52857 18 53114 17 53371 16 53628 14 53885 13 54142 11 54400 8 54659 3
bf566e75d5cb0196de4139573f8bbbda0fa38d5048edf7267fe8793dcc094a66,82 9 338 9 595 7 852 6
bf566e75d5cb0196de4139573f8bbbda0fa38d5048edf7267fe8793dcc094a66,28599 4 28854 5 29109 7 29365 7 29621 7 29878 5 30135 2
bf566e75d5cb0196de4139573f8bbbda0fa38d5048edf7267fe8793dcc094a66,25007 4 25262 6 25518 7 25774 8 26031 8 26288 6 26545 4 26803 2
bf566e75d5cb0196de4139573f8bbbda0fa38d5048edf7267fe8793dcc094a66,1110 6 1366 7 1621 9 1876 10 2132 10 2388 10 2645 9 2902 8 3159 6
bf566e75d5cb0196de4139573f8bbbda0fa38d5048edf7267fe8793dcc094a66,59649 3 59905 4 60161 4 60417 4 60673 4 60929 4 61185 4 61441 4 61697 3
bf566e75d5cb0196de4139573f8bbbda0fa38d5048edf7267fe8793dcc094a66,41450 3 41705 5 41960 7 42216 7 42472 7 42728 6 42985 3
bf566e75d5cb0196de4139573f8bbbda0fa38d5048edf7267fe8793dcc094a66,62940 5 63193 10 63448 12 63702 15 63957 17 64213 17 64468 19 64724 19 64980 19 65236 19 65492 19
bf566e75d5cb0196de4139573f8bbbda0fa38d5048edf7267fe8793dcc094a66,6334 6 6589 8 6845 8 7100 10 7356 12 7612 13 7868 14 8125 13 8381 13 8638 12 8896 10 9153 9 9409 9 9666 7 9923 5
bf566e75d5cb0196de4139573f8bbbda0fa38d5048edf7267fe8793dcc094a66,62146 3 62401 5 62657 5 62913 5 63170 3
bf566e75d5cb0196de4139573f8bbbda0fa38d5048edf7267fe8793dcc094a66,213 11 469 11 725 10 982 8 1239 5
bf566e75d5cb0196de4139573f8bbbda0fa38d5048edf7267fe8793dcc094a66,55214 2 55468 5 55723 6 55979 7 56234 8 56490 8 56746 8 57002 7 57258 6 57513 7 57769 8 58026 7 58283 5
bf566e75d5cb0196de4139573f8bbbda0fa38d5048edf7267fe8793dcc094a66,26294 5 26549 8 26805 9 27061 9 27317 9 27573 8 27830 6 28086 5 28343 4
bf566e75d5cb0196de4139573f8bbbda0fa38d5048edf7267fe8793dcc094a66,2142 8 2398 8 2654 8 2910 8 3165 9 3421 10 3677 10 3933 10 4190 9 4446 9 4702 8 4958 8 5215 6 5472 3
bf566e75d5cb0196de4139573f8bbbda0fa38d5048edf7267fe8793dcc094a66,7309 12 7564 14 7819 15 8074 16 8330 16 8586 16 8842 16 9098 16 9355 15 9611 14 9868 13 10124 12 10381 10 10638 9 10895 7 11152 6 11409 4
bf566e75d5cb0196de4139573f8bbbda0fa38d5048edf7267fe8793dcc094a66,47363 1 47617 4 47873 6 48129 7 48385 7 48641 7 48897 7 49153 7 49410 6 49668 3
bf566e75d5cb0196de4139573f8bbbda0fa38d5048edf7267fe8793dcc094a66,46524 7 46778 10 47033 11 47289 11 47545 10 47801 10 48057 10 48313 10 48570 9 48827 8 49084 6
bf566e75d5cb0196de4139573f8bbbda0fa38d5048edf7267fe8793dcc094a66,35821 5 36074 9 36329 10 36584 12 36840 12 37095 13 37351 13 37607 13 37863 13 38119 13 38375 13 38631 12 38887 11 39144 9 39401 6
bf566e75d5cb0196de4139573f8bbbda0fa38d5048edf7267fe8793dcc094a66,4717 4 4972 6 5228 6 5483 7 5739 7 5995 7 6251 8 6507 8 6764 7 7021 6 7280 2
bf566e75d5cb0196de4139573f8bbbda0fa38d5048edf7267fe8793dcc094a66,27571 2 27825 5 28080 6 28336 7 28592 7 28849 5 29106 3
