bfe8ef193a68a0a86a5e4ae1ddc27bda3f9ffe170494395be4030ba72737c565,17894 1 18148 2 18402 3 18657 3 18911 3 19160 9 19421 2
bfe8ef193a68a0a86a5e4ae1ddc27bda3f9ffe170494395be4030ba72737c565,44021 9 44275 12 44530 14 44785 16 45040 17 45296 17 45551 18 45807 18 46062 19 46318 19 46574 19 46830 19 47086 19 47343 18 47599 18 47855 18 48112 17 48369 15 48626 13 48883 10 49141 5
bfe8ef193a68a0a86a5e4ae1ddc27bda3f9ffe170494395be4030ba72737c565,46573 1 46829 1 47085 1 47342 1 47598 1 47854 1 48111 1 48368 1 48384 1 48625 1 48639 1 48882 1 48893 2 49139 2 49146 3 49397 6
bfe8ef193a68a0a86a5e4ae1ddc27bda3f9ffe170494395be4030ba72737c565,18810 6 19065 8 19317 16 19571 19 19826 21 20082 21 20338 22 20594 23 20849 25 21105 26 21361 27 21617 27 21873 27 22130 26 22386 25 22643 23 22899 24 23156 23 23413 22 23669 22 23926 21 24182 21 24438 20 24695 17 24952 14
bfe8ef193a68a0a86a5e4ae1ddc27bda3f9ffe170494395be4030ba72737c565,24576 1 24831 2 25087 2 25342 3 25598 3 25853 4 26108 5 26363 6 26620 5 26876 5 27133 4 27390 3 27647 2 27904 1
bfe8ef193a68a0a86a5e4ae1ddc27bda3f9ffe170494395be4030ba72737c565,35194 7 35448 11 35703 13 35958 16 36213 17 36468 19 36724 20 36979 21 37235 22 37491 22 37746 23 38002 24 38258 24 38514 24 38770 24 39027 23 39283 23 39539 23 39795 23 40052 21 40309 20 40565 20 40822 18 41079 17 41336 15 41593 13 41851 9
bfe8ef193a68a0a86a5e4ae1ddc27bda3f9ffe170494395be4030ba72737c565,31833 6 32087 11 32341 14 32596 16 32851 18 33106 20 33362 21 33617 22 33873 23 34129 23 34384 25 34640 25 34896 25 35152 25 35408 25 35664 24 35921 23 36177 23 36434 21 36690 20 36947 19 37204 17 37461 14 37719 11 37977 6
bfe8ef193a68a0a86a5e4ae1ddc27bda3f9ffe170494395be4030ba72737c565,36509 5 36761 13 37015 17 37270 19 37525 22 37780 24 38035 26 38291 26 38546 28 38802 28 39058 29 39313 30 39569 30 39825 30 40081 30 40337 30 40594 29 40850 29 41106 28 41363 27 41619 27 41876 25 42133 24 42390 22 42648 19 42905 17 43163 13 43422 8
bfe8ef193a68a0a86a5e4ae1ddc27bda3f9ffe170494395be4030ba72737c565,47061 9 47316 11 47571 13 47826 15 48081 17 48337 17 48592 18 48848 19 49104 19 49359 20 49615 20 49871 19 50127 19 50383 19 50639 18 50895 17 51152 16 51408 15 51664 14 51921 12 52178 10 52436 6
bfe8ef193a68a0a86a5e4ae1ddc27bda3f9ffe170494395be4030ba72737c565,40904 8 41158 12 41413 14 41668 16 41924 17 42179 18 42435 19 42690 20 42946 20 43202 20 43458 21 43714 21 43970 20 44227 19 44483 19 44740 17 44996 17 45253 15 45510 13 45767 11 46025 8
bfe8ef193a68a0a86a5e4ae1ddc27bda3f9ffe170494395be4030ba72737c565,21773 9 22028 11 22284 12 22539 14 22795 16 23051 17 23306 20 23561 22 23817 25 24072 31 24328 32 24583 25 24614 2 24839 24 24871 2 25095 23 25128 1 25350 24 25385 1 25606 24 25642 1 25862 23 25898 2 26118 23 26155 2 26374 22 26411 3 26630 22 26668 3 26887 21 26924 4 27143 20 27180 4 27399 19 27436 4 27656 16 27693 3 27912 15 27949 4 28169 13 28205 4 28426 12 28461 4 28683 11 28717 4 28940 10 28973 5 29197 8 29229 5 29454 7 29485 6 29712 5 29741 7 29968 5 29997 8 30224 5 30253 9 30480 6 30491 8 30508 2 30517 2 30737 19 30775 1 30993 22 31032 1 31250 17 31508 14 31770 7 32027 5 32284 4 32541 3 32797 2 33053 2 33310 1 33566 1
bfe8ef193a68a0a86a5e4ae1ddc27bda3f9ffe170494395be4030ba72737c565,166 20 424 17 683 13 940 11 1197 9 1453 7 1710 2
bfe8ef193a68a0a86a5e4ae1ddc27bda3f9ffe170494395be4030ba72737c565,26602 1 26857 14 27112 16 27365 19 27620 21 27876 21 28132 22 28387 23 28643 23 28899 23 29155 22 29410 23 29666 23 29922 23 30178 23 30434 22 30689 23 30945 22 31201 22 31458 20 31714 19 31971 16 32228 14
bfe8ef193a68a0a86a5e4ae1ddc27bda3f9ffe170494395be4030ba72737c565,6334 9 6588 13 6842 17 7097 19 7352 21 7607 22 7862 24 8118 24 8373 26 8629 26 8884 27 9140 27 9396 27 9652 28 9908 28 10164 27 10420 27 10676 27 10932 27 11189 25 11445 25 11702 23 11958 23 12215 21 12472 19 12729 17 12986 15 13244 12 13502 8
bfe8ef193a68a0a86a5e4ae1ddc27bda3f9ffe170494395be4030ba72737c565,19503 9 19758 13 20012 17 20267 19 20523 20 20778 22 21034 23 21289 24 21545 25 21801 25 22057 25 22313 25 22569 25 22826 24 23083 23 23340 22 23596 22 23853 20 24110 18 24366 16 24623 13 24880 9 25138 4
bfe8ef193a68a0a86a5e4ae1ddc27bda3f9ffe170494395be4030ba72737c565,18923 3 19177 6 19428 13 19683 16 19939 17 20195 18 20450 20 20706 20 20962 21 21218 21 21474 21 21730 22 21986 22 22242 22 22498 22 22754 22 23010 22 23266 21 23523 20 23779 20 24036 18 24293 15 24549 14 24808 7
bfe8ef193a68a0a86a5e4ae1ddc27bda3f9ffe170494395be4030ba72737c565,45192 2 45445 6 45702 6 45958 7 46215 7 46473 6 46730 8 46986 10 47242 12 47499 12 47755 13 48011 14 48267 15 48523 15 48778 17 49034 17 49289 18 49545 18 49800 20 50056 20 50311 21 50566 21 50822 21 51077 22 51333 21 51592 18 51849 16 52107 13 52364 11 52622 7
bfe8ef193a68a0a86a5e4ae1ddc27bda3f9ffe170494395be4030ba72737c565,28368 2 28621 11 28875 14 29130 16 29382 20 29636 22 29891 23 30147 23 30403 24 30658 25 30914 25 31170 26 31425 27 31681 28 31937 29 32193 29 32449 28 32705 28 32961 28 33218 26 33474 26 33730 25 33987 23 34243 22 34500 20 34757 18 35014 15 35272 10
bfe8ef193a68a0a86a5e4ae1ddc27bda3f9ffe170494395be4030ba72737c565,47221 1 47477 1 47733 1 47989 1 48245 1 48501 1 48757 1 49013 1 49269 2 49525 3 49782 2 50039 2 50295 4 50552 3 50810 1 51067 1
bfe8ef193a68a0a86a5e4ae1ddc27bda3f9ffe170494395be4030ba72737c565,24608 6 24863 8 25118 10 25374 11 25630 12 25885 13 26141 14 26396 15 26652 16 26908 16 27163 17 27418 18 27672 21 27927 22 28182 23 28438 23 28694 23 28950 23 29205 24 29461 24 29717 24 29973 24 30229 24 30486 5 30499 9 30756 7
bfe8ef193a68a0a86a5e4ae1ddc27bda3f9ffe170494395be4030ba72737c565,22471 12 22726 15 22981 18 23236 20 23492 20 23748 20 24003 21 24259 21 24515 21 24771 20 25026 21 25282 21 25538 21 25795 20 26051 19 26307 17 26563 17 26820 15 27078 9
bfe8ef193a68a0a86a5e4ae1ddc27bda3f9ffe170494395be4030ba72737c565,29440 1 29695 2 29950 3 30205 4 30461 4 30716 5 30972 5 31227 6 31482 7 31737 8 31993 8 32248 9 32503 10 32759 10 33014 11 33270 11 33526 11 33781 12 34037 12 34294 11 34550 11 34807 10 35064 9 35321 8 35578 7 35835 6 36093 4 36352 1
bfe8ef193a68a0a86a5e4ae1ddc27bda3f9ffe170494395be4030ba72737c565,9245 9 9499 13 9753 17 10007 20 10262 22 10517 24 10772 26 11028 26 11283 27 11539 27 11794 28 12050 28 12306 28 12562 28 12818 28 13074 27 13330 27 13586 26 13843 25 14099 25 14355 24 14612 23 14868 22 15125 20 15382 18 15639 15 15897 12 16155 7
bfe8ef193a68a0a86a5e4ae1ddc27bda3f9ffe170494395be4030ba72737c565,38395 6 38648 9 38903 10 39158 11 39413 12 39668 13 39924 13 40180 13 40436 13 40692 13 40948 13 41204 13 41460 13 41717 12 41973 12 42230 11 42487 10 42748 5 43008 1
bfe8ef193a68a0a86a5e4ae1ddc27bda3f9ffe170494395be4030ba72737c565,60222 2 60475 9 60729 13 60984 16 61239 18 61494 20 61749 22 62004 23 62260 24 62515 25 62770 27 63026 27 63282 27 63538 27 63794 27 64050 27 64306 27 64562 27 64818 27 65074 27 65331 25
bfe8ef193a68a0a86a5e4ae1ddc27bda3f9ffe170494395be4030ba72737c565,58908 7 59162 11 59416 15 59671 17 59926 19 60181 20 60437 21 60692 22 60948 22 61203 24 61459 24 61715 24 61971 24 62227 24 62483 24 62739 24 62995 24 63251 24 63507 24 63764 22 64020 22 64277 20 64534 19 64790 18 65047 16 65304 14
bfe8ef193a68a0a86a5e4ae1ddc27bda3f9ffe170494395be4030ba72737c565,15552 4 15805 11 16060 14 16315 17 16570 19 16825 21 17081 22 17336 24 17592 24 17848 24 18104 25 18360 25 18616 25 18872 26 19128 26 19384 26 19640 27 19897 26 20153 26 20410 25 20667 24 20924 22 21180 21 21437 19 21694 17 21951 4
bfe8ef193a68a0a86a5e4ae1ddc27bda3f9ffe170494395be4030ba72737c565,50177 1 50433 4 50689 6 50945 8 51201 10 51457 11 51713 12 51969 12 52225 13 52481 13 52737 13 52993 13 53249 13 53505 13 53761 13 54017 13 54273 13 54529 12 54785 12 55041 11 55297 10 55553 9 55809 7 56065 5 56321 1
bfe8ef193a68a0a86a5e4ae1ddc27bda3f9ffe170494395be4030ba72737c565,13276 6 13530 9 13785 14 14040 15 14295 17 14550 18 14806 19 15062 19 15317 20 15573 20 15829 20 16084 22 16340 21 16596 21 16852 20 17108 20 17364 19 17620 19 17876 18 18133 15 18390 12 18647 10 18904 7
bfe8ef193a68a0a86a5e4ae1ddc27bda3f9ffe170494395be4030ba72737c565,14834 1 15089 6 15104 1 15344 8 15358 3 15600 17 15855 18 16111 18 16367 18 16623 18 16880 17 17137 16 17393 16 17649 16 17906 15 18163 14 18420 13 18676 13 18934 11 19191 10 19448 9 19704 9 19960 9 20217 8 20474 7 20731 6 20988 5
bfe8ef193a68a0a86a5e4ae1ddc27bda3f9ffe170494395be4030ba72737c565,6642 4 6895 10 7150 13 7405 15 7660 17 7915 19 8171 20 8427 21 8683 22 8939 22 9195 22 9451 22 9707 22 9963 22 10219 22 10476 21 10732 21 10989 20 11245 20 11502 19 11759 18 12016 16 12273 14 12531 10 12791 3
bfe8ef193a68a0a86a5e4ae1ddc27bda3f9ffe170494395be4030ba72737c565,14219 10 14472 15 14727 18 14981 21 15236 23 15491 24 15747 25 16002 26 16258 26 16513 27 16769 27 17025 27 17281 27 17536 28 17792 28 18048 28 18303 28 18557 30 18816 27 19073 25 19333 21 19590 19 19847 17 20103 16 20360 14 20617 10 20874 6 21131 4 21388 2 21644 1 21900 1
bfe8ef193a68a0a86a5e4ae1ddc27bda3f9ffe170494395be4030ba72737c565,62958 6 63211 12 63465 17 63719 21 63974 23 64229 26 64484 27 64739 29 64995 30 65250 31 65506 31
bfe8ef193a68a0a86a5e4ae1ddc27bda3f9ffe170494395be4030ba72737c565,45433 12 45688 14 45943 15 46199 16 46455 18 46710 20 46966 20 47222 20 47478 21 47734 21 47990 21 48246 21 48502 21 48758 20 49014 20 49271 18 49528 17 49784 16 50041 15 50299 12 50555 11 50811 11 51068 9
bfe8ef193a68a0a86a5e4ae1ddc27bda3f9ffe170494395be4030ba72737c565,49957 8 50211 12 50466 15 50721 17 50976 19 51232 20 51487 22 51743 22 51999 23 52254 24 52510 24 52766 25 53022 25 53278 25 53534 25 53790 25 54046 25 54302 25 54558 24 54814 24 55070 24 55327 22 55583 21 55840 20 56097 18 56354 16 56612 13 56870 9
bfe8ef193a68a0a86a5e4ae1ddc27bda3f9ffe170494395be4030ba72737c565,1438 2 1692 5 1946 10 2201 13 2456 15 2711 19 2966 21 3221 23 3477 25 3733 27 3988 29 4244 29 4500 30 4756 30 5012 30 5268 30 5525 29 5781 30 6037 30 6294 29 6550 28 6807 27 7064 26 7321 25 7578 23 7836 20 8095 16 8354 12 8613 6
bfe8ef193a68a0a86a5e4ae1ddc27bda3f9ffe170494395be4030ba72737c565,30510 7 30763 12 31015 17 31267 22 31522 24 31777 25 32032 26 32288 26 32544 26 32799 27 33055 27 33311 26 33567 26 33823 26 34079 25 34335 25 34592 23 34849 21 35105 20 35362 18 35619 15 35877 11
