bff985591dd5d6303018a6e9a3dcfb336771a414ad4605c24ce1c1155fc86a96,19130 4 19385 6 19641 7 19896 9 20151 10 20407 10 20663 9 20919 8 21175 8 21434 3
bff985591dd5d6303018a6e9a3dcfb336771a414ad4605c24ce1c1155fc86a96,24574 3 24828 5 25082 7 25337 8 25593 8 25848 8 26103 9 26359 9 26614 10 26870 10 27126 10 27383 9 27642 6 27898 5 28155 3
bff985591dd5d6303018a6e9a3dcfb336771a414ad4605c24ce1c1155fc86a96,11209 7 11465 9 11722 8 11978 8 12234 9 12490 9 12747 7 13005 5
bff985591dd5d6303018a6e9a3dcfb336771a414ad4605c24ce1c1155fc86a96,1712 3 1967 5 2223 5 2479 5 2736 3
bff985591dd5d6303018a6e9a3dcfb336771a414ad4605c24ce1c1155fc86a96,1205 3 1460 5 1716 5 1972 5 2229 3
bff985591dd5d6303018a6e9a3dcfb336771a414ad4605c24ce1c1155fc86a96,2217 4 2472 6 2728 7 2984 7 3241 6 3498 5 3755 3
bff985591dd5d6303018a6e9a3dcfb336771a414ad4605c24ce1c1155fc86a96,21685 1 21935 8 22190 9 22445 10 22702 8 22958 8 23214 7 23470 8 23726 8 23983 8 24240 7 24500 3
bff985591dd5d6303018a6e9a3dcfb336771a414ad4605c24ce1c1155fc86a96,14500 6 14755 8 15010 10 15266 11 15522 11 15779 10 16035 10 16292 9 16549 7 16805 7
bff985591dd5d6303018a6e9a3dcfb336771a414ad4605c24ce1c1155fc86a96,11198 11 11453 12 11709 13 11962 16 12218 16 12474 16 12729 18 12985 16 13242 14 13499 13 13756 10 14013 6
bff985591dd5d6303018a6e9a3dcfb336771a414ad4605c24ce1c1155fc86a96,32510 3 32764 5 33018 7 33274 7 33530 7 33786 7 34042 7 34298 7 34554 7 34811 6 35069 4
bff985591dd5d6303018a6e9a3dcfb336771a414ad4605c24ce1c1155fc86a96,11134 9 11389 13 11644 15 11899 17 12154 19 12410 19 12666 20 12922 20 13178 21 13435 20 13691 20 13948 19 14204 19 14460 18 14717 17 14974 15 15231 13 15490 9 15746 7
bff985591dd5d6303018a6e9a3dcfb336771a414ad4605c24ce1c1155fc86a96,37376 1 37631 2 37886 3 38142 3 38397 4 38653 4 38909 4 39164 5 39420 5 39676 5 39933 4 40189 4
bff985591dd5d6303018a6e9a3dcfb336771a414ad4605c24ce1c1155fc86a96,178 7 434 7 690 7 947 6 1204 1
bff985591dd5d6303018a6e9a3dcfb336771a414ad4605c24ce1c1155fc86a96,28669 4 28924 5 29180 5 29435 6 29691 6 29947 6 30203 6 30459 6 30715 6 30972 5 31229 4 31486 3
bff985591dd5d6303018a6e9a3dcfb336771a414ad4605c24ce1c1155fc86a96,3255 7 3509 9 3763 12 4018 13 4273 15 4529 15 4785 16 5041 16 5298 15 5554 13 5811 12 6067 11 6325 8 6583 6
bff985591dd5d6303018a6e9a3dcfb336771a414ad4605c24ce1c1155fc86a96,11435 4 11690 7 11945 9 12200 11 12456 11 12712 11 12969 10 13224 11 13480 10 13736 10 13994 7
bff985591dd5d6303018a6e9a3dcfb336771a414ad4605c24ce1c1155fc86a96,37936 3 38191 5 38442 11 38697 12 38953 12 39209 12 39465 12 39721 12 39977 11 40233 11 40490 9
