c043d5ac9dd466052e53491d0d513b0684f493d320b820f6dc2e05330ce58ec3,52216 5 52471 10 52726 11 52982 11 53238 11 53494 11 53750 11 54006 11 54262 11 54520 9 54777 8
c043d5ac9dd466052e53491d0d513b0684f493d320b820f6dc2e05330ce58ec3,19280 7 19535 9 19790 11 20045 12 20301 12 20557 12 20813 12 21070 10 21326 10
c043d5ac9dd466052e53491d0d513b0684f493d320b820f6dc2e05330ce58ec3,28801 5 29054 10 29308 13 29564 13 29820 13 30076 13 30332 13 30588 13 30845 10
c043d5ac9dd466052e53491d0d513b0684f493d320b820f6dc2e05330ce58ec3,35611 9 35866 12 36122 14 36378 14 36634 15 36890 15 37146 15 37403 14 37660 13 37919 8
c043d5ac9dd466052e53491d0d513b0684f493d320b820f6dc2e05330ce58ec3,7163 6 7416 9 7672 9 7927 10 8183 10 8439 10 8695 10 8951 10
c043d5ac9dd466052e53491d0d513b0684f493d320b820f6dc2e05330ce58ec3,57366 8 57621 11 57877 13 58132 15 58388 16 58644 17 58900 18 59156 19 59412 19 59668 19 59924 19 60180 19 60437 17 60694 16 60952 13 61209 11 61467 8
c043d5ac9dd466052e53491d0d513b0684f493d320b820f6dc2e05330ce58ec3,4498 10 4753 12 5008 13 5263 14 5518 15 5774 15 6030 15 6286 14 6542 13 6799 11 7055 9 7312 6
c043d5ac9dd466052e53491d0d513b0684f493d320b820f6dc2e05330ce58ec3,46042 10 46296 12 46551 14 46807 15 47063 15 47319 15 47575 15 47831 15 48088 13 48345 11 48601 11 48860 5
c043d5ac9dd466052e53491d0d513b0684f493d320b820f6dc2e05330ce58ec3,37747 11 38002 13 38258 14 38513 16 38768 18 39024 19 39280 19 39536 19 39792 19 40048 19 40304 19 40560 19 40817 17 41074 13 41331 9
c043d5ac9dd466052e53491d0d513b0684f493d320b820f6dc2e05330ce58ec3,11533 7 11787 13 12043 13 12297 16 12553 16 12809 16 13065 16 13321 16 13577 16 13833 15 14090 13
c043d5ac9dd466052e53491d0d513b0684f493d320b820f6dc2e05330ce58ec3,42424 7 42679 8 42935 9 43191 9 43446 10 43702 10 43958 10 44214 10 44470 10 44726 10 44982 9 45238 9 45494 8 45751 6 46007 5
c043d5ac9dd466052e53491d0d513b0684f493d320b820f6dc2e05330ce58ec3,25894 6 26146 12 26400 14 26655 15 26910 16 27166 16 27422 16 27678 15 27934 15 28190 14 28447 12 28706 9
c043d5ac9dd466052e53491d0d513b0684f493d320b820f6dc2e05330ce58ec3,19892 6 20148 7 20404 7 20659 8 20913 11 21167 13 21423 13 21679 13 21934 14 22190 14 22446 13 22702 13 22958 12 23214 12 23471 10 23728 8
