c04fa1a74a980d790ba6f3e595fd9851f14370bb71c7cbb7846c33ca9d72687f,49595 8 49849 11 50105 11 50360 13 50616 13 50873 12 51130 11 51387 10 51644 8 51903 4
c04fa1a74a980d790ba6f3e595fd9851f14370bb71c7cbb7846c33ca9d72687f,13840 9 14096 9 14350 12 14605 14 14860 15 15116 15 15372 16 15628 16 15884 14 16141 12 16398 10 16655 8 16912 5
c04fa1a74a980d790ba6f3e595fd9851f14370bb71c7cbb7846c33ca9d72687f,39771 7 40026 8 40281 10 40537 10 40793 10 41050 9 41307 7 41564 3
c04fa1a74a980d790ba6f3e595fd9851f14370bb71c7cbb7846c33ca9d72687f,50809 5 51065 6 51321 6 51577 7 51832 8 52087 9 52344 8 52601 7 52858 6 53114 5
c04fa1a74a980d790ba6f3e595fd9851f14370bb71c7cbb7846c33ca9d72687f,16139 2 16394 4 16650 5 16906 6 17163 7 17419 7 17677 4
c04fa1a74a980d790ba6f3e595fd9851f14370bb71c7cbb7846c33ca9d72687f,39827 6 40079 10 40334 12 40589 14 40844 16 41100 16 41355 18 41611 18 41867 19 42123 19 42379 19 42635 18 42891 18 43147 17 43403 18 43660 16 43917 15 44173 14 44431 12 44688 10 44947 6
c04fa1a74a980d790ba6f3e595fd9851f14370bb71c7cbb7846c33ca9d72687f,51570 2 51825 4 52081 6 52337 7 52593 8 52850 8 53107 7 53364 6 53621 4
c04fa1a74a980d790ba6f3e595fd9851f14370bb71c7cbb7846c33ca9d72687f,56797 5 57052 8 57307 8 57563 8 57819 8 58075 8 58332 7 58588 7 58844 7 59100 7 59357 5
c04fa1a74a980d790ba6f3e595fd9851f14370bb71c7cbb7846c33ca9d72687f,63902 3 64157 5 64411 7 64667 7 64922 9 65178 9 65435 5
c04fa1a74a980d790ba6f3e595fd9851f14370bb71c7cbb7846c33ca9d72687f,58866 7 59119 11 59374 13 59630 13 59886 13 60142 13 60398 12 60654 11 60910 9 61168 5
c04fa1a74a980d790ba6f3e595fd9851f14370bb71c7cbb7846c33ca9d72687f,56263 4 56515 10 56770 13 57026 13 57281 14 57537 14 57793 15 58049 15 58305 16 58561 16 58817 15 59073 15 59331 12 59589 9 59846 7 60102 6 60359 5 60616 2
c04fa1a74a980d790ba6f3e595fd9851f14370bb71c7cbb7846c33ca9d72687f,51012 4 51267 6 51523 7 51778 9 52034 9 52290 9 52546 9 52803 8 53059 8 53316 7 53575 3
c04fa1a74a980d790ba6f3e595fd9851f14370bb71c7cbb7846c33ca9d72687f,15807 7 16061 10 16316 13 16572 14 16828 17 17084 17 17341 16 17597 17 17853 17 18110 16 18367 15 18624 14 18881 12 19138 11 19394 9 19655 1
c04fa1a74a980d790ba6f3e595fd9851f14370bb71c7cbb7846c33ca9d72687f,2934 4 3188 7 3443 9 3698 10 3953 11 4209 11 4464 12 4720 11 4976 11 5232 10 5488 10 5744 9 6001 8 6257 8 6514 7 6770 7 7026 4
c04fa1a74a980d790ba6f3e595fd9851f14370bb71c7cbb7846c33ca9d72687f,43108 7 43363 10 43619 11 43874 12 44129 13 44385 13 44641 13 44897 12 45153 12 45410 10 45666 10 45923 9 46180 5 46436 4
c04fa1a74a980d790ba6f3e595fd9851f14370bb71c7cbb7846c33ca9d72687f,50292 4 50547 6 50803 6 51059 6 51315 6 51572 5 51829 3
c04fa1a74a980d790ba6f3e595fd9851f14370bb71c7cbb7846c33ca9d72687f,27278 7 27531 12 27784 16 28040 19 28296 20 28552 20 28807 21 29063 22 29319 22 29575 21 29831 21 30087 21 30343 21 30599 20 30855 20 31112 18 31370 16 31627 14 31883 12 32142 7
c04fa1a74a980d790ba6f3e595fd9851f14370bb71c7cbb7846c33ca9d72687f,36061 4 36315 8 36571 10 36826 12 37082 13 37338 14 37594 14 37851 13 38112 8 38369 7 38625 7 38880 7 39137 4 39393 3
c04fa1a74a980d790ba6f3e595fd9851f14370bb71c7cbb7846c33ca9d72687f,49993 7 50248 9 50504 9 50760 9 51016 9 51273 8 51530 7 51787 6 52043 5 52299 5 52555 5 52812 3
c04fa1a74a980d790ba6f3e595fd9851f14370bb71c7cbb7846c33ca9d72687f,53725 5 53979 7 54235 7 54491 7 54747 7 55004 5
c04fa1a74a980d790ba6f3e595fd9851f14370bb71c7cbb7846c33ca9d72687f,39103 7 39357 10 39613 11 39867 13 40123 14 40378 15 40635 14 40891 14 41147 13 41403 1
c04fa1a74a980d790ba6f3e595fd9851f14370bb71c7cbb7846c33ca9d72687f,90 14 348 12 605 10 861 8 1118 4 1376 2
c04fa1a74a980d790ba6f3e595fd9851f14370bb71c7cbb7846c33ca9d72687f,64700 4 64953 7 65209 10 65464 11
c04fa1a74a980d790ba6f3e595fd9851f14370bb71c7cbb7846c33ca9d72687f,979 8 1233 13 1488 14 1744 15 2000 15 2256 15 2512 15 2768 16 3026 14 3283 13 3539 12 3796 10 4054 7
c04fa1a74a980d790ba6f3e595fd9851f14370bb71c7cbb7846c33ca9d72687f,16225 8 16480 10 16736 11 16992 11 17247 13 17503 2 17513 4 17758 2 17769 4 18014 1 18026 3 18269 1 18283 2 18539 2 18795 2 19051 2 19306 3 19547 1 19562 3 19803 1 19817 4 20059 1 20073 4 20315 1 20329 4 20572 2 20585 4 20828 2 20841 3 21085 2 21095 5 21342 13 21600 10 21858 6
c04fa1a74a980d790ba6f3e595fd9851f14370bb71c7cbb7846c33ca9d72687f,51890 8 51901 2 52143 19 52398 20 52653 22 52909 22 53164 23 53420 23 53676 23 53932 23 54188 22 54445 21 54701 20 54958 17 55216 13 55474 9
c04fa1a74a980d790ba6f3e595fd9851f14370bb71c7cbb7846c33ca9d72687f,6357 10 6611 12 6865 16 7119 18 7374 20 7629 22 7885 22 8141 22 8396 23 8652 23 8908 23 9164 22 9420 22 9676 22 9933 21 10190 20 10446 19 10703 17 10961 13 11218 10 11477 5
c04fa1a74a980d790ba6f3e595fd9851f14370bb71c7cbb7846c33ca9d72687f,55133 3 55389 5 55646 5 55903 5 56160 5 56417 4 56673 4 56929 4 57181 8 57438 7 57696 2
c04fa1a74a980d790ba6f3e595fd9851f14370bb71c7cbb7846c33ca9d72687f,18459 4 18713 9 18969 11 19225 12 19481 12 19738 11 20000 4
c04fa1a74a980d790ba6f3e595fd9851f14370bb71c7cbb7846c33ca9d72687f,13593 4 13849 10 14105 10 14362 10 14619 9 14875 9 15131 9 15388 8 15645 6 15903 4
c04fa1a74a980d790ba6f3e595fd9851f14370bb71c7cbb7846c33ca9d72687f,55027 1 55032 1 55281 10 55536 11 55790 14 56045 15 56300 15 56556 15 56812 15 57067 16 57323 15 57579 14 57836 12 58092 11 58349 7 58606 5
c04fa1a74a980d790ba6f3e595fd9851f14370bb71c7cbb7846c33ca9d72687f,25451 3 25705 6 25958 10 26214 11 26470 12 26726 12 26981 13 27237 13 27493 14 27749 14 28005 14 28262 13 28519 12 28776 11 29033 8 29291 5
c04fa1a74a980d790ba6f3e595fd9851f14370bb71c7cbb7846c33ca9d72687f,26146 2 26149 4 26400 10 26654 13 26910 14 27165 16 27421 17 27676 18 27932 18 28188 18 28444 17 28700 17 28957 15 29214 13 29472 2
c04fa1a74a980d790ba6f3e595fd9851f14370bb71c7cbb7846c33ca9d72687f,2842 5 3098 7 3353 9 3608 11 3861 14 4117 14 4372 16 4628 16 4884 16 5140 16 5396 16 5652 16 5908 15 6165 14 6423 11 6680 9 6938 5
c04fa1a74a980d790ba6f3e595fd9851f14370bb71c7cbb7846c33ca9d72687f,7490 7 7743 12 7996 17 8251 18 8507 19 8762 21 9017 22 9273 23 9528 24 9784 24 10040 24 10296 24 10552 24 10808 24 11064 24 11321 23 11578 22 11836 20 12092 18 12348 17 12605 14 12863 8
c04fa1a74a980d790ba6f3e595fd9851f14370bb71c7cbb7846c33ca9d72687f,34551 3 34806 6 35062 7 35317 9 35573 9 35829 9 36085 9 36341 9 36597 9 36854 7 37110 7 37366 6 37623 4 37880 3
c04fa1a74a980d790ba6f3e595fd9851f14370bb71c7cbb7846c33ca9d72687f,42302 5 42308 4 42557 11 42813 12 43069 12 43325 12 43582 11 43837 12 44093 12 44349 11 44605 10 44862 8 45119 7
c04fa1a74a980d790ba6f3e595fd9851f14370bb71c7cbb7846c33ca9d72687f,25458 2 25713 3 25969 3 26225 4 26482 4 26738 4 26994 4
c04fa1a74a980d790ba6f3e595fd9851f14370bb71c7cbb7846c33ca9d72687f,17154 3 17410 4 17665 5 17921 5 18177 4 18433 4 18689 3 18945 3 19201 3 19457 3 19713 1
c04fa1a74a980d790ba6f3e595fd9851f14370bb71c7cbb7846c33ca9d72687f,39143 4 39399 6 39653 9 39908 10 40163 11 40419 11 40673 13 40929 13 41185 13 41441 13 41697 12 41953 12 42209 11 42466 9 42723 7
c04fa1a74a980d790ba6f3e595fd9851f14370bb71c7cbb7846c33ca9d72687f,54615 4 54869 9 55124 9 55380 9 55635 11 55891 12 56148 12 56404 13 56660 13 56917 12 57175 6 57433 4
c04fa1a74a980d790ba6f3e595fd9851f14370bb71c7cbb7846c33ca9d72687f,19994 6 20249 10 20504 12 20759 12 21015 11 21271 11 21529 9 21787 3 21792 4
c04fa1a74a980d790ba6f3e595fd9851f14370bb71c7cbb7846c33ca9d72687f,41404 13 41659 16 41915 16 42171 16 42426 18 42683 17 42939 17 43196 16 43452 16 43709 13 43966 11 44223 9
c04fa1a74a980d790ba6f3e595fd9851f14370bb71c7cbb7846c33ca9d72687f,27270 4 27525 5 27781 3 28037 3 28293 3 28550 2 28806 1
c04fa1a74a980d790ba6f3e595fd9851f14370bb71c7cbb7846c33ca9d72687f,15726 9 15981 11 16237 12 16493 13 16749 14 17004 16 17260 16 17517 15 17773 15 18029 15 18285 15 18541 15 18797 15 19053 14 19309 14 19565 14 19821 13 20077 12 20333 11 20589 10 20845 9 21102 6
c04fa1a74a980d790ba6f3e595fd9851f14370bb71c7cbb7846c33ca9d72687f,15644 1 15898 4 16153 5 16408 6 16663 6 16917 7 17170 8 17430 2
c04fa1a74a980d790ba6f3e595fd9851f14370bb71c7cbb7846c33ca9d72687f,44210 5 44465 6 44720 8 44976 9 45231 10 45487 10 45743 10 46000 9 46257 7 46513 5 46770 3
c04fa1a74a980d790ba6f3e595fd9851f14370bb71c7cbb7846c33ca9d72687f,64404 2 64658 5 64914 6 65170 6 65426 6
c04fa1a74a980d790ba6f3e595fd9851f14370bb71c7cbb7846c33ca9d72687f,48885 6 49139 9 49394 11 49650 12 49906 12 50163 11 50419 11 50675 11 50932 9 51189 8 51445 5
c04fa1a74a980d790ba6f3e595fd9851f14370bb71c7cbb7846c33ca9d72687f,17505 8 17760 9 18015 11 18270 13 18525 14 18780 15 19036 15 19292 14 19548 14 19804 13 20060 13 20316 13 20574 11 20830 11 21087 8
c04fa1a74a980d790ba6f3e595fd9851f14370bb71c7cbb7846c33ca9d72687f,57519 4 57773 9 58029 10 58284 12 58541 12 58797 13 59053 13 59310 12 59568 9
c04fa1a74a980d790ba6f3e595fd9851f14370bb71c7cbb7846c33ca9d72687f,2314 4 2568 7 2823 9 3078 10 3333 11 3589 12 3845 12 4100 13 4356 13 4612 13 4869 12 5125 11 5382 9 5639 6
c04fa1a74a980d790ba6f3e595fd9851f14370bb71c7cbb7846c33ca9d72687f,45165 3 45420 4 45676 4 45932 4 46186 5 46442 4
c04fa1a74a980d790ba6f3e595fd9851f14370bb71c7cbb7846c33ca9d72687f,2645 4 2900 7 3156 8 3412 9 3666 11 3922 12 4178 12 4434 13 4690 13 4946 13 5203 12 5460 11 5717 9 5974 5
c04fa1a74a980d790ba6f3e595fd9851f14370bb71c7cbb7846c33ca9d72687f,33097 1 33350 9 33605 11 33860 14 34114 17 34370 17 34625 18 34880 19 35136 19 35392 19 35647 20 35903 20 36159 19 36415 19 36671 18 36927 18 37184 16 37441 14 37699 11 37955 11 38213 8
c04fa1a74a980d790ba6f3e595fd9851f14370bb71c7cbb7846c33ca9d72687f,45560 6 45814 9 46069 10 46325 10 46581 10 46837 10 47094 9 47351 7 47609 5
