c169a7782a69ea2f38f64d2739de189e88adbcfd4a829721def8c89ecabe8b71,101 49 461 51 821 51 1182 50 1542 48 1902 48 2263 47 2623 46 2984 45 3344 45 3704 44 4064 44 4424 43 4786 40 5147 39 5508 37 5868 35 6229 34 6590 32 6951 30 7312 28 7672 27 8032 27 8394 24 8756 20 9117 16 9480 11 9844 5
c169a7782a69ea2f38f64d2739de189e88adbcfd4a829721def8c89ecabe8b71,122893 14 123251 19 123609 22 123968 24 124327 25 124685 28 125045 30 125403 33 125763 34 126122 37 126482 39 126841 41 127201 43 127560 46 127920 47 128279 49 128639 50 128998 52 129358 53
c169a7782a69ea2f38f64d2739de189e88adbcfd4a829721def8c89ecabe8b71,71123 12 71481 17 71840 19 72199 21 72557 24 72916 26 73274 29 73633 31 73992 33 74351 35 74710 37 75070 37 75429 39 75788 40 76148 41 76507 43 76867 43 77227 43 77586 44 77946 46 78306 46 78666 46 79026 45 79386 45 79746 45 80105 46 80465 46 80825 46 81184 47 81544 47 81904 47 82263 48 82623 48 82983 47 83342 47 83702 47 84061 47 84421 47 84781 46 85141 46 85501 46 85860 47 86220 47 86580 47 86940 47 87301 45 87661 45 88021 44 88382 42 88742 40 89102 40 89462 39 89823 37 90183 35 90544 33 90904 31 91266 28 91627 26 91989 23 92352 17 92717 9
c169a7782a69ea2f38f64d2739de189e88adbcfd4a829721def8c89ecabe8b71,92299 9 92657 11 93014 18 93373 21 93730 25 94086 32 94444 35 94803 38 95161 41 95520 43 95879 45 96237 47 96596 49 96955 50 97314 52 97672 8 97681 45 98032 7 98040 46 98391 55 98751 55 99111 55 99471 54 99831 54 100191 54 100551 54 100911 54 101271 54 101631 54 101991 54 102351 54 102711 53 103071 53 103432 52 103792 51 104152 51 104513 50 104874 44 105234 44 105596 41 105957 39 106317 37 106678 35 107039 33 107400 30 107762 26 108123 23 108483 21 108847 15 109211 7
c169a7782a69ea2f38f64d2739de189e88adbcfd4a829721def8c89ecabe8b71,83557 2 83916 6 84274 8 84632 11 84991 13 85349 15 85709 15 86067 17 86426 18 86785 19 87145 19 87505 19 87864 21 88224 20 88584 21 88944 21 89304 22 89663 23 90023 23 90382 25 90742 25 91102 26 91462 26 91821 28 92181 29 92541 29 92900 34 93260 34 93620 35 93980 36 94340 37 94700 38 95060 33 95094 4 95420 40 95780 40 96140 35 96176 5 96500 42 96860 35 96897 6 97220 43 97580 44 97940 45 98300 45 98660 46 99020 46 99380 47 99741 46 100101 47 100461 47 100821 48 101181 48 101541 48 101901 48 102261 48 102621 4 102626 44 102982 3 102986 44 103342 48 103702 48 104062 48 104423 47 104783 47 105144 45 105504 45 105864 45 106225 44 106585 44 106946 42 107306 42 107667 41 108027 41 108388 26 108415 13 108748 40 109109 38 109470 13 109484 22 109830 18 109849 16 110191 33 110551 33 110912 30 111273 28 111635 25 111996 21 112357 16 112719 12
c169a7782a69ea2f38f64d2739de189e88adbcfd4a829721def8c89ecabe8b71,171 40 531 39 892 38 1252 38 1613 36 1974 34 2334 34 2694 33 3055 31 3415 30 3777 26 4136 27 4500 22 4859 22 5221 20 5582 17 5945 13 6309 8 6669 6
c169a7782a69ea2f38f64d2739de189e88adbcfd4a829721def8c89ecabe8b71,87092 10 87451 14 87810 20 88168 26 88527 29 88885 33 89244 36 89603 37 89963 38 90323 38 90680 41 91040 41 91399 42 91758 43 92118 43 92477 44 92837 44 93197 44 93557 44 93917 44 94277 44 94636 45 94996 45 95356 45 95716 45 96076 45 96436 45 96796 45 97156 45 97516 45 97876 45 98236 45 98596 45 98956 45 99316 45 99676 45 100036 45 100396 45 100757 44 101117 44 101478 43 101839 42 102199 42 102559 42 102920 41 103281 40 103641 40 104002 39 104363 38 104724 37 105085 36 105445 36 105806 35 106167 34 106528 33 106888 33 107249 32 107610 31 107971 30 108332 29 108693 28 109054 27 109415 26 109777 24 110139 22 110502 19 110865 16 111226 14 111589 9 111599 2 111950 11 112312 9 112676 5
c169a7782a69ea2f38f64d2739de189e88adbcfd4a829721def8c89ecabe8b71,67426 5 67784 10 68143 14 68502 17 68862 18 69221 20 69580 22 69940 23 70300 24 70659 26 71019 27 71378 29 71737 31 72095 35 72455 36 72814 37 73174 38 73533 39 73891 41 74250 42 74610 42 74969 44 75328 45 75687 46 76047 47 76406 48 76766 48 77126 48 77486 48 77846 48 78206 48 78567 45 78927 45 79287 44 79648 43 80009 42 80370 41 80731 39 81093 37 81454 35 81815 35 82177 33 82538 32 82899 31 83261 29 83621 30 83981 30 84342 29 84703 28 85063 28 85423 28 85784 27 86144 26 86505 25 86866 24 87227 22 87587 22 87947 21 88308 18 88668 17 89029 14 89391 10 89756 3
c169a7782a69ea2f38f64d2739de189e88adbcfd4a829721def8c89ecabe8b71,38879 2 39236 5 39594 7 39951 10 40311 10 40670 11 41029 12 41388 13 41747 14 42106 15 42466 15 42826 15 43186 15 43545 16 43904 17 44264 17 44624 17 44984 17 45344 17 45704 17 46063 18 46423 18 46783 18 47143 18 47503 18 47863 18 48223 18 48583 18 48943 18 49304 17 49664 17 50024 17 50385 16 50745 16 51105 16 51466 15 51826 15 52188 13 52548 13 52909 12 53270 11 53631 10 53993 8 54353 8 54716 5 55078 3
c169a7782a69ea2f38f64d2739de189e88adbcfd4a829721def8c89ecabe8b71,97921 2 98281 3 98641 4 99001 5 99361 5 99721 6 100081 7 100441 7 100801 7 101161 8 101521 8 101881 8 102241 8 102601 8 102961 9 103321 9 103681 9 104041 9 104401 9 104761 10 105121 10 105481 10 105841 11 106201 11 106561 11 106921 11 107281 11 107641 11 108001 11 108361 11 108721 11 109081 11 109441 11 109801 11 110161 11 110521 11 110881 11 111241 11 111601 11 111961 11 112321 11 112681 11 113041 10 113401 10 113761 10 114121 10 114481 9 114841 9 115201 9 115561 4 115566 4 115921 8 116281 8 116641 8 117001 7 117361 7 117721 7 118081 6 118441 6 118801 5 119161 4 119521 3 119881 3 120241 2 120601 1
c169a7782a69ea2f38f64d2739de189e88adbcfd4a829721def8c89ecabe8b71,70134 5 70491 13 70850 16 71209 18 71568 21 71590 3 71927 26 72286 28 72646 29 73005 31 73365 32 73725 32 74084 34 74444 34 74804 36 75163 37 75523 38 75883 38 76243 38 76603 38 76962 39 77322 39 77682 41 78042 41 78402 41 78762 41 79122 41 79482 41 79842 41 80202 41 80562 41 80922 41 81281 42 81642 41 82002 41 82362 41 82722 41 83082 41 83442 41 83802 41 84162 41 84522 41 84883 39 85243 39 85603 38 85964 37 86324 36 86685 35 87046 33 87407 32 87767 31 88129 29 88490 27 88851 25 89212 1 89214 19 89576 11 89588 2 89947 1
c169a7782a69ea2f38f64d2739de189e88adbcfd4a829721def8c89ecabe8b71,3280 8 3638 13 3997 14 4357 15 4716 17 5074 20 5432 22 5791 24 6150 26 6508 28 6868 29 7226 32 7585 33 7945 34 8305 34 8663 37 9023 38 9379 42 9737 44 10095 47 10453 49 10811 51 11169 53 11529 53 11889 54 12249 55 12608 56 12968 56 13328 56 13688 56 14047 59 14407 59 14767 59 15127 59 15487 59 15847 59 16207 59 16567 59 16927 58 17287 58 17647 58 18007 58 18367 58 18727 58 19087 58 19449 55 19809 55 20169 55 20529 54 20889 54 21249 53 21609 53 21969 53 22330 52 22690 52 23050 51 23410 51 23772 49 24132 48 24492 48 24852 47 25213 46 25573 45 25935 42 26295 42 26656 40 27017 39 27377 38 27738 36 28099 35 28460 33 28820 32 29181 30 29543 27 29903 26 30265 23 30627 19 30989 16 31351 13 31712 3 31716 5
c169a7782a69ea2f38f64d2739de189e88adbcfd4a829721def8c89ecabe8b71,5386 12 5744 15 6103 17 6462 18 6821 19 7181 19 7540 20 7899 6 7906 15 8258 23 8617 24 8976 25 9336 25 9695 26 10054 27 10414 27 10773 28 11132 29 11492 29 11851 30 12210 31 12570 31 12929 32 13289 32 13648 33 14007 34 14367 34 14727 34 15087 34 15447 34 15807 34 16167 34 16527 34 16887 34 17247 34 17607 34 17967 34 18326 35 18687 34 19047 34 19407 34 19767 34 20127 34 20488 33 20848 33 21209 32 21569 32 21930 31 22290 31 22651 30 23012 29 23372 29 23733 28 24093 28 24454 27 24815 26 25176 25 25536 25 25897 24 26258 23 26618 23 26980 21 27341 17 27702 11 27714 1 28065 4
c169a7782a69ea2f38f64d2739de189e88adbcfd4a829721def8c89ecabe8b71,16434 13 16788 22 17143 28 17500 33 17858 36 18215 39 18573 41 18931 44 19289 48 19647 50 20006 52 20364 54 20724 54 21082 56 21442 56 21801 57 22160 58 22520 57 22880 57 23240 57 23600 57 23960 56 24320 56 24680 55 25040 55 25400 55 25760 52 25813 1 26120 54 26481 52 26841 51 27201 51 27561 50 27922 49 28283 47 28643 46 29004 43 29365 40 29728 34 30090 29 30461 14
c169a7782a69ea2f38f64d2739de189e88adbcfd4a829721def8c89ecabe8b71,26921 14 27278 20 27637 22 27996 26 28354 30 28712 34 29072 36 29432 37 29791 39 30151 40 30511 42 30870 44 31230 45 31590 46 31950 46 32309 50 32669 51 33029 51 33389 53 33444 1 33749 55 34109 56 34469 56 34829 57 35189 57 35549 57 35909 57 36269 57 36630 56 36990 56 37350 56 37710 54 38070 53 38430 51 38791 48 39151 47 39511 46 39872 44 40232 43 40593 41 40953 40 41314 39 41674 38 42035 36 42396 34 42757 32 43117 30 43478 29 43840 26 44201 23 44564 18 44928 11
c169a7782a69ea2f38f64d2739de189e88adbcfd4a829721def8c89ecabe8b71,6272 9 6630 15 6988 18 7346 21 7705 23 8064 25 8423 26 8781 29 9140 31 9499 32 9857 34 10217 35 10576 37 10935 38 11294 39 11653 40 12012 41 12371 43 12731 43 13090 44 13450 44 13809 46 14169 46 14529 46 14889 46 15249 46 15608 47 15968 47 16327 48 16687 48 17047 48 17406 50 17766 50 18126 50 18486 50 18846 50 19206 50 19566 50 19926 49 20286 49 20646 48 21006 47 21366 47 21726 45 22086 45 22446 44 22807 42 23167 41 23527 41 23888 38 24249 36 24609 35 24970 32 25331 30 25692 28 26053 26 26414 24 26777 19 27138 16 27505 7
c169a7782a69ea2f38f64d2739de189e88adbcfd4a829721def8c89ecabe8b71,22681 3 23041 5 23401 5 23761 6 24121 7 24481 8 24841 8 25201 9 25561 10 25921 11 26281 13 26641 15 27001 16 27361 16 27721 17 28081 18 28441 19 28801 19 29161 20 29521 21 29881 22 30241 22 30601 23 30961 24 31321 25 31681 25 32041 26 32401 26 32761 28 33121 28 33481 29 33841 30 34201 30 34561 31 34921 31 35281 32 35641 33 36001 33 36361 33 36721 34 37081 34 37441 34 37801 35 38161 36 38521 36 38881 36 39241 36 39601 36 39961 36 40321 36 40681 36 41041 36 41401 35 41761 35 42121 34 42481 34 42841 34 43201 34 43561 33 43921 33 44281 33 44641 32 45001 31 45361 30 45723 27 46083 26 46445 23 46807 18 47169 14 47532 9
c169a7782a69ea2f38f64d2739de189e88adbcfd4a829721def8c89ecabe8b71,30481 11 30807 1 30809 1 30812 4 30833 2 30836 19 31161 21 31187 31 31519 61 31878 64 32236 67 32594 71 32953 73 33312 76 33671 77 34030 79 34390 79 34749 80 35109 80 35468 81 35828 81 36187 82 36547 83 36906 84 37266 84 37626 84 37986 84 38346 84 38706 85 39066 85 39426 85 39786 86 40146 86 40507 86 40867 86 41227 87 41587 87 41947 87 42308 86 42669 85 43029 84 43390 83 43750 83 44111 82 44472 5 44478 75 44834 3 44840 73 45209 7 45217 56 45573 3 45580 3 45585 48 45945 47 46306 46 46667 44 47028 43 47390 41 47751 39 48112 37 48473 36 48835 33 49195 32 49556 30 49918 27 50279 25 50645 17
c169a7782a69ea2f38f64d2739de189e88adbcfd4a829721def8c89ecabe8b71,54518 14 54875 19 55233 22 55591 25 55950 27 56302 35 56652 46 57011 47 57369 49 57727 51 58085 53 58444 54 58803 55 59162 57 59522 57 59881 58 60239 60 60598 61 60958 61 61317 62 61677 62 62037 62 62394 65 62754 65 63112 67 63472 67 63832 67 64192 66 64554 64 64914 63 65274 62 65634 62 65994 61 66354 60 66714 58 67076 54 67436 50 67796 46 68157 44 68519 39 68880 34 69242 29 69604 23 69965 19 70327 14 70689 5
c169a7782a69ea2f38f64d2739de189e88adbcfd4a829721def8c89ecabe8b71,303 48 662 49 1022 49 1382 49 1742 47 2102 47 2462 46 2822 45 3182 45 3543 43 3903 42 4263 40 4623 39 4983 38 5343 38 5703 38 6064 36 6424 36 6785 34 7145 33 7506 30 7866 28 8227 26 8588 24 8949 22 9311 19 9675 15 10037 11
c169a7782a69ea2f38f64d2739de189e88adbcfd4a829721def8c89ecabe8b71,125513 10 125870 16 126228 19 126586 22 126945 24 127304 26 127663 28 128022 30 128381 31 128739 34 129098 35 129457 36
c169a7782a69ea2f38f64d2739de189e88adbcfd4a829721def8c89ecabe8b71,53420 5 53778 8 54138 8 54498 8 54858 8 55218 8 55578 8
