c304a1fdf3bca2f4b4580d2cac59942e2224a7678001bf5ed9d9852f57708932,169870 10 170389 11 170908 14 171427 17 171947 18 172467 19 172986 21 173506 23 174026 23 174546 23 175066 25 175586 25 176106 27 176627 26 177147 26 177667 27 178187 27 178708 26 179229 25 179749 25 180269 25 180791 23 181311 23 181834 20 182354 20 182874 20 183396 18 183918 16 184439 15 184961 10
c304a1fdf3bca2f4b4580d2cac59942e2224a7678001bf5ed9d9852f57708932,331966 5 332483 10 333001 14 333518 17 334037 19 334556 21 335075 22 335594 23 336114 24 336633 25 337153 25 337672 26 338192 26 338712 26 339232 26 339752 25 340272 25 340792 24 341312 24 341832 22 342353 20 342873 19 343394 16 343915 12 344436 7
c304a1fdf3bca2f4b4580d2cac59942e2224a7678001bf5ed9d9852f57708932,237259 2 237778 4 238297 6 238817 15 239336 16 239857 15 240377 15 240896 17 241416 17 241936 18 242456 19 242976 19 243496 19 244016 20 244536 20 245056 20 245577 19 246097 19 246617 19 247137 19 247657 19 248178 18 248698 18 249218 18 249738 18 250259 17 250779 17 251300 16 251820 15 252342 13 252863 12 253385 9 253906 7
c304a1fdf3bca2f4b4580d2cac59942e2224a7678001bf5ed9d9852f57708932,81871 2 81875 1 82389 9 82908 11 83427 13 83946 15 84465 16 84985 16 85505 17 86024 18 86544 18 87064 18 87584 18 88104 18 88623 19 89144 18 89664 18 90184 18 90704 18 91225 17 91745 17 92266 16 92786 16 93307 15 93828 14 94349 12 94870 11 95392 8
c304a1fdf3bca2f4b4580d2cac59942e2224a7678001bf5ed9d9852f57708932,154499 5 155017 7 155535 10 156055 11 156574 13 157093 14 157612 15 158131 16 158651 16 159170 17 159690 17 160209 18 160728 19 161248 19 161768 19 162288 18 162807 19 163327 19 163847 19 164367 18 164887 18 165408 16 165928 15 166449 13 166971 10 167494 2
c304a1fdf3bca2f4b4580d2cac59942e2224a7678001bf5ed9d9852f57708932,306007 8 306522 20 307041 22 307560 23 308078 25 308597 26 309116 27 309636 27 310155 28 310675 27 311195 26 311715 26 312235 25 312755 23 313276 21 313798 8
c304a1fdf3bca2f4b4580d2cac59942e2224a7678001bf5ed9d9852f57708932,193258 6 193776 11 194295 12 194815 14 195334 16 195854 17 196374 18 196893 19 197413 20 197933 21 198453 21 198973 21 199494 20 200014 21 200534 21 201055 20 201575 20 202096 19 202617 17 203138 16 203658 16 204178 15 204698 15 205219 14 205740 12 206260 11 206781 10 207302 8
c304a1fdf3bca2f4b4580d2cac59942e2224a7678001bf5ed9d9852f57708932,119669 3 120187 7 120707 7 121227 7 121746 8 122266 8 122784 11 123304 10 123824 10 124344 10 124864 10 125384 10 125904 9 126424 9 126943 10 127463 10 127983 9 128502 10 129022 10 129542 9 130062 9 130583 7 131104 5
c304a1fdf3bca2f4b4580d2cac59942e2224a7678001bf5ed9d9852f57708932,1155 6 1673 9 2192 11 2710 15 3230 16 3749 17 4268 19 4787 20 5307 21 5825 23 6345 23 6863 25 7383 25 7903 25 8423 25 8943 25 9463 24 9983 24 10503 22 11023 21 11543 21 12065 18 12586 14 13111 6
c304a1fdf3bca2f4b4580d2cac59942e2224a7678001bf5ed9d9852f57708932,142816 7 143330 1 143335 11 143850 16 144371 16 144889 19 145409 19 145929 20 146450 20 146970 22 147490 22 148010 22 148531 20 149051 20 149571 20 150092 19 150612 18 151133 17 151654 16 152174 15 152694 15 153215 13 153735 13 154256 9 154778 5
c304a1fdf3bca2f4b4580d2cac59942e2224a7678001bf5ed9d9852f57708932,7191 7 7709 11 8227 14 8746 15 9265 16 9784 18 10303 19 10823 20 11342 21 11862 21 12381 22 12901 22 13421 23 13940 23 14460 22 14981 20 15501 19 16021 17 16541 14
c304a1fdf3bca2f4b4580d2cac59942e2224a7678001bf5ed9d9852f57708932,236706 5 236712 4 237223 14 237741 17 238260 18 238779 20 239298 21 239818 22 240338 22 240858 22 241378 22 241898 23 242418 23 242939 22 243459 22 243980 22 244500 22 245021 21 245542 20 246063 19 246584 17 247104 17 247626 15 248147 12 248669 10 249191 7
c304a1fdf3bca2f4b4580d2cac59942e2224a7678001bf5ed9d9852f57708932,247716 6 248233 11 248753 12 249271 15 249789 17 250307 20 250826 20 251343 23 251862 25 252382 23 252901 22 253421 21 253941 21 254461 20 254981 19 255501 19 256021 19 256541 18 257062 15 257583 13 258104 11 258626 4
c304a1fdf3bca2f4b4580d2cac59942e2224a7678001bf5ed9d9852f57708932,156990 1 157502 5 157509 6 158022 5 158028 8 158541 16 159061 16 159581 16 160101 5 160107 11 160621 17 161141 18 161661 19 162181 20 162701 20 163222 19 163742 19 164261 20 164781 20 165301 20 165821 20 166341 20 166861 20 167381 20 167901 19 168421 19 168942 18 169462 17 169982 17 170504 14 171024 14 171546 10 172066 10 172588 7
c304a1fdf3bca2f4b4580d2cac59942e2224a7678001bf5ed9d9852f57708932,44294 3 44298 3 44814 10 45331 13 45850 16 46370 16 46890 16 47410 17 47930 17 48450 17 48969 18 49489 19 50009 19 50530 18 51050 17 51571 16 52092 13 52613 10 53133 6 53142 1
c304a1fdf3bca2f4b4580d2cac59942e2224a7678001bf5ed9d9852f57708932,69126 10 69643 15 70163 16 70682 18 71200 21 71717 24 72236 25 72754 27 73273 28 73793 27 74312 28 74831 28 75350 29 75870 29 76390 28 76910 26 77430 25 77950 24 78471 23 78992 19 79516 14 80040 7
c304a1fdf3bca2f4b4580d2cac59942e2224a7678001bf5ed9d9852f57708932,134250 13 134769 16 135288 19 135807 7 135815 12 136327 22 136847 18 136866 3 137366 24 137886 24 138406 24 138926 25 139446 25 139966 26 140486 22 140509 3 141006 26 141527 25 142047 25 142567 25 143089 23 143609 23 144130 22 144650 21 145171 16 145188 3 145693 17 146214 16 146734 16 147256 11 147777 9
c304a1fdf3bca2f4b4580d2cac59942e2224a7678001bf5ed9d9852f57708932,194032 7 194550 12 195069 13 195588 15 196108 15 196627 17 197146 18 197666 19 198186 19 198706 20 199226 20 199746 20 200266 20 200786 20 201306 18 201826 17 202346 17 202866 17 203386 17 203907 16 204427 16 204947 15 205468 14 205988 14 206509 12 207029 12 207550 10 208071 9 208592 8 209113 4 209635 4
c304a1fdf3bca2f4b4580d2cac59942e2224a7678001bf5ed9d9852f57708932,341015 3 341535 5 342053 8 342573 10 343093 10 343612 12 344131 14 344649 17 345169 17 345687 19 346204 2 346207 19 346724 2 346727 19 347244 22 347763 22 348283 22 348803 22 349322 23 349842 22 350362 22 350882 22 351402 21 351922 21 352442 21 352962 20 353481 20 354002 19 354522 18 355042 17 355563 15 356084 12 356605 10 357127 6
c304a1fdf3bca2f4b4580d2cac59942e2224a7678001bf5ed9d9852f57708932,91976 12 92495 15 93014 18 93534 20 94053 22 94573 25 95093 29 95614 28 96134 30 96655 30 97176 30 97697 29 98218 28 98738 28 99260 26 99785 21 100307 19 100828 18 101349 17 101871 14 102392 12 102913 9 103435 6 103957 1 104477 1
c304a1fdf3bca2f4b4580d2cac59942e2224a7678001bf5ed9d9852f57708932,279543 6 280061 12 280580 13 281099 14 281618 16 282138 17 282657 18 283177 19 283697 19 284217 20 284738 19 285258 19 285778 19 286298 19 286818 19 287339 18 287859 17 288381 15 288901 15 289423 13 289945 10 290466 8 290987 6 291508 2 292029 1 292549 1
c304a1fdf3bca2f4b4580d2cac59942e2224a7678001bf5ed9d9852f57708932,209711 4 210230 5 210747 8 211267 8 211787 8 212309 6 212829 6
c304a1fdf3bca2f4b4580d2cac59942e2224a7678001bf5ed9d9852f57708932,100922 10 101440 13 101960 15 102480 17 103000 17 103520 18 104040 18 104561 18 105084 4 105089 10 105605 14 106127 12 106647 12 107170 9 107692 7 108213 5
c304a1fdf3bca2f4b4580d2cac59942e2224a7678001bf5ed9d9852f57708932,166266 7 166785 10 167304 12 167823 13 168342 14 168862 15 169381 17 169901 17 170421 18 170941 18 171461 19 171981 19 172500 20 173020 21 173540 21 174060 22 174580 22 175100 22 175620 22 176140 22 176661 21 177181 21 177701 21 178222 20 178743 19 179263 18 179784 15 180306 11 180828 7 181350 2
c304a1fdf3bca2f4b4580d2cac59942e2224a7678001bf5ed9d9852f57708932,87 20 607 20 1126 21 1646 21 2166 20 2686 20 3206 20 3726 19 4246 18 4766 18 5286 18 5806 16 6326 16 6846 16 7366 15 7886 14 8407 12 8927 12 9448 10 9968 9 10491 5
c304a1fdf3bca2f4b4580d2cac59942e2224a7678001bf5ed9d9852f57708932,182042 4 182560 6 183079 8 183599 7 184118 5 184638 2 185157 3 185677 2 186197 2 186717 1 187237 1
c304a1fdf3bca2f4b4580d2cac59942e2224a7678001bf5ed9d9852f57708932,217148 2 217667 6 218185 9 218704 12 219222 15 219741 16 220260 18 220779 19 221299 19 221819 20 222339 20 222860 19 223380 18 223900 18 224421 18 224941 18 225462 17 225982 17 226503 16 227023 16 227544 15 228065 16 228586 12 229107 9 229628 7 230151 1
c304a1fdf3bca2f4b4580d2cac59942e2224a7678001bf5ed9d9852f57708932,142800 9 143317 13 143835 15 144353 18 144873 16 145392 17 145911 18 146430 20 146950 20 147469 21 147989 21 148509 22 149029 22 149549 22 150070 22 150591 21 151111 22 151632 22 152152 22 152672 19 152692 2 153191 20 153212 3 153710 2 153713 22 154231 25 154752 1 154754 20 155272 21 155793 19 156313 3 156317 13 156834 14 157355 11 157876 8 158398 4 158919 1 159437 4 159956 6 160476 7 160996 9 161516 10 162036 10 162556 10 163076 11 163596 12 164117 11 164637 11 165158 11 165678 12 166198 12 166719 12 167239 12 167759 13 168280 12 168801 12 169323 10 169843 10 170362 12 170882 12 171403 11 171923 11 172444 10 172965 10 173485 10 174006 9 174527 8 175048 7 175569 6 176090 5 176611 6 177137 1
c304a1fdf3bca2f4b4580d2cac59942e2224a7678001bf5ed9d9852f57708932,11737 2 12257 2 12776 3 13297 3 13817 11 14336 12 14854 16 15374 16 15890 1 15893 17 16410 1 16412 18 16930 20 17450 19 17970 19 18488 21 19008 21 19527 22 20047 22 20567 22 21087 22 21607 22 22128 20 22648 20 23168 19 23688 19 24208 18 24727 19 25247 19 25767 18 26287 18 26807 17 27327 17 27847 16 28367 16 28887 16 29407 14 29927 14 30448 13 30969 11
c304a1fdf3bca2f4b4580d2cac59942e2224a7678001bf5ed9d9852f57708932,359554 3 359562 4 360071 6 360080 7 360591 6 360599 9 361110 18 361630 19
c304a1fdf3bca2f4b4580d2cac59942e2224a7678001bf5ed9d9852f57708932,110462 7 110979 12 111493 21 112012 23 112531 25 113050 26 113570 27 114089 28 114608 29 115129 28 115649 28 116169 28 116689 28 117210 27 117730 27 118251 25 118771 25 119293 22 119814 20 120336 17
c304a1fdf3bca2f4b4580d2cac59942e2224a7678001bf5ed9d9852f57708932,56815 8 57327 18 57846 21 58366 23 58886 24 59406 25 59926 25 60446 26 60966 26 61486 24 62005 24 62525 23 63045 21 63565 2 63571 12 64094 3
c304a1fdf3bca2f4b4580d2cac59942e2224a7678001bf5ed9d9852f57708932,61001 11 61520 12 62037 18 62556 21 63076 23 63595 26 64115 26 64635 27 65154 29 65674 29 66193 30 66713 31 67233 31 67754 29 68275 28 68797 24 69318 23 69838 21 70360 17 70886 9 71404 2 71925 2 71933 8 72443 3 72450 11 72961 23 73481 24 74000 26 74519 27 75038 28 75557 29 76076 30 76596 30 77116 30 77636 30 78157 29 78680 26 79202 24 79724 21 80244 19 80768 15 81292 9
c304a1fdf3bca2f4b4580d2cac59942e2224a7678001bf5ed9d9852f57708932,342764 4 343280 12 343799 15 344318 18 344837 20 345357 22 345877 22 346397 22 346917 23 347437 23 347958 22 348479 21 348999 20 349521 18 350042 16 350563 14 351085 11 351607 7
c304a1fdf3bca2f4b4580d2cac59942e2224a7678001bf5ed9d9852f57708932,62268 4 62273 5 62785 18 63304 21 63822 25 64342 26 64861 28 65381 29 65900 30 66420 30 66940 30 67460 29 67980 29 68500 29 69020 29 69540 28 70062 26 70582 24 71104 21 71627 16 72147 16 72669 10
c304a1fdf3bca2f4b4580d2cac59942e2224a7678001bf5ed9d9852f57708932,305518 10 306036 13 306553 18 307072 20 307591 22 308111 22 308631 23 309150 24 309670 24 310191 23 310710 24 311230 24 311751 22 312271 21 312792 20 313312 19 313833 18 314354 16 314875 14 315396 12 315918 9 316441 2
c304a1fdf3bca2f4b4580d2cac59942e2224a7678001bf5ed9d9852f57708932,79379 4 79897 6 80414 9 80932 11 81450 14 81969 16 82488 18 83007 20 83526 22 84045 23 84565 23 85084 24 85604 24 86124 24 86643 25 87163 25 87683 25 88203 25 88723 25 89243 24 89763 24 90283 24 90803 23 91324 22 91844 21 92364 21 92884 19 93405 17 93926 15 94447 13 94969 9 95492 3
c304a1fdf3bca2f4b4580d2cac59942e2224a7678001bf5ed9d9852f57708932,173298 8 173818 10 174338 10 174857 13 175377 13 175897 13 176417 14 176937 14 177457 14 177977 14 178497 14 179017 12 179538 11 180061 7
c304a1fdf3bca2f4b4580d2cac59942e2224a7678001bf5ed9d9852f57708932,177218 2 177737 7 178255 13 178774 14 179294 16 179813 18 180333 18 180853 18 181373 21 181893 22 182413 22 182933 23 183453 24 183973 24 184493 25 185013 25 185533 25 186053 26 186573 26 187093 26 187614 25 188134 25 188654 25 189175 24 189696 25 190217 24 190738 23 191258 22 191781 19 192301 19 192822 17 193343 15 193865 12 194386 5
c304a1fdf3bca2f4b4580d2cac59942e2224a7678001bf5ed9d9852f57708932,144429 3 144944 10 145463 12 145982 14 146501 15 147021 16 147540 17 148056 1 148058 19 148575 22 149095 22 149615 22 150135 22 150655 22 151175 22 151695 22 152215 22 152735 21 153254 22 153774 21 154294 21 154814 21 155334 20 155854 20 156374 18 156894 18 157413 19 157931 19 158450 18 158975 11 159498 8
c304a1fdf3bca2f4b4580d2cac59942e2224a7678001bf5ed9d9852f57708932,172116 4 172636 4 173154 7 173673 8 174193 8 174712 9 175232 6 175239 2 175751 10 176270 11 176790 11 177309 12 177828 13 178348 13 178868 13 179387 14 179907 14 180426 15 180946 15 181464 1 181466 15 181984 1 181986 13 182504 15 183024 14 183544 13 184064 11 184584 11 185106 7
c304a1fdf3bca2f4b4580d2cac59942e2224a7678001bf5ed9d9852f57708932,75180 5 75699 8 76217 11 76737 12 77256 14 77776 15 78295 16 78815 17 79334 19 79854 19 80373 20 80893 21 81413 21 81933 22 82453 22 82973 23 83493 23 84013 23 84533 23 85054 22 85574 23 86095 22 86615 21 87136 20 87657 19 88178 18 88699 17 89220 15 89741 14 90263 10 90784 8
c304a1fdf3bca2f4b4580d2cac59942e2224a7678001bf5ed9d9852f57708932,5779 9 6297 13 6815 16 7333 19 7853 19 8373 20 8892 21 9411 22 9931 22 10451 22 10971 22 11491 22 12010 23 12530 23 13050 23 13570 23 14091 22 14611 22 15132 21 15652 21 16173 16 16695 13 17217 10 17739 5
c304a1fdf3bca2f4b4580d2cac59942e2224a7678001bf5ed9d9852f57708932,216992 6 217512 7 218032 8 218552 8 219072 8 219593 8 220113 9 220633 9 221153 9 221673 10 222193 10 222713 10 223233 11 223754 11 224274 11 224795 11 225315 11 225835 10 226355 1 226357 7 226875 2
c304a1fdf3bca2f4b4580d2cac59942e2224a7678001bf5ed9d9852f57708932,111983 4 112501 7 113020 9 113539 10 114058 12 114578 13 115097 16 115617 17 116136 18 116655 20 117171 24 117690 27 118210 27 118730 27 119250 24 119771 22 120292 20 120812 21 121334 18 121856 15 122376 15 122897 13 123417 13 123937 9 124458 7 124979 5 125501 1
c304a1fdf3bca2f4b4580d2cac59942e2224a7678001bf5ed9d9852f57708932,346688 7 347206 11 347724 14 348243 17 348762 19 349281 20 349801 21 350320 22 350840 22 351360 22 351880 22 352400 22 352920 22 353440 22 353960 22 354480 22 355000 22 355521 20 356042 19 356562 18 357083 16 357604 15 358124 14 358645 13 359166 11 359687 9 360208 8
c304a1fdf3bca2f4b4580d2cac59942e2224a7678001bf5ed9d9852f57708932,165044 4 165049 1 165540 5 165561 10 166058 8 166080 12 166577 10 166599 14 167097 11 167116 19 167616 13 167636 20 168135 14 168155 23 168655 15 168675 23 169175 15 169195 24 169694 16 169715 24 170214 17 170235 24 170734 17 170755 25 171254 17 171275 25 171774 17 171795 25 172294 19 172315 27 172814 19 172836 26 173334 22 173358 24 173854 22 173878 24 174373 23 174398 24 174893 21 174917 25 175413 21 175442 20 175933 21 175962 20 176453 21 176483 19 176973 20 177004 18 177494 19 177526 15 178014 19 178047 14 178534 19 178568 12 179050 1 179055 18 179089 11 179568 4 179577 16 179610 9 180086 9 180097 16 180131 6 180606 9 180618 15 181125 12 181140 13 181645 12 181660 13 182164 14 182181 12 182684 17 182703 10 183204 17 183224 9 183724 17 183747 4 184244 18 184764 18 185284 18 185803 20 186323 20 186843 20 187363 20 187883 21 188403 21 188922 22 189442 22 189962 22 190482 22 191002 21 191523 20 191544 1 192043 22 192563 22 193084 20 193604 20 194125 18 194647 15 195169 12 195693 6
c304a1fdf3bca2f4b4580d2cac59942e2224a7678001bf5ed9d9852f57708932,329681 3 330201 5 330721 7 331241 7 331761 9 332281 9 332801 10 333321 11 333841 12 334361 13 334881 15 335401 15 335921 15 336441 15 336961 15 337481 15 338001 16 338521 16 339041 15 339561 15 340081 15 340601 14 341121 13 341649 1
c304a1fdf3bca2f4b4580d2cac59942e2224a7678001bf5ed9d9852f57708932,100434 6 100953 14 101472 17 101992 18 102511 20 103031 21 103551 24 104071 24 104591 25 105111 25 105631 25 106151 26 106671 26 107192 25 107712 25 108233 24 108754 23 109278 20 109799 19 110318 19 110839 18 111360 16 111882 13 112404 11 112928 4
c304a1fdf3bca2f4b4580d2cac59942e2224a7678001bf5ed9d9852f57708932,288342 10 288860 13 289378 17 289896 20 290415 21 290933 23 291452 25 291971 26 292490 26 293010 26 293529 27 294049 26 294568 26 295088 26 295608 25 296128 24 296647 24 297168 23 297688 15 297705 5 298208 14 298225 4 298730 5 298736 5 298744 5 299252 2
c304a1fdf3bca2f4b4580d2cac59942e2224a7678001bf5ed9d9852f57708932,317968 12 318486 14 319004 17 319523 19 320043 20 320563 20 321083 21 321602 23 322122 24 322643 24 323163 24 323683 25 324204 25 324724 25 325245 24 325766 23 326287 22 326808 20 327329 19 327850 17 328371 15 328893 11 329417 5
c304a1fdf3bca2f4b4580d2cac59942e2224a7678001bf5ed9d9852f57708932,38994 4 39512 6 40030 10 40550 11 41070 11 41590 11 42108 13 42627 14 43145 16 43664 17 44184 17 44704 17 45223 18 45742 19 46262 19 46781 20 47302 19 47822 19 48343 18 48864 17 49385 16 49907 14 50428 12 50952 2 50955 1
c304a1fdf3bca2f4b4580d2cac59942e2224a7678001bf5ed9d9852f57708932,222221 3 222739 7 223257 9 223776 11 224295 14 224814 16 225334 16 225853 17 226372 18 226892 19 227412 19 227932 19 228452 19 228972 19 229492 19 230012 20 230533 19 231053 19 231573 19 232093 4 232098 14 232613 24 233134 4 233144 17 233654 3 233664 6 233671 11 234191 12 234710 14 235228 16 235748 16 236269 16 236789 16 237309 16 237830 15 238350 15 238870 14 239391 13 239911 12 240430 13 240950 5 241470 5
c304a1fdf3bca2f4b4580d2cac59942e2224a7678001bf5ed9d9852f57708932,288374 6 288893 8 289412 11 289932 13 290451 15 290971 16 291491 17 292011 18 292530 19 293050 20 293570 21 294089 22 294609 22 295129 22 295649 22 296169 23 296689 23 297209 22 297728 23 298249 22 298769 22 299289 21 299809 21 300330 20 300850 20 301372 17 301893 16 302414 14 302935 11
c304a1fdf3bca2f4b4580d2cac59942e2224a7678001bf5ed9d9852f57708932,8027 1 8546 2 9066 2 9586 2 10106 6 10625 13 11145 14 11664 15 12183 16 12703 16 13224 15 13744 15 14264 15 14784 15 15305 13 15825 13 16345 12 16866 11 17384 13 17905 11 18425 11 18945 10 19466 9 19986 8 20506 7 21027 5
c304a1fdf3bca2f4b4580d2cac59942e2224a7678001bf5ed9d9852f57708932,325322 4 325842 7 326361 13 326881 13 327401 14 327921 14 328440 16 328960 16 329479 17 329999 17 330518 18 331038 18 331558 18 332079 16 332599 16 333119 15 333639 15 334160 13 334680 13 335201 10 335725 5
c304a1fdf3bca2f4b4580d2cac59942e2224a7678001bf5ed9d9852f57708932,328161 2 328680 3 329199 10 329717 18 330236 21 330756 24 331275 26 331795 26 332315 27 332835 28 333355 28 333875 29 334395 29 334915 29 335435 29 335956 28 336476 28 336996 28 337517 27 338038 26 338564 20 339085 18 339613 9
c304a1fdf3bca2f4b4580d2cac59942e2224a7678001bf5ed9d9852f57708932,331129 7 331647 10 332165 13 332684 15 333203 16 333722 18 334241 19 334761 19 335280 20 335800 20 336320 20 336838 22 337358 21 337878 21 338397 21 338917 21 339437 21 339957 21 340477 20 340997 18 341517 18 342037 16 342557 16 343077 16 343597 15 344118 13 344638 11 345158 11 345678 9 346206 1 346726 1
c304a1fdf3bca2f4b4580d2cac59942e2224a7678001bf5ed9d9852f57708932,323260 8 323776 15 324296 15 324814 19 325334 20 325854 21 326374 21 326894 22 327415 21 327935 21 328456 20 328976 20 329496 20 330016 21 330536 21 331056 21 331576 21 332095 22 332615 22 333134 23 333654 23 334173 24 334693 12 334711 6 335213 11 335231 6 335733 10 336253 9 336774 6 337294 5
c304a1fdf3bca2f4b4580d2cac59942e2224a7678001bf5ed9d9852f57708932,141801 1 142319 7 142835 13 143355 15 143874 17 144394 18 144914 19 145432 22 145952 22 146472 23 146992 23 147512 24 148032 24 148551 24 149071 24 149591 24 150111 24 150631 24 151151 24 151671 24 152192 23 152714 21 153234 20 153755 19 154276 18 154799 15 155320 14 155842 12 156363 10 156884 9 157405 7
c304a1fdf3bca2f4b4580d2cac59942e2224a7678001bf5ed9d9852f57708932,228598 7 229116 11 229635 13 230154 15 230673 17 231193 18 231712 19 232231 20 232751 21 233271 22 233790 23 234310 23 234830 23 235350 23 235870 23 236390 23 236910 23 237430 22 237950 22 238471 20 238989 22 239509 22 240029 21 240549 21 241069 21 241589 20 242109 20 242629 20 243150 13 243164 3 243670 17 244192 13 244714 11 245235 5
c304a1fdf3bca2f4b4580d2cac59942e2224a7678001bf5ed9d9852f57708932,255169 3 255689 4 256199 15 256717 18 257235 22 257754 24 258270 29 258789 30 259308 31 259827 32 260347 32 260866 33 261385 34 261905 33 262424 33 262943 33 263463 31 263982 31 264502 28 265022 25 265542 21 266062 19 266582 17 267103 14 267623 13 268144 10 268666 6 269188 2
c304a1fdf3bca2f4b4580d2cac59942e2224a7678001bf5ed9d9852f57708932,128389 1 128905 7 129425 9 129942 12 130461 14 130981 14 131500 15 132020 16 132539 17 133059 18 133579 18 134098 19 134617 20 135136 22 135656 22 136175 23 136695 23 137214 24 137734 23 138254 23 138774 23 139294 23 139814 23 140334 23 140855 22 141375 21 141897 17 142418 14 142940 6 142947 3 143463 3 143467 3
c304a1fdf3bca2f4b4580d2cac59942e2224a7678001bf5ed9d9852f57708932,228274 7 228793 8 229312 9 229830 11 230348 13 230866 15 231384 17 231904 17 232424 17 232944 3 232948 13 233463 18 233983 18 234502 19 235021 20 235541 20 236060 21 236580 21 237100 21 237621 20 238141 20 238662 19 239182 19 239703 18 240225 15 240749 5 240755 2
c304a1fdf3bca2f4b4580d2cac59942e2224a7678001bf5ed9d9852f57708932,86815 2 87329 10 87847 15 88366 17 88886 17 89406 18 89925 21 90445 22 90965 23 91486 23 92006 24 92527 24 93048 24 93569 23 94090 22 94611 22 95133 20 95656 18 96177 17 96699 15 97219 15 97741 13 98261 13 98784 10 99306 7
c304a1fdf3bca2f4b4580d2cac59942e2224a7678001bf5ed9d9852f57708932,348422 9 348940 14 349459 17 349978 20 350498 20 351017 23 351537 24 352057 25 352577 25 353097 26 353617 26 354138 26 354658 27 355178 27 355699 26 356219 26 356740 25 357260 25 357781 24 358301 23 358822 21 359343 19 359866 14 360391 5
c304a1fdf3bca2f4b4580d2cac59942e2224a7678001bf5ed9d9852f57708932,311851 1 312370 3 312887 5 313406 4 313925 6 314444 11 314963 13 315483 15 316003 16 316523 18 317043 19 317563 20 318082 23 318603 24 319123 26 319643 25 320163 26 320683 26 321203 26 321723 27 322243 26 322764 25 323285 24 323805 24 324326 23 324848 20 325368 20 325888 20 326409 19 326930 15 327450 15 327972 12 328493 10 329015 6
c304a1fdf3bca2f4b4580d2cac59942e2224a7678001bf5ed9d9852f57708932,134827 3 135337 1 135347 3 135854 8 135867 3 135871 1 136373 21 136893 22 137413 24 137932 25 138452 26 138972 26 139493 26 140012 27 140533 26 141054 24 141575 22 142095 22 142616 20 143137 18 143658 16 144180 13 144704 7 145226 1 145228 1
c304a1fdf3bca2f4b4580d2cac59942e2224a7678001bf5ed9d9852f57708932,225290 3 225807 10 226325 14 226844 16 227363 18 227882 20 228401 21 228921 21 229440 23 229960 23 230480 23 230999 25 231520 24 232040 24 232560 24 233080 24 233601 23 234121 23 234641 23 235161 24 235682 22 236202 22 236723 22 237244 15 237261 3 237764 14 237782 2 238285 12 238303 1 238806 11 239327 9 239849 8 240373 4 240895 1
c304a1fdf3bca2f4b4580d2cac59942e2224a7678001bf5ed9d9852f57708932,314137 6 314655 10 315173 14 315692 17 316211 20 316731 21 317250 23 317769 25 318289 25 318808 27 319328 28 319848 29 320368 30 320888 30 321408 30 321928 31 322448 31 322969 30 323489 30 324009 31 324530 30 325050 30 325570 30 326090 30 326610 29 327131 28 327651 28 328171 28 328691 27 329209 29 329735 22 330257 19 330780 15 331301 13 331821 11 332342 6 332863 2 333383 1
c304a1fdf3bca2f4b4580d2cac59942e2224a7678001bf5ed9d9852f57708932,1423 1 1939 10 2459 11 2978 13 3499 13 4019 13 4542 10 5063 10 5582 12 6100 14 6619 16 7138 18 7659 17 8179 17 8699 17 9220 16 9740 16 10261 15 10778 2 10781 15 11299 17 11819 17 12340 16 12862 13 13382 13 13903 12 14424 9 14946 6
c304a1fdf3bca2f4b4580d2cac59942e2224a7678001bf5ed9d9852f57708932,182297 8 182816 14 183335 15 183855 16 184375 17 184895 18 185415 18 185935 18 186455 18 186975 19 187495 19 188015 19 188535 18 189056 17 189576 16 190097 14 190618 12 191140 8
c304a1fdf3bca2f4b4580d2cac59942e2224a7678001bf5ed9d9852f57708932,37239 9 37752 19 38271 22 38790 24 39309 26 39829 26 40349 26 40869 26 41388 27 41908 27 42428 27 42948 27 43468 26 43988 25 44510 21 45031 20 45555 14
c304a1fdf3bca2f4b4580d2cac59942e2224a7678001bf5ed9d9852f57708932,269014 3 269532 7 270051 10 270570 12 271090 12 271610 13 272130 14 272650 14 273170 15 273690 15 274210 16 274730 16 275250 16 275770 16 276290 16 276810 17 277330 16 277850 16 278370 16 278889 17 279409 17 279929 17 280449 17 280969 17 281489 17 282009 16 282529 16 283049 16 283570 15 284090 14 284610 14 285130 14 285651 12 286171 11 286692 9 287214 6
c304a1fdf3bca2f4b4580d2cac59942e2224a7678001bf5ed9d9852f57708932,108684 1 109204 3 109724 3 110244 4 110764 5 111284 6 111805 6 112325 7 112334 3 112846 11 113366 11 113887 10 114408 11 114929 10 115450 8 115971 7 116492 5
c304a1fdf3bca2f4b4580d2cac59942e2224a7678001bf5ed9d9852f57708932,47028 10 47548 11 48066 14 48586 16 49106 16 49625 18 50144 19 50663 21 51183 21 51702 23 52222 23 52742 23 53262 23 53782 21 54302 21 54821 22 55341 21 55861 20 56381 19 56901 18 57421 17 57941 17 58461 16 58981 15 59502 13 60023 11 60542 11 61063 8 61586 3
c304a1fdf3bca2f4b4580d2cac59942e2224a7678001bf5ed9d9852f57708932,357942 10 358460 15 358979 17 359498 18 360017 19 360535 21 361053 23 361572 24
c304a1fdf3bca2f4b4580d2cac59942e2224a7678001bf5ed9d9852f57708932,132041 11 132560 14 133080 14 133600 15 134119 17 134639 18 135159 19 135679 20 136199 21 136719 22 137239 22 137759 23 138279 24 138799 24 139319 25 139839 25 140359 25 140879 25 141399 25 141920 24 142441 22 142962 21 143484 19 144004 19 144524 19 145046 16 145567 14 146089 10 146612 6
c304a1fdf3bca2f4b4580d2cac59942e2224a7678001bf5ed9d9852f57708932,181494 6 182014 8 182534 9 183054 9 183573 10 184093 11 184613 11 185133 11 185653 11 186173 11 186693 11 187213 11 187733 5 187739 5 188253 11 188773 11 189293 11 189813 11 190333 11 190854 10 191374 9 191896 7 192417 4 192938 3
c304a1fdf3bca2f4b4580d2cac59942e2224a7678001bf5ed9d9852f57708932,195762 2 196280 8 196799 10 197318 11 197837 12 198357 13 198876 14 199396 15 199916 15 200437 14 200957 15 201477 15 201997 15 202518 14 203038 14 203558 14 204078 14 204599 13 205119 13 205640 12 206162 10 206682 10 207203 9 207724 8 208245 7 208765 7 209286 5
c304a1fdf3bca2f4b4580d2cac59942e2224a7678001bf5ed9d9852f57708932,98924 11 99443 14 99961 19 100481 21 101000 24 101519 27 102039 29 102559 30 103079 31 103599 32 104119 33 104640 33 105160 33 105681 33 106202 32 106723 31 107245 29 107766 27 108288 25 108809 23 109331 20 109853 17 110377 11
c304a1fdf3bca2f4b4580d2cac59942e2224a7678001bf5ed9d9852f57708932,94399 10 94918 11 95438 12 95956 14 96475 15 96994 17 97514 17 98034 18 98554 18 99074 18 99594 18 100115 17 100635 17 101155 17 101675 17 102195 17 102715 16 103235 15 103755 15 104275 8 104795 7 105320 1
c304a1fdf3bca2f4b4580d2cac59942e2224a7678001bf5ed9d9852f57708932,103491 4 104009 10 104528 14 105047 17 105565 21 106085 24 106605 24 107125 25 107645 25 108165 26 108685 28 109207 26 109727 27 110248 26 110769 25 111290 24 111811 23 112332 2 112337 15 112857 11 112870 1 113377 7 113897 7 114419 1
c304a1fdf3bca2f4b4580d2cac59942e2224a7678001bf5ed9d9852f57708932,223802 11 224320 13 224840 14 225358 17 225878 19 226398 19 226918 23 227439 22 227959 22 228479 24 229000 24 229520 24 230040 25 230561 24 231081 24 231602 23 232123 22 232643 22 233164 21 233685 20 234206 19 234728 16 235250 14 235771 12 236292 11 236814 7
c304a1fdf3bca2f4b4580d2cac59942e2224a7678001bf5ed9d9852f57708932,39220 7 39733 14 40251 17 40769 20 41288 22 41808 22 42328 22 42848 23 43367 24 43887 24 44407 24 44927 24 45447 24 45967 24 46488 26 47009 19 47529 15 47545 3 48051 11 48065 1
c304a1fdf3bca2f4b4580d2cac59942e2224a7678001bf5ed9d9852f57708932,179456 6 179976 8 180496 10 181016 12 181536 13 182056 4 182061 10 182576 15 183095 16 183617 14 184138 13 184660 11 185181 10 185701 2 185705 5 186225 5 186747 3
c304a1fdf3bca2f4b4580d2cac59942e2224a7678001bf5ed9d9852f57708932,279388 7 279907 11 280425 13 280944 14 281463 17 281982 18 282501 19 283020 21 283540 21 284059 22 284579 22 285099 22 285619 21 286139 21 286659 21 287179 21 287700 20 288220 20 288740 20 289261 19 289782 17 290303 16 290824 15 291346 12 291868 9 292389 6
c304a1fdf3bca2f4b4580d2cac59942e2224a7678001bf5ed9d9852f57708932,146720 10 147237 15 147756 18 148276 21 148795 23 149315 25 149834 27 150354 28 150874 29 151394 30 151914 30 152435 30 152955 30 153476 29 153996 7 154009 16 154516 4 154521 2 154530 15 155037 3 155041 1 155051 14 155571 13 156091 13 156611 13 157131 13 157651 12 158171 12 158692 5
c304a1fdf3bca2f4b4580d2cac59942e2224a7678001bf5ed9d9852f57708932,26276 5 26794 7 27314 8 27833 10 28352 12 28872 12 29391 13 29910 14 30430 15 30950 15 31470 15 31990 16 32510 16 33030 16 33550 16 34070 16 34590 16 35111 15 35631 15 36151 15 36671 15 37192 14 37712 14 38232 13 38752 13 39272 12 39793 10 40313 10 40834 8 41354 6
c304a1fdf3bca2f4b4580d2cac59942e2224a7678001bf5ed9d9852f57708932,200297 3 200806 2 200809 13 201324 18 201843 21 202363 21 202883 21 203403 22 203923 22 204443 22 204962 23 205482 23 206002 23 206521 24 207041 24 207560 27 208080 26 208600 27 209117 31 209639 29 210161 27 210681 27 211202 26 211722 25 212242 25 212763 23 213283 23 213803 22 214324 21 214844 21 215364 21 215884 21 216405 20 216925 20 217447 17 217968 15 218490 12 219011 10 219535 5
c304a1fdf3bca2f4b4580d2cac59942e2224a7678001bf5ed9d9852f57708932,202506 7 203025 10 203543 12 204062 13 204582 15 205101 16 205621 16 206141 17 206660 18 207180 20 207700 20 208220 20 208740 20 209260 21 209780 21 210300 21 210820 20 211340 20 211860 21 212381 21 212901 21 213421 21 213942 21 214463 20 214984 19 215505 18 216026 17 216547 17 217068 16 217589 15 218110 13 218632 12 219152 11 219673 9 220196 5 220716 4 221236 3
c304a1fdf3bca2f4b4580d2cac59942e2224a7678001bf5ed9d9852f57708932,244755 12 245275 12 245792 17 246308 23 246823 28 247342 30 247862 30 248381 32 248900 33 249420 33 249939 34 250459 34 250979 34 251499 34 252019 34 252540 33 253060 32 253581 30 254102 27 254623 26 255145 24 255679 10
c304a1fdf3bca2f4b4580d2cac59942e2224a7678001bf5ed9d9852f57708932,168637 3 169154 8 169672 10 170192 11 170710 14 171229 15 171748 16 172267 17 172786 18 173306 19 173829 16 174349 16 174870 14 175390 14 175910 14 176431 14 176951 14 177471 14 177991 13 178512 12 179032 12 179555 8 180074 7 180595 6 181116 3
c304a1fdf3bca2f4b4580d2cac59942e2224a7678001bf5ed9d9852f57708932,22033 4 22553 4 23072 7 23592 7 24110 10 24629 11 25149 13 25669 14 26189 16 26708 18 27226 20 27746 15 27763 1 28266 5 28272 5 28278 6 28785 18 29305 18 29825 18 30345 18 30865 11 30877 6 31385 18 31905 18 32425 18 32945 5 32951 12 33466 17 33989 12 34509 11
c304a1fdf3bca2f4b4580d2cac59942e2224a7678001bf5ed9d9852f57708932,156413 1 156933 2 157453 2 157969 6 158487 9 159006 8 159525 8 160045 8 160565 6 160574 2 161085 7 161093 3 161605 11 162125 13 162645 15 163165 15 163685 16 164205 16 164725 16 165245 16 165765 17 166286 16 166807 15 167327 15 167847 15 168368 13 168887 14 169408 13 169928 13 170448 12 170969 11 171489 10 172009 9 172530 8 173050 7 173570 6 174091 3
c304a1fdf3bca2f4b4580d2cac59942e2224a7678001bf5ed9d9852f57708932,273520 1 274039 2 274557 4 275076 5 275595 6 276114 7 276634 7 277152 9 277671 10 278191 10 278710 11 279230 11 279750 11 280269 12 280789 12 281309 12 281829 12 282349 12 282869 12 283390 11 283910 11 284431 10 284952 9 285474 7 285996 5
c304a1fdf3bca2f4b4580d2cac59942e2224a7678001bf5ed9d9852f57708932,283 6 802 9 1321 11 1840 14 2359 15 2879 15 3397 17 3916 18 4435 19 4954 20 5473 21 5995 19 6516 15 6532 2 7036 15 7052 2 7556 15 7573 1 8075 16 8595 15 9115 15 9635 16 10156 15 10677 14 11198 13 11719 10 12240 8 12761 6 13282 4 13804 2 14324 1
c304a1fdf3bca2f4b4580d2cac59942e2224a7678001bf5ed9d9852f57708932,132601 11 133121 12 133641 13 134161 13 134681 14 135201 15 135721 15 136241 15 136761 15 137281 16 137801 15 138321 15 138841 14 139361 14 139881 13 140401 12 140921 11 141441 10 141965 3
c304a1fdf3bca2f4b4580d2cac59942e2224a7678001bf5ed9d9852f57708932,175787 7 176304 10 176823 12 177342 13 177861 16 178381 16 178900 17 179420 17 179940 17 180460 17 180980 17 181500 17 182022 15 182048 3 182543 14 182568 3 183063 14 183087 4 183583 14 183606 11 184104 12 184123 15 184624 12 184640 20 185144 13 185160 21 185664 13 185679 22 186184 13 186199 22 186704 13 186718 24 187224 13 187238 25 187744 39 188264 40 188784 40 189304 40 189824 11 189837 27 190344 11 190357 27 190864 11 190877 27 191383 12 191397 17 191416 7 191903 11 191917 14 191938 4 192423 10 192437 13 192945 6 192958 10 193482 4 194003 1
c304a1fdf3bca2f4b4580d2cac59942e2224a7678001bf5ed9d9852f57708932,188034 1 188553 3 189073 5 189592 7 190111 9 190630 11 191138 2 191148 14 191658 24 192178 24 192699 24 193220 23 193740 23 194261 22 194782 21 195303 20 195824 19 196344 19 196866 17 197387 16 197908 15 198428 15 198949 14 199469 13 199990 12 200511 11 201033 8 201554 6 202077 1
c304a1fdf3bca2f4b4580d2cac59942e2224a7678001bf5ed9d9852f57708932,94483 5 95000 12 95519 15 96038 18 96558 20 97077 21 97597 22 98117 24 98638 24 99158 25 99678 24 100198 25 100718 25 101239 24 101759 23 102280 23 102800 23 103321 21 103842 20 104362 20 104883 19 105404 17 105926 15 106448 12 106969 10 107492 5
c304a1fdf3bca2f4b4580d2cac59942e2224a7678001bf5ed9d9852f57708932,250846 1 251366 2 251887 1 251889 8 252405 18 252923 25 253442 26 253962 28 254481 30 255000 31 255520 31 256040 31 256559 32 257079 31 257599 30 258119 29 258640 3 258644 22 259160 24 259680 22 260202 18 260722 15 261245 12 261768 7
c304a1fdf3bca2f4b4580d2cac59942e2224a7678001bf5ed9d9852f57708932,18191 8 18710 11 19229 12 19749 12 20269 12 20788 13 21308 13 21828 13 22348 13 22868 13 23388 13 23908 13 24428 13 24948 13 25468 13 25988 13 26510 11 27030 11 27550 11 28070 11 28591 10 29112 9 29636 5 30158 3
c304a1fdf3bca2f4b4580d2cac59942e2224a7678001bf5ed9d9852f57708932,243342 1 243345 3 243858 11 244376 14 244894 18 245412 20 245931 22 246450 23 246970 23 247489 24 248008 24 248527 25 249046 25 249565 25 250085 24 250604 24 251123 23 251643 22 252163 21 252682 21 253202 19 253722 18 254242 15 254763 11 255284 8 255806 3
c304a1fdf3bca2f4b4580d2cac59942e2224a7678001bf5ed9d9852f57708932,60338 4 60855 9 61372 1 61374 15 61891 20 62410 23 62929 26 63449 27 63968 29 64488 29 65008 30 65529 29 66049 32 66570 31 67090 31 67610 31 68131 30 68652 3 68657 23 69174 1 69179 20 69701 1 69703 14 70228 9 70752 2
c304a1fdf3bca2f4b4580d2cac59942e2224a7678001bf5ed9d9852f57708932,28761 2 29281 2 29801 1 30314 8 30832 10 31351 11 31871 11 32390 8 32400 2 32910 8 33430 11 33949 13 33964 1 34469 16 34989 17 35508 19 36028 20 36548 21 37068 20 37588 19 38108 19 38628 19 39148 19 39668 19 40188 19 40708 19 41229 18 41749 18 42269 18 42790 15 43311 14 43832 12 44352 11 44873 9 45398 3
c304a1fdf3bca2f4b4580d2cac59942e2224a7678001bf5ed9d9852f57708932,292686 10 293206 11 293722 16 294242 16 294760 18 295280 18 295799 19 296318 20 296838 20 297358 20 297877 20 298397 19 298917 19 299437 18 299957 18 300477 17 300997 16 301517 16 302038 12 302558 10 303079 9
c304a1fdf3bca2f4b4580d2cac59942e2224a7678001bf5ed9d9852f57708932,354930 13 355449 17 355968 20 356488 21 357007 25 357527 26 358047 29 358567 3 358571 26 359087 31 359607 32 360127 33 360649 32 361171 31 361691 31
c304a1fdf3bca2f4b4580d2cac59942e2224a7678001bf5ed9d9852f57708932,17811 4 18330 6 18849 7 19369 7 19888 8 20408 8 20927 9 21446 9 21964 11 22484 10 23003 11 23522 12 24041 12 24561 12 25079 5 25085 8 25597 15 26117 15 26637 15 27155 16 27675 11 27687 4 28195 15 28717 13 29237 13 29757 11 30278 9 30800 6 31321 2
c304a1fdf3bca2f4b4580d2cac59942e2224a7678001bf5ed9d9852f57708932,99108 2 99625 7 100144 9 100663 11 101182 12 101702 13 102221 15 102741 15 103261 16 103781 16 104301 16 104820 17 105341 16 105861 16 106381 16 106901 17 107421 17 107942 16 108462 15 108982 15 109503 14 110023 14 110543 14 111064 12 111584 12 112108 7 112630 5 113151 3
c304a1fdf3bca2f4b4580d2cac59942e2224a7678001bf5ed9d9852f57708932,47432 6 47951 8 48470 10 48990 11 49509 13 50029 14 50548 15 51067 16 51587 16 52105 18 52623 20 53139 3 53143 20 53657 26 54175 27 54694 28 55214 28 55733 29 56253 28 56773 28 57293 26 57813 26 58333 19 58855 9 59375 6
c304a1fdf3bca2f4b4580d2cac59942e2224a7678001bf5ed9d9852f57708932,208680 6 209199 8 209719 8 210239 8 210759 10 211279 9 211799 9 211809 1 212319 10 212839 10 213359 11 213879 11 214399 11 214919 11 215439 11 215959 12 216479 12 216999 12 217519 13 218040 12 218560 12 219080 12 219601 11 220122 10 220642 10 221162 10 221683 8 222203 8 222723 6 223244 5 223765 3 224285 3
c304a1fdf3bca2f4b4580d2cac59942e2224a7678001bf5ed9d9852f57708932,243299 2 243816 7 244335 10 244854 11 245373 13 245892 15 246412 15 246931 16 247450 17 247969 19 248488 19 249008 19 249527 20 250047 20 250566 21 251086 21 251606 21 252126 21 252645 22 253165 21 253685 21 254205 20 254725 19 255245 19 255765 18 256286 17 256807 14 257327 13 257849 10 258370 7
c304a1fdf3bca2f4b4580d2cac59942e2224a7678001bf5ed9d9852f57708932,278079 3 278598 4 279118 4 279637 6 280157 6 280677 6 281196 7 281716 6 282236 6 282755 7 283275 7 283795 7 284314 8 284834 8 285354 9 285874 9 286394 10 286914 11 287434 11 287954 7 287962 4 288476 10 288996 10 289518 8
c304a1fdf3bca2f4b4580d2cac59942e2224a7678001bf5ed9d9852f57708932,194996 2 195514 7 196034 7 196554 7 197074 7 197594 7 198114 7 198634 7 199155 6 199675 6 200196 5
c304a1fdf3bca2f4b4580d2cac59942e2224a7678001bf5ed9d9852f57708932,298078 5 298597 7 299116 10 299635 12 300155 12 300674 13 301194 14 301713 15 302233 15 302752 17 303272 17 303792 17 304312 17 304832 17 305352 17 305872 18 306392 18 306912 18 307432 18 307952 17 308472 17 308992 17 309512 16 310033 16 310553 15 311073 15 311594 14 312114 13 312635 11 313156 10 313678 6
c304a1fdf3bca2f4b4580d2cac59942e2224a7678001bf5ed9d9852f57708932,279855 4 280372 9 280890 13 281408 16 281927 18 282447 19 282966 20 283486 20 284006 21 284526 21 285046 22 285566 22 286086 23 286606 23 287126 23 287646 23 288166 24 288687 23 289208 22 289728 21 290248 21 290768 21 291288 21 291808 21 292329 19 292850 18 293370 17 293891 16 294412 15 294934 12 295455 12 295974 13 296495 11 297016 10 297537 7 298062 1
c304a1fdf3bca2f4b4580d2cac59942e2224a7678001bf5ed9d9852f57708932,247428 1 247946 6 248464 9 248983 12 249502 14 250021 15 250541 15 251060 17 251580 17 252099 19 252619 19 253139 19 253659 19 254178 20 254698 20 255218 20 255738 19 256258 19 256777 19 257297 18 257817 18 258337 17 258857 17 259377 17 259897 16 260417 15 260938 13 261458 13 261978 11 262499 8 263021 5
c304a1fdf3bca2f4b4580d2cac59942e2224a7678001bf5ed9d9852f57708932,94283 1 94802 4 94832 2 95321 8 95352 1 95841 9 95872 1 96361 13 96387 6 96881 32 97400 32 97919 33 98439 33 98959 34 99479 33 99999 34 100519 34 101040 32 101560 31 102081 30 102602 29 103123 28 103645 25 104167 22 104691 1 104698 11
c304a1fdf3bca2f4b4580d2cac59942e2224a7678001bf5ed9d9852f57708932,114971 8 115490 12 116008 17 116528 18 117047 21 117567 22 118087 22 118607 22 119128 22 119648 21 120168 19 120688 19 121209 18 121730 16 122250 16 122771 13 123292 12 123813 11 124334 10 124855 9 125376 8 125896 8 126416 8 126937 6 127457 5
c304a1fdf3bca2f4b4580d2cac59942e2224a7678001bf5ed9d9852f57708932,112802 2 113319 8 113837 11 114354 15 114873 19 115392 23 115912 24 116432 25 116952 25 117472 26 117992 26 118512 26 119033 26 119553 26 120074 25 120595 24 121117 22 121638 21 122159 20 122681 17 123202 16 123724 13 124247 8 124770 2
c304a1fdf3bca2f4b4580d2cac59942e2224a7678001bf5ed9d9852f57708932,105368 8 105886 12 106405 14 106923 19 107442 21 107962 22 108481 24 109000 9 109011 16 109517 1 109520 9 109530 18 110037 1 110040 29 110557 1 110560 30 111076 2 111080 31 111596 2 111600 32 112104 4 112115 4 112120 32 112624 6 112635 6 112642 31 113144 7 113154 8 113164 30 113662 21 113686 29 114181 22 114207 28 114700 24 114731 5 114737 17 115219 26 115259 15 115738 27 115781 12 116258 28 116302 11 116778 27 116824 9 117298 27 117348 4 117818 26 118338 26 118858 25 119379 22 119900 19 120420 16 120943 11
c304a1fdf3bca2f4b4580d2cac59942e2224a7678001bf5ed9d9852f57708932,170155 7 170673 12 171192 14 171711 16 172230 17 172749 19 173268 20 173788 21 174308 21 174827 22 175347 22 175866 23 176386 23 176905 24 177425 24 177945 23 178465 23 178985 22 179505 22 180025 21 180545 21 181065 20 181585 20 182105 20 182625 19 183145 18 183666 17 184187 15 184707 14 185228 11 185749 8 186272 1
c304a1fdf3bca2f4b4580d2cac59942e2224a7678001bf5ed9d9852f57708932,247000 1 247520 1 248039 2 248559 2 249078 3 249598 3 250118 3 250638 3 251158 3 251678 3 252199 2 252720 1
c304a1fdf3bca2f4b4580d2cac59942e2224a7678001bf5ed9d9852f57708932,26732 5 27249 10 27764 17 28284 18 28803 20 29323 21 29843 23 30363 24 30883 25 31403 25 31923 25 32443 25 32963 25 33483 24 34003 24 34523 23 35043 22 35564 20 36085 18 36606 16
c304a1fdf3bca2f4b4580d2cac59942e2224a7678001bf5ed9d9852f57708932,283325 9 283845 11 284363 13 284881 15 285399 17 285918 18 286437 19 286956 19 287475 20 287994 20 288513 20 289032 18 289551 19 290070 19 290589 20 291109 19 291628 19 292147 12 292160 6 292667 18 293187 16 293707 15 294227 14 294747 13 295267 10 295788 8
c304a1fdf3bca2f4b4580d2cac59942e2224a7678001bf5ed9d9852f57708932,323599 5 324117 9 324635 12 325154 14 325673 15 326192 16 326711 18 327230 19 327749 20 328269 20 328789 18 328808 2 329308 19 329328 4 329828 19 330348 18 330868 18 331388 7 331396 9 331908 17 332429 15 332950 14 333470 13 333992 10 334513 9 335034 8 335555 7 336077 5 336599 3 337120 1 337640 1 338160 1 338680 1
c304a1fdf3bca2f4b4580d2cac59942e2224a7678001bf5ed9d9852f57708932,68655 2 69175 4 69693 8 70212 13 70731 21 71250 9 71260 15 71770 9 71780 18 72290 29 72810 31 73330 31 73850 31 74371 31 74892 30 75413 29 75935 27 76458 23 76979 22 77501 19 78022 18 78543 16 79067 11 79595 1
c304a1fdf3bca2f4b4580d2cac59942e2224a7678001bf5ed9d9852f57708932,313549 6 314068 11 314586 15 315106 15 315626 15 316145 16 316666 15 317186 15 317706 15 318227 14 318748 13 319268 13 319790 11 320312 9 320833 8 321356 5 321877 4 322399 2
c304a1fdf3bca2f4b4580d2cac59942e2224a7678001bf5ed9d9852f57708932,3677 5 4195 9 4713 12 5232 15 5751 17 6270 19 6789 21 7309 21 7828 22 8348 22 8867 1 8869 21 9389 21 9909 21 10430 19 10953 16 11474 15 11995 14 12515 3 12519 9 13036 11 13556 11 14076 9 14600 5
c304a1fdf3bca2f4b4580d2cac59942e2224a7678001bf5ed9d9852f57708932,61510 4 62029 6 62548 7 63066 9 63567 4 63583 12 64089 5 64097 18 64611 24 65131 23 65651 23 66171 22 66689 24 67209 24 67728 25 68248 25 68769 24 69289 23 69810 21 70330 20 70851 17 71372 15 71896 9
c304a1fdf3bca2f4b4580d2cac59942e2224a7678001bf5ed9d9852f57708932,189835 2 190355 2 190875 2 191395 2 191414 2 191915 2 191931 7 192435 2 192450 7 192955 3 192968 9 193476 6 193486 2 193489 7 193996 7 194004 12 194517 18 195037 18 195558 15 196079 14 196600 11 197121 10
c304a1fdf3bca2f4b4580d2cac59942e2224a7678001bf5ed9d9852f57708932,268269 1 268787 8 269304 13 269823 15 270341 18 270860 20 271378 23 271897 24 272416 25 272935 26 273455 26 273974 26 274493 27 275012 27 275532 26 276051 25 276571 24 277091 23 277611 22 278131 20 278652 18 279173 16 279695 12 280221 2
c304a1fdf3bca2f4b4580d2cac59942e2224a7678001bf5ed9d9852f57708932,223973 4 224491 8 225011 9 225529 12 226048 14 226568 14 227087 17 227607 17 228127 18 228647 18 229167 19 229687 20 230207 20 230727 21 231247 21 231767 21 232287 21 232807 21 233327 20 233848 19 234368 19 234889 18 235409 18 235930 17 236451 16 236972 14 237493 13 238016 10 238535 11 239057 7 239578 5 240099 2
c304a1fdf3bca2f4b4580d2cac59942e2224a7678001bf5ed9d9852f57708932,65620 6 66135 14 66653 18 67172 21 67691 23 68210 25 68730 27 69248 30 69768 30 70288 31 70808 32 71329 31 71849 31 72369 32 72890 31 73410 31 73931 29 74451 29 74972 6 74979 21 75494 1 75506 13 76026 12 76546 11
c304a1fdf3bca2f4b4580d2cac59942e2224a7678001bf5ed9d9852f57708932,216 11 736 12 1255 13 1775 13 2295 13 2814 15 3334 15 3854 15 4374 15 4894 15 5414 15 5933 16 6453 16 6973 16 7493 15 8013 14 8533 13 9053 13 9573 13 10093 13 10613 12 11133 12 11653 11 12173 10 12693 10 13214 8 13735 9 14258 6 14783 1
c304a1fdf3bca2f4b4580d2cac59942e2224a7678001bf5ed9d9852f57708932,154005 3 154523 7 155042 8 155562 9 156081 10 156601 10 157120 11 157639 11 158158 12 158677 13 159197 12 159716 13 160236 13 160756 12 161276 12 161796 11 162316 10 162836 9 163355 10 163875 9 164396 7 164917 5 165438 3
c304a1fdf3bca2f4b4580d2cac59942e2224a7678001bf5ed9d9852f57708932,38772 11 39290 15 39809 16 40327 19 40847 19 41367 19 41886 20 42406 20 42925 21 43445 21 43965 20 44485 20 45005 20 45525 20 46045 19 46565 17 47086 15 47607 11 48130 5
c304a1fdf3bca2f4b4580d2cac59942e2224a7678001bf5ed9d9852f57708932,30650 9 31168 13 31686 16 32204 19 32723 20 33241 25 33760 30 34279 23 34798 20 35317 21 35837 21 36356 23 36876 22 37396 20 37916 19 38436 19 38957 16 39478 15 39999 13 40521 11 41045 7 41570 2 42090 2
c304a1fdf3bca2f4b4580d2cac59942e2224a7678001bf5ed9d9852f57708932,184080 1 184597 4 185115 6 185633 8 186152 9 186672 9 187192 9 187709 12 188229 12 188747 14 189267 14 189787 14 190307 14 190827 14 191347 14 191867 14 192388 13 192908 13 193430 11 193951 10 194476 5 194998 3
c304a1fdf3bca2f4b4580d2cac59942e2224a7678001bf5ed9d9852f57708932,76823 9 77340 14 77858 17 78377 19 78896 21 79415 22 79934 24 80453 25 80972 26 81491 27 82011 26 82531 26 83051 26 83571 25 84091 25 84611 24 85131 23 85652 22 86172 21 86692 20 87213 17 87734 14 88257 9
c304a1fdf3bca2f4b4580d2cac59942e2224a7678001bf5ed9d9852f57708932,193389 4 193908 7 194426 11 194945 13 195464 14 195984 15 196504 15 197024 15 197543 17 198062 18 198582 18 199102 18 199622 18 200141 19 200661 19 201181 19 201700 20 202220 21 202740 21 203260 22 203780 21 204300 21 204820 20 205339 21 205859 21 206379 20 206899 20 207419 19 207938 19 208458 18 208978 17 209498 14 210017 14 210537 13 211057 13 211577 12 212098 10 212618 10 213138 9 213658 8 214178 8 214698 8 215218 6 215225 2 215738 7 215746 2 216256 13 216775 14 217295 15 217815 16 218334 18 218854 18 219374 18 219894 19 220413 20 220932 21 221452 22 221972 22 222491 23 223012 22 223532 22 224052 22 224572 23 225093 21 225613 21 226134 20 226654 19 227175 18 227695 17 228216 16 228737 14 229258 12 229780 9 230304 2
c304a1fdf3bca2f4b4580d2cac59942e2224a7678001bf5ed9d9852f57708932,264694 3 265213 4 265731 6 266250 8 266769 9 267287 11 267807 12 268326 13 268846 13 269366 14 269885 16 270405 16 270925 16 271445 16 271964 17 272484 16 273004 16 273524 16 274044 16 274564 16 275084 16 275604 16 276124 16 276645 15 277165 15 277686 13 278206 12 278727 10 279248 9 279770 5
c304a1fdf3bca2f4b4580d2cac59942e2224a7678001bf5ed9d9852f57708932,314402 3 314919 9 315437 12 315956 15 316476 15 316995 16 317514 18 318034 18 318553 20 319073 20 319592 21 320112 21 320632 21 321152 21 321671 22 322191 22 322711 22 323231 22 323750 22 324270 22 324790 21 325310 12 325326 4 325830 12 326350 11 326870 11 327390 11 327910 11 328430 10 328950 10 329471 8 329991 4
c304a1fdf3bca2f4b4580d2cac59942e2224a7678001bf5ed9d9852f57708932,33790 3 34302 12 34818 17 35338 17 35858 17 36379 3 36383 12 36898 17 37416 19 37935 20 38455 20 38973 21 39493 19 40012 18 40532 14 40547 3 41052 18 41572 18 42092 16 42612 15 43132 13 43652 12 44172 12 44692 12 45213 10 45734 8 46254 8
c304a1fdf3bca2f4b4580d2cac59942e2224a7678001bf5ed9d9852f57708932,250394 9 250910 14 251429 18 251948 19 252467 21 252987 22 253506 24 254026 25 254546 25 255066 25 255586 26 256106 27 256626 27 257146 27 257667 26 258188 25 258708 25 259229 23 259751 21 260272 20 260794 18 261315 17 261836 16 262357 15 262878 13 263399 12 263920 10 264442 8 264963 6
c304a1fdf3bca2f4b4580d2cac59942e2224a7678001bf5ed9d9852f57708932,360973 8 361490 15
c304a1fdf3bca2f4b4580d2cac59942e2224a7678001bf5ed9d9852f57708932,24053 1 24573 3 25093 6 25612 8 26132 9 26652 10 27171 11 27691 12 28210 14 28730 14 29250 14 29768 17 30287 18 30806 18 31323 21 31843 21 32363 20 32884 3 32888 15 33402 20 33922 1 33924 17 34442 18 34962 17 35481 17 36001 16 36522 14 37042 14 37563 11 38085 7
c304a1fdf3bca2f4b4580d2cac59942e2224a7678001bf5ed9d9852f57708932,102405 12 102922 15 103441 19 103958 23 104478 23 104997 25 105517 26 106037 26 106557 27 107077 27 107597 26 108119 25 108640 24 109160 23 109681 22 110203 20 110726 16 111251 4 111256 4 111777 1
c304a1fdf3bca2f4b4580d2cac59942e2224a7678001bf5ed9d9852f57708932,88493 11 89012 14 89530 18 90049 23 90568 25 91087 26 91607 28 92127 28 92647 28 93168 28 93688 28 94208 28 94728 29 95249 28 95770 26 96291 25 96812 24 97333 22 97854 20 98376 17 98898 1 98900 10 99422 3
c304a1fdf3bca2f4b4580d2cac59942e2224a7678001bf5ed9d9852f57708932,181612 7 182130 11 182649 13 183167 17 183684 20 184204 21 184724 22 185242 24 185761 26 186281 26 186801 26 187321 26 187841 26 188361 26 188881 26 189401 25 189921 26 190441 26 190961 26 191482 24 192002 13 192016 7 192524 11
c304a1fdf3bca2f4b4580d2cac59942e2224a7678001bf5ed9d9852f57708932,105554 6 106072 9 106590 11 107110 11 107629 12 108149 12 108669 12 109189 12 109709 12 110230 11 110750 11 111271 10 111792 9 112312 9 112834 7 113354 7 113875 6 114398 3 114918 3
c304a1fdf3bca2f4b4580d2cac59942e2224a7678001bf5ed9d9852f57708932,310441 1 310961 1 311481 2 312001 3 312521 4 313041 4 313561 5 314081 6 314601 6 315121 7 315641 7 316161 7 316681 7 317201 8 317721 7 318241 7 318761 7 319281 7 319801 6 320321 6 320841 5 321361 4 321881 3
c304a1fdf3bca2f4b4580d2cac59942e2224a7678001bf5ed9d9852f57708932,253869 5 254388 8 254907 10 255426 12 255945 13 256465 14 256984 16 257504 16 258023 18 258543 18 259063 18 259583 18 260103 19 260623 19 261142 20 261662 20 262182 20 262702 20 263222 20 263742 20 264262 20 264782 19 265302 19 265822 19 266342 18 266863 17 267383 16 267903 15 268424 13 268945 10 269466 8
c304a1fdf3bca2f4b4580d2cac59942e2224a7678001bf5ed9d9852f57708932,120449 10 120966 16 121487 17 122006 20 122526 23 123046 23 123567 23 124087 24 124607 26 125128 26 125649 27 126170 27 126692 26 127213 26 127735 25 128256 24 128777 23 129299 21 129819 21 130341 18 130863 16 131384 14 131906 10 132427 7 132951 1
c304a1fdf3bca2f4b4580d2cac59942e2224a7678001bf5ed9d9852f57708932,285677 9 286194 12 286713 14 287232 15 287752 16 288272 16 288793 16 289311 18 289831 18 290351 18 290871 18 291390 18 291910 18 292429 19 292949 19 293470 17 293990 17 294509 18 295029 18 295549 17 296069 16 296588 16 297108 16 297632 10
c304a1fdf3bca2f4b4580d2cac59942e2224a7678001bf5ed9d9852f57708932,183916 2 184437 2 184956 5 185475 10 185994 11 186514 12 187033 4 187038 9 187553 14 188073 15 188593 17 189113 18 189633 19 190154 19 190674 20 191194 20 191714 21 192234 22 192754 23 193275 23 193795 23 194316 22 194836 22 195357 21 195878 20 196399 19 196921 17 197442 15 197963 13 198484 11 199006 7
c304a1fdf3bca2f4b4580d2cac59942e2224a7678001bf5ed9d9852f57708932,111715 2 112233 5 112752 6 113270 9 113789 10 114308 12 114827 14 115346 15 115866 16 116386 16 116905 18 117426 17 117946 18 118466 18 118986 18 119506 18 120026 19 120547 18 121067 19 121587 19 122107 19 122628 18 123148 18 123669 17 124188 18 124708 18 125228 17 125748 17 126268 17 126788 17 127308 16 127828 16 128348 16 128868 15 129389 14 129909 14 130429 13 130950 12 131471 10 131992 8 132513 6
c304a1fdf3bca2f4b4580d2cac59942e2224a7678001bf5ed9d9852f57708932,254823 8 255342 10 255861 12 256380 13 256899 14 257419 15 257939 15 258459 15 258978 16 259498 16 260018 16 260538 16 261058 17 261578 17 262097 18 262617 18 263137 18 263657 17 264177 17 264697 17 265217 17 265737 17 266258 16 266778 16 267298 15 267819 14 268339 13 268859 13 269380 12 269901 11 270421 11 270941 10 271461 10 271981 10 272501 10 273022 5
c304a1fdf3bca2f4b4580d2cac59942e2224a7678001bf5ed9d9852f57708932,272892 5 273410 8 273928 10 274446 13 274965 15 275483 17 276003 17 276526 15 277045 16 277564 17 278083 18 278602 20 279122 20 279643 20 280163 20 280683 20 281203 20 281722 21 282242 21 282762 20 283282 19 283802 19 284322 18 284842 17 285363 15 285883 14 286404 12 286925 10 287445 9 287969 2
c304a1fdf3bca2f4b4580d2cac59942e2224a7678001bf5ed9d9852f57708932,103250 2 103770 3 104283 10 104802 11 105315 5 105321 12 105835 19 106356 18 106876 18 107397 18 107917 18 108438 17 108959 16 109479 15 110000 13 110521 12 111043 10
c304a1fdf3bca2f4b4580d2cac59942e2224a7678001bf5ed9d9852f57708932,13963 11 14482 12 15001 16 15520 18 16038 21 16555 25 17062 39 17582 28 17611 10 18102 16 18119 22 18622 32 18655 6 19142 39 19662 39 20184 37 20705 36 21225 36 21745 27 21773 7 22271 29 22793 8 22802 17 23315 24 23839 20 24360 19 24881 17 25404 12 25925 10 26447 6
c304a1fdf3bca2f4b4580d2cac59942e2224a7678001bf5ed9d9852f57708932,190202 1 190720 8 191239 11 191759 12 192277 15 192797 16 193316 17 193836 18 194355 19 194875 19 195395 20 195915 20 196435 20 196955 20 197476 19 197996 20 198515 22 199035 22 199555 22 200075 22 200595 22 201115 22 201635 21 202155 20 202675 20 203196 18 203716 18 204237 15 204758 14 205278 12 205799 10 206321 7 206842 5
c304a1fdf3bca2f4b4580d2cac59942e2224a7678001bf5ed9d9852f57708932,126628 5 127146 7 127665 9 128183 12 128701 14 129218 17 129737 18 130256 19 130775 20 131295 20 131815 19 132335 18 132855 17 133375 17 133895 15 134415 13 134936 12 135456 8 135978 3
c304a1fdf3bca2f4b4580d2cac59942e2224a7678001bf5ed9d9852f57708932,239202 4 239721 6 240241 8 240761 8 241281 8 241801 9 242321 8 242841 9 243361 10 243881 10 244401 10 244921 10 245441 9 245961 9 246481 9 247001 9 247521 8 248041 8 248561 7 249081 7 249601 6 250121 6 250641 6 251161 5 251681 4 252201 4 252721 3 253241 2 253761 1
c304a1fdf3bca2f4b4580d2cac59942e2224a7678001bf5ed9d9852f57708932,45377 13 45893 20 46412 21 46930 23 47449 24 47969 24 47994 1 48489 26 49009 26 49529 26 50049 26 50569 26 51089 26 51609 25 52130 24 52650 23 53170 21 53690 20 54211 17 54731 17 55254 6
c304a1fdf3bca2f4b4580d2cac59942e2224a7678001bf5ed9d9852f57708932,350019 7 350536 12 351054 15 351573 19 352093 19 352613 20 353133 21 353653 22 354173 23 354693 23 355213 24 355734 23 356255 22 356775 22 357296 21 357816 21 358337 20 358858 19 359378 19 359899 17 360420 16 360941 15 361461 15
c304a1fdf3bca2f4b4580d2cac59942e2224a7678001bf5ed9d9852f57708932,118932 5 119449 12 119968 15 120487 17 121006 19 121526 20 122044 22 122563 23 123082 24 123602 24 124121 24 124641 24 125160 25 125680 25 126200 25 126720 25 127241 24 127762 23 128284 21 128806 19 129328 16 129850 12 130371 10 130894 5
c304a1fdf3bca2f4b4580d2cac59942e2224a7678001bf5ed9d9852f57708932,150496 6 151014 10 151533 12 152051 16 152571 18 153090 19 153609 22 154129 22 154648 24 155168 25 155689 24 156208 26 156729 25 157249 26 157769 26 158289 26 158811 25 159331 25 159852 24 160372 24 160893 23 161414 22 161935 21 162455 20 162977 18 163497 17 164018 15 164540 13 165062 9 165584 2
c304a1fdf3bca2f4b4580d2cac59942e2224a7678001bf5ed9d9852f57708932,176610 1 177130 7 177651 9 178171 10 178691 10 179211 10 179731 10 180250 12 180770 13 181289 14 181809 15 182329 15 182849 16 183369 16 183889 17 184409 18 184930 17 185450 18 185971 17 186491 18 187011 18 187533 16 188054 14 188575 13 189096 12 189618 10 190139 7 190660 6
c304a1fdf3bca2f4b4580d2cac59942e2224a7678001bf5ed9d9852f57708932,231647 7 232165 11 232682 15 233200 18 233720 18 234239 19 234757 21 235277 21 235796 22 236315 23 236835 23 237355 22 237874 22 238394 22 238913 22 239433 22 239953 21 240472 21 240992 21 241512 20 242032 20 242552 19 243072 18 243592 18 244112 17 244633 16 245153 15 245674 13 246195 11 246716 7
c304a1fdf3bca2f4b4580d2cac59942e2224a7678001bf5ed9d9852f57708932,165110 2 165631 2 166149 3 166156 1 166667 6 166674 3 167185 12 167705 12 168224 14 168743 15 169263 16 169783 17 170303 17 170823 18 171343 19 171863 19 172383 20 172901 1 172903 21 173421 24 173942 2 173945 21 174464 22 174984 23 175504 23 176024 23 176545 23 177065 23 177587 21 178107 21 178627 21 179148 20 179668 20 180189 19 180709 5 180715 13 181230 18 181750 18 182271 15 182792 14 183313 12 183835 6
c304a1fdf3bca2f4b4580d2cac59942e2224a7678001bf5ed9d9852f57708932,300987 10 301507 10 302026 12 302545 6 302552 6 303064 9 303074 5 303583 18 304102 19 304621 20 305139 22 305659 22 306179 22 306698 21 307217 22 307737 22 308256 22 308775 22 309295 22 309815 21 310335 13 310855 11 311376 9 311897 6
c304a1fdf3bca2f4b4580d2cac59942e2224a7678001bf5ed9d9852f57708932,475 25 995 25 1515 25 2035 24 2556 24 3076 24 3596 23 4116 23 4637 21 5157 20 5678 19 6198 17 6720 14 7240 13 7763 8
c304a1fdf3bca2f4b4580d2cac59942e2224a7678001bf5ed9d9852f57708932,81836 9 82353 14 82871 17 83391 17 83910 19 83930 1 84430 21 84949 23 85470 22 85991 21 86510 22 87030 22 87551 20 88072 19 88592 18 89113 17 89635 14 90156 11 90677 9 91199 5
c304a1fdf3bca2f4b4580d2cac59942e2224a7678001bf5ed9d9852f57708932,284624 5 285144 8 285663 10 286182 11 286701 12 287220 12 287740 12 288259 13 288778 15 289298 13 289818 13 290338 13 290858 13 291378 12 291898 12 292417 12 292937 12 293456 14 293974 16 294494 15 295014 15 295534 15 296054 15 296574 14 297094 14 297614 14 298134 13 298654 13 299174 13 299695 8
c304a1fdf3bca2f4b4580d2cac59942e2224a7678001bf5ed9d9852f57708932,133872 10 134390 15 134909 18 135428 20 135947 22 136467 23 136987 24 137507 25 138027 25 138547 26 139068 25 139589 24 140110 23 140632 21 141153 20 141675 18 142197 15 142719 12 143243 4 143249 1
c304a1fdf3bca2f4b4580d2cac59942e2224a7678001bf5ed9d9852f57708932,117530 8 118048 10 118567 11 119086 13 119100 1 119606 14 120125 17 120645 22 121165 25 121685 25 122205 27 122721 1 122725 27 123241 3 123245 28 123761 32 124281 33 124801 7 124809 25 125321 2 125324 4 125329 25 125841 9 125851 23 126361 11 126373 21 126881 12 126894 20 127401 12 127416 17 127921 12 127939 13 128441 12 128460 12 128961 12 129481 12 130001 11 130524 8 131046 4
c304a1fdf3bca2f4b4580d2cac59942e2224a7678001bf5ed9d9852f57708932,26685 4 27204 7 27723 9 28243 9 28763 9 29283 9 29802 10 30322 11 30842 12 31362 13 31882 13 32398 2 32402 14 32918 19 33441 17 33962 2 33965 14 34485 14 35006 13 35527 12 36048 11 36569 10 37091 7 37612 5
c304a1fdf3bca2f4b4580d2cac59942e2224a7678001bf5ed9d9852f57708932,297703 2 298222 3 298735 1 298741 3 299250 2 299254 16 299771 20 300290 22 300809 24 301328 26 301847 27 302366 28 302886 29 303406 29 303926 29 304446 29 304967 28 305488 26 306015 8
c304a1fdf3bca2f4b4580d2cac59942e2224a7678001bf5ed9d9852f57708932,57319 2 57839 5 58352 14 58864 22 59381 25 59900 26 60420 7 60430 16 60940 26 61460 26 61980 25 62502 23 63023 20 63547 8
c304a1fdf3bca2f4b4580d2cac59942e2224a7678001bf5ed9d9852f57708932,329847 8 330366 10 330886 10 331406 12 331925 14 332445 14 332964 17 333484 17 334004 17 334523 18 335043 18 335563 18 336082 19 336602 19 337121 20 337641 20 338161 19 338681 19 339200 20 339720 19 340240 19 340760 19 341280 18 341801 14 342322 10 342843 7 343363 4
c304a1fdf3bca2f4b4580d2cac59942e2224a7678001bf5ed9d9852f57708932,18296 7 18814 9 19333 11 19853 11 20372 12 20892 12 21412 14 21930 16 22450 16 22970 16 23489 17 24009 17 24528 18 25048 19 25568 18 26087 19 26607 19 27127 18 27648 17 28168 16 28688 16 29208 16 29729 14 30249 13 30770 12 31290 11 31811 9 32331 8 32853 5
c304a1fdf3bca2f4b4580d2cac59942e2224a7678001bf5ed9d9852f57708932,175721 9 176240 12 176759 14 177278 16 177798 17 178317 20 178837 20 179356 22 179876 22 180396 22 180915 24 181435 24 181955 24 182475 24 182995 24 183515 24 184035 24 184555 24 185076 23 185596 23 186116 22 186637 21 187157 21 187678 19 188198 19 188719 17 189240 15 189762 13 190283 9 190806 5
c304a1fdf3bca2f4b4580d2cac59942e2224a7678001bf5ed9d9852f57708932,72632 11 73151 13 73670 15 74189 18 74707 21 75225 24 75743 27 76263 27 76782 29 77302 30 77822 30 78342 35 78861 35 79383 32 79903 31 80423 30 80943 29 81464 27 81985 26 82506 25 83027 24 83549 17 83569 2 84070 9 84089 2 84609 2 85129 2 85650 2 86170 2
c304a1fdf3bca2f4b4580d2cac59942e2224a7678001bf5ed9d9852f57708932,367 7 886 9 1405 11 1924 13 2444 15 2963 15 3483 16 4002 17 4522 20 5042 21 5562 20 6081 19 6602 17 7122 16 7642 17 8162 17 8682 17 9202 18 9723 17 10244 11 10258 3 10766 7 10780 1 11290 2
c304a1fdf3bca2f4b4580d2cac59942e2224a7678001bf5ed9d9852f57708932,84917 14 85436 18 85956 19 86475 22 86994 26 87514 27 88034 29 88554 30 89074 31 89594 31 90114 33 90635 5 90641 27 91157 34 91677 35 92198 34 92720 32 93241 7 93251 21 93762 30 94284 27 94806 26 95329 23 95850 22 96374 13
c304a1fdf3bca2f4b4580d2cac59942e2224a7678001bf5ed9d9852f57708932,56677 4 57193 8 57711 10 58229 12 58748 13 59266 15 59786 15 60306 15 60826 15 61346 15 61866 15 62386 15 62906 15 63426 14 63947 13 64468 10
c304a1fdf3bca2f4b4580d2cac59942e2224a7678001bf5ed9d9852f57708932,90899 5 91419 6 91938 9 92456 13 92974 16 93493 17 94012 18 94531 20 95051 20 95570 21 96090 21 96609 22 97129 22 97649 22 98168 23 98688 23 99207 24 99727 23 100247 23 100767 23 101287 23 101807 23 102327 23 102847 23 103367 23 103887 23 104408 21 104928 21 105449 17 105969 16 106490 15 107011 8
c304a1fdf3bca2f4b4580d2cac59942e2224a7678001bf5ed9d9852f57708932,8868 1 9375 6 9384 5 9893 16 10412 18 10931 22 11451 23 11970 25 12490 25 13010 26 13530 26 14050 26 14570 27 15090 28 15611 27 16131 27 16652 26 17173 25 17693 25 18214 24 18735 23 19255 23 19777 20 20297 20 20818 18 21340 15 21862 13
c304a1fdf3bca2f4b4580d2cac59942e2224a7678001bf5ed9d9852f57708932,22262 9 22781 12 23301 14 23820 19 24340 10 24351 9 24860 11 24873 8 25380 24 25900 25 26420 27 26940 29 27460 29 27980 29 28500 29 29020 29 29541 28 30061 28 30582 27 31102 27 31623 25 32144 24 32665 22 33186 21 33708 18 34230 13 34752 10
c304a1fdf3bca2f4b4580d2cac59942e2224a7678001bf5ed9d9852f57708932,213483 11 214002 13 214521 15 215040 16 215560 17 216080 17 216600 17 217119 18 217639 18 218159 18 218679 18 219199 18 219719 18 220239 18 220759 18 221279 18 221800 17 222320 16 222841 15 223362 13 223883 11 224404 8 224926 4
c304a1fdf3bca2f4b4580d2cac59942e2224a7678001bf5ed9d9852f57708932,231218 12 231738 13 232257 15 232776 17 233296 17 233815 19 234334 20 234854 20 235374 20 235893 22 236413 21 236933 21 237452 22 237972 22 238491 22 239011 22 239531 21 240050 22 240570 22 241090 20 241609 21 242129 20 242649 19 243167 20 243688 18 244208 18 244728 18 245248 16 245771 11
c304a1fdf3bca2f4b4580d2cac59942e2224a7678001bf5ed9d9852f57708932,49939 5 50458 8 50977 10 51496 11 52015 14 52526 23 53045 25 53564 27 54084 27 54604 27 55125 27 55645 27 56165 27 56686 26 57208 24 57730 22 58253 19 58781 11 59302 10
c304a1fdf3bca2f4b4580d2cac59942e2224a7678001bf5ed9d9852f57708932,73930 1 74449 2 74968 4 74978 1 75486 8 75495 11 76005 21 76524 22 77044 31 77563 30 78083 29 78603 29 79123 29 79643 29 80163 29 80684 28 81204 27 81725 25 82245 25 82766 23 83287 21 83808 20 84330 17 84852 14 85374 10
c304a1fdf3bca2f4b4580d2cac59942e2224a7678001bf5ed9d9852f57708932,213707 5 214226 8 214745 10 215265 11 215784 13 216302 15 216821 16 217340 17 217859 18 218378 19 218897 20 219417 20 219936 21 220455 22 220975 22 221494 23 222014 23 222534 22 223053 23 223573 23 224092 23 224612 22 225132 22 225651 23 226171 21 226691 20 227211 19 227732 17 228252 16 228773 13 229293 11 229814 8 230335 5
c304a1fdf3bca2f4b4580d2cac59942e2224a7678001bf5ed9d9852f57708932,333818 6 334337 9 334856 11 335376 13 335895 16 336415 18 336935 20 337455 21 337975 21 338496 21 339016 22 339537 22 340058 21 340579 22 341100 21 341621 20 342141 20 342663 18 343183 18 343704 17 344224 17 344746 15 345266 15 345788 12 346308 11 346831 7
c304a1fdf3bca2f4b4580d2cac59942e2224a7678001bf5ed9d9852f57708932,176732 3 177249 8 177768 10 178287 12 178806 14 179325 16 179844 17 180363 18 180883 19 181403 19 181923 19 182442 20 182962 19 183482 19 184002 19 184522 18 185042 18 185562 17 186082 17 186602 16 187122 16 187643 14 188163 13 188684 11 189205 10 189725 9 190246 7 190767 4
c304a1fdf3bca2f4b4580d2cac59942e2224a7678001bf5ed9d9852f57708932,299369 6 299888 9 300408 11 300927 14 301447 14 301967 15 302487 16 303007 17 303527 18 304047 19 304567 20 305088 20 305608 20 306130 19 306651 19 307172 19 307693 20 308214 19 308733 20 309254 19 309775 18 310296 17 310817 16 311341 12 311862 11 312382 11 312905 5
c304a1fdf3bca2f4b4580d2cac59942e2224a7678001bf5ed9d9852f57708932,84511 7 85029 10 85549 12 86068 15 86587 16 87106 18 87626 18 88146 19 88666 20 89186 20 89706 20 90226 20 90746 20 91266 20 91786 19 92306 18 92825 19 93345 18 93865 18 94386 13 94907 11 95428 10 95949 7 96471 4 96992 2
c304a1fdf3bca2f4b4580d2cac59942e2224a7678001bf5ed9d9852f57708932,47684 2 48205 3 48726 3 49247 4 49768 4 49773 1 50288 7 50809 6 50816 1 51329 14 51850 17 52370 19 52890 20 53410 21 53929 22 54448 23 54962 29 55478 33 55996 35 56518 32 57037 33 57557 32 58077 29 58597 29 59117 27 59638 25 60158 24 60678 22 61199 18 61719 16 62239 14 62760 10 63280 6
c304a1fdf3bca2f4b4580d2cac59942e2224a7678001bf5ed9d9852f57708932,149134 13 149652 17 150172 19 150692 21 151212 22 151732 22 152252 23 152772 24 153292 24 153813 23 154333 23 154853 23 155373 23 155893 23 156414 22 156935 21 157455 21 157975 20 158496 19 159014 20 159533 21 160053 19 160571 3 160576 15 161092 1 161096 14 161616 14 162138 2
c304a1fdf3bca2f4b4580d2cac59942e2224a7678001bf5ed9d9852f57708932,286738 5 287255 12 287774 14 288294 16 288814 18 289333 19 289852 21 290372 21 290892 21 291412 21 291932 21 292452 21 292972 19 293492 21 294012 21 294532 21 295051 22 295571 22 296091 21 296611 21 297131 21 297651 21 298172 21 298693 20 299213 20 299734 18 300255 17 300776 15 301297 14 301820 9
c304a1fdf3bca2f4b4580d2cac59942e2224a7678001bf5ed9d9852f57708932,104557 4 105076 8 105596 9 106116 11 106636 3 106642 5 107156 3 107162 8 107676 3 107682 10 108197 16 108718 15 109239 15 109759 15 110280 14 110801 13 111322 12 111843 11 112365 9 112888 5
c304a1fdf3bca2f4b4580d2cac59942e2224a7678001bf5ed9d9852f57708932,164308 3 164827 7 165344 11 165864 11 166383 13 166901 15 167421 15 167940 16 168459 17 168979 17 169499 17 170019 17 170538 18 171058 18 171578 17 172099 16 172618 16 173138 16 173658 15 174178 14 174698 14 175218 14 175738 13 176258 12 176779 11 177299 10 177819 9 178339 9 178860 8 179381 6 179905 2 180425 1 180945 1 181465 1 181985 1
c304a1fdf3bca2f4b4580d2cac59942e2224a7678001bf5ed9d9852f57708932,31271 4 31789 8 32307 11 32826 13 33346 14 33865 16 34384 17 34904 18 35424 18 35943 19 36463 20 36982 21 37502 21 38022 21 38541 21 39061 21 39580 22 40100 22 40620 21 41140 20 41660 20 42180 20 42700 21 43220 21 43741 20 44261 14 44782 11 45304 7
c304a1fdf3bca2f4b4580d2cac59942e2224a7678001bf5ed9d9852f57708932,212208 5 212725 9 213244 13 213763 15 214283 16 214801 19 215320 20 215839 22 216359 22 216879 22 217398 24 217918 24 218438 24 218957 25 219478 24 219998 24 220518 24 221038 24 221559 23 222080 22 222600 22 223121 21 223641 21 224161 21 224682 19 225203 18 225723 18 226244 16 226764 15 227284 15 227806 12 228327 10 228849 6
c304a1fdf3bca2f4b4580d2cac59942e2224a7678001bf5ed9d9852f57708932,175435 5 175954 8 176474 9 176994 10 177514 11 178033 13 178553 14 179073 14 179593 15 180113 15 180633 15 181153 16 181673 16 182193 16 182713 16 183233 16 183753 16 184273 16 184793 15 185313 15 185833 14 186354 12 186874 11 187396 7
c304a1fdf3bca2f4b4580d2cac59942e2224a7678001bf5ed9d9852f57708932,154887 1 155405 7 155924 10 156444 10 156963 11 157483 12 158002 13 158522 13 159042 14 159562 14 160082 14 160601 15 161122 14 161642 14 162161 15 162681 15 163202 14 163721 15 164241 14 164761 14 165280 15 165800 15 166320 15 166839 15 167359 15 167879 15 168399 14 168918 15 169439 14 169959 13 170479 12 171000 11 171521 8
c304a1fdf3bca2f4b4580d2cac59942e2224a7678001bf5ed9d9852f57708932,169248 6 169767 9 170285 12 170805 13 171324 15 171843 17 172363 18 172883 18 173403 18 173922 20 173944 1 174442 22 174962 22 175482 22 176002 22 176522 23 177041 24 177563 24 178083 24 178604 23 179124 24 179644 24 180165 24 180686 23 181207 23 181728 22 182249 19 182769 19 183292 15 183813 14 184334 13 184856 10 185377 7
c304a1fdf3bca2f4b4580d2cac59942e2224a7678001bf5ed9d9852f57708932,284259 5 284777 10 285296 13 285814 16 286333 18 286852 20 287371 21 287890 22 288409 23 288928 24 289447 26 289967 26 290486 27 291006 27 291525 27 292045 27 292566 25 293086 25 293606 24 294126 23 294646 23 295166 21 295687 19 296208 16 296728 15 297249 12 297771 8
c304a1fdf3bca2f4b4580d2cac59942e2224a7678001bf5ed9d9852f57708932,256074 5 256593 9 257111 13 257630 15 258150 16 258670 16 259188 21 259707 22 260226 23 260746 23 261265 24 261784 25 262304 25 262823 26 263342 27 263862 27 264382 27 264901 26 265420 26 265940 26 266460 26 266980 25 267500 25 268020 22 268542 18 269064 14 269586 12
c304a1fdf3bca2f4b4580d2cac59942e2224a7678001bf5ed9d9852f57708932,112868 2 113384 7 113904 7 114420 11 114939 13 115458 14 115978 14 116497 15 117017 15 117538 14 118058 14 118578 14 119099 1 119101 11 119620 11 120142 9 120667 4 121190 1
c304a1fdf3bca2f4b4580d2cac59942e2224a7678001bf5ed9d9852f57708932,18040 6 18558 9 19077 12 19596 15 20115 20 20635 23 21155 24 21674 25 22194 25 22714 25 23234 26 23754 26 24274 27 24794 26 25314 26 25834 26 26355 25 26876 23 27396 23 27916 21 28437 18 28958 16 29479 13 30000 10 30523 7
c304a1fdf3bca2f4b4580d2cac59942e2224a7678001bf5ed9d9852f57708932,281908 5 282424 12 282942 14 283461 16 283980 17 284500 18 285020 18 285539 19 286059 20 286579 20 287099 21 287618 22 288138 23 288658 24 289178 24 289698 25 290218 25 290738 25 291259 25 291779 25 292299 25 292820 24 293340 24 293861 24 294382 23 294903 22 295424 21 295945 20 296466 19 296987 18 297508 15 298029 13 298550 10 299072 7
c304a1fdf3bca2f4b4580d2cac59942e2224a7678001bf5ed9d9852f57708932,146065 5 146071 3 146585 9 147103 12 147623 13 148142 16 148662 16 149181 18 149701 19 150221 20 150742 19 151261 21 151781 22 152301 23 152821 24 153341 25 153861 25 154381 26 154903 24 155424 23 155946 21 156467 20 156987 3 156991 15 157507 2 157515 11 158027 1 158036 9 158557 7 159077 6 159597 4 160118 2 160638 2 161159 1
c304a1fdf3bca2f4b4580d2cac59942e2224a7678001bf5ed9d9852f57708932,284918 4 285436 8 285955 10 286474 12 286992 14 287511 15 288031 15 288551 15 289069 17 289589 17 290108 18 290628 18 291147 19 291666 20 292186 21 292705 22 293224 23 293744 23 294264 23 294783 24 295303 24 295823 24 296343 24 296863 23 297383 23 297903 22 298423 22 298944 20 299464 20 299985 18 300506 16 301027 14 301550 6
c304a1fdf3bca2f4b4580d2cac59942e2224a7678001bf5ed9d9852f57708932,21699 2 22219 2 22739 3 23260 2 23780 3 24301 2 24820 3 24824 7 25340 13 25860 14 26380 15 26899 17 27419 18 27937 21 28455 23 28974 25 29492 27 30010 4 30016 24 30537 23 31057 24 31577 24 32098 23 32618 23 33139 22 33659 22 34180 21 34700 21 35220 20 35740 20 36261 18 36782 16 37302 16 37823 14 38344 11 38866 8
c304a1fdf3bca2f4b4580d2cac59942e2224a7678001bf5ed9d9852f57708932,233138 6 233657 7 234175 10 234694 12 235214 13 235734 14 236254 15 236774 15 237296 13 237816 14 238336 14 238856 14 239377 14 239897 8 239906 5 240417 13 240937 13 241457 13 241977 14 242497 14 243018 12 243538 11 244059 10 244581 7 245101 4
c304a1fdf3bca2f4b4580d2cac59942e2224a7678001bf5ed9d9852f57708932,5462 11 5981 14 6499 17 7018 18 7536 20 8054 21 8574 21 9093 22 9612 21 10131 22 10650 23 11169 23 11689 23 12209 24 12728 25 13248 24 13767 25 14287 24 14807 24 15326 24 15846 24 16366 23 16886 22 17406 21 17926 20 18447 18 18967 18 19487 16 20008 14 20529 11 21051 7
c304a1fdf3bca2f4b4580d2cac59942e2224a7678001bf5ed9d9852f57708932,13123 7 13641 9 14160 11 14679 12 15199 12 15718 13 16236 15 16755 16 17274 16 17793 17 18313 17 18832 17 19351 18 19870 18 20390 18 20910 17 21430 16 21950 14 22470 14 22990 13 23510 12 24030 11 24550 9 24560 1 25070 8 25590 3
c304a1fdf3bca2f4b4580d2cac59942e2224a7678001bf5ed9d9852f57708932,332568 8 333085 14 333604 17 334123 19 334642 20 335161 23 335681 24 336201 25 336720 27 337240 28 337760 28 338280 28 338800 28 339321 27 339841 27 340362 25 340882 25 341403 24 341924 22 342445 21 342966 20 343487 18 344008 15 344529 12 345052 7
c304a1fdf3bca2f4b4580d2cac59942e2224a7678001bf5ed9d9852f57708932,44032 7 44040 1 44549 15 45069 15 45587 19 46105 24 46625 25 47144 27 47663 21 47686 6 48183 22 48208 4 48702 24 48729 4 49221 26 49251 2 49741 27 49772 1 50260 28 50780 29 51300 29 51819 31 52339 31 52859 31 53378 32 53899 30 54419 29 54940 22 55461 17 55983 13 56505 1 56507 4
c304a1fdf3bca2f4b4580d2cac59942e2224a7678001bf5ed9d9852f57708932,36417 9 36937 10 37456 12 37976 14 38496 16 39016 18 39536 19 40056 20 40576 11 40588 8 41097 20 41617 20 42138 20 42658 20 43180 18 43700 18 44220 18 44740 18 45260 18 45781 17 46301 17 46822 16 47342 15 47864 13 48385 12 48906 9 49426 7 49947 5 50470 1
c304a1fdf3bca2f4b4580d2cac59942e2224a7678001bf5ed9d9852f57708932,133634 5 134150 11 134669 12 135188 13 135708 13 136227 14 136747 14 137266 15 137787 14 138307 14 138827 14 139347 14 139868 13 140388 13 140909 12 141431 10 141951 10 142471 10 142992 9 143512 9 144033 8 144554 7 145075 6 145597 4
c304a1fdf3bca2f4b4580d2cac59942e2224a7678001bf5ed9d9852f57708932,106810 7 107328 9 107848 9 108368 9 108889 7 109409 5 109931 3
c304a1fdf3bca2f4b4580d2cac59942e2224a7678001bf5ed9d9852f57708932,273902 6 274421 9 274941 10 275459 13 275978 15 276498 16 277017 17 277535 20 278054 20 278573 21 279092 23 279612 22 280131 23 280651 23 281170 24 281690 24 282210 23 282730 23 283250 23 283770 22 284290 22 284810 22 285331 21 285851 19 286371 19 286892 17 287412 16 287933 15 288453 13 288975 10 289496 8
c304a1fdf3bca2f4b4580d2cac59942e2224a7678001bf5ed9d9852f57708932,152632 2 153147 7 153665 10 154184 12 154703 15 155222 17 155741 18 156261 18 156780 23 157299 24 157819 24 158339 26 158859 26 159379 26 159901 24 160421 24 160941 24 161462 23 161983 21 162503 14 162519 5 163026 11 163040 3 163547 10 163560 3 164068 9 164590 8 165112 6 165633 5 166152 4 166157 1 166673 1 166677 2 167197 2
c304a1fdf3bca2f4b4580d2cac59942e2224a7678001bf5ed9d9852f57708932,344381 2 344897 12 345415 18 345934 20 346453 22 346973 23 347492 25 348012 25 348532 26 349051 28 349571 29 350091 29 350611 29 351132 29 351653 29 352173 29 352694 28 353214 28 353734 28 354254 28 354775 27 355296 25 355817 23 356338 22 356860 18 357383 5 357389 8
c304a1fdf3bca2f4b4580d2cac59942e2224a7678001bf5ed9d9852f57708932,209991 7 210511 7 211029 10 211548 11 212068 11 212587 13 213107 13 213626 14 214146 15 214665 16 215185 16 215705 16 216223 18 216743 18 217263 18 217783 18 218302 18 218822 18 219342 18 219861 19 220380 20 220900 20 221419 20 221939 20 222459 19 222978 20 223498 20 224018 19 224538 18 225058 17 225578 16 226099 14 226619 12 227140 9 227662 4
c304a1fdf3bca2f4b4580d2cac59942e2224a7678001bf5ed9d9852f57708932,6949 4 7465 10 7984 14 8503 15 9022 16 9541 17 10060 18 10580 18 11099 18 11619 18 12139 18 12659 18 13178 18 13698 18 14219 17 14739 16 15259 15 15780 14 16300 13 16821 12 17343 8 17867 1
c304a1fdf3bca2f4b4580d2cac59942e2224a7678001bf5ed9d9852f57708932,6403 5 6922 8 7441 9 7960 11 8480 11 8999 13 9519 13 10039 13 10559 13 11078 14 11598 14 12117 15 12637 16 13157 16 13677 16 14197 16 14717 16 15237 16 15757 16 16277 16 16798 15 17318 15 17838 15 18359 13 18879 13 19400 12 19920 12 20441 10 20962 8 21483 6
c304a1fdf3bca2f4b4580d2cac59942e2224a7678001bf5ed9d9852f57708932,320012 13 320531 17 321050 22 321569 23 322088 25 322608 26 323128 27 323647 29 324167 29 324688 29 325208 30 325729 29 326250 28 326771 27 327292 26 327813 25 328335 22 328857 20 329380 16 329904 9
c304a1fdf3bca2f4b4580d2cac59942e2224a7678001bf5ed9d9852f57708932,181482 9 182001 13 182521 13 183041 13 183561 12 184081 12 184601 12 185121 12 185641 12 186161 12 186681 12 187201 12 187721 12 188241 12 188761 12 189281 12 189801 12 190321 12 190841 13 191361 13 191881 15 192401 15 192921 15 193441 15 193961 15 194481 15 195001 15 195521 14 196041 13 196561 14 197081 14 197602 13 198123 11 198644 9 199165 7 199687 5
c304a1fdf3bca2f4b4580d2cac59942e2224a7678001bf5ed9d9852f57708932,17469 1 17989 1 17993 6 18509 13 19029 14 19549 15 20069 16 20589 17 21109 19 21629 20 22148 21 22668 22 23187 23 23707 24 24226 25 24746 25 25266 25 25785 26 26305 26 26824 26 27344 26 27863 27 28383 26 28903 1 28906 22 29427 20 29948 18 30469 14 30990 12 31512 9
c304a1fdf3bca2f4b4580d2cac59942e2224a7678001bf5ed9d9852f57708932,36927 5 37443 10 37963 11 38483 12 39001 14 39521 15 40041 15 40561 15 41081 16 41601 16 42121 16 42641 17 43162 17 43682 17 44202 17 44723 16 45243 16 45763 16 46283 16 46803 16 47324 15 47844 15 48364 15 48884 15 49404 15 49925 13 50446 12 50967 10 51487 9 52009 6
c304a1fdf3bca2f4b4580d2cac59942e2224a7678001bf5ed9d9852f57708932,354910 6 355428 12 355947 14 356465 16 356985 16 357504 18 358024 19 358543 20 359063 20 359583 1 359585 18 360103 1 360105 18 360625 18 361145 18 361666 16
c304a1fdf3bca2f4b4580d2cac59942e2224a7678001bf5ed9d9852f57708932,327731 11 328251 12 328770 14 329290 15 329809 16 329827 1 330328 18 330347 1 330847 21 331367 21 331887 20 332407 19 332927 19 333447 18 333967 18 334487 18 335007 18 335527 18 336047 18 336567 18 337088 17 337609 15 338130 14 338651 13 339173 11 339696 7 340217 5
c304a1fdf3bca2f4b4580d2cac59942e2224a7678001bf5ed9d9852f57708932,261075 3 261595 6 262115 8 262635 10 263155 10 263674 11 264194 12 264714 13 265234 13 265754 14 266274 14 266794 15 267313 16 267833 16 268352 17 268872 17 269392 17 269912 18 270432 18 270951 19 271471 20 271991 20 272511 20 273031 20 273551 20 274071 20 274591 20 275111 20 275631 20 276151 19 276671 19 277192 18 277712 17 278233 15 278754 14 279275 12 279796 9 280318 5
c304a1fdf3bca2f4b4580d2cac59942e2224a7678001bf5ed9d9852f57708932,49869 12 50387 17 50905 20 51424 22 51943 24 52463 25 52982 26 53501 28 54021 28 54541 29 55061 29 55581 29 56101 29 56621 29 57141 28 57662 27 58183 26 58704 24 59226 21 59748 19 60269 16 60791 13 61312 10
c304a1fdf3bca2f4b4580d2cac59942e2224a7678001bf5ed9d9852f57708932,334705 6 335224 7 335743 10 336262 11 336780 13 337299 13 337817 15 338337 15 338856 16 339376 16 339896 15 340416 15 340936 15 341456 15 341976 14 342496 14 343017 12 343538 11 344059 9 344585 1
c304a1fdf3bca2f4b4580d2cac59942e2224a7678001bf5ed9d9852f57708932,266019 8 266538 11 267055 16 267573 19 268086 26 268603 30 269122 31 269641 32 270160 33 270680 33 271200 33 271720 32 272240 32 272761 31 273282 29 273809 22 274334 16 274857 12 275379 8 275903 2
c304a1fdf3bca2f4b4580d2cac59942e2224a7678001bf5ed9d9852f57708932,187999 5 188516 10 189034 14 189553 16 190072 17 190592 18 191111 20 191632 20 192152 21 192672 21 193192 22 193712 23 194233 23 194753 23 195273 23 195794 23 196314 23 196834 23 197355 22 197876 20 198397 17 198918 9 198928 4 199440 1 199442 5
c304a1fdf3bca2f4b4580d2cac59942e2224a7678001bf5ed9d9852f57708932,16 18 536 18 1057 15 1577 15 2097 14 2617 13 3138 11 3658 10 4179 4 4184 3 4701 1
c304a1fdf3bca2f4b4580d2cac59942e2224a7678001bf5ed9d9852f57708932,123920 3 124438 10 124957 14 125477 16 125996 17 126516 18 127036 20 127556 21 128076 21 128597 21 129117 22 129637 23 130158 22 130679 21 131200 20 131721 19 132242 18 132764 16 133286 11 133809 6
c304a1fdf3bca2f4b4580d2cac59942e2224a7678001bf5ed9d9852f57708932,6531 1 7051 1 7054 1 7571 2 7574 4 8091 9 8610 12 9130 12 9651 11 10171 11 10691 11 11211 11 11729 8 11739 3 12248 9 12259 3 12767 9 12780 2 13286 11 13301 1 13806 11 14325 11 14844 10 15364 10 15883 7 15891 2 16403 7 16411 1 16923 7 17443 7 17963 7 18483 5 19003 5 19524 3 20046 1
c304a1fdf3bca2f4b4580d2cac59942e2224a7678001bf5ed9d9852f57708932,340548 10 341064 16 341583 19 342102 20 342621 22 343140 24 343660 24 344180 24 344700 24 345220 24 345740 24 346261 23 346781 23 347302 23 347822 22 348342 21 348863 19 349384 18 349905 16 350425 15 350946 12 351467 8
c304a1fdf3bca2f4b4580d2cac59942e2224a7678001bf5ed9d9852f57708932,292894 8 293411 13 293931 13 294451 14 294970 17 295490 19 296010 19 296530 20 297050 21 297570 23 298091 22 298611 23 299131 23 299651 23 300171 23 300691 23 301212 21 301732 21 302252 21 302773 20 303293 19 303813 19 304333 18 304853 17 305374 14 305894 13 306415 11 306937 7
c304a1fdf3bca2f4b4580d2cac59942e2224a7678001bf5ed9d9852f57708932,127170 1 127679 13 128199 15 128718 18 129238 18 129758 18 130278 18 130798 19 131318 19 131838 19 132358 19 132878 19 133398 19 133918 19 134438 19 134958 19 135478 19 135998 19 136518 19 137038 19 137558 19 138079 17 138599 17 139120 16 139640 16 140160 15 140680 15 141201 13 141722 11 142244 9 142764 9
c304a1fdf3bca2f4b4580d2cac59942e2224a7678001bf5ed9d9852f57708932,214983 1 215503 2 216023 3 216544 3 217064 4 217583 6 218102 8 218612 20 219132 20 219652 21 220171 25 220690 26 221210 26 221730 26 222250 27 222770 27 223290 27 223813 24 224333 25 224854 24 225375 19 225395 3 225897 21 226417 21 226941 17 227461 16 227981 16 228503 13 229024 11 229544 3
c304a1fdf3bca2f4b4580d2cac59942e2224a7678001bf5ed9d9852f57708932,50118 1 50120 8 50637 12 51157 14 51676 17 52195 18 52714 19 53234 20 53754 21 54274 21 54794 22 55314 22 55834 22 56354 22 56874 22 57394 22 57914 22 58435 21 58955 21 59475 20 59996 18 60516 17 61037 16 61558 14 62078 12 62599 11 63120 10 63643 5
c304a1fdf3bca2f4b4580d2cac59942e2224a7678001bf5ed9d9852f57708932,207220 3 207739 6 208257 9 208774 1 208776 11 209293 15 209813 15 210333 16 210853 16 211374 16 211894 16 212415 15 212936 15 213456 15 213977 15 214497 15 215017 15 215538 14 216058 14 216578 15 217099 14 217619 14 218139 14 218660 13 219181 12 219702 10 220222 10 220743 8 221265 5 221787 1
c304a1fdf3bca2f4b4580d2cac59942e2224a7678001bf5ed9d9852f57708932,240838 6 241356 11 241875 13 242394 14 242913 16 243432 17 243951 19 244470 20 244989 22 245509 23 246028 25 246548 25 247067 27 247587 27 248107 27 248627 26 249147 25 249667 26 250187 25 250707 25 251228 23 251748 23 252268 21 252788 21 253309 20 253829 19 254350 18 254870 17 255391 15 255912 13 256434 10 256955 7
