c35e6e3ea39a718e1b7aff66e4cc678efd662f9b5336b74d69c1d6bca7aaf288,16871 9 17126 11 17382 12 17637 14 17892 15 18148 15 18404 8 18413 6 18660 15 18917 14 19173 14 19430 12 19686 10 19942 8 20198 5 20455 3
c35e6e3ea39a718e1b7aff66e4cc678efd662f9b5336b74d69c1d6bca7aaf288,7430 9 7684 12 7939 14 8195 15 8451 15 8706 16 8963 15 9219 15 9477 12 9735 8
c35e6e3ea39a718e1b7aff66e4cc678efd662f9b5336b74d69c1d6bca7aaf288,62760 4 63014 9 63269 11 63524 13 63779 14 64035 14 64290 15 64546 14 64802 14 65059 12 65315 11
c35e6e3ea39a718e1b7aff66e4cc678efd662f9b5336b74d69c1d6bca7aaf288,55716 6 55970 10 56225 14 56480 16 56735 17 56991 18 57247 18 57501 20 57757 21 58013 21 58269 21 58525 21 58781 21 59038 20 59294 20 59550 19 59807 18 60064 16 60321 14 60579 11 60837 6
c35e6e3ea39a718e1b7aff66e4cc678efd662f9b5336b74d69c1d6bca7aaf288,5614 4 5869 5 6124 7 6380 8 6636 8 6892 9 7148 10 7404 10 7660 11 7916 11 8173 10 8432 6
c35e6e3ea39a718e1b7aff66e4cc678efd662f9b5336b74d69c1d6bca7aaf288,5107 7 5362 9 5618 10 5874 11 6131 11 6388 10 6644 11 6901 10 7158 9 7414 8 7671 7 7927 6 8184 4
c35e6e3ea39a718e1b7aff66e4cc678efd662f9b5336b74d69c1d6bca7aaf288,13546 5 13801 7 14055 10 14309 13 14564 15 14820 15 15076 15 15332 16 15588 17 15845 16 16102 15 16359 13 16617 10 16880 2
c35e6e3ea39a718e1b7aff66e4cc678efd662f9b5336b74d69c1d6bca7aaf288,35032 3 35288 3 35542 7 35797 8 36053 9 36308 10 36564 11 36819 12 37075 13 37331 13 37586 14 37843 12 38099 12 38355 11 38612 10 38869 8 39126 6
c35e6e3ea39a718e1b7aff66e4cc678efd662f9b5336b74d69c1d6bca7aaf288,22015 2 22270 3 22525 4 22780 5 23035 6 23290 7 23546 7 23801 8 24057 8 24313 8 24569 8 24826 7 25082 7 25339 6 25599 2
c35e6e3ea39a718e1b7aff66e4cc678efd662f9b5336b74d69c1d6bca7aaf288,9506 9 9760 12 10015 13 10270 14 10525 15 10781 15 11037 15 11293 15 11549 14 11805 14 12061 13 12318 11 12575 9 12833 4
c35e6e3ea39a718e1b7aff66e4cc678efd662f9b5336b74d69c1d6bca7aaf288,45442 7 45696 11 45951 13 46207 13 46462 15 46717 16 46973 16 47229 16 47485 15 47741 15 47997 14 48254 13 48510 11 48768 6
c35e6e3ea39a718e1b7aff66e4cc678efd662f9b5336b74d69c1d6bca7aaf288,45536 9 45791 11 46046 12 46302 12 46557 14 46813 14 47069 14 47326 13 47582 13 47839 12 48096 10 48353 9 48611 7
c35e6e3ea39a718e1b7aff66e4cc678efd662f9b5336b74d69c1d6bca7aaf288,5447 5 5702 8 5958 9 6214 10 6470 10 6726 11 6982 11 7238 11 7494 12 7750 12 8006 12 8262 12 8519 11 8775 11 9032 9 9289 7
c35e6e3ea39a718e1b7aff66e4cc678efd662f9b5336b74d69c1d6bca7aaf288,26771 2 27027 3 27282 5 27536 7 27790 10 28044 12 28299 13 28555 14 28813 12 29070 11 29326 11 29582 10 29837 11 30092 12 30349 10 30606 8 30863 6
c35e6e3ea39a718e1b7aff66e4cc678efd662f9b5336b74d69c1d6bca7aaf288,6765 7 7020 9 7275 12 7530 14 7786 14 8042 15 8298 15 8554 16 8810 16 9067 15 9325 13 9583 11 9840 9
c35e6e3ea39a718e1b7aff66e4cc678efd662f9b5336b74d69c1d6bca7aaf288,8117 6 8372 8 8627 10 8882 13 9138 13 9394 14 9650 15 9906 16 10163 15 10419 15 10675 15 10932 14 11189 14 11445 14 11702 13 11960 10 12217 8 12476 2
c35e6e3ea39a718e1b7aff66e4cc678efd662f9b5336b74d69c1d6bca7aaf288,62927 6 63182 9 63437 11 63693 11 63949 12 64205 12 64461 12 64717 12 64973 12 65230 11 65486 11
c35e6e3ea39a718e1b7aff66e4cc678efd662f9b5336b74d69c1d6bca7aaf288,20225 4 20481 6 20737 8 20993 9 21249 10 21505 10 21761 10 22017 10 22273 10 22529 10 22785 9 23041 9 23297 8 23553 7 23809 6 24065 5 24321 3 24577 1
c35e6e3ea39a718e1b7aff66e4cc678efd662f9b5336b74d69c1d6bca7aaf288,34400 6 34654 9 34909 12 35164 14 35418 17 35674 17 35932 15 36188 15 36444 14 36701 13 36959 10 37216 8 37474 5
c35e6e3ea39a718e1b7aff66e4cc678efd662f9b5336b74d69c1d6bca7aaf288,136 10 393 9 650 7 908 4
c35e6e3ea39a718e1b7aff66e4cc678efd662f9b5336b74d69c1d6bca7aaf288,23490 6 23744 8 23999 10 24254 11 24510 11 24765 12 25021 12 25277 12 25532 12 25788 13 26045 12 26301 12 26557 12 26814 11 27072 7
c35e6e3ea39a718e1b7aff66e4cc678efd662f9b5336b74d69c1d6bca7aaf288,36017 7 36272 10 36527 11 36782 12 37037 13 37292 14 37548 15 37803 16 38059 15 38315 15 38572 14 38828 14 39085 12 39341 12 39598 10 39856 7
c35e6e3ea39a718e1b7aff66e4cc678efd662f9b5336b74d69c1d6bca7aaf288,14138 4 14391 8 14646 9 14901 11 15155 14 15410 16 15666 16 15921 17 16177 17 16434 16 16690 15 16947 12 17203 10 17461 7 17718 5
c35e6e3ea39a718e1b7aff66e4cc678efd662f9b5336b74d69c1d6bca7aaf288,14862 5 15116 11 15371 13 15626 15 15882 15 16139 14 16395 14 16652 14 16909 12 17165 12 17422 11 17679 9 17935 8 18195 2
c35e6e3ea39a718e1b7aff66e4cc678efd662f9b5336b74d69c1d6bca7aaf288,1 12 257 12 513 13 769 13 1025 13 1281 13 1537 13 1793 13 2049 12 2305 12 2561 12 2817 11 3073 10 3329 9 3585 7 3841 6 4097 5 4354 3
c35e6e3ea39a718e1b7aff66e4cc678efd662f9b5336b74d69c1d6bca7aaf288,54247 7 54501 10 54756 11 55012 12 55268 12 55524 12 55780 11 56037 8 56294 6
c35e6e3ea39a718e1b7aff66e4cc678efd662f9b5336b74d69c1d6bca7aaf288,53034 1 53288 5 53543 7 53798 9 54054 10 54309 11 54565 12 54821 12 55077 13 55333 13 55589 13 55846 13 56102 13 56359 12 56616 11 56873 9 57130 8 57389 2
c35e6e3ea39a718e1b7aff66e4cc678efd662f9b5336b74d69c1d6bca7aaf288,216 19 475 15 736 8
c35e6e3ea39a718e1b7aff66e4cc678efd662f9b5336b74d69c1d6bca7aaf288,25225 7 25479 10 25734 11 25988 13 26243 15 26499 16 26754 17 27010 17 27266 16 27522 14 27778 12 28034 10 28290 9 28546 9 28802 11 29059 11 29316 10 29573 9 29831 6
c35e6e3ea39a718e1b7aff66e4cc678efd662f9b5336b74d69c1d6bca7aaf288,24929 1 24931 3 25183 8 25438 11 25694 13 25950 15 26206 15 26461 16 26717 17 26974 16 27230 16 27486 15 27742 15 28001 10 28257 8 28513 7
c35e6e3ea39a718e1b7aff66e4cc678efd662f9b5336b74d69c1d6bca7aaf288,56300 3 56551 9 56806 10 57061 11 57317 11 57572 12 57828 12 58084 11 58341 9 58599 6
c35e6e3ea39a718e1b7aff66e4cc678efd662f9b5336b74d69c1d6bca7aaf288,13909 5 14164 7 14419 9 14675 10 14931 10 15187 11 15443 11 15699 11 15955 11 16211 10 16467 10 16723 9 16980 7 17237 5
c35e6e3ea39a718e1b7aff66e4cc678efd662f9b5336b74d69c1d6bca7aaf288,4210 6 4465 13 4721 14 4978 14 5234 14 5491 13 5748 12 6005 11 6262 9 6519 8
c35e6e3ea39a718e1b7aff66e4cc678efd662f9b5336b74d69c1d6bca7aaf288,17563 4 17817 8 18073 9 18325 13 18581 14 18836 15 19091 16 19346 17 19602 17 19857 18 20113 17 20369 17 20625 17 20881 16 21137 16 21394 15 21650 14 21907 11 22165 8 22423 3
c35e6e3ea39a718e1b7aff66e4cc678efd662f9b5336b74d69c1d6bca7aaf288,12915 5 13169 7 13424 9 13679 11 13935 11 14191 11 14446 12 14702 13 14958 13 15214 13 15470 13 15726 13 15982 12 16239 11 16495 11 16752 9 17008 8 17265 6
c35e6e3ea39a718e1b7aff66e4cc678efd662f9b5336b74d69c1d6bca7aaf288,52170 4 52425 7 52680 9 52934 12 53190 12 53446 12 53702 12 53958 12 54213 13 54469 12 54725 12 54981 11 55237 10 55494 8 55751 6
c35e6e3ea39a718e1b7aff66e4cc678efd662f9b5336b74d69c1d6bca7aaf288,46 12 302 12 558 12 814 12 1071 11 1327 11 1583 10 1839 10 2095 10 2352 8 2609 6 2867 2
c35e6e3ea39a718e1b7aff66e4cc678efd662f9b5336b74d69c1d6bca7aaf288,56445 2 56696 9 56948 16 57202 18 57457 18 57712 20 57967 21 58223 22 58478 23 58734 24 58991 23 59247 23 59503 23 59759 23 60015 23 60271 23 60527 23 60783 23 61039 21 61296 19 61553 16 61810 13 62068 9 62327 2
c35e6e3ea39a718e1b7aff66e4cc678efd662f9b5336b74d69c1d6bca7aaf288,64237 7 64491 11 64746 13 65001 15 65257 15 65513 15
