c395870ad9f5a3ae651b50efab9b20c3e6b9aea15d4c731eb34c0cf9e3800a72,988832 4 989856 6 990880 6 991904 6 992929 5
c395870ad9f5a3ae651b50efab9b20c3e6b9aea15d4c731eb34c0cf9e3800a72,551707 9 552731 10 553755 11 554779 11 555803 11 556828 10 557852 10 558880 5 559907 1
c395870ad9f5a3ae651b50efab9b20c3e6b9aea15d4c731eb34c0cf9e3800a72,949875 4 950899 5 951923 5 952947 5 953971 5 954995 5 956019 5 957043 5 958068 4 959093 3
c395870ad9f5a3ae651b50efab9b20c3e6b9aea15d4c731eb34c0cf9e3800a72,663663 6 664685 10 665707 13 666730 15 667753 18 668777 18 669800 19 670824 19 671847 20 672871 20 673895 20 674919 20 675943 20 676967 20 677990 21 679014 20 680038 20 681062 20 682086 19 683110 18 684135 17 685159 16 686184 14 687209 11 688235 8
c395870ad9f5a3ae651b50efab9b20c3e6b9aea15d4c731eb34c0cf9e3800a72,743186 7 744207 13 745230 15 746252 18 747275 20 748298 22 749322 22 750346 23 751369 24 752392 25 753416 25 754440 25 755464 25 756488 25 757512 25 758536 25 759561 22 760586 16
c395870ad9f5a3ae651b50efab9b20c3e6b9aea15d4c731eb34c0cf9e3800a72,298486 8 299508 12 300530 15 301552 18 302576 19 303600 20 304623 21 305645 23 306669 23 307693 23 308717 24 309742 23 310767 22 311792 21 312817 20 313842 19 314866 19 315891 18 316916 16 317940 16 318964 15 319989 14 321013 14 322038 11 323062 8
c395870ad9f5a3ae651b50efab9b20c3e6b9aea15d4c731eb34c0cf9e3800a72,84396 11 85420 13 86443 15 87467 15 88490 17 89514 18 90537 20 91560 21 92584 21 93607 23 94631 23 95654 24 96678 24 97701 25 98725 25 99749 25 100772 25 101797 24 102821 23 103845 23 104870 21 105894 20 106919 18 107944 16 108969 14 109993 13 111018 11 112045 6 113072 1
c395870ad9f5a3ae651b50efab9b20c3e6b9aea15d4c731eb34c0cf9e3800a72,632459 4 633483 4 634506 5 635530 5 636554 6 637578 7 638602 7 639626 7 640651 6 641675 5
c395870ad9f5a3ae651b50efab9b20c3e6b9aea15d4c731eb34c0cf9e3800a72,630448 9 631471 12 632493 17 633516 19 634539 20 635562 22 636586 23 637609 24 638633 24 639657 24 640681 24 641705 24 642729 22 643754 20 644778 19 645802 19 646826 19 647851 18 648877 8 649903 5
c395870ad9f5a3ae651b50efab9b20c3e6b9aea15d4c731eb34c0cf9e3800a72,612942 6 613965 10 614986 13 616009 16 617033 16 618056 17 619079 18 620103 18 621126 19 622150 18 623174 18 624198 18 625221 18 626245 18 627269 17 628293 16 629317 16 630342 14 631367 11
c395870ad9f5a3ae651b50efab9b20c3e6b9aea15d4c731eb34c0cf9e3800a72,542486 2 543510 4 544532 7 545556 7 546580 7 547603 8 548626 9 549650 9 550674 8 551698 7 552724 3
c395870ad9f5a3ae651b50efab9b20c3e6b9aea15d4c731eb34c0cf9e3800a72,842753 3 843777 3 844801 4 845825 5 846849 5 847873 4 848897 4 849921 4 850945 4 851969 3 852993 3 854017 2 855041 1
c395870ad9f5a3ae651b50efab9b20c3e6b9aea15d4c731eb34c0cf9e3800a72,959097 4 960121 5 961144 6 962168 6 963192 6 964216 6 965240 6 966264 5 967289 3
c395870ad9f5a3ae651b50efab9b20c3e6b9aea15d4c731eb34c0cf9e3800a72,823967 3 824990 4 826008 10 827031 11 828055 11 829079 11 830104 8 831130 5
c395870ad9f5a3ae651b50efab9b20c3e6b9aea15d4c731eb34c0cf9e3800a72,673567 5 674588 9 675610 12 676634 12 677659 11 678684 10 679711 7 680736 6 681760 6 682784 6 683808 5
c395870ad9f5a3ae651b50efab9b20c3e6b9aea15d4c731eb34c0cf9e3800a72,225927 2 226946 9 227968 12 228990 14 230014 14 231036 16 232059 17 233082 18 234105 19 235129 19 236153 19 237177 18 238201 18 239225 17 240249 16 241273 16 242297 15 243322 11 244347 9 245374 4
c395870ad9f5a3ae651b50efab9b20c3e6b9aea15d4c731eb34c0cf9e3800a72,850725 3 851747 7 852770 8 853794 8 854818 9 855843 8 856867 9 857892 8 858918 6 859943 5
c395870ad9f5a3ae651b50efab9b20c3e6b9aea15d4c731eb34c0cf9e3800a72,629410 4 630433 6 631455 8 632478 9 633500 11 634518 17 635541 17 636564 18 637588 18 638612 18 639636 18 640660 18 641685 16 642709 13 643734 11 644759 9 645784 7
c395870ad9f5a3ae651b50efab9b20c3e6b9aea15d4c731eb34c0cf9e3800a72,680273 6 681295 9 682318 10 683340 12 684363 13 685385 15 686407 17 687431 16 688454 16 689478 16 690502 14 691526 13 692551 11 693576 9 694601 7 695627 2
c395870ad9f5a3ae651b50efab9b20c3e6b9aea15d4c731eb34c0cf9e3800a72,1041142 5 1042161 12 1043184 16 1044207 18 1045230 20 1046254 21 1047278 22 1048302 6
c395870ad9f5a3ae651b50efab9b20c3e6b9aea15d4c731eb34c0cf9e3800a72,677468 2 678487 10 679508 16 680531 17 681555 18 682578 20 683601 22 684625 23 685649 23 686673 24 687696 25 688720 26 689744 26 690769 25 691793 25 692818 23 693844 21 694870 18 695896 13 696923 7
c395870ad9f5a3ae651b50efab9b20c3e6b9aea15d4c731eb34c0cf9e3800a72,340387 4 341409 7 342432 8 343455 10 344478 12 345502 12 346525 13 347549 13 348573 14 349597 14 350621 14 351645 14 352669 14 353693 13 354718 12 355746 6
c395870ad9f5a3ae651b50efab9b20c3e6b9aea15d4c731eb34c0cf9e3800a72,739 6 1762 7 2786 7 3810 7 4834 7 5858 7 6883 5 7907 5
c395870ad9f5a3ae651b50efab9b20c3e6b9aea15d4c731eb34c0cf9e3800a72,1018562 13 1019586 15 1020609 16 1021633 17 1022656 19 1023680 20 1024704 20 1025728 20 1026752 20 1027776 21 1028801 20 1029826 19 1030850 19 1031875 18 1032900 17 1033925 15 1034951 13 1035976 11 1037003 8
c395870ad9f5a3ae651b50efab9b20c3e6b9aea15d4c731eb34c0cf9e3800a72,801540 7 802563 11 803584 16 804606 18 805630 19 806653 21 807677 22 808701 22 809725 22 810749 22 811773 22 812796 23 813821 21 814846 19 815871 16 816901 1 816903 2 816906 4
c395870ad9f5a3ae651b50efab9b20c3e6b9aea15d4c731eb34c0cf9e3800a72,293409 2 294427 11 295450 15 296473 17 297496 19 298520 20 299545 20 300569 21 301593 21 302618 22 303643 21 304668 21 305692 21 306717 20 307742 19 308766 19 309791 18 310817 15 311842 13 312868 10 313894 7 314919 5 315946 1
c395870ad9f5a3ae651b50efab9b20c3e6b9aea15d4c731eb34c0cf9e3800a72,658282 10 659303 15 660326 18 661350 20 662373 22 663395 24 664418 25 665441 26 666464 27 667487 28 668511 28 669534 29 670557 30 671581 29 672605 29 673629 28 674653 27 675677 26 676702 23 677727 21 678751 19 679776 15 680804 7
c395870ad9f5a3ae651b50efab9b20c3e6b9aea15d4c731eb34c0cf9e3800a72,1009307 5 1010331 7 1011355 8 1012379 9 1013402 10 1014425 11 1015447 13 1016468 14 1017490 16 1018514 15 1019537 15 1020560 16 1021584 15 1022607 16 1023631 15 1024655 14 1025680 12 1026704 11 1027729 10 1028753 9 1029778 8 1030806 3
c395870ad9f5a3ae651b50efab9b20c3e6b9aea15d4c731eb34c0cf9e3800a72,522605 11 523628 14 524651 16 525672 1 525674 17 526695 21 527718 22 528741 23 529765 23 530789 23 531813 23 532836 24 533860 24 534883 25 535907 24 536931 24 537956 22 538980 22 540005 21 541030 18 542057 15 543082 12 544107 7 545133 1 545135 2
c395870ad9f5a3ae651b50efab9b20c3e6b9aea15d4c731eb34c0cf9e3800a72,626369 6 627391 10 628413 13 629437 13 630461 13 631485 13 632510 12 633536 9
c395870ad9f5a3ae651b50efab9b20c3e6b9aea15d4c731eb34c0cf9e3800a72,740937 7 741960 9 742981 12 744003 14 745026 16 746049 18 747073 19 748097 19 749121 19 750145 19 751169 19 752193 20 753217 19 754241 19 755265 19 756289 19 757314 16 758338 16 759362 16 760389 9 761414 6
c395870ad9f5a3ae651b50efab9b20c3e6b9aea15d4c731eb34c0cf9e3800a72,938611 5 939634 8 940658 8 941682 8 942706 8 943730 8 944754 6 945778 6 946802 5 947826 3
c395870ad9f5a3ae651b50efab9b20c3e6b9aea15d4c731eb34c0cf9e3800a72,641680 5 642701 8 643725 8 644749 8 645773 8 646797 6
c395870ad9f5a3ae651b50efab9b20c3e6b9aea15d4c731eb34c0cf9e3800a72,766576 6 767599 8 768622 11 769644 14 770667 16 771689 19 772712 20 773736 20 774760 20 775784 21 776808 20 777832 20 778855 21 779879 21 780903 21 781928 20 782952 19 783977 18 785001 17 786026 1 786028 8 786039 3 787054 5 787063 2
c395870ad9f5a3ae651b50efab9b20c3e6b9aea15d4c731eb34c0cf9e3800a72,818983 3 820003 10 821024 14 822046 16 823069 17 824092 18 825114 19 826137 20 827160 20 828183 21 829207 20 830232 19 831255 18 832280 16 833305 14 834331 11
c395870ad9f5a3ae651b50efab9b20c3e6b9aea15d4c731eb34c0cf9e3800a72,653976 2 654997 6 656021 7 657045 7 658069 7 659093 6 660117 6 661141 6 662165 6 663189 5 664214 4
c395870ad9f5a3ae651b50efab9b20c3e6b9aea15d4c731eb34c0cf9e3800a72,558875 5 559899 8 560923 8 561948 7 562972 7 563997 6 565022 4
c395870ad9f5a3ae651b50efab9b20c3e6b9aea15d4c731eb34c0cf9e3800a72,656102 3 657126 5 658149 6 659173 7 660197 7 661221 7 662247 4
c395870ad9f5a3ae651b50efab9b20c3e6b9aea15d4c731eb34c0cf9e3800a72,566019 2 567036 11 568057 15 569078 19 570102 21 571125 24 572148 26 573172 27 574196 28 575220 28 576244 28 577268 29 578292 29 579316 29 580341 28 581366 27 582390 27 583415 25 584439 25 585464 23 586489 21 587516 17 588543 12 589569 10
c395870ad9f5a3ae651b50efab9b20c3e6b9aea15d4c731eb34c0cf9e3800a72,568378 5 569401 7 570425 8 571448 9 572472 8 573497 7 574522 7 575546 6 576571 5
c395870ad9f5a3ae651b50efab9b20c3e6b9aea15d4c731eb34c0cf9e3800a72,763571 3 764594 5 765613 11 766636 13 767660 14 768683 16 769706 17 770728 19 771751 20 772775 20 773799 20 774823 21 775848 20 776873 19 777897 19 778922 17 779946 17 780971 16 781995 16 783020 15 784044 14 785069 12 786094 8
c395870ad9f5a3ae651b50efab9b20c3e6b9aea15d4c731eb34c0cf9e3800a72,932605 7 933628 10 934651 12 935672 16 936695 17 937719 18 938741 20 939765 20 940788 21 941811 22 942834 23 943858 23 944882 23 945906 23 946930 22 947954 22 948978 21 950002 21 951027 18 952051 15 953076 13 954101 9
c395870ad9f5a3ae651b50efab9b20c3e6b9aea15d4c731eb34c0cf9e3800a72,647833 6 648856 8 649880 8 650905 7 651929 7 652953 7 653978 6 655003 5 656028 3
c395870ad9f5a3ae651b50efab9b20c3e6b9aea15d4c731eb34c0cf9e3800a72,741768 4 742790 11 743813 13 744836 15 745859 16 746882 17 747906 17 748930 18 749953 19 750977 19 752001 19 753025 19 754049 19 755073 19 756098 18 757123 17 758149 14 759175 11 760201 8 761227 5 762252 3
c395870ad9f5a3ae651b50efab9b20c3e6b9aea15d4c731eb34c0cf9e3800a72,653965 3 654988 6 656012 7 657036 7 658061 6 659086 5 660111 4
c395870ad9f5a3ae651b50efab9b20c3e6b9aea15d4c731eb34c0cf9e3800a72,272448 9 273471 12 274493 16 275515 19 276539 20 277562 21 278586 22 279610 23 280634 23 281658 22 282683 21 283708 20 284733 18 285760 13 286786 9
c395870ad9f5a3ae651b50efab9b20c3e6b9aea15d4c731eb34c0cf9e3800a72,308285 5 309309 6 310331 10 311354 11 312377 13 313401 14 314425 17 315448 18 316470 21 317494 21 318519 20 319543 21 320567 21 321592 20 322616 20 323640 20 324664 20 325688 20 326713 20 327737 19 328761 19 329786 18 330811 13 331836 11 332861 9 333885 9 334910 3 335935 1
c395870ad9f5a3ae651b50efab9b20c3e6b9aea15d4c731eb34c0cf9e3800a72,269731 5 270753 9 271775 12 272798 13 273820 16 274843 17 275867 17 276889 19 277912 20 278936 20 279959 20 280982 21 282005 22 283029 21 284052 22 285076 22 286099 22 287124 21 288148 20 289172 19 290198 16 291223 14 292248 12 293272 9 294297 4
c395870ad9f5a3ae651b50efab9b20c3e6b9aea15d4c731eb34c0cf9e3800a72,999118 4 1000136 10 1001158 13 1002181 15 1003204 16 1004227 18 1005251 19 1006274 20 1007298 21 1008322 22 1009346 22 1010370 22 1011394 21 1012418 20 1013443 18 1014467 17 1015491 16 1016515 16 1017540 14
c395870ad9f5a3ae651b50efab9b20c3e6b9aea15d4c731eb34c0cf9e3800a72,655088 3 656111 4 657134 6 658157 7 659181 8 660205 8 661229 8 662253 7 663281 3
c395870ad9f5a3ae651b50efab9b20c3e6b9aea15d4c731eb34c0cf9e3800a72,166702 8 167725 11 168749 12 169772 14 170796 15 171819 17 172843 17 173866 19 174890 19 175913 20 176936 21 177959 23 178982 24 180006 24 181029 25 182053 24 183077 24 184101 24 185126 23 186150 22 187174 22 188198 21 189222 21 190246 20 191271 18 192295 16 193320 14 194344 13 195370 9
c395870ad9f5a3ae651b50efab9b20c3e6b9aea15d4c731eb34c0cf9e3800a72,582713 5 583736 6 584759 7 585783 7 586807 7 587831 7 588855 6
c395870ad9f5a3ae651b50efab9b20c3e6b9aea15d4c731eb34c0cf9e3800a72,71128 8 72149 12 73172 14 74195 16 75218 18 76241 20 77264 22 78288 23 79311 24 80335 25 81358 26 82382 26 83407 25 84431 25 85455 25 86479 25 87503 24 88528 23 89554 21 90578 19 91603 16 92631 10 93658 3
c395870ad9f5a3ae651b50efab9b20c3e6b9aea15d4c731eb34c0cf9e3800a72,914443 4 915466 5 916488 7 917512 7 918536 7 919560 7 920585 5 921610 4
c395870ad9f5a3ae651b50efab9b20c3e6b9aea15d4c731eb34c0cf9e3800a72,301525 9 302549 12 303572 14 304595 16 305618 18 306641 19 307665 20 308689 21 309712 22 310736 22 311760 22 312784 22 313808 21 314833 19 315857 19 316882 17 317906 16 318931 15 319958 11 320984 6 322009 4
c395870ad9f5a3ae651b50efab9b20c3e6b9aea15d4c731eb34c0cf9e3800a72,617111 12 618133 16 619156 18 620180 19 621203 20 622227 21 623250 22 624274 22 625298 23 626322 23 627346 23 628374 19 629399 11 630423 10 631447 8 632472 6
c395870ad9f5a3ae651b50efab9b20c3e6b9aea15d4c731eb34c0cf9e3800a72,495613 4 496636 5 497660 5 498684 5 499708 5 500732 5 501756 5 502781 4 503807 2
c395870ad9f5a3ae651b50efab9b20c3e6b9aea15d4c731eb34c0cf9e3800a72,652995 11 654015 16 655037 19 656060 20 657082 23 658104 25 659128 25 660152 25 661176 25 662200 25 663224 25 664249 24 665273 24 666298 23 667322 22 668346 21 669371 20 670395 19 671420 17 672445 15 673470 12
c395870ad9f5a3ae651b50efab9b20c3e6b9aea15d4c731eb34c0cf9e3800a72,704176 6 705198 9 706221 11 707244 14 708268 17 709291 19 710315 20 711339 21 712363 21 713388 20 714413 19 715439 18 716464 17 717489 16 718513 16 719538 14 720563 11 721588 9 722613 7
c395870ad9f5a3ae651b50efab9b20c3e6b9aea15d4c731eb34c0cf9e3800a72,217221 1 218239 2 218242 5 219263 8 220287 9 221311 11 222335 12 223358 15 224383 14 225407 15 226431 15 227454 16 228479 15 229503 15 230527 16 231550 17 232574 16 233598 16 234622 16 235647 15 236671 15 237693 17 238717 16 239742 14 240767 12 241794 8 242820 3
c395870ad9f5a3ae651b50efab9b20c3e6b9aea15d4c731eb34c0cf9e3800a72,648948 4 649971 7 650995 7 652019 7 653043 7 654068 6 655093 5
c395870ad9f5a3ae651b50efab9b20c3e6b9aea15d4c731eb34c0cf9e3800a72,969231 1 970254 2 971278 3 972301 5 973324 7 974348 8 975372 10 976396 12 977420 19 978443 20 979466 21 980490 21 981515 20 982540 19 983565 18 984590 16 985616 14 986642 12 987666 12 988691 11 989716 10 990741 8 991766 7 992791 5 993815 5 994840 3 995864 3 996889 1
c395870ad9f5a3ae651b50efab9b20c3e6b9aea15d4c731eb34c0cf9e3800a72,753346 4 754369 6 755393 6 756416 7 757440 7 758464 6 759488 5 760512 5 761536 4 762561 3
c395870ad9f5a3ae651b50efab9b20c3e6b9aea15d4c731eb34c0cf9e3800a72,652754 14 653778 16 654799 19 655822 21 656846 22 657869 24 658893 25 659917 25 660941 25 661966 24 662993 21 664018 20 665042 20 666068 18 667093 17 668118 16 669142 16 670167 14 671191 13 672216 11 673240 10 674267 7
c395870ad9f5a3ae651b50efab9b20c3e6b9aea15d4c731eb34c0cf9e3800a72,577594 7 578618 7 579641 8 580665 8 581689 8
c395870ad9f5a3ae651b50efab9b20c3e6b9aea15d4c731eb34c0cf9e3800a72,967684 2 968705 8 969729 10 970753 11 971777 12 972801 12 973825 14 974849 14 975873 14 976897 15 977921 15 978945 15 979969 15 980993 15 982017 14 983041 13 984065 13 985089 12 986113 11 987137 10 988161 10 989185 5 990209 2
c395870ad9f5a3ae651b50efab9b20c3e6b9aea15d4c731eb34c0cf9e3800a72,563245 2 564267 6 565290 8 566313 10 567337 10 568361 11 569385 11 570408 13 571432 13 572457 13 573482 12 574506 12 575531 11 576555 11 577580 10 578604 10 579629 8 580656 4
c395870ad9f5a3ae651b50efab9b20c3e6b9aea15d4c731eb34c0cf9e3800a72,957038 5 958061 7 959085 7 960109 8 961133 8 962157 8 963181 8 964205 8 965229 8 966254 7 967279 7 968304 8 969329 7 970354 6
c395870ad9f5a3ae651b50efab9b20c3e6b9aea15d4c731eb34c0cf9e3800a72,647821 3 648842 6 649866 6 650890 6 651914 6 652938 6 653962 3
c395870ad9f5a3ae651b50efab9b20c3e6b9aea15d4c731eb34c0cf9e3800a72,981664 6 982688 6 983712 6 984736 6 985760 6 986785 5
c395870ad9f5a3ae651b50efab9b20c3e6b9aea15d4c731eb34c0cf9e3800a72,831115 3 832138 4 833161 6 834185 7 835208 8 836231 9 837255 9 838278 11 839302 11 840325 12 841349 13 842373 13 843397 13 844421 13 845446 12 846470 13 847494 13 848519 12 849544 11 850568 10 851593 9 852618 7
c395870ad9f5a3ae651b50efab9b20c3e6b9aea15d4c731eb34c0cf9e3800a72,509213 15 510237 18 511260 19 512281 23 513304 25 514326 28 515349 30 516373 31 517396 32 518420 32 519444 32 520468 33 521493 31 522517 31 523542 30 524567 28 525592 27 526617 25 527644 21 528673 11
c395870ad9f5a3ae651b50efab9b20c3e6b9aea15d4c731eb34c0cf9e3800a72,776851 3 777873 7 778897 8 779920 11 780944 11 781967 13 782991 13 784014 14 785038 14 786061 12 787085 11 788109 9 789133 8 790157 7 791182 5 792206 5
c395870ad9f5a3ae651b50efab9b20c3e6b9aea15d4c731eb34c0cf9e3800a72,522231 8 523254 9 524277 12 525301 12 526324 13 527348 13 528373 12 529399 10 530425 8 531451 6 532479 2
c395870ad9f5a3ae651b50efab9b20c3e6b9aea15d4c731eb34c0cf9e3800a72,117627 9 118650 12 119673 15 120696 18 121719 20 122742 23 123766 24 124789 26 125813 27 126836 28 127860 28 128884 28 129908 28 130932 28 131956 27 132980 27 134005 25 135029 24 136053 24 137078 22 138103 20 139129 16 140155 13 141183 6
c395870ad9f5a3ae651b50efab9b20c3e6b9aea15d4c731eb34c0cf9e3800a72,932483 7 933504 11 934528 12 935551 17 936575 20 937598 22 938622 22 939646 22 940670 22 941694 22 942718 22 943742 22 944767 21 945792 20 946817 18 947842 17 948867 15 949893 12 950919 8
c395870ad9f5a3ae651b50efab9b20c3e6b9aea15d4c731eb34c0cf9e3800a72,647824 4 648848 7 649872 8 650896 9 651920 9 652944 9 653968 8
c395870ad9f5a3ae651b50efab9b20c3e6b9aea15d4c731eb34c0cf9e3800a72,245484 2 245493 2 246505 15 247528 17 248550 20 249573 22 250596 25 251620 25 252644 25 253668 25 254691 26 255715 26 256739 26 257763 26 258787 26 259811 26 260834 26 261859 25 262883 24 263908 23 264932 22 265957 20 266982 18 268007 15 269032 12 270061 4
c395870ad9f5a3ae651b50efab9b20c3e6b9aea15d4c731eb34c0cf9e3800a72,604873 3 605892 10 606914 13 607935 18 608957 20 609980 22 611004 23 612026 25 613049 26 614072 27 615096 27 616120 27 617144 27 618167 28 619191 27 620215 27 621240 26 622264 26 623288 25 624312 25 625337 23 626361 8 626375 8 627385 6 627401 5 628410 3 628426 2 629450 1
c395870ad9f5a3ae651b50efab9b20c3e6b9aea15d4c731eb34c0cf9e3800a72,352435 3 353456 8 354478 11 355500 14 356523 15 357546 17 358570 17 359593 18 360617 19 361640 20 362664 20 363688 19 364711 20 365735 20 366759 20 367783 20 368807 20 369831 19 370855 19 371879 19 372903 19 373927 18 374952 16 375977 14 377001 13 378026 11 379051 8 380078 2
c395870ad9f5a3ae651b50efab9b20c3e6b9aea15d4c731eb34c0cf9e3800a72,945815 2 946835 9 947859 10 948882 12 949905 13 950927 15 951950 16 952974 17 953997 18 955021 18 956045 18 957069 18 958093 18 959117 18 960141 18 961165 17 962189 17 963213 16 964237 16 965261 16 966285 16 967310 14 968334 12 969359 9 970384 6
c395870ad9f5a3ae651b50efab9b20c3e6b9aea15d4c731eb34c0cf9e3800a72,688924 6 689948 7 690971 8 691995 8 693019 7 694043 5
c395870ad9f5a3ae651b50efab9b20c3e6b9aea15d4c731eb34c0cf9e3800a72,883426 7 884449 10 885472 12 886496 13 887519 15 888543 16 889566 17 890591 17 891615 17 892639 18 893663 18 894688 18 895712 18 896736 18 897761 17 898786 17 899812 14 900837 13 901863 10 902892 4
c395870ad9f5a3ae651b50efab9b20c3e6b9aea15d4c731eb34c0cf9e3800a72,628370 4 629392 7 630416 7 631439 8 632463 8 633487 8 634511 7 635535 5 636560 3
c395870ad9f5a3ae651b50efab9b20c3e6b9aea15d4c731eb34c0cf9e3800a72,502757 4 503781 5 504805 6 505829 6 506853 7 507877 7 508901 7 509926 6
c395870ad9f5a3ae651b50efab9b20c3e6b9aea15d4c731eb34c0cf9e3800a72,648885 7 649908 9 650932 9 651955 10 652979 10 654003 9 655027 8 656053 5
c395870ad9f5a3ae651b50efab9b20c3e6b9aea15d4c731eb34c0cf9e3800a72,979630 3 980653 8 981676 9 982700 9 983724 9 984748 7 985774 4
c395870ad9f5a3ae651b50efab9b20c3e6b9aea15d4c731eb34c0cf9e3800a72,523206 10 524229 13 525252 17 526276 19 527300 20 528324 21 529348 22 530373 21 531397 22 532422 22 533446 22 534471 22 535495 22 536520 21 537545 20 538570 19 539594 20 540619 18 541644 17 542670 15 543694 14 544719 12 545744 7
c395870ad9f5a3ae651b50efab9b20c3e6b9aea15d4c731eb34c0cf9e3800a72,962813 6 963835 11 964858 14 965881 16 966905 17 967929 19 968953 19 969978 19 971002 20 972026 20 973051 19 974076 17 975101 16 976126 15 977151 14 978176 12 979202 10 980228 7 981254 4
c395870ad9f5a3ae651b50efab9b20c3e6b9aea15d4c731eb34c0cf9e3800a72,985846 4 986869 6 987892 8 988915 9 989940 9 990964 9 991988 10 993013 9 994038 8 995062 8 996086 6 997112 2
c395870ad9f5a3ae651b50efab9b20c3e6b9aea15d4c731eb34c0cf9e3800a72,1035206 7 1036229 9 1037253 9 1038277 9 1039301 7 1040326 5 1041350 7 1042376 6 1043401 5 1044426 4 1045449 5 1046473 4 1047497 4 1048521 3
c395870ad9f5a3ae651b50efab9b20c3e6b9aea15d4c731eb34c0cf9e3800a72,44453 5 45473 11 46495 14 47518 17 48540 20 49563 22 50586 23 51609 25 52633 26 53656 27 54680 27 55704 27 56729 26 57753 26 58777 26 59802 24 60826 24 61851 23 62876 21 63901 18 64927 14 65954 10
c395870ad9f5a3ae651b50efab9b20c3e6b9aea15d4c731eb34c0cf9e3800a72,717398 4 718418 10 719440 13 720463 14 721486 17 722510 17 723533 18 724556 19 725579 20 726602 21 727626 21 728649 22 729674 21 730698 20 731723 18 732747 18 733773 15 734798 13 735823 11 736849 8 737874 5
c395870ad9f5a3ae651b50efab9b20c3e6b9aea15d4c731eb34c0cf9e3800a72,970346 5 971370 7 972394 8 973418 9 974442 9 975467 8 976491 7 977516 4
c395870ad9f5a3ae651b50efab9b20c3e6b9aea15d4c731eb34c0cf9e3800a72,502778 3 503801 6 504824 9 505848 9 506872 9 507897 8 508921 8 509946 7 510971 6 511997 4 513024 1
c395870ad9f5a3ae651b50efab9b20c3e6b9aea15d4c731eb34c0cf9e3800a72,718479 1 719500 6 720522 8 721545 10 722569 11 723592 13 724615 14 725639 14 726663 14 727687 14 728711 14 729735 14 730759 14 731783 15 732807 15 733831 15 734855 15 735879 15 736903 15 737928 13 738952 13 739976 13 741001 11 742027 8 743051 8 744077 5 745101 4
c395870ad9f5a3ae651b50efab9b20c3e6b9aea15d4c731eb34c0cf9e3800a72,313888 3 314911 6 315935 6 316959 6 317983 6 319008 5
c395870ad9f5a3ae651b50efab9b20c3e6b9aea15d4c731eb34c0cf9e3800a72,626411 12 627433 17 628456 20 629479 22 630502 24 631525 27 632549 28 633573 29 634597 29 635622 28 636647 28 637671 28 638696 27 639721 26 640746 25 641771 24 642797 22 643823 19 644849 17 645877 10
c395870ad9f5a3ae651b50efab9b20c3e6b9aea15d4c731eb34c0cf9e3800a72,696946 3 697965 9 698989 9 700013 9 701037 8 702062 7 703086 6 704110 4
c395870ad9f5a3ae651b50efab9b20c3e6b9aea15d4c731eb34c0cf9e3800a72,642751 7 643774 9 644797 10 645821 10 646845 9 647869 9 648894 6
c395870ad9f5a3ae651b50efab9b20c3e6b9aea15d4c731eb34c0cf9e3800a72,383329 3 384351 7 385374 9 386397 11 387420 12 388444 12 389467 13 390491 12 391515 12 392538 12 393562 12 394585 13 395609 12 396633 11 397657 11 398681 11 399705 10 400729 10 401754 8 402778 7 403803 5
c395870ad9f5a3ae651b50efab9b20c3e6b9aea15d4c731eb34c0cf9e3800a72,376024 7 377045 11 378067 14 379089 17 380112 19 381135 20 382158 21 383181 22 384204 24 385228 24 386251 25 387275 25 388298 26 389322 26 390345 26 391369 26 392393 25 393417 25 394441 24 395465 23 396489 23 397514 20 398539 18 399565 15 400590 13 401616 7
c395870ad9f5a3ae651b50efab9b20c3e6b9aea15d4c731eb34c0cf9e3800a72,261221 4 262242 8 263265 10 264289 11 265312 13 266336 13 267360 13 268384 13 269408 13 270432 13 271457 12 272481 12 273505 12 274530 10 275555 8 276580 7
c395870ad9f5a3ae651b50efab9b20c3e6b9aea15d4c731eb34c0cf9e3800a72,308672 6 309691 15 310714 18 311737 20 312760 22 313784 23 314808 23 315831 24 316855 24 317879 24 318903 24 319928 22 320952 22 321976 21 323001 19 324025 18 325050 16 326074 15 327099 12 328125 7
c395870ad9f5a3ae651b50efab9b20c3e6b9aea15d4c731eb34c0cf9e3800a72,896696 4 897717 9 898738 14 899761 16 900784 19 901807 21 902830 23 903853 25 904876 26 905900 26 906924 26 907948 26 908972 26 909996 26 911020 26 912044 26 913069 24 914094 3 914098 19 915122 19 916145 19 917170 17 918195 15 919222 11
c395870ad9f5a3ae651b50efab9b20c3e6b9aea15d4c731eb34c0cf9e3800a72,538384 5 539407 7 540431 7 541455 7 542480 6 543505 5
c395870ad9f5a3ae651b50efab9b20c3e6b9aea15d4c731eb34c0cf9e3800a72,764300 2 765323 4 766347 5 767371 5 768395 5 769419 5 770445 2
c395870ad9f5a3ae651b50efab9b20c3e6b9aea15d4c731eb34c0cf9e3800a72,545488 4 546509 8 547532 11 548554 16 549576 19 550599 21 551623 22 552646 23 553669 25 554693 25 555717 25 556740 27 557764 27 558788 27 559812 26 560836 25 561861 24 562885 24 563910 22 564935 20 565960 18 566986 15 568013 10
c395870ad9f5a3ae651b50efab9b20c3e6b9aea15d4c731eb34c0cf9e3800a72,940654 3 941677 5 942701 5 943725 5 944749 5 945773 5 946798 3
c395870ad9f5a3ae651b50efab9b20c3e6b9aea15d4c731eb34c0cf9e3800a72,949939 6 950958 13 951981 14 953005 14 954029 14 955053 14 956078 13 957102 13 958127 12 959152 10 960177 9 961203 5
c395870ad9f5a3ae651b50efab9b20c3e6b9aea15d4c731eb34c0cf9e3800a72,1040086 6 1041108 8 1042132 8 1043156 7 1044180 7 1045204 6 1046229 4
c395870ad9f5a3ae651b50efab9b20c3e6b9aea15d4c731eb34c0cf9e3800a72,734931 10 735953 14 736976 17 737999 20 739023 21 740046 22 741070 22 742093 23 743117 23 744140 24 745164 24 746188 23 747212 23 748235 23 749259 22 750283 21 751307 20 752331 19 753355 18 754380 14 755404 12 756430 8
c395870ad9f5a3ae651b50efab9b20c3e6b9aea15d4c731eb34c0cf9e3800a72,681508 5 682530 10 683553 15 684575 19 685599 19 686622 21 687646 22 688670 22 689694 22 690719 21 691744 20 692768 21 693793 21 694817 21 695842 20 696867 18 697891 17 698916 16 699940 15 700965 14 701989 14 703013 13 704039 10 705066 5
c395870ad9f5a3ae651b50efab9b20c3e6b9aea15d4c731eb34c0cf9e3800a72,339624 9 340646 13 341669 15 342690 19 343714 19 344737 21 345760 22 346784 22 347807 23 348831 23 349855 24 350878 25 351902 25 352926 25 353950 25 354974 25 355998 24 357022 24 358046 23 359071 22 360095 22 361119 21 362144 19 363169 16 364194 14 365219 12 366247 5
