c6216cdc42f61bc345434986db42e2ef9b9741aee3210b7a808e952e319d2305,28726 1 28982 3 29238 4 29494 6 29750 6 30006 6 30263 5 30520 4
c6216cdc42f61bc345434986db42e2ef9b9741aee3210b7a808e952e319d2305,45407 5 45662 6 45918 7 46173 8 46429 8 46685 7 46942 6 47199 4
c6216cdc42f61bc345434986db42e2ef9b9741aee3210b7a808e952e319d2305,26474 4 26729 6 26984 7 27240 7 27496 7 27753 6 28011 3
c6216cdc42f61bc345434986db42e2ef9b9741aee3210b7a808e952e319d2305,41305 3 41555 10 41810 12 42066 12 42322 12 42578 12 42834 12 43091 11 43348 9
c6216cdc42f61bc345434986db42e2ef9b9741aee3210b7a808e952e319d2305,13163 6 13418 8 13674 9 13930 9 14186 9 14443 7
c6216cdc42f61bc345434986db42e2ef9b9741aee3210b7a808e952e319d2305,11366 8 11621 10 11877 11 12133 11 12389 11 12646 3 12651 4
c6216cdc42f61bc345434986db42e2ef9b9741aee3210b7a808e952e319d2305,47392 3 47647 8 47903 8 48159 8 48416 7 48673 6
c6216cdc42f61bc345434986db42e2ef9b9741aee3210b7a808e952e319d2305,20155 6 20407 10 20663 11 20918 12 21174 12 21431 11 21687 11 21943 11 22199 10 22457 5
c6216cdc42f61bc345434986db42e2ef9b9741aee3210b7a808e952e319d2305,33617 3 33872 5 34128 6 34383 7 34638 8 34894 8 35150 8 35406 8 35662 7 35918 7 36175 5
c6216cdc42f61bc345434986db42e2ef9b9741aee3210b7a808e952e319d2305,14261 7 14516 10 14771 10 15027 11 15283 11 15539 11 15795 11 16051 11 16308 9 16565 8 16822 7
c6216cdc42f61bc345434986db42e2ef9b9741aee3210b7a808e952e319d2305,49703 6 49958 8 50214 8 50469 10 50725 10 50982 9 51239 7 51497 3
c6216cdc42f61bc345434986db42e2ef9b9741aee3210b7a808e952e319d2305,27707 7 27963 7 28218 7 28474 7 28731 6 28989 4 29246 1
c6216cdc42f61bc345434986db42e2ef9b9741aee3210b7a808e952e319d2305,20112 2 20368 9 20624 9 20880 9 21136 9 21392 9 21648 9 21905 8 22162 6
c6216cdc42f61bc345434986db42e2ef9b9741aee3210b7a808e952e319d2305,41186 6 41441 8 41697 9 41953 9 42209 9 42465 9 42722 8 42981 5 43238 3
c6216cdc42f61bc345434986db42e2ef9b9741aee3210b7a808e952e319d2305,24499 7 24752 11 25006 13 25261 15 25516 16 25772 16 26028 15 26284 15 26541 13 26797 12 27055 9
c6216cdc42f61bc345434986db42e2ef9b9741aee3210b7a808e952e319d2305,10653 1 10657 3 10907 10 11163 10 11419 10 11675 10 11931 9 12188 6 12445 4
c6216cdc42f61bc345434986db42e2ef9b9741aee3210b7a808e952e319d2305,36092 5 36347 6 36602 7 36858 7 37114 7 37370 7 37626 7 37882 7 38139 6 38396 5
c6216cdc42f61bc345434986db42e2ef9b9741aee3210b7a808e952e319d2305,24680 6 24935 7 25191 7 25447 7 25703 8 25959 8 26215 7 26472 2
c6216cdc42f61bc345434986db42e2ef9b9741aee3210b7a808e952e319d2305,40553 4 40808 6 41063 10 41319 11 41575 12 41831 13 42087 13 42343 13 42600 12 42856 12 43113 11 43370 9
c6216cdc42f61bc345434986db42e2ef9b9741aee3210b7a808e952e319d2305,24687 3 24942 6 25198 7 25454 7 25711 6 25968 4
c6216cdc42f61bc345434986db42e2ef9b9741aee3210b7a808e952e319d2305,25972 2 26224 7 26479 8 26735 8 26991 8 27247 8 27503 8 27759 8 28014 8 28271 3
c6216cdc42f61bc345434986db42e2ef9b9741aee3210b7a808e952e319d2305,45019 3 45272 7 45527 10 45783 11 46039 12 46295 13 46551 13 46808 12 47065 11 47322 10 47579 9 47835 8 48092 6
c6216cdc42f61bc345434986db42e2ef9b9741aee3210b7a808e952e319d2305,18834 3 19089 7 19345 8 19601 8 19857 8 20114 6
c6216cdc42f61bc345434986db42e2ef9b9741aee3210b7a808e952e319d2305,9116 5 9370 8 9625 9 9880 10 10136 10 10392 10 10649 4 10654 3
c6216cdc42f61bc345434986db42e2ef9b9741aee3210b7a808e952e319d2305,43756 3 44011 5 44260 3 44267 5 44515 5 44523 5 44771 5 44778 6 45027 5 45033 7 45283 13 45539 13 45795 12 46052 9 46309 7
c6216cdc42f61bc345434986db42e2ef9b9741aee3210b7a808e952e319d2305,33100 3 33355 5 33611 5 33866 6 34121 7 34377 6 34633 5 34890 3
c6216cdc42f61bc345434986db42e2ef9b9741aee3210b7a808e952e319d2305,42910 3 43165 7 43420 9 43676 10 43932 11 44188 11 44445 10 44702 9 44959 8 45216 6 45473 5
c6216cdc42f61bc345434986db42e2ef9b9741aee3210b7a808e952e319d2305,27028 4 27283 6 27539 6 27795 6 28051 6 28307 6 28563 5 28819 5 29076 3
c6216cdc42f61bc345434986db42e2ef9b9741aee3210b7a808e952e319d2305,34929 4 35184 6 35440 7 35696 7 35953 7 36210 6 36467 5 36725 2
c6216cdc42f61bc345434986db42e2ef9b9741aee3210b7a808e952e319d2305,26778 3 27033 5 27289 5 27545 5 27801 5 28057 5 28313 5 28568 6 28824 5 29081 3
c6216cdc42f61bc345434986db42e2ef9b9741aee3210b7a808e952e319d2305,36462 3 36717 8 36973 9 37229 9 37485 9 37742 8 38002 3
c6216cdc42f61bc345434986db42e2ef9b9741aee3210b7a808e952e319d2305,44599 4 44855 7 45110 9 45365 12 45621 12 45876 13 46133 12 46389 12 46646 9 46902 7 47159 5
