c89ac06daef5c819309f03d6a35792d1a8a66abb8cb3414013ffe71d3dd9fe96,28296 5 28551 7 28807 7 29062 8 29318 8 29574 8 29830 7 30087 5 30344 3
c89ac06daef5c819309f03d6a35792d1a8a66abb8cb3414013ffe71d3dd9fe96,188 18 444 18 700 17 956 16 1212 15 1468 14 1725 12 1983 6
c89ac06daef5c819309f03d6a35792d1a8a66abb8cb3414013ffe71d3dd9fe96,26901 7 27155 10 27410 11 27665 12 27920 12 28176 12 28432 11 28689 9 28947 6
c89ac06daef5c819309f03d6a35792d1a8a66abb8cb3414013ffe71d3dd9fe96,48107 2 48361 6 48616 8 48871 10 49127 10 49383 9 49639 8 49895 7 50152 5
c89ac06daef5c819309f03d6a35792d1a8a66abb8cb3414013ffe71d3dd9fe96,37458 2 37712 5 37967 8 38222 10 38477 12 38733 12 38989 11 39245 11 39502 10 39759 8 40017 5
c89ac06daef5c819309f03d6a35792d1a8a66abb8cb3414013ffe71d3dd9fe96,5878 4 6133 6 6389 7 6645 8 6901 8 7157 8 7414 7 7670 7 7927 5 8184 3
c89ac06daef5c819309f03d6a35792d1a8a66abb8cb3414013ffe71d3dd9fe96,23068 3 23322 7 23577 8 23833 8 24089 9 24345 9 24601 9 24858 8 25114 8 25370 7 25628 3
c89ac06daef5c819309f03d6a35792d1a8a66abb8cb3414013ffe71d3dd9fe96,24367 3 24622 5 24877 6 25132 7 25387 8 25643 7 25898 8 26154 8 26410 7 26666 6 26922 5 27179 3
c89ac06daef5c819309f03d6a35792d1a8a66abb8cb3414013ffe71d3dd9fe96,20515 5 20770 7 21025 9 21281 10 21537 10 21793 10 22049 10 22306 9 22562 8 22818 8 23074 7 23331 5
c89ac06daef5c819309f03d6a35792d1a8a66abb8cb3414013ffe71d3dd9fe96,21053 2 21307 6 21562 8 21817 10 22072 11 22328 12 22584 12 22841 10 23097 9 23354 6
c89ac06daef5c819309f03d6a35792d1a8a66abb8cb3414013ffe71d3dd9fe96,5797 4 6051 7 6306 9 6562 9 6818 9 7074 8 7331 6
c89ac06daef5c819309f03d6a35792d1a8a66abb8cb3414013ffe71d3dd9fe96,18580 9 18835 11 19090 13 19345 15 19601 15 19858 14 20115 12 20374 8
c89ac06daef5c819309f03d6a35792d1a8a66abb8cb3414013ffe71d3dd9fe96,7517 4 7772 6 8028 7 8283 8 8539 8 8795 8 9051 8 9307 8 9563 7 9819 7 10076 5 10333 2
c89ac06daef5c819309f03d6a35792d1a8a66abb8cb3414013ffe71d3dd9fe96,39346 3 39601 5 39857 6 40113 7 40369 7 40625 7 40881 7 41137 7 41392 8 41647 8 41903 7 42159 6 42415 5 42672 3
c89ac06daef5c819309f03d6a35792d1a8a66abb8cb3414013ffe71d3dd9fe96,59017 6 59272 9 59528 10 59784 11 60041 10 60298 9 60555 7
c89ac06daef5c819309f03d6a35792d1a8a66abb8cb3414013ffe71d3dd9fe96,36609 3 36865 4 37121 5 37377 5 37633 5 37889 5 38145 5 38401 4 38657 2
c89ac06daef5c819309f03d6a35792d1a8a66abb8cb3414013ffe71d3dd9fe96,28289 4 28544 6 28799 7 29055 7 29310 8 29565 9 29820 10 30076 9 30332 8 30588 7 30845 5
c89ac06daef5c819309f03d6a35792d1a8a66abb8cb3414013ffe71d3dd9fe96,17340 4 17595 6 17850 8 18106 9 18362 9 18618 8 18875 6 19132 5 19389 3
c89ac06daef5c819309f03d6a35792d1a8a66abb8cb3414013ffe71d3dd9fe96,21631 3 21886 5 22141 7 22397 7 22652 8 22908 8 23164 8 23420 8 23676 8 23932 7 24188 7 24445 5
c89ac06daef5c819309f03d6a35792d1a8a66abb8cb3414013ffe71d3dd9fe96,31758 2 32011 8 32266 10 32522 10 32777 11 33033 11 33290 9 33547 7 33804 5
c89ac06daef5c819309f03d6a35792d1a8a66abb8cb3414013ffe71d3dd9fe96,32977 3 33232 5 33488 6 33743 7 33999 7 34255 7 34511 7 34767 7 35023 7 35279 6 35535 6 35792 4
c89ac06daef5c819309f03d6a35792d1a8a66abb8cb3414013ffe71d3dd9fe96,3011 3 3265 6 3519 9 3774 10 4030 10 4285 11 4541 10 4797 9 5054 7 5312 2
c89ac06daef5c819309f03d6a35792d1a8a66abb8cb3414013ffe71d3dd9fe96,39595 2 39849 6 40104 7 40360 7 40614 9 40870 9 41127 8 41384 7 41640 2
c89ac06daef5c819309f03d6a35792d1a8a66abb8cb3414013ffe71d3dd9fe96,16353 5 16606 9 16861 10 17117 11 17372 13 17628 13 17884 13 18141 12 18398 11 18656 8
c89ac06daef5c819309f03d6a35792d1a8a66abb8cb3414013ffe71d3dd9fe96,44248 2 44502 5 44757 7 45012 8 45268 8 45524 8 45780 8 46037 7 46293 6 46550 4
c89ac06daef5c819309f03d6a35792d1a8a66abb8cb3414013ffe71d3dd9fe96,11556 5 11810 8 12065 9 12320 10 12576 10 12833 8 13093 3
c89ac06daef5c819309f03d6a35792d1a8a66abb8cb3414013ffe71d3dd9fe96,49617 9 49872 11 50127 13 50383 14 50639 14 50895 15 51150 16 51406 16 51662 16 51919 14 52177 11 52435 7 52692 3
c89ac06daef5c819309f03d6a35792d1a8a66abb8cb3414013ffe71d3dd9fe96,64542 3 64797 5 65052 7 65308 7
c89ac06daef5c819309f03d6a35792d1a8a66abb8cb3414013ffe71d3dd9fe96,52160 7 52415 9 52670 10 52926 11 53182 11 53439 10 53695 9 53952 7
c89ac06daef5c819309f03d6a35792d1a8a66abb8cb3414013ffe71d3dd9fe96,24833 2 25089 3 25345 3 25601 4 25857 4 26113 4 26369 4 26625 4 26881 3 27137 2 27393 1
c89ac06daef5c819309f03d6a35792d1a8a66abb8cb3414013ffe71d3dd9fe96,33074 4 33328 7 33583 8 33838 9 34093 9 34349 9 34604 10 34860 9 35116 8 35373 6 35630 4
c89ac06daef5c819309f03d6a35792d1a8a66abb8cb3414013ffe71d3dd9fe96,41123 4 41378 6 41633 7 41888 8 42143 8 42398 8 42654 8 42910 7 43167 4
c89ac06daef5c819309f03d6a35792d1a8a66abb8cb3414013ffe71d3dd9fe96,24146 6 24401 8 24656 10 24912 11 25167 12 25423 12 25679 12 25935 11 26192 9 26448 8 26705 5
c89ac06daef5c819309f03d6a35792d1a8a66abb8cb3414013ffe71d3dd9fe96,14704 9 14959 11 15215 12 15471 12 15727 12 15983 12 16239 12 16494 12 16747 14 17002 11 17257 11 17513 11 17769 11 18026 10 18282 10 18539 9 18797 6
c89ac06daef5c819309f03d6a35792d1a8a66abb8cb3414013ffe71d3dd9fe96,13807 4 14062 6 14318 6 14574 7 14830 7 15086 8 15342 8 15598 8 15854 9 16110 9 16367 8 16623 8 16880 7 17136 7 17393 6 17651 3
c89ac06daef5c819309f03d6a35792d1a8a66abb8cb3414013ffe71d3dd9fe96,45218 4 45473 6 45728 7 45983 8 46239 8 46494 9 46750 9 47006 8 47262 8 47519 6 47776 4
c89ac06daef5c819309f03d6a35792d1a8a66abb8cb3414013ffe71d3dd9fe96,5244 6 5498 9 5753 10 6009 10 6265 10 6521 10 6777 10 7034 8 7291 6
c89ac06daef5c819309f03d6a35792d1a8a66abb8cb3414013ffe71d3dd9fe96,4572 5 4827 7 5081 11 5337 11 5593 11 5849 9 6105 8 6363 5
