c8ca945abc29d262a5525e4c2585541bba33fa77c86a47c94575d8e5b54c83fb,28587 6 28944 11 28967 7 29301 16 29325 10 29660 19 29683 13 30019 38 30378 39 30737 41 31096 43 31456 43 31815 45 32175 45 32535 45 32894 47 33254 47 33614 47 33973 48 34333 48 34693 48 35053 48 35413 47 35773 47 36133 47 36493 46 36853 46 37213 46 37573 45 37933 45 38293 45 38653 45 39013 44 39373 44 39733 44 40094 42 40455 41 40815 40 41176 38 41536 37 41897 36 42258 34 42619 32 42979 32 43340 30 43700 29 44061 27 44422 25 44782 24 45143 22 45503 21 45864 18 46225 16 46586 14 46948 10 47310 4
c8ca945abc29d262a5525e4c2585541bba33fa77c86a47c94575d8e5b54c83fb,29810 20 30167 26 30526 28 30885 30 31244 31 31604 32 31963 33 32323 33 32683 34 33043 34 33402 35 33762 35 34122 35 34482 35 34841 35 35201 35 35561 35 35921 34 36281 34 36641 33 37001 33 37361 32 37721 32 38081 31 38441 30 38802 28 39162 27 39522 26 39882 26 40243 24 40604 22 40965 19 41326 17 41687 15 42050 9
c8ca945abc29d262a5525e4c2585541bba33fa77c86a47c94575d8e5b54c83fb,89801 10 89813 3 90158 25 90514 32 90869 39 91225 45 91583 48 91941 51 92300 53 92659 54 93018 56 93377 57 93736 58 94095 59 94455 59 94814 59 95173 60 95533 59 95893 59 96253 58 96612 58 96972 57 97332 56 97691 56 98051 55 98411 53 98771 52 99131 51 99492 49 99852 48 100212 46 100572 45 100933 43 101294 40 101655 38 102016 35 102377 32 102739 28 103100 25 103462 22 103823 17 104185 9
c8ca945abc29d262a5525e4c2585541bba33fa77c86a47c94575d8e5b54c83fb,96777 4 97133 12 97492 15 97850 19 98209 21 98568 24 98927 26 99287 27 99646 28 100006 28 100365 30 100725 31 101085 31 101445 32 101804 33 102164 34 102524 34 102884 35 103244 35 103603 37 103963 37 104323 38 104684 37 105044 38 105404 38 105764 39 106125 38 106485 38 106845 39 107205 39 107565 40 107926 39 108286 39 108646 40 109006 40 109366 40 109727 39 110087 39 110448 38 110808 39 111168 39 111529 38 111889 38 112249 38 112610 37 112970 37 113331 35 113692 34 114052 34 114412 34 114773 33 115134 32 115494 31 115854 31 116215 30 116576 28 116937 27 117297 26 117658 24 118020 21 118382 18 118746 11
c8ca945abc29d262a5525e4c2585541bba33fa77c86a47c94575d8e5b54c83fb,100134 12 100491 18 100850 20 101209 22 101568 24 101927 25 102286 27 102645 28 103004 29 103364 29 103723 30 104083 30 104442 31 104802 31 105162 31 105521 32 105881 32 106240 33 106600 34 106959 35 107318 36 107678 36 108038 36 108397 37 108757 37 109116 38 109476 38 109835 38 110195 38 110554 39 110914 38 111274 38 111634 37 111993 38 112353 38 112713 38 113073 37 113433 36 113793 35 114153 34 114513 33 114873 32 115233 31 115593 30 115954 28 116314 27 116675 24 117036 21 117397 18 117758 15 118120 9
c8ca945abc29d262a5525e4c2585541bba33fa77c86a47c94575d8e5b54c83fb,77048 3 77407 5 77767 5 78127 5 78487 5 78848 3
c8ca945abc29d262a5525e4c2585541bba33fa77c86a47c94575d8e5b54c83fb,102599 2 102958 3 103317 4 103676 5 104035 6 104394 7 104754 7 105114 7 105473 8 105833 8 106192 9 106552 9 106911 10 107271 10 107631 10 107991 10 108351 10 108711 10 109070 11 109430 11 109790 11 110150 11 110510 11 110870 11 111230 11 111590 11 111950 11 112310 11 112670 11 113031 10 113391 10 113751 10 114111 10 114471 10 114831 10 115192 9 115552 9 115912 9 116272 9 116632 9 116992 9 117353 8 117713 8 118073 8 118433 8 118794 7 119154 7 119515 6 119875 6 120236 5 120597 4 120958 3 121319 2 121680 1
c8ca945abc29d262a5525e4c2585541bba33fa77c86a47c94575d8e5b54c83fb,32401 1 32761 1 33121 1 33481 2 33841 2 34201 2 34561 2 34921 2 35281 2 35641 2 36001 2 36361 2 36721 2 37081 2 37441 1
c8ca945abc29d262a5525e4c2585541bba33fa77c86a47c94575d8e5b54c83fb,66670 12 67026 19 67385 21 67743 24 68102 26 68461 28 68820 30 69179 31 69538 33 69897 35 70256 36 70615 38 70974 39 71333 41 71693 41 72052 42 72412 42 72771 43 73131 44 73490 45 73850 45 74209 46 74569 46 74929 46 75289 46 75649 46 76010 45 76370 45 76730 45 77090 45 77450 45 77810 44 78171 44 78531 43 78891 43 79252 42 79612 41 79973 40 80334 38 80695 37 81056 36 81418 33 81779 32 82140 31 82502 28 82863 26 83225 24 83586 22 83947 20 84308 18 84669 16 85031 13 85393 10 85755 6
c8ca945abc29d262a5525e4c2585541bba33fa77c86a47c94575d8e5b54c83fb,22006 8 22364 12 22722 16 23081 19 23440 23 23799 26 24158 28 24517 30 24876 32 25236 33 25595 34 25954 36 26314 36 26674 36 27034 36 27393 37 27752 38 28111 39 28471 39 28830 40 29190 39 29550 39 29909 39 30268 40 30628 40 30987 40 31347 40 31706 41 32066 40 32425 41 32785 41 33144 41 33504 41 33864 41 34223 41 34583 41 34942 42 35302 41 35662 41 36022 40 36382 39 36742 38 37102 37 37462 36 37822 35 38182 34 38542 34 38902 33 39263 31 39623 30 39983 29 40344 27 40704 26 41065 24 41425 23 41786 21 42147 19 42508 17 42871 12 43235 7
c8ca945abc29d262a5525e4c2585541bba33fa77c86a47c94575d8e5b54c83fb,27 48 386 49 745 49 1104 50 1463 51 1823 51 2182 51 2542 51 2901 51 3261 50 3620 51 3980 50 4339 51 4699 50 5058 50 5417 50 5777 49 6136 48 6496 47 6855 46 7215 44 7575 43 7935 41 8295 36 8655 31 9015 29 9375 28 9735 26 10095 25 10456 22 10817 20 11178 18 11538 16 11899 14 12260 11 12624 4
c8ca945abc29d262a5525e4c2585541bba33fa77c86a47c94575d8e5b54c83fb,14751 10 15107 14 15462 19 15818 23 16176 25 16534 27 16893 28 17252 29 17611 30 17970 31 18329 32 18689 32 19048 33 19408 33 19767 34 20127 34 20486 35 20846 35 21206 35 21566 35 21925 36 22285 36 22645 36 23005 36 23365 36 23725 36 24085 36 24445 36 24805 36 25165 36 25525 36 25886 35 26246 35 26606 35 26967 34 27327 34 27688 33 28048 33 28409 32 28770 31 29131 30 29492 29 29853 28 30214 27 30576 25 30937 24 31298 23 31660 21 32022 19 32385 16 32747 14 33109 12 33472 9 33837 4
c8ca945abc29d262a5525e4c2585541bba33fa77c86a47c94575d8e5b54c83fb,1 7 361 8 721 9 1081 9 1441 9 1801 9 2161 9 2521 9 2881 9 3241 8 3601 8 3961 7 4321 7 4681 6 5041 5 5401 5 5761 4 6121 3 6481 3 6841 2 7201 1 7561 1
c8ca945abc29d262a5525e4c2585541bba33fa77c86a47c94575d8e5b54c83fb,73439 2 73798 3 74158 3 74518 3 74877 4 75237 4 75597 4 75957 4 76317 4 76677 4 77037 4 77398 3 77758 3 78118 3 78479 2 78840 1
c8ca945abc29d262a5525e4c2585541bba33fa77c86a47c94575d8e5b54c83fb,115046 5 115403 10 115761 14 116119 17 116478 19 116837 20 117194 24 117553 25 117912 26 118270 29 118629 30 118988 31 119347 32 119706 33 120065 34 120424 35 120783 35 121143 35 121502 35 121861 36 122220 36 122579 36 122939 35 123299 34 123658 34 124017 34 124376 34 124735 34 125094 34 125453 34 125812 35 126172 34 126532 33 126891 33 127251 33 127611 32 127971 31 128331 31 128692 30 129052 29 129412 29
c8ca945abc29d262a5525e4c2585541bba33fa77c86a47c94575d8e5b54c83fb,29634 6 29992 11 30350 14 30709 17 31067 21 31426 23 31785 25 32144 27 32503 29 32862 30 33221 32 33581 32 33940 33 34299 34 34658 35 35018 34 35377 36 35737 36 36096 37 36456 37 36815 38 37174 39 37534 39 37894 39 38253 40 38613 40 38972 41 39332 41 39692 41 40051 41 40411 41 40770 42 41130 41 41490 41 41849 41 42209 40 42569 39 42929 38 43288 37 43648 37 44008 37 44368 37 44728 37 45088 37 45448 37 45808 37 46168 36 46529 35 46889 35 47249 34 47610 33 47970 32 48331 31 48692 29 49052 28 49413 26 49773 25 50133 24 50494 22 50856 18 51217 16 51578 13 51940 9 52302 5
c8ca945abc29d262a5525e4c2585541bba33fa77c86a47c94575d8e5b54c83fb,62957 7 63313 14 63671 19 64028 23 64387 25 64746 28 65105 30 65464 32 65824 33 66183 35 66543 36 66903 37 67262 38 67622 39 67982 40 68342 41 68702 42 69062 43 69422 44 69782 45 70142 45 70502 46 70862 47 71222 47 71583 46 71943 46 72303 47 72663 47 73023 48 73384 48 73744 49 74104 49 74464 49 74825 48 75186 47 75547 47 75908 46 76269 45 76630 44 76990 44 77351 43 77712 42 78073 41 78434 40 78794 39 79155 38 79516 37 79876 37 80237 35 80598 34 80959 33 81320 31 81681 29 82042 28 82403 26 82765 23 83126 21 83488 18 83851 14 84214 6
c8ca945abc29d262a5525e4c2585541bba33fa77c86a47c94575d8e5b54c83fb,73307 8 73663 16 74020 21 74377 26 74735 29 75093 32 75452 34 75811 36 76169 39 76527 42 76886 44 77245 46 77603 48 77962 50 78321 51 78681 52 79040 54 79399 55 79759 55 80118 56 80478 57 80837 59 81197 59 81556 60 81916 61 82276 61 82636 62 82996 62 83356 62 83716 62 84076 62 84436 62 84796 62 85156 61 85516 61 85876 61 86236 60 86596 60 86957 58 87317 58 87678 56 88038 56 88398 55 88759 53 89120 51 89480 49 89841 46 90203 43 90564 40 90925 20 91286 14
c8ca945abc29d262a5525e4c2585541bba33fa77c86a47c94575d8e5b54c83fb,70910 4 71269 6 71629 7 71989 7 72350 6 72710 6 73071 4 73432 3 73793 1
c8ca945abc29d262a5525e4c2585541bba33fa77c86a47c94575d8e5b54c83fb,349 12 708 13 1068 13 1428 13 1789 12 2149 12 2509 12 2869 12 3229 12 3590 11 3951 10 4312 9 4673 8 5033 8 5394 7 5755 6 6115 6 6476 5 6837 4 7198 3 7558 3 7919 2 8279 2 8640 1
c8ca945abc29d262a5525e4c2585541bba33fa77c86a47c94575d8e5b54c83fb,5270 12 5628 15 5986 18 6345 20 6704 22 7063 24 7423 25 7782 26 8142 26 8502 26 8861 28 9221 28 9580 29 9940 29 10299 30 10659 30 11018 31 11378 31 11737 32 12096 33 12455 34 12814 35 13173 36 13532 37 13892 36 14251 37 14610 38 14969 39 15328 40 15688 40 16047 41 16407 41 16767 41 17126 42 17486 42 17845 43 18205 43 18564 43 18924 43 19284 42 19643 43 20003 42 20362 43 20722 42 21081 43 21441 42 21800 42 22160 42 22520 41 22879 41 23239 40 23599 38 23959 37 24319 36 24679 36 25039 35 25399 35 25759 35 26119 35 26479 35 26839 35 27199 34 27559 34 27919 33 28279 32 28640 30 29001 28 29362 26 29723 24 30084 21 30446 18 30807 14 31170 8
c8ca945abc29d262a5525e4c2585541bba33fa77c86a47c94575d8e5b54c83fb,120270 5 120627 11 120985 17 121344 21 121702 25 122061 28 122420 30 122779 33 123138 35 123498 36 123857 37 124216 39 124575 40 124934 42 125293 43 125652 45 126011 46 126370 47 126730 47 127089 48 127449 47 127808 48 128168 48 128527 48 128887 48 129247 47
c8ca945abc29d262a5525e4c2585541bba33fa77c86a47c94575d8e5b54c83fb,7835 6 8193 11 8551 14 8910 16 9268 19 9626 22 9984 25 10343 26 10701 29 11060 30 11419 32 11777 35 12136 36 12496 36 12855 37 13214 38 13574 38 13933 39 14293 39 14653 39 15013 39 15372 39 15732 39 16092 39 16452 38 16811 39 17171 39 17531 39 17891 38 18251 38 18611 38 18971 37 19331 37 19691 37 20051 36 20411 36 20771 36 21131 35 21491 35 21851 35 22212 34 22572 33 22933 32 23293 32 23653 31 24014 30 24374 30 24735 28 25095 27 25455 26 25816 24 26177 22 26538 20 26900 17 27261 14 27623 9
c8ca945abc29d262a5525e4c2585541bba33fa77c86a47c94575d8e5b54c83fb,113916 11 114273 17 114631 20 114989 23 115347 26 115706 27 116065 29 116424 31 116782 33 117140 35 117499 37 117857 39 118216 40 118574 42 118933 43 119291 44 119650 45 120009 45 120368 46 120727 46 121086 46 121445 46 121804 47 122164 46 122523 46 122882 46 123242 46 123601 46 123961 45 124320 45 124680 44 125039 44 125399 43 125759 42 126119 41 126479 40 126839 39 127199 37 127559 36 127919 35 128279 34 128640 32 129000 31 129361 29
c8ca945abc29d262a5525e4c2585541bba33fa77c86a47c94575d8e5b54c83fb,34073 16 34429 24 34787 28 35144 35 35501 41 35859 44 36217 48 36575 51 36934 54 37293 56 37652 58 38011 60 38371 60 38730 62 39090 63 39450 63 39810 64 40170 64 40530 65 40890 66 41250 66 41610 66 41970 67 42330 67 42690 67 43050 67 43411 66 43771 66 44132 65 44492 65 44853 64 45214 63 45575 62 45937 59 46299 57 46664 9 46683 32 47048 26 47412 21 47775 16 48137 13
c8ca945abc29d262a5525e4c2585541bba33fa77c86a47c94575d8e5b54c83fb,250 48 610 47 970 47 1330 47 1690 46 2050 46 2410 45 2770 44 3130 43 3490 42 3850 41 4210 40 4571 38 4931 37 5291 36 5652 32 6012 30 6373 27 6735 21 7097 14
c8ca945abc29d262a5525e4c2585541bba33fa77c86a47c94575d8e5b54c83fb,121572 3 121928 12 122286 17 122644 20 123003 22 123362 24 123721 26 124080 28 124439 30 124799 30 125158 31 125517 33 125876 34 126236 35 126596 35 126955 36 127315 36 127674 38 128034 38 128394 38 128754 38 129114 39 129474 39
