c9f305be17312bdb9530fb4f1adc6d29730ddbe0e74730cbf031de174bf437b7,29918 13 30277 17 30636 21 30994 27 31353 29 31712 32 32071 35 32430 38 32790 42 33149 45 33509 46 33869 49 34229 51 34588 54 34948 57 35308 59 35669 60 36030 61 36390 63 36750 66 37110 68 37471 69 37831 71 38191 72 38551 73 38912 73 39273 72 39633 73 39994 72 40355 72 40716 72 41077 71 41439 69 41800 69 42162 67 42524 65 42886 63 43249 60 43612 58 43977 53 44339 51 44701 49 45063 47 45424 46 45785 45 46146 44 46507 43 46868 42 47229 41 47589 41 47950 39 48312 37 48673 36 49035 33 49397 30 49759 27 50122 24 50486 19 50852 9
c9f305be17312bdb9530fb4f1adc6d29730ddbe0e74730cbf031de174bf437b7,6841 1 7201 1 7561 2 7921 2 8281 2 8641 3 9001 3 9361 3 9721 3 10081 2 10441 2 10801 2 11161 2 11521 2 11881 1 12241 1 12601 1
c9f305be17312bdb9530fb4f1adc6d29730ddbe0e74730cbf031de174bf437b7,18157 11 18514 17 18873 20 19232 23 19591 25 19951 26 20310 29 20670 30 21030 32 21390 33 21750 34 22110 35 22470 37 22830 39 23190 40 23550 41 23910 42 24270 43 24630 44 24990 45 25350 46 25711 47 26071 48 26431 49 26792 49 27152 50 27512 51 27873 51 28234 51 28594 52 28955 52 29315 53 29676 53 30037 53 30397 53 30758 53 31119 53 31480 53 31841 53 32202 53 32563 52 32924 52 33285 51 33646 50 34008 49 34370 47 34731 47 35093 45 35454 44 35816 42 36178 40 36539 39 36900 38 37261 37 37623 35 37984 33 38346 31 38707 29 39068 27 39430 24 39792 21 40160 8
c9f305be17312bdb9530fb4f1adc6d29730ddbe0e74730cbf031de174bf437b7,73825 3 74177 16 74532 25 74891 28 75248 32 75607 34 75965 37 76324 38 76683 40 77041 42 77401 43 77761 43 78121 44 78481 44 78841 44 79201 44 79561 43 79921 43 80281 43 80641 42 81001 42 81361 42 81721 42 82081 41 82441 40 82801 39 83161 38 83521 37 83881 36 84241 35 84601 35 84961 34 85321 33 85681 32 86041 31 86401 30 86761 29 87121 28 87481 26 87841 24 88201 23 88561 22 88921 20 89281 19 89641 18 90001 16 90361 15 90721 12 91081 11 91441 7 91801 5
c9f305be17312bdb9530fb4f1adc6d29730ddbe0e74730cbf031de174bf437b7,127170 8 127525 19 127882 25 128238 32 128597 36 128956 38 129316 38
c9f305be17312bdb9530fb4f1adc6d29730ddbe0e74730cbf031de174bf437b7,70065 14 70419 25 70777 29 71136 32 71494 36 71853 38 72211 42 72570 44 72928 47 73287 48 73646 50 74005 52 74364 53 74723 55 75083 55 75442 57 75801 58 76160 59 76519 61 76878 62 77238 62 77597 63 77957 63 78316 64 78676 64 79036 64 79396 63 79756 63 80115 63 80475 63 80835 62 81195 62 81555 61 81916 60 82276 59 82636 58 82997 56 83357 55 83718 52 84079 49 84439 48 84800 46 85161 44 85522 40 85883 36 86245 32 86607 28 86970 21 87332 16 87694 9
c9f305be17312bdb9530fb4f1adc6d29730ddbe0e74730cbf031de174bf437b7,107024 11 107381 17 107722 37 108079 43 108437 46 108796 48 109155 50 109514 51 109874 51 110233 53 110592 54 110952 54 111311 55 111670 56 112030 56 112390 56 112749 57 113109 57 113469 57 113829 57 114189 57 114549 57 114909 56 115269 56 115629 55 115989 53 116349 52 116710 50 117071 48 117431 46 117792 44 118153 41 118514 38 118875 35 119236 32 119597 29 119958 26 120319 23 120681 19 121043 15 121407 5
c9f305be17312bdb9530fb4f1adc6d29730ddbe0e74730cbf031de174bf437b7,47530 12 47883 23 48241 26 48601 27 48961 28 49321 28 49681 28 50041 29 50401 30 50761 31 51121 31 51481 31 51841 32 52201 32 52561 32 52921 32 53281 31 53641 31 54001 31 54361 30 54721 29 55081 29 55441 29 55801 28 56161 28 56521 28 56881 27 57241 26 57601 25 57961 25 58321 24 58681 23 59041 22 59401 21 59761 20 60121 19 60481 17 60841 15 61201 13 61561 12 61921 8 62281 5
c9f305be17312bdb9530fb4f1adc6d29730ddbe0e74730cbf031de174bf437b7,8406 5 8765 7 9124 8 9484 8 9844 8 10204 8 10564 7 10925 4
c9f305be17312bdb9530fb4f1adc6d29730ddbe0e74730cbf031de174bf437b7,21226 6 21583 12 21941 15 22300 18 22659 21 23019 22 23378 23 23737 24 24097 24 24457 24 24816 25 25176 25 25536 25 25896 25 26255 26 26615 26 26976 25 27336 25 27696 25 28055 26 28415 26 28775 26 29135 26 29495 26 29855 26 30215 26 30575 26 30934 27 31295 26 31654 27 32014 27 32374 27 32734 27 33094 27 33455 26 33815 26 34175 26 34535 26 34895 26 35256 25 35616 25 35976 25 36337 24 36697 24 37058 23 37418 23 37778 23 38139 22 38499 22 38860 21 39221 20 39581 20 39942 19 40303 18 40664 17 41025 16 41386 15 41746 15 42107 14 42468 13 42829 12 43190 11 43551 10 43914 7 44275 6 44637 4
c9f305be17312bdb9530fb4f1adc6d29730ddbe0e74730cbf031de174bf437b7,309 41 670 40 1031 39 1392 38 1753 37 2114 35 2476 33 2837 31 3199 28 3561 24 3923 21 4288 9
c9f305be17312bdb9530fb4f1adc6d29730ddbe0e74730cbf031de174bf437b7,108906 16 109264 25 109621 34 109980 38 110339 43 110698 46 111056 49 111415 51 111774 53 112133 55 112491 58 112850 59 113210 59 113569 61 113928 62 114288 62 114648 62 115007 63 115367 63 115727 63 116087 63 116447 62 116808 60 117168 59 117529 57 117889 56 118250 54 118611 52 118972 50 119334 47 119695 45 120057 43 120418 41 120778 40 121139 39 121500 37 121862 34 122223 32 122585 29 122948 24 123313 17 123675 12 124036 6
c9f305be17312bdb9530fb4f1adc6d29730ddbe0e74730cbf031de174bf437b7,42660 17 43018 20 43374 27 43733 31 44092 36 44450 41 44809 44 45169 46 45528 48 45888 50 46247 52 46607 52 46967 53 47326 55 47686 56 48046 57 48406 57 48766 58 49126 59 49487 59 49847 59 50207 60 50568 59 50928 60 51289 59 51649 59 52010 59 52371 58 52732 58 53093 57 53454 56 53815 56 54177 54 54539 51 54901 49 55263 47 55624 46 55988 42 56351 38 56712 37 57072 36 57433 35 57795 32 58157 29 58519 26 58880 24 59245 17 59609 10
c9f305be17312bdb9530fb4f1adc6d29730ddbe0e74730cbf031de174bf437b7,21476 13 21834 16 22192 21 22551 23 22910 27 23269 29 23629 30 23988 32 24348 34 24708 35 25067 37 25427 38 25786 40 26146 41 26506 42 26866 43 27226 43 27586 44 27947 44 28307 45 28667 46 29027 47 29388 46 29748 47 30109 47 30469 47 30830 47 31190 47 31551 47 31912 46 32272 46 32633 46 32993 46 33354 45 33715 44 34075 44 34436 42 34797 41 35157 41 35518 39 35879 37 36240 36 36602 33 36963 32 37324 30 37686 27 38048 23 38410 20 38772 17 39135 13 39499 8
c9f305be17312bdb9530fb4f1adc6d29730ddbe0e74730cbf031de174bf437b7,19897 17 20252 28 20610 32 20948 8 20968 38 21305 62 21663 66 22022 68 22381 70 22739 73 23099 74 23458 76 23817 78 24177 79 24536 81 24896 81 25256 82 25615 84 25975 84 26335 84 26695 84 27055 85 27415 85 27776 84 28136 84 28496 84 28857 83 29218 81 29578 81 29939 80 30300 78 30661 77 31021 76 31382 75 31744 72 32106 69 32468 66 32832 61 33194 57 33555 53 33918 47 34280 42 34642 33 35005 19 35367 10 35729 2
c9f305be17312bdb9530fb4f1adc6d29730ddbe0e74730cbf031de174bf437b7,97956 16 98301 42 98656 51 99011 58 99369 62 99726 66 100084 69 100442 72 100801 74 101161 74 101521 74 101881 75 102241 75 102601 75 102961 75 103321 75 103681 75 104041 75 104401 74 104761 73 105121 73 105481 72 105841 71 106201 69 106561 68 106921 67 107281 65 107641 62 108001 60 108361 57 108721 54 109081 52 109441 50 109801 46 110163 42 110525 36 110888 20 111254 4
c9f305be17312bdb9530fb4f1adc6d29730ddbe0e74730cbf031de174bf437b7,5672 15 6030 21 6389 29 6747 33 7106 37 7465 39 7824 41 8184 42 8543 44 8903 44 9263 45 9622 47 9982 47 10342 48 10702 48 11062 49 11422 49 11782 50 12142 50 12502 50 12862 50 13222 50 13583 49 13943 49 14303 49 14664 48 15024 48 15385 47 15745 48 16106 47 16467 46 16828 45 17189 44 17550 43 17911 42 18272 41 18633 39 18994 38 19355 37 19717 35 20078 34 20439 33 20800 31 21162 28 21523 26 21884 24 22246 20 22608 15 22971 9
c9f305be17312bdb9530fb4f1adc6d29730ddbe0e74730cbf031de174bf437b7,38447 9 38804 17 39162 22 39520 28 39878 31 40237 33 40595 37 40954 39 41313 41 41672 42 42031 44 42391 45 42750 47 43110 48 43469 49 43829 50 44189 51 44548 53 44908 54 45268 54 45628 54 45987 56 46347 57 46707 57 47068 56 47428 57 47788 57 48148 58 48508 58 48869 57 49229 57 49590 57 49950 57 50311 56 50672 55 51033 55 51394 54 51755 53 52116 52 52478 50 52839 49 53200 47 53561 46 53923 44 54284 43 54646 41 55008 38 55370 36 55731 35 56092 33 56453 32 56815 29 57178 25 57540 22 57902 19 58264 16 58631 4
c9f305be17312bdb9530fb4f1adc6d29730ddbe0e74730cbf031de174bf437b7,10262 7 10618 15 10976 23 11335 26 11694 29 12053 32 12412 35 12771 39 13130 41 13489 44 13849 46 14208 48 14568 49 14928 54 15288 55 15648 56 16008 57 16368 57 16728 57 17088 56 17449 55 17809 55 18170 55 18531 54 18893 53 19255 51 19616 50 19977 49 20339 48 20700 47 21062 45 21423 44 21784 43 22145 41 22507 39 22869 37 23230 35 23591 33 23952 32 24313 30 24674 28 25035 26 25396 23 25758 20 26121 15 26485 8
c9f305be17312bdb9530fb4f1adc6d29730ddbe0e74730cbf031de174bf437b7,110922 7 111265 27 111625 29 111983 32 112343 33 112702 36 113061 38 113420 40 113779 41 114139 42 114498 44 114858 45 115217 46 115577 47 115937 48 116297 48 116657 48 117017 49 117377 49 117737 49 118097 50 118458 49 118818 49 119178 50 119538 50 119898 50 120258 51 120618 51 120978 51 121339 50 121699 50 122059 50 122418 52 122778 52 123138 52 123498 51 123858 51 124217 52 124577 52 124937 52 125297 52 125656 52 126016 52 126376 52 126735 52 127095 51 127455 51 127815 51 128175 50 128535 49 128895 49 129255 49
