cb4df20a83b2f38b394c67f1d9d4aef29f9794d5345da3576318374ec3a11490,232980 3 233582 5 234183 8 234785 10 235387 11 235990 11 236593 11 237196 11 237800 10 238405 8 239010 5
cb4df20a83b2f38b394c67f1d9d4aef29f9794d5345da3576318374ec3a11490,198059 7 198661 9 199263 10 199866 10 200469 10 201072 10 201676 10 202280 9 202884 8 203488 7 204091 7 204695 5 205299 3
cb4df20a83b2f38b394c67f1d9d4aef29f9794d5345da3576318374ec3a11490,239022 4 239622 9 240223 12 240825 14 241427 16 242029 18 242632 18 243235 19 243839 19 244443 18 245047 17 245651 15
cb4df20a83b2f38b394c67f1d9d4aef29f9794d5345da3576318374ec3a11490,238035 6 238637 8 239238 11 239840 12 240442 14 241044 15 241646 17 242249 17 242851 18 243454 18 244058 6 244066 8
cb4df20a83b2f38b394c67f1d9d4aef29f9794d5345da3576318374ec3a11490,380272 6 380874 8 381476 10 382079 11 382682 11 383284 13 383887 13 384490 12 385093 12 385697 10 386301 5
cb4df20a83b2f38b394c67f1d9d4aef29f9794d5345da3576318374ec3a11490,321637 12 322240 12 322842 13 323445 13 324047 14 324649 14 325252 14 325854 15 326457 15 327060 15 327664 13 328270 8
cb4df20a83b2f38b394c67f1d9d4aef29f9794d5345da3576318374ec3a11490,144383 3 144985 5 145587 7 146189 8 146791 9 147394 10 147996 12 148599 12 149202 12 149805 12 150408 12 151012 10 151617 4
cb4df20a83b2f38b394c67f1d9d4aef29f9794d5345da3576318374ec3a11490,367562 4 368162 8 368764 10 369366 11 369969 12 370572 13 371175 13 371779 12 372382 12 372985 11 373589 10 374193 8 374797 7 375403 3
cb4df20a83b2f38b394c67f1d9d4aef29f9794d5345da3576318374ec3a11490,265791 4 266393 6 266996 7 267599 8 268202 9 268804 10 269407 10 270010 10 270613 10 271217 8 271821 6
cb4df20a83b2f38b394c67f1d9d4aef29f9794d5345da3576318374ec3a11490,417615 4 418218 5 418821 5 419425 5 420028 5 420631 5 421235 4
cb4df20a83b2f38b394c67f1d9d4aef29f9794d5345da3576318374ec3a11490,117294 3 117895 6 118497 8 119099 10 119701 12 120304 12 120907 13 121510 13 122113 14 122717 13 123321 12 123924 12 124528 11 125132 10 125736 9 126339 9 126943 8 127546 8 128150 7 128754 6 129358 5 129962 3
cb4df20a83b2f38b394c67f1d9d4aef29f9794d5345da3576318374ec3a11490,170934 6 171534 10 172136 12 172739 12 173341 13 173942 15 174544 16 175147 16 175750 15 176353 14 176956 10 177559 10 178163 8 178767 6
cb4df20a83b2f38b394c67f1d9d4aef29f9794d5345da3576318374ec3a11490,188608 4 189210 6 189813 6 190415 8 191018 8 191620 9 192222 10 192825 10 193428 9 194031 9 194635 7
cb4df20a83b2f38b394c67f1d9d4aef29f9794d5345da3576318374ec3a11490,406733 3 407335 5 407938 5 408541 6 409143 8 409746 8 410349 8 410951 9 411554 9 412156 10 412759 9 413362 8 413966 6
cb4df20a83b2f38b394c67f1d9d4aef29f9794d5345da3576318374ec3a11490,139589 1 140190 7 140793 8 141395 10 141997 12 142600 12 143203 12 143807 10 144410 10 145014 9 145617 9 146221 8 146824 8 147427 8 148030 8 148633 7 149237 4
cb4df20a83b2f38b394c67f1d9d4aef29f9794d5345da3576318374ec3a11490,352419 4 353021 6 353622 9 354224 10 354826 11 355428 12 356031 12 356633 13 357236 13 357839 12 358442 12 359045 12 359648 11 360251 10 360854 9 361458 7 362061 6 362665 3
cb4df20a83b2f38b394c67f1d9d4aef29f9794d5345da3576318374ec3a11490,249268 7 249870 9 250471 12 251073 14 251676 15 252279 16 252882 17 253486 16 254089 16 254693 15 255297 14 255901 12 256507 8
cb4df20a83b2f38b394c67f1d9d4aef29f9794d5345da3576318374ec3a11490,309150 6 309752 8 310355 9 310958 10 311561 10 312163 11 312766 11 313369 11 313972 10 314575 9 315179 7 315783 6 316387 4
cb4df20a83b2f38b394c67f1d9d4aef29f9794d5345da3576318374ec3a11490,294513 4 295114 7 295716 9 296318 11 296918 14 297520 15 298123 15 298726 15 299329 14 299932 12 300535 11 301138 10 301741 9 302344 9 302947 9 303550 8 304154 6
cb4df20a83b2f38b394c67f1d9d4aef29f9794d5345da3576318374ec3a11490,113696 5 114298 7 114900 8 115503 9 116105 11 116707 12 117310 13 117913 13 118516 13 119119 13 119722 13 120326 12 120929 12 121533 11 122137 10 122741 9 123345 7 123949 5 124553 3
cb4df20a83b2f38b394c67f1d9d4aef29f9794d5345da3576318374ec3a11490,347059 4 347661 6 348264 7 348866 8 349468 10 350070 11 350672 12 351275 12 351878 12 352482 10 353087 7 353691 5 354295 4
cb4df20a83b2f38b394c67f1d9d4aef29f9794d5345da3576318374ec3a11490,102926 3 103527 9 104129 11 104732 11 105335 12 105937 13 106540 14 107142 15 107745 15 108348 14 108951 14 109555 12 110160 9 110766 4
cb4df20a83b2f38b394c67f1d9d4aef29f9794d5345da3576318374ec3a11490,309583 4 310184 7 310786 9 311389 9 311991 10 312593 11 313195 12 313798 14 314401 15 315004 16 315607 16 316211 15 316815 13 317419 11 318023 9
cb4df20a83b2f38b394c67f1d9d4aef29f9794d5345da3576318374ec3a11490,371739 7 372341 9 372942 11 373543 13 374145 13 374748 12 375351 11 375954 11 376557 10 377160 10 377763 9 378366 8 378969 7 379573 3
cb4df20a83b2f38b394c67f1d9d4aef29f9794d5345da3576318374ec3a11490,154185 5 154787 7 155390 8 155992 10 156594 10 157197 9 157800 8 158404 6 159008 3
cb4df20a83b2f38b394c67f1d9d4aef29f9794d5345da3576318374ec3a11490,87833 5 88433 9 89034 11 89636 13 90239 13 90842 13 91445 13 92048 12 92651 12 93254 12 93857 12 94461 11 95065 9 95669 7 96273 4
cb4df20a83b2f38b394c67f1d9d4aef29f9794d5345da3576318374ec3a11490,221539 7 222138 15 222740 17 223342 18 223945 18 224548 18 225152 17 225755 16 226359 14 226963 12 227569 5
cb4df20a83b2f38b394c67f1d9d4aef29f9794d5345da3576318374ec3a11490,275404 7 276006 9 276609 11 277212 12 277815 13 278419 12 279022 13 279625 13 280228 13 280832 12 281436 11 282042 8 282646 6
cb4df20a83b2f38b394c67f1d9d4aef29f9794d5345da3576318374ec3a11490,289676 5 290277 8 290879 9 291480 11 292081 13 292683 14 293285 15 293887 16 294489 16 295092 15 295695 14 296298 13 296902 11
cb4df20a83b2f38b394c67f1d9d4aef29f9794d5345da3576318374ec3a11490,400784 4 401386 6 401988 7 402591 7 403194 7 403797 7 404400 7 405004 5 405608 3
cb4df20a83b2f38b394c67f1d9d4aef29f9794d5345da3576318374ec3a11490,130049 6 130651 8 131254 9 131857 9 132460 10 133063 10 133665 12 134268 11 134871 11 135474 10 136078 1 136083 2
cb4df20a83b2f38b394c67f1d9d4aef29f9794d5345da3576318374ec3a11490,225343 4 225944 7 226546 8 227149 8 227752 8 228355 8 228958 8 229561 8 230164 8 230767 8 231370 8 231973 7 232576 7 233179 7 233783 5
cb4df20a83b2f38b394c67f1d9d4aef29f9794d5345da3576318374ec3a11490,425444 3 426046 5 426649 5 427251 6 427854 6 428457 6 429061 5 429664 5 430268 3
cb4df20a83b2f38b394c67f1d9d4aef29f9794d5345da3576318374ec3a11490,232415 6 233017 10 233620 11 234223 11 234826 12 235430 11 236033 12 236637 11 237240 11 237844 10 238448 9 239052 7
cb4df20a83b2f38b394c67f1d9d4aef29f9794d5345da3576318374ec3a11490,285051 6 285653 9 286255 11 286856 15 287458 17 288060 19 288663 19 289266 19 289869 18 290473 14 291078 11 291682 9 292288 5
cb4df20a83b2f38b394c67f1d9d4aef29f9794d5345da3576318374ec3a11490,265570 6 266171 9 266773 11 267375 13 267977 15 268580 15 269183 15 269786 15 270389 15 270991 15 271594 14 272198 13 272802 11 273406 9 274011 6
cb4df20a83b2f38b394c67f1d9d4aef29f9794d5345da3576318374ec3a11490,263952 4 264554 6 265155 9 265756 12 266358 14 266960 15 267563 15 268166 15 268770 14 269374 13 269977 13 270581 12 271187 9 271791 8 272397 4
cb4df20a83b2f38b394c67f1d9d4aef29f9794d5345da3576318374ec3a11490,181329 3 181931 5 182533 6 183135 7 183737 8 184339 8 184942 7 185545 7 186148 6 186751 5 187354 5 187957 4
cb4df20a83b2f38b394c67f1d9d4aef29f9794d5345da3576318374ec3a11490,145133 5 145736 5 146339 5 146941 6 147544 5 148148 2
cb4df20a83b2f38b394c67f1d9d4aef29f9794d5345da3576318374ec3a11490,424211 3 424813 5 425415 6 426018 6 426621 6 427224 6 427828 4
cb4df20a83b2f38b394c67f1d9d4aef29f9794d5345da3576318374ec3a11490,96233 6 96830 13 97432 14 98035 14 98638 14 99241 15 99844 15 100447 16 101050 16 101653 16 102256 16 102860 15 103464 13 104068 12 104671 11 105275 9 105883 3
cb4df20a83b2f38b394c67f1d9d4aef29f9794d5345da3576318374ec3a11490,346982 6 347580 13 348182 15 348781 19 349383 21 349986 21 350589 21 351193 20 351796 19 352400 18 353004 17 353607 15 354211 13 354815 7
cb4df20a83b2f38b394c67f1d9d4aef29f9794d5345da3576318374ec3a11490,255499 3 256101 5 256704 5 257307 5 257910 5 258513 5 259116 5 259719 5 260322 5 260925 5 261528 5 262132 3
cb4df20a83b2f38b394c67f1d9d4aef29f9794d5345da3576318374ec3a11490,404973 6 405575 8 406177 10 406779 11 407382 11 407985 11 408589 9 409193 7 409797 4
cb4df20a83b2f38b394c67f1d9d4aef29f9794d5345da3576318374ec3a11490,285470 5 286071 9 286673 11 287275 13 287877 15 288479 16 289082 16 289685 15 290289 13 290893 12 291498 9 292103 6
cb4df20a83b2f38b394c67f1d9d4aef29f9794d5345da3576318374ec3a11490,327651 4 328253 7 328856 8 329459 8 330062 8 330665 8 331269 6
cb4df20a83b2f38b394c67f1d9d4aef29f9794d5345da3576318374ec3a11490,416436 3 417038 5 417640 6 418242 7 418845 6 419448 6 420052 4
cb4df20a83b2f38b394c67f1d9d4aef29f9794d5345da3576318374ec3a11490,206702 5 207299 12 207901 14 208504 14 209107 13 209710 12 210314 11 210920 8 211524 6
cb4df20a83b2f38b394c67f1d9d4aef29f9794d5345da3576318374ec3a11490,392835 3 393437 6 394038 9 394640 11 395243 12 395847 12 396450 12 397054 11 397657 11 398261 9 398865 7 399469 5
cb4df20a83b2f38b394c67f1d9d4aef29f9794d5345da3576318374ec3a11490,292118 4 292720 6 293322 8 293924 9 294527 9 295129 10 295731 11 296334 10 296937 10 297540 9 298144 8 298748 6
cb4df20a83b2f38b394c67f1d9d4aef29f9794d5345da3576318374ec3a11490,126932 4 127534 6 128137 7 128740 8 129343 8 129946 9 130549 10 131153 10 131756 11 132359 11 132962 12 133565 13 134169 13 134772 14 135375 14 135978 14 136581 14 137185 13 137788 12 138392 10 138999 4
cb4df20a83b2f38b394c67f1d9d4aef29f9794d5345da3576318374ec3a11490,247074 5 247676 13 248278 16 248881 17 249484 17 250087 17 250691 15 251295 13 251899 11 252502 9 253106 7
cb4df20a83b2f38b394c67f1d9d4aef29f9794d5345da3576318374ec3a11490,352516 11 353117 14 353719 16 354322 16 354925 16 355528 16 356131 16 356735 15 357339 13
cb4df20a83b2f38b394c67f1d9d4aef29f9794d5345da3576318374ec3a11490,319407 5 320007 10 320609 12 321212 13 321815 14 322418 14 323021 15 323623 16 324226 16 324829 15 325433 14 326036 14 326640 12 327244 9 327848 4
cb4df20a83b2f38b394c67f1d9d4aef29f9794d5345da3576318374ec3a11490,256692 5 257294 7 257896 8 258499 8 259102 7 259705 6 260309 5 260912 6 261515 7 262118 7 262722 6 263326 4
cb4df20a83b2f38b394c67f1d9d4aef29f9794d5345da3576318374ec3a11490,379081 8 379683 10 380286 11 380889 11 381492 11 382095 11 382698 11 383302 10 383906 8
cb4df20a83b2f38b394c67f1d9d4aef29f9794d5345da3576318374ec3a11490,306171 7 306773 11 307375 13 307977 14 308580 14 309183 14 309786 13 310389 13 310992 13 311595 13 312198 13 312801 12 313404 11 314008 9 314615 3
cb4df20a83b2f38b394c67f1d9d4aef29f9794d5345da3576318374ec3a11490,202839 1 203441 5 204045 5 204648 6 205251 6 205854 6 206458 5 207062 3
cb4df20a83b2f38b394c67f1d9d4aef29f9794d5345da3576318374ec3a11490,359720 8 360321 11 360923 12 361526 11 362129 10 362733 9 363338 8 363942 7 364546 5
cb4df20a83b2f38b394c67f1d9d4aef29f9794d5345da3576318374ec3a11490,420004 4 420606 6 421208 7 421810 8 422413 7 423016 6 423620 4
cb4df20a83b2f38b394c67f1d9d4aef29f9794d5345da3576318374ec3a11490,219323 4 219925 6 220527 8 221130 9 221734 9 222337 10 222941 9 223546 5
cb4df20a83b2f38b394c67f1d9d4aef29f9794d5345da3576318374ec3a11490,326022 8 326624 10 327226 12 327828 13 328431 13 329033 14 329636 14 330238 15 330841 16 331446 14 332050 12 332658 1
cb4df20a83b2f38b394c67f1d9d4aef29f9794d5345da3576318374ec3a11490,335651 3 336253 5 336850 11 337451 13 338053 14 338656 14 339259 13 339862 13 340466 11 341075 4
cb4df20a83b2f38b394c67f1d9d4aef29f9794d5345da3576318374ec3a11490,229977 10 230577 14 231179 16 231782 16 232385 16 232989 15 233592 15 234196 13 234802 9 235407 6 236011 4
cb4df20a83b2f38b394c67f1d9d4aef29f9794d5345da3576318374ec3a11490,400110 7 400711 12 401313 14 401916 14 402519 14 403123 13 403727 11 404331 9 404934 9 405537 8 406141 4
cb4df20a83b2f38b394c67f1d9d4aef29f9794d5345da3576318374ec3a11490,114987 4 115589 6 116192 7 116794 9 117396 10 117999 10 118601 11 119203 12 119806 13 120409 13 121012 13 121615 13 122217 14 122820 14 123423 13 124026 13 124629 12 125233 10 125837 8
cb4df20a83b2f38b394c67f1d9d4aef29f9794d5345da3576318374ec3a11490,353068 4 353670 8 354273 10 354876 11 355479 12 356083 11 356687 11 357291 10 357895 9 358499 8 359105 4
cb4df20a83b2f38b394c67f1d9d4aef29f9794d5345da3576318374ec3a11490,384475 8 385077 10 385679 11 386282 11 386885 11 387487 11 388090 11 388694 9 389297 9 389901 8 390505 7 391108 5 391712 3 392316 1
cb4df20a83b2f38b394c67f1d9d4aef29f9794d5345da3576318374ec3a11490,276041 4 276643 6 277245 7 277847 8 278449 8 279052 7 279655 7 280259 5
cb4df20a83b2f38b394c67f1d9d4aef29f9794d5345da3576318374ec3a11490,336181 5 336782 7 337385 2 337388 5 337992 4 338596 3
cb4df20a83b2f38b394c67f1d9d4aef29f9794d5345da3576318374ec3a11490,213305 1 213907 3 214510 4 215113 4 215716 10 216319 11 216921 12 217523 13 218126 14 218730 13 219333 12 219937 11 220542 9 221147 6
cb4df20a83b2f38b394c67f1d9d4aef29f9794d5345da3576318374ec3a11490,180136 5 180738 7 181339 10 181941 11 182544 11 183146 12 183749 13 184351 14 184954 14 185556 15 186159 15 186763 14 187367 13 187974 9 188578 7
cb4df20a83b2f38b394c67f1d9d4aef29f9794d5345da3576318374ec3a11490,188399 8 189001 10 189603 12 190205 14 190808 15 191411 16 192014 17 192618 16 193222 15 193826 13 194430 10 195034 8 195638 4
cb4df20a83b2f38b394c67f1d9d4aef29f9794d5345da3576318374ec3a11490,283638 4 284240 6 284842 7 285444 9 286047 10 286650 10 287254 9 287859 6
cb4df20a83b2f38b394c67f1d9d4aef29f9794d5345da3576318374ec3a11490,210272 5 210874 9 211477 10 212080 9 212684 7 213289 3
cb4df20a83b2f38b394c67f1d9d4aef29f9794d5345da3576318374ec3a11490,410366 3 410968 6 411571 7 412174 8 412776 9 413379 9 413982 9 414585 8 415188 8 415792 6 416395 5 416999 3
cb4df20a83b2f38b394c67f1d9d4aef29f9794d5345da3576318374ec3a11490,335664 2 335670 5 336266 13 336869 14 337472 14 338075 14 338679 13 339282 12 339886 9 340491 6
cb4df20a83b2f38b394c67f1d9d4aef29f9794d5345da3576318374ec3a11490,223378 7 223980 9 224583 10 225186 10 225789 10 226392 10 226996 8 227599 7 228202 6 228805 6 229409 4
cb4df20a83b2f38b394c67f1d9d4aef29f9794d5345da3576318374ec3a11490,300528 3 301128 7 301730 8 302332 9 302935 9 303538 9 304141 9 304744 9 305347 9 305951 7
cb4df20a83b2f38b394c67f1d9d4aef29f9794d5345da3576318374ec3a11490,330858 6 330869 3 331460 8 331470 6 332062 18 332665 18 333268 18 333871 18 334475 17 335078 16 335682 14 336286 13 336890 11 337494 9 338099 6
cb4df20a83b2f38b394c67f1d9d4aef29f9794d5345da3576318374ec3a11490,295289 9 295891 11 296494 12 297097 12 297701 10 298307 7 298911 6 299515 4
cb4df20a83b2f38b394c67f1d9d4aef29f9794d5345da3576318374ec3a11490,76325 4 76927 6 77529 7 78131 8 78734 8 79337 8 79941 6 80544 5 81148 3
cb4df20a83b2f38b394c67f1d9d4aef29f9794d5345da3576318374ec3a11490,121039 5 121640 8 122242 10 122845 11 123447 12 124049 13 124652 13 125255 13 125858 13 126461 13 127064 12 127667 12 128271 10 128874 10 129477 9 130080 9 130684 8 131288 6 131892 4
cb4df20a83b2f38b394c67f1d9d4aef29f9794d5345da3576318374ec3a11490,318230 5 318831 9 319433 11 320035 12 320637 13 321239 14 321841 15 322444 15 323047 15 323650 15 324253 14 324857 12 325462 9 326068 5
cb4df20a83b2f38b394c67f1d9d4aef29f9794d5345da3576318374ec3a11490,388659 4 389261 6 389864 8 390467 9 391070 10 391673 11 392276 11 392879 11 393483 9 394086 9 394689 9 395293 8 395896 8 396500 6
cb4df20a83b2f38b394c67f1d9d4aef29f9794d5345da3576318374ec3a11490,213929 5 214531 10 215133 12 215734 15 216337 15 216940 15 217544 14 218148 13 218751 12 219353 12 219956 11
cb4df20a83b2f38b394c67f1d9d4aef29f9794d5345da3576318374ec3a11490,333742 2 334345 4 334947 6 335550 6 336154 4
cb4df20a83b2f38b394c67f1d9d4aef29f9794d5345da3576318374ec3a11490,108300 1 108900 8 109502 10 110104 12 110707 12 111309 13 111912 13 112515 13 113118 12 113721 11 114324 10 114928 9 115532 8 116136 6 116740 4 117343 3
cb4df20a83b2f38b394c67f1d9d4aef29f9794d5345da3576318374ec3a11490,117333 2 117935 5 118537 7 119139 8 119742 8 120344 9 120947 9 121550 9 122152 10 122755 10 123358 10 123961 9 124565 7
cb4df20a83b2f38b394c67f1d9d4aef29f9794d5345da3576318374ec3a11490,269164 6 269766 8 270369 12 270972 13 271575 14 272178 15 272781 16 273385 15 273989 14 274593 13 275197 11 275802 6
cb4df20a83b2f38b394c67f1d9d4aef29f9794d5345da3576318374ec3a11490,337904 5 338506 7 339108 8 339711 8 340313 9 340916 8 341519 8 342123 6
cb4df20a83b2f38b394c67f1d9d4aef29f9794d5345da3576318374ec3a11490,302963 7 303563 11 304164 13 304766 14 305369 13 305972 6 305980 4
cb4df20a83b2f38b394c67f1d9d4aef29f9794d5345da3576318374ec3a11490,392817 5 393419 7 394022 7 394624 8 395227 7 395830 7 396434 5 397039 2
cb4df20a83b2f38b394c67f1d9d4aef29f9794d5345da3576318374ec3a11490,258917 5 259518 8 260120 10 260722 12 261324 13 261927 14 262530 14 263133 15 263736 16 264339 16 264942 16 265546 15 266152 11 266758 5
cb4df20a83b2f38b394c67f1d9d4aef29f9794d5345da3576318374ec3a11490,345360 6 345961 9 346563 10 347166 10 347769 9 348373 5
cb4df20a83b2f38b394c67f1d9d4aef29f9794d5345da3576318374ec3a11490,125880 4 126482 6 127084 7 127686 8 128288 9 128891 9 129494 9 130097 9 130701 8 131306 6 131910 4
cb4df20a83b2f38b394c67f1d9d4aef29f9794d5345da3576318374ec3a11490,316195 4 316797 6 317400 8 318003 11 318606 12 319209 12 319812 11 320415 11 321019 9 321623 7 322227 5 322831 3
cb4df20a83b2f38b394c67f1d9d4aef29f9794d5345da3576318374ec3a11490,347752 8 348354 10 348956 11 349558 12 350157 17 350759 18 351362 18 351965 17 352569 15 353174 12 353779 9
cb4df20a83b2f38b394c67f1d9d4aef29f9794d5345da3576318374ec3a11490,394115 5 394717 7 395319 8 395921 10 396524 9 397127 9 397730 9 398333 9 398935 10 399537 10 400139 10 400743 7 401347 4
cb4df20a83b2f38b394c67f1d9d4aef29f9794d5345da3576318374ec3a11490,324686 3 325287 6 325889 8 326492 9 327095 9 327698 9 328301 9 328904 9 329507 9 330110 8 330713 7 331317 5
cb4df20a83b2f38b394c67f1d9d4aef29f9794d5345da3576318374ec3a11490,343346 3 343947 7 344549 8 345152 9 345755 10 346358 9 346961 9 347565 7 348169 6 348773 4
cb4df20a83b2f38b394c67f1d9d4aef29f9794d5345da3576318374ec3a11490,113762 4 113770 2 114364 12 114966 13 115569 12 116172 12 116775 12 117378 12 117981 12 118584 12 119187 12 119790 11 120393 11 120996 11 121599 11 122203 9 122807 8 123411 6
cb4df20a83b2f38b394c67f1d9d4aef29f9794d5345da3576318374ec3a11490,360294 6 360895 10 361497 12 362099 13 362701 14 363305 11 363909 8 364512 6 365116 4
cb4df20a83b2f38b394c67f1d9d4aef29f9794d5345da3576318374ec3a11490,389280 4 389882 8 390485 9 391087 9 391689 9 392292 8 392895 8 393498 8 394101 8 394704 8 395308 7 395912 5
cb4df20a83b2f38b394c67f1d9d4aef29f9794d5345da3576318374ec3a11490,253702 6 254303 9 254905 10 255507 12 256110 14 256713 15 257317 15 257921 16 258523 17 259125 16 259728 15 260331 14 260935 9
cb4df20a83b2f38b394c67f1d9d4aef29f9794d5345da3576318374ec3a11490,304788 5 305390 7 305993 7 306596 7 307200 6 307803 6 308406 6 309009 6 309613 4
cb4df20a83b2f38b394c67f1d9d4aef29f9794d5345da3576318374ec3a11490,152236 8 152837 11 153439 13 154041 15 154643 17 155246 18 155849 18 156452 18 157055 18 157659 17 158262 7 158271 7 158866 6 158875 5 159470 4
cb4df20a83b2f38b394c67f1d9d4aef29f9794d5345da3576318374ec3a11490,220952 5 221554 7 222156 9 222758 11 223360 13 223963 13 224566 13 225169 13 225772 13 226375 13 226978 13 227581 13 228184 13 228787 12 229391 10 229995 9 230599 7 231203 5
cb4df20a83b2f38b394c67f1d9d4aef29f9794d5345da3576318374ec3a11490,352432 3 353034 5 353636 7 354239 7 354842 7 355444 9 356047 10 356650 11 357253 12 357856 12 358459 11 359062 10 359666 8
cb4df20a83b2f38b394c67f1d9d4aef29f9794d5345da3576318374ec3a11490,232634 4 233236 6 233839 7 234442 7 235046 6 235651 3
cb4df20a83b2f38b394c67f1d9d4aef29f9794d5345da3576318374ec3a11490,362033 4 362635 6 363238 7 363840 8 364443 8 365046 8 365649 8 366253 8 366859 4
cb4df20a83b2f38b394c67f1d9d4aef29f9794d5345da3576318374ec3a11490,407405 3 408005 7 408607 8 409210 8 409813 8 410416 8 411020 7 411625 4
cb4df20a83b2f38b394c67f1d9d4aef29f9794d5345da3576318374ec3a11490,342181 5 342783 8 343386 9 343988 10 344591 10 345193 12 345796 12 346398 12 347001 11 347604 9 348207 8 348811 7 349417 3
cb4df20a83b2f38b394c67f1d9d4aef29f9794d5345da3576318374ec3a11490,190182 3 190783 6 191385 8 191988 8 192590 9 193193 9 193796 9 194399 9 195002 8 195606 3
cb4df20a83b2f38b394c67f1d9d4aef29f9794d5345da3576318374ec3a11490,90787 5 91389 7 91992 7 92594 8 93196 9 93798 10 94400 12 95003 12 95606 11 96209 10 96813 8
cb4df20a83b2f38b394c67f1d9d4aef29f9794d5345da3576318374ec3a11490,371690 4 372292 6 372895 6 373498 6 374100 7 374702 9 375305 9 375908 9 376512 8 377116 7 377720 6 378325 3
cb4df20a83b2f38b394c67f1d9d4aef29f9794d5345da3576318374ec3a11490,361593 3 362192 8 362794 10 363397 11 364000 11 364602 13 365204 14 365807 13 366410 12 367013 11 367616 10 368220 8 368824 7 369428 5
cb4df20a83b2f38b394c67f1d9d4aef29f9794d5345da3576318374ec3a11490,359200 7 359802 9 360404 11 361006 12 361607 14 362210 13 362813 13 363416 12 364020 10 364624 8 365228 4
cb4df20a83b2f38b394c67f1d9d4aef29f9794d5345da3576318374ec3a11490,318639 14 319241 16 319844 16 320448 15 321051 14 321655 12 322259 11 322862 10 323464 10 324067 7 324671 2
cb4df20a83b2f38b394c67f1d9d4aef29f9794d5345da3576318374ec3a11490,371166 4 371767 7 372369 9 372971 10 373574 10 374177 9 374780 9 375384 9 375987 9 376590 9 377194 8 377798 6 378402 2
cb4df20a83b2f38b394c67f1d9d4aef29f9794d5345da3576318374ec3a11490,135516 8 136115 13 136717 15 137320 16 137923 17 138527 16 139130 16 139734 15 140338 14 140943 12 141546 12 142150 10 142754 8
cb4df20a83b2f38b394c67f1d9d4aef29f9794d5345da3576318374ec3a11490,401939 3 402541 5 403144 6 403747 6 404349 8 404952 8 405554 9 406156 10 406758 11 407360 11 407963 10 408566 9 409170 7 409775 4
cb4df20a83b2f38b394c67f1d9d4aef29f9794d5345da3576318374ec3a11490,155838 5 156439 8 157039 11 157641 12 158244 12 158847 12 159450 12 160052 13 160655 12 161258 12 161861 12 162464 11 163068 9 163671 8 164275 6
cb4df20a83b2f38b394c67f1d9d4aef29f9794d5345da3576318374ec3a11490,254341 4 254943 6 255546 6 256148 7 256751 7 257353 8 257955 8 258558 8 259161 8 259764 8 260368 6
cb4df20a83b2f38b394c67f1d9d4aef29f9794d5345da3576318374ec3a11490,227165 7 227767 10 228369 12 228972 13 229574 15 230177 15 230780 15 231383 15 231988 13 232593 11 233199 7
cb4df20a83b2f38b394c67f1d9d4aef29f9794d5345da3576318374ec3a11490,186575 3 187176 7 187778 9 188381 10 188984 11 189587 12 190190 13 190793 13 191396 13 191999 13 192602 13 193206 12 193810 11 194414 10 195018 9 195622 8 196228 5 196832 3
cb4df20a83b2f38b394c67f1d9d4aef29f9794d5345da3576318374ec3a11490,104641 3 105243 5 105845 7 106447 9 107049 11 107652 11 108254 12 108857 12 109459 13 110062 13 110665 13 111269 12 111872 13 112475 13 113078 14 113681 14 114284 14 114887 13 115491 12 116095 10 116699 8 117303 7 117907 6 118513 3 119118 1
cb4df20a83b2f38b394c67f1d9d4aef29f9794d5345da3576318374ec3a11490,362169 4 362771 10 363374 11 363977 11 364580 11 365184 10 365788 9 366391 9 366994 8 367598 6 368202 4
cb4df20a83b2f38b394c67f1d9d4aef29f9794d5345da3576318374ec3a11490,337330 2 337930 7 338531 12 339133 14 339735 16 340338 16 340941 16 341544 16 342147 16 342751 15 343356 13 343960 11 344566 7
cb4df20a83b2f38b394c67f1d9d4aef29f9794d5345da3576318374ec3a11490,317580 3 318182 5 318784 7 319387 8 319990 8 320593 8 321196 8 321800 6 322406 2
cb4df20a83b2f38b394c67f1d9d4aef29f9794d5345da3576318374ec3a11490,254138 3 254740 6 255343 7 255946 7 256549 7 257153 6 257757 4
cb4df20a83b2f38b394c67f1d9d4aef29f9794d5345da3576318374ec3a11490,271201 7 271803 11 272405 13 273007 14 273609 15 274212 14 274815 13 275418 12 276022 11 276626 10 277229 11 277832 11 278435 11 279038 11 279641 10 280245 7
cb4df20a83b2f38b394c67f1d9d4aef29f9794d5345da3576318374ec3a11490,377826 5 378428 7 379031 11 379634 12 380237 12 380840 11 381443 11 382046 11 382649 11 383252 11 383855 10 384459 7
cb4df20a83b2f38b394c67f1d9d4aef29f9794d5345da3576318374ec3a11490,198807 4 199409 6 200011 8 200613 10 201216 11 201819 11 202423 11 203027 10 203631 9 204235 7
cb4df20a83b2f38b394c67f1d9d4aef29f9794d5345da3576318374ec3a11490,328285 8 328886 11 329487 14 330089 15 330691 16 331294 16 331897 16 332500 17 333104 16 333708 15 334312 14 334916 13 335522 9
cb4df20a83b2f38b394c67f1d9d4aef29f9794d5345da3576318374ec3a11490,197423 9 198025 12 198627 14 199230 14 199833 15 200436 15 201039 15 201642 15 202246 13 202849 12 203452 12 204056 11 204660 11 205264 10 205868 9 206472 8 207077 5
cb4df20a83b2f38b394c67f1d9d4aef29f9794d5345da3576318374ec3a11490,356205 4 356807 6 357409 7 358011 8 358612 10 359214 11 359817 11 360420 11 361023 10 361627 7
cb4df20a83b2f38b394c67f1d9d4aef29f9794d5345da3576318374ec3a11490,357828 7 358430 9 359033 9 359635 10 360238 9 360840 10 361443 10 362045 11 362648 11 363251 10 363855 8 364459 5
cb4df20a83b2f38b394c67f1d9d4aef29f9794d5345da3576318374ec3a11490,157237 7 157839 9 158441 10 159043 12 159645 13 160248 13 160850 13 161453 13 162056 12 162658 12 163260 12 163863 11 164466 10 165069 9 165673 7
cb4df20a83b2f38b394c67f1d9d4aef29f9794d5345da3576318374ec3a11490,83591 5 84193 7 84795 9 85397 11 86000 11 86602 12 87205 12 87808 12 88411 12 89014 12 89618 10 90221 10 90824 9 91427 9 92030 9 92633 8 93236 8 93840 6 94444 4
cb4df20a83b2f38b394c67f1d9d4aef29f9794d5345da3576318374ec3a11490,351956 2 352551 11 353153 14 353756 14 354359 15 354962 14 355565 15 356168 15 356772 14 357376 12 357979 11 358583 8
cb4df20a83b2f38b394c67f1d9d4aef29f9794d5345da3576318374ec3a11490,312186 5 312786 9 313388 10 313989 13 314591 14 315194 14 315797 14 316401 13 317004 13 317607 13 318211 12 318815 10 319423 4
cb4df20a83b2f38b394c67f1d9d4aef29f9794d5345da3576318374ec3a11490,99293 3 99892 8 100491 12 101093 13 101696 13 102299 13 102903 12 103506 12 104110 11 104713 10 105316 10 105919 10 106523 8 107126 8 107729 8 108332 7 108935 6 109539 4
cb4df20a83b2f38b394c67f1d9d4aef29f9794d5345da3576318374ec3a11490,255287 5 255889 7 256492 7 257095 7 257698 7 258301 7 258905 5 259509 3
cb4df20a83b2f38b394c67f1d9d4aef29f9794d5345da3576318374ec3a11490,175929 5 176530 10 177132 12 177734 14 178337 15 178941 14 179544 15 180147 15 180750 15 181353 14 181957 10 182562 7
cb4df20a83b2f38b394c67f1d9d4aef29f9794d5345da3576318374ec3a11490,192791 3 193389 10 193991 13 194594 13 195197 13 195800 13 196403 12 197007 11 197610 12 198214 11 198819 9
cb4df20a83b2f38b394c67f1d9d4aef29f9794d5345da3576318374ec3a11490,235603 14 236205 16 236808 17 237411 17 238015 16 238618 16 239221 16 239825 15 240429 13 241033 11 241637 9 242243 6 242847 4
cb4df20a83b2f38b394c67f1d9d4aef29f9794d5345da3576318374ec3a11490,242682 3 243284 5 243887 7 244490 8 245093 8 245696 8 246299 8 246902 8 247505 8 248108 7 248712 5
cb4df20a83b2f38b394c67f1d9d4aef29f9794d5345da3576318374ec3a11490,348225 5 348827 8 349429 10 350031 11 350634 12 351237 12 351839 13 352442 13 353046 12 353649 12 354252 12 354855 11 355459 9
cb4df20a83b2f38b394c67f1d9d4aef29f9794d5345da3576318374ec3a11490,181176 6 181778 8 182381 9 182984 10 183588 11 184191 12 184795 11 185398 12 186002 12 186605 12 187208 12 187812 11 188416 9
cb4df20a83b2f38b394c67f1d9d4aef29f9794d5345da3576318374ec3a11490,289906 1 290506 7 291108 9 291711 9 292314 10 292917 10 293521 10 294125 9 294728 8 295332 6
cb4df20a83b2f38b394c67f1d9d4aef29f9794d5345da3576318374ec3a11490,382584 5 383186 7 383786 10 384387 12 384989 12 385592 12 386195 11 386798 11 387401 10 388004 10 388607 9 389210 8 389814 5
cb4df20a83b2f38b394c67f1d9d4aef29f9794d5345da3576318374ec3a11490,383800 4 384402 6 385004 8 385607 9 386210 10 386812 12 387415 13 388018 13 388621 13 389224 13 389828 12 390432 11 391036 9 391640 8 392244 7 392848 5
cb4df20a83b2f38b394c67f1d9d4aef29f9794d5345da3576318374ec3a11490,137766 4 138365 9 138967 11 139570 11 140173 11 140776 11 141379 12 141982 12 142586 11 143189 11 143793 10 144396 10 145000 8 145605 5
cb4df20a83b2f38b394c67f1d9d4aef29f9794d5345da3576318374ec3a11490,154668 3 155270 5 155873 5 156476 6 157079 6 157682 7 158286 9 158889 10 159493 9 160096 9 160700 8 161304 6 161909 3
cb4df20a83b2f38b394c67f1d9d4aef29f9794d5345da3576318374ec3a11490,367650 8 368252 10 368854 12 369456 13 370059 13 370662 13 371265 13 371869 12 372473 11 373077 10 373681 8 374288 2
cb4df20a83b2f38b394c67f1d9d4aef29f9794d5345da3576318374ec3a11490,354949 8 355551 10 356154 11 356757 11 357360 11 357963 10 358565 11 359167 11 359770 10 360373 7 360977 4
cb4df20a83b2f38b394c67f1d9d4aef29f9794d5345da3576318374ec3a11490,369386 4 369988 6 370591 7 371194 9 371796 12 372398 14 373001 14 373604 14 374208 13 374813 11 375419 7
cb4df20a83b2f38b394c67f1d9d4aef29f9794d5345da3576318374ec3a11490,299550 3 300152 7 300755 9 301358 10 301961 10 302565 9 303168 10 303771 10 304375 8 304979 6
cb4df20a83b2f38b394c67f1d9d4aef29f9794d5345da3576318374ec3a11490,105828 6 106430 8 107032 10 107635 10 108238 10 108842 9 109445 8 110048 8 110652 6 111256 5 111860 3
cb4df20a83b2f38b394c67f1d9d4aef29f9794d5345da3576318374ec3a11490,397751 2 398353 4 398955 6 399557 8 400160 9 400763 9 401366 8 401970 6 402574 3
cb4df20a83b2f38b394c67f1d9d4aef29f9794d5345da3576318374ec3a11490,275996 3 276598 5 277201 5 277804 6 278407 7 279010 8 279614 7 280218 6 280822 5 281426 3
cb4df20a83b2f38b394c67f1d9d4aef29f9794d5345da3576318374ec3a11490,275829 3 276430 7 277032 10 277634 12 278236 13 278839 13 279442 13 280045 13 280649 12 281255 8
cb4df20a83b2f38b394c67f1d9d4aef29f9794d5345da3576318374ec3a11490,206681 1 207279 13 207881 15 208483 17 209086 18 209690 17 210293 16 210897 14 211501 12 212104 12 212708 11 213313 8 213918 5
cb4df20a83b2f38b394c67f1d9d4aef29f9794d5345da3576318374ec3a11490,160690 5 161291 8 161893 9 162496 10 163099 10 163703 9 164307 9 164911 9 165515 8 166118 8 166722 7 167326 6 167929 6 168533 5 169137 3
cb4df20a83b2f38b394c67f1d9d4aef29f9794d5345da3576318374ec3a11490,403093 8 403695 11 404297 13 404900 13 405502 14 406105 14 406708 15 407311 15 407915 14 408519 12 409123 3
cb4df20a83b2f38b394c67f1d9d4aef29f9794d5345da3576318374ec3a11490,210703 5 211305 8 211908 10 212511 11 213114 12 213718 11 214321 11 214925 10 215528 10 216131 10 216734 10 217337 10 217940 10 218544 10 219149 8 219753 7 220357 6 220962 3
cb4df20a83b2f38b394c67f1d9d4aef29f9794d5345da3576318374ec3a11490,101639 4 102241 6 102844 8 103447 9 104050 10 104653 11 105256 12 105859 13 106463 12 107067 12 107670 12 108273 12 108876 12 109480 11 110083 10 110687 8 111291 6 111895 4
cb4df20a83b2f38b394c67f1d9d4aef29f9794d5345da3576318374ec3a11490,211927 6 212529 9 213131 11 213734 11 214337 11 214941 9 215544 8 216147 8 216750 8 217353 7 217956 6 218559 6 219163 4
cb4df20a83b2f38b394c67f1d9d4aef29f9794d5345da3576318374ec3a11490,380149 3 380751 5 381353 6 381956 7 382559 8 383162 9 383764 11 384367 11 384970 12 385573 12 386177 11 386780 11 387384 10 387988 9 388593 6
cb4df20a83b2f38b394c67f1d9d4aef29f9794d5345da3576318374ec3a11490,246873 7 247473 11 248075 13 248678 14 249281 15 249885 14 250488 14 251092 13 251697 11 252301 10 252906 7 253510 5
cb4df20a83b2f38b394c67f1d9d4aef29f9794d5345da3576318374ec3a11490,242873 9 243475 11 244078 11 244680 12 245283 12 245885 13 246488 13 247091 13 247695 13 248298 13 248902 11 249510 5
cb4df20a83b2f38b394c67f1d9d4aef29f9794d5345da3576318374ec3a11490,372419 4 373021 6 373624 6 374227 6 374829 8 375431 12 376034 13 376637 13 377239 14 377842 14 378445 13 379048 11 379652 9 380257 6
cb4df20a83b2f38b394c67f1d9d4aef29f9794d5345da3576318374ec3a11490,390527 4 391128 7 391725 13 392328 13 392931 13 393536 10 394140 8 394745 5 395350 1
cb4df20a83b2f38b394c67f1d9d4aef29f9794d5345da3576318374ec3a11490,276416 7 277016 11 277614 16 278216 17 278818 18 279421 18 280024 18 280627 18 281230 18 281834 17 282437 17 283040 17 283644 16 284247 15 284851 12 285456 6
cb4df20a83b2f38b394c67f1d9d4aef29f9794d5345da3576318374ec3a11490,122177 3 122778 5 123380 7 123982 8 124585 9 125188 10 125792 9 126395 9 126999 8 127602 7 128206 6 128810 4
cb4df20a83b2f38b394c67f1d9d4aef29f9794d5345da3576318374ec3a11490,303738 8 304336 14 304938 16 305541 16 306144 16 306748 15 307351 14 307955 12 308560 9 309164 7
cb4df20a83b2f38b394c67f1d9d4aef29f9794d5345da3576318374ec3a11490,285032 5 285634 7 286236 8 286839 9 287442 10 288045 11 288649 10 289252 10 289856 8
cb4df20a83b2f38b394c67f1d9d4aef29f9794d5345da3576318374ec3a11490,315228 6 315830 8 316433 8 317036 8 317640 6 318243 6 318847 4
cb4df20a83b2f38b394c67f1d9d4aef29f9794d5345da3576318374ec3a11490,391657 9 392259 11 392862 12 393465 13 394069 12 394673 11 395278 10 395882 8 396487 5
cb4df20a83b2f38b394c67f1d9d4aef29f9794d5345da3576318374ec3a11490,360951 3 361552 6 362151 10 362752 12 363354 13 363957 13 364560 13 365163 13 365766 14 366370 13 366978 8 367584 4
cb4df20a83b2f38b394c67f1d9d4aef29f9794d5345da3576318374ec3a11490,271616 6 272218 8 272821 10 273424 11 274027 12 274630 12 275234 11 275839 9 276443 7 277047 6 277650 5 278254 3
cb4df20a83b2f38b394c67f1d9d4aef29f9794d5345da3576318374ec3a11490,382011 6 382612 9 383214 11 383815 14 384417 16 385020 17 385623 17 386226 17 386830 15 387433 13 388037 4
cb4df20a83b2f38b394c67f1d9d4aef29f9794d5345da3576318374ec3a11490,391141 7 391743 9 392346 9 392949 9 393552 9 394156 7 394760 4
cb4df20a83b2f38b394c67f1d9d4aef29f9794d5345da3576318374ec3a11490,222978 8 223579 11 224182 12 224784 13 225387 13 225990 13 226593 12 227196 11 227800 9 228404 7 229009 2
cb4df20a83b2f38b394c67f1d9d4aef29f9794d5345da3576318374ec3a11490,197646 4 198243 12 198844 15 199446 17 200048 18 200650 20 201253 20 201856 20 202460 18 203063 17 203667 15 204271 12 204881 3
cb4df20a83b2f38b394c67f1d9d4aef29f9794d5345da3576318374ec3a11490,376537 9 377139 13 377741 15 378344 15 378947 15 379551 14 380156 11 380760 8 381364 5
cb4df20a83b2f38b394c67f1d9d4aef29f9794d5345da3576318374ec3a11490,337511 6 338113 8 338710 14 339313 15 339916 15 340519 15 341123 14 341726 14 342329 13 342933 12 343537 10 344143 3
cb4df20a83b2f38b394c67f1d9d4aef29f9794d5345da3576318374ec3a11490,210689 7 211289 11 211891 12 212494 13 213097 14 213700 15 214304 15 214908 14 215511 14 216115 14 216719 13 217323 12 217929 8
cb4df20a83b2f38b394c67f1d9d4aef29f9794d5345da3576318374ec3a11490,169097 3 169698 7 170300 9 170903 10 171506 11 172109 12 172712 12 173315 12 173918 12 174523 10
cb4df20a83b2f38b394c67f1d9d4aef29f9794d5345da3576318374ec3a11490,232620 4 233223 7 233823 11 234423 14 235025 16 235628 16 236231 16 236835 15 237440 14 238045 12 238649 11 239255 7
cb4df20a83b2f38b394c67f1d9d4aef29f9794d5345da3576318374ec3a11490,309574 3 310173 8 310775 9 311378 9 311981 10 312584 9 313188 5
cb4df20a83b2f38b394c67f1d9d4aef29f9794d5345da3576318374ec3a11490,99264 6 99866 10 100468 12 101071 13 101674 14 102277 15 102880 15 103483 15 104086 15 104689 15 105292 15 105896 14 106500 12 107104 10 107708 9 108312 8 108917 5
cb4df20a83b2f38b394c67f1d9d4aef29f9794d5345da3576318374ec3a11490,128862 4 129464 6 130066 8 130669 9 131271 11 131873 12 132476 12 133078 14 133681 14 134284 14 134887 14 135490 14 136093 14 136696 15 137300 14 137903 14 138507 12 139111 10 139714 8 140318 6
cb4df20a83b2f38b394c67f1d9d4aef29f9794d5345da3576318374ec3a11490,139015 1 139617 3 140219 7 140822 8 141425 8 142028 8 142631 8 143235 7 143838 7 144442 7 145046 6 145650 5 146254 4
cb4df20a83b2f38b394c67f1d9d4aef29f9794d5345da3576318374ec3a11490,352392 3 352991 8 353593 10 354195 11 354797 12 355400 11 356003 11 356606 10 357210 8 357813 7
cb4df20a83b2f38b394c67f1d9d4aef29f9794d5345da3576318374ec3a11490,125710 6 126312 8 126915 9 127517 11 128120 12 128723 13 129326 13 129930 12 130533 12 131137 11 131742 9 132346 8 132950 6 133554 4
cb4df20a83b2f38b394c67f1d9d4aef29f9794d5345da3576318374ec3a11490,114865 2 115466 6 116066 11 116668 13 117271 13 117874 13 118477 13 119080 14 119684 13 120287 13 120891 12 121495 12 122099 11 122704 9 123308 8 123913 5
cb4df20a83b2f38b394c67f1d9d4aef29f9794d5345da3576318374ec3a11490,363925 4 364526 8 365128 10 365730 12 366332 13 366934 14 367536 14 368138 9 368741 8 369344 7 369948 4
cb4df20a83b2f38b394c67f1d9d4aef29f9794d5345da3576318374ec3a11490,178742 8 179344 13 179947 16 180550 20 181153 21 181757 20 182361 19 182965 18 183569 16 184172 15 184776 11 185380 8 185984 5
cb4df20a83b2f38b394c67f1d9d4aef29f9794d5345da3576318374ec3a11490,125814 2 126416 4 127018 6 127620 7 128222 8 128825 8 129428 8 130031 8 130634 8 131238 7 131843 5 132447 4 133051 3 133655 1
cb4df20a83b2f38b394c67f1d9d4aef29f9794d5345da3576318374ec3a11490,367484 3 368086 5 368687 8 369289 9 369891 10 370494 10 371097 10 371701 9 372304 9 372908 7 373512 6 374116 4
cb4df20a83b2f38b394c67f1d9d4aef29f9794d5345da3576318374ec3a11490,291464 4 292066 7 292669 8 293272 8 293874 9 294477 9 295080 9 295684 7 296290 3
cb4df20a83b2f38b394c67f1d9d4aef29f9794d5345da3576318374ec3a11490,368838 6 369440 8 370041 11 370644 11 371247 11 371850 11 372454 10 373058 8 373661 8 374264 7 374868 4
cb4df20a83b2f38b394c67f1d9d4aef29f9794d5345da3576318374ec3a11490,110783 5 111384 8 111986 9 112588 10 113191 10 113793 11 114396 11 114999 11 115602 11 116206 9 116810 7 117414 3
cb4df20a83b2f38b394c67f1d9d4aef29f9794d5345da3576318374ec3a11490,242669 6 243271 8 243873 10 244476 11 245079 11 245682 11 246285 11 246888 11 247491 11 248094 11 248697 10 249300 9 249904 8 250508 7 251113 4
cb4df20a83b2f38b394c67f1d9d4aef29f9794d5345da3576318374ec3a11490,142019 2 142620 5 143222 6 143825 7 144427 8 145030 9 145633 9 146235 11 146838 11 147441 11 148043 11 148647 10 149250 9 149854 7 150458 5 151062 4
cb4df20a83b2f38b394c67f1d9d4aef29f9794d5345da3576318374ec3a11490,259141 6 259743 8 260345 10 260947 12 261549 14 262152 15 262755 15 263358 15 263961 15 264565 14 265170 12 265774 11 266377 11 266980 10 267583 9 268187 7 268792 4
cb4df20a83b2f38b394c67f1d9d4aef29f9794d5345da3576318374ec3a11490,251915 4 252517 6 253120 7 253723 7 254326 7 254929 8 255528 12 256130 14 256733 14 257336 14 257940 13 258543 13 259147 12 259751 10 260355 9 260959 7 261563 4
cb4df20a83b2f38b394c67f1d9d4aef29f9794d5345da3576318374ec3a11490,379616 9 380218 11 380820 13 381422 14 382025 14 382628 13 383232 12 383836 11 384441 9 385046 6
cb4df20a83b2f38b394c67f1d9d4aef29f9794d5345da3576318374ec3a11490,341109 6 341711 8 342312 10 342914 12 343516 13 344117 16 344720 15 345322 9 345334 3 345926 8 346529 8 347134 5
cb4df20a83b2f38b394c67f1d9d4aef29f9794d5345da3576318374ec3a11490,201844 4 202443 10 203043 14 203645 15 204248 15 204851 15 205454 14 206058 10 206665 4
cb4df20a83b2f38b394c67f1d9d4aef29f9794d5345da3576318374ec3a11490,338582 1 339184 3 339786 5 340388 7 340990 9 341591 12 342193 13 342796 13 343399 13 344003 12 344607 11 345213 8 345819 4
cb4df20a83b2f38b394c67f1d9d4aef29f9794d5345da3576318374ec3a11490,85382 5 85984 7 86586 9 87187 11 87789 12 88392 12 88995 12 89598 11 90201 11 90804 11 91407 10 92011 4
cb4df20a83b2f38b394c67f1d9d4aef29f9794d5345da3576318374ec3a11490,336140 6 336741 9 337343 10 337946 10 338548 11 339151 11 339754 11 340357 10 340960 10 341563 10 342166 10 342768 10 343372 9 343975 8 344580 6 345183 5 345787 3 346391 1
cb4df20a83b2f38b394c67f1d9d4aef29f9794d5345da3576318374ec3a11490,325991 3 326593 6 327195 8 327797 10 328399 13 329002 14 329605 14 330208 14 330812 13 331417 10 332021 8 332626 3
cb4df20a83b2f38b394c67f1d9d4aef29f9794d5345da3576318374ec3a11490,362677 3 363279 5 363881 6 364482 8 365084 9 365685 11 366287 12 366889 13 367492 13 368095 13 368698 13 369302 12 369906 11 370512 7
cb4df20a83b2f38b394c67f1d9d4aef29f9794d5345da3576318374ec3a11490,253520 5 254122 7 254725 7 255328 7 255930 8 256533 9 257135 10 257738 10 258341 10 258944 10 259547 9 260150 8 260754 6
cb4df20a83b2f38b394c67f1d9d4aef29f9794d5345da3576318374ec3a11490,411596 5 412198 8 412800 10 413402 11 414005 11 414609 10 415213 8 415817 6 416422 3
cb4df20a83b2f38b394c67f1d9d4aef29f9794d5345da3576318374ec3a11490,372356 3 372958 5 373560 6 374162 7 374764 8 375367 8 375970 8 376572 9 377174 10 377776 11 378379 11 378981 11 379584 10 380187 9 380790 9 381394 7
cb4df20a83b2f38b394c67f1d9d4aef29f9794d5345da3576318374ec3a11490,362088 3 362689 6 363291 8 363893 9 364496 10 365099 10 365702 10 366305 10 366907 12 367509 13 368112 13 368715 12 369319 10
cb4df20a83b2f38b394c67f1d9d4aef29f9794d5345da3576318374ec3a11490,215500 6 216102 7 216705 7 217307 8 217910 8 218513 7 219116 7 219720 6
cb4df20a83b2f38b394c67f1d9d4aef29f9794d5345da3576318374ec3a11490,257120 10 257722 12 258324 13 258927 14 259530 14 260133 14 260737 13 261340 13 261944 12 262548 11 263152 9
cb4df20a83b2f38b394c67f1d9d4aef29f9794d5345da3576318374ec3a11490,153001 7 153603 9 154205 10 154807 11 155409 12 156011 12 156613 13 157215 13 157818 13 158421 12 159024 12 159628 11 160231 11 160835 10 161438 9 162041 8 162645 6 163250 3
cb4df20a83b2f38b394c67f1d9d4aef29f9794d5345da3576318374ec3a11490,246455 7 247057 9 247660 10 248263 10 248866 10 249468 11 250070 12 250673 12 251276 11 251880 8
cb4df20a83b2f38b394c67f1d9d4aef29f9794d5345da3576318374ec3a11490,326656 4 327258 9 327861 10 328463 12 329066 12 329670 11 330274 10 330878 9 331482 7 332085 6 332689 4
cb4df20a83b2f38b394c67f1d9d4aef29f9794d5345da3576318374ec3a11490,224169 5 224768 10 225370 12 225973 13 226576 13 227179 13 227783 13 228386 13 228989 13 229592 13 230195 13 230798 9 231401 8
cb4df20a83b2f38b394c67f1d9d4aef29f9794d5345da3576318374ec3a11490,154016 3 154618 5 155220 6 155822 7 156424 8 157027 7 157630 6 158233 3
cb4df20a83b2f38b394c67f1d9d4aef29f9794d5345da3576318374ec3a11490,164895 8 165495 12 166093 18 166695 19 167298 19 167901 19 168504 18 169108 16 169713 12 170317 10 170921 9 171525 7
cb4df20a83b2f38b394c67f1d9d4aef29f9794d5345da3576318374ec3a11490,321783 5 322386 7 322989 8 323592 9 324195 9 324798 10 325400 11 326003 11 326606 11 327210 9 327814 7 328421 2
cb4df20a83b2f38b394c67f1d9d4aef29f9794d5345da3576318374ec3a11490,164440 5 165042 7 165645 8 166247 9 166850 9 167453 9 168056 9 168660 8 169266 4
cb4df20a83b2f38b394c67f1d9d4aef29f9794d5345da3576318374ec3a11490,234813 8 235415 10 236018 11 236621 13 237224 14 237827 14 238430 14 239034 13 239638 12 240241 12 240845 10 241449 8 242052 7 242655 6 243259 3
cb4df20a83b2f38b394c67f1d9d4aef29f9794d5345da3576318374ec3a11490,368813 5 369415 8 370017 10 370620 11 371223 11 371826 11 372429 11 373033 10 373637 9 374240 9 374844 8 375448 7 376052 6 376656 4
cb4df20a83b2f38b394c67f1d9d4aef29f9794d5345da3576318374ec3a11490,142140 4 142739 9 143341 11 143943 13 144545 14 145148 15 145750 15 146353 15 146955 15 147558 15 148161 14 148764 14 149367 13 149972 9 150576 7 151182 3
cb4df20a83b2f38b394c67f1d9d4aef29f9794d5345da3576318374ec3a11490,308995 9 309596 12 310197 15 310799 16 311402 16 312005 17 312608 17 313211 17 313815 16 314419 15 315022 14 315626 8
cb4df20a83b2f38b394c67f1d9d4aef29f9794d5345da3576318374ec3a11490,111334 3 111936 5 112539 6 113142 7 113745 8 114348 8 114951 8 115554 8 116157 9 116760 9 117362 9 117965 9 118568 9 119170 10 119773 10 120376 9 120980 8 121584 6
cb4df20a83b2f38b394c67f1d9d4aef29f9794d5345da3576318374ec3a11490,412747 4 413349 6 413951 7 414554 7 415156 8 415759 8 416362 8 416965 8 417569 6 418173 4
cb4df20a83b2f38b394c67f1d9d4aef29f9794d5345da3576318374ec3a11490,344631 1 345231 7 345833 9 346436 8 347039 8 347643 6 348247 5 348852 2
cb4df20a83b2f38b394c67f1d9d4aef29f9794d5345da3576318374ec3a11490,345293 4 345895 7 346498 8 347101 9 347704 9 348307 9 348910 8 349513 7 350117 6 350721 4
cb4df20a83b2f38b394c67f1d9d4aef29f9794d5345da3576318374ec3a11490,200455 6 201057 8 201659 10 202262 11 202865 12 203468 13 204071 13 204674 14 205278 13 205883 11 206487 10 207090 10 207694 9 208299 6 208904 3
cb4df20a83b2f38b394c67f1d9d4aef29f9794d5345da3576318374ec3a11490,331283 11 331884 13 332486 14 333089 15 333692 16 334296 14 334311 1 334900 12 335503 12 336105 13 336709 11 337313 2 337318 2
cb4df20a83b2f38b394c67f1d9d4aef29f9794d5345da3576318374ec3a11490,395867 4 396469 10 397072 11 397675 11 398278 11 398882 10 399486 10 400090 10 400694 10 401298 9 401902 8 402507 6 403112 4
cb4df20a83b2f38b394c67f1d9d4aef29f9794d5345da3576318374ec3a11490,166293 4 166893 9 167495 12 168098 13 168700 14 169303 14 169906 13 170509 12 171113 11 171717 9 172321 5
cb4df20a83b2f38b394c67f1d9d4aef29f9794d5345da3576318374ec3a11490,295915 5 296517 7 297119 9 297720 12 298320 15 298922 16 299525 16 300128 16 300732 15 301336 14 301941 12 302551 4
cb4df20a83b2f38b394c67f1d9d4aef29f9794d5345da3576318374ec3a11490,168076 2 168678 4 169280 8 169883 12 170485 14 171088 14 171690 15 172292 15 172894 16 173497 16 174100 15 174703 13 175306 12 175909 11 176513 9
cb4df20a83b2f38b394c67f1d9d4aef29f9794d5345da3576318374ec3a11490,176320 4 176922 6 177524 7 178127 7 178730 7 179333 6 179937 3
cb4df20a83b2f38b394c67f1d9d4aef29f9794d5345da3576318374ec3a11490,342894 5 343496 7 344099 9 344701 11 345304 12 345907 13 346511 13 347117 10 347721 9 348324 8 348927 6 349531 4
cb4df20a83b2f38b394c67f1d9d4aef29f9794d5345da3576318374ec3a11490,401872 3 402474 5 403076 7 403679 7 404282 7 404885 7 405489 5
cb4df20a83b2f38b394c67f1d9d4aef29f9794d5345da3576318374ec3a11490,187990 5 188591 8 189193 9 189795 10 190397 12 191000 12 191602 13 192205 13 192807 14 193409 15 194011 14 194614 13 195217 12 195820 11 196423 9 197026 8 197630 5
cb4df20a83b2f38b394c67f1d9d4aef29f9794d5345da3576318374ec3a11490,239214 2 239814 5 240416 6 241019 6 241623 5 242226 6 242830 5 243435 2
