cbff60361ded0570e5d50429a1aa51d81471819bc9b38359f03cfef76de0038c,28608 7 28863 10 29118 12 29373 14 29628 16 29884 17 30140 17 30396 18 30652 18 30908 18 31164 18 31421 17 31678 16 31936 14 32193 13 32451 10 32710 7 32967 5
cbff60361ded0570e5d50429a1aa51d81471819bc9b38359f03cfef76de0038c,44069 6 44324 9 44579 11 44835 12 45090 14 45346 14 45602 15 45858 16 46114 16 46370 16 46626 17 46882 17 47138 17 47394 18 47650 18 47906 18 48162 18 48418 19 48674 19 48930 19 49186 19 49442 19 49698 20 49954 20 50211 19 50467 19 50724 18 50980 18 51237 17 51494 15 51752 11
cbff60361ded0570e5d50429a1aa51d81471819bc9b38359f03cfef76de0038c,78840 6 79095 9 79350 11 79605 12 79860 13 80116 13 80371 14 80627 14 80883 14 81139 14 81395 14 81651 14 81907 14
cbff60361ded0570e5d50429a1aa51d81471819bc9b38359f03cfef76de0038c,68861 4 69116 5 69371 6 69626 7 69881 8 70137 8 70393 8 70649 8 70906 7 71163 6 71420 5 71677 4
cbff60361ded0570e5d50429a1aa51d81471819bc9b38359f03cfef76de0038c,79511 3 79766 5 80021 7 80277 7 80533 7 80788 8 81044 8 81300 8 81556 9 81812 9
cbff60361ded0570e5d50429a1aa51d81471819bc9b38359f03cfef76de0038c,78552 7 78807 9 79062 10 79317 11 79573 11 79829 11 80085 11 80342 9 80599 7
cbff60361ded0570e5d50429a1aa51d81471819bc9b38359f03cfef76de0038c,206 8 462 8 717 9 973 9 1229 9 1484 10 1740 10 1996 9 2252 8 2508 5 2764 4 3020 3
cbff60361ded0570e5d50429a1aa51d81471819bc9b38359f03cfef76de0038c,77350 4 77603 10 77857 14 78112 16 78367 17 78623 18 78879 18 79136 17 79392 17 79649 16 79906 14 80164 12 80423 8 80680 6
cbff60361ded0570e5d50429a1aa51d81471819bc9b38359f03cfef76de0038c,54074 7 54326 12 54581 14 54835 17 55090 18 55345 19 55601 19 55856 21 56112 21 56368 21 56624 21 56880 21 57136 21 57393 20 57649 20 57906 20 58162 20 58418 21 58675 20 58931 20 59188 19 59444 19 59701 18 59958 17 60214 17 60471 16 60728 15 60985 14 61242 12 61501 8
cbff60361ded0570e5d50429a1aa51d81471819bc9b38359f03cfef76de0038c,54860 8 55114 11 55369 13 55624 15 55880 15 56136 15 56392 15 56648 15 56904 15 57160 14 57417 13 57674 12 57931 10
cbff60361ded0570e5d50429a1aa51d81471819bc9b38359f03cfef76de0038c,37473 2 37728 4 37983 6 38238 8 38493 9 38747 11 39002 12 39257 13 39513 13 39769 14 40025 14 40281 14 40537 14 40794 13 41050 12 41307 10 41563 9 41820 7 42077 5
cbff60361ded0570e5d50429a1aa51d81471819bc9b38359f03cfef76de0038c,62496 13 62750 16 63005 17 63260 19 63515 20 63770 22 64026 22 64282 21 64538 21 64794 20 65050 20 65307 18 65565 15 65822 13 66080 10 66339 6
cbff60361ded0570e5d50429a1aa51d81471819bc9b38359f03cfef76de0038c,74361 6 74613 16 74868 19 75123 23 75379 24 75635 24 75891 25 76147 25 76404 24 76661 23 76918 21 77176 17 77435 13 77693 9
cbff60361ded0570e5d50429a1aa51d81471819bc9b38359f03cfef76de0038c,81358 8 81613 12 81868 14
cbff60361ded0570e5d50429a1aa51d81471819bc9b38359f03cfef76de0038c,54875 3 55130 5 55386 5 55641 6 55897 6 56153 6 56409 6 56665 6 56921 5 57177 4 57432 4 57688 4 57945 2
cbff60361ded0570e5d50429a1aa51d81471819bc9b38359f03cfef76de0038c,5086 7 5340 10 5593 14 5848 16 6103 18 6359 19 6614 21 6869 23 7124 24 7380 24 7636 24 7892 24 8148 24 8404 24 8661 23 8917 23 9173 23 9429 23 9686 21 9943 19
cbff60361ded0570e5d50429a1aa51d81471819bc9b38359f03cfef76de0038c,1562 2 1817 4 2073 4 2328 5 2583 6 2839 6 3094 7 3350 6 3605 7 3861 6 4116 7 4372 7 4627 7 4883 7 5139 6 5394 7 5649 8 5905 8 6161 7 6416 8 6672 7 6928 7 7184 7 7440 7 7696 7 7952 6 8208 6 8464 6 8720 6 8976 6 9232 6 9488 6 9744 5 10000 5 10256 4 10513 2
cbff60361ded0570e5d50429a1aa51d81471819bc9b38359f03cfef76de0038c,69248 2 69503 4 69759 5 70015 6 70271 7 70527 9 70783 10 71039 10 71295 10 71551 10 71808 9 72064 9 72320 9 72577 8 72833 8 73089 8 73346 7 73603 6 73860 4
cbff60361ded0570e5d50429a1aa51d81471819bc9b38359f03cfef76de0038c,37009 6 37264 8 37519 9 37774 10 38030 10 38285 11 38541 11 38797 11 39052 12 39308 12 39563 13 39818 13 40074 13 40330 12 40586 12 40842 12 41098 11 41353 12 41609 12 41865 12 42121 11 42377 10 42633 9 42889 9 43146 7 43403 5
cbff60361ded0570e5d50429a1aa51d81471819bc9b38359f03cfef76de0038c,74740 5 74995 7 75250 9 75505 10 75759 11 76014 12 76269 12 76524 12 76780 12 77036 11 77291 11 77546 12 77801 12 78057 11 78313 10 78568 11 78824 10 79080 9 79336 8 79592 7 79848 7 80104 6 80360 5 80616 4 80873 2
cbff60361ded0570e5d50429a1aa51d81471819bc9b38359f03cfef76de0038c,33874 10 34129 12 34383 16 34638 18 34894 18 35149 20 35405 20 35661 21 35917 21 36173 21 36429 21 36685 21 36941 20 37197 20 37453 20 37709 19 37966 17 38223 15 38483 10
cbff60361ded0570e5d50429a1aa51d81471819bc9b38359f03cfef76de0038c,55701 5 55956 8 56212 9 56468 10 56723 12 56978 14 57234 15 57490 16 57746 16 58002 17 58258 17 58514 17 58770 17 59026 18 59282 18 59538 18 59794 18 60051 17 60307 17 60564 15 60820 15 61076 15 61332 15 61589 13 61847 9
cbff60361ded0570e5d50429a1aa51d81471819bc9b38359f03cfef76de0038c,1 7 257 7 513 7 769 7 1025 7 1281 7 1537 7 1793 6 2049 6 2305 5 2561 5 2817 5 3073 4 3329 3 3585 3 3841 2 4097 1
cbff60361ded0570e5d50429a1aa51d81471819bc9b38359f03cfef76de0038c,3773 3 4028 5 4284 5 4540 5 4796 5 5051 6 5307 6 5562 7 5818 7 6074 7 6329 8 6585 8 6841 8 7097 8 7352 9 7607 10 7863 10 8119 9 8375 9 8631 9 8887 9 9143 8 9399 7 9655 7 9911 7 10167 6 10423 5 10679 5 10936 4 11193 2
cbff60361ded0570e5d50429a1aa51d81471819bc9b38359f03cfef76de0038c,61408 2 61661 9 61916 11 62171 12 62426 14 62682 14 62938 14 63194 15 63450 15 63706 15 63962 15 64218 15 64474 15 64731 14 64987 13 65243 12 65500 10 65758 6
cbff60361ded0570e5d50429a1aa51d81471819bc9b38359f03cfef76de0038c,23476 3 23730 6 23985 7 24241 7 24497 7 24753 7 25009 6 25265 6 25521 6 25777 5 26034 3
cbff60361ded0570e5d50429a1aa51d81471819bc9b38359f03cfef76de0038c,77504 4 77758 9 78011 13 78266 15 78521 17 78777 18 79032 19 79288 20 79543 22 79799 22 80055 22 80311 22 80567 23 80823 23 81079 23 81336 22 81592 21 81849 19
cbff60361ded0570e5d50429a1aa51d81471819bc9b38359f03cfef76de0038c,26748 7 27001 11 27255 14 27510 16 27765 17 28021 17 28277 17 28533 16 28789 16 29045 16 29302 14 29559 12 29816 10 30073 8 30332 4
cbff60361ded0570e5d50429a1aa51d81471819bc9b38359f03cfef76de0038c,28938 2 29193 4 29449 4 29705 4 29961 4 30217 4 30472 5 30728 5 30984 5 31240 5 31496 5 31752 5 32008 6 32264 6 32520 6 32776 6 33032 6 33288 6 33544 6 33800 6 34056 6 34312 6 34568 6 34824 6 35080 6 35336 6 35593 5 35850 4 36107 2
cbff60361ded0570e5d50429a1aa51d81471819bc9b38359f03cfef76de0038c,69377 8 69633 13 69889 14 70145 14 70401 15 70657 15 70913 16 71169 16 71425 17 71681 17 71937 18 72193 19 72449 19 72705 19 72961 19 73217 20 73473 20 73729 20 73985 20 74241 20 74497 20 74753 20 75010 18 75268 16 75525 15 75782 13 76039 10 76299 5
cbff60361ded0570e5d50429a1aa51d81471819bc9b38359f03cfef76de0038c,78721 4 78976 7 79231 9 79486 10 79741 12 79997 13 80252 14 80507 16 80763 16 81018 17 81274 17 81530 17 81786 18
cbff60361ded0570e5d50429a1aa51d81471819bc9b38359f03cfef76de0038c,12718 2 12973 4 13229 6 13486 5 13742 5 13998 5 14254 5 14510 5 14766 5 15022 5 15278 4 15534 4 15789 5 16045 5 16301 5 16557 5 16813 5 17069 5 17324 6 17580 6 17836 6 18092 6 18348 6 18603 7 18859 7 19114 8 19370 7 19626 7 19882 7 20138 7 20393 8 20649 8 20905 8 21161 8 21417 8 21673 8 21929 8 22185 8 22441 8 22697 7 22953 7 23209 7 23465 7 23721 7 23977 7 24233 7 24489 6 24745 6 25001 6 25257 6 25513 6 25769 5 26025 5 26281 5 26537 4 26794 2
cbff60361ded0570e5d50429a1aa51d81471819bc9b38359f03cfef76de0038c,1750 4 2005 6 2260 7 2513 10 2768 11 3023 12 3275 16 3529 17 3784 17 4039 18 4295 17 4551 16 4807 15 5063 14 5319 13 5575 12 5832 9 6089 7 6346 5
cbff60361ded0570e5d50429a1aa51d81471819bc9b38359f03cfef76de0038c,27735 8 27990 10 28246 11 28502 12 28758 13 29014 14 29270 14 29526 14 29783 14 30039 14 30296 13 30553 11 30809 11 31066 10 31323 8 31579 7 31836 5
cbff60361ded0570e5d50429a1aa51d81471819bc9b38359f03cfef76de0038c,5161 5 5415 9 5670 12 5926 13 6181 14 6437 14 6693 14 6949 14 7205 14 7461 14 7717 14 7973 14 8228 15 8484 14 8740 14 8996 13 9252 13 9508 13 9764 12 10021 10 10278 9 10535 7 10791 7 11048 6 11305 4
cbff60361ded0570e5d50429a1aa51d81471819bc9b38359f03cfef76de0038c,29729 6 29984 10 30239 12 30494 14 30749 15 31004 17 31260 18 31516 18 31772 18 32027 19 32283 19 32539 19 32795 19 33051 19 33307 19 33563 19 33819 19 34075 19 34331 20 34588 19 34844 19 35100 19 35357 18 35613 18 35870 16 36126 16 36383 14 36640 12 36899 6
cbff60361ded0570e5d50429a1aa51d81471819bc9b38359f03cfef76de0038c,10987 7 11242 9 11497 10 11753 11 12009 12 12264 13 12520 13 12776 13 13032 13 13288 13 13545 12 13801 12 14058 11 14315 9 14572 7 14829 5
cbff60361ded0570e5d50429a1aa51d81471819bc9b38359f03cfef76de0038c,53391 3 53646 6 53902 8 54158 9 54413 11 54669 11 54925 12 55181 12 55437 12 55693 8 55949 7 56205 7 56461 7 56717 6 56974 4 57231 2
cbff60361ded0570e5d50429a1aa51d81471819bc9b38359f03cfef76de0038c,72148 12 72401 17 72656 19 72911 20 73167 21 73423 21 73679 21 73935 21 74191 21 74447 21 74703 21 74960 20 75217 19 75474 18 75731 16 75988 14 76245 12 76501 9 76758 7
cbff60361ded0570e5d50429a1aa51d81471819bc9b38359f03cfef76de0038c,7349 1 7604 3 7860 3 8115 4 8370 5 8626 5 8882 5 9137 6 9393 6 9649 6 9905 6 10161 6 10417 6 10672 7 10928 6 11183 7 11439 7 11695 7 11951 7 12207 7 12463 6 12720 5 12977 3
cbff60361ded0570e5d50429a1aa51d81471819bc9b38359f03cfef76de0038c,14500 2 14755 4 15011 4 15266 4 15521 5 15777 4 16032 4 16288 4 16543 4 16799 4 17054 4 17310 4 17566 4 17822 3 18077 4 18332 4 18587 4 18843 4 19098 4 19354 3 19610 3 19866 3 20123 2
cbff60361ded0570e5d50429a1aa51d81471819bc9b38359f03cfef76de0038c,40193 1 40449 2 40705 2 40961 2 41217 2 41473 2 41729 2 41985 2 42241 2 42497 2 42753 2 43009 2 43265 2 43521 2 43777 2 44033 2 44289 2 44545 2 44801 2 45057 2 45313 2 45569 1 45825 1 46081 1 46337 1 46593 1
cbff60361ded0570e5d50429a1aa51d81471819bc9b38359f03cfef76de0038c,64342 1 64597 3 64853 4 65109 5 65365 5 65621 5 65877 6 66133 6 66389 7 66645 7 66901 7 67157 7 67413 7 67669 7 67924 7 68180 7 68436 6 68692 5 68948 4 69204 4 69461 2
cbff60361ded0570e5d50429a1aa51d81471819bc9b38359f03cfef76de0038c,25568 7 25823 9 26078 11 26333 12 26588 13 26844 13 27100 12 27355 12 27611 11 27867 11 28122 11 28378 10 28634 9 28890 9 29146 8 29402 7 29658 6 29914 6 30170 5 30426 5 30682 5 30939 3
cbff60361ded0570e5d50429a1aa51d81471819bc9b38359f03cfef76de0038c,17919 2 18174 3 18430 3 18686 3 18942 3 19198 3 19454 3 19710 3 19966 3 20223 2
cbff60361ded0570e5d50429a1aa51d81471819bc9b38359f03cfef76de0038c,20021 8 20275 12 20530 13 20785 14 21040 16 21296 16 21551 17 21807 17 22063 18 22319 18 22575 19 22831 20 23087 20 23343 20 23600 19 23856 19 24112 19 24368 18 24625 16 24882 14 25140 11 25398 8
cbff60361ded0570e5d50429a1aa51d81471819bc9b38359f03cfef76de0038c,32187 4 32441 10 32696 14 32951 16 33207 16 33463 16 33719 16 33975 17 34232 16 34488 16 34744 16 35001 15 35258 14 35514 14 35771 13 36028 12 36286 9 36543 5 36800 3
cbff60361ded0570e5d50429a1aa51d81471819bc9b38359f03cfef76de0038c,79454 4 79709 6 79965 7 80220 8 80476 8 80732 8 80988 8 81244 8 81499 9 81755 9
cbff60361ded0570e5d50429a1aa51d81471819bc9b38359f03cfef76de0038c,52997 5 53252 9 53508 10 53764 11 54020 11 54276 11 54532 12 54788 12 55044 12 55304 7 55561 6 55817 5
cbff60361ded0570e5d50429a1aa51d81471819bc9b38359f03cfef76de0038c,55300 4 55556 5 55812 5 56068 6 56324 6 56580 7 56836 7 57091 9 57346 10 57602 10 57858 11 58113 13 58369 13 58625 13 58881 14 59137 14 59393 14 59649 14 59906 13 60162 13 60418 13 60675 12 60933 10 61191 8 61449 5
cbff60361ded0570e5d50429a1aa51d81471819bc9b38359f03cfef76de0038c,19870 3 20125 5 20381 5 20637 5 20893 5 21148 6 21404 6 21659 6 21915 5 22170 6 22425 7 22681 6 22936 7 23191 8 23447 8 23702 9 23957 9 24213 9 24469 8 24724 9 24980 8 25236 7 25491 8 25747 8 26003 8 26259 7 26515 6 26771 6 27028 5 27285 3
cbff60361ded0570e5d50429a1aa51d81471819bc9b38359f03cfef76de0038c,1300 2 1555 4 1810 5 2065 6 2321 6 2576 7 2831 8 3087 7 3342 8 3597 8 3852 9 4108 8 4363 9 4618 9 4874 9 5130 9 5385 9 5641 8 5897 8 6153 8 6409 7 6665 7 6921 6 7177 5 7433 4 7688 5 7944 4 8200 4 8457 2
cbff60361ded0570e5d50429a1aa51d81471819bc9b38359f03cfef76de0038c,31134 11 31387 15 31642 16 31898 17 32153 18 32409 18 32665 18 32921 18 33178 17 33435 15
cbff60361ded0570e5d50429a1aa51d81471819bc9b38359f03cfef76de0038c,18422 3 18676 6 18931 8 19186 9 19441 10 19697 11 19953 11 20209 11 20466 11 20723 10 20979 11 21236 10 21493 9 21750 8 22006 8 22263 7 22520 7 22776 8 23033 7 23289 7 23546 6 23802 6 24059 4
cbff60361ded0570e5d50429a1aa51d81471819bc9b38359f03cfef76de0038c,6787 5 7040 9 7295 11 7550 12 7805 14 8060 16 8315 17 8571 17 8827 17 9083 17 9339 17 9595 17 9851 16 10108 15 10365 14 10622 12 10879 8 11136 5
cbff60361ded0570e5d50429a1aa51d81471819bc9b38359f03cfef76de0038c,17443 8 17698 10 17952 13 18207 15 18463 16 18719 16 18974 17 19229 18 19485 18 19740 19 19996 19 20252 19 20508 19 20764 19 21019 20 21275 19 21531 19 21787 19 22043 18 22299 17 22556 14 22813 11 23070 9
cbff60361ded0570e5d50429a1aa51d81471819bc9b38359f03cfef76de0038c,78 28 334 28 592 26 849 25 1106 23 1363 21 1619 20 1875 19 2131 17 2387 15 2643 12 2898 12 3153 12 3409 10 3665 9 3922 7 4181 3
cbff60361ded0570e5d50429a1aa51d81471819bc9b38359f03cfef76de0038c,587 5 840 9 1094 12 1349 14 1604 15 1859 16 2115 16 2371 16 2627 16 2883 15 3140 11 3397 6 3655 2
cbff60361ded0570e5d50429a1aa51d81471819bc9b38359f03cfef76de0038c,61856 5 62110 10 62365 12 62620 14 62875 16 63130 17 63385 18 63640 20 63896 20 64152 20 64408 20 64664 20 64920 20 65176 20 65432 20 65689 19 65946 18 66210 10 66471 4
cbff60361ded0570e5d50429a1aa51d81471819bc9b38359f03cfef76de0038c,9760 3 10015 5 10271 5 10526 7 10781 8 11037 8 11292 9 11548 9 11804 9 12060 9 12315 10 12571 10 12827 10 13083 10 13339 9 13595 8 13851 7 14107 6 14363 6 14619 5 14875 4 15132 2
cbff60361ded0570e5d50429a1aa51d81471819bc9b38359f03cfef76de0038c,26145 6 26398 12 26653 16 26908 18 27164 18 27419 20 27675 20 27931 21 28187 21 28443 21 28699 21 28955 21 29211 21 29467 20 29723 6 29735 8 29979 5 29994 5 30235 4 30251 3 30492 2
cbff60361ded0570e5d50429a1aa51d81471819bc9b38359f03cfef76de0038c,14917 5 15172 7 15427 8 15683 8 15938 10 16193 11 16449 11 16704 12 16960 12 17216 12 17472 12 17728 12 17984 13 18240 13 18496 13 18751 15 19007 15 19263 15 19519 15 19775 16 20031 16 20287 16 20543 16 20799 17 21056 16 21312 16 21568 16 21824 16 22081 15 22337 16 22594 15 22851 14 23107 14 23364 12 23621 11 23878 10 24136 7 24395 3
cbff60361ded0570e5d50429a1aa51d81471819bc9b38359f03cfef76de0038c,37621 2 37872 10 38126 13 38381 15 38636 17 38890 20 39144 22 39399 23 39655 23 39911 23 40167 22 40423 22 40679 21 40935 21 41191 20 41448 18 41705 16 41962 14 42220 11
cbff60361ded0570e5d50429a1aa51d81471819bc9b38359f03cfef76de0038c,4615 2 4870 4 5125 5 5378 7 5633 8 5889 8 6145 8 6401 8 6657 8 6913 8 7169 7 7425 6 7681 6 7937 6 8193 5 8449 5 8705 5 8961 4 9217 3 9473 3 9729 3 9985 2 10241 1
cbff60361ded0570e5d50429a1aa51d81471819bc9b38359f03cfef76de0038c,41073 2 41328 4 41584 4 41840 4 42095 5 42351 5 42607 5 42863 5 43119 4 43376 2
cbff60361ded0570e5d50429a1aa51d81471819bc9b38359f03cfef76de0038c,71020 5 71269 15 71524 18 71779 22 72035 24 72290 26 72545 28 72801 28 73057 28 73312 29 73568 28 73824 26 74080 24 74337 22 74593 20 74850 18 75108 15 75365 13 75623 10 75884 3
cbff60361ded0570e5d50429a1aa51d81471819bc9b38359f03cfef76de0038c,78393 4 78648 6 78904 7 79160 8 79416 8 79672 8 79929 7 80185 7 80442 5 80699 4
cbff60361ded0570e5d50429a1aa51d81471819bc9b38359f03cfef76de0038c,76733 3 76988 5 77241 8 77493 11 77747 11 78002 9 78257 9 78512 9 78768 9 79024 8 79281 7 79538 5 79795 4 80053 2
cbff60361ded0570e5d50429a1aa51d81471819bc9b38359f03cfef76de0038c,3253 2 3508 4 3763 5 4019 5 4275 5 4531 4 4786 5 5042 5 5297 5 5553 5 5808 6 6063 7 6319 6 6574 7 6830 7 7085 8 7340 9 7596 8 7852 8 8108 7 8364 6 8620 6 8876 6 9132 5 9388 4 9643 4 9899 4 10156 2
cbff60361ded0570e5d50429a1aa51d81471819bc9b38359f03cfef76de0038c,46517 5 46772 7 47027 10 47281 14 47536 16 47791 19 48047 20 48303 21 48559 21 48815 21 49071 21 49327 21 49583 21 49839 21 50095 21 50352 20 50608 20 50865 18 51121 17 51378 15 51635 13 51893 10
cbff60361ded0570e5d50429a1aa51d81471819bc9b38359f03cfef76de0038c,43531 8 43786 11 44041 13 44297 15 44553 16 44808 18 45064 19 45320 20 45576 20 45831 22 46087 22 46343 22 46599 22 46855 22 47111 22 47367 22 47623 22 47880 21 48136 21 48393 20 48650 19 48907 17 49165 14 49423 11
cbff60361ded0570e5d50429a1aa51d81471819bc9b38359f03cfef76de0038c,36632 5 36882 13 37137 15 37392 17 37647 19 37903 19 38159 19 38415 19 38671 19 38927 19 39183 19 39439 19 39695 19 39952 17 40209 15 40467 12 40725 9
cbff60361ded0570e5d50429a1aa51d81471819bc9b38359f03cfef76de0038c,26541 5 26797 6 27053 6 27309 6 27565 5 27821 5 28077 4 28334 2
cbff60361ded0570e5d50429a1aa51d81471819bc9b38359f03cfef76de0038c,61272 4 61527 6 61783 6 62039 6 62295 6 62551 6 62807 6 63063 6 63319 6 63575 6 63831 6 64087 6 64343 6 64600 4 64857 2
cbff60361ded0570e5d50429a1aa51d81471819bc9b38359f03cfef76de0038c,242 7 498 8 754 8 1010 8 1267 7 1523 7 1779 7 2035 7 2292 6 2548 6 2804 6 3060 5 3317 3
cbff60361ded0570e5d50429a1aa51d81471819bc9b38359f03cfef76de0038c,15830 4 16083 10 16335 18 16590 20 16845 23 17100 25 17356 26 17612 26 17868 26 18124 26 18380 26 18636 26 18892 26 19149 24 19405 24 19662 23 19920 21 20177 20 20434 18 20693 14 20955 5
