cc88627344305b9a9b07f8bd042cb074c7a834c13de67ff4b24914ac68f07f6e,241233 10 241751 14 242270 16 242789 19 243308 21 243828 22 244347 23 244867 24 245387 25 245907 25 246428 25 246948 25 247469 25 247989 26 248510 25 249031 25 249552 25 250073 25 250594 24 251115 24 251635 24 252156 23 252677 22 253197 22 253718 21 254238 20 254758 20 255278 19 255798 19 256319 17 256839 16 257359 13 257879 10 258400 8 258921 7 259442 5 259963 2
cc88627344305b9a9b07f8bd042cb074c7a834c13de67ff4b24914ac68f07f6e,105321 11 105839 16 106357 20 106876 22 107395 24 107914 26 108433 28 108953 28 109472 30 109992 30 110511 32 111031 32 111551 32 112071 32 112591 32 113111 32 113632 31 114152 31 114672 31 115192 31 115712 32 116232 32 116753 31 117273 31 117793 30 118313 30 118833 29 119353 28 119874 26 120394 25 120914 24 121435 23 121956 21 122477 20 122998 18 123520 15 124041 12 124564 4
cc88627344305b9a9b07f8bd042cb074c7a834c13de67ff4b24914ac68f07f6e,259159 6 259678 9 260197 11 260716 13 261236 13 261756 14 262275 15 262795 15 263314 17 263833 19 264352 20 264871 22 265391 23 265910 24 266429 25 266948 26 267467 27 267986 28 268506 28 269025 29 269545 29 270064 30 270584 29 271104 29 271624 28 272144 28 272664 27 273184 26 273705 24 274225 23 274746 21 275267 19 275788 18 276309 16 276830 14 277351 12 277872 9
cc88627344305b9a9b07f8bd042cb074c7a834c13de67ff4b24914ac68f07f6e,393 18 913 18 1433 17 1954 15 2474 14 2995 11 3516 9
cc88627344305b9a9b07f8bd042cb074c7a834c13de67ff4b24914ac68f07f6e,329832 3 330340 17 330859 19 330880 7 331378 30 331898 31 332418 31 332938 32 333458 32 333978 33 334497 34 335017 34 335537 33 336057 33 336577 33 337098 32 337618 31 338139 29 338659 28 339180 26 339700 25 340221 23 340743 19 341264 17 341785 15 342308 9
cc88627344305b9a9b07f8bd042cb074c7a834c13de67ff4b24914ac68f07f6e,61313 3 61831 7 62349 11 62868 14 63387 16 63906 18 64425 20 64945 21 65464 23 65984 24 66504 24 67024 25 67544 25 68064 25 68583 26 69103 26 69623 27 70143 27 70663 27 71184 27 71704 27 72224 27 72745 26 73265 25 73785 25 74306 24 74826 23 75347 22 75868 20 76389 18 76910 16 77432 12 77954 8
cc88627344305b9a9b07f8bd042cb074c7a834c13de67ff4b24914ac68f07f6e,178990 5 179505 12 180023 15 180542 17 181060 20 181578 22 182097 24 182616 25 183135 26 183654 27 184174 27 184693 28 185212 28 185732 27 186251 28 186770 28 187290 27 187809 27 188328 28 188848 27 189367 27 189887 26 190407 25 190927 25 191446 25 191966 24 192486 24 193006 23 193526 22 194046 21 194566 21 195086 20 195607 17 196128 15 196650 9
cc88627344305b9a9b07f8bd042cb074c7a834c13de67ff4b24914ac68f07f6e,239463 8 239981 12 240499 15 241018 17 241537 19 242056 21 242575 23 243094 24 243613 26 244132 28 244652 28 245171 29 245691 30 246210 31 246729 32 247248 32 247767 33 248287 33 248807 32 249327 32 249846 32 250366 32 250886 31 251406 31 251926 30 252447 28 252967 28 253487 27 254008 25 254529 23 255050 21 255571 19 256094 14 256616 9
cc88627344305b9a9b07f8bd042cb074c7a834c13de67ff4b24914ac68f07f6e,223313 8 223831 11 224346 17 224864 19 225383 21 225901 23 226419 25 226937 27 227456 29 227976 29 228495 30 229015 30 229535 29 230055 29 230574 30 231094 30 231614 29 232134 29 232653 29 233172 29 233692 28 234211 28 234731 27 235251 27 235771 26 236291 25 236811 22 237332 20 237852 20 238372 19 238893 16 239414 13
cc88627344305b9a9b07f8bd042cb074c7a834c13de67ff4b24914ac68f07f6e,271030 7 271549 9 272068 11 272587 13 273107 14 273626 15 274146 16 274666 16 275186 16 275706 17 276226 17 276745 18 277265 18 277785 18 278305 18 278825 18 279345 18 279865 18 280385 18 280904 19 281424 19 281943 19 282463 19 282983 18 283503 17 284023 15 284543 14 285064 12 285585 10 286106 7
cc88627344305b9a9b07f8bd042cb074c7a834c13de67ff4b24914ac68f07f6e,209879 2 210396 14 210915 16 211434 18 211953 20 212473 21 212992 22 213512 23 214032 24 214552 27 215073 28 215593 29 216113 30 216633 31 217154 31 217674 32 218194 32 218714 32 219234 33 219754 34 220274 34 220794 34 221314 34 221834 34 222354 33 222875 17 222898 7 223395 15 223916 13 224437 11 224961 5
cc88627344305b9a9b07f8bd042cb074c7a834c13de67ff4b24914ac68f07f6e,34005 6 34522 10 35040 13 35558 16 36077 18 36595 20 37113 23 37632 24 38151 25 38670 26 39189 27 39708 27 40228 27 40747 28 41267 27 41787 27 42306 27 42826 27 43346 26 43865 27 44385 27 44905 26 45425 25 45945 24 46466 23 46986 22 47507 20 48027 20 48548 18 49069 15 49591 12 50113 8
cc88627344305b9a9b07f8bd042cb074c7a834c13de67ff4b24914ac68f07f6e,183213 2 183724 16 184241 21 184759 25 185276 29 185795 31 186313 33 186832 35 187351 36 187870 37 188389 38 188909 38 189429 38 189948 38 190468 38 190988 37 191508 36 192028 35 192548 35 193069 33 193589 32 194109 31 194629 30 195150 28 195670 27 196191 25 196713 22 197234 19 197758 12 198279 7
cc88627344305b9a9b07f8bd042cb074c7a834c13de67ff4b24914ac68f07f6e,24314 11 24832 14 25350 17 25868 20 26386 22 26904 25 27422 27 27941 28 28459 30 28978 31 29497 31 30017 31 30537 30 31056 31 31576 30 32096 29 32616 29 33136 29 33656 28 34176 27 34696 26 35217 23 35737 21 36258 17 36779 13 37301 7
cc88627344305b9a9b07f8bd042cb074c7a834c13de67ff4b24914ac68f07f6e,353755 12 354273 15 354791 20 355310 22 355829 24 356349 28 356868 31 357388 32 357908 32 358428 33 358948 33 359468 33 359988 33 360509 32 361029 32 361550 31
cc88627344305b9a9b07f8bd042cb074c7a834c13de67ff4b24914ac68f07f6e,294637 11 295156 13 295675 15 296195 16 296714 18 297234 19 297753 20 298273 21 298794 20 299314 20 299834 21 300353 22 300872 24 301391 25 301911 26 302431 26 302951 26 303471 26 303991 26 304511 26 305031 27 305551 27 306071 27 306591 27 307111 27 307630 27 308150 27 308669 28 309188 28 309707 28 310226 28 310745 28 311264 28 311784 27 312304 26 312824 26 313344 25 313865 23 314385 21 314906 14 315427 11 315950 6
cc88627344305b9a9b07f8bd042cb074c7a834c13de67ff4b24914ac68f07f6e,341613 6 342129 13 342647 16 343166 18 343685 20 344204 22 344722 25 345241 27 345757 32 346274 36 346792 39 347310 42 347829 43 348348 44 348867 45 349386 46 349905 47 350425 46 350944 47 351464 47 351983 48 352503 47 353023 47 353543 46 354063 45 354584 43 355104 42 355625 40 356145 39 356666 36 357187 31 357708 26 358229 21 358752 14 359276 3
cc88627344305b9a9b07f8bd042cb074c7a834c13de67ff4b24914ac68f07f6e,136209 4 136726 10 137245 12 137764 14 138284 15 138804 16 139323 18 139843 19 140363 19 140882 20 141401 22 141920 23 142440 24 142960 24 143479 26 143999 26 144518 27 145038 28 145557 29 146077 30 146597 30 147116 32 147636 32 148156 33 148676 33 149196 34 149716 34 150236 34 150756 35 151277 34 151797 34 152317 34 152837 34 153358 33 153879 32 154400 31 154921 30 155441 30 155962 29 156483 27 157004 26 157526 23 158047 22 158570 19 159092 16 159614 12 160137 8 160658 5
cc88627344305b9a9b07f8bd042cb074c7a834c13de67ff4b24914ac68f07f6e,86783 8 87301 13 87820 17 88339 19 88858 22 89378 23 89897 25 90417 26 90937 26 91457 27 91977 27 92497 28 93017 28 93538 27 94058 27 94579 26 95099 26 95620 25 96140 25 96661 24 97182 23 97703 21 98223 21 98743 20 99264 18 99786 15 100308 12 100829 9
cc88627344305b9a9b07f8bd042cb074c7a834c13de67ff4b24914ac68f07f6e,350 24 870 24 1391 23 1911 22 2431 22 2951 22 3471 21 3992 20 4513 18 5033 18 5554 17 6075 15 6596 14 7118 11 7639 9 8161 5
cc88627344305b9a9b07f8bd042cb074c7a834c13de67ff4b24914ac68f07f6e,78934 3 79453 8 79972 10 80491 12 81010 14 81530 14 82050 15 82569 16 83089 17 83609 17 84129 17 84649 17 85168 18 85688 19 86208 19 86728 19 87247 21 87766 22 88286 22 88805 22 89324 23 89843 24 90362 24 90881 25 91401 25 91921 25 92440 26 92960 25 93480 25 94000 25 94519 26 95039 25 95559 24 96079 23 96599 23 97119 23 97640 22 98160 21 98680 21 99201 20 99722 18 100243 16 100765 13 101288 9 101809 6
cc88627344305b9a9b07f8bd042cb074c7a834c13de67ff4b24914ac68f07f6e,315257 5 315774 12 316292 17 316811 20 317330 22 317849 24 318368 26 318887 28 319407 29 319926 31 320446 31 320966 31 321486 31 322006 31 322526 31 323046 31 323566 31 324086 31 324606 31 325127 29 325648 28 326170 25 326692 22 327214 18 327736 14 328261 4
cc88627344305b9a9b07f8bd042cb074c7a834c13de67ff4b24914ac68f07f6e,336533 16 337050 21 337569 24 338085 29 338604 31 339123 33 339642 34 340161 36 340681 36 341201 36 341721 37 342242 36 342762 36 343282 36 343802 35 344322 35 344843 34 345364 32 345885 31 346405 30 346925 29 347446 27 347968 24 348489 22 349010 20 349531 17 350053 13 350576 4
cc88627344305b9a9b07f8bd042cb074c7a834c13de67ff4b24914ac68f07f6e,15960 11 16478 15 16997 17 17516 19 18035 21 18554 22 19073 24 19591 26 20110 27 20629 28 21148 29 21668 29 22187 30 22707 31 23227 32 23747 32 24268 31 24788 30 25309 29 25830 27 26351 25 26872 23 27393 21 27916 17 28438 14 28960 11 29484 4
cc88627344305b9a9b07f8bd042cb074c7a834c13de67ff4b24914ac68f07f6e,145403 8 145922 11 146442 12 146961 15 147479 18 147998 20 148518 21 149038 21 149558 22 150078 22 150598 23 151118 23 151638 23 152158 23 152679 22 153199 22 153720 21 154240 21 154761 19 155281 19 155801 19 156321 19 156841 19 157361 19 157881 20 158401 21 158921 22 159441 23 159961 24 160482 24 161002 25 161523 25 162043 26 162564 25 163084 26 163605 25 164125 25 164646 25 165167 24 165688 23 166209 21 166730 20 167251 18 167772 16 168293 14 168815 10
cc88627344305b9a9b07f8bd042cb074c7a834c13de67ff4b24914ac68f07f6e,233361 8 233878 13 234397 15 234916 19 235436 21 235955 25 236475 26 236995 27 237515 28 238035 29 238555 29 239075 30 239595 31 240116 30 240636 31 241157 30 241678 29 242199 28 242720 28 243241 27 243762 26 244283 26 244803 26 245323 26 245844 25 246364 25 246884 25 247405 23 247925 23 248445 23 248966 21 249487 19 250008 17 250528 16 251048 15 251569 14 252090 12 252611 10 253132 8
cc88627344305b9a9b07f8bd042cb074c7a834c13de67ff4b24914ac68f07f6e,67875 11 68392 15 68910 19 69429 21 69948 23 70467 25 70987 26 71507 27 72027 29 72547 30 73067 30 73587 31 74107 32 74627 32 75148 31 75669 30 76189 31 76710 30 77231 29 77753 27 78274 26 78795 25 79316 24 79837 23 80359 21 80880 19 81402 17 81923 15 82445 12
cc88627344305b9a9b07f8bd042cb074c7a834c13de67ff4b24914ac68f07f6e,128653 10 129171 14 129689 17 130207 21 130725 25 131243 28 131762 30 132281 31 132800 32 133320 32 133840 32 134360 33 134880 33 135400 33 135921 32 136442 31 136962 31 137483 29 138004 28 138525 26 139046 24 139568 20 140090 16 140614 8
cc88627344305b9a9b07f8bd042cb074c7a834c13de67ff4b24914ac68f07f6e,138487 4 139001 12 139520 15 140039 17 140558 19 141078 20 141598 21 142118 22 142638 22 143158 23 143678 23 144198 23 144718 24 145239 23 145759 23 146279 23 146799 23 147319 23 147840 21 148360 21 148881 20 149402 18 149924 15 150446 12 150968 8
cc88627344305b9a9b07f8bd042cb074c7a834c13de67ff4b24914ac68f07f6e,193297 5 193815 8 194334 14 194853 17 195373 21 195893 26 196412 30 196932 32 197453 32 197973 32 198494 32 199015 32 199536 31 200057 30 200577 31 201098 30 201618 30 202138 30 202659 29 203179 29 203699 29 204220 28 204740 27 205260 27 205781 25 206301 25 206822 23 207342 23 207862 22 208382 21 208902 19 209423 17 209945 14 210466 11 210988 8 211510 4
cc88627344305b9a9b07f8bd042cb074c7a834c13de67ff4b24914ac68f07f6e,257824 7 258342 11 258861 13 259380 14 259899 16 260418 17 260936 20 261455 21 261974 23 262494 23 263013 25 263533 25 264053 25 264572 27 265092 27 265612 27 266132 28 266653 27 267173 28 267693 28 268214 27 268734 28 269255 27 269776 26 270296 26 270817 25 271337 25 271858 24 272378 24 272898 24 273419 22 273939 22 274460 20 274981 19 275502 17 276022 16 276543 14 277064 12 277586 9
cc88627344305b9a9b07f8bd042cb074c7a834c13de67ff4b24914ac68f07f6e,298203 3 298718 12 299236 15 299754 18 300271 22 300786 28 301304 30 301823 31 302343 31 302862 32 303382 32 303903 31 304423 30 304943 30 305464 29 305984 30 306504 30 307025 29 307546 28 308067 26 308588 24 309110 21 309632 17 310156 10 310678 7 311200 3
cc88627344305b9a9b07f8bd042cb074c7a834c13de67ff4b24914ac68f07f6e,233597 2 234114 8 234633 11 235152 13 235672 13 236191 15 236711 16 237230 17 237750 18 238270 18 238790 19 239309 20 239829 21 240349 21 240869 21 241389 21 241909 22 242429 22 242949 22 243469 21 243989 21 244510 20 245030 20 245550 20 246070 20 246590 20 247111 18 247631 18 248151 18 248671 17 249192 16 249713 14 250233 13 250754 12 251274 11 251795 9 252317 5
cc88627344305b9a9b07f8bd042cb074c7a834c13de67ff4b24914ac68f07f6e,252048 4 252567 6 253086 8 253605 10 254124 12 254644 13 255163 15 255683 15 256203 16 256722 18 257242 18 257761 20 258281 21 258801 22 259321 22 259841 23 260360 24 260879 25 261399 25 261918 26 262438 26 262958 26 263478 25 263998 24 264518 23 265038 22 265558 21 266078 20 266598 19 267119 17 267640 15 268161 13 268682 10
cc88627344305b9a9b07f8bd042cb074c7a834c13de67ff4b24914ac68f07f6e,8258 6 8777 8 9296 10 9815 12 10334 14 10852 17 11371 18 11891 19 12411 19 12931 20 13451 21 13971 21 14491 22 15011 24 15532 24 16053 25 16574 25 17094 27 17614 28 18135 28 18656 27 19177 26 19697 27 20217 27 20737 26 21258 25 21778 25 22299 23 22820 21 23341 17 23863 9
cc88627344305b9a9b07f8bd042cb074c7a834c13de67ff4b24914ac68f07f6e,277535 3 278053 7 278572 9 279091 11 279607 15 280126 16 280645 18 281163 20 281682 22 282202 22 282722 23 283242 23 283762 23 284282 23 284803 21 285323 20 285843 19 286363 18 286883 18 287403 18 287923 17 288443 17 288962 17 289482 16 290002 15 290522 15 291043 13 291563 13 292083 12 292603 12 293123 11 293644 10 294165 8 294686 6 295208 2
cc88627344305b9a9b07f8bd042cb074c7a834c13de67ff4b24914ac68f07f6e,102873 6 103391 11 103909 15 104428 17 104948 19 105467 21 105987 22 106507 24 107027 25 107547 26 108067 27 108587 28 109107 29 109627 30 110148 29 110668 30 111189 30 111709 30 112230 29 112750 29 113271 29 113791 29 114312 28 114833 26 115354 25 115875 23 116396 22 116918 19 117440 15 117964 9
cc88627344305b9a9b07f8bd042cb074c7a834c13de67ff4b24914ac68f07f6e,194746 5 195264 12 195782 15 196301 17 196821 18 197340 20 197859 21 198379 22 198899 22 199419 22 199938 23 200458 23 200978 23 201497 24 202017 23 202536 24 203056 24 203576 23 204096 22 204616 22 205136 21 205657 19 206177 18 206698 16 207219 13 207741 9
cc88627344305b9a9b07f8bd042cb074c7a834c13de67ff4b24914ac68f07f6e,40427 7 40945 13 41464 16 41984 18 42504 19 43024 20 43544 21 44065 21 44585 22 45105 23 45625 24 46145 25 46665 26 47185 26 47705 27 48225 27 48745 27 49266 26 49786 26 50307 25 50827 25 51348 23 51869 22 52390 20 52911 18 53433 15 53956 10
cc88627344305b9a9b07f8bd042cb074c7a834c13de67ff4b24914ac68f07f6e,217739 6 218258 8 218776 11 219294 14 219813 15 220332 17 220851 18 221370 19 221890 20 222409 21 222929 21 223449 21 223969 21 224489 21 225009 21 225529 21 226050 20 226571 18 227092 17 227613 16 228133 15 228654 14 229174 14 229695 12 230215 11 230736 10 231257 8 231780 3
cc88627344305b9a9b07f8bd042cb074c7a834c13de67ff4b24914ac68f07f6e,192910 5 193427 10 193945 13 194464 15 194983 16 195502 17 196022 18 196541 19 197060 20 197580 20 198100 20 198620 19 199140 19 199661 19 200181 20 200702 19 201225 16 201746 15 202266 15 202786 15 203306 15 203826 15 204346 15 204867 14 205388 13 205909 12 206429 12 206950 11 207472 9 207993 8 208515 2 208519 2
cc88627344305b9a9b07f8bd042cb074c7a834c13de67ff4b24914ac68f07f6e,265596 7 266114 12 266632 15 267151 17 267670 19 268189 20 268709 21 269228 22 269748 23 270268 23 270787 24 271307 24 271827 24 272347 24 272867 24 273388 22 273908 22 274429 21 274949 20 275469 20 275988 20 276507 21 277026 22 277545 23 278065 23 278584 24 279104 24 279625 23 280145 23 280665 22 281186 21 281708 18 282229 17 282752 13 283273 10 283796 6
cc88627344305b9a9b07f8bd042cb074c7a834c13de67ff4b24914ac68f07f6e,307321 3 307841 6 308361 8 308881 9 309401 10 309921 12 310441 13 310961 14 311481 14 312001 15 312521 16 313041 16 313561 17 314081 17 314601 17 315121 17 315641 17 316161 17 316681 17 317201 17 317721 16 318241 16 318761 15 319281 14 319802 12 320324 8
cc88627344305b9a9b07f8bd042cb074c7a834c13de67ff4b24914ac68f07f6e,166961 6 167478 13 167994 18 168512 21 169030 23 169549 25 170067 27 170586 28 171105 30 171624 31 172143 32 172662 33 173181 34 173700 35 174219 36 174739 36 175258 36 175778 36 176297 37 176817 36 177336 36 177856 36 178376 36 178896 35 179416 34 179936 33 180456 32 180977 30 181497 29 182018 26 182539 23 183060 20 183582 15 184104 5
cc88627344305b9a9b07f8bd042cb074c7a834c13de67ff4b24914ac68f07f6e,314954 7 315472 12 315990 15 316509 17 317028 19 317547 21 318065 23 318583 26 319102 27 319622 27 320141 28 320661 29 321181 29 321701 29 322221 29 322741 29 323261 28 323781 28 324301 28 324821 27 325341 26 325861 26 326380 26 326900 23 327420 20 327940 17 328460 15 328981 13 329501 12 330021 11 330542 8 331064 4
cc88627344305b9a9b07f8bd042cb074c7a834c13de67ff4b24914ac68f07f6e,273648 8 274167 10 274687 12 275206 14 275726 15 276246 15 276766 16 277286 17 277806 18 278326 18 278846 19 279366 19 279887 18 280407 19 280927 19 281448 18 281968 18 282488 18 283009 17 283530 15 284052 13 284574 10 285095 8
cc88627344305b9a9b07f8bd042cb074c7a834c13de67ff4b24914ac68f07f6e,151200 2 151718 6 152237 8 152754 12 153273 14 153793 15 154313 16 154832 17 155352 18 155863 6 155871 20 156381 30 156900 31 157419 33 157938 34 158458 34 158978 34 159498 33 160018 33 160538 32 161058 32 161579 31 162100 29 162621 28 163144 24 163673 15 164195 12 164716 11 165237 10 165758 8 166279 7 166801 4
cc88627344305b9a9b07f8bd042cb074c7a834c13de67ff4b24914ac68f07f6e,318542 5 319060 9 319579 11 320098 13 320617 14 321137 15 321657 16 322176 18 322696 19 323216 20 323735 22 324255 24 324774 27 325294 28 325814 28 326334 29 326854 29 327374 29 327894 29 328414 29 328934 29 329454 28 329975 25 330495 24 331015 23 331536 22 332059 19 332580 18 333102 16 333623 15 334144 13 334669 7 335190 5 335712 2
cc88627344305b9a9b07f8bd042cb074c7a834c13de67ff4b24914ac68f07f6e,132470 10 132986 16 133504 19 134023 21 134542 23 135061 25 135580 26 136100 26 136619 28 137139 29 137658 31 138178 31 138698 31 139218 31 139738 31 140258 31 140778 31 141298 31 141818 31 142338 31 142858 31 143378 31 143898 31 144419 30 144939 30 145460 28 145980 27 146500 27 147021 25 147541 25 148062 23 148582 22 149102 22 149623 20 150143 19 150663 18 151184 16 151705 13 152225 12 152746 8
cc88627344305b9a9b07f8bd042cb074c7a834c13de67ff4b24914ac68f07f6e,68326 8 68844 13 69363 16 69883 18 70402 20 70922 22 71442 24 71962 26 72482 27 73002 28 73522 29 74043 29 74563 30 75084 29 75605 29 76125 29 76646 29 77167 28 77688 27 78209 26 78730 25 79251 24 79772 23 80294 20 80815 18 81337 15 81859 12 82381 7
cc88627344305b9a9b07f8bd042cb074c7a834c13de67ff4b24914ac68f07f6e,11200 5 11707 3 11716 13 12224 27 12742 30 13260 32 13779 34 14298 35 14813 41 15331 43 15849 45 16368 46 16887 46 17407 46 17927 45 18447 44 18967 43 19488 41 20009 38 20530 35 21051 32 21576 24 22098 20 22619 16 23141 10
cc88627344305b9a9b07f8bd042cb074c7a834c13de67ff4b24914ac68f07f6e,70104 13 70622 16 71141 19 71660 22 72179 24 72699 25 73219 26 73739 27 74259 28 74779 29 75299 29 75819 30 76340 29 76860 29 77381 28 77901 29 78422 28 78943 27 79464 25 79984 25 80505 24 81026 23 81547 21 82068 20 82589 18 83111 14 83633 11 84156 6
cc88627344305b9a9b07f8bd042cb074c7a834c13de67ff4b24914ac68f07f6e,73416 8 73934 11 74452 14 74971 16 75489 18 76008 20 76526 22 77045 23 77564 24 78082 26 78601 27 79120 27 79640 27 80159 28 80678 28 81197 28 81716 29 82236 28 82755 29 83275 28 83794 28 84314 28 84834 27 85354 26 85874 26 86394 25 86914 24 87434 23 87954 22 88474 21 88995 19 89515 18 90036 15 90557 12 91078 9 91600 4
cc88627344305b9a9b07f8bd042cb074c7a834c13de67ff4b24914ac68f07f6e,36654 4 37173 7 37691 10 38209 12 38728 14 39246 16 39765 17 40284 18 40804 18 41323 19 41842 20 42362 20 42882 20 43401 21 43921 21 44440 22 44960 22 45479 23 45999 22 46518 23 47038 23 47558 23 48078 23 48598 23 49118 22 49638 22 50158 22 50678 22 51199 20 51719 20 52239 19 52760 17 53280 17 53801 15 54322 13 54842 12 55363 11 55884 2 55888 5 56409 3
cc88627344305b9a9b07f8bd042cb074c7a834c13de67ff4b24914ac68f07f6e,246650 6 247168 10 247687 12 248206 13 248725 15 249245 16 249765 16 250284 18 250801 22 251320 23 251840 24 252359 25 252879 25 253399 25 253919 25 254439 25 254959 25 255479 25 255999 25 256520 23 257040 23 257560 23 258080 23 258601 21 259123 19 259644 18 260164 18 260684 17 261204 17 261724 16 262244 16 262765 14 263286 12 263807 8 264329 2
cc88627344305b9a9b07f8bd042cb074c7a834c13de67ff4b24914ac68f07f6e,204798 8 205314 17 205831 22 206350 25 206869 27 207388 29 207906 32 208425 33 208944 34 209463 36 209982 37 210501 38 211021 38 211541 38 212060 39 212580 39 213100 39 213620 39 214140 39 214660 38 215180 38 215700 37 216220 37 216740 36 217261 34 217781 33 218302 31 218824 28 219345 25 219867 22 220388 19 220909 15 221433 6
cc88627344305b9a9b07f8bd042cb074c7a834c13de67ff4b24914ac68f07f6e,350705 5 351222 13 351740 17 352259 20 352778 23 353297 26 353816 28 354335 30 354855 31 355375 32 355895 33 356415 33 356935 34 357455 34 357975 34 358496 34 359016 34 359536 34 360057 33 360577 32 361098 31 361618 30
cc88627344305b9a9b07f8bd042cb074c7a834c13de67ff4b24914ac68f07f6e,316593 10 317110 16 317628 21 318147 25 318666 27 319185 30 319704 32 320224 33 320743 35 321262 37 321782 38 322302 39 322822 40 323342 40 323862 40 324382 40 324903 39 325423 39 325944 38 326465 37 326986 35 327507 33 328029 30 328550 28 329071 25 329593 18 330115 9
cc88627344305b9a9b07f8bd042cb074c7a834c13de67ff4b24914ac68f07f6e,96026 2 96542 10 97059 17 97578 20 98097 23 98616 27 99135 29 99655 30 100174 32 100694 33 101214 34 101734 35 102254 35 102774 36 103294 37 103814 37 104334 37 104854 38 105375 37 105895 37 106416 37 106936 37 107457 36 107979 34 108501 32 109023 29 109545 27 110068 24 110589 23 111110 21 111630 20 112151 18 112672 16 113194 12 113716 8
cc88627344305b9a9b07f8bd042cb074c7a834c13de67ff4b24914ac68f07f6e,209163 14 209677 22 210193 27 210711 30 211229 33 211747 35 212265 37 212784 38 213304 38 213823 39 214343 39 214863 38 215383 38 215903 37 216423 36 216943 35 217464 33 217984 32 218505 30 219026 28 219547 26 220070 21 220594 15 221119 6
cc88627344305b9a9b07f8bd042cb074c7a834c13de67ff4b24914ac68f07f6e,179116 14 179132 5 179635 23 180154 26 180673 28 181192 30 181712 31 182231 32 182751 32 183271 33 183791 33 184311 33 184832 32 185353 31 185873 31 186394 30 186915 28 187435 28 187956 26 188477 24 188998 22 189519 19 190045 10
cc88627344305b9a9b07f8bd042cb074c7a834c13de67ff4b24914ac68f07f6e,285643 5 286160 11 286677 15 287196 17 287715 19 288235 19 288754 21 289273 22 289793 22 290313 23 290833 23 291353 23 291873 23 292394 22 292914 21 293435 19 293955 19 294476 18 294997 16 295517 15 296038 13 296559 11
cc88627344305b9a9b07f8bd042cb074c7a834c13de67ff4b24914ac68f07f6e,20835 6 21353 10 21870 14 22387 17 22905 19 23424 21 23943 23 24461 25 24980 27 25499 28 26018 29 26537 30 27056 31 27575 32 28095 31 28615 31 29135 31 29654 31 30174 31 30694 30 31213 30 31733 29 32252 29 32772 28 33292 27 33812 26 34332 24 34852 22 35372 21 35893 18 36413 16 36934 13 37456 8
cc88627344305b9a9b07f8bd042cb074c7a834c13de67ff4b24914ac68f07f6e,247846 6 248364 9 248883 12 249402 14 249922 15 250441 16 250961 16 251481 16 252001 17 252521 17 253041 17 253561 18 254081 18 254601 18 255121 19 255641 20 256160 21 256680 21 257199 22 257719 22 258239 22 258759 22 259279 21 259799 20 260319 20 260839 20 261358 20 261878 20 262398 21 262919 20 263439 19 263960 18 264480 18 265001 16 265522 14 266044 10 266565 7 267087 3
cc88627344305b9a9b07f8bd042cb074c7a834c13de67ff4b24914ac68f07f6e,323459 4 323973 14 324491 17 325010 20 325528 23 326046 25 326565 27 327084 29 327603 31 328123 31 328642 32 329161 34 329681 34 330201 34 330721 34 331241 34 331761 34 332281 34 332801 33 333321 33 333842 31 334363 29 334884 27 335405 25 335926 23 336448 20 336970 16 337493 10
cc88627344305b9a9b07f8bd042cb074c7a834c13de67ff4b24914ac68f07f6e,271144 8 271661 14 272180 18 272699 20 273217 23 273736 25 274256 26 274775 28 275295 28 275815 29 276335 29 276855 29 277375 29 277895 30 278415 30 278935 30 279455 30 279976 30 280496 30 281017 29 281537 29 282057 28 282578 26 283099 24 283623 15 284145 8
cc88627344305b9a9b07f8bd042cb074c7a834c13de67ff4b24914ac68f07f6e,292952 8 293470 12 293989 14 294508 19 295027 21 295546 23 296066 23 296585 25 297105 25 297625 25 298145 25 298665 25 299185 25 299705 25 300226 24 300746 24 301266 24 301787 23 302307 23 302827 23 303347 23 303868 22 304388 22 304908 22 305429 21 305949 20 306469 20 306990 18 307510 18 308031 16 308551 16 309072 14 309593 11 310115 8 310639 4 311160 2
cc88627344305b9a9b07f8bd042cb074c7a834c13de67ff4b24914ac68f07f6e,45756 2 46274 6 46790 11 47309 12 47828 13 48345 16 48862 19 49380 21 49897 24 50415 26 50933 28 51452 29 51971 30 52490 31 53009 32 53528 33 54048 33 54568 33 55088 33 55608 33 56128 33 56649 32 57169 32 57690 30 58211 27 58733 23 59254 21 59777 15 60300 5
cc88627344305b9a9b07f8bd042cb074c7a834c13de67ff4b24914ac68f07f6e,191683 5 192200 10 192718 14 193236 19 193754 22 194273 23 194792 25 195312 26 195832 27 196352 28 196871 29 197391 29 197911 29 198431 29 198951 30 199471 30 199991 30 200511 30 201031 30 201552 29 202072 29 202593 28 203113 28 203634 27 204154 26 204675 25 205196 23 205716 22 206237 20 206758 18 207280 15 207802 9
cc88627344305b9a9b07f8bd042cb074c7a834c13de67ff4b24914ac68f07f6e,222552 5 223069 10 223587 13 224105 16 224622 19 225140 21 225658 23 226176 25 226695 26 227214 27 227733 28 228253 28 228772 29 229292 29 229811 30 230330 31 230850 31 231370 31 231889 32 232409 32 232929 32 233450 29 233970 27 234490 21 235011 18 235532 15 236053 12 236575 8
cc88627344305b9a9b07f8bd042cb074c7a834c13de67ff4b24914ac68f07f6e,310137 2 310653 9 311171 12 311690 14 312209 16 312729 16 313248 17 313768 17 314288 17 314808 18 315327 19 315847 20 316367 20 316888 20 317408 21 317928 22 318449 22 318969 22 319490 21 320010 20 320531 19 321051 19 321572 18 322093 17 322614 15 323135 14 323655 14 324176 12 324697 10 325219 6
cc88627344305b9a9b07f8bd042cb074c7a834c13de67ff4b24914ac68f07f6e,118994 6 119511 11 120029 14 120548 16 121067 18 121585 21 122104 23 122622 25 123140 28 123659 29 124177 31 124696 32 125215 33 125734 34 126254 34 126773 34 127292 35 127812 34 128332 34 128852 33 129371 33 129891 32 130411 32 130931 31 131451 30 131971 30 132491 30 133011 30 133532 29 134052 29 134572 29 135092 28 135613 26 136134 24 136655 21 137176 18 137699 14 138224 8 138746 5
cc88627344305b9a9b07f8bd042cb074c7a834c13de67ff4b24914ac68f07f6e,310412 4 310930 8 311449 11 311968 13 312487 15 313006 17 313525 18 314043 21 314562 22 315081 24 315600 25 316119 26 316639 26 317158 27 317678 26 318198 26 318718 26 319237 27 319757 28 320277 28 320797 28 321317 28 321837 28 322357 28 322877 28 323397 28 323917 27 324438 26 324958 26 325479 25 326000 23 326521 21 327042 19 327563 17 328085 14 328607 8 329129 5
cc88627344305b9a9b07f8bd042cb074c7a834c13de67ff4b24914ac68f07f6e,309105 5 309624 8 310144 12 310663 15 311183 17 311704 17 312225 17 312745 18 313265 19 313785 19 314305 19 314826 18 315346 18 315867 17 316387 16 316908 14 317429 12 317950 10 318471 7
cc88627344305b9a9b07f8bd042cb074c7a834c13de67ff4b24914ac68f07f6e,312058 11 312576 14 313095 18 313614 20 314133 22 314652 25 315172 27 315691 29 316211 30 316731 31 317250 34 317770 35 318290 36 318810 37 319331 37 319851 39 320372 39 320892 40 321413 40 321933 41 322454 41 322974 41 323495 41 324015 42 324536 41 325056 41 325577 41 326098 40 326619 39 327140 38 327661 38 328182 37 328703 36 329224 34 329745 33 330266 32 330788 29 331309 28 331831 25 332353 22 332876 17 333398 13 333921 6
cc88627344305b9a9b07f8bd042cb074c7a834c13de67ff4b24914ac68f07f6e,359834 7 360352 9 360870 11 361389 12 361909 12
cc88627344305b9a9b07f8bd042cb074c7a834c13de67ff4b24914ac68f07f6e,32538 5 33054 14 33572 19 34091 21 34609 24 35128 26 35647 27 36166 29 36686 29 37205 30 37724 31 38244 31 38763 32 39283 32 39803 32 40324 31 40844 31 41365 30 41886 28 42407 26 42934 18 43455 2 43465 5
cc88627344305b9a9b07f8bd042cb074c7a834c13de67ff4b24914ac68f07f6e,172047 7 172565 10 173083 14 173602 16 174121 18 174640 19 175160 20 175679 21 176199 21 176718 22 177238 22 177758 22 178278 23 178798 23 179318 23 179838 23 180358 23 180878 23 181398 22 181918 22 182438 22 182958 22 183478 22 183998 22 184519 21 185039 20 185560 19 186080 19 186600 18 187120 17 187641 16 188162 14 188683 12 189204 9 189725 6
cc88627344305b9a9b07f8bd042cb074c7a834c13de67ff4b24914ac68f07f6e,142388 5 142904 11 143422 14 143940 16 144458 19 144976 21 145495 22 146014 23 146533 24 147053 23 147572 24 148092 23 148612 23 149131 23 149651 23 150171 22 150691 22 151211 21 151731 21 152251 21 152771 20 153291 20 153811 20 154332 19 154852 19 155372 19 155893 18 156414 17 156934 17 157455 16 157975 16 158496 15 159016 15 159537 14 160058 13 160580 10 161101 8 161623 5
cc88627344305b9a9b07f8bd042cb074c7a834c13de67ff4b24914ac68f07f6e,188711 2 189226 10 189743 16 190261 20 190780 24 191299 27 191818 29 192337 31 192856 33 193376 33 193895 34 194415 34 194934 35 195454 35 195974 35 196494 34 197014 34 197535 32 198055 31 198576 29 199096 28 199616 28 200136 27 200657 25 201177 25 201698 23 202218 22 202739 20 203260 18 203781 16 204302 14 204822 14 205343 12 205863 11 206384 9 206907 3
cc88627344305b9a9b07f8bd042cb074c7a834c13de67ff4b24914ac68f07f6e,7463 3 7976 15 8492 21 9010 24 9527 28 10045 30 10564 32 11083 34 11602 35 12121 36 12640 37 13159 38 13679 38 14198 39 14718 38 15238 38 15758 37 16278 37 16798 36 17319 34 17839 32 18360 30 18882 26 19403 23 19925 19 20448 12
cc88627344305b9a9b07f8bd042cb074c7a834c13de67ff4b24914ac68f07f6e,128785 6 129303 10 129821 13 130340 15 130859 17 131379 17 131898 19 132418 19 132938 19 133458 20 133978 20 134498 20 135018 20 135538 21 136058 21 136578 21 137098 21 137618 21 138139 19 138659 19 139179 19 139699 18 140220 17 140740 16 141261 14 141781 13 142302 11 142824 8
cc88627344305b9a9b07f8bd042cb074c7a834c13de67ff4b24914ac68f07f6e,279582 7 280100 11 280616 18 281135 20 281654 21 282174 22 282693 24 283212 25 283732 25 284251 26 284771 26 285291 26 285811 26 286331 26 286851 26 287370 27 287890 27 288410 27 288930 27 289450 26 289970 26 290491 25 291011 24 291532 23 292052 23 292572 22 293093 20 293614 19 294134 18 294655 17 295176 16 295696 16 296216 16 296737 15 297258 13 297780 10 298301 5
cc88627344305b9a9b07f8bd042cb074c7a834c13de67ff4b24914ac68f07f6e,255338 3 255856 7 256375 9 256894 11 257413 13 257932 15 258451 16 258971 16 259490 18 260009 19 260529 19 261049 20 261569 20 262088 21 262607 21 263127 21 263647 22 264167 22 264687 22 265207 22 265727 22 266247 22 266767 21 267287 21 267807 21 268327 20 268847 20 269367 20 269887 19 270408 18 270929 16 271449 15 271970 13 272491 11 273012 8
cc88627344305b9a9b07f8bd042cb074c7a834c13de67ff4b24914ac68f07f6e,147785 7 148303 12 148821 16 149340 19 149859 21 150379 23 150898 25 151418 27 151937 29 152457 31 152977 32 153496 34 154016 35 154536 36 155056 37 155576 38 156096 39 156617 39 157137 39 157657 40 158178 40 158698 40 159218 41 159739 40 160260 39 160780 39 161301 38 161822 37 162342 37 162863 36 163384 35 163906 33 164427 31 164949 29 165471 26 165993 23 166515 20 167038 16 167561 11
cc88627344305b9a9b07f8bd042cb074c7a834c13de67ff4b24914ac68f07f6e,335775 23 336292 30 336809 36 337328 38 337847 40 338366 42 338886 42 339406 42 339926 43 340446 43 340966 42 341487 41 342008 39 342529 37 343053 32 343583 3 343591 4
cc88627344305b9a9b07f8bd042cb074c7a834c13de67ff4b24914ac68f07f6e,273995 8 274514 11 275033 13 275552 15 276071 17 276591 18 277110 19 277630 19 278149 20 278669 21 279188 22 279708 22 280227 23 280746 23 281266 23 281785 24 282305 24 282825 24 283344 24 283864 23 284383 24 284902 24 285421 24 285940 24 286459 24 286978 24 287498 23 288017 22 288537 21 289057 20 289576 20 290096 19 290616 19 291135 20 291655 19 292176 17 292696 16 293216 15 293737 13 294258 11 294780 7
cc88627344305b9a9b07f8bd042cb074c7a834c13de67ff4b24914ac68f07f6e,211856 9 212373 14 212890 19 213406 24 213923 28 214440 32 214957 35 215475 38 215992 41 216511 43 217031 43 217551 43 218071 43 218591 43 219111 42 219631 41 220152 39 220672 38 221193 37 221714 35 222235 31 222757 19 223279 12 223801 8
cc88627344305b9a9b07f8bd042cb074c7a834c13de67ff4b24914ac68f07f6e,294494 2 295013 4 295532 6 296051 7 296570 8 297082 17 297602 17 298122 18 298642 18 299161 19 299681 20 300200 21 300720 22 301240 22 301759 23 302279 24 302799 24 303319 24 303839 24 304360 23 304880 23 305400 23 305920 23 306441 22 306961 22 307481 22 308002 21 308522 20 309043 18 309564 15 310085 9 310608 3
cc88627344305b9a9b07f8bd042cb074c7a834c13de67ff4b24914ac68f07f6e,32862 6 33378 13 33895 18 34414 21 34934 22 35454 24 35973 26 36492 28 37012 29 37531 31 38051 31 38571 32 39091 32 39611 32 40131 33 40651 33 41171 33 41691 34 42212 33 42733 33 43254 32 43774 33 44294 33 44814 33 45335 32 45857 30 46378 29 46902 25 47424 23 47946 20 48469 16 48991 12 49514 8
cc88627344305b9a9b07f8bd042cb074c7a834c13de67ff4b24914ac68f07f6e,121282 6 121799 12 122317 16 122836 19 123356 20 123875 22 124395 23 124914 24 125433 26 125953 26 126472 27 126992 27 127512 27 128032 27 128552 27 129072 27 129593 25 130113 25 130634 23 131155 21 131676 19 132197 17 132721 10
cc88627344305b9a9b07f8bd042cb074c7a834c13de67ff4b24914ac68f07f6e,284044 5 284561 9 285080 11 285599 14 286119 16 286639 17 287158 18 287676 20 288195 22 288714 24 289234 24 289754 24 290274 24 290795 23 291315 22 291836 21 292356 21 292876 21 293397 20 293918 19 294438 19 294959 17 295480 16 296001 14 296523 11 297045 8
cc88627344305b9a9b07f8bd042cb074c7a834c13de67ff4b24914ac68f07f6e,47770 4 48286 11 48803 16 49319 21 49836 25 50354 28 50873 30 51392 31 51911 33 52430 34 52950 34 53470 34 53990 35 54510 35 55030 34 55551 33 56071 33 56592 32 57113 30 57634 28 58155 26 58677 23 59198 21 59720 18 60246 10
cc88627344305b9a9b07f8bd042cb074c7a834c13de67ff4b24914ac68f07f6e,96432 5 96950 11 97469 13 97988 15 98507 17 99027 18 99547 19 100066 20 100586 21 101106 21 101626 21 102146 22 102666 22 103186 22 103706 22 104226 22 104746 23 105266 23 105786 23 106307 22 106827 22 107347 22 107867 22 108388 21 108908 20 109429 19 109949 19 110470 18 110990 17 111511 15 112032 13 112553 11 113076 6
cc88627344305b9a9b07f8bd042cb074c7a834c13de67ff4b24914ac68f07f6e,218950 7 219468 10 219986 13 220505 15 221024 16 221543 17 222062 18 222581 18 223100 19 223619 19 224138 19 224658 18 225178 17 225697 18 226217 17 226736 18 227256 17 227776 16 228295 16 228815 15 229335 14 229855 13 230376 11 230896 10 231417 8 231938 6
cc88627344305b9a9b07f8bd042cb074c7a834c13de67ff4b24914ac68f07f6e,114586 6 115103 12 115621 17 116140 19 116658 22 117177 24 117695 27 118214 29 118733 31 119253 31 119772 32 120292 32 120812 32 121332 32 121852 32 122372 32 122893 30 123413 30 123934 28 124456 25 124978 22 125500 18 126021 14 126545 6
cc88627344305b9a9b07f8bd042cb074c7a834c13de67ff4b24914ac68f07f6e,59303 7 59819 14 60337 17 60854 21 61373 24 61891 27 62410 28 62929 30 63448 31 63967 33 64486 34 65006 34 65525 35 66045 35 66564 36 67083 37 67603 36 68123 36 68643 36 69163 35 69682 36 70202 36 70722 35 71242 35 71763 34 72283 33 72803 33 73323 33 73844 31 74364 31 74884 30 75405 29 75925 28 76446 26 76966 25 77487 23 78008 21 78529 18 79053 13 79575 6
cc88627344305b9a9b07f8bd042cb074c7a834c13de67ff4b24914ac68f07f6e,102937 5 103454 11 103973 14 104491 17 105010 19 105529 21 106049 21 106568 23 107087 24 107607 25 108126 26 108646 26 109165 27 109685 27 110204 28 110724 28 111244 28 111764 28 112284 28 112804 27 113324 27 113844 27 114364 26 114885 25 115405 25 115925 25 116446 23 116966 23 117486 22 118007 21 118528 19 119049 17 119570 15 120092 12 120614 9
cc88627344305b9a9b07f8bd042cb074c7a834c13de67ff4b24914ac68f07f6e,225681 2 226201 3 226721 3 227241 4 227761 4 228281 4 228801 4 229321 4 229841 4 230361 4 230881 4 231401 4 231921 3 232441 3 232961 2
cc88627344305b9a9b07f8bd042cb074c7a834c13de67ff4b24914ac68f07f6e,215449 9 215967 12 216486 14 217005 16 217524 18 218044 19 218564 20 219083 22 219603 23 220123 24 220642 25 221162 25 221682 26 222202 26 222722 26 223242 26 223762 26 224282 26 224802 26 225322 25 225842 25 226362 25 226882 24 227403 23 227923 23 228443 23 228964 21 229484 21 230005 20 230525 19 231046 18 231567 16 232088 14 232609 12 233130 10 233652 5
cc88627344305b9a9b07f8bd042cb074c7a834c13de67ff4b24914ac68f07f6e,360819 7 361338 9 361858 9
cc88627344305b9a9b07f8bd042cb074c7a834c13de67ff4b24914ac68f07f6e,356795 4 357313 9 357832 12 358351 14 358870 16 359389 18 359908 19 360427 21 360947 21 361467 21
cc88627344305b9a9b07f8bd042cb074c7a834c13de67ff4b24914ac68f07f6e,211525 8 212043 11 212561 14 213080 16 213599 18 214119 18 214638 19 215158 19 215678 20 216197 21 216717 21 217237 21 217757 21 218277 21 218797 21 219317 21 219838 20 220358 20 220878 20 221398 20 221918 19 222439 18 222959 17 223480 15 224000 14 224521 12 225043 8
cc88627344305b9a9b07f8bd042cb074c7a834c13de67ff4b24914ac68f07f6e,344561 10 345066 9 345077 16 345584 30 346102 32 346621 34 347139 36 347657 39 348176 40 348695 41 349214 42 349734 42 350253 42 350773 42 351293 41 351813 41 352333 40 352853 39 353373 38 353893 36 354413 35 354934 33 355455 30 355976 28 356498 25 357024 12
cc88627344305b9a9b07f8bd042cb074c7a834c13de67ff4b24914ac68f07f6e,300308 9 300824 14 301343 16 301863 17 302382 18 302902 19 303421 20 303941 21 304460 22 304980 23 305500 23 306019 25 306539 25 307059 26 307579 26 308098 27 308618 27 309138 28 309658 28 310178 28 310698 27 311218 27 311738 27 312259 26 312779 25 313299 25 313819 25 314340 24 314860 24 315380 23 315901 21 316421 21 316942 19 317462 18 317983 16 318504 14 319025 12 319546 10 320068 6
cc88627344305b9a9b07f8bd042cb074c7a834c13de67ff4b24914ac68f07f6e,43457 8 43968 22 44482 29 45001 31 45521 31 46040 33 46560 33 47079 34 47599 34 48119 34 48639 33 49159 32 49679 32 50200 30 50721 29 51241 28 51762 26 52283 25 52805 22 53327 18 53848 15 54370 11 54892 4
cc88627344305b9a9b07f8bd042cb074c7a834c13de67ff4b24914ac68f07f6e,327322 7 327841 10 328358 15 328877 17 329396 19 329915 20 330433 23 330952 24 331471 26 331990 28 332509 29 333029 30 333549 30 334069 30 334589 31 335109 31 335629 30 336149 30 336669 30 337189 29 337710 27 338230 25 338751 23 339272 21 339793 19 340314 17 340835 15 341356 14 341877 12 342398 10 342920 7 343442 4
cc88627344305b9a9b07f8bd042cb074c7a834c13de67ff4b24914ac68f07f6e,306139 10 306656 14 307172 19 307691 21 308210 23 308729 25 309249 26 309768 28 310287 29 310807 30 311327 30 311847 30 312367 31 312887 31 313407 31 313927 31 314447 31 314968 30 315489 28 316010 27 316531 25 317053 22 317576 17
cc88627344305b9a9b07f8bd042cb074c7a834c13de67ff4b24914ac68f07f6e,118 34 637 35 1157 35 1677 34 2196 34 2716 34 3236 33 3757 31 4277 30 4797 28 5318 26 5839 24 6360 21 6881 18 7402 14
cc88627344305b9a9b07f8bd042cb074c7a834c13de67ff4b24914ac68f07f6e,121619 3 122137 9 122656 11 123175 13 123693 15 124212 16 124731 18 125250 19 125770 20 126289 22 126809 22 127329 22 127849 22 128369 22 128889 23 129409 23 129929 23 130449 24 130969 24 131490 23 132010 24 132531 23 133051 23 133571 23 134092 22 134612 22 135132 22 135653 21 136174 19 136695 18 137215 17 137736 16 138258 13 138779 10 139300 8 139822 4
cc88627344305b9a9b07f8bd042cb074c7a834c13de67ff4b24914ac68f07f6e,202769 8 203288 10 203807 11 204326 13 204846 14 205365 15 205885 16 206404 19 206923 21 207442 23 207961 25 208480 27 208999 28 209518 29 210038 29 210557 31 211077 31 211597 31 212117 32 212637 32 213157 31 213677 31 214198 29 214718 28 215239 24 215760 21 216281 19 216803 15 217325 11 217848 5
cc88627344305b9a9b07f8bd042cb074c7a834c13de67ff4b24914ac68f07f6e,263390 6 263908 10 264426 13 264945 15 265465 15 265984 16 266503 17 267023 17 267543 18 268062 19 268582 20 269102 20 269622 20 270142 21 270662 21 271181 22 271701 22 272221 22 272741 22 273261 22 273780 23 274300 22 274819 22 275339 22 275859 21 276379 20 276899 19 277419 18 277939 17 278460 15 278981 12 279503 7
cc88627344305b9a9b07f8bd042cb074c7a834c13de67ff4b24914ac68f07f6e,276706 6 277224 10 277743 12 278262 14 278781 16 279300 18 279820 19 280339 21 280859 22 281379 23 281898 25 282418 25 282938 26 283458 27 283978 27 284499 26 285019 27 285539 27 286059 28 286579 28 287100 27 287620 27 288140 27 288660 27 289181 26 289701 26 290221 26 290741 26 291261 26 291782 24 292302 23 292823 22 293343 21 293864 19 294385 17 294907 13 295428 9
cc88627344305b9a9b07f8bd042cb074c7a834c13de67ff4b24914ac68f07f6e,217137 5 217656 9 218171 15 218689 18 219203 25 219718 31 220236 33 220755 34 221275 34 221794 36 222314 36 222834 36 223354 36 223874 35 224394 35 224914 34 225435 33 225955 32 226476 30 226996 30 227517 28 228038 27 228559 25 229080 23 229602 20 230124 17 230647 13 231168 11 231690 6
cc88627344305b9a9b07f8bd042cb074c7a834c13de67ff4b24914ac68f07f6e,251149 9 251667 14 252186 15 252706 15 253225 16 253745 16 254264 17 254784 17 255303 18 255823 18 256342 19 256862 19 257381 20 257901 20 258421 20 258940 21 259460 21 259980 21 260500 21 261020 21 261540 21 262061 20 262581 20 263101 20 263621 20 264141 20 264662 18 265182 17 265702 16 266223 15 266743 14 267264 12 267785 10 268307 7
cc88627344305b9a9b07f8bd042cb074c7a834c13de67ff4b24914ac68f07f6e,10907 3 11425 8 11944 10 12464 11 12984 12 13503 14 14022 15 14541 17 15061 17 15580 18 16099 20 16619 20 17139 20 17659 20 18179 21 18699 22 19218 23 19738 23 20258 23 20778 23 21299 22 21819 22 22339 22 22860 21 23380 21 23901 20 24421 20 24942 19 25464 17 25985 16 26505 16 27026 15 27547 14 28067 14 28588 13 29109 12 29631 10 30152 9 30674 7 31197 4
cc88627344305b9a9b07f8bd042cb074c7a834c13de67ff4b24914ac68f07f6e,172921 2 173437 8 173956 12 174475 14 174995 17 175515 18 176034 23 176554 25 177074 26 177594 27 178114 28 178634 29 179154 30 179674 30 180195 29 180715 29 181235 29 181756 28 182276 28 182797 27 183317 26 183838 25 184359 23 184879 23 185400 21 185921 19 186442 17 186963 15 187484 13 188006 9 188527 7
cc88627344305b9a9b07f8bd042cb074c7a834c13de67ff4b24914ac68f07f6e,285366 6 285882 12 286401 15 286920 18 287439 20 287959 21 288478 23 288998 23 289517 25 290037 25 290557 25 291077 26 291597 26 292117 26 292637 26 293157 26 293676 26 294196 26 294716 25 295235 24 295755 23 296275 22 296795 20 297315 19 297835 19 298354 19 298874 18 299395 17 299916 15 300437 14 300958 12 301480 9 302003 4
cc88627344305b9a9b07f8bd042cb074c7a834c13de67ff4b24914ac68f07f6e,239427 2 239939 12 240458 14 240976 18 241493 22 242012 24 242531 26 243051 26 243570 28 244090 28 244610 28 245130 29 245650 29 246170 29 246690 29 247210 30 247730 30 248250 30 248771 29 249291 29 249811 29 250331 29 250852 28 251372 27 251893 26 252413 26 252934 25 253455 23 253976 22 254497 21 255019 18 255545 11
cc88627344305b9a9b07f8bd042cb074c7a834c13de67ff4b24914ac68f07f6e,69002 6 69520 9 70039 11 70558 12 71078 12 71598 12 72117 13 72636 14 73156 14 73675 15 74194 16 74714 16 75234 16 75754 16 76273 17 76793 18 77313 18 77833 18 78353 19 78873 20 79392 22 79912 22 80432 23 80951 24 81471 25 81991 25 82511 25 83031 25 83552 24 84072 24 84592 24 85113 23 85634 22 86155 20 86676 18 87197 16 87720 12 88241 10 88762 7
cc88627344305b9a9b07f8bd042cb074c7a834c13de67ff4b24914ac68f07f6e,273291 5 273808 9 274327 11 274846 14 275365 16 275884 20 276404 21 276923 23 277443 23 277963 23 278482 24 279002 24 279523 23 280043 23 280563 22 281083 22 281604 20 282124 19 282644 19 283165 18 283686 16 284206 15 284727 14 285247 13 285767 12 286288 11 286809 9 287330 7 287852 2
cc88627344305b9a9b07f8bd042cb074c7a834c13de67ff4b24914ac68f07f6e,318952 2 319469 9 319988 12 320507 15 321026 17 321545 21 322063 24 322582 27 323101 29 323620 30 324140 30 324659 32 325179 32 325699 32 326219 32 326739 32 327259 32 327779 32 328299 32 328820 31 329340 31 329861 30 330382 29 330903 28 331427 24 331961 10 332483 7 333005 4
cc88627344305b9a9b07f8bd042cb074c7a834c13de67ff4b24914ac68f07f6e,171490 7 172008 11 172526 14 173045 16 173565 17 174085 18 174604 19 175124 20 175644 20 176164 21 176684 21 177204 22 177724 22 178244 22 178764 22 179284 22 179804 22 180324 22 180844 22 181363 23 181883 23 182403 23 182923 23 183443 23 183963 23 184484 22 185004 22 185524 22 186045 21 186565 21 187086 20 187607 18 188129 15 188651 12 189174 8
cc88627344305b9a9b07f8bd042cb074c7a834c13de67ff4b24914ac68f07f6e,203661 3 204180 9 204700 10 205219 13 205738 17 206257 23 206776 27 207295 32 207815 33 208335 34 208855 34 209375 35 209895 36 210416 35 210936 35 211457 35 211978 34 212500 32 213022 29 213544 27 214065 26 214592 18 215113 16 215633 15 216154 13 216675 11 217196 9
cc88627344305b9a9b07f8bd042cb074c7a834c13de67ff4b24914ac68f07f6e,44006 5 44525 8 45045 10 45565 11 46084 13 46603 14 47123 14 47642 16 48162 16 48682 16 49202 17 49722 17 50242 17 50762 17 51282 17 51802 17 52322 18 52842 18 53362 18 53882 18 54402 19 54922 19 55442 19 55962 19 56482 19 57001 20 57521 20 58041 20 58561 19 59082 18 59602 18 60122 17 60642 17 61162 17 61682 17 62203 15 62723 15 63244 13 63764 12 64284 11 64805 9 65326 7 65847 3
cc88627344305b9a9b07f8bd042cb074c7a834c13de67ff4b24914ac68f07f6e,220001 4 220520 8 221040 9 221560 11 222080 12 222599 14 223119 15 223638 17 224157 19 224676 20 225195 22 225715 22 226234 24 226754 25 227274 25 227795 25 228315 26 228835 26 229355 27 229875 27 230395 27 230915 28 231436 27 231956 28 232476 28 232996 29 233517 28 234037 29 234557 29 235078 28 235598 29 236118 29 236639 28 237159 28 237680 28 238200 28 238720 28 239241 27 239761 27 240282 26 240802 26 241323 25 241843 25 242364 24 242885 23 243405 23 243926 22 244447 21 244968 19 245489 17 246010 16 246532 13 247053 11 247576 6
cc88627344305b9a9b07f8bd042cb074c7a834c13de67ff4b24914ac68f07f6e,295964 8 296481 13 296998 17 297517 20 298035 23 298554 25 299073 26 299592 28 300111 29 300631 29 301150 30 301669 31 302189 31 302708 32 303228 32 303748 31 304268 31 304788 30 305308 30 305828 29 306348 28 306868 27 307389 25 307910 23 308430 22 308951 19 309472 17 309995 12 310516 8
cc88627344305b9a9b07f8bd042cb074c7a834c13de67ff4b24914ac68f07f6e,82302 5 82818 12 83335 16 83853 19 84372 21 84890 24 85409 25 85927 28 86446 29 86965 30 87484 31 88003 32 88522 33 89041 33 89560 34 90079 35 90598 36 91118 35 91637 35 92157 35 92676 35 93195 35 93715 34 94235 33 94754 33 95274 32 95794 31 96314 30 96834 29 97354 27 97874 26 98394 24 98915 21 99435 19 99956 15 100478 8
cc88627344305b9a9b07f8bd042cb074c7a834c13de67ff4b24914ac68f07f6e,22793 7 23310 12 23829 15 24347 19 24865 22 25384 24 25904 25 26424 25 26944 25 27464 25 27984 25 28505 24 29026 23 29546 23 30067 22 30588 20 31109 19 31629 19 32150 17 32671 16 33192 15 33713 13 34234 11 34756 8
cc88627344305b9a9b07f8bd042cb074c7a834c13de67ff4b24914ac68f07f6e,147922 10 148435 21 148950 27 149467 32 149986 34 150504 37 151022 39 151541 41 152060 42 152579 43 153099 43 153618 44 154138 44 154657 45 155177 45 155697 44 156217 43 156737 42 157258 40 157778 39 158298 38 158819 35 159339 32 159860 29 160382 23 160904 14
cc88627344305b9a9b07f8bd042cb074c7a834c13de67ff4b24914ac68f07f6e,356301 5 356819 11 357338 15 357858 17 358378 18 358898 19 359418 20 359938 20 360458 21 360978 21 361498 21
cc88627344305b9a9b07f8bd042cb074c7a834c13de67ff4b24914ac68f07f6e,195220 9 195738 14 196256 18 196774 21 197293 22 197812 24 198331 25 198849 27 199368 28 199887 29 200407 29 200926 30 201445 30 201965 30 202485 29 203006 28 203526 27 204047 25 204567 24 205088 22 205608 20 206129 16 206650 13 207171 10
cc88627344305b9a9b07f8bd042cb074c7a834c13de67ff4b24914ac68f07f6e,93796 2 94313 8 94831 12 95350 14 95868 17 96387 18 96906 20 97425 21 97945 22 98464 23 98984 24 99504 24 100023 25 100543 25 101063 25 101583 26 102103 26 102623 26 103143 26 103663 26 104183 26 104703 26 105224 25 105744 25 106265 24 106786 23 107307 22 107828 20 108349 18 108870 16 109393 11
cc88627344305b9a9b07f8bd042cb074c7a834c13de67ff4b24914ac68f07f6e,4076 6 4593 10 5111 12 5630 14 6149 16 6668 18 7187 20 7707 20 8226 21 8745 23 9264 25 9783 27 10303 27 10822 29 11341 30 11860 31 12380 31 12900 31 13420 31 13940 31 14460 31 14980 31 15501 29 16021 29 16542 28 17062 27 17583 25 18104 23 18626 20 19147 17 19668 14 20191 10 20713 7
cc88627344305b9a9b07f8bd042cb074c7a834c13de67ff4b24914ac68f07f6e,24401 4 24917 15 25435 18 25953 23 26472 25 26991 27 27511 27 28030 29 28550 29 29069 31 29589 31 30109 32 30629 32 31149 33 31670 32 32190 32 32710 32 33230 32 33750 31 34271 30 34792 29 35313 28 35834 26 36355 25 36875 24 37396 22 37917 20 38438 17 38960 14 39483 8
