ce9e1a58b58940039ae841466198b72ea21cc90584039a9294b47f5aef17ddfa,64523 5 64777 8 65032 9 65288 9
ce9e1a58b58940039ae841466198b72ea21cc90584039a9294b47f5aef17ddfa,49769 4 50023 7 50279 8 50535 9 50791 9 51048 8
ce9e1a58b58940039ae841466198b72ea21cc90584039a9294b47f5aef17ddfa,32001 2 32257 4 32513 5 32769 6 33025 7 33281 7 33537 8 33793 8 34049 8 34305 8 34561 8 34817 8 35073 8 35329 8 35585 8 35841 6 36097 5 36353 4 36609 3 36865 1
ce9e1a58b58940039ae841466198b72ea21cc90584039a9294b47f5aef17ddfa,40946 4 41199 10 41455 10 41711 10 41967 10 42222 11 42478 11 42733 12 42989 12 43244 13 43500 13 43755 14 44011 14 44267 13 44523 12 44780 10 45036 10 45293 7 45550 5
ce9e1a58b58940039ae841466198b72ea21cc90584039a9294b47f5aef17ddfa,48847 7 49101 10 49357 11 49612 13 49868 14 50124 14 50380 14 50636 13 50893 12 51149 12 51407 8
ce9e1a58b58940039ae841466198b72ea21cc90584039a9294b47f5aef17ddfa,49427 4 49682 6 49938 6 50193 8 50449 9 50704 10 50960 11 51216 12 51472 12 51728 12 51984 13 52240 13 52496 13 52752 13 53009 12 53265 12 53521 12 53777 12 54033 12 54289 12 54546 10 54803 9 55060 7 55317 4
ce9e1a58b58940039ae841466198b72ea21cc90584039a9294b47f5aef17ddfa,30012 4 30266 7 30521 8 30777 9 31033 9 31289 9 31545 9 31801 8 32058 7 32315 4
ce9e1a58b58940039ae841466198b72ea21cc90584039a9294b47f5aef17ddfa,234 14 490 14 747 11 1004 8 1260 1 1263 4
ce9e1a58b58940039ae841466198b72ea21cc90584039a9294b47f5aef17ddfa,45274 7 45530 7 45785 9 46041 10 46297 11 46553 11 46809 12 47066 11 47322 11 47579 9 47837 7 48095 5 48352 3
ce9e1a58b58940039ae841466198b72ea21cc90584039a9294b47f5aef17ddfa,41212 5 41468 5 41723 6 41979 6 42235 6 42490 7 42746 7 43002 7 43258 7 43513 8 43769 8 44025 8 44280 9 44535 9 44790 10 45047 8 45303 6 45559 5 45815 4
ce9e1a58b58940039ae841466198b72ea21cc90584039a9294b47f5aef17ddfa,59052 3 59307 5 59563 5 59819 5 60075 5 60331 4
ce9e1a58b58940039ae841466198b72ea21cc90584039a9294b47f5aef17ddfa,50261 6 50516 9 50771 10 51026 12 51281 13 51536 14 51791 15 52046 17 52302 17 52558 17 52814 17 53070 17 53327 16 53583 17 53839 16 54096 16 54353 14 54612 10 54868 9 55126 7
ce9e1a58b58940039ae841466198b72ea21cc90584039a9294b47f5aef17ddfa,53478 1 53732 5 53987 7 54243 8 54499 8 54755 8 55011 8 55267 7 55523 7 55779 7 56036 5 56293 4
ce9e1a58b58940039ae841466198b72ea21cc90584039a9294b47f5aef17ddfa,30529 1 30786 2 31042 3 31298 3 31554 3 31809 4 32057 1 32065 4 32313 2 32319 6 32570 9 32827 8 33086 2
ce9e1a58b58940039ae841466198b72ea21cc90584039a9294b47f5aef17ddfa,48384 1 48639 2 48893 4 49148 5 49404 5 49660 5 49916 5 50172 5 50429 4 50687 2
ce9e1a58b58940039ae841466198b72ea21cc90584039a9294b47f5aef17ddfa,32191 3 32444 8 32698 12 32953 13 33208 15 33463 17 33718 18 33973 19 34229 19 34485 19 34741 19 34997 18 35253 18 35509 17 35765 17 36022 15 36279 12 36537 8 36794 6
ce9e1a58b58940039ae841466198b72ea21cc90584039a9294b47f5aef17ddfa,39685 7 39941 7 40196 8 40451 10 40707 10 40962 11 41218 11 41475 10 41731 10 41987 10 42244 8 42500 8 42758 4
ce9e1a58b58940039ae841466198b72ea21cc90584039a9294b47f5aef17ddfa,63149 5 63404 6 63659 7 63915 7 64171 6 64427 6 64684 4 64943 1
ce9e1a58b58940039ae841466198b72ea21cc90584039a9294b47f5aef17ddfa,62671 4 62924 10 63179 12 63434 14 63690 14 63945 16 64201 16 64456 17 64712 17 64967 18 65223 17 65478 18
ce9e1a58b58940039ae841466198b72ea21cc90584039a9294b47f5aef17ddfa,58708 6 58962 8 59217 9 59473 9 59728 9 59981 11 60237 10 60492 8 60501 1 60744 12 60999 13 61255 13 61511 11 61768 8 62025 6
ce9e1a58b58940039ae841466198b72ea21cc90584039a9294b47f5aef17ddfa,36152 4 36406 8 36661 11 36916 12 37172 12 37427 13 37682 14 37937 15 38193 15 38449 15 38704 15 38960 15 39216 15 39472 15 39728 15 39985 11 40242 9 40499 5
ce9e1a58b58940039ae841466198b72ea21cc90584039a9294b47f5aef17ddfa,1274 3 1525 11 1781 12 2036 13 2292 13 2547 14 2803 14 3058 15 3314 15 3569 16 3825 16 4080 17 4336 17 4592 17 4848 17 5104 17 5360 17 5616 16 5872 16 6129 14 6385 14 6642 12 6899 10 7156 7
ce9e1a58b58940039ae841466198b72ea21cc90584039a9294b47f5aef17ddfa,26383 8 26637 13 26892 15 27147 17 27402 18 27658 19 27913 20 28169 20 28425 21 28681 21 28937 21 29193 20 29449 20 29705 20 29962 19 30219 17 30476 15 30733 13 30991 10 31250 3
ce9e1a58b58940039ae841466198b72ea21cc90584039a9294b47f5aef17ddfa,51303 11 51557 14 51813 15 52068 16 52324 16 52580 16 52836 16 53091 17 53347 17 53603 15 53859 14 54117 11 54374 8 54631 5
ce9e1a58b58940039ae841466198b72ea21cc90584039a9294b47f5aef17ddfa,45566 3 45821 4 46076 5 46331 6 46587 6 46841 8 47097 8 47353 8 47609 8 47866 6 48123 5
ce9e1a58b58940039ae841466198b72ea21cc90584039a9294b47f5aef17ddfa,56472 2 56727 6 56983 7 57238 8 57494 8 57751 7 58008 6 58266 3
ce9e1a58b58940039ae841466198b72ea21cc90584039a9294b47f5aef17ddfa,62898 4 63154 5 63410 6 63666 8 63922 8 64177 9 64433 9 64688 10 64944 10 65204 5
ce9e1a58b58940039ae841466198b72ea21cc90584039a9294b47f5aef17ddfa,61866 5 62121 9 62377 9 62632 10 62888 10 63144 5 63402 2
ce9e1a58b58940039ae841466198b72ea21cc90584039a9294b47f5aef17ddfa,59285 3 59539 7 59795 7 60050 8 60305 9 60561 9 60817 8
ce9e1a58b58940039ae841466198b72ea21cc90584039a9294b47f5aef17ddfa,38846 5 39099 10 39354 11 39610 11 39865 13 40120 15 40376 17 40632 17 40888 18 41144 17 41400 17 41656 17 41912 15 42169 13 42425 12 42683 5 42940 2
ce9e1a58b58940039ae841466198b72ea21cc90584039a9294b47f5aef17ddfa,60855 5 61110 7 61366 7 61622 7 61879 6 62136 5 62392 5
ce9e1a58b58940039ae841466198b72ea21cc90584039a9294b47f5aef17ddfa,64283 9 64537 12 64792 15 65047 17 65303 19
