cf26c41245febfe67c2a1682cc4ee8752ee40ae3e49610314f45923b8bf5b08a,55879 9 56133 12 56387 14 56642 15 56898 14 57153 14 57409 13 57665 12 57922 9 58179 6
cf26c41245febfe67c2a1682cc4ee8752ee40ae3e49610314f45923b8bf5b08a,60188 8 60441 12 60696 13 60951 14 61206 15 61461 16 61717 15 61973 14 62229 13 62486 9
cf26c41245febfe67c2a1682cc4ee8752ee40ae3e49610314f45923b8bf5b08a,38632 6 38887 8 39142 10 39398 10 39653 11 39909 11 40165 11 40421 10 40677 10 40933 9 41189 9 41446 7
cf26c41245febfe67c2a1682cc4ee8752ee40ae3e49610314f45923b8bf5b08a,54223 4 54477 7 54732 9 54986 11 55241 12 55496 12 55752 12 56007 12 56263 11 56519 10 56776 7 57033 3
cf26c41245febfe67c2a1682cc4ee8752ee40ae3e49610314f45923b8bf5b08a,19864 4 20118 7 20372 10 20627 11 20881 13 21136 14 21391 15 21647 15 21903 14 22159 13 22415 12 22671 11 22928 8 23186 3
cf26c41245febfe67c2a1682cc4ee8752ee40ae3e49610314f45923b8bf5b08a,21164 3 21417 9 21672 11 21928 12 22184 12 22439 14 22695 14 22951 14 23208 12 23464 12 23720 11 23977 10 24233 9 24490 6
cf26c41245febfe67c2a1682cc4ee8752ee40ae3e49610314f45923b8bf5b08a,64112 5 64365 9 64619 12 64873 14 65128 16 65384 16
cf26c41245febfe67c2a1682cc4ee8752ee40ae3e49610314f45923b8bf5b08a,7855 6 8110 8 8365 10 8620 12 8876 13 9132 13 9387 14 9643 15 9899 15 10155 15 10411 15 10667 15 10923 15 11180 14 11436 14 11692 14 11948 14 12204 14 12461 12 12718 11 12974 10 13231 8 13489 4
cf26c41245febfe67c2a1682cc4ee8752ee40ae3e49610314f45923b8bf5b08a,37034 7 37287 11 37542 12 37796 14 38051 15 38306 16 38561 17 38816 17 39072 17 39327 17 39583 16 39839 15 40096 12 40352 11 40609 8
cf26c41245febfe67c2a1682cc4ee8752ee40ae3e49610314f45923b8bf5b08a,27892 2 28147 6 28403 7 28658 8 28914 8 29170 8 29425 9 29681 9 29937 9 30192 10 30448 10 30704 10 30960 9 31216 8 31472 8 31729 6
cf26c41245febfe67c2a1682cc4ee8752ee40ae3e49610314f45923b8bf5b08a,2609 11 2863 15 3118 17 3373 19 3629 20 3885 20 4141 19 4397 19 4653 19 4910 17 5167 15 5424 13 5681 9 5940 4
cf26c41245febfe67c2a1682cc4ee8752ee40ae3e49610314f45923b8bf5b08a,46447 6 46700 10 46954 13 47209 14 47465 14 47720 15 47976 14 48233 12 48490 10 48747 7
cf26c41245febfe67c2a1682cc4ee8752ee40ae3e49610314f45923b8bf5b08a,33621 4 33874 9 34129 11 34384 12 34639 14 34894 15 35149 16 35405 15 35661 15 35918 13 36175 11 36432 7
cf26c41245febfe67c2a1682cc4ee8752ee40ae3e49610314f45923b8bf5b08a,7513 6 7767 10 8022 12 8277 13 8533 13 8789 13 9045 13 9302 11 9559 9 9818 3
cf26c41245febfe67c2a1682cc4ee8752ee40ae3e49610314f45923b8bf5b08a,22099 4 22353 9 22608 12 22863 14 23119 15 23375 16 23632 16 23888 16 24145 15 24401 14 24658 13 24916 10 25174 6
cf26c41245febfe67c2a1682cc4ee8752ee40ae3e49610314f45923b8bf5b08a,23867 7 24122 10 24377 12 24632 14 24888 15 25145 14 25401 15 25658 14 25915 12 26173 9 26432 4
cf26c41245febfe67c2a1682cc4ee8752ee40ae3e49610314f45923b8bf5b08a,5002 5 5257 8 5513 9 5769 9 6026 8 6285 4
cf26c41245febfe67c2a1682cc4ee8752ee40ae3e49610314f45923b8bf5b08a,57971 4 58225 7 58479 10 58734 11 58989 12 59245 12 59501 12 59757 11 60013 10 60270 8 60527 5
cf26c41245febfe67c2a1682cc4ee8752ee40ae3e49610314f45923b8bf5b08a,41155 7 41410 9 41665 10 41920 11 42175 12 42431 12 42686 13 42942 13 43198 12 43454 11 43710 10 43966 9 44222 8 44479 6
cf26c41245febfe67c2a1682cc4ee8752ee40ae3e49610314f45923b8bf5b08a,8659 4 8914 7 9169 9 9425 9 9680 11 9936 12 10192 12 10448 12 10705 11 10961 11 11217 11 11474 9 11730 9 11987 7 12245 3
cf26c41245febfe67c2a1682cc4ee8752ee40ae3e49610314f45923b8bf5b08a,11112 9 11367 11 11622 12 11878 13 12134 13 12390 13 12646 12 12903 11 13161 8
cf26c41245febfe67c2a1682cc4ee8752ee40ae3e49610314f45923b8bf5b08a,58871 5 59126 7 59381 8 59636 9 59891 10 60146 11 60401 12 60656 13 60912 13 61168 12 61424 11 61680 10 61936 9 62193 6
cf26c41245febfe67c2a1682cc4ee8752ee40ae3e49610314f45923b8bf5b08a,56538 4 56792 7 57046 10 57301 12 57556 13 57811 14 58067 14 58322 14 58577 14 58833 14 59089 13 59346 11 59603 8 59860 5
cf26c41245febfe67c2a1682cc4ee8752ee40ae3e49610314f45923b8bf5b08a,46080 1 46335 2 46591 2 46846 3 47102 3 47358 3 47614 3 47870 3 48127 2 48384 1
cf26c41245febfe67c2a1682cc4ee8752ee40ae3e49610314f45923b8bf5b08a,21508 7 21762 11 22017 13 22273 15 22529 16 22785 18 23041 19 23297 19 23553 19 23811 17 24068 16 24325 14 24584 10
cf26c41245febfe67c2a1682cc4ee8752ee40ae3e49610314f45923b8bf5b08a,41244 3 41498 9 41753 12 42008 14 42263 16 42519 16 42775 16 43031 16 43288 14 43545 12 43805 6
cf26c41245febfe67c2a1682cc4ee8752ee40ae3e49610314f45923b8bf5b08a,91 8 347 8 604 7 860 7 1116 7 1372 6 1628 5 1884 5 2141 3
cf26c41245febfe67c2a1682cc4ee8752ee40ae3e49610314f45923b8bf5b08a,75 16 331 16 588 16 844 16 1100 16 1356 16 1613 15 1869 15 2126 14 2383 12 2641 9 2898 6
cf26c41245febfe67c2a1682cc4ee8752ee40ae3e49610314f45923b8bf5b08a,37756 6 38011 10 38267 12 38522 14 38778 14 39034 15 39290 15 39547 14 39804 13 40061 12 40318 10 40576 6
cf26c41245febfe67c2a1682cc4ee8752ee40ae3e49610314f45923b8bf5b08a,64715 8 64970 10 65225 11 65481 11
cf26c41245febfe67c2a1682cc4ee8752ee40ae3e49610314f45923b8bf5b08a,28 13 284 13 540 13 796 13 1052 13 1309 11 1568 6
cf26c41245febfe67c2a1682cc4ee8752ee40ae3e49610314f45923b8bf5b08a,59061 6 59315 9 59569 12 59824 13 60080 13 60335 14 60591 13 60847 13 61102 14 61358 13 61614 12 61871 10 62128 7 62386 2
cf26c41245febfe67c2a1682cc4ee8752ee40ae3e49610314f45923b8bf5b08a,31010 6 31263 10 31518 12 31773 14 32029 14 32285 14 32541 14 32797 14 33054 12 33311 9 33571 3
cf26c41245febfe67c2a1682cc4ee8752ee40ae3e49610314f45923b8bf5b08a,12325 5 12579 10 12834 12 13089 13 13345 14 13601 14 13857 13 14114 12 14371 10 14631 3
cf26c41245febfe67c2a1682cc4ee8752ee40ae3e49610314f45923b8bf5b08a,32715 5 32969 8 33224 10 33479 11 33735 11 33990 12 34246 12 34501 13 34757 13 35013 13 35269 12 35525 12 35781 11 36038 10 36295 8 36552 6
cf26c41245febfe67c2a1682cc4ee8752ee40ae3e49610314f45923b8bf5b08a,60496 6 60748 11 61002 13 61256 15 61511 15 61766 15 62022 14 62278 13 62534 11 62791 6
cf26c41245febfe67c2a1682cc4ee8752ee40ae3e49610314f45923b8bf5b08a,3659 8 3911 14 4166 16 4421 18 4676 19 4932 19 5188 19 5444 19 5701 18 5958 16 6215 13 6472 9
cf26c41245febfe67c2a1682cc4ee8752ee40ae3e49610314f45923b8bf5b08a,6725 8 6978 12 7232 15 7487 16 7743 16 7999 16 8255 15 8512 13 8770 9
cf26c41245febfe67c2a1682cc4ee8752ee40ae3e49610314f45923b8bf5b08a,50640 5 50894 8 51149 10 51404 11 51660 11 51916 11 52172 11 52429 10 52685 10 52942 8 53199 5
cf26c41245febfe67c2a1682cc4ee8752ee40ae3e49610314f45923b8bf5b08a,42752 1 43006 3 43261 4 43516 5 43772 5 44027 6 44283 6 44539 6 44795 6 45051 6 45308 5 45565 4
