d1ba6089cae2f90cb7275ece10ca393c25f60ea17e5c9c3cea2399d31fd41869,64394 4 64648 8 64904 9 65158 11 65415 10
d1ba6089cae2f90cb7275ece10ca393c25f60ea17e5c9c3cea2399d31fd41869,62378 2 62632 6 62887 8 63142 9 63398 9 63654 9 63910 9 64166 9
d1ba6089cae2f90cb7275ece10ca393c25f60ea17e5c9c3cea2399d31fd41869,64151 7 64405 9 64661 8 64916 8 65171 7 65427 7
d1ba6089cae2f90cb7275ece10ca393c25f60ea17e5c9c3cea2399d31fd41869,62206 3 62461 4 62717 4 62973 4 63229 4 63485 4 63741 4 63998 3
d1ba6089cae2f90cb7275ece10ca393c25f60ea17e5c9c3cea2399d31fd41869,50097 4 50351 9 50606 11 50862 11 51117 12 51373 12 51629 12 51885 12 52141 12 52397 12 52653 12 52910 11 53167 9 53424 7 53681 4
d1ba6089cae2f90cb7275ece10ca393c25f60ea17e5c9c3cea2399d31fd41869,92 7 348 7 604 7 861 7 1117 7 1374 6 1631 5 1888 3
d1ba6089cae2f90cb7275ece10ca393c25f60ea17e5c9c3cea2399d31fd41869,56271 5 56526 7 56782 7 57037 9 57293 9 57549 9 57805 10 58061 10 58318 9 58575 8 58834 4
d1ba6089cae2f90cb7275ece10ca393c25f60ea17e5c9c3cea2399d31fd41869,55799 5 56054 7 56309 9 56565 9 56820 10 57076 10 57332 10 57588 10 57844 9 58101 3
d1ba6089cae2f90cb7275ece10ca393c25f60ea17e5c9c3cea2399d31fd41869,60116 6 60370 8 60626 8 60882 8 61139 6 61397 3 61654 1
d1ba6089cae2f90cb7275ece10ca393c25f60ea17e5c9c3cea2399d31fd41869,47809 2 48063 6 48315 11 48570 13 48825 14 49081 14 49337 14 49593 13 49849 13 50105 12 50360 12 50617 10 50873 8 51129 2
d1ba6089cae2f90cb7275ece10ca393c25f60ea17e5c9c3cea2399d31fd41869,28673 2 28929 6 29185 7 29441 8 29697 8 29953 8 30209 8 30465 8 30721 8 30977 8 31233 7 31489 6 31745 5
d1ba6089cae2f90cb7275ece10ca393c25f60ea17e5c9c3cea2399d31fd41869,29977 3 30228 9 30483 11 30739 11 30995 11 31251 11 31508 10 31765 8 32021 7 32278 3
d1ba6089cae2f90cb7275ece10ca393c25f60ea17e5c9c3cea2399d31fd41869,37657 5 37912 7 38168 7 38424 7 38680 7 38936 7 39192 6 39449 3
d1ba6089cae2f90cb7275ece10ca393c25f60ea17e5c9c3cea2399d31fd41869,60133 9 60388 10 60644 11 60899 13 61155 13 61412 12 61668 11 61927 8 62184 6 62440 4
d1ba6089cae2f90cb7275ece10ca393c25f60ea17e5c9c3cea2399d31fd41869,49896 4 50151 6 50406 7 50661 9 50916 10 51172 10 51428 10 51685 10 51942 9 52200 7 52457 6 52713 6 52969 5 53225 5 53482 3
d1ba6089cae2f90cb7275ece10ca393c25f60ea17e5c9c3cea2399d31fd41869,35091 5 35346 7 35602 7 35859 6 36115 6 36373 3
d1ba6089cae2f90cb7275ece10ca393c25f60ea17e5c9c3cea2399d31fd41869,36368 5 36623 8 36878 10 37134 10 37389 11 37645 11 37901 11 38157 10 38413 6 38670 4 38927 2
d1ba6089cae2f90cb7275ece10ca393c25f60ea17e5c9c3cea2399d31fd41869,61098 5 61352 9 61607 10 61864 8 62120 8 62376 2 62380 4 62638 2
d1ba6089cae2f90cb7275ece10ca393c25f60ea17e5c9c3cea2399d31fd41869,63932 6 64187 8 64442 10 64698 11 64955 10 65211 10 65468 9
d1ba6089cae2f90cb7275ece10ca393c25f60ea17e5c9c3cea2399d31fd41869,61388 5 61644 5 61900 6 62157 5 62414 4 62672 2
d1ba6089cae2f90cb7275ece10ca393c25f60ea17e5c9c3cea2399d31fd41869,12030 3 12285 4 12541 4 12797 4 13053 4 13309 4 13566 3 13822 3 14077 4 14333 4 14589 4 14845 4 15101 4 15357 4 15613 4 15870 3
d1ba6089cae2f90cb7275ece10ca393c25f60ea17e5c9c3cea2399d31fd41869,27079 6 27334 9 27590 10 27846 11 28102 11 28358 11 28614 12 28870 12 29127 12 29383 12 29640 11 29898 9 30155 8 30413 5
