d1dbc6ee7c44a7027e935d040e496793186b884a1028d0e26284a206c6f5aff0,64260 4 64515 6 64771 7 65027 8 65283 8
d1dbc6ee7c44a7027e935d040e496793186b884a1028d0e26284a206c6f5aff0,21715 9 21969 11 22224 12 22479 13 22734 15 22990 16 23245 17 23501 18 23757 18 24014 17 24270 17 24526 17 24783 16 25040 12 25296 12 25553 10 25812 7
d1dbc6ee7c44a7027e935d040e496793186b884a1028d0e26284a206c6f5aff0,55825 5 56080 6 56336 7 56592 7 56849 6 57106 5 57363 3
d1dbc6ee7c44a7027e935d040e496793186b884a1028d0e26284a206c6f5aff0,12419 3 12674 5 12930 6 13186 6 13442 6 13698 7 13954 6 14210 5 14467 4 14725 1
d1dbc6ee7c44a7027e935d040e496793186b884a1028d0e26284a206c6f5aff0,31031 4 31286 7 31540 10 31796 10 32052 10 32307 10 32562 11 32818 11 33074 11 33330 11 33586 10 33842 10 34097 11 34353 9 34610 8 34867 7 35124 5
d1dbc6ee7c44a7027e935d040e496793186b884a1028d0e26284a206c6f5aff0,33068 2 33322 6 33578 7 33834 7 34090 7 34346 7 34602 7 34858 7 35114 6 35372 4 35628 3 35884 3
d1dbc6ee7c44a7027e935d040e496793186b884a1028d0e26284a206c6f5aff0,32255 2 32507 6 32761 8 33016 9 33271 10 33526 11 33782 11 34038 11 34292 13 34548 13 34804 13 35060 13 35316 13 35573 12 35829 12 36086 11 36343 10 36600 9 36857 8 37117 4
d1dbc6ee7c44a7027e935d040e496793186b884a1028d0e26284a206c6f5aff0,28898 8 29153 11 29407 16 29662 18 29918 19 30174 19 30429 20 30685 21 30941 21 31197 21 31454 20 31710 20 31966 19 32222 18 32479 16 32737 12 32993 11 33251 8 33508 5
d1dbc6ee7c44a7027e935d040e496793186b884a1028d0e26284a206c6f5aff0,4719 6 4976 5 5233 5 5489 5 5746 4 6003 1
d1dbc6ee7c44a7027e935d040e496793186b884a1028d0e26284a206c6f5aff0,31279 3 31534 4 31790 5 32046 5 32301 6 32557 5 32813 5 33070 4
d1dbc6ee7c44a7027e935d040e496793186b884a1028d0e26284a206c6f5aff0,30153 9 30407 13 30662 15 30917 17 31173 17 31429 18 31685 18 31940 19 32196 20 32452 20 32708 20 32964 19 33221 18 33477 18 33734 16 33991 15 34247 14 34504 12
d1dbc6ee7c44a7027e935d040e496793186b884a1028d0e26284a206c6f5aff0,34763 5 35016 10 35271 11 35527 11 35783 11 36039 10 36295 10 36551 10 36807 7 37064 6
d1dbc6ee7c44a7027e935d040e496793186b884a1028d0e26284a206c6f5aff0,12285 3 12540 5 12796 5 13052 5 13309 3
d1dbc6ee7c44a7027e935d040e496793186b884a1028d0e26284a206c6f5aff0,9330 4 9586 4 9841 5 10096 6 10352 6 10608 7 10864 7 11120 7 11376 7 11632 8 11889 7 12148 4
d1dbc6ee7c44a7027e935d040e496793186b884a1028d0e26284a206c6f5aff0,14986 6 15242 7 15497 8 15753 7 16009 7 16266 5
d1dbc6ee7c44a7027e935d040e496793186b884a1028d0e26284a206c6f5aff0,34609 1 34865 2 35120 4 35376 9 35631 11 35887 12 36143 12 36399 10 36658 2 36662 1
d1dbc6ee7c44a7027e935d040e496793186b884a1028d0e26284a206c6f5aff0,9078 6 9334 7 9590 8 9846 9 10102 9 10358 10 10615 9 10871 9 11127 9 11383 9 11640 8 11896 7 12152 7
