d2815f2f616d92be35c7e8dcfe592deec88516aef9ffc9b21257f52b7d6d0354,28278 6 28533 9 28784 2 28787 12 29039 17 29295 18 29551 18 29806 19 30062 19 30319 18 30575 18 30831 17 31088 16 31345 14 31601 13 31858 11 32117 5
d2815f2f616d92be35c7e8dcfe592deec88516aef9ffc9b21257f52b7d6d0354,30378 3 30633 6 30889 7 31143 9 31398 11 31654 11 31909 12 32165 12 32420 13 32676 13 32932 13 33188 13 33445 12 33701 11 33957 11 34214 9 34471 7
d2815f2f616d92be35c7e8dcfe592deec88516aef9ffc9b21257f52b7d6d0354,58879 2 59134 3 59389 4 59644 5 59900 5 60156 5 60412 5 60668 5 60923 6 61179 6 61435 6 61691 6 61947 6 62202 7 62458 7 62715 4 62971 2
d2815f2f616d92be35c7e8dcfe592deec88516aef9ffc9b21257f52b7d6d0354,22464 4 22719 13 22974 16 23229 17 23484 18 23740 18 23995 19 24251 18 24506 19 24762 18 25018 17 25274 16 25533 12 25789 10 26046 3
d2815f2f616d92be35c7e8dcfe592deec88516aef9ffc9b21257f52b7d6d0354,53517 8 53772 10 54027 12 54282 13 54538 14 54794 15 55049 17 55306 16 55562 17 55818 18 56075 19 56331 19 56590 16 56844 18 57101 16 57358 14 57615 12 57872 10 58131 5
d2815f2f616d92be35c7e8dcfe592deec88516aef9ffc9b21257f52b7d6d0354,4781 6 5035 11 5290 12 5546 11 5802 11 6057 12 6313 11 6568 11 6824 12 6837 1 7080 14 7335 13 7591 11 7850 8 8106 7 8362 5
d2815f2f616d92be35c7e8dcfe592deec88516aef9ffc9b21257f52b7d6d0354,48114 6 48369 10 48624 12 48880 12 49136 13 49393 12 49649 12 49906 10 50163 8 50421 6
d2815f2f616d92be35c7e8dcfe592deec88516aef9ffc9b21257f52b7d6d0354,17784 7 18039 10 18294 12 18549 14 18804 16 19059 18 19315 18 19571 19 19827 19 20083 19 20339 19 20595 19 20852 17 21108 17 21365 15 21622 13 21879 11 22137 7
d2815f2f616d92be35c7e8dcfe592deec88516aef9ffc9b21257f52b7d6d0354,48825 6 49079 8 49335 8 49591 8 49846 9 50102 9 50358 8 50615 6 50871 4
d2815f2f616d92be35c7e8dcfe592deec88516aef9ffc9b21257f52b7d6d0354,20225 1 20481 2 20737 3 20993 3 21249 3 21505 3 21761 3 22017 3 22273 3 22529 2 22785 1
d2815f2f616d92be35c7e8dcfe592deec88516aef9ffc9b21257f52b7d6d0354,50255 9 50509 13 50764 15 51019 17 51274 19 51530 19 51786 20 52041 21 52297 21 52553 21 52809 21 53065 21 53322 20 53578 20 53835 19 54092 15 54349 14 54606 13 54864 9
d2815f2f616d92be35c7e8dcfe592deec88516aef9ffc9b21257f52b7d6d0354,50930 13 51186 15 51441 16 51696 17 51952 17 52208 17 52464 17 52720 17 52977 16 53233 16 53490 15 53747 14 54006 11 54266 7 54524 5
d2815f2f616d92be35c7e8dcfe592deec88516aef9ffc9b21257f52b7d6d0354,25377 8 25632 10 25886 13 26142 15 26397 17 26653 17 26909 18 27165 18 27421 18 27678 17 27934 17 28191 16 28448 15 28708 11 28964 10 29222 8 29478 7 29734 6 29992 3
d2815f2f616d92be35c7e8dcfe592deec88516aef9ffc9b21257f52b7d6d0354,55950 6 56204 10 56459 13 56715 14 56970 16 57226 17 57481 18 57737 19 57993 19 58249 19 58506 18 58762 18 59018 18 59275 17 59533 14 59789 14 60046 12 60303 10 60561 7
