d2ce593bddf9998ce3b76328c0151d0ba4b644c293aca7f6254e521c448b305f,60287 5 60541 9 60796 11 61051 14 61307 16 61563 16 61819 16 62075 17 62331 17 62587 18 62843 18 63100 17 63356 17 63613 16 63870 15 64127 13 64384 12 64641 11 64899 7 65157 4
d2ce593bddf9998ce3b76328c0151d0ba4b644c293aca7f6254e521c448b305f,4694 1 4949 4 5204 6 5459 7 5715 8 5970 9 6225 10 6481 10 6736 10 6992 10 7248 10 7504 10 7759 11 8015 10 8271 9 8527 9 8783 8 9040 5 9297 2
d2ce593bddf9998ce3b76328c0151d0ba4b644c293aca7f6254e521c448b305f,29977 8 30232 10 30488 11 30743 13 30999 14 31255 14 31510 15 31766 15 32022 15 32279 13 32535 13 32792 12 33048 11 33305 10 33562 8 33819 5
d2ce593bddf9998ce3b76328c0151d0ba4b644c293aca7f6254e521c448b305f,17420 4 17676 7 17932 8 18188 8 18444 9 18700 9 18957 8 19213 8 19469 8 19726 7 19983 6
d2ce593bddf9998ce3b76328c0151d0ba4b644c293aca7f6254e521c448b305f,59828 6 60083 8 60339 9 60595 10 60850 11 61106 12 61362 12 61618 12 61874 12 62131 11 62387 11 62643 11 62900 9 63157 7 63414 5
d2ce593bddf9998ce3b76328c0151d0ba4b644c293aca7f6254e521c448b305f,16745 4 17000 6 17256 7 17511 8 17767 8 18023 8 18279 8 18535 8 18791 7 19047 7 19303 7 19559 6 19816 5 20073 3
d2ce593bddf9998ce3b76328c0151d0ba4b644c293aca7f6254e521c448b305f,1583 4 1837 7 2092 9 2348 10 2603 11 2859 11 3114 12 3370 12 3625 12 3881 12 4137 11 4393 11 4650 8 4907 6
d2ce593bddf9998ce3b76328c0151d0ba4b644c293aca7f6254e521c448b305f,39015 3 39270 5 39525 7 39780 9 40036 9 40291 11 40546 13 40802 14 41058 14 41314 14 41570 13 41827 12 42083 11 42340 10 42597 8 42857 2
d2ce593bddf9998ce3b76328c0151d0ba4b644c293aca7f6254e521c448b305f,7133 4 7388 6 7644 7 7900 8 8156 8 8412 9 8668 9 8924 9 9180 9 9437 8 9694 6 9952 3
d2ce593bddf9998ce3b76328c0151d0ba4b644c293aca7f6254e521c448b305f,15379 6 15632 10 15886 12 16141 14 16395 16 16651 16 16907 16 17163 16 17424 10 17683 6
d2ce593bddf9998ce3b76328c0151d0ba4b644c293aca7f6254e521c448b305f,9661 6 9916 8 10170 11 10425 13 10680 14 10936 15 11192 15 11448 14 11705 13 11961 13 12219 10
d2ce593bddf9998ce3b76328c0151d0ba4b644c293aca7f6254e521c448b305f,29857 6 30111 9 30366 11 30621 12 30877 12 31132 13 31388 12 31644 12 31900 12 32156 11 32413 8 32670 4
