d4d6c683f249d82518431603bf0206d05f2114ac871a99ffade0f5f61cf167e1,25226 9 25480 13 25735 15 25990 17 26245 19 26501 19 26757 19 27013 19 27269 18 27526 17 27783 15 28040 12 28298 8
d4d6c683f249d82518431603bf0206d05f2114ac871a99ffade0f5f61cf167e1,31212 10 31466 14 31721 15 31976 17 32232 17 32488 17 32744 17 33000 16 33257 15 33514 12 33772 8
d4d6c683f249d82518431603bf0206d05f2114ac871a99ffade0f5f61cf167e1,40105 5 40360 8 40615 12 40871 13 41127 13 41383 13 41639 14 41895 14 42152 13 42409 12 42666 11 42923 10 43180 8 43438 5
d4d6c683f249d82518431603bf0206d05f2114ac871a99ffade0f5f61cf167e1,44371 3 44624 8 44879 10 45135 10 45390 12 45646 12 45901 13 46157 13 46413 12 46669 12 46925 12 47181 12 47437 11 47693 11 47949 10 48206 8 48463 5
d4d6c683f249d82518431603bf0206d05f2114ac871a99ffade0f5f61cf167e1,8654 5 8907 10 9161 13 9416 15 9670 17 9925 18 10181 18 10436 19 10692 19 10947 20 11203 20 11459 20 11715 19 11971 18 12228 15 12484 14 12741 11 12999 8
d4d6c683f249d82518431603bf0206d05f2114ac871a99ffade0f5f61cf167e1,50573 6 50828 9 51083 12 51339 13 51595 14 51851 15 52107 15 52364 14 52620 14 52877 13 53135 11 53393 8 53652 3
d4d6c683f249d82518431603bf0206d05f2114ac871a99ffade0f5f61cf167e1,52571 7 52826 9 53081 11 53337 11 53593 12 53849 12 54105 12 54361 12 54617 12 54873 11 55130 9 55387 7
d4d6c683f249d82518431603bf0206d05f2114ac871a99ffade0f5f61cf167e1,32008 1 32260 7 32513 11 32769 11 33025 11 33281 11 33537 11 33793 11 34049 9 34305 8 34561 6 34818 2
d4d6c683f249d82518431603bf0206d05f2114ac871a99ffade0f5f61cf167e1,42368 5 42622 8 42878 9 43134 10 43389 11 43645 12 43901 12 44157 13 44414 12 44671 11 44927 10 45184 9 45442 6
d4d6c683f249d82518431603bf0206d05f2114ac871a99ffade0f5f61cf167e1,60799 5 61054 8 61309 10 61565 11 61821 12 62077 12 62334 12 62590 12 62846 12 63103 11 63360 10 63617 9 63873 8 64131 4
