d4d88391bc399a3715440d4da9f8b7a973e010dc1edd9551df2e5a538685add5,56881 4 57241 8 57601 9 57961 11 58321 11 58681 12 59041 13 59401 13 59761 13 60121 13 60481 13 60841 13 61201 13 61561 14 61921 14 62281 14 62641 14 63001 14 63361 14 63721 14 64081 14 64441 14 64801 14 65161 16 65521 16 65881 16 66241 16 66601 16 66961 16 67321 16 67681 15 68041 15 68401 13 68761 13 69121 13 69481 12 69841 12 70201 12 70561 11 70921 11 71281 10 71641 9 72001 9 72361 9 72721 8 73081 7 73441 6 73801 6 74161 4 74521 3 74881 3 75241 2 75601 2 75961 1
d4d88391bc399a3715440d4da9f8b7a973e010dc1edd9551df2e5a538685add5,129544 42
d4d88391bc399a3715440d4da9f8b7a973e010dc1edd9551df2e5a538685add5,12479 4 12837 6 13195 5 13201 4 13553 13 13912 14 14271 16 14630 18 14989 19 15349 20 15708 4 15713 17 16068 4 16073 19 16428 25 16787 26 17145 30 17505 31 17865 31 18225 31 18585 31 18945 31 19305 31 19665 29 20025 29 20385 29 20745 29 21106 29 21466 4 21471 23 21826 28 22186 28 22548 26 22908 25 23268 25 23629 23 23990 3 23994 17 24350 21 24712 18 25073 17 25434 14 25796 12 26157 10 26521 5
d4d88391bc399a3715440d4da9f8b7a973e010dc1edd9551df2e5a538685add5,76598 1 76600 14 76954 22 77312 25 77671 28 78029 31 78388 33 78748 35 79107 37 79466 38 79825 40 80185 40 80544 42 80904 42 81263 43 81622 45 81982 45 82342 45 82701 42 82744 3 83061 46 83420 47 83779 48 84138 49 84497 50 84857 50 85217 50 85577 50 85936 51 86295 52 86655 51 87014 52 87373 53 87732 53 88092 53 88451 53 88811 52 89170 52 89530 52 89890 50 90250 49 90610 48 90969 48 91329 47 91689 3 91693 43 92049 46 92409 34 92444 9 92769 30 92800 11 93130 26 93159 10 93491 5 93497 14 93516 10 93851 33 94212 30 94574 24 94941 9
d4d88391bc399a3715440d4da9f8b7a973e010dc1edd9551df2e5a538685add5,41188 13 41546 18 41904 25 42263 28 42622 31 42979 35 43338 37 43696 40 44056 41 44415 42 44773 45 45132 46 45491 48 45851 49 46211 49 46571 49 46931 49 47291 49 47650 46 47697 3 48010 46 48057 3 48369 51 48729 51 49089 51 49449 51 49809 50 50169 49 50529 47 50889 47 51250 45 51610 44 51970 44 52331 42 52691 42 53052 40 53412 39 53773 37 54134 35 54495 33 54856 31 55217 28 55577 8 55586 18 55939 6 55949 12 56312 5
d4d88391bc399a3715440d4da9f8b7a973e010dc1edd9551df2e5a538685add5,6011 16 6368 21 6728 22 7086 7 7094 17 7446 26 7806 27 8166 28 8525 30 8885 31 9244 33 9604 34 9964 35 10323 36 10683 37 11043 37 11403 38 11763 38 12123 39 12483 39 12844 38 13205 37 13566 36 13926 36 14287 35 14648 34 15008 34 15369 33 15730 31 16092 29 16453 27 16813 26 17175 22 17536 20 17896 19 18258 16 18619 14
d4d88391bc399a3715440d4da9f8b7a973e010dc1edd9551df2e5a538685add5,216 37 575 38 932 41 1289 44 1647 46 2005 48 2362 51 2721 52 3079 52 3438 53 3797 54 4156 54 4515 54 4874 55 5233 56 5592 57 5952 56 6311 57 6671 57 7031 55 7391 55 7751 55 8110 56 8470 55 8829 56 9189 54 9549 52 9909 51 10269 12 10282 37 10629 50 10989 49 11349 49 11709 48 12069 48 12429 47 12789 46 13150 44 13510 43 13870 42 14231 40 14591 39 14952 37 15312 36 15673 35 16033 34 16394 31 16755 29 17116 27 17477 24 17837 23 18199 20 18560 17 18922 14 19284 10
d4d88391bc399a3715440d4da9f8b7a973e010dc1edd9551df2e5a538685add5,49674 6 50031 10 50390 11 50749 7 50757 4 51108 13 51468 13 51827 14 52187 14 52547 14 52907 14 53267 14 53626 15 53986 15 54346 15 54706 15 55065 16 55425 16 55785 16 56145 16 56504 17 56864 17 57224 17 57584 17 57944 17 58304 17 58664 17 59024 17 59384 17 59744 17 60104 17 60463 18 60823 18 61183 18 61542 19 61902 19 62262 19 62621 20 62981 20 63341 20 63700 21 64060 21 64420 21 64780 21 65140 21 65500 21 65860 21 66220 21 66580 21 66940 21 67300 21 67661 20 68021 20 68381 20 68741 20 69101 20 69461 20 69821 20 70182 19 70542 19 70903 18 71264 17 71625 16 71987 3 71992 7
d4d88391bc399a3715440d4da9f8b7a973e010dc1edd9551df2e5a538685add5,79368 8 79723 14 80079 19 80437 24 80796 27 81155 30 81514 34 81874 36 82233 39 82593 4 82598 36 82953 43 83312 4 83317 40 83672 46 84032 47 84391 50 84751 50 85111 51 85471 51 85831 52 86191 52 86551 52 86911 52 87271 52 87631 53 87992 52 88352 52 88712 53 89073 52 89434 51 89795 51 90155 51 90516 50 90876 50 91238 48 91598 48 91958 48 92319 47 92679 46 93040 45 93401 44 93761 44 94122 42 94483 41 94843 41 95203 5 95209 34 95564 39 95924 39 96285 37 96646 35 97007 5 97013 27 97367 32 97729 30 98089 6 98096 22 98450 6 98457 20 98811 26 99173 24 99534 22 99895 20 100256 18 100618 16 100981 11 101344 6
d4d88391bc399a3715440d4da9f8b7a973e010dc1edd9551df2e5a538685add5,55516 8 55874 12 56232 16 56589 20 56947 23 57306 25 57666 25 58026 27 58386 29 58745 31 59105 32 59464 34 59824 34 60184 35 60544 37 60903 39 61263 40 61623 40 61983 41 62343 42 62703 43 63063 44 63423 45 63783 45 64144 45 64504 46 64864 47 65224 48 65584 48 65945 48 66305 48 66665 48 67026 48 67386 48 67746 48 68107 47 68467 47 68828 46 69189 45 69549 45 69910 44 70270 44 70631 43 70992 41 71353 40 71714 39 72075 38 72437 36 72798 35 73158 35 73519 34 73880 33 74241 31 74603 28 74965 25 75326 24 75690 17 76054 10
d4d88391bc399a3715440d4da9f8b7a973e010dc1edd9551df2e5a538685add5,45689 8 46047 14 46406 16 46765 19 47124 20 47483 22 47843 22 48203 23 48562 25 48922 25 49281 26 49641 26 50000 28 50360 28 50720 28 51079 29 51439 29 51798 29 52158 29 52518 29 52877 30 53236 31 53596 30 53955 31 54315 31 54674 32 55034 31 55393 32 55753 9 55763 22 56112 33 56470 34 56828 36 57186 38 57544 40 57903 41 58262 42 58622 42 58981 43 59341 43 59701 42 60061 42 60421 42 60781 41 61140 42 61500 42 61860 42 62220 42 62580 41 62940 41 63300 41 63660 40 64020 39 64380 39 64740 38 65100 38 65460 38 65820 37 66181 35 66542 33 66903 31 67263 30 67624 28 67986 25 68347 23 68709 20
d4d88391bc399a3715440d4da9f8b7a973e010dc1edd9551df2e5a538685add5,29979 16 30333 26 30690 32 31049 35 31405 40 31763 43 32119 47 32479 47 32839 48 33197 51 33556 52 33915 54 34274 55 34633 56 34993 56 35351 58 35710 56 36069 57 36428 58 36788 58 37148 57 37508 56 37868 55 38228 54 38588 53 38949 51 39309 51 39670 48 40031 45 40392 41 40753 38 41114 35 41475 33 41836 30 42197 26 42559 22 42921 16 43287 6
d4d88391bc399a3715440d4da9f8b7a973e010dc1edd9551df2e5a538685add5,23573 7 23933 7 24293 8 24653 8 25013 8 25374 7 25734 7 26095 6
d4d88391bc399a3715440d4da9f8b7a973e010dc1edd9551df2e5a538685add5,105163 6 105521 11 105878 16 106237 19 106595 22 106954 24 107314 25 107672 28 108032 29 108391 30 108751 31 109110 33 109470 33 109829 35 110189 35 110549 36 110908 37 111268 38 111628 38 111988 39 112348 39 112708 39 113068 39 113428 39 113788 40 114148 40 114508 40 114868 41 115228 41 115588 41 115949 40 116309 40 116669 41 117029 41 117390 40 117750 40 118111 39 118471 40 118831 39 119192 39 119553 38 119913 39 120273 39 120634 37 120995 36 121356 35 121716 35 122077 34 122437 34 122798 32 123159 31 123520 28 123881 27 124242 25 124603 23 124964 21 125326 18 125688 15 126050 11
d4d88391bc399a3715440d4da9f8b7a973e010dc1edd9551df2e5a538685add5,103318 3 103677 4 104037 4 104397 4 104757 4 105117 4 105477 4 105837 4 106197 4 106557 4 106917 4 107277 4 107637 4 107997 4 108357 4 108717 4 109077 4 109437 4 109797 4 110157 4 110517 4 110878 3
d4d88391bc399a3715440d4da9f8b7a973e010dc1edd9551df2e5a538685add5,117 55 477 56 837 57 1196 59 1556 59 1916 46 1964 12 2276 48 2325 11 2635 62 2995 62 3355 50 3406 12 3715 63 4075 63 4435 63 4794 64 5154 64 5514 64 5874 64 6234 64 6594 64 6954 64 7314 64 7674 64 8034 64 8394 64 8754 64 9114 64 9474 63 9835 62 10196 60 10557 58 10918 55 11279 54 11641 51 12002 49 12363 36 12400 3 12405 5 12725 44 13086 42 13448 39 13809 16 13826 9 14171 12
d4d88391bc399a3715440d4da9f8b7a973e010dc1edd9551df2e5a538685add5,14548 6 14905 11 15264 14 15623 15 15981 18 16340 19 16699 22 17058 23 17417 25 17776 27 18136 27 18495 30 18855 31 19214 33 19574 34 19933 35 20293 36 20653 36 21012 37 21372 37 21731 39 22091 39 22451 39 22810 40 23169 41 23529 41 23889 41 24249 41 24609 41 24969 41 25329 41 25690 40 26050 40 26410 40 26771 39 27131 39 27492 39 27853 38 28214 38 28575 38 28938 36 29301 33 29664 31 30027 28 30389 26 30751 24 31112 23 31474 21 31836 13 31851 4 32198 17 32562 13 32926 8
d4d88391bc399a3715440d4da9f8b7a973e010dc1edd9551df2e5a538685add5,52834 10 53194 13 53552 17 53909 22 54267 25 54626 27 54985 28 55344 30 55702 32 56061 33 56420 34 56780 34 57139 35 57498 36 57857 37 58217 37 58576 39 58935 40 59295 40 59655 40 60014 41 60374 41 60734 41 61094 41 61454 40 61814 40 62174 40 62533 41 62893 41 63253 41 63613 41 63973 41 64332 42 64692 42 65052 42 65412 42 65772 42 66132 42 66492 42 66852 42 67212 42 67572 42 67932 42 68292 41 68653 40 69013 40 69373 40 69734 39 70095 38 70456 36 70817 34 71178 33 71540 30 71902 27 72263 25 72625 22 72986 20 73347 18 73709 17 74070 13 74431 9 74793 7
d4d88391bc399a3715440d4da9f8b7a973e010dc1edd9551df2e5a538685add5,104726 5 105082 11 105442 12 105800 8 105809 7 106158 19 106516 21 106874 24 107233 26 107591 29 107951 30 108309 32 108669 33 109029 33 109388 34 109748 35 110107 36 110466 37 110826 37 111185 38 111543 40 111903 40 112263 40 112622 41 112981 42 113341 42 113701 42 114060 43 114420 43 114780 42 115139 44 115499 43 115859 43 116219 43 116578 44 116938 44 117298 42 117658 42 118018 42 118378 42 118738 41 119099 40 119458 40 119819 38 120179 38 120539 38 120899 37 121259 37 121619 36 121979 36 122340 35 122700 34 123059 34 123419 34 123779 34 124140 32 124500 32 124860 31 125221 30 125581 29 125942 28 126302 28 126663 27 127023 26 127383 27 127744 25 128105 23 128465 21 128826 20 129187 19
d4d88391bc399a3715440d4da9f8b7a973e010dc1edd9551df2e5a538685add5,124417 8 124772 16 125131 20 125490 23 125849 25 126208 27 126567 29 126926 30 127285 32 127644 33 128003 34 128362 35 128720 37 129080 38 129440 5 129446 27 129474 4
d4d88391bc399a3715440d4da9f8b7a973e010dc1edd9551df2e5a538685add5,12337 13 12695 19 13054 23 13414 25 13774 27 14131 31 14491 32 14851 33 15210 35 15570 36 15930 37 16290 38 16650 39 17010 39 17370 39 17730 24 17755 13 18090 38 18450 27 18478 11 18810 28 18839 10 19170 39 19530 39 19890 39 20250 39 20611 38 20971 38 21331 38 21692 37 22052 37 22412 36 22773 35 23134 33 23495 32 23857 32 24218 31 24579 30 24940 29 25301 28 25662 28 26023 27 26384 26 26745 25 27106 24 27468 23 27829 22 28190 21 28552 18 28914 15
d4d88391bc399a3715440d4da9f8b7a973e010dc1edd9551df2e5a538685add5,87249 16 87606 20 87965 22 88324 25 88683 27 89040 31 89400 33 89760 34 90120 35 90478 38 90837 39 91196 41 91555 43 91914 44 92272 47 92631 48 92990 50 93350 50 93709 51 94069 50 94429 50 94789 51 95149 51 95509 51 95869 52 96229 52 96589 53 96949 53 97309 53 97669 53 98029 53 98389 53 98750 52 99110 52 99470 52 99830 52 100191 50 100551 49 100912 48 101273 46 101634 45 101996 41 102356 39 102717 37 103078 35 103439 32 103801 24
d4d88391bc399a3715440d4da9f8b7a973e010dc1edd9551df2e5a538685add5,22974 10 23334 13 23687 21 24046 23 24404 27 24762 29 25120 32 25479 34 25836 37 26195 39 26553 41 26912 43 27268 47 27626 49 27985 50 28342 53 28700 55 29058 57 29416 58 29774 61 30132 63 30490 64 30848 66 31207 67 31566 67 31925 67 32284 68 32643 68 33002 69 33361 69 33721 68 34081 67 34441 65 34801 64 35160 64 35521 62 35881 61 36241 60 36601 59 36962 57 37322 57 37683 55 38044 53 38404 51 38766 48 39126 46 39487 42 39848 39 40209 36 40571 33 40932 29 41293 26 41655 23 42019 1 42021 15
d4d88391bc399a3715440d4da9f8b7a973e010dc1edd9551df2e5a538685add5,113139 11 113497 15 113855 19 114214 21 114573 23 114932 25 115291 27 115651 27 116010 29 116370 29 116729 31 117089 31 117448 32 117808 32 118167 34 118527 34 118886 35 119246 35 119606 35 119966 34 120325 36 120685 35 121045 35 121404 36 121764 36 122125 35 122484 36 122844 35 123205 34 123565 34 123925 33 124285 33 124645 33 125005 33 125365 32 125725 32 126085 32 126445 31 126805 31 127165 31 127525 30 127885 30 128245 30 128605 30 128965 29 129325 29
