d52958107d0b1f0288f50f346a833df3df485b92d5516cfcb536e73ab7adafd0,56083 4 56600 9 57116 15 57634 18 58152 22 58671 24 59190 25 59709 27 60229 27 60748 29 61267 30 61786 31 62306 31 62826 31 63346 31 63866 31 64386 31 64906 31 65426 32 65946 32 66466 32 66986 32 67506 32 68026 32 68546 32 69067 31 69587 30 70108 28 70629 26 71151 23 71672 20 72193 17 72716 11 73240 4
d52958107d0b1f0288f50f346a833df3df485b92d5516cfcb536e73ab7adafd0,262965 4 263484 6 264003 8 264522 9 265042 10 265561 11 266080 13 266600 14 267120 15 267640 16 268160 18 268680 19 269200 20 269721 20 270241 20 270761 21 271282 20 271802 20 272322 20 272843 19 273363 19 273883 20 274403 20 274924 19 275444 19 275965 18 276485 17 277006 16 277527 14 278048 12 278570 8
d52958107d0b1f0288f50f346a833df3df485b92d5516cfcb536e73ab7adafd0,77684 5 78202 8 78721 10 79240 12 79760 13 80280 13 80800 14 81320 14 81840 15 82360 16 82879 18 83399 18 83919 18 84439 18 84959 19 85479 19 85999 20 86519 21 87040 20 87561 20 88082 19 88602 19 89123 19 89643 19 90163 19 90684 18 91205 18 91726 17 92246 17 92766 17 93286 17 93807 17 94328 16 94849 15 95370 14 95891 12 96412 11 96933 9
d52958107d0b1f0288f50f346a833df3df485b92d5516cfcb536e73ab7adafd0,106519 3 107037 7 107556 9 108075 11 108595 12 109115 13 109635 16 110155 19 110675 21 111196 21 111716 22 112236 23 112757 23 113277 23 113798 23 114318 23 114838 24 115359 23 115879 23 116399 23 116919 23 117440 22 117960 22 118480 22 119000 22 119521 21 120041 20 120562 19 121083 17 121604 14 122126 11 122649 6
d52958107d0b1f0288f50f346a833df3df485b92d5516cfcb536e73ab7adafd0,234534 9 235051 15 235570 18 236089 20 236608 22 237127 24 237646 26 238165 28 238685 28 239205 29 239725 30 240246 29 240766 30 241286 30 241807 30 242327 30 242847 31 243368 30 243888 31 244409 30 244929 30 245450 29 245971 28 246492 27 247012 27 247533 26 248054 24 248575 23 249096 21 249617 20 250138 18 250659 16 251180 14 251701 12 252223 8 252745 4
d52958107d0b1f0288f50f346a833df3df485b92d5516cfcb536e73ab7adafd0,96755 7 97273 13 97791 16 98310 18 98829 20 99349 21 99869 22 100388 24 100908 24 101428 25 101948 25 102468 25 102988 26 103508 26 104029 25 104549 25 105069 25 105589 25 106109 25 106630 24 107150 23 107670 23 108191 22 108712 20 109233 18 109755 16 110276 14 110799 10 111321 4
d52958107d0b1f0288f50f346a833df3df485b92d5516cfcb536e73ab7adafd0,158610 2 159123 11 159641 15 160161 17 160681 18 161201 18 161721 19 162241 19 162761 19 163281 19 163801 19 164321 20 164841 20 165361 20 165881 21 166401 21 166921 21 167441 20 167961 20 168481 19 169001 18 169521 17 170041 15 170561 12 171081 11 171601 9 172121 7 172641 6 173161 4 173681 3
d52958107d0b1f0288f50f346a833df3df485b92d5516cfcb536e73ab7adafd0,70559 10 71076 14 71592 18 72109 22 72628 23 73145 26 73663 28 74181 30 74700 31 75218 33 75736 35 76255 35 76774 35 77293 35 77812 35 78331 35 78850 35 79370 34 79890 32 80409 31 80929 29 81449 27 81969 24 82489 21 83010 16 83531 11
d52958107d0b1f0288f50f346a833df3df485b92d5516cfcb536e73ab7adafd0,147022 10 147539 15 148058 18 148577 20 149096 22 149615 23 150135 24 150655 25 151175 25 151695 26 152214 28 152734 29 153254 29 153774 30 154294 30 154815 29 155335 29 155856 28 156376 27 156897 26 157418 25 157939 23 158460 19 158981 16 159503 13 160027 6
d52958107d0b1f0288f50f346a833df3df485b92d5516cfcb536e73ab7adafd0,263522 2 264041 4 264560 5 265080 6 265600 6 266121 5 266641 5 267162 3
d52958107d0b1f0288f50f346a833df3df485b92d5516cfcb536e73ab7adafd0,135269 8 135788 12 136307 18 136826 20 137345 22 137864 24 138384 24 138904 25 139423 27 139942 28 140462 29 140982 29 141503 28 142024 28 142544 28 143064 28 143584 28 144105 27 144625 27 145145 27 145665 27 146185 27 146705 27 147225 27 147745 27 148265 27 148785 28 149305 28 149828 25 150349 24 150870 23 151391 23 151912 22 152433 21 152954 19 153476 17 153997 16 154518 14 155040 11 155562 4
d52958107d0b1f0288f50f346a833df3df485b92d5516cfcb536e73ab7adafd0,450 30 970 30 1491 28 2012 27 2534 24 3056 21 3577 19 4099 15 4623 5
d52958107d0b1f0288f50f346a833df3df485b92d5516cfcb536e73ab7adafd0,333196 3 333713 18 334228 25 334745 29 335263 33 335781 36 336300 38 336819 40 337338 41 337858 41 338377 42 338896 43 339416 43 339936 43 340456 43 340976 42 341496 41 342016 40 342536 39 343057 36 343578 30 344100 23 344622 12
d52958107d0b1f0288f50f346a833df3df485b92d5516cfcb536e73ab7adafd0,152081 8 152599 12 153118 14 153637 16 154156 18 154675 20 155194 22 155714 22 156233 24 156752 25 157271 26 157790 27 158309 28 158829 27 159348 28 159868 28 160387 29 160907 28 161427 28 161947 27 162467 26 162987 25 163507 25 164026 25 164546 24 165065 24 165585 23 166104 22 166624 21 167144 19 167664 17 168184 14 168704 12 169224 10 169745 8
d52958107d0b1f0288f50f346a833df3df485b92d5516cfcb536e73ab7adafd0,121796 8 122314 13 122833 15 123353 15 123872 17 124392 18 124912 19 125432 20 125952 20 126473 19 126993 19 127513 19 128033 20 128553 21 129073 21 129593 21 130113 20 130633 20 131154 19 131674 19 132194 19 132714 19 133234 18 133754 18 134275 17 134795 17 135315 17 135836 15 136356 15 136876 15 137396 15 137917 13 138438 12 138958 11 139479 9 140000 7 140522 4
d52958107d0b1f0288f50f346a833df3df485b92d5516cfcb536e73ab7adafd0,205201 8 205718 13 206236 16 206755 17 207274 19 207793 21 208313 21 208832 22 209351 23 209871 24 210390 25 210909 26 211428 27 211948 27 212467 28 212987 28 213506 29 214026 29 214546 28 215065 29 215585 28 216105 28 216625 28 217145 28 217668 24 218190 21 218711 19 219232 17 219753 15 220277 10
d52958107d0b1f0288f50f346a833df3df485b92d5516cfcb536e73ab7adafd0,14220 5 14737 11 15255 17 15774 19 16293 21 16813 22 17332 24 17852 25 18373 24 18893 25 19413 26 19934 26 20455 25 20975 26 21496 25 22016 25 22537 24 23058 23 23578 23 24099 23 24620 22 25140 22 25661 21 26182 20 26703 19 27225 17 27746 16 28267 15 28789 12 29310 10 29833 6
d52958107d0b1f0288f50f346a833df3df485b92d5516cfcb536e73ab7adafd0,104993 8 105512 11 106031 13 106551 14 107070 16 107590 16 108110 16 108629 18 109149 19 109669 20 110189 21 110708 23 111228 23 111748 23 112268 23 112787 25 113307 25 113828 25 114348 25 114868 25 115389 24 115910 23 116431 22 116952 21 117473 20 117993 20 118514 19 119035 17 119556 16 120078 13 120599 11 121122 6
d52958107d0b1f0288f50f346a833df3df485b92d5516cfcb536e73ab7adafd0,117742 8 118261 11 118780 13 119300 14 119819 17 120339 18 120859 18 121379 19 121899 20 122419 21 122939 21 123459 22 123979 22 124499 23 125018 24 125538 24 126059 23 126579 24 127099 24 127619 24 128140 23 128660 23 129180 23 129700 23 130220 23 130740 22 131260 22 131781 21 132301 21 132822 20 133343 18 133864 16 134385 15 134906 13 135428 9 135951 4
d52958107d0b1f0288f50f346a833df3df485b92d5516cfcb536e73ab7adafd0,318314 7 318833 10 319351 14 319870 16 320390 16 320909 18 321429 18 321948 20 322468 21 322987 22 323507 23 324027 23 324547 23 325067 23 325586 25 326106 25 326626 25 327146 25 327665 26 328185 26 328705 26 329225 26 329745 26 330265 26 330785 26 331304 27 331824 27 332344 27 332864 27 333384 26 333904 26 334423 26 334943 26 335463 25 335983 25 336503 24 337023 23 337543 23 338063 22 338583 21 339104 19 339624 18 340145 16 340666 14 341187 11 341708 7
d52958107d0b1f0288f50f346a833df3df485b92d5516cfcb536e73ab7adafd0,19469 3 19987 9 20506 11 21025 13 21545 14 22064 16 22583 17 23103 18 23623 18 24142 19 24662 19 25181 20 25701 20 26221 20 26741 21 27261 21 27780 23 28300 24 28820 25 29340 25 29860 26 30381 25 30901 25 31421 25 31941 25 32461 25 32981 24 33501 23 34022 22 34542 21 35062 19 35583 16 36103 14 36624 12 37146 9
d52958107d0b1f0288f50f346a833df3df485b92d5516cfcb536e73ab7adafd0,243565 7 244081 14 244600 16 245119 19 245638 21 246157 24 246676 26 247196 28 247715 30 248235 30 248755 31 249275 32 249795 32 250315 33 250835 33 251355 34 251876 33 252396 33 252916 33 253437 32 253959 30 254480 29 255001 27 255521 27 256041 26 256562 25 257082 24 257603 22 258124 21 258645 20 259166 18 259688 15 260210 12 260733 8
d52958107d0b1f0288f50f346a833df3df485b92d5516cfcb536e73ab7adafd0,289382 4 289900 7 290419 10 290938 12 291458 13 291978 13 292498 13 293018 13 293537 15 294057 15 294577 16 295097 16 295617 16 296136 18 296656 18 297176 18 297696 19 298216 19 298735 20 299255 20 299775 20 300295 21 300815 21 301335 21 301855 22 302375 22 302895 23 303415 23 303936 22 304457 22 304978 21 305499 20 306020 19 306541 17 307062 13 307583 8 308104 6
d52958107d0b1f0288f50f346a833df3df485b92d5516cfcb536e73ab7adafd0,346847 9 347366 11 347885 12 348404 14 348923 15 349442 16 349961 17 350481 17 351001 17 351521 17 352041 16 352561 15 353081 14 353602 12 354123 11 354647 6 355168 4
d52958107d0b1f0288f50f346a833df3df485b92d5516cfcb536e73ab7adafd0,288582 9 289097 18 289615 21 290134 23 290159 2 290653 28 291173 28 291693 28 292214 27 292735 26 293257 24 293779 22 294301 20 294822 19 295343 18 295864 17 296384 17 296905 16 297425 16 297945 16 298466 15 298986 15 299506 15 300026 15 300547 14 301068 13 301588 13 302109 12 302630 11 303151 10 303673 8
d52958107d0b1f0288f50f346a833df3df485b92d5516cfcb536e73ab7adafd0,271884 8 272402 11 272920 15 273439 18 273958 20 274478 22 274997 24 275517 25 276037 26 276557 27 277077 28 277597 28 278117 28 278638 27 279158 27 279678 27 280198 27 280719 26 281240 25 281761 23 282282 21 282803 19 283324 15 283846 12 284370 7
d52958107d0b1f0288f50f346a833df3df485b92d5516cfcb536e73ab7adafd0,311855 6 312370 12 312887 17 313404 22 313921 27 314438 31 314957 32 315476 33 315994 35 316513 36 317032 37 317550 39 318069 40 318589 40 319110 39 319630 38 320151 36 320671 35 321192 33 321713 31 322234 29 322756 26 323279 22 323804 16 324328 11 324853 5
d52958107d0b1f0288f50f346a833df3df485b92d5516cfcb536e73ab7adafd0,328092 17 328611 21 329131 23 329650 25 330170 25 330690 26 331210 26 331730 27 332250 27 332770 27 333290 27 333810 27 334331 26 334851 26 335371 26 335892 25 336413 23 336933 23 337454 22 337975 21 338495 20 339016 17 339538 14 340059 12 340581 9
d52958107d0b1f0288f50f346a833df3df485b92d5516cfcb536e73ab7adafd0,345493 8 346012 11 346531 13 347049 16 347567 18 348086 20 348605 21 349120 26 349639 27 350158 28 350677 29 351195 31 351714 31 352233 32 352753 31 353272 31 353791 32 354310 32 354829 33 355349 32 355868 33 356388 32 356908 31 357427 31 357947 31 358467 30 358987 29 359507 28 360027 28 360547 27 361068 26 361588 25
d52958107d0b1f0288f50f346a833df3df485b92d5516cfcb536e73ab7adafd0,87253 21 87767 32 88283 39 88800 44 89319 47 89838 49 90357 51 90876 52 91396 53 91915 54 92435 54 92955 54 93475 54 93996 53 94516 52 95037 51 95558 49 96080 47 96602 44 97125 40 97648 35 98170 31 98692 26 99217 16
d52958107d0b1f0288f50f346a833df3df485b92d5516cfcb536e73ab7adafd0,239674 5 240193 7 240712 10 241231 12 241749 14 242268 16 242787 17 243305 19 243824 20 244343 21 244863 21 245383 21 245902 22 246422 22 246941 23 247461 23 247981 23 248501 23 249020 25 249540 25 250060 24 250579 24 251099 24 251619 23 252139 21 252660 19 253180 18 253701 16 254222 11 254743 5 255264 3 255785 2
d52958107d0b1f0288f50f346a833df3df485b92d5516cfcb536e73ab7adafd0,198155 5 198674 8 199194 9 199714 9 200233 11 200752 12 201272 13 201792 14 202312 14 202831 16 203351 16 203872 15 204393 15 204913 15 205433 16 205953 16 206472 17 206991 18 207511 18 208031 18 208552 17 209072 17 209593 16 210114 15 210634 15 211154 15 211674 14 212194 14 212714 13 213235 12 213755 11 214276 10 214796 9 215317 7 215838 5
d52958107d0b1f0288f50f346a833df3df485b92d5516cfcb536e73ab7adafd0,44526 11 45041 19 45558 23 46077 26 46595 29 47114 30 47633 32 48152 33 48671 35 49189 37 49708 38 50228 38 50747 39 51266 39 51786 39 52305 40 52825 40 53345 39 53864 40 54384 39 54904 39 55424 38 55944 38 56464 37 56984 36 57504 35 58025 33 58545 32 59066 30 59587 28 60108 25 60630 21 61153 14 61676 7
d52958107d0b1f0288f50f346a833df3df485b92d5516cfcb536e73ab7adafd0,287837 8 288356 11 288875 13 289394 16 289914 17 290434 18 290953 20 291472 22 291991 24 292511 24 293031 25 293552 25 294072 26 294593 25 295113 26 295633 26 296154 25 296674 26 297194 26 297715 25 298235 25 298755 25 299275 25 299795 24 300316 23 300836 22 301356 21 301880 15 302401 12 302923 8
d52958107d0b1f0288f50f346a833df3df485b92d5516cfcb536e73ab7adafd0,71736 5 72252 14 72771 19 73290 22 73809 24 74329 25 74848 28 75368 29 75888 30 76408 31 76928 31 77448 32 77968 33 78488 33 79009 32 79530 31 80050 31 80571 30 81092 29 81618 23 82139 22 82661 20 83187 14 83708 13 84229 12 84750 11 85271 10 85792 9 86313 8 86834 7 87356 5 87878 2
d52958107d0b1f0288f50f346a833df3df485b92d5516cfcb536e73ab7adafd0,11444 2 11961 14 12481 16 13001 17 13521 18 14041 19 14561 19 15081 20 15601 20 16121 20 16641 20 17161 20 17681 21 18201 21 18721 21 19241 20 19761 20 20281 20 20801 19 21321 18 21841 17 22361 16 22881 16 23401 15 23921 14 24441 12 24961 9
d52958107d0b1f0288f50f346a833df3df485b92d5516cfcb536e73ab7adafd0,191587 9 192105 12 192623 16 193141 19 193660 20 194178 23 194697 25 195217 25 195736 26 196256 26 196775 27 197294 28 197814 28 198334 28 198854 28 199374 27 199894 27 200414 26 200935 25 201455 24 201976 22 202496 20 203017 18 203538 16 204059 14 204580 11
d52958107d0b1f0288f50f346a833df3df485b92d5516cfcb536e73ab7adafd0,270710 7 271227 11 271744 15 272264 16 272783 18 273302 20 273821 22 274340 24 274860 25 275380 25 275900 25 276420 25 276940 25 277460 25 277981 24 278502 23 279023 22 279544 20 280066 17 280587 15 281108 12 281629 8 282150 2
d52958107d0b1f0288f50f346a833df3df485b92d5516cfcb536e73ab7adafd0,217658 10 218175 15 218694 17 219213 19 219732 21 220252 23 220772 23 221291 25 221811 25 222330 26 222850 27 223369 28 223889 28 224408 29 224928 28 225448 28 225968 27 226488 27 227008 26 227528 25 228048 24 228569 22 229090 20 229610 17 230131 14 230652 12 231173 8 231695 4
d52958107d0b1f0288f50f346a833df3df485b92d5516cfcb536e73ab7adafd0,25055 5 25573 10 26091 13 26610 15 27129 17 27648 18 28167 20 28686 21 29206 21 29725 22 30244 23 30764 23 31283 24 31803 24 32322 25 32842 25 33361 27 33880 28 34400 28 34919 28 35439 28 35959 28 36479 28 36999 27 37519 27 38039 26 38559 25 39080 23 39601 21 40122 18 40643 16 41165 10 41688 4
d52958107d0b1f0288f50f346a833df3df485b92d5516cfcb536e73ab7adafd0,261336 3 261854 9 262373 11 262890 15 263409 17 263928 19 264447 20 264966 21 265485 22 266004 23 266524 22 267043 23 267563 23 268084 21 268604 21 269124 21 269644 20 270163 21 270683 20 271203 20 271723 21 272244 20 272765 18 273285 17 273805 16 274325 15 274846 12 275367 10 275888 6 276409 4
d52958107d0b1f0288f50f346a833df3df485b92d5516cfcb536e73ab7adafd0,299875 2 300393 5 300906 13 301425 14 301942 18 302461 19 302980 20 303499 21 304018 22 304537 23 305056 24 305576 24 306095 25 306615 25 307134 26 307654 26 308173 27 308693 27 309212 28 309732 28 310252 28 310772 27 311292 27 311812 27 312332 27 312852 27 313372 26 313892 26 314412 26 314933 24 315453 23 315973 21 316493 20 317014 18 317535 15 318056 13 318577 10 319098 7
d52958107d0b1f0288f50f346a833df3df485b92d5516cfcb536e73ab7adafd0,95247 5 95765 12 96283 15 96802 17 97321 19 97840 20 98359 22 98878 23 99397 24 99917 24 100436 25 100956 25 101476 25 101995 26 102515 26 103035 26 103555 26 104074 27 104594 28 105114 28 105634 28 106154 27 106674 27 107194 26 107714 26 108234 26 108754 25 109275 24 109795 23 110315 23 110835 22 111356 20 111876 20 112396 19 112917 18 113439 15 113962 11 114484 8
d52958107d0b1f0288f50f346a833df3df485b92d5516cfcb536e73ab7adafd0,192987 6 193505 10 194023 14 194542 16 195062 17 195581 19 196101 20 196621 20 197141 21 197661 22 198181 23 198701 23 199221 24 199741 25 200261 25 200782 25 201302 25 201822 25 202343 24 202864 24 203384 24 203905 23 204425 23 204946 21 205467 20 205988 19 206508 19 207029 18 207550 16 208072 13 208594 10 209116 7
d52958107d0b1f0288f50f346a833df3df485b92d5516cfcb536e73ab7adafd0,15989 4 16506 11 17022 17 17541 20 18058 24 18576 26 19094 29 19613 30 20132 31 20652 31 21171 31 21691 31 22211 31 22732 29 23253 28 23774 26 24295 24 24816 23 25337 21 25858 19 26379 17 26900 15 27422 12 27943 10 28463 9 28984 5
d52958107d0b1f0288f50f346a833df3df485b92d5516cfcb536e73ab7adafd0,266236 5 266754 7 267273 8 267792 9 268311 10 268830 11 269349 12 269869 12 270388 13 270907 14 271426 15 271946 15 272466 15 272986 15 273505 16 274025 16 274545 16 275065 16 275585 16 276106 15 276626 15 277147 14 277668 13 278189 12 278711 10 279234 7
d52958107d0b1f0288f50f346a833df3df485b92d5516cfcb536e73ab7adafd0,241031 10 241550 12 242069 13 242588 14 243106 17 243625 18 244144 19 244662 21 245181 22 245701 22 246221 21 246741 21 247261 21 247780 21 248300 21 248820 21 249340 20 249860 20 250379 21 250899 20 251419 20 251939 20 252459 19 252979 18 253499 16 254019 15 254540 13 255059 13 255579 12 256100 10 256620 9 257141 7 257661 4
d52958107d0b1f0288f50f346a833df3df485b92d5516cfcb536e73ab7adafd0,254 22 774 22 1295 22 1815 22 2335 21 2855 20 3376 18 3896 18 4417 16 4937 13 5458 11 5980 8
d52958107d0b1f0288f50f346a833df3df485b92d5516cfcb536e73ab7adafd0,201189 10 201707 16 202226 21 202745 25 203265 28 203785 30 204304 33 204824 34 205344 35 205864 36 206384 37 206904 38 207425 37 207945 37 208466 36 208987 36 209508 35 210029 34 210550 33 211071 31 211592 30 212114 27 212635 25 213157 22 213680 17 214204 2 214208 7
d52958107d0b1f0288f50f346a833df3df485b92d5516cfcb536e73ab7adafd0,142960 7 143478 11 143996 14 144515 15 145033 18 145552 19 146071 20 146590 21 147109 22 147628 23 148148 23 148667 24 149186 25 149706 25 150225 25 150744 26 151263 27 151783 26 152303 26 152822 27 153342 26 153861 27 154381 26 154901 26 155421 25 155941 25 156461 24 156981 23 157501 23 158021 22 158541 21 159061 21 159581 20 160102 18 160622 17 161143 15 161664 12 162185 10 162707 4
d52958107d0b1f0288f50f346a833df3df485b92d5516cfcb536e73ab7adafd0,250536 10 251053 14 251571 17 252090 19 252609 20 253128 21 253647 22 254166 24 254685 25 255205 25 255725 24 256244 25 256764 25 257283 26 257803 26 258323 26 258843 26 259363 26 259883 26 260403 26 260923 26 261443 26 261963 26 262484 24 263004 24 263524 23 264045 22 264565 21 265086 19 265607 17 266128 15 266649 12 267170 8 267691 5
d52958107d0b1f0288f50f346a833df3df485b92d5516cfcb536e73ab7adafd0,59427 12 59945 17 60464 20 60983 22 61503 24 62022 26 62541 28 63061 29 63581 29 64101 30 64621 30 65141 30 65661 31 66181 31 66701 31 67222 30 67742 29 68262 29 68783 28 69303 28 69824 26 70345 25 70867 22 71388 20 71909 18 72431 15 72953 11 73476 5
d52958107d0b1f0288f50f346a833df3df485b92d5516cfcb536e73ab7adafd0,175835 4 176352 9 176870 12 177389 14 177907 17 178426 18 178945 20 179465 21 179984 23 180504 24 181024 25 181544 25 182064 25 182584 25 183104 25 183624 25 184145 24 184665 24 185186 23 185706 23 186227 22 186748 21 187269 20 187789 20 188310 19 188831 19 189351 19 189872 18 190392 18 190913 17 191434 16 191956 13 192477 12 192999 9 193520 7 194041 5
d52958107d0b1f0288f50f346a833df3df485b92d5516cfcb536e73ab7adafd0,155245 2 155759 11 156278 14 156796 18 157315 20 157834 22 158354 23 158873 24 159393 25 159913 25 160432 26 160951 27 161471 28 161990 29 162510 29 163030 29 163549 30 164069 29 164589 28 165109 28 165630 27 166150 26 166670 26 167190 25 167710 24 168230 24 168750 23 169271 22 169791 21 170311 20 170831 19 171352 17 171872 16 172393 14 172914 11 173435 9 173959 3
d52958107d0b1f0288f50f346a833df3df485b92d5516cfcb536e73ab7adafd0,185477 8 185994 15 186512 20 187031 23 187550 25 188069 27 188588 29 189108 30 189627 32 190147 32 190667 33 191187 33 191706 34 192226 34 192746 34 193266 34 193787 33 194307 33 194827 32 195348 30 195869 28 196390 26 196911 24 197432 19 197955 12
d52958107d0b1f0288f50f346a833df3df485b92d5516cfcb536e73ab7adafd0,357392 3 357908 8 358427 11 358947 12 359466 14 359986 15 360506 16 361026 16 361546 16
d52958107d0b1f0288f50f346a833df3df485b92d5516cfcb536e73ab7adafd0,98091 9 98610 17 99129 22 99648 25 100167 29 100687 30 101207 32 101727 34 102247 35 102767 36 103288 35 103808 36 104329 36 104850 35 105371 34 105892 33 106415 30 106937 28 107458 27 107980 24 108502 21 109024 18 109554 6
d52958107d0b1f0288f50f346a833df3df485b92d5516cfcb536e73ab7adafd0,91692 6 92211 9 92730 11 93249 13 93769 14 94288 15 94808 16 95327 17 95847 18 96367 18 96887 19 97406 21 97926 21 98446 21 98965 23 99485 23 100005 23 100525 23 101045 23 101564 24 102084 24 102604 24 103125 23 103645 23 104165 23 104685 22 105205 22 105726 21 106246 20 106767 19 107287 18 107808 16 108329 14 108850 11 109372 7
d52958107d0b1f0288f50f346a833df3df485b92d5516cfcb536e73ab7adafd0,136807 5 137325 8 137844 11 138364 14 138883 17 139402 19 139922 20 140442 20 140961 21 141481 22 142001 23 142522 22 143042 22 143562 22 144083 22 144603 22 145122 23 145642 23 146162 23 146682 23 147202 23 147723 22 148243 22 148763 22 149283 22 149804 21 150324 20 150845 19 151367 16 151888 14 152410 11 152932 8
d52958107d0b1f0288f50f346a833df3df485b92d5516cfcb536e73ab7adafd0,38095 7 38613 10 39131 14 39649 17 40168 19 40687 21 41206 22 41725 24 42245 24 42764 25 43284 26 43803 27 44323 27 44843 28 45363 28 45882 29 46402 29 46923 28 47443 28 47963 28 48483 28 49003 27 49523 27 50043 26 50564 23 51085 21 51606 18 52130 12 52652 7
d52958107d0b1f0288f50f346a833df3df485b92d5516cfcb536e73ab7adafd0,102846 6 103364 10 103882 15 104401 17 104920 19 105440 20 105959 22 106479 22 106999 23 107519 23 108039 24 108559 24 109079 25 109599 25 110120 24 110640 24 111161 24 111681 25 112202 24 112722 25 113243 24 113763 24 114284 23 114805 22 115326 21 115846 20 116367 19 116887 18 117408 17 117929 15 118450 13 118972 9
d52958107d0b1f0288f50f346a833df3df485b92d5516cfcb536e73ab7adafd0,319720 7 320236 16 320752 23 321270 27 321788 30 322307 32 322826 35 323345 37 323864 38 324384 39 324903 40 325423 40 325943 40 326463 40 326983 40 327504 38 328025 36 328546 35 329067 33 329589 30 330111 27 330635 22 331159 16 331683 8
d52958107d0b1f0288f50f346a833df3df485b92d5516cfcb536e73ab7adafd0,22204 7 22722 10 23241 12 23760 14 24278 17 24797 19 25313 24 25829 29 26348 30 26867 30 27386 31 27906 31 28426 31 28946 30 29466 30 29985 31 30504 31 31024 30 31544 29 32064 28 32585 21 33106 18 33627 16 34149 13 34670 11 35191 9
d52958107d0b1f0288f50f346a833df3df485b92d5516cfcb536e73ab7adafd0,279846 8 280364 12 280883 14 281402 16 281922 17 282441 19 282961 20 283480 22 284000 23 284520 24 285040 25 285560 26 286081 25 286601 26 287121 27 287641 27 288162 27 288682 27 289202 28 289722 29 290243 28 290763 29 291284 28 291804 29 292325 28 292846 28 293366 28 293887 27 294408 27 294928 27 295449 26 295970 24 296491 23 297012 21 297533 20 298055 17 298577 14 299098 11 299622 5
d52958107d0b1f0288f50f346a833df3df485b92d5516cfcb536e73ab7adafd0,218797 3 219314 12 219832 15 220351 18 220870 24 221389 26 221908 28 222428 29 222947 30 223467 30 223986 31 224506 31 225025 32 225544 32 226064 32 226584 32 227104 32 227624 31 228144 31 228664 31 229184 30 229704 30 230224 29 230744 28 231264 27 231784 26 232304 25 232824 23 233344 21 233865 19 234385 18 234906 15 235427 13 235948 10 236470 4
d52958107d0b1f0288f50f346a833df3df485b92d5516cfcb536e73ab7adafd0,219702 4 220220 8 220739 10 221258 12 221777 14 222297 14 222816 16 223335 18 223855 18 224374 20 224894 20 225414 21 225934 21 226454 21 226973 22 227493 22 228012 23 228531 24 229050 25 229569 26 230088 27 230608 27 231127 27 231646 28 232165 29 232685 29 233204 30 233724 30 234244 30 234764 30 235284 30 235803 31 236323 30 236844 29 237364 29 237884 28 238405 27 238926 26 239447 24 239977 14 240499 12 241020 11 241541 9 242062 7 242586 2
d52958107d0b1f0288f50f346a833df3df485b92d5516cfcb536e73ab7adafd0,208703 8 209221 12 209740 14 210259 17 210778 19 211298 20 211817 22 212337 23 212856 25 213376 26 213896 27 214416 28 214936 28 215456 29 215976 30 216496 30 217016 31 217536 31 218056 31 218577 31 219097 31 219617 32 220137 32 220657 32 221178 31 221698 32 222219 31 222740 29 223261 28 223781 28 224302 26 224822 26 225343 24 225863 23 226384 20 226905 18 227426 16 227948 11 228469 8
d52958107d0b1f0288f50f346a833df3df485b92d5516cfcb536e73ab7adafd0,169425 8 169943 12 170461 15 170979 18 171498 20 172017 22 172536 23 173055 25 173574 26 174093 27 174613 27 175133 27 175653 27 176172 28 176691 29 177210 30 177729 31 178249 31 178770 29 179290 29 179810 29 180330 29 180850 28 181370 28 181890 28 182411 26 182931 26 183451 25 183971 25 184492 23 185012 22 185533 20 186054 17 186575 12 187096 9
d52958107d0b1f0288f50f346a833df3df485b92d5516cfcb536e73ab7adafd0,233471 2 233987 9 234505 13 235024 17 235543 18 236062 19 236581 20 237100 21 237619 22 238138 23 238658 23 239177 24 239696 25 240215 26 240735 26 241254 27 241774 27 242294 27 242814 27 243334 27 243854 27 244374 27 244894 27 245415 26 245936 25 246456 25 246977 23 247498 21 248018 20 248539 17 249060 13 249583 9 250106 4
d52958107d0b1f0288f50f346a833df3df485b92d5516cfcb536e73ab7adafd0,272225 6 272744 8 273264 9 273783 10 274303 11 274822 12 275342 12 275862 13 276381 14 276901 14 277420 15 277940 16 278460 16 278979 17 279499 17 280018 19 280538 19 281057 20 281577 19 282096 20 282616 20 283135 21 283655 20 284175 19 284694 19 285213 19 285733 18 286252 18 286772 17 287292 16 287812 15 288332 14 288852 13 289372 10 289892 8 290413 6 290935 3
d52958107d0b1f0288f50f346a833df3df485b92d5516cfcb536e73ab7adafd0,312518 3 313036 5 313555 6 314075 6 314594 7 315114 7 315634 7 316153 8 316673 8 317193 8 317713 8 318233 8 318754 7 319274 7 319794 7 320315 6 320835 6 321356 5 321876 5 322397 4 322917 4 323438 3 323959 2
d52958107d0b1f0288f50f346a833df3df485b92d5516cfcb536e73ab7adafd0,80611 2 81126 13 81643 19 82162 22 82681 24 83201 25 83721 26 84241 27 84761 27 85281 28 85801 28 86321 28 86841 28 87361 28 87881 27 88401 27 88921 26 89441 25 89961 23 90481 22 91001 18 91522 14
d52958107d0b1f0288f50f346a833df3df485b92d5516cfcb536e73ab7adafd0,4259 11 4776 17 5295 21 5814 25 6333 28 6852 32 7372 34 7891 37 8411 39 8931 41 9451 42 9971 43 10491 44 11012 44 11532 46 12053 46 12574 46 13095 46 13616 45 14136 46 14657 45 15178 44 15699 43 16220 42 16742 40 17264 38 17786 35 18308 33 18833 27 19361 17 19886 9
d52958107d0b1f0288f50f346a833df3df485b92d5516cfcb536e73ab7adafd0,346633 7 347151 11 347668 15 348177 26 348695 29 349213 31 349732 32 350250 34 350769 34 351288 35 351808 34 352327 34 352847 34 353367 33 353887 32 354407 31 354927 30 355448 28 355969 26 356490 24 357011 21 357534 17 358056 12
d52958107d0b1f0288f50f346a833df3df485b92d5516cfcb536e73ab7adafd0,207084 7 207603 10 208122 12 208640 15 209159 17 209678 19 210198 19 210717 21 211237 21 211757 21 212276 23 212796 23 213316 24 213836 24 214357 23 214878 22 215398 23 215919 22 216439 22 216960 21 217481 20 218002 19 218523 18 219043 17 219563 16 220084 13 220605 9 221126 7 221646 7 222166 6 222687 3
d52958107d0b1f0288f50f346a833df3df485b92d5516cfcb536e73ab7adafd0,311213 4 311729 10 312247 13 312765 16 313283 18 313802 20 314321 21 314839 23 315358 24 315877 26 316397 26 316916 26 317433 29 317951 31 318470 32 318990 31 319509 31 320028 32 320548 31 321067 31 321587 30 322107 28 322626 28 323146 25 323666 22 324185 21 324705 20 325225 18 325745 16 326265 15 326786 13 327307 10 327828 8 328350 4
d52958107d0b1f0288f50f346a833df3df485b92d5516cfcb536e73ab7adafd0,138487 4 139004 11 139522 15 140041 18 140560 20 141079 22 141598 24 142116 26 142635 28 143154 29 143674 29 144193 29 144712 30 145231 31 145751 32 146270 33 146790 33 147310 32 147830 32 148351 31 148871 30 149391 28 149912 26 150433 21 150954 18 151475 15 151998 10 152520 5
d52958107d0b1f0288f50f346a833df3df485b92d5516cfcb536e73ab7adafd0,171785 2 172295 14 172812 19 173331 23 173850 26 174368 30 174887 32 175406 34 175924 36 176443 37 176962 38 177482 39 178002 39 178521 40 179041 40 179562 38 180082 38 180602 37 181122 37 181643 35 182163 34 182684 32 183206 29 183727 26 184249 20 184771 14
d52958107d0b1f0288f50f346a833df3df485b92d5516cfcb536e73ab7adafd0,154110 10 154628 13 155146 16 155665 18 156184 20 156704 20 157223 22 157743 22 158263 23 158783 24 159303 24 159823 24 160343 24 160863 24 161383 24 161903 24 162422 25 162942 25 163462 25 163982 25 164502 25 165022 24 165542 24 166062 23 166581 24 167101 23 167621 22 168141 21 168661 21 169181 20 169701 19 170222 17 170743 15 171265 10 171787 5 172309 2
d52958107d0b1f0288f50f346a833df3df485b92d5516cfcb536e73ab7adafd0,325380 3 325899 5 326418 6 326938 6 327458 6 327978 6 328498 6 329019 4 329540 2
d52958107d0b1f0288f50f346a833df3df485b92d5516cfcb536e73ab7adafd0,273869 4 274388 7 274907 9 275426 10 275945 11 276464 12 276983 13 277503 13 278022 14 278541 15 279060 16 279580 16 280099 16 280618 17 281137 18 281657 17 282177 17 282697 17 283217 17 283737 17 284257 17 284776 18 285296 17 285815 18 286335 17 286854 18 287373 18 287893 18 288413 17 288933 16 289453 16 289973 16 290493 15 291013 15 291533 14 292054 11 292575 9 293098 2
d52958107d0b1f0288f50f346a833df3df485b92d5516cfcb536e73ab7adafd0,242456 3 242974 7 243493 9 244012 11 244531 13 245050 15 245570 15 246089 17 246609 17 247129 17 247649 17 248169 18 248689 19 249209 20 249729 21 250249 21 250769 22 251289 23 251809 23 252329 24 252849 24 253370 23 253890 24 254410 24 254930 24 255450 24 255970 24 256491 23 257011 23 257531 23 258052 22 258572 22 259092 22 259612 22 260132 22 260653 21 261173 21 261693 21 262214 20 262735 19 263256 17 263776 17 264297 16 264817 16 265338 15 265858 14 266378 14 266899 12 267420 10 267941 8 268462 5
d52958107d0b1f0288f50f346a833df3df485b92d5516cfcb536e73ab7adafd0,18761 19 19279 22 19798 24 20317 26 20836 27 21355 29 21875 29 22394 30 22914 30 23434 30 23954 30 24474 29 24994 29 25515 27 26035 27 26556 25 27076 24 27597 22 28118 18 28648 6
d52958107d0b1f0288f50f346a833df3df485b92d5516cfcb536e73ab7adafd0,131999 15 132516 21 133035 23 133553 27 134070 31 134588 33 135107 34 135627 35 136146 36 136666 36 137186 35 137706 35 138226 34 138746 34 139266 33 139787 32 140307 31 140828 29 141348 28 141868 27 142388 26 142908 25 143429 22 143950 20 144470 18 144991 15 145513 11 146034 7
d52958107d0b1f0288f50f346a833df3df485b92d5516cfcb536e73ab7adafd0,273175 3 273693 7 274212 9 274731 11 275251 12 275770 13 276290 14 276810 15 277330 15 277849 17 278369 17 278889 18 279409 18 279929 18 280449 18 280969 18 281489 19 282009 19 282529 19 283049 19 283569 19 284089 19 284609 19 285129 19 285649 19 286169 20 286689 20 287209 20 287729 19 288249 19 288769 19 289289 19 289809 19 290329 19 290849 19 291369 19 291889 19 292409 18 292930 17 293450 17 293970 17 294490 17 295010 16 295530 16 296051 14 296571 14 297092 12 297612 11 298133 10 298654 8 299175 6
d52958107d0b1f0288f50f346a833df3df485b92d5516cfcb536e73ab7adafd0,258257 8 258768 18 259281 26 259798 29 260316 32 260835 34 261354 35 261874 35 262393 37 262913 37 263432 38 263952 37 264473 36 264993 36 265513 35 266033 35 266553 34 267074 32 267595 30 268116 28 268637 26 269158 24 269678 23 270198 22 270717 22 271238 19 271759 16 272280 14 272801 12 273322 10 273843 7 274364 2
d52958107d0b1f0288f50f346a833df3df485b92d5516cfcb536e73ab7adafd0,122397 3 122915 7 123434 9 123953 11 124473 13 124992 17 125512 19 126031 22 126551 23 127070 25 127590 26 128109 27 128629 27 129149 28 129669 28 130188 29 130708 30 131228 30 131748 30 132269 30 132789 30 133309 30 133829 30 134349 30 134870 29 135390 29 135911 27 136431 27 136952 26 137473 24 137994 22 138516 19 139040 11 139563 5
d52958107d0b1f0288f50f346a833df3df485b92d5516cfcb536e73ab7adafd0,166894 7 167411 13 167930 16 168448 19 168967 21 169485 24 170004 26 170523 27 171043 27 171562 28 172081 29 172600 31 173119 32 173639 31 174158 32 174678 32 175197 33 175716 33 176236 33 176756 32 177276 32 177795 32 178315 32 178835 32 179355 31 179875 30 180396 28 180916 27 181436 27 181956 26 182477 25 182998 23 183518 22 184039 19 184560 17 185082 13
d52958107d0b1f0288f50f346a833df3df485b92d5516cfcb536e73ab7adafd0,351548 3 352065 7 352584 9 353103 11 353622 13 354141 15 354661 15 355180 17 355700 17 356220 17 356739 18 357259 18 357779 17 358299 17 358819 17 359339 17 359860 15 360381 13 360902 11 361423 9
d52958107d0b1f0288f50f346a833df3df485b92d5516cfcb536e73ab7adafd0,207319 4 207834 15 208353 18 208872 21 209391 23 209910 25 210429 26 210949 27 211468 28 211988 28 212508 28 213027 29 213547 29 214066 30 214586 29 215106 29 215626 29 216146 29 216666 29 217186 29 217706 29 218226 28 218746 28 219267 27 219788 25 220309 24 220830 22 221351 20 221872 18 222394 14
d52958107d0b1f0288f50f346a833df3df485b92d5516cfcb536e73ab7adafd0,233576 8 234095 12 234613 15 235132 17 235652 18 236172 19 236692 20 237212 21 237732 22 238252 22 238772 23 239292 24 239811 25 240331 26 240851 26 241371 27 241892 27 242412 27 242932 28 243452 28 243973 27 244493 28 245013 28 245533 28 246053 28 246574 27 247094 27 247614 27 248135 26 248655 26 249176 24 249697 22 250217 22 250738 13 250756 3 251259 3 251277 1
d52958107d0b1f0288f50f346a833df3df485b92d5516cfcb536e73ab7adafd0,110241 2 110761 3 111281 4 111801 5 112321 7 112841 8 113361 9 113881 10 114401 11 114921 11 115441 12 115961 12 116481 12 117001 12 117521 12 118041 12 118561 12 119081 11 119601 10 120121 9 120641 7 121161 5
d52958107d0b1f0288f50f346a833df3df485b92d5516cfcb536e73ab7adafd0,355787 6 356306 9 356825 12 357344 14 357863 16 358383 17 358903 17 359423 18 359943 18 360463 19 360983 19 361503 19
d52958107d0b1f0288f50f346a833df3df485b92d5516cfcb536e73ab7adafd0,41626 6 42143 13 42661 18 43180 22 43699 24 44218 25 44737 27 45256 28 45776 29 46296 29 46815 30 47335 30 47855 30 48374 31 48894 30 49414 30 49934 29 50454 28 50974 26 51495 23 52015 21 52536 19 53057 16 53578 14 54100 9
d52958107d0b1f0288f50f346a833df3df485b92d5516cfcb536e73ab7adafd0,106898 2 107417 5 107936 7 108456 7 108976 7 109495 8 110014 10 110533 11 111052 12 111572 13 112091 14 112611 14 113131 14 113651 14 114170 15 114690 15 115210 15 115730 16 116250 16 116770 16 117289 17 117809 17 118329 17 118849 17 119369 17 119889 17 120409 17 120928 18 121448 18 121968 18 122489 16 123009 16 123529 16 124049 15 124570 14 125091 13 125611 12 126132 11 126653 9 127174 2
d52958107d0b1f0288f50f346a833df3df485b92d5516cfcb536e73ab7adafd0,293692 9 294209 14 294728 18 295247 22 295766 25 296285 28 296804 30 297323 32 297843 33 298363 34 298883 35 299404 35 299924 37 300445 37 300967 35 301488 34 302009 33 302530 32 303052 30 303573 29 304095 26 304616 24 305138 21 305660 19 306181 17 306704 11
d52958107d0b1f0288f50f346a833df3df485b92d5516cfcb536e73ab7adafd0,33180 8 33699 10 34217 13 34735 15 35254 16 35772 19 36290 21 36809 23 37328 24 37847 25 38366 26 38885 27 39404 28 39923 28 40442 28 40961 28 41480 28 41999 28 42519 26 43038 26 43557 26 44077 25 44596 24 45116 23 45635 22 46155 20 46675 18 47195 15 47716 12 48237 8
d52958107d0b1f0288f50f346a833df3df485b92d5516cfcb536e73ab7adafd0,46264 2 46782 5 47301 7 47820 9 48338 11 48854 15 49373 16 49892 17 50412 17 50932 17 51452 16 51972 16 52492 17 53012 18 53532 19 54052 20 54572 21 55091 23 55611 24 56131 24 56651 24 57171 24 57691 25 58211 25 58731 25 59252 24 59773 23 60293 24 60812 25 61332 24 61853 23 62375 5 62383 13 62905 10 63428 5
d52958107d0b1f0288f50f346a833df3df485b92d5516cfcb536e73ab7adafd0,286002 3 286521 5 287041 7 287561 8 288081 9 288601 10 289121 11 289641 11 290161 12 290681 12 291201 13 291721 13 292241 12 292761 12 293281 12 293801 11 294321 11 294841 10 295361 9 295881 8 296401 6 296921 5 297441 3
d52958107d0b1f0288f50f346a833df3df485b92d5516cfcb536e73ab7adafd0,224041 11 224556 17 225073 20 225590 23 226109 24 226628 25 227147 26 227666 27 228185 27 228704 28 229222 29 229741 29 230260 29 230779 30 231297 31 231816 31 232334 32 232853 31 233373 30 233892 29 234412 27 234932 25 235452 23 235972 21 236492 18 237013 15 237534 11 238055 7
d52958107d0b1f0288f50f346a833df3df485b92d5516cfcb536e73ab7adafd0,121018 4 121530 4 121537 7 122044 24 122563 26 123082 27 123600 30 124119 32 124638 33 125158 33 125677 35 126197 35 126716 36 127236 36 127756 36 128275 37 128795 36 129315 36 129835 36 130354 36 130874 35 131394 34 131914 33 132434 31 132955 28 133475 25 133996 20 134518 14 135040 8
d52958107d0b1f0288f50f346a833df3df485b92d5516cfcb536e73ab7adafd0,321121 5 321639 9 322157 12 322676 13 323195 15 323715 15 324234 16 324754 17 325273 18 325793 19 326313 19 326833 18 327352 19 327872 19 328392 19 328912 19 329432 19 329952 18 330472 18 330992 18 331511 19 332031 18 332551 18 333071 17 333591 17 334112 15 334632 14 335152 13 335672 12 336193 10 336714 8 337236 3
d52958107d0b1f0288f50f346a833df3df485b92d5516cfcb536e73ab7adafd0,171394 3 171911 8 172430 11 172949 13 173467 16 173986 17 174505 19 175024 20 175543 21 176062 22 176581 23 177100 24 177619 25 178139 24 178658 25 179177 26 179696 27 180215 27 180735 27 181254 27 181773 28 182293 28 182812 28 183332 28 183851 29 184371 28 184890 29 185410 28 185929 29 186448 29 186968 29 187488 28 188007 28 188527 28 189047 27 189566 28 190086 27 190606 26 191126 26 191646 25 192166 24 192686 24 193206 23 193727 21 194247 20 194767 20 195287 19 195808 17 196329 14 196850 12 197371 9 197893 4
d52958107d0b1f0288f50f346a833df3df485b92d5516cfcb536e73ab7adafd0,229653 8 230171 12 230688 16 231206 19 231724 22 232243 23 232762 24 233281 26 233800 27 234318 29 234837 30 235356 30 235876 30 236395 31 236914 31 237433 32 237953 31 238472 32 238992 31 239511 31 240031 31 240551 30 241071 29 241591 28 242111 26 242631 25 243151 24 243671 23 244192 19 244713 17 245234 14 245755 10 246278 2
d52958107d0b1f0288f50f346a833df3df485b92d5516cfcb536e73ab7adafd0,299211 4 299729 8 300247 11 300766 14 301285 17 301804 19 302323 21 302843 22 303362 23 303881 25 304401 25 304920 27 305440 27 305959 28 306479 28 306999 28 307519 28 308039 29 308559 29 309079 29 309599 29 310119 29 310639 29 311159 29 311679 28 312199 28 312719 28 313239 27 313759 26 314279 26 314799 25 315320 24 315840 23 316361 21 316882 19 317403 17 317925 13 318447 8
d52958107d0b1f0288f50f346a833df3df485b92d5516cfcb536e73ab7adafd0,164180 7 164694 19 165213 23 165732 26 166251 29 166770 33 167290 34 167810 35 168330 36 168850 36 169370 37 169890 37 170410 38 170930 38 171451 38 171972 37 172493 36 173014 35 173535 35 174056 34 174577 33 175098 32 175619 32 176140 32 176662 29 177183 27 177705 24 178227 20 178748 18 179271 13 179797 4
d52958107d0b1f0288f50f346a833df3df485b92d5516cfcb536e73ab7adafd0,67836 5 68353 9 68872 12 69391 14 69910 16 70430 17 70949 19 71469 20 71988 21 72508 21 73028 22 73547 23 74067 23 74587 23 75107 24 75627 24 76147 24 76667 24 77187 24 77707 24 78228 23 78748 23 79268 22 79788 22 80308 22 80829 21 81349 20 81869 20 82389 19 82910 18 83430 17 83951 16 84472 14 84993 12 85514 10 86036 6
d52958107d0b1f0288f50f346a833df3df485b92d5516cfcb536e73ab7adafd0,319957 4 320475 8 320993 12 321512 14 322031 16 322550 17 323070 18 323589 19 324109 19 324628 21 325147 22 325667 22 326186 24 326706 24 327226 24 327745 25 328265 25 328785 25 329304 27 329824 27 330344 27 330864 27 331384 27 331904 27 332424 27 332944 27 333464 27 333984 27 334505 25 335025 25 335545 25 336065 25 336586 23 337106 23 337627 22 338147 22 338668 20 339188 20 339709 18 340230 16 340751 14 341272 12 341794 7
d52958107d0b1f0288f50f346a833df3df485b92d5516cfcb536e73ab7adafd0,115763 9 116282 13 116801 17 117321 18 117840 20 118360 21 118880 21 119399 22 119919 22 120439 23 120959 23 121479 23 121999 24 122519 24 123039 24 123559 25 124079 25 124599 25 125120 25 125640 25 126160 25 126681 23 127201 23 127722 22 128242 22 128762 22 129283 21 129804 20 130325 19 130847 16 131368 14 131889 12 132410 10 132933 5
d52958107d0b1f0288f50f346a833df3df485b92d5516cfcb536e73ab7adafd0,251161 5 251681 6 252201 6 252721 7 253241 8 253761 9 254281 10 254801 11 255321 12 255841 13 256361 14 256881 15 257401 15 257921 16 258441 17 258961 18 259481 19 260001 19 260521 20 261041 21 261561 21 262081 22 262601 23 263121 23 263641 23 264161 23 264682 23 265203 22 265725 20 266246 19 266767 17 267288 16 267809 14 268330 12 268854 6
d52958107d0b1f0288f50f346a833df3df485b92d5516cfcb536e73ab7adafd0,250751 5 251262 15 251780 18 252300 19 252819 20 253339 21 253859 21 254379 22 254899 23 255419 23 255939 24 256459 24 256979 24 257499 24 258019 24 258539 24 259059 25 259579 25 260099 25 260619 25 261139 25 261659 25 262180 24 262700 25 263221 24 263741 24 264262 23 264782 22 265303 21 265823 20 266344 19 266865 18 267386 16 267907 15 268429 12 268950 8 269472 4
d52958107d0b1f0288f50f346a833df3df485b92d5516cfcb536e73ab7adafd0,85541 2 86058 7 86577 10 87096 12 87615 14 88135 14 88654 15 89174 16 89693 17 90213 17 90732 18 91252 18 91771 19 92291 19 92810 20 93330 20 93850 19 94369 20 94889 20 95409 20 95928 20 96448 20 96968 19 97488 19 98008 19 98527 20 99047 19 99567 19 100087 19 100607 18 101126 18 101646 18 102166 17 102687 15 103207 14 103727 14 104247 13 104768 11 105288 11 105809 9 106330 5
d52958107d0b1f0288f50f346a833df3df485b92d5516cfcb536e73ab7adafd0,352 27 872 28 1392 28 1912 29 2432 29 2952 29 3472 29 3992 30 4512 30 5032 30 5552 30 6072 29 6592 29 7112 29 7632 29 8152 29 8673 28 9193 29 9714 28 10234 27 10755 26 11275 26 11796 25 12317 23 12838 22 13359 20 13881 17 14402 14 14925 7
d52958107d0b1f0288f50f346a833df3df485b92d5516cfcb536e73ab7adafd0,42080 3 42596 10 43113 14 43632 15 44151 17 44670 18 45190 18 45709 19 46229 19 46748 21 47267 22 47787 22 48307 22 48828 21 49349 21 49870 20 50391 19 50912 19 51433 19 51953 19 52474 18 52995 17 53515 17 54036 16 54557 15 55077 14 55597 14 56117 14 56637 14 57157 14 57677 14 58198 13 58718 13 59238 14 59758 15 60279 14 60799 13 61320 10 61841 8 62363 5 62884 3
d52958107d0b1f0288f50f346a833df3df485b92d5516cfcb536e73ab7adafd0,200605 13 201123 16 201642 18 202161 20 202680 22 203199 23 203719 23 204238 24 204757 25 205276 25 205796 25 206315 26 206835 26 207355 26 207876 25 208396 25 208916 25 209436 25 209956 24 210476 24 210997 22 211518 20 212038 19 212559 17 213081 14 213603 9
d52958107d0b1f0288f50f346a833df3df485b92d5516cfcb536e73ab7adafd0,80728 7 81247 10 81766 12 82285 14 82804 16 83324 17 83843 19 84363 20 84883 20 85403 21 85922 22 86442 22 86962 23 87482 23 88002 24 88522 24 89042 24 89562 24 90082 24 90603 23 91123 23 91643 23 92163 22 92683 22 93203 22 93724 21 94244 21 94764 20 95285 19 95805 18 96325 18 96846 16 97366 15 97887 14 98408 12 98929 10 99451 5
d52958107d0b1f0288f50f346a833df3df485b92d5516cfcb536e73ab7adafd0,1 25 521 26 1041 26 1561 26 2081 26 2601 26 3121 26 3641 25 4161 25 4681 24 5201 23 5721 22 6241 20 6761 18 7281 15 7801 6
d52958107d0b1f0288f50f346a833df3df485b92d5516cfcb536e73ab7adafd0,25252 7 25768 13 26284 18 26800 22 27314 29 27831 32 28348 35 28866 37 29383 40 29902 40 30420 42 30939 42 31458 42 31978 42 32497 42 33017 41 33536 41 34056 40 34576 39 35095 38 35615 36 36135 33 36655 32 37176 28 37696 24 38217 18 38738 13 39261 2
d52958107d0b1f0288f50f346a833df3df485b92d5516cfcb536e73ab7adafd0,156690 4 157207 9 157723 14 158241 17 158759 19 159278 21 159797 22 160316 24 160835 25 161354 27 161873 28 162392 30 162911 31 163431 31 163951 31 164470 32 164990 31 165510 30 166030 30 166551 28 167071 27 167592 25 168113 23 168634 21 169156 18 169678 15 170200 11
d52958107d0b1f0288f50f346a833df3df485b92d5516cfcb536e73ab7adafd0,23361 21 23879 25 24397 29 24916 32 25435 34 25955 35 26475 36 26995 37 27515 37 28035 38 28555 38 29076 37 29596 37 30117 36 30638 34 31159 32 31680 30 32205 24 32726 21 33254 12
d52958107d0b1f0288f50f346a833df3df485b92d5516cfcb536e73ab7adafd0,282 19 802 19 1322 20 1842 21 2361 23 2881 23 3401 24 3921 24 4441 25 4961 25 5480 26 6000 26 6520 26 7040 26 7560 26 8080 26 8600 26 9120 26 9641 24 10161 24 10681 23 11202 21 11722 20 12243 18 12764 15 13286 12 13807 8
d52958107d0b1f0288f50f346a833df3df485b92d5516cfcb536e73ab7adafd0,224343 8 224860 13 225379 15 225897 18 226416 19 226935 21 227454 23 227974 23 228493 25 229013 25 229533 26 230053 26 230573 26 231093 26 231613 26 232133 25 232653 25 233174 24 233694 24 234215 22 234735 22 235256 20 235776 19 236297 18 236817 18 237337 18 237857 17 238377 17 238897 16 239418 15 239938 14 240458 13 240979 11 241500 9 242023 4
d52958107d0b1f0288f50f346a833df3df485b92d5516cfcb536e73ab7adafd0,5704 12 6220 19 6737 23 7254 27 7773 28 8292 29 8811 30 9330 31 9850 31 10370 31 10890 31 11410 31 11930 31 12450 31 12971 30 13492 29 14012 29 14533 28 15055 26 15576 25 16097 24 16619 22 17141 20 17665 16 18189 4
d52958107d0b1f0288f50f346a833df3df485b92d5516cfcb536e73ab7adafd0,167016 3 167534 7 168051 12 168570 14 169090 15 169609 17 170129 18 170649 18 171170 18 171690 19 172210 20 172730 20 173250 21 173771 21 174291 21 174812 21 175332 21 175852 22 176373 21 176894 21 177415 20 177936 19 178457 18 178978 17 179500 15 180023 12 180545 9 181069 3
d52958107d0b1f0288f50f346a833df3df485b92d5516cfcb536e73ab7adafd0,256305 9 256818 18 257335 22 257854 25 258372 28 258891 31 259411 32 259930 34 260450 34 260969 35 261488 36 262008 35 262528 34 263048 34 263569 33 264089 32 264610 31 265131 29 265652 27 266173 26 266697 21 267219 18
d52958107d0b1f0288f50f346a833df3df485b92d5516cfcb536e73ab7adafd0,58835 9 59353 13 59872 15 60391 17 60909 19 61428 21 61947 22 62466 23 62986 23 63505 24 64024 25 64543 26 65062 27 65582 26 66101 27 66621 26 67140 26 67660 25 68180 24 68700 24 69220 23 69740 22 70260 21 70780 20 71301 19 71821 18 72342 16 72863 14 73384 12 73905 10 74428 5
