d6a880b1f6056f3086679de5c810e7af87cdf3bbbd0533a83e3681817fce40fc,44849 3 45104 5 45360 5 45616 5 45873 3
d6a880b1f6056f3086679de5c810e7af87cdf3bbbd0533a83e3681817fce40fc,11513 3 11768 5 12024 5 12280 5 12537 3
d6a880b1f6056f3086679de5c810e7af87cdf3bbbd0533a83e3681817fce40fc,33641 10 33895 14 34148 18 34403 21 34659 22 34914 23 35169 24 35425 24 35681 23 35937 23 36194 22 36451 21 36708 20 36964 19 37221 18 37478 16 37735 14 37992 12 38250 9 38509 5 38766 3
d6a880b1f6056f3086679de5c810e7af87cdf3bbbd0533a83e3681817fce40fc,25756 3 26011 5 26267 5 26523 5 26780 3
d6a880b1f6056f3086679de5c810e7af87cdf3bbbd0533a83e3681817fce40fc,41942 9 42196 12 42451 14 42706 16 42961 17 43217 18 43473 18 43729 18 43985 18 44241 18 44497 18 44753 17 45010 15 45267 14 45524 12 45783 7
d6a880b1f6056f3086679de5c810e7af87cdf3bbbd0533a83e3681817fce40fc,40111 3 40366 5 40622 5 40878 5 41135 3
d6a880b1f6056f3086679de5c810e7af87cdf3bbbd0533a83e3681817fce40fc,88 10 345 8 603 4
d6a880b1f6056f3086679de5c810e7af87cdf3bbbd0533a83e3681817fce40fc,57748 9 58003 11 58259 11 58515 11 58771 11 59028 10 59284 9 59541 7
d6a880b1f6056f3086679de5c810e7af87cdf3bbbd0533a83e3681817fce40fc,51944 10 52197 15 52452 18 52707 20 52963 20 53218 21 53474 21 53730 21 53986 21 54242 21 54498 21 54755 20 55011 20 55267 20 55524 19 55780 18 56036 18 56293 17 56550 16 56806 16 57063 15 57320 14 57577 11 57834 8
d6a880b1f6056f3086679de5c810e7af87cdf3bbbd0533a83e3681817fce40fc,8160 3 8415 5 8671 9 8927 10 9183 10 9439 10 9696 9 9952 8 10209 6 10465 5 10721 5 10978 3
d6a880b1f6056f3086679de5c810e7af87cdf3bbbd0533a83e3681817fce40fc,44777 9 45032 11 45288 14 45543 16 45799 18 46055 19 46311 20 46567 20 46823 21 47080 20 47337 19 47594 18 47850 18 48107 17 48364 15 48621 13 48878 11 49135 8
d6a880b1f6056f3086679de5c810e7af87cdf3bbbd0533a83e3681817fce40fc,7606 3 7861 5 8117 5 8373 5 8630 3
d6a880b1f6056f3086679de5c810e7af87cdf3bbbd0533a83e3681817fce40fc,207 6 462 9 717 11 972 13 1227 16 1483 17 1738 19 1994 19 2249 21 2505 22 2761 22 3016 23 3272 23 3529 23 3785 23 4041 23 4297 23 4553 24 4810 23 5066 23 5323 22 5580 20 5837 15 6096 10 6354 6
d6a880b1f6056f3086679de5c810e7af87cdf3bbbd0533a83e3681817fce40fc,10649 3 10901 8 11156 10 11411 11 11667 12 11922 14 12178 14 12434 14 12690 15 12946 15 13201 16 13457 16 13713 16 13969 16 14225 16 14481 16 14737 16 14994 14 15250 14 15506 14 15763 13 16019 12 16276 10 16533 9 16790 7 17047 4
d6a880b1f6056f3086679de5c810e7af87cdf3bbbd0533a83e3681817fce40fc,53429 12 53684 15 53938 19 54194 20 54449 22 54705 23 54961 23 55217 23 55473 24 55729 24 55985 24 56241 23 56497 23 56754 22 57010 21 57267 19 57523 18 57780 16 58037 15 58306 1
d6a880b1f6056f3086679de5c810e7af87cdf3bbbd0533a83e3681817fce40fc,33982 3 34237 5 34493 5 34749 5 35006 3
d6a880b1f6056f3086679de5c810e7af87cdf3bbbd0533a83e3681817fce40fc,49393 3 49648 5 49904 5 50160 5 50417 3
d6a880b1f6056f3086679de5c810e7af87cdf3bbbd0533a83e3681817fce40fc,6663 1 6913 8 7169 9 7425 10 7681 11 7937 11 8193 11 8449 11 8705 11 8961 11 9217 11 9473 11 9729 10 9985 10 10241 9 10497 8 10755 5
d6a880b1f6056f3086679de5c810e7af87cdf3bbbd0533a83e3681817fce40fc,45878 3 46133 5 46389 5 46645 5 46902 3
d6a880b1f6056f3086679de5c810e7af87cdf3bbbd0533a83e3681817fce40fc,13960 4 14211 11 14466 13 14721 15 14976 16 15231 17 15487 18 15742 19 15998 20 16254 20 16509 21 16764 22 17019 23 17275 23 17531 23 17787 23 18043 22 18299 22 18555 22 18811 21 19068 19 19325 17 19582 12
d6a880b1f6056f3086679de5c810e7af87cdf3bbbd0533a83e3681817fce40fc,22835 7 23087 12 23341 15 23596 16 23852 16 24107 18 24363 18 24619 18 24875 18 25130 19 25386 19 25642 19 25900 17 26157 16 26413 16 26670 15 26926 14 27183 13 27439 12 27698 7 27955 5
d6a880b1f6056f3086679de5c810e7af87cdf3bbbd0533a83e3681817fce40fc,19711 2 19966 3 20221 4 20476 5 20731 6 20986 7 21242 7 21498 7 21754 7 22010 7 22266 7 22523 6 22779 6 23036 5 23294 3
d6a880b1f6056f3086679de5c810e7af87cdf3bbbd0533a83e3681817fce40fc,22362 3 22617 5 22873 5 23129 5 23386 3
d6a880b1f6056f3086679de5c810e7af87cdf3bbbd0533a83e3681817fce40fc,11497 7 11751 10 12005 13 12260 15 12515 17 12771 18 13027 18 13283 19 13539 21 13795 22 14051 22 14307 22 14563 23 14819 23 15076 23 15333 22 15590 21 15848 19 16105 18 16363 15 16620 14 16877 13 17135 10 17392 8
d6a880b1f6056f3086679de5c810e7af87cdf3bbbd0533a83e3681817fce40fc,31214 3 31466 8 31720 12 31975 14 32230 15 32486 15 32741 17 32997 17 33253 17 33509 18 33765 18 34021 18 34277 18 34533 18 34790 17 35046 17 35303 15 35560 13 35817 10 36075 5
d6a880b1f6056f3086679de5c810e7af87cdf3bbbd0533a83e3681817fce40fc,57566 2 57820 5 58075 9 58330 10 58585 12 58840 15 59095 17 59351 16 59606 16 59862 18 60118 19 60374 19 60630 19 60886 19 61142 19 61398 19 61654 19 61911 18 62168 16 62425 14 62682 13 62944 5
d6a880b1f6056f3086679de5c810e7af87cdf3bbbd0533a83e3681817fce40fc,13663 4 13917 8 14172 10 14428 11 14684 11 14940 11 15196 11 15452 11 15709 10 15965 9 16222 8 16480 5
d6a880b1f6056f3086679de5c810e7af87cdf3bbbd0533a83e3681817fce40fc,13243 5 13498 11 13753 13 14008 15 14264 16 14519 17 14775 17 15030 18 15286 18 15542 19 15798 20 16054 21 16310 22 16566 22 16822 22 17079 19 17336 17 17592 17 17848 16 18105 13 18361 12 18618 10
d6a880b1f6056f3086679de5c810e7af87cdf3bbbd0533a83e3681817fce40fc,33172 3 33427 5 33683 5 33939 5 34196 3
d6a880b1f6056f3086679de5c810e7af87cdf3bbbd0533a83e3681817fce40fc,8135 15 8390 18 8646 19 8902 20 9158 21 9414 21 9669 23 9925 24 10181 24 10437 24 10693 24 10949 24 11205 24 11461 24 11718 22 11975 18 12232 16 12488 15 12745 14 13002 13 13260 11 13520 7 13780 2
d6a880b1f6056f3086679de5c810e7af87cdf3bbbd0533a83e3681817fce40fc,53912 6 54167 8 54422 10 54677 12 54933 13 55188 15 55444 15 55700 15 55955 16 56211 16 56467 15 56723 15 56980 13 57236 13 57492 12 57757 2
d6a880b1f6056f3086679de5c810e7af87cdf3bbbd0533a83e3681817fce40fc,39680 1 39934 3 40188 5 40443 6 40698 7 40953 8 41209 8 41465 8 41721 8 41977 8 42233 8 42489 8 42746 7 43002 7 43258 7 43515 6 43772 5 44030 3 44287 2 44544 1
d6a880b1f6056f3086679de5c810e7af87cdf3bbbd0533a83e3681817fce40fc,4737 3 4992 5 5248 5 5504 5 5761 3
d6a880b1f6056f3086679de5c810e7af87cdf3bbbd0533a83e3681817fce40fc,63428 4 63681 11 63936 13 64191 14 64446 15 64702 15 64958 15 65214 15 65470 15
d6a880b1f6056f3086679de5c810e7af87cdf3bbbd0533a83e3681817fce40fc,54988 3 55243 5 55499 5 55755 5 56012 3
d6a880b1f6056f3086679de5c810e7af87cdf3bbbd0533a83e3681817fce40fc,22930 6 23182 12 23437 14 23691 17 23946 19 24202 19 24458 19 24714 19 24970 19 25226 18 25482 18 25738 18 25995 16 26253 12 26511 7
d6a880b1f6056f3086679de5c810e7af87cdf3bbbd0533a83e3681817fce40fc,38114 10 38369 13 38624 15 38879 17 39135 18 39391 19 39646 20 39902 21 40158 21 40414 21 40671 21 40928 20 41185 19 41442 18 41700 15 41957 14 42213 11 42474 5
d6a880b1f6056f3086679de5c810e7af87cdf3bbbd0533a83e3681817fce40fc,21364 13 21619 15 21874 17 22129 19 22384 20 22639 21 22895 20 23150 21 23406 21 23662 20 23918 19 24174 19 24431 17 24687 16 24944 11
d6a880b1f6056f3086679de5c810e7af87cdf3bbbd0533a83e3681817fce40fc,42662 3 42914 8 43169 10 43423 13 43678 16 43932 19 44187 20 44443 21 44699 21 44955 21 45212 20 45468 20 45724 20 45981 19 46238 17 46495 15 46754 8
d6a880b1f6056f3086679de5c810e7af87cdf3bbbd0533a83e3681817fce40fc,7587 3 7842 5 8097 10 8353 12 8608 14 8864 15 9120 16 9376 17 9631 18 9887 18 10143 18 10399 18 10656 17 10912 17 11168 17 11425 16 11682 15 11939 14 12197 11 12455 8
d6a880b1f6056f3086679de5c810e7af87cdf3bbbd0533a83e3681817fce40fc,25987 2 26236 10 26489 14 26744 15 27000 16 27256 17 27512 17 27767 18 28021 21 28276 23 28532 23 28788 22 29045 21 29301 21 29558 20 29814 20 30070 19 30327 18 30584 9 30841 7 31100 2
d6a880b1f6056f3086679de5c810e7af87cdf3bbbd0533a83e3681817fce40fc,36124 4 36379 6 36634 8 36888 10 37143 11 37399 12 37655 12 37911 13 38167 13 38424 12 38681 12 38938 15 39194 16 39451 15 39708 13 39966 11 40224 9 40481 7
d6a880b1f6056f3086679de5c810e7af87cdf3bbbd0533a83e3681817fce40fc,27436 3 27691 5 27947 5 28203 5 28460 3
d6a880b1f6056f3086679de5c810e7af87cdf3bbbd0533a83e3681817fce40fc,26198 2 26450 13 26704 16 26959 17 27214 19 27470 20 27726 21 27981 22 28237 22 28493 22 28749 23 29005 23 29261 23 29518 22 29774 22 30031 20 30287 19 30544 17 30801 15 31058 13 31315 10
d6a880b1f6056f3086679de5c810e7af87cdf3bbbd0533a83e3681817fce40fc,26070 4 26325 8 26580 12 26835 14 27090 15 27346 15 27602 16 27858 17 28114 17 28370 17 28626 17 28882 17 29139 15 29396 12 29653 9 29911 4
d6a880b1f6056f3086679de5c810e7af87cdf3bbbd0533a83e3681817fce40fc,47477 6 47731 10 47986 12 48241 14 48496 15 48752 16 49007 17 49263 18 49518 19 49774 20 50030 20 50285 21 50541 21 50797 21 51052 22 51308 22 51563 22 51819 22 52075 21 52331 20 52587 19 52843 19 53099 18 53356 16 53612 15 53869 13 54126 11 54383 8
d6a880b1f6056f3086679de5c810e7af87cdf3bbbd0533a83e3681817fce40fc,38481 7 38736 9 38991 10 39246 12 39501 14 39757 14 40013 14 40269 14 40525 14 40781 14 41038 13 41295 12 41552 10
d6a880b1f6056f3086679de5c810e7af87cdf3bbbd0533a83e3681817fce40fc,47693 3 47945 10 48200 13 48455 15 48710 16 48966 17 49221 18 49476 20 49731 21 49987 21 50242 23 50497 24 50752 25 51007 26 51263 26 51518 27 51774 27 52030 27 52287 26 52543 25 52799 25 53056 24 53312 23 53569 21 53826 19 54084 16 54342 11
d6a880b1f6056f3086679de5c810e7af87cdf3bbbd0533a83e3681817fce40fc,7289 3 7544 5 7800 5 8056 5 8313 3
d6a880b1f6056f3086679de5c810e7af87cdf3bbbd0533a83e3681817fce40fc,45893 3 46148 5 46404 5 46660 5 46917 3
d6a880b1f6056f3086679de5c810e7af87cdf3bbbd0533a83e3681817fce40fc,13117 9 13369 15 13623 18 13878 20 14133 22 14388 23 14644 24 14899 25 15155 26 15411 26 15666 27 15922 26 16178 26 16434 26 16690 26 16946 26 17202 27 17458 28 17715 27 17972 26 18229 24 18485 24 18741 24 18998 22 19255 20 19511 19 19767 18 20024 16 20280 14 20537 11 20794 7
d6a880b1f6056f3086679de5c810e7af87cdf3bbbd0533a83e3681817fce40fc,17573 3 17827 8 18082 10 18337 13 18592 15 18847 17 19103 18 19359 19 19615 20 19871 20 20127 21 20383 21 20639 21 20895 21 21151 21 21408 19 21665 18 21922 17 22178 17 22435 15 22692 13 22950 6
d6a880b1f6056f3086679de5c810e7af87cdf3bbbd0533a83e3681817fce40fc,32726 3 32979 7 33234 9 33488 12 33743 13 33998 15 34253 17 34508 18 34764 18 35020 18 35277 17 35534 16 35791 15 36047 14 36303 13 36560 10 36818 6
d6a880b1f6056f3086679de5c810e7af87cdf3bbbd0533a83e3681817fce40fc,935 13 1190 15 1445 17 1700 18 1955 20 2211 21 2467 21 2724 20 2980 20 3236 20 3492 20 3748 20 4005 19 4262 17 4518 17 4775 15 5033 11 5292 5
d6a880b1f6056f3086679de5c810e7af87cdf3bbbd0533a83e3681817fce40fc,20417 8 20672 11 20927 14 21182 16 21437 17 21692 18 21947 19 22202 20 22458 20 22714 19 22969 20 23225 20 23482 18 23738 18 23995 16 24252 15 24508 14 24765 12 25022 9 25282 2
d6a880b1f6056f3086679de5c810e7af87cdf3bbbd0533a83e3681817fce40fc,29126 3 29379 7 29633 10 29888 12 30144 12 30399 14 30655 14 30910 15 31166 15 31422 15 31678 14 31934 14 32191 12 32448 10 32705 8 32962 5
d6a880b1f6056f3086679de5c810e7af87cdf3bbbd0533a83e3681817fce40fc,56740 3 56995 5 57251 5 57507 5 57764 3
d6a880b1f6056f3086679de5c810e7af87cdf3bbbd0533a83e3681817fce40fc,23022 8 23277 10 23532 14 23787 17 24043 18 24298 19 24553 21 24809 22 25065 22 25321 22 25577 22 25833 22 26090 21 26346 21 26603 20 26859 19 27116 17 27372 16 27629 14 27886 12 28144 6
d6a880b1f6056f3086679de5c810e7af87cdf3bbbd0533a83e3681817fce40fc,33441 4 33695 8 33948 12 34203 14 34457 16 34712 18 34967 20 35222 22 35477 23 35732 24 35987 25 36243 25 36499 25 36755 24 37011 24 37267 24 37523 23 37779 23 38036 22 38292 22 38549 21 38805 20 39062 19 39319 17 39576 15 39835 11
d6a880b1f6056f3086679de5c810e7af87cdf3bbbd0533a83e3681817fce40fc,43282 9 43536 14 43791 17 44046 19 44301 21 44557 22 44813 23 45068 24 45324 24 45580 25 45836 25 46092 25 46348 25 46604 25 46860 25 47116 24 47372 24 47629 22 47885 21 48142 19 48398 16 48655 14 48912 12 49170 8
d6a880b1f6056f3086679de5c810e7af87cdf3bbbd0533a83e3681817fce40fc,29867 3 30122 7 30377 9 30633 9 30888 10 31144 10 31401 9 31657 8 31913 7 32170 5
d6a880b1f6056f3086679de5c810e7af87cdf3bbbd0533a83e3681817fce40fc,46026 2 46281 5 46537 7 46792 11 47047 13 47301 17 47556 19 47809 23 48064 24 48321 23 48577 23 48833 23 49088 24 49344 24 49600 24 49856 24 50113 23 50370 22 50627 20 50883 19 51140 16 51397 13
d6a880b1f6056f3086679de5c810e7af87cdf3bbbd0533a83e3681817fce40fc,25263 6 25517 9 25772 11 26028 11 26283 12 26539 13 26795 13 27051 13 27308 12 27565 11 27821 10 28078 8 28335 5
d6a880b1f6056f3086679de5c810e7af87cdf3bbbd0533a83e3681817fce40fc,47782 6 48035 10 48290 12 48545 14 48799 16 49054 17 49310 17 49565 19 49821 19 50077 19 50333 19 50589 19 50845 19 51101 18 51357 17 51614 15 51871 13 52129 10 52386 8
d6a880b1f6056f3086679de5c810e7af87cdf3bbbd0533a83e3681817fce40fc,30593 9 30848 11 31102 13 31357 14 31613 14 31869 14 32125 13 32381 12 32637 12 32894 10 33151 8
d6a880b1f6056f3086679de5c810e7af87cdf3bbbd0533a83e3681817fce40fc,9656 3 9911 5 10167 5 10423 5 10679 5 10936 3
d6a880b1f6056f3086679de5c810e7af87cdf3bbbd0533a83e3681817fce40fc,47668 3 47923 5 48178 6 48433 7 48689 7 48945 6 49202 4
d6a880b1f6056f3086679de5c810e7af87cdf3bbbd0533a83e3681817fce40fc,60093 6 60348 10 60604 11 60860 12 61115 13 61369 15 61619 21 61871 25 62127 25 62382 26 62638 25 62894 23 63149 23 63405 22 63662 18 63919 16 64176 14 64435 10 64695 3
d6a880b1f6056f3086679de5c810e7af87cdf3bbbd0533a83e3681817fce40fc,37650 3 37905 5 38161 5 38417 5 38674 3
d6a880b1f6056f3086679de5c810e7af87cdf3bbbd0533a83e3681817fce40fc,27974 3 28229 5 28485 5 28741 5 28998 3
d6a880b1f6056f3086679de5c810e7af87cdf3bbbd0533a83e3681817fce40fc,229 18 485 18 741 18 997 18 1254 17 1510 17 1767 16 2024 14 2280 14 2537 12 2794 7
d6a880b1f6056f3086679de5c810e7af87cdf3bbbd0533a83e3681817fce40fc,37059 3 37314 6 37569 8 37817 17 38072 18 38326 21 38580 23 38836 24 39092 24 39348 24 39604 24 39860 23 40115 23 40371 23 40627 23 40883 23 41138 24 41392 26 41649 25 41907 22 42164 21 42421 19 42677 17 42934 15 43193 11 43452 6
d6a880b1f6056f3086679de5c810e7af87cdf3bbbd0533a83e3681817fce40fc,21748 3 22003 5 22259 5 22515 5 22772 3
d6a880b1f6056f3086679de5c810e7af87cdf3bbbd0533a83e3681817fce40fc,54904 3 55159 5 55415 5 55671 5 55928 3
d6a880b1f6056f3086679de5c810e7af87cdf3bbbd0533a83e3681817fce40fc,123 11 378 13 633 16 889 17 1144 19 1400 19 1656 19 1912 19 2169 18 2425 19 2681 19 2938 18 3195 17 3451 17 3708 15 3965 12 4225 2
d6a880b1f6056f3086679de5c810e7af87cdf3bbbd0533a83e3681817fce40fc,3434 5 3685 16 3940 18 4194 20 4449 22 4705 22 4960 24 5216 24 5472 23 5729 22 5986 4 5993 14 6250 12 6506 12 6763 10 7021 5
d6a880b1f6056f3086679de5c810e7af87cdf3bbbd0533a83e3681817fce40fc,29439 2 29693 4 29948 5 30204 5 30460 5 30716 5 30972 5 31229 4 31486 3 31743 2
