d751ccb64fa767a65a966061218438bd1860695d96bbef11fdb2f0d3b8dedba8,128662 6 129021 9 129381 9
d751ccb64fa767a65a966061218438bd1860695d96bbef11fdb2f0d3b8dedba8,214 47 573 47 933 46 1292 46 1651 46 2010 46 2370 45 2730 44 3089 43 3449 41 3809 41 4169 40 4528 40 4888 39 5248 38 5608 37 5968 36 6328 35 6688 35 7049 33 7409 32 7770 30 8130 29 8491 26 8852 24 9213 22 9574 19 9935 16 10297 10
d751ccb64fa767a65a966061218438bd1860695d96bbef11fdb2f0d3b8dedba8,64207 4 64566 6 64926 7 65286 7 65646 7 66006 6 66367 4
d751ccb64fa767a65a966061218438bd1860695d96bbef11fdb2f0d3b8dedba8,84398 9 84756 12 85114 15 85472 18 85831 20 86190 22 86549 24 86908 25 87267 27 87627 28 87986 29 88346 29 88705 30 89065 31 89424 32 89784 32 90144 33 90503 34 90863 34 91222 35 91582 36 91942 37 92301 39 92661 40 93021 42 93380 44 93740 45 94100 46 94460 47 94820 47 95180 48 95540 49 95900 49 96260 50 96620 50 96980 50 97341 49 97701 49 98061 49 98421 49 98781 49 99141 49 99502 48 99863 47 100223 47 100584 46 100945 44 101309 40 101671 37 102047 21 102408 19 102769 17 103130 14 103492 10 103853 8
d751ccb64fa767a65a966061218438bd1860695d96bbef11fdb2f0d3b8dedba8,114950 9 115309 12 115668 15 116027 17 116386 19 116746 19 117105 21 117465 21 117825 21 118185 21 118545 21 118905 21 119265 21 119625 21 119985 21 120345 20 120706 19 121066 18 121427 17 121788 15 122149 13 122510 11 122871 9 123234 5
d751ccb64fa767a65a966061218438bd1860695d96bbef11fdb2f0d3b8dedba8,112889 2 113246 7 113605 10 113964 13 114323 15 114682 17 115041 19 115401 20 115760 22 116120 24 116480 25 116840 26 117199 28 117559 29 117919 29 118279 30 118639 30 118999 30 119358 32 119718 32 120078 32 120438 33 120798 33 121158 33 121518 33 121878 33 122238 33 122598 33 122959 32 123319 32 123679 32 124039 32 124399 32 124759 32 125119 31 125479 31 125839 31 126199 31 126559 31 126919 31 127279 31 127639 30 127999 30 128359 30 128720 29 129080 29 129440 28
d751ccb64fa767a65a966061218438bd1860695d96bbef11fdb2f0d3b8dedba8,111006 3 111365 5 111725 5 112085 5 112445 5 112806 3
d751ccb64fa767a65a966061218438bd1860695d96bbef11fdb2f0d3b8dedba8,35460 8 35817 13 36175 17 36534 19 36892 21 37250 24 37607 28 37965 30 38321 34 38677 39 39034 42 39390 46 39748 48 40107 49 40465 51 40824 52 41183 53 41542 54 41901 55 42260 56 42619 57 42979 56 43338 56 43698 56 44057 56 44417 55 44776 56 45136 55 45495 55 45855 55 46214 55 46574 54 46934 53 47293 53 47653 53 48013 53 48373 52 48733 51 49093 51 49453 50 49813 49 50173 48 50533 48 50893 47 51253 46 51613 46 51973 46 52334 44 52694 43 53055 42 53416 41 53776 41 54136 41 54496 41 54856 40 55217 39 55577 39 55938 38 56298 38 56659 36 57020 35 57381 34 57742 32 58103 30 58464 29 58826 26 59189 21 59550 19 59913 15 60278 8
d751ccb64fa767a65a966061218438bd1860695d96bbef11fdb2f0d3b8dedba8,118939 5 119298 7 119658 8 120018 8 120378 8 120740 5
d751ccb64fa767a65a966061218438bd1860695d96bbef11fdb2f0d3b8dedba8,49302 16 49650 31 50008 33 50367 34 50726 35 51085 36 51444 37 51803 38 52162 39 52522 39 52881 40 53241 40 53601 40 53961 40 54321 40 54680 41 55040 41 55401 40 55761 40 56121 40 56482 39 56842 39 57203 38 57564 37 57925 36 58286 35 58647 34 59009 32 59371 30 59735 26 60104 17 60470 11
d751ccb64fa767a65a966061218438bd1860695d96bbef11fdb2f0d3b8dedba8,109198 6 109558 7 109918 7 110279 6 110639 6 111001 3
d751ccb64fa767a65a966061218438bd1860695d96bbef11fdb2f0d3b8dedba8,22100 14 22458 19 22816 23 23174 26 23533 28 23891 30 24250 31 24608 34 24967 35 25326 36 25685 37 26044 38 26403 39 26762 40 27122 40 27481 41 27840 42 28200 42 28559 43 28918 44 29278 44 29637 45 29997 44 30356 45 30715 46 31075 45 31435 45 31795 44 32155 44 32514 45 32874 44 33234 44 33594 43 33954 43 34314 42 34674 42 35034 41 35394 41 35754 40 36114 39 36474 38 36834 37 37194 36 37555 34 37915 33 38275 31 38636 29 38997 26 39357 25 39718 23 40079 20 40440 16 40802 12
d751ccb64fa767a65a966061218438bd1860695d96bbef11fdb2f0d3b8dedba8,160 36 520 36 880 35 1240 35 1600 35 1960 34 2320 34 2680 34 3040 33 3400 33 3760 32 4120 31 4480 30 4840 30 5200 29 5560 28 5920 28 6280 27 6640 26 7001 24 7361 23 7722 21 8083 18 8444 16 8807 8
d751ccb64fa767a65a966061218438bd1860695d96bbef11fdb2f0d3b8dedba8,67360 9 67713 20 68071 24 68429 27 68788 29 69146 32 69505 33 69864 35 70223 36 70582 38 70941 39 71300 40 71659 42 72019 42 72378 43 72737 44 73096 45 73456 45 73815 46 74175 45 74534 46 74893 47 75253 47 75612 47 75971 48 76331 48 76691 48 77051 47 77410 48 77770 48 78130 47 78489 48 78849 47 79209 47 79569 47 79929 47 80289 46 80649 46 81009 46 81369 46 81729 46 82089 45 82449 45 82810 43 83170 43 83530 43 83891 41 84251 41 84612 39 84973 37 85333 37 85694 35 86054 35 86415 33 86775 32 87135 31 87496 30 87856 29 88216 29 88577 27 88937 26 89297 25 89658 22 90019 20 90380 18 90741 15 91102 12
d751ccb64fa767a65a966061218438bd1860695d96bbef11fdb2f0d3b8dedba8,35664 8 36022 13 36378 19 36736 23 37094 26 37453 27 37810 31 38169 33 38527 35 38885 38 39244 39 39602 42 39961 43 40321 43 40681 43 41041 43 41401 43 41761 43 42121 43 42481 43 42841 43 43201 43 43561 42 43921 42 44281 42 44641 42 45001 41 45361 40 45721 39 46081 37 46441 36 46801 34 47161 32 47521 31 47881 29 48241 27 48601 25 48961 24 49321 22 49681 20 50041 19 50401 17 50761 16 51121 14 51481 12 51841 10 52201 9 52561 7 52921 6 53281 3
d751ccb64fa767a65a966061218438bd1860695d96bbef11fdb2f0d3b8dedba8,33805 9 34163 14 34521 20 34880 32 35238 37 35597 39 35956 41 36314 44 36673 45 37032 47 37391 49 37750 50 38109 52 38468 53 38827 54 39186 55 39545 56 39904 57 40263 58 40622 59 40981 60 41339 62 41698 63 42057 64 42416 65 42775 66 43133 68 43492 69 43851 70 44210 71 44569 72 44929 72 45288 73 45648 73 46008 73 46368 72 46728 71 47089 69 47449 68 47809 67 48169 65 48529 64 48889 59 49250 51 49611 39 49973 24 50335 16
d751ccb64fa767a65a966061218438bd1860695d96bbef11fdb2f0d3b8dedba8,123164 4 123520 10 123878 13 124237 15 124596 17 124954 20 125313 22 125672 24 126032 25 126391 27 126751 27 127110 29 127470 29 127829 31 128189 31 128550 31 128910 31 129270 31
d751ccb64fa767a65a966061218438bd1860695d96bbef11fdb2f0d3b8dedba8,3209 5 3565 12 3922 16 4280 19 4639 21 4998 23 5357 24 5716 25 6075 27 6434 28 6794 28 7153 29 7512 30 7871 32 8231 32 8590 33 8949 34 9308 35 9668 34 10028 34 10387 35 10747 35 11106 36 11466 36 11825 36 12184 37 12544 37 12903 38 13262 38 13622 38 13981 39 14341 38 14700 39 15060 39 15419 39 15779 39 16138 40 16497 40 16857 40 17216 40 17576 40 17935 41 18295 40 18654 40 19014 39 19374 39 19734 38 20094 38 20454 37 20814 35 21174 34 21534 32 21894 31 22255 29 22615 28 22975 27 23336 23 23697 18 24059 12 24421 8
d751ccb64fa767a65a966061218438bd1860695d96bbef11fdb2f0d3b8dedba8,65252 15 65609 21 65967 26 66325 31 66683 35 67042 37 67400 43 67759 45 68118 46 68477 48 68836 49 69195 51 69554 52 69913 53 70272 54 70631 55 70990 56 71350 56 71709 57 72068 58 72428 57 72787 58 73147 57 73507 55 73866 54 74226 53 74586 52 74946 50 75306 48 75666 46 76026 45 76387 42 76748 39 77109 36 77470 31 77832 17 78196 12
d751ccb64fa767a65a966061218438bd1860695d96bbef11fdb2f0d3b8dedba8,44326 10 44683 16 45042 19 45401 21 45760 22 46118 25 46477 26 46835 29 47193 31 47552 33 47910 35 48268 37 48626 39 48985 40 49343 42 49701 43 50060 44 50418 45 50777 46 51135 47 51493 48 51851 50 52210 50 52568 51 52927 51 53286 51 53645 51 54004 51 54363 51 54722 50 55081 50 55441 49 55801 47 56161 46 56521 44 56881 43 57241 41 57601 39 57961 37 58321 36 58681 34 59041 33 59401 31 59762 28 60123 26 60484 23 60846 18 61207 13
d751ccb64fa767a65a966061218438bd1860695d96bbef11fdb2f0d3b8dedba8,121448 3 121806 5 122166 5 122526 5 122886 4 123247 3
d751ccb64fa767a65a966061218438bd1860695d96bbef11fdb2f0d3b8dedba8,76799 18 77155 24 77510 31 77867 35 78226 37 78584 40 78943 42 79301 44 79660 45 80018 47 80377 48 80736 49 81095 50 81454 51 81813 52 82172 53 82531 54 82890 54 83250 54 83609 54 83969 54 84328 54 84687 54 85047 53 85406 54 85765 54 86125 53 86484 54 86844 53 87204 53 87564 52 87924 52 88283 52 88643 51 89003 51 89364 49 89724 48 90084 47 90444 46 90804 43 91165 40 91526 38 91888 33 92251 29 92615 22
d751ccb64fa767a65a966061218438bd1860695d96bbef11fdb2f0d3b8dedba8,123610 5 123969 7 124329 7 124689 7 125049 7 125409 6 125770 4
d751ccb64fa767a65a966061218438bd1860695d96bbef11fdb2f0d3b8dedba8,11949 9 12304 17 12661 23 13017 28 13375 31 13732 34 14090 36 14448 38 14807 39 15165 41 15523 43 15882 44 16240 46 16599 47 16958 48 17316 49 17675 50 18034 51 18394 50 18753 51 19113 50 19472 50 19832 49 20192 48 20551 48 20911 47 21271 46 21631 45 21990 45 22350 43 22710 42 23070 40 23431 37 23791 36 24151 34 24512 32 24873 29 25233 28 25594 26 25956 22 26317 20 26679 16 27042 10
d751ccb64fa767a65a966061218438bd1860695d96bbef11fdb2f0d3b8dedba8,123988 4 124347 7 124706 8 125065 9 125425 9 125785 9 126144 10 126504 10 126864 9 127224 7 127584 5
d751ccb64fa767a65a966061218438bd1860695d96bbef11fdb2f0d3b8dedba8,110067 8 110424 13 110783 16 111142 18 111501 19 111860 21 112220 22 112580 23 112939 24 113299 24 113658 26 114017 27 114377 28 114737 28 115097 28 115457 29 115816 30 116175 31 116535 31 116895 32 117254 33 117614 33 117974 33 118333 35 118693 35 119053 35 119412 37 119772 37 120132 38 120491 39 120851 39 121211 40 121570 41 121930 41 122290 42 122650 42 123010 42 123369 43 123729 43 124089 43 124449 43 124809 44 125169 44 125529 44 125889 44 126249 44 126609 44 126970 43 127330 43 127690 43 128050 43 128410 42 128771 41 129131 41 129491 41
d751ccb64fa767a65a966061218438bd1860695d96bbef11fdb2f0d3b8dedba8,112072 3 112430 6 112790 7 113150 7 113510 8 113870 8 114230 8
d751ccb64fa767a65a966061218438bd1860695d96bbef11fdb2f0d3b8dedba8,79541 9 79898 14 80253 21 80610 25 80968 28 81327 30 81684 34 82043 36 82402 38 82761 39 83121 39 83480 40 83839 42 84198 43 84557 44 84917 44 85276 45 85635 46 85995 46 86354 47 86713 48 87073 47 87433 47 87793 46 88152 47 88512 47 88872 46 89231 47 89591 46 89951 45 90310 46 90670 45 91030 45 91390 44 91750 44 92109 45 92469 44 92829 43 93189 42 93549 42 93909 41 94269 41 94629 40 94989 39 95349 39 95709 38 96069 38 96430 36 96790 34 97150 33 97511 31 97871 30 98232 28 98593 26 98953 25 99314 23 99676 19 100038 16 100400 11 100763 6
