d7d12a2acc47a94961aeb56fd56e8a0873016af75f5dd10915de9db8af8e4f5e,238 53 597 54 953 57 1312 57 1672 56 2032 55 2392 54 2752 53 3113 51 3473 49 3834 47 4194 44 4555 41 4916 39 5278 36 5640 32 6003 27 6367 20
d7d12a2acc47a94961aeb56fd56e8a0873016af75f5dd10915de9db8af8e4f5e,120849 9 121204 15 121563 17 121921 20 122280 22 122638 24 122997 26 123356 27 123715 28 124074 30 124433 31 124792 32 125151 33 125510 34 125869 35 126228 37 126588 37 126947 38 127307 38 127666 39 128026 39 128385 39 128745 39 129105 39 129465 39
d7d12a2acc47a94961aeb56fd56e8a0873016af75f5dd10915de9db8af8e4f5e,82135 8 82492 15 82850 22 83208 25 83566 29 83924 32 84283 35 84642 37 85002 38 85361 39 85720 41 86080 42 86440 42 86799 44 87159 44 87519 45 87879 45 88240 44 88600 45 88960 45 89320 45 89681 45 90041 45 90402 44 90763 43 91124 42 91485 41 91846 40 92207 39 92567 40 92928 39 93289 37 93650 36 94011 34 94373 32 94735 29 95096 27 95458 24 95820 21 96181 19 96545 13 96910 6
d7d12a2acc47a94961aeb56fd56e8a0873016af75f5dd10915de9db8af8e4f5e,5461 6 5820 9 6179 13 6538 16 6896 21 7255 23 7615 25 7974 28 8333 31 8692 33 9051 36 9410 38 9769 40 10128 41 10488 42 10848 44 11207 46 11567 46 11927 46 12287 47 12647 47 13007 47 13367 48 13728 47 14089 46 14449 47 14810 46 15171 45 15532 44 15893 44 16254 43 16615 42 16976 41 17337 40 17698 39 18059 38 18420 37 18781 36 19142 35 19503 34 19864 33 20225 32 20586 31 20948 29 21309 28 21672 24 22034 21 22396 17 22760 11
d7d12a2acc47a94961aeb56fd56e8a0873016af75f5dd10915de9db8af8e4f5e,6799 9 7153 16 7510 20 7869 22 8228 23 8587 24 8945 26 9305 27 9664 28 10022 30 10381 32 10741 32 11100 33 11458 35 11818 35 12177 37 12537 37 12896 38 13255 39 13614 40 13973 42 14333 42 14693 42 15053 42 15413 42 15773 41 16131 43 16491 43 16851 43 17210 44 17570 43 17930 43 18289 44 18649 44 19009 44 19368 45 19727 46 20087 45 20447 45 20807 44 21167 44 21527 44 21888 43 22248 43 22608 42 22968 40 23328 39 23688 39 24048 39 24408 38 24768 37 25128 36 25488 36 25848 35 26208 34 26568 33 26928 32 27289 30 27650 28 28011 24 28373 19 28734 17 29095 14 29456 12 29820 7 30180 7
d7d12a2acc47a94961aeb56fd56e8a0873016af75f5dd10915de9db8af8e4f5e,79 22 438 24 796 28 1153 32 1511 35 1869 38 2228 40 2587 41 2946 43 3305 44 3665 45 4024 46 4384 46 4744 46 5105 45 5467 43 5829 41 6192 38 6554 36 6917 33 7278 32 7640 30 8002 28 8364 25 8725 24 9087 21 9448 19 9809 18 10169 18 10530 17 10892 14 11253 13 11615 10 11976 8
d7d12a2acc47a94961aeb56fd56e8a0873016af75f5dd10915de9db8af8e4f5e,5038 3 5397 4 5756 5 6115 6 6475 6 6834 7 7194 7 7553 8 7912 9 8272 9 8632 9 8992 9 9351 10 9711 10 10070 11 10430 11 10789 12 11149 12 11509 12 11869 12 12229 12 12589 12 12948 13 13307 14 13666 15 14026 15 14386 15 14746 15 15106 15 15466 15 15826 15 16186 15 16546 15 16906 15 17266 15 17626 15 17986 15 18346 15 18706 15 19066 15 19426 15 19786 15 20147 14 20507 14 20867 14 21227 14 21588 13 21948 13 22309 12 22671 10 23032 9 23393 8 23754 7 24116 5
d7d12a2acc47a94961aeb56fd56e8a0873016af75f5dd10915de9db8af8e4f5e,71999 2 72358 3 72718 3 73077 4 73437 4 73797 4 74157 4 74517 4 74878 3
d7d12a2acc47a94961aeb56fd56e8a0873016af75f5dd10915de9db8af8e4f5e,166 56 525 57 885 56 1245 55 1605 54 1965 53 2326 51 2687 49 3048 47 3409 44 3770 42 4130 11 4146 22 4491 10 4509 18 4853 8
d7d12a2acc47a94961aeb56fd56e8a0873016af75f5dd10915de9db8af8e4f5e,7440 18 7800 19 8159 21 8517 25 8875 28 9233 30 9593 30 9952 32 10309 36 10668 37 11027 39 11385 41 11743 43 12102 44 12462 45 12821 46 13180 47 13539 48 13899 48 14258 49 14617 50 14977 50 15337 49 15696 50 16055 50 16415 49 16465 3 16775 53 17134 54 17494 54 17853 55 18213 54 18574 53 18934 53 19294 52 19654 51 20014 50 20374 50 20734 45 21094 44 21455 43 21815 38 21855 3 22175 38 22536 37 22896 37 23256 36 23616 27 23645 5 23976 33 24337 30 24699 28 25061 23 25422 22 25784 18 26146 15 26506 4 26513 7 26867 11 27227 10 27588 6
d7d12a2acc47a94961aeb56fd56e8a0873016af75f5dd10915de9db8af8e4f5e,84211 6 84569 19 84928 23 85286 26 85645 29 86005 30 86364 32 86724 32 87083 34 87442 36 87802 36 88161 38 88520 39 88880 39 89239 40 89599 41 89958 43 90318 43 90678 43 91037 44 91397 44 91757 44 92117 44 92476 45 92836 45 93196 45 93556 45 93916 45 94276 45 94636 45 94996 45 95356 45 95717 44 96077 44 96437 44 96798 43 97158 43 97519 42 97880 41 98240 41 98601 40 98961 39 99322 37 99683 8 99708 10 100073 3
d7d12a2acc47a94961aeb56fd56e8a0873016af75f5dd10915de9db8af8e4f5e,29508 7 29864 12 30222 14 30580 15 30937 18 31296 20 31656 21 32015 23 32375 24 32735 25 33094 27 33453 28 33812 29 34171 30 34531 30 34891 30 35251 30 35611 30 35971 30 36331 30 36690 31 37050 31 37410 31 37770 31 38131 30 38491 30 38851 30 39211 30 39572 29 39932 29 40292 29 40653 28 41013 28 41374 27 41734 27 42094 27 42455 26 42815 26 43176 25 43536 25 43897 24 44257 24 44617 24 44978 23 45339 22 45699 22 46060 21 46421 20 46781 20 47142 19 47502 19 47863 18 48224 17 48585 16 48945 16 49306 15 49667 14 50029 12 50390 11 50752 9 51114 7
d7d12a2acc47a94961aeb56fd56e8a0873016af75f5dd10915de9db8af8e4f5e,21149 6 21507 9 21865 12 22224 13 22584 14 22944 14 23303 15 23662 17 24021 18 24380 19 24740 19 25100 19 25459 20 25818 21 26177 22 26536 23 26895 25 27255 25 27614 26 27973 27 28333 27 28692 28 29051 29 29410 30 29769 31 30129 31 30488 32 30847 33 31207 34 31567 34 31926 35 32285 36 32644 37 33003 39 33363 39 33722 40 34082 40 34441 41 34800 41 35160 41 35519 41 35878 42 36238 42 36598 42 36957 42 37317 42 37677 42 38037 42 38397 42 38757 42 39116 42 39476 42 39836 42 40197 40 40557 40 40917 40 41277 39 41637 38 41997 38 42357 37 42717 36 43078 34 43438 33 43798 32 44159 31 44520 29 44881 27 45243 24 45604 19 45966 16 46327 13 46688 10 47049 8 47412 5 47773 3
d7d12a2acc47a94961aeb56fd56e8a0873016af75f5dd10915de9db8af8e4f5e,128295 12 128646 3 128652 17 129002 29 129354 38
d7d12a2acc47a94961aeb56fd56e8a0873016af75f5dd10915de9db8af8e4f5e,99691 17 100043 30 100076 3 100402 38 100762 39 101121 40 101481 40 101841 40 102201 40 102561 40 102921 40 103281 40 103641 40 104001 40 104361 40 104721 40 105081 40 105441 40 105801 40 106161 40 106521 40 106881 40 107241 40 107601 40 107962 39 108322 39 108682 39 109042 39 109402 39 109763 38 110123 38 110483 38 110843 38 111204 36 111565 34 111927 31 112288 29 112650 27 113012 24 113375 20 113741 12
d7d12a2acc47a94961aeb56fd56e8a0873016af75f5dd10915de9db8af8e4f5e,54814 13 55173 17 55531 22 55889 25 56247 29 56606 31 56965 34 57324 36 57683 39 58042 41 58399 46 58758 48 59118 49 59477 51 59837 53 60196 55 60556 56 60916 57 61275 59 61635 60 61995 60 62355 61 62715 61 63074 63 63434 63 63794 64 64154 65 64514 65 64874 65 65234 66 65594 66 65954 66 66315 65 66675 65 67035 65 67395 66 67755 66 68116 66 68477 65 68837 65 69198 64 69559 63 69920 62 70280 62 70641 61 71002 60 71362 60 71724 57 72085 56 72446 55 72806 55 73167 53 73528 51 73889 50 74250 48 74611 46 74972 45 75333 43 75695 39 76056 36 76418 33 76782 28 77145 23 77507 19 77869 14
d7d12a2acc47a94961aeb56fd56e8a0873016af75f5dd10915de9db8af8e4f5e,97095 8 97445 24 97803 28 98162 31 98520 35 98878 38 99236 41 99595 43 99954 45 100313 48 100672 50 101032 50 101391 52 101750 53 102110 54 102470 54 102829 56 103189 56 103549 56 103909 56 104269 56 104629 56 104989 56 105349 56 105709 56 106069 56 106429 56 106789 55 107149 55 107509 54 107869 54 108229 53 108590 51 108951 49 109311 48 109672 44 110033 40 110394 37 110754 35 111115 25 111476 21 111838 18 112209 2
d7d12a2acc47a94961aeb56fd56e8a0873016af75f5dd10915de9db8af8e4f5e,80983 5 81342 7 81702 8 82062 8 82422 8 82782 8 83143 7 83504 5
d7d12a2acc47a94961aeb56fd56e8a0873016af75f5dd10915de9db8af8e4f5e,47161 2 47521 3 47881 4 48241 5 48601 5 48961 5 49321 6 49681 6 50041 7 50401 7 50761 8 51121 8 51481 9 51841 9 52201 9 52561 9 52921 9 53281 9 53641 9 54001 9 54361 9 54721 9 55081 9 55441 9 55801 9 56161 9 56521 8 56881 8 57241 7 57601 6 57961 5 58321 3 58681 1
d7d12a2acc47a94961aeb56fd56e8a0873016af75f5dd10915de9db8af8e4f5e,59319 13 59676 21 60034 25 60392 29 60748 35 61107 37 61465 40 61824 42 62183 44 62541 46 62900 48 63259 49 63618 51 63977 52 64337 52 64696 54 65055 55 65415 55 65775 55 66134 56 66494 56 66853 57 67213 57 67573 58 67932 59 68292 58 68652 58 69012 58 69372 57 69732 57 70093 55 70453 55 70813 55 71174 53 71534 52 71894 52 72255 50 72616 47 72977 45 73338 43 73699 39 74060 37 74421 34 74784 28 75146 6
d7d12a2acc47a94961aeb56fd56e8a0873016af75f5dd10915de9db8af8e4f5e,54581 5 54939 10 55296 15 55651 22 56002 32 56349 46 56706 49 57064 52 57423 53 57782 55 58141 56 58501 56 58861 56 59221 57 59581 57 59941 57 60301 57 60661 57 61022 56 61383 55 61744 54 62104 54 62465 53 62826 53 63187 52 63549 50 63912 46 64277 40 64640 37 65002 35 65363 33 65724 32 66085 31 66446 29 66807 28 67168 27 67528 26 67889 25 68250 23 68611 21 68973 19 69335 16 69696 14 70058 10 70420 6
d7d12a2acc47a94961aeb56fd56e8a0873016af75f5dd10915de9db8af8e4f5e,83668 3 84025 12 84383 15 84742 19 85101 23 85460 28 85819 31 86178 34 86537 36 86896 38 87255 41 87614 43 87972 46 88330 48 88689 49 89049 49 89408 50 89767 51 90126 53 90484 55 90843 57 91202 58 91561 60 91920 62 92279 63 92639 63 92998 64 93358 64 93718 64 94078 64 94437 65 94796 66 95155 67 95515 67 95875 67 96234 67 96594 67 96954 67 97313 68 97673 67 98032 68 98392 68 98752 68 99112 67 99472 66 99831 66 100191 65 100551 64 100911 63 101271 60 101631 59 101991 52 102351 49 102711 48 103071 46 103431 45 103791 44 104151 43 104512 42 104872 41 105233 39 105594 36 105955 34 106316 31 106678 27 107043 19 107405 13 107766 10
