d7db360fabfce9828559a21f6bffff589ae868e0dc6101d7c1212de34a25e3cb,158 35 517 37 877 38 1237 39 1597 39 1957 39 2317 20 2340 17 2676 20 2702 16 3035 19 3063 16 3395 18 3424 15 3755 17 3784 16 4114 17 4144 16 4474 17 4503 18 4834 17 4863 18 5194 17 5223 19 5553 19 5582 20 5913 22 5942 20 6272 50 6632 50 6992 49 7352 49 7712 49 8072 49 8432 49 8792 48 9152 48 9513 46 9873 44 10234 43 10594 41 10955 40 11316 38 11677 37 12037 36 12398 35 12759 33 13120 32 13481 31 13842 30 14203 28 14564 27 14925 25 15285 25 15646 23 16008 21 16368 19 16730 16 17093 11
d7db360fabfce9828559a21f6bffff589ae868e0dc6101d7c1212de34a25e3cb,25741 6 26095 16 26446 27 26802 33 27157 39 27515 42 27872 46 28230 48 28589 50 28947 52 29305 54 29664 55 30023 57 30383 57 30742 59 31101 60 31461 61 31820 62 32180 63 32540 63 32900 63 33260 63 33620 63 33980 63 34340 62 34700 62 35060 62 35421 61 35781 61 36141 61 36501 60 36862 59 37223 57 37584 55 37945 53 38306 51 38666 50 39027 48 39388 45 39749 43 40111 40 40472 38 40833 35 41193 32 41555 28 41917 24 42279 21 42643 14
d7db360fabfce9828559a21f6bffff589ae868e0dc6101d7c1212de34a25e3cb,51 18 410 21 769 23 1129 25 1489 28 1848 31 2208 33 2568 35 2928 36 3288 37 3648 38 4008 39 4368 40 4729 41 5090 41 5450 42 5811 42 6171 44 6531 45 6891 47 7251 48 7612 48 7972 49 8332 49 8692 50 9052 50 9412 51 9773 50 10134 49 10495 49 10856 48 11216 48 11576 48 11937 47 12297 47 12657 47 13018 46 13378 46 13739 45 14100 44 14461 43 14821 42 15182 41 15543 40 15904 38 16265 36 16626 35 16988 32 17349 30 17710 28 18072 25 18433 23 18795 18 19157 13 19521 7
d7db360fabfce9828559a21f6bffff589ae868e0dc6101d7c1212de34a25e3cb,63877 17 64235 21 64593 25 64950 29 65308 32 65666 34 66024 37 66379 43 66725 58 67084 59 67442 61 67801 63 68156 68 68516 68 68875 69 69234 70 69594 68 69953 68 70313 68 70672 68 71031 68 71391 68 71750 69 72110 68 72470 67 72830 67 73189 68 73548 68 73908 68 74267 68 74627 68 74987 68 75347 67 75707 67 76067 67 76427 66 76786 67 77146 67 77506 67 77866 67 78226 67 78586 67 78946 67 79307 66 79669 64 80030 63 80391 39 80432 21 80753 35 80794 13 81114 34 81475 31 81837 28 82200 23 82562 17 82926 9
d7db360fabfce9828559a21f6bffff589ae868e0dc6101d7c1212de34a25e3cb,30084 5 30444 6 30804 6 31164 6 31524 6 31884 5
d7db360fabfce9828559a21f6bffff589ae868e0dc6101d7c1212de34a25e3cb,100409 11 100764 16 101121 21 101479 24 101838 26 102197 28 102555 31 102915 32 103272 35 103631 37 103991 38 104349 40 104709 41 105069 42 105428 43 105786 46 106146 46 106505 47 106865 47 107223 50 107583 50 107942 51 108301 53 108661 53 109021 53 109381 53 109740 54 110099 54 110459 54 110818 55 111178 55 111538 54 111898 53 112258 53 112617 53 112977 52 113337 51 113697 49 114057 49 114417 47 114777 45 115137 45 115497 45 115857 45 116218 43 116578 43 116938 42 117299 40 117659 38 118020 36 118380 36 118741 34 119103 31 119463 29 119824 27 120185 25 120547 21 120908 19 121270 15
d7db360fabfce9828559a21f6bffff589ae868e0dc6101d7c1212de34a25e3cb,83843 4 84203 4 84562 5 84922 5 85282 5 85643 4
d7db360fabfce9828559a21f6bffff589ae868e0dc6101d7c1212de34a25e3cb,9322 3 9677 16 10035 19 10392 24 10752 26 11110 30 11468 33 11827 36 12186 38 12546 39 12905 41 13264 43 13624 45 13984 45 14344 46 14703 48 15063 49 15422 52 15782 52 16142 53 16502 55 16862 55 17222 56 17583 55 17943 56 18303 56 18663 57 19024 56 19384 56 19745 55 20105 56 20466 55 20826 55 21188 52 21548 52 21909 51 22271 49 22632 47 22993 46 23355 44 23715 43 24078 39 24439 37 24801 34 25163 31 25525 28 25888 23 26251 18 26618 4
d7db360fabfce9828559a21f6bffff589ae868e0dc6101d7c1212de34a25e3cb,6120 1 6479 2 6838 3 7198 3 7558 3 7918 3 8277 4 8637 4 8997 4 9357 4 9717 4 10077 4 10437 4 10797 4 11157 4 11518 3 11878 3 12239 2 12599 2 12960 1
d7db360fabfce9828559a21f6bffff589ae868e0dc6101d7c1212de34a25e3cb,32041 1 32401 2 32761 4 33121 7 33481 7 33841 9 34201 11 34561 12 34921 14 35281 15 35641 16 36001 17 36361 19 36721 19 37081 20 37441 21 37801 22 38161 22 38521 23 38881 23 39241 24 39601 25 39961 25 40321 25 40681 26 41041 26 41401 27 41761 28 42121 28 42481 28 42841 29 43201 29 43561 29 43921 29 44281 29 44641 29 45001 29 45361 29 45721 29 46081 29 46441 29 46801 28 47161 28 47521 27 47881 27 48241 26 48601 25 48961 24 49321 24 49681 23 50041 23 50401 22 50761 21 51121 20 51481 19 51841 19 52201 17 52561 17 52921 15 53281 14 53641 12 54001 1 54003 6
d7db360fabfce9828559a21f6bffff589ae868e0dc6101d7c1212de34a25e3cb,120959 2 121316 5 121674 7 122033 8 122391 10 122750 11 123110 11 123468 13 123827 14 124186 15 124545 16 124903 18 125262 19 125621 20 125980 21 126340 21 126699 22 127058 23 127418 23 127777 24 128137 24 128496 25 128855 26 129215 26 129575 26
d7db360fabfce9828559a21f6bffff589ae868e0dc6101d7c1212de34a25e3cb,40871 8 41230 10 41590 11 41950 12 42310 12 42670 12 43030 12 43390 11 43751 10 44112 9 44474 6
d7db360fabfce9828559a21f6bffff589ae868e0dc6101d7c1212de34a25e3cb,9 22 367 25 727 27 1086 30 1445 32 1805 32 2164 37 2524 37 2884 40 3243 42 3603 43 3963 44 4323 45 4683 46 5043 47 5403 47 5764 47 6124 47 6485 46 6846 45 7208 43 7568 44 7929 43 8290 42 8651 41 9011 41 9372 40 9733 39 10093 39 10454 38 10814 38 11175 37 11535 36 11896 35 12256 35 12616 35 12977 34 13337 34 13697 33 14058 32 14418 32 14778 32 15138 31 15498 30 15858 29 16218 28 16579 27 16939 26 17299 25 17659 24 18020 23 18380 22 18741 20 19101 18 19462 17 19823 14 20184 12
d7db360fabfce9828559a21f6bffff589ae868e0dc6101d7c1212de34a25e3cb,96981 14 97337 22 97693 28 98052 31 98410 34 98767 39 99126 41 99484 44 99842 47 100200 50 100559 52 100917 55 101276 58 101635 60 101994 61 102353 62 102712 63 103072 63 103431 65 103790 66 104150 67 104509 67 104868 68 105227 69 105586 70 105946 70 106305 71 106665 70 107024 71 107384 71 107743 72 108103 71 108462 72 108822 72 109181 72 109541 72 109901 69 110261 68 110620 69 110980 68 111340 67 111700 66 112060 64 112420 63 112779 62 113139 61 113500 59 113860 58 114220 56 114580 54 114941 50 115301 47 115662 43 116022 39 116384 33 116744 28 117105 23 117467 18 117832 7
d7db360fabfce9828559a21f6bffff589ae868e0dc6101d7c1212de34a25e3cb,57660 4 58015 12 58374 15 58732 19 59091 21 59449 24 59808 26 60168 27 60527 29 60886 32 61246 32 61604 35 61964 36 62323 38 62682 39 63041 40 63400 41 63760 41 64119 42 64479 42 64839 42 65198 43 65558 43 65918 42 66277 43 66637 44 66996 44 67356 44 67716 44 68075 44 68435 44 68794 44 69154 44 69514 43 69874 42 70233 43 70593 42 70953 41 71312 42 71672 42 72031 43 72391 42 72751 42 73111 42 73471 42 73831 41 74191 41 74551 40 74911 40 75270 41 75630 41 75990 41 76350 35 76386 4 76710 40 77070 3 77074 35 77430 39 77790 38 78150 3 78154 34 78510 37 78870 36 79230 35 79590 34 79951 32 80311 31 80672 29 81033 27 81394 25 81756 22 82119 17 82481 12
d7db360fabfce9828559a21f6bffff589ae868e0dc6101d7c1212de34a25e3cb,97146 3 97504 5 97863 6 98223 6 98583 5 98944 4 99304 4
d7db360fabfce9828559a21f6bffff589ae868e0dc6101d7c1212de34a25e3cb,46800 1 47159 2 47519 2 47878 3 48238 3 48598 3 48957 4 49317 4 49678 3 50038 3 50398 3 50758 3 51118 3 51479 2 51840 1
d7db360fabfce9828559a21f6bffff589ae868e0dc6101d7c1212de34a25e3cb,60392 13 60748 20 61107 25 61465 27 61825 6 61832 21 62183 32 62541 37 62901 39 63260 42 63620 43 63980 43 64338 46 64697 49 65056 50 65416 52 65776 53 66136 54 66495 57 66854 59 67214 60 67574 61 67934 62 68294 63 68655 62 69015 62 69375 63 69735 63 70095 63 70456 63 70817 62 71178 61 71540 60 71901 59 72262 58 72623 57 72986 54 73348 52 73710 50 74071 49 74429 51 74789 51 75146 54 75504 56 75864 56 76224 56 76584 56 76943 57 77303 57 77663 57 78023 56 78383 56 78744 55 79104 54 79464 54 79824 53 80185 51 80546 48 80906 47 81267 44 81629 40 81990 38 82352 33 82715 27 83079 19 83442 6
d7db360fabfce9828559a21f6bffff589ae868e0dc6101d7c1212de34a25e3cb,119722 30 119753 4 119758 6 119765 11 120077 61 120436 64 120793 69 121152 72 121511 74 121871 74 122230 76 122589 77 122949 77 123309 77 123668 78 124029 77 124388 78 124747 78 125107 78 125467 77 125827 77 126187 76 126548 74 126908 73 127268 67 127629 66 127989 66 128350 65 128711 64 129072 62 129432 61
d7db360fabfce9828559a21f6bffff589ae868e0dc6101d7c1212de34a25e3cb,55441 3 55801 4 56161 4 56521 4 56882 3 57242 4 57601 5 57961 6 58321 6 58681 7 59041 7 59401 7 59761 7 60121 8 60481 8 60841 9 61201 9 61561 10 61921 10 62281 10 62641 10 63001 11 63361 11 63721 11 64081 11 64441 11 64801 11 65161 11 65521 11 65881 11 66241 11 66601 11 66961 11 67321 10 67681 10 68041 9 68401 9 68761 8 69121 7 69481 6 69841 6
d7db360fabfce9828559a21f6bffff589ae868e0dc6101d7c1212de34a25e3cb,77 51 438 50 798 50 1159 50 1520 50 1880 50 2242 48 2603 47 2964 46 3325 45 3686 45 4047 44 4408 43 4770 41 5131 40 5492 39 5853 38 6215 36 6576 35 6938 33 7299 32 7660 31 8021 29 8381 29 8742 17 8760 10 9103 27 9464 26 9826 23 10188 21 10551 17 10915 12 11278 8
d7db360fabfce9828559a21f6bffff589ae868e0dc6101d7c1212de34a25e3cb,42162 4 42521 5 42879 8 43239 8 43598 9 43958 8 44318 8 44678 8 45038 8 45399 4
d7db360fabfce9828559a21f6bffff589ae868e0dc6101d7c1212de34a25e3cb,18721 5 19081 7 19441 9 19801 10 20161 11 20521 13 20881 14 21241 15 21601 16 21961 17 22321 17 22681 17 23041 18 23401 19 23761 20 24121 20 24481 21 24841 22 25201 22 25561 22 25921 22 26281 22 26641 22 27001 22 27361 22 27721 21 28081 21 28441 21 28801 20 29161 19 29521 18 29881 16 30241 14 30601 1 30603 8
d7db360fabfce9828559a21f6bffff589ae868e0dc6101d7c1212de34a25e3cb,93296 1 93619 9 93647 13 93974 49 94332 52 94689 56 95047 59 95405 61 95763 64 96121 66 96481 66 96841 67 97201 67 97561 67 97921 67 98281 67 98641 67 99001 67 99361 67 99721 66 100081 66 100441 66 100801 65 101161 65 101521 64 101881 63 102241 63 102601 62 102961 61 103321 61 103681 60 104041 59 104401 59 104761 58 105121 57 105481 55 105841 54 106201 53 106562 52 106922 50 107283 48 107645 45 108007 41 108369 37 108731 32 109092 26 109455 20 109820 11
d7db360fabfce9828559a21f6bffff589ae868e0dc6101d7c1212de34a25e3cb,67320 1 67679 2 68038 3 68397 4 68756 5 69116 5 69475 6 69835 6 70195 6 70555 6 70914 7 71275 6 71635 6 71995 6 72355 6 72715 6 73075 6 73436 5 73796 5 74157 4 74519 2
d7db360fabfce9828559a21f6bffff589ae868e0dc6101d7c1212de34a25e3cb,63924 8 64282 13 64639 18 64998 22 65357 24 65715 28 66074 29 66432 32 66791 34 67150 36 67508 39 67868 39 68227 40 68585 43 68944 44 69304 44 69662 46 70021 48 70381 48 70741 48 71100 49 71459 50 71819 50 72179 50 72538 51 72897 52 73257 52 73616 53 73976 52 74336 52 74695 52 75055 52 75414 52 75774 51 76134 51 76493 51 76853 50 77213 49 77573 48 77933 47 78293 47 78653 45 79013 44 79373 44 79733 43 80093 42 80453 42 80811 43 81171 43 81531 42 81891 42 82251 42 82611 41 82971 41 83331 41 83691 41 84051 41 84412 40 84772 39 85132 39 85493 37 85853 37 86213 36 86574 35 86935 33 87295 33 87656 30 88017 29 88377 28 88738 26 89099 24 89460 21 89821 18 90184 12
d7db360fabfce9828559a21f6bffff589ae868e0dc6101d7c1212de34a25e3cb,32665 7 33024 11 33382 16 33742 16 34101 18 34460 21 34819 23 35179 24 35539 25 35898 27 36258 27 36618 29 36978 29 37338 31 37698 31 38058 33 38418 33 38778 34 39138 35 39498 36 39859 36 40219 37 40579 38 40939 39 41300 39 41660 39 42020 40 42380 40 42740 41 43100 41 43460 42 43821 42 44181 43 44541 43 44901 44 45262 43 45623 42 45983 43 46344 42 46705 41 47066 40 47427 39 47788 38 48149 37 48510 36 48871 35 49232 33 49593 32 49954 30 50316 27 50676 27 51037 25 51398 24 51759 22 52120 20 52483 15 52844 13 53206 9
