d827a7d80fc67487a3237135e0d43ae01b7bbcb135e1a167601fc974a8348c51,62905 3 63160 5 63416 7 63672 11 63928 13 64184 14 64440 15 64696 15 64952 15 65208 15 65465 14
d827a7d80fc67487a3237135e0d43ae01b7bbcb135e1a167601fc974a8348c51,5044 3 5298 8 5553 10 5809 11 6064 13 6319 14 6575 15 6831 15 7087 15 7344 14 7601 12 7857 12 8113 11 8370 9 8627 6 8886 2
d827a7d80fc67487a3237135e0d43ae01b7bbcb135e1a167601fc974a8348c51,6462 3 6716 7 6971 9 7226 10 7482 11 7738 11 7994 11 8250 11 8506 11 8763 10 9020 9 9278 6
d827a7d80fc67487a3237135e0d43ae01b7bbcb135e1a167601fc974a8348c51,52301 4 52556 7 52810 10 53065 12 53321 12 53576 14 53831 16 54087 17 54343 17 54599 16 54855 16 55112 15 55368 15 55624 16 55881 15 56138 13 56396 9 56656 2
d827a7d80fc67487a3237135e0d43ae01b7bbcb135e1a167601fc974a8348c51,22727 5 22981 8 23236 10 23491 11 23746 13 24002 13 24257 14 24513 14 24769 14 25025 15 25281 15 25537 15 25793 15 26050 14 26306 14 26563 12 26820 9 27078 3
d827a7d80fc67487a3237135e0d43ae01b7bbcb135e1a167601fc974a8348c51,11245 5 11499 10 11754 12 12009 14 12264 16 12519 17 12775 17 13031 17 13287 18 13543 18 13799 19 14055 19 14311 18 14567 18 14824 17 15080 16 15337 14 15594 12 15851 10 16109 7
d827a7d80fc67487a3237135e0d43ae01b7bbcb135e1a167601fc974a8348c51,18 20 274 20 531 18 787 18 1044 16 1301 14 1558 12 1817 8 2075 5
d827a7d80fc67487a3237135e0d43ae01b7bbcb135e1a167601fc974a8348c51,44475 5 44730 7 44985 8 45241 9 45497 9 45753 9 46009 9 46266 7 46523 5
d827a7d80fc67487a3237135e0d43ae01b7bbcb135e1a167601fc974a8348c51,56022 8 56277 10 56532 13 56787 15 57043 16 57298 18 57554 19 57809 20 58065 20 58322 19 58578 20 58834 20 59091 19 59347 19 59604 18 59860 18 60116 17 60373 16 60630 15 60887 13 61145 9
d827a7d80fc67487a3237135e0d43ae01b7bbcb135e1a167601fc974a8348c51,58712 4 58965 10 59220 12 59475 14 59731 14 59986 15 60242 15 60498 15 60754 15 61010 15 61266 15 61522 14 61779 13 62036 12 62293 10 62551 7
d827a7d80fc67487a3237135e0d43ae01b7bbcb135e1a167601fc974a8348c51,58912 5 59166 9 59421 11 59676 13 59931 14 60186 15 60442 15 60698 15 60954 15 61210 15 61466 15 61722 15 61978 14 62235 13 62491 12 62748 11 63005 9 63262 7 63521 2
d827a7d80fc67487a3237135e0d43ae01b7bbcb135e1a167601fc974a8348c51,34270 3 34523 9 34777 12 35032 15 35050 5 35287 26 35543 27 35798 29 36053 30 36309 29 36564 29 36820 27 37076 26 37332 26 37588 26 37843 27 38099 27 38355 27 38611 26 38867 25 39124 23 39380 22 39637 21 39893 20 40150 19 40406 18 40663 17 40920 12 41178 9
d827a7d80fc67487a3237135e0d43ae01b7bbcb135e1a167601fc974a8348c51,6601 5 6855 10 7110 12 7366 13 7622 14 7878 15 8134 15 8391 14 8647 14 8903 14 9159 13 9415 13 9671 12 9928 11 10184 11 10440 11 10696 10 10953 8
d827a7d80fc67487a3237135e0d43ae01b7bbcb135e1a167601fc974a8348c51,54247 4 54502 8 54757 11 55012 14 55267 16 55523 17 55780 17 56036 17 56292 17 56548 17 56805 16 57062 15 57319 14 57575 13 57832 11 58089 10 58346 9 58608 2
d827a7d80fc67487a3237135e0d43ae01b7bbcb135e1a167601fc974a8348c51,1367 4 1618 10 1871 15 2126 17 2381 18 2636 20 2892 20 3148 21 3404 22 3661 21 3917 22 4174 22 4430 22 4686 22 4941 23 5196 24 5452 24 5708 23 5964 23 6220 23 6477 21 6734 19 6995 13 7254 8
d827a7d80fc67487a3237135e0d43ae01b7bbcb135e1a167601fc974a8348c51,26367 2 26622 3 26877 4 27132 5 27387 6 27643 6 27898 7 28154 7 28411 6 28667 6 28924 5 29180 5 29437 4 29694 3 29951 2 30208 1
d827a7d80fc67487a3237135e0d43ae01b7bbcb135e1a167601fc974a8348c51,15312 7 15565 11 15820 13 16075 14 16330 16 16586 16 16842 16 17098 16 17354 16 17610 16 17866 15 18122 14 18379 12 18635 9 18892 6 19149 4
d827a7d80fc67487a3237135e0d43ae01b7bbcb135e1a167601fc974a8348c51,54118 7 54372 10 54627 12 54883 12 55138 14 55394 14 55650 15 55906 15 56162 15 56418 15 56674 15 56930 14 57187 12 57444 10 57702 7
d827a7d80fc67487a3237135e0d43ae01b7bbcb135e1a167601fc974a8348c51,56890 7 57143 11 57398 12 57653 14 57909 15 58164 16 58420 17 58676 17 58931 18 59187 18 59443 18 59699 18 59955 18 60211 18 60468 17 60724 17 60980 16 61236 16 61493 15 61750 13 62008 10 62271 2
d827a7d80fc67487a3237135e0d43ae01b7bbcb135e1a167601fc974a8348c51,49534 5 49787 12 50041 15 50296 17 50551 18 50807 18 51062 19 51318 20 51574 20 51830 20 52086 20 52342 20 52598 20 52854 19 53111 17 53374 9 53635 3
d827a7d80fc67487a3237135e0d43ae01b7bbcb135e1a167601fc974a8348c51,19940 7 20195 9 20450 11 20705 12 20960 14 21216 14 21471 16 21727 16 21983 16 22239 16 22495 16 22752 15 23009 14 23266 12 23523 10 23780 8 24037 6
d827a7d80fc67487a3237135e0d43ae01b7bbcb135e1a167601fc974a8348c51,45538 5 45791 9 46046 11 46302 13 46557 15 46812 17 47068 18 47323 20 47579 20 47835 20 48090 20 48346 19 48602 19 48858 19 49115 18 49372 17 49631 13 49892 6
d827a7d80fc67487a3237135e0d43ae01b7bbcb135e1a167601fc974a8348c51,62733 4 62987 8 63242 10 63497 12 63753 13 64008 15 64264 16 64520 17 64776 17 65032 17 65289 16
d827a7d80fc67487a3237135e0d43ae01b7bbcb135e1a167601fc974a8348c51,50432 1 50684 5 50939 6 51194 7 51448 9 51703 10 51959 10 52214 11 52470 11 52725 12 52981 12 53237 12 53493 12 53749 12 54006 11 54262 11 54519 10 54776 9 55033 8 55290 7 55547 6 55804 5 56061 4 56318 3 56575 2
d827a7d80fc67487a3237135e0d43ae01b7bbcb135e1a167601fc974a8348c51,45718 5 45972 9 46227 11 46482 13 46738 13 46994 13 47250 13 47506 14 47762 14 48019 13 48275 12 48532 11 48789 9 49047 5
d827a7d80fc67487a3237135e0d43ae01b7bbcb135e1a167601fc974a8348c51,20736 1 20991 2 21247 2 21503 2 21759 2 22014 3 22270 3 22526 3 22782 3 23039 2 23296 1
d827a7d80fc67487a3237135e0d43ae01b7bbcb135e1a167601fc974a8348c51,37367 7 37618 13 37873 15 38128 16 38382 18 38637 19 38892 21 39147 22 39402 23 39658 23 39913 24 40169 24 40424 25 40680 25 40936 24 41192 24 41448 23 41705 21 41961 21 42218 19 42474 19 42731 17 42991 11
d827a7d80fc67487a3237135e0d43ae01b7bbcb135e1a167601fc974a8348c51,63406 4 63660 7 63915 11 64170 14 64425 15 64681 15 64937 15 65193 15 65449 16
d827a7d80fc67487a3237135e0d43ae01b7bbcb135e1a167601fc974a8348c51,1528 3 1535 2 1783 10 2038 11 2293 12 2548 13 2804 13 3060 13 3316 13 3572 13 3828 13 4084 13 4340 13 4597 12 4854 11 5111 10 5368 9 5625 8 5882 5
