d910b2b1be8406caecfe31a503d412ffc4e3d488286242ebc7381836121dd4ef,38886 4 39140 8 39394 11 39649 13 39903 16 40158 17 40413 19 40668 20 40924 20 41179 21 41435 21 41691 21 41947 20 42203 18 42460 16 42717 13 42974 11 43231 9
d910b2b1be8406caecfe31a503d412ffc4e3d488286242ebc7381836121dd4ef,58898 9 59152 12 59407 14 59662 16 59918 17 60173 18 60428 19 60684 19 60940 18 61195 19 61451 19 61706 19 61962 18 62219 16 62475 15 62732 13 62989 11 63247 8
d910b2b1be8406caecfe31a503d412ffc4e3d488286242ebc7381836121dd4ef,24648 3 24903 5 25159 5 25415 5 25672 3
d910b2b1be8406caecfe31a503d412ffc4e3d488286242ebc7381836121dd4ef,31038 8 31293 10 31549 11 31805 11 32060 12 32316 12 32572 12 32828 11 33084 9 33340 8 33597 6 33854 4
d910b2b1be8406caecfe31a503d412ffc4e3d488286242ebc7381836121dd4ef,32328 4 32584 5 32839 6 33093 9 33348 10 33603 11 33858 12 34113 13 34369 13 34625 12 34882 9 35141 4
d910b2b1be8406caecfe31a503d412ffc4e3d488286242ebc7381836121dd4ef,7841 5 8094 9 8348 12 8603 13 8859 13 9115 13 9371 14 9627 14 9883 15 10139 15 10395 15 10651 15 10907 15 11163 14 11420 13 11676 13 11933 12 12189 11 12446 9 12703 7
d910b2b1be8406caecfe31a503d412ffc4e3d488286242ebc7381836121dd4ef,24148 6 24403 8 24657 11 24912 13 25168 14 25424 15 25680 16 25936 16 26193 16 26449 16 26705 16 26961 16 27217 16 27473 16 27730 14 27987 12 28244 9 28502 6 28759 4
d910b2b1be8406caecfe31a503d412ffc4e3d488286242ebc7381836121dd4ef,15345 5 15600 9 15856 10 16111 12 16366 14 16622 14 16878 14 17134 14 17390 15 17655 6
d910b2b1be8406caecfe31a503d412ffc4e3d488286242ebc7381836121dd4ef,60648 9 60903 12 61158 16 61413 18 61669 19 61924 21 62180 21 62435 23 62691 23 62947 23 63203 23 63459 23 63716 22 63972 22 64228 22 64484 21 64740 21 64997 20 65254 19 65510 19
d910b2b1be8406caecfe31a503d412ffc4e3d488286242ebc7381836121dd4ef,42775 3 43030 5 43286 5 43542 5 43799 3
d910b2b1be8406caecfe31a503d412ffc4e3d488286242ebc7381836121dd4ef,44560 6 44813 11 45067 15 45322 17 45577 18 45832 19 46088 19 46343 20 46599 20 46855 20 47111 20 47367 20 47623 19 47879 19 48135 18 48392 17 48648 16 48905 14 49162 11 49420 7
d910b2b1be8406caecfe31a503d412ffc4e3d488286242ebc7381836121dd4ef,25598 3 25853 4 26108 5 26363 6 26618 7 26874 7 27130 7 27385 8 27641 8 27896 9 28152 9 28408 9 28663 10 28919 10 29175 10 29431 10 29687 10 29943 10 30200 9 30457 8 30714 7 30971 6 31230 3
d910b2b1be8406caecfe31a503d412ffc4e3d488286242ebc7381836121dd4ef,55444 4 55699 6 55954 7 56210 8 56466 8 56721 9 56977 9 57233 9 57489 9 57744 10 57999 11 58255 11 58511 11 58767 10 59024 9 59282 4
d910b2b1be8406caecfe31a503d412ffc4e3d488286242ebc7381836121dd4ef,58089 3 58344 5 58600 5 58856 5 59113 3
d910b2b1be8406caecfe31a503d412ffc4e3d488286242ebc7381836121dd4ef,17646 9 17901 16 18157 17 18413 17 18669 17 18925 17 19181 17 19437 17 19693 17 19949 16 20206 15 20463 13 20720 12 20977 10 21234 8
d910b2b1be8406caecfe31a503d412ffc4e3d488286242ebc7381836121dd4ef,57292 5 57546 9 57801 12 58056 14 58312 15 58567 16 58823 18 59079 17 59335 18 59590 19 59847 18 60103 18 60359 19 60615 19 60872 18 61128 17 61385 16 61641 16 61898 14 62155 13 62412 11 62670 7
d910b2b1be8406caecfe31a503d412ffc4e3d488286242ebc7381836121dd4ef,22863 3 23118 5 23374 5 23630 5 23887 3
d910b2b1be8406caecfe31a503d412ffc4e3d488286242ebc7381836121dd4ef,51215 8 51470 17 51725 20 51980 22 52236 23 52491 25 52747 25 53004 24 53260 24 53516 24 53773 22 54029 22 54286 21 54544 18 54801 16 55061 11 55321 2
d910b2b1be8406caecfe31a503d412ffc4e3d488286242ebc7381836121dd4ef,28673 1 28929 2 29185 3 29441 4 29697 4 29953 5 30209 5 30465 5 30721 6 30977 6 31233 6 31489 6 31745 6 32001 6 32257 5 32513 5 32769 5 33025 4 33281 1
d910b2b1be8406caecfe31a503d412ffc4e3d488286242ebc7381836121dd4ef,31973 7 32228 9 32483 11 32738 12 32994 13 33250 13 33506 13 33762 13 34018 13 34275 12 34531 12 34788 10 35049 4
d910b2b1be8406caecfe31a503d412ffc4e3d488286242ebc7381836121dd4ef,8644 8 8899 10 9154 12 9409 14 9665 15 9920 16 10176 17 10432 17 10687 18 10943 18 11199 18 11456 17 11712 17 11968 16 12225 15 12482 13 12739 12 12996 10
d910b2b1be8406caecfe31a503d412ffc4e3d488286242ebc7381836121dd4ef,30176 7 30431 9 30686 11 30942 11 31198 11 31454 11 31710 11 31966 7 32223 5 32480 3
d910b2b1be8406caecfe31a503d412ffc4e3d488286242ebc7381836121dd4ef,227 19 482 21 738 21 993 23 1249 23 1505 24 1761 24 2017 24 2273 24 2529 24 2786 23 3042 22 3298 22 3555 20 3811 19 4068 16 4327 11
d910b2b1be8406caecfe31a503d412ffc4e3d488286242ebc7381836121dd4ef,4664 5 4919 7 5174 8 5429 9 5684 10 5940 10 6196 9 6451 10 6706 11 6961 11 7217 10 7473 8 7730 5
