da5f98f2b8a64eee735a398de48ed42cd31bf17a6063db46a9e0783ac13cd844,218929 9 219445 14 219962 19 220481 21 221001 23 221521 23 222041 24 222561 25 223081 25 223601 25 224121 26 224641 26 225161 26 225681 26 226201 26 226721 26 227241 25 227761 25 228281 25 228801 25 229321 24 229841 24 230361 23 230881 22 231401 22 231921 21 232441 20 232961 19 233481 18 234001 16 234521 14 235041 5 235047 6
da5f98f2b8a64eee735a398de48ed42cd31bf17a6063db46a9e0783ac13cd844,13905 10 14424 11 14942 15 15462 16 15981 19 16500 20 17019 21 17538 22 18058 22 18577 22 19097 22 19616 22 20136 22 20656 21 21175 21 21695 20 22215 20 22735 19 23255 18 23776 16 24296 15 24816 14 25336 14 25856 14 26377 12 26899 8 27421 4 27942 2
da5f98f2b8a64eee735a398de48ed42cd31bf17a6063db46a9e0783ac13cd844,90 19 610 21 1130 22 1650 23 2170 25 2691 25 3211 26 3732 26 4252 26 4773 25 5294 25 5815 24 6336 23 6857 22 7378 20 7900 18 8421 16 8942 14 9464 12 9984 12 10506 9 11027 8 11548 6 12071 2
da5f98f2b8a64eee735a398de48ed42cd31bf17a6063db46a9e0783ac13cd844,260013 8 260533 8 261051 15 261570 18 262090 19 262610 21 263129 23 263649 24 264169 25 264689 26 265209 26 265729 26 266249 26 266769 27 267289 27 267809 27 268329 27 268849 27 269370 25 269891 3 269895 19 270415 19 270937 16 271459 13 271982 1 271984 6
da5f98f2b8a64eee735a398de48ed42cd31bf17a6063db46a9e0783ac13cd844,321620 10 322139 15 322658 17 323177 20 323697 21 324216 22 324736 23 325256 24 325776 24 326295 25 326815 24 327335 25 327855 25 328375 25 328895 25 329415 24 329935 24 330455 23 330975 22 331496 20 332016 20 332537 18 333058 16 333580 13 334102 11 334626 7
da5f98f2b8a64eee735a398de48ed42cd31bf17a6063db46a9e0783ac13cd844,4462 2 4465 2 4981 10 4993 3 5500 16 6017 20 6536 24 7056 24 7574 27 8094 27 8614 28 9134 29 9654 29 10174 29 10695 29 11216 28 11736 27 12257 26 12779 23 13302 1 13307 1 13309 13 13832 8 14355 1
da5f98f2b8a64eee735a398de48ed42cd31bf17a6063db46a9e0783ac13cd844,348133 3 348651 5 349169 7 349689 7 350209 6 350729 5 351249 5
da5f98f2b8a64eee735a398de48ed42cd31bf17a6063db46a9e0783ac13cd844,175870 7 176388 10 176907 12 177426 14 177945 15 178465 16 178984 17 179503 19 180022 20 180541 21 181060 23 181580 23 182100 22 182620 22 183140 22 183660 21 184180 21 184700 20 185220 19 185740 19 186260 18 186781 16 187301 15 187822 13 188343 10 188865 6
da5f98f2b8a64eee735a398de48ed42cd31bf17a6063db46a9e0783ac13cd844,138841 2 139361 4 139881 6 140401 7 140921 8 141441 9 141961 9 142481 10 143001 10 143521 10 144041 10 144561 10 145081 9 145601 9 146121 8 146641 7 147161 5 147681 1
da5f98f2b8a64eee735a398de48ed42cd31bf17a6063db46a9e0783ac13cd844,292 31 813 30 1335 28 1856 27 2377 26 2898 25 3419 24 3940 22 4459 3 4464 1 4467 14 4978 3 4991 2 4996 5 5498 2 5516 4 6037 2
da5f98f2b8a64eee735a398de48ed42cd31bf17a6063db46a9e0783ac13cd844,60404 8 60918 4 60923 12 61437 20 61956 23 62475 25 62995 25 63515 26 64035 27 64555 27 65076 27 65596 26 66116 27 66636 27 67157 26 67678 24 68199 22 68720 20 69241 18 69762 15 70284 9
da5f98f2b8a64eee735a398de48ed42cd31bf17a6063db46a9e0783ac13cd844,279531 6 280047 14 280565 18 281083 22 281602 24 282121 26 282640 28 283159 30 283679 30 284198 31 284718 32 285238 31 285758 32 286278 32 286798 32 287318 32 287839 30 288360 29 288881 27 289402 25 289924 22 290446 1 290449 15 290972 1 290974 8
da5f98f2b8a64eee735a398de48ed42cd31bf17a6063db46a9e0783ac13cd844,317850 8 318370 9 318889 10 319408 12 319927 13 320446 16 320966 16 321481 20 321999 21 322518 22 323037 23 323557 23 324077 23 324598 22 325118 22 325637 23 326157 22 326678 1 326682 17 327198 1 327202 16 327722 16 328240 18 328761 15 329283 13 329807 5
da5f98f2b8a64eee735a398de48ed42cd31bf17a6063db46a9e0783ac13cd844,35122 4 35640 7 36158 12 36677 14 37197 16 37716 18 38236 18 38756 21 39276 21 39796 23 40316 24 40836 26 41356 26 41876 27 42397 26 42918 26 43438 26 43959 25 44480 25 45001 24 45521 24 46042 23 46563 22 47083 22 47604 21 48126 18 48650 13 49171 12 49693 8 50215 3
da5f98f2b8a64eee735a398de48ed42cd31bf17a6063db46a9e0783ac13cd844,6983 2 7500 6 8015 13 8534 15 9053 17 9572 18 10092 18 10611 19 11131 19 11651 19 12171 19 12691 19 13211 18 13731 17 14251 17 14771 18 15290 18 15810 18 16331 17 16850 18 17371 17 17891 16 18411 16 18932 15 19452 14 19972 14 20493 12 21014 10 21535 8 22057 3
da5f98f2b8a64eee735a398de48ed42cd31bf17a6063db46a9e0783ac13cd844,54847 3 55361 12 55880 15 56399 18 56918 22 57438 24 57957 29 58477 30 58997 31 59517 31 60036 33 60557 32 61077 32 61597 32 62118 31 62639 30 63159 28 63680 26 64200 25 64721 22 65243 19 65764 18 66286 15 66808 11
da5f98f2b8a64eee735a398de48ed42cd31bf17a6063db46a9e0783ac13cd844,27477 6 27994 11 28513 14 29032 17 29551 20 30070 22 30590 23 31110 24 31630 25 32150 26 32670 27 33189 28 33709 29 34229 29 34750 29 35270 30 35790 30 36311 29 36832 28 37353 27 37875 25 38395 24 38917 22 39439 19 39961 17 40484 14 41007 10
da5f98f2b8a64eee735a398de48ed42cd31bf17a6063db46a9e0783ac13cd844,343145 4 343665 7 344182 11 344700 13 345219 15 345737 17 346256 18 346775 19 347294 20 347813 20 348332 21 348851 21 349371 21 349890 22 350409 22 350929 22 351448 23 351968 22 352487 23 353007 21 353527 20 354047 19 354567 18 355088 16 355609 14 356129 12 356651 7
da5f98f2b8a64eee735a398de48ed42cd31bf17a6063db46a9e0783ac13cd844,25156 4 25674 10 26193 11 26712 14 27232 15 27751 18 28271 19 28791 20 29311 21 29831 22 30351 22 30873 21 31392 22 31913 22 32433 23 32954 22 33474 22 33995 22 34515 22 35036 21 35556 21 36077 21 36598 20 37118 20 37639 19 38160 18 38681 17 39202 15 39723 14 40245 11 40768 7 41288 5
da5f98f2b8a64eee735a398de48ed42cd31bf17a6063db46a9e0783ac13cd844,186864 2 187381 5 187900 9 188419 10 188432 1 188939 14 189459 14 189979 15 190499 15 191018 17 191538 17 192058 17 192578 17 193098 17 193618 17 194138 17 194658 16 195178 16 195699 14 196220 12 196742 8
da5f98f2b8a64eee735a398de48ed42cd31bf17a6063db46a9e0783ac13cd844,180630 6 181148 9 181666 12 182185 14 182704 15 183224 16 183743 17 184263 17 184783 17 185303 17 185822 18 186342 12 186355 4 186862 2 186866 8 186875 4 187386 7 187394 4 187909 3 187913 5 188429 3 188433 5 188953 4 189473 4
da5f98f2b8a64eee735a398de48ed42cd31bf17a6063db46a9e0783ac13cd844,124862 13 125379 18 125897 21 126415 24 126934 25 127452 27 127971 28 128490 29 129009 30 129528 31 130048 30 130568 29 131088 29 131608 28 132128 26 132649 24 133170 21 133692 17 134215 10
da5f98f2b8a64eee735a398de48ed42cd31bf17a6063db46a9e0783ac13cd844,90393 12 90909 19 91428 21 91947 24 92464 28 92983 30 93502 32 94022 32 94542 32 95062 33 95582 33 96102 33 96622 33 97142 31 97662 31 98182 30 98703 28 99223 28 99743 26 100264 25 100786 21 101306 21 101828 18 102349 16 102871 8
da5f98f2b8a64eee735a398de48ed42cd31bf17a6063db46a9e0783ac13cd844,175171 9 175689 12 176209 15 176728 19 177248 20 177767 22 178287 22 178807 23 179327 23 179847 24 180367 24 180887 25 181408 24 181928 24 182448 24 182968 23 183489 22 184009 21 184530 19 185051 18 185572 16 186093 14 186615 11 187137 6
da5f98f2b8a64eee735a398de48ed42cd31bf17a6063db46a9e0783ac13cd844,51877 9 52396 11 52915 13 53434 16 53953 18 54473 19 54993 20 55513 21 56032 23 56552 23 57072 24 57593 24 58113 24 58633 24 59153 25 59673 25 60194 24 60714 25 61234 25 61755 24 62276 23 62796 23 63317 22 63838 20 64360 18 64881 16 65403 13 65925 10 66446 7
da5f98f2b8a64eee735a398de48ed42cd31bf17a6063db46a9e0783ac13cd844,305785 6 306304 10 306822 14 307341 16 307860 19 308380 20 308900 21 309419 23 309939 25 310459 25 310979 26 311499 27 312020 27 312540 27 313060 28 313581 27 314101 27 314622 26 315143 25 315664 24 316185 22 316705 22 317227 19 317748 17 318269 15 318792 10 319316 3
da5f98f2b8a64eee735a398de48ed42cd31bf17a6063db46a9e0783ac13cd844,47905 1 48422 11 48941 14 49460 17 49980 20 50500 20 51019 22 51540 21 52060 22 52580 22 53100 22 53621 20 54141 20 54662 19 55183 18 55704 17 56225 15 56746 14 57266 15 57787 14 58308 12 58830 7
da5f98f2b8a64eee735a398de48ed42cd31bf17a6063db46a9e0783ac13cd844,201665 6 202184 7 202701 10 203220 11 203739 13 204259 13 204778 15 205298 17 205818 17 206338 19 206858 20 207378 3 207382 16 207898 20 208418 20 208939 19 209459 18 209980 17 210502 13
da5f98f2b8a64eee735a398de48ed42cd31bf17a6063db46a9e0783ac13cd844,134128 11 134643 19 135160 21 135678 23 136197 24 136715 26 137234 27 137753 28 138273 28 138793 28 139313 28 139833 27 140354 24 140875 22 141398 9
da5f98f2b8a64eee735a398de48ed42cd31bf17a6063db46a9e0783ac13cd844,248098 3 248614 10 249132 13 249651 16 250170 18 250690 18 251209 20 251729 21 252249 21 252768 22 253288 23 253808 23 254328 23 254848 23 255368 23 255888 23 256408 22 256928 22 257448 22 257968 21 258489 19 259009 18 259530 16 260050 16 260571 14 261091 14 261613 10 262135 6
da5f98f2b8a64eee735a398de48ed42cd31bf17a6063db46a9e0783ac13cd844,238528 3 238533 3 239046 10 239563 13 240082 15 240600 23 241120 23 241638 26 242157 29 242677 29 243197 29 243717 28 244237 28 244757 27 245277 27 245797 20 246317 3 246322 14 246837 2 246842 13 247357 1 247364 11 247886 2 247889 6 248409 1
da5f98f2b8a64eee735a398de48ed42cd31bf17a6063db46a9e0783ac13cd844,59956 3 60474 7 60994 7 61514 7 62034 7 62554 7 63074 7 63594 4 64114 3
da5f98f2b8a64eee735a398de48ed42cd31bf17a6063db46a9e0783ac13cd844,78831 1 78833 2 79346 14 79865 16 80384 19 80904 20 81424 21 81944 22 82463 24 82982 25 83502 25 84021 27 84541 27 85060 28 85580 27 86100 27 86620 27 87140 27 87660 26 88180 27 88701 26 89221 25 89742 24 90263 20 90785 6
da5f98f2b8a64eee735a398de48ed42cd31bf17a6063db46a9e0783ac13cd844,281342 1 281859 7 282377 10 282896 12 283416 14 283935 17 284454 19 284974 20 285494 20 286013 22 286533 23 287053 23 287573 23 288093 24 288613 24 289133 24 289654 23 290174 24 290695 23 291215 23 291736 22 292258 19 292779 18 293302 14 293824 11 294350 4
da5f98f2b8a64eee735a398de48ed42cd31bf17a6063db46a9e0783ac13cd844,36921 1 37441 1 37961 2 38481 2 39001 2 39521 2 40041 2 40561 3 41081 3 41601 3 42121 3 42641 3 43161 3 43681 3 44201 2 44721 2
da5f98f2b8a64eee735a398de48ed42cd31bf17a6063db46a9e0783ac13cd844,275554 4 276073 8 276592 12 277112 14 277631 16 278151 18 278671 19 279191 20 279711 21 280231 21 280751 22 281271 22 281791 23 282311 23 282831 24 283352 23 283872 23 284392 23 284912 23 285432 23 285953 22 286473 22 286993 22 287514 20 288035 19 288556 18 289077 16 289601 11 290123 8
da5f98f2b8a64eee735a398de48ed42cd31bf17a6063db46a9e0783ac13cd844,225159 2 225678 3 226197 4 226716 5 227235 6 227755 6 228275 6 228795 6 229315 6 229835 6 230355 6 230875 6 231396 5 231916 5 232436 5 232957 4 233478 3 234000 1
da5f98f2b8a64eee735a398de48ed42cd31bf17a6063db46a9e0783ac13cd844,11394 13 11913 15 12432 17 12952 17 13472 17 13992 19 14512 19 15032 20 15552 20 16072 21 16592 21 17112 21 17633 21 18153 21 18674 20 19194 20 19715 20 20236 20 20756 20 21277 19 21797 4 21802 14 22318 18 22838 18 23359 17 23879 16 24400 15 24920 13 25441 12 25962 9
da5f98f2b8a64eee735a398de48ed42cd31bf17a6063db46a9e0783ac13cd844,132585 8 133104 9 133622 13 134142 13 134662 13 135181 14 135701 14 136221 14 136741 14 137261 14 137781 12 138301 10 138821 10 139341 9 139861 8
da5f98f2b8a64eee735a398de48ed42cd31bf17a6063db46a9e0783ac13cd844,96807 6 97327 8 97847 9 98367 11 98886 16 99405 21 99924 22 100443 25 100962 27 101482 29 102001 30 102521 30 103041 30 103561 31 104081 32 104601 32 105122 31 105642 31 106163 30 106684 26 106712 4 107205 25 107726 24 108246 23 108768 19 109289 17 109813 8
da5f98f2b8a64eee735a398de48ed42cd31bf17a6063db46a9e0783ac13cd844,270328 6 270847 9 271366 12 271885 15 272404 17 272924 18 273444 19 273963 20 274483 21 275003 21 275523 22 276043 22 276563 23 277083 23 277603 23 278124 22 278644 22 279165 21 279685 22 280206 21 280726 21 281246 21 281767 20 282287 19 282808 18 283329 16 283850 14 284372 12
da5f98f2b8a64eee735a398de48ed42cd31bf17a6063db46a9e0783ac13cd844,231185 15 231702 20 232220 24 232740 24 233258 27 233778 27 234298 28 234818 28 235338 28 235859 26 236379 26 236900 25 237420 25 237941 23 238462 21 238984 18 239506 16 240027 14 240549 11 241072 5
da5f98f2b8a64eee735a398de48ed42cd31bf17a6063db46a9e0783ac13cd844,3000 1 3518 6 4036 10 4553 14 5071 16 5589 19 6108 20 6627 21 7144 24 7663 25 8182 25 8701 26 9221 26 9740 25 10260 24 10780 23 11300 22 11820 21 12340 18 12861 15 13382 3 13390 1 13903 2 14423 1
da5f98f2b8a64eee735a398de48ed42cd31bf17a6063db46a9e0783ac13cd844,208600 4 209118 10 209637 13 210156 15 210675 17 211195 18 211715 19 212235 20 212754 22 213274 22 213794 22 214314 22 214834 22 215354 22 215874 22 216395 19 216915 18 217437 13 217451 1 217958 10
da5f98f2b8a64eee735a398de48ed42cd31bf17a6063db46a9e0783ac13cd844,142625 6 143143 10 143661 14 144179 17 144697 19 145216 21 145735 22 146254 23 146773 25 147293 25 147812 26 148332 26 148852 25 149372 25 149892 25 150411 26 150932 24 151452 24 151972 24 152492 23 153012 23 153533 21 154053 20 154574 18 155094 17 155615 15 156137 11 156659 7
da5f98f2b8a64eee735a398de48ed42cd31bf17a6063db46a9e0783ac13cd844,239899 11 240417 15 240936 17 241455 18 241974 20 242493 21 243013 21 243532 22 244052 22 244571 23 245091 22 245611 22 246131 22 246651 21 247170 21 247690 21 248209 21 248729 21 249248 21 249768 21 250288 21 250807 21 251327 20 251847 20 252367 19 252887 19 253407 18 253928 17 254448 16 254968 15 255489 13 256011 10 256535 3
da5f98f2b8a64eee735a398de48ed42cd31bf17a6063db46a9e0783ac13cd844,95011 8 95530 11 96049 13 96568 14 97088 15 97608 16 98127 18 98647 18 99167 19 99687 19 100207 19 100727 20 101247 20 101767 21 102287 21 102807 21 103327 21 103848 20 104368 20 104888 20 105408 20 105929 18 106449 18 106969 18 107490 16 108010 16 108531 14 109051 13 109572 10 110094 4
da5f98f2b8a64eee735a398de48ed42cd31bf17a6063db46a9e0783ac13cd844,335932 6 336451 11 336969 16 337488 18 338008 20 338528 20 339047 22 339567 22 340087 22 340606 23 341125 25 341645 25 342164 26 342684 25 343204 25 343724 24 344244 23 344765 22 345285 21 345806 19 346327 18 346848 15 347369 14 347890 11 348411 9 348935 1
da5f98f2b8a64eee735a398de48ed42cd31bf17a6063db46a9e0783ac13cd844,80601 9 81121 11 81641 13 82161 14 82681 14 83201 14 83721 14 84241 15 84761 15 85281 15 85801 14 86321 14 86841 14 87361 13 87881 13 88401 12 88921 11 89441 9 89961 9 90481 5 91001 2
da5f98f2b8a64eee735a398de48ed42cd31bf17a6063db46a9e0783ac13cd844,342212 13 342731 14 343252 13 343772 13 344292 12 344813 11 345333 11 345853 11 346373 11 346894 9 347414 9 347934 6
da5f98f2b8a64eee735a398de48ed42cd31bf17a6063db46a9e0783ac13cd844,171 24 690 24 1209 24 1728 24 2248 22 2767 22 3287 21 3806 21 4327 18 4847 17 5367 15 5888 13 6409 9 6931 6
da5f98f2b8a64eee735a398de48ed42cd31bf17a6063db46a9e0783ac13cd844,38294 6 38811 10 39330 13 39849 14 40368 16 40888 16 41407 18 41926 19 42445 20 42965 21 43485 21 44004 22 44524 22 45044 21 45564 21 46084 21 46604 21 47123 22 47643 21 48163 21 48682 21 49203 20 49723 19 50243 19 50763 19 51283 18 51804 17 52324 16 52845 15 53365 14 53886 12 54407 10 54928 8 55450 6
da5f98f2b8a64eee735a398de48ed42cd31bf17a6063db46a9e0783ac13cd844,286622 5 287140 8 287657 13 288175 16 288694 18 289213 20 289732 21 290252 22 290771 24 291291 24 291810 26 292330 26 292850 26 293370 26 293891 25 294411 25 294931 25 295452 24 295973 23 296493 22 297014 21 297535 19 298056 18 298577 16 299099 13 299621 9 300143 5
da5f98f2b8a64eee735a398de48ed42cd31bf17a6063db46a9e0783ac13cd844,103362 6 103880 10 104400 11 104919 13 105439 14 105958 15 106478 16 106998 17 107518 17 108038 17 108558 18 109078 18 109598 19 110118 19 110638 19 111158 20 111679 19 112199 19 112719 19 113239 20 113759 20 114279 20 114799 20 115319 20 115840 19 116360 19 116880 19 117401 18 117921 18 118442 17 118962 17 119483 16 120003 16 120524 15 121045 14 121566 13 122087 12 122608 10 123129 8 123651 5
da5f98f2b8a64eee735a398de48ed42cd31bf17a6063db46a9e0783ac13cd844,774 9 1293 12 1812 14 2330 16 2850 17 3370 19 3888 21 4408 21 4928 21 5448 21 5967 22 6487 22 7007 22 7527 22 8047 22 8567 22 9087 22 9607 22 10127 22 10647 22 11167 22 11687 22 12207 21 12727 20 13248 17 13768 17 14291 12 14812 11
da5f98f2b8a64eee735a398de48ed42cd31bf17a6063db46a9e0783ac13cd844,345616 1 346130 10 346646 16 347161 22 347679 25 348198 26 348717 28 349235 30 349754 31 350273 32 350792 33 351311 34 351830 34 352350 34 352870 33 353390 33 353910 32 354430 31 354951 29 355471 28 355992 26 356513 24 357035 18 357557 11 358078 8 358600 3
da5f98f2b8a64eee735a398de48ed42cd31bf17a6063db46a9e0783ac13cd844,130815 7 131334 9 131853 11 132372 12 132891 14 133410 15 133929 16 134447 18 134965 20 135484 20 136004 20 136523 19 137043 18 137562 19 138082 17 138601 18 139121 18 139641 17 140161 16 140681 16 141201 14 141721 10 142242 8 142762 6 143282 5
da5f98f2b8a64eee735a398de48ed42cd31bf17a6063db46a9e0783ac13cd844,159832 6 160350 9 160867 13 161385 16 161903 18 162420 21 162939 22 163458 23 163978 22 164496 24 165016 23 165535 24 166055 24 166574 24 167094 24 167614 23 168134 23 168654 22 169174 21 169695 20 170216 19 170736 17 171257 15 171778 12 172300 8 172822 3
da5f98f2b8a64eee735a398de48ed42cd31bf17a6063db46a9e0783ac13cd844,42640 1 43160 1 43679 2 44199 2 44719 2 45238 3 45758 3 46278 3 46798 3 47319 2 47839 2 48360 1
da5f98f2b8a64eee735a398de48ed42cd31bf17a6063db46a9e0783ac13cd844,138504 5 139021 10 139540 13 140059 14 140578 16 141097 17 141618 16 142136 19 142656 18 143175 19 143694 20 144214 20 144733 21 145253 20 145772 21 146292 20 146811 21 147331 20 147851 20 148371 19 148892 18 149412 17 149932 16 150453 14
da5f98f2b8a64eee735a398de48ed42cd31bf17a6063db46a9e0783ac13cd844,240470 9 240987 14 241505 17 242023 20 242541 22 243060 24 243578 26 244097 27 244616 28 245135 29 245654 29 246174 29 246693 30 247213 29 247733 29 248253 28 248773 28 249293 27 249813 26 250332 26 250852 26 251373 24 251893 23 252413 21 252934 19 253455 14 253977 11 254499 7
da5f98f2b8a64eee735a398de48ed42cd31bf17a6063db46a9e0783ac13cd844,209188 3 209706 3 210225 10 210743 13 211263 14 211782 16 212301 18 212821 18 213340 19 213860 19 214379 21 214899 21 215419 21 215939 21 216459 21 216979 21 217499 22 218019 22 218540 2 218543 18 219060 2 219063 18 219580 2 219583 18 220100 2 220103 18 220621 1 220623 17 221143 17 221664 16 222184 16 222704 16 223224 16 223745 15 224265 15 224786 13 225306 13 225827 12 226348 10 226869 8 227390 6
da5f98f2b8a64eee735a398de48ed42cd31bf17a6063db46a9e0783ac13cd844,312280 6 312796 12 313318 12 313836 15 314356 15 314875 18 315394 19 315913 20 316433 20 316953 20 317473 20 317993 19 318513 19 319033 19 319553 19 320073 19 320594 18 321114 17 321635 16 322156 15 322677 13 323197 11
da5f98f2b8a64eee735a398de48ed42cd31bf17a6063db46a9e0783ac13cd844,162700 8 163219 10 163738 12 164258 13 164777 15 165297 17 165816 19 166336 19 166856 20 167376 21 167896 21 168416 21 168936 21 169457 20 169977 20 170497 20 171018 19 171537 20 172057 20 172577 20 173097 19 173619 17 174141 15 174663 12 175186 6
da5f98f2b8a64eee735a398de48ed42cd31bf17a6063db46a9e0783ac13cd844,104339 6 104857 10 105377 11 105896 13 106416 14 106935 17 107455 18 107974 19 108493 21 109013 21 109532 23 110052 23 110572 23 111092 23 111610 25 112131 24 112651 23 113171 23 113692 21 114212 21 114733 19 115253 19 115773 18 116293 18 116813 17 117334 16 117854 15 118374 15 118896 12 119417 10 119939 7 120459 6 120982 2
da5f98f2b8a64eee735a398de48ed42cd31bf17a6063db46a9e0783ac13cd844,33851 4 34369 8 34887 15 35407 17 35926 19 36445 23 36965 24 37485 26 38005 27 38525 28 39045 29 39566 29 40086 30 40607 29 41127 30 41648 29 42169 28 42690 27 43210 27 43731 26 44253 21 44774 19 45296 16 45818 12 46340 9 46863 6 47382 7 47901 4 47906 6 48420 2 48939 2 49458 2 49978 2 50498 2 51018 1 51537 3 52058 2
da5f98f2b8a64eee735a398de48ed42cd31bf17a6063db46a9e0783ac13cd844,250024 7 250542 9 251061 11 251580 14 252099 16 252618 17 253138 18 253658 19 254178 19 254696 21 255216 22 255736 22 256257 21 256777 20 257298 19 257818 19 258339 17 258860 15 259383 10 259907 5
da5f98f2b8a64eee735a398de48ed42cd31bf17a6063db46a9e0783ac13cd844,120067 6 120586 9 121105 12 121625 14 122147 12 122667 12 123187 11 123705 13 124225 12 124745 12 125264 12 125784 11 126305 10 126825 9 127346 8 127868 4
da5f98f2b8a64eee735a398de48ed42cd31bf17a6063db46a9e0783ac13cd844,279581 9 280100 12 280619 15 281139 17 281659 18 282179 19 282699 19 283219 20 283739 21 284259 22 284780 21 285300 22 285820 22 286341 22 286861 22 287382 21 287902 22 288423 21 288944 19 289464 20 289985 18 290505 18 291025 18 291546 17 292066 17 292587 16 293108 14 293629 13 294150 12 294671 11 295192 9 295713 7 296234 5
da5f98f2b8a64eee735a398de48ed42cd31bf17a6063db46a9e0783ac13cd844,280430 8 280947 12 281465 15 281984 19 282503 20 283022 22 283542 22 284062 22 284581 23 285101 24 285621 24 286140 26 286660 25 287179 27 287699 27 288220 26 288739 26 289259 27 289779 27 290299 27 290819 26 291339 27 291859 26 292379 26 292899 26 293420 24 293940 2 293943 21 294460 23 294981 21 295501 20 296022 19 296543 17 297063 12 297076 2 297585 13 298105 12 298628 6
da5f98f2b8a64eee735a398de48ed42cd31bf17a6063db46a9e0783ac13cd844,266 16 787 14 1308 13 1830 10 2350 8
da5f98f2b8a64eee735a398de48ed42cd31bf17a6063db46a9e0783ac13cd844,150792 9 151310 11 151828 13 152347 14 152867 14 153386 15 153906 15 154426 15 154945 16 155465 16 155984 17 156504 17 157024 17 157544 17 158064 17 158584 17 159105 16 159625 16 160145 16 160666 15 161186 15 161707 14 162228 13 162749 12 163270 11 163791 10 164313 8
da5f98f2b8a64eee735a398de48ed42cd31bf17a6063db46a9e0783ac13cd844,156586 6 157103 11 157623 11 158142 6 158149 7 158661 15 159180 17 159700 17 160219 19 160739 20 161259 21 161779 21 162299 21 162818 22 163338 22 163858 22 164378 22 164898 22 165418 22 165937 22 166457 22 166977 22 167497 21 168017 21 168538 20 169058 19 169578 18 170099 16 170619 15 171140 12 171661 9 172186 1
da5f98f2b8a64eee735a398de48ed42cd31bf17a6063db46a9e0783ac13cd844,123904 6 124420 14 124937 18 125455 21 125973 24 126492 25 127011 27 127530 28 128049 30 128569 30 129088 31 129608 31 130128 31 130648 31 131168 30 131688 30 132209 29 132729 28 133250 26 133771 23 134293 20 134816 16 135340 9
da5f98f2b8a64eee735a398de48ed42cd31bf17a6063db46a9e0783ac13cd844,27338 10 27857 11 28376 14 28896 17 29415 19 29935 21 30455 23 30975 24 31495 25 32015 25 32535 25 33056 25 33578 24 34098 24 34618 24 35138 25 35658 25 36178 25 36698 25 37213 2 37218 24 37734 28 38254 28 38777 24 39297 24 39819 21 40340 19 40862 16 41382 14 41903 8 42423 1
da5f98f2b8a64eee735a398de48ed42cd31bf17a6063db46a9e0783ac13cd844,36652 6 37168 12 37687 16 38206 17 38725 20 39245 21 39764 23 40284 25 40804 25 41324 27 41844 27 42364 27 42884 27 43405 26 43925 27 44445 27 44966 26 45486 26 46007 25 46528 24 47053 19 47575 17 48096 15 48618 12 49140 10
da5f98f2b8a64eee735a398de48ed42cd31bf17a6063db46a9e0783ac13cd844,307321 1 307841 2 308361 3 308881 4 309401 5 309921 6 310441 6 310961 7 311481 7 312001 8 312521 8 313041 8 313561 8 314081 8 314601 7 315121 6 315641 4
da5f98f2b8a64eee735a398de48ed42cd31bf17a6063db46a9e0783ac13cd844,345912 4 346430 8 346948 12 347467 14 347987 15 348506 17 349026 18 349546 18 350065 20 350585 20 351105 21 351625 21 352145 22 352665 22 353186 21 353706 21 354226 21 354746 21 355267 20 355787 20 356308 19 356829 17 357350 16 357871 15 358392 13 358913 11 359435 7
da5f98f2b8a64eee735a398de48ed42cd31bf17a6063db46a9e0783ac13cd844,62572 9 63089 15 63607 18 64126 21 64645 23 65164 25 65684 25 66203 27 66723 28 67243 29 67763 30 68283 30 68803 30 69323 31 69843 31 70364 30 70884 30 71405 29 71925 29 72445 29 72966 27 73487 25 74008 23 74530 20 75055 13 75577 6
da5f98f2b8a64eee735a398de48ed42cd31bf17a6063db46a9e0783ac13cd844,12553 13 13071 15 13590 17 14109 20 14628 25 15147 28 15667 28 16187 29 16706 31 17226 32 17747 32 18267 33 18787 33 19308 32 19829 32 20349 32 20870 31 21391 31 21912 30 22433 29 22954 27 23475 26 23997 24 24515 25 25037 22 25560 18 26081 15 26604 10 27127 1 27130 1
da5f98f2b8a64eee735a398de48ed42cd31bf17a6063db46a9e0783ac13cd844,330716 1 331233 6 331752 8 332271 10 332791 10 333311 10 333830 11 334350 11 334869 12 335389 12 335908 13 336428 13 336948 13 337468 13 337988 13 338508 13 339027 14 339547 14 340067 14 340587 14 341107 14 341627 14 342147 14 342667 14 343187 14 343707 14 344227 14 344747 14 345267 14 345788 13 346308 13 346828 13 347349 12 347870 11 348391 9 348913 5
da5f98f2b8a64eee735a398de48ed42cd31bf17a6063db46a9e0783ac13cd844,265198 3 265716 5 266235 6 266754 7 267274 7 267793 8 268313 8 268832 9 269352 9 269872 9 270393 8 270913 8 271433 8 271954 7 272474 7 272995 6 273516 5 274036 5 274557 4 275078 3 275599 2
da5f98f2b8a64eee735a398de48ed42cd31bf17a6063db46a9e0783ac13cd844,245796 1 246315 2 246320 2 246835 2 246839 3 247354 3 247358 6 247874 12 247888 1 248394 15 248410 2 248914 17 249434 16 249955 15 250475 14 250996 12 251516 10 252038 8 252560 5
da5f98f2b8a64eee735a398de48ed42cd31bf17a6063db46a9e0783ac13cd844,164462 1 164978 7 165496 11 166015 14 166534 17 167053 19 167572 21 168092 22 168612 23 169131 24 169651 25 170171 26 170691 26 171211 26 171731 26 172252 25 172772 25 173292 25 173812 25 174333 23 174853 22 175374 20 175895 18 176416 16 176937 10 177462 2
da5f98f2b8a64eee735a398de48ed42cd31bf17a6063db46a9e0783ac13cd844,77096 8 77613 13 78130 17 78649 19 79168 21 79687 23 80207 23 80726 25 81245 27 81765 27 82285 27 82805 27 83325 28 83846 27 84367 26 84887 26 85408 24 85929 23 86450 22 86971 20 87492 19 88013 17 88534 16 89055 15 89576 13 90097 12 90618 9
da5f98f2b8a64eee735a398de48ed42cd31bf17a6063db46a9e0783ac13cd844,308711 9 309229 18 309748 23 310267 26 310786 30 311306 32 311826 33 312346 34 312866 35 313386 36 313907 35 314427 35 314948 35 315469 34 315991 31 316513 29 317035 27 317558 24 318081 20 318605 15 319130 8
da5f98f2b8a64eee735a398de48ed42cd31bf17a6063db46a9e0783ac13cd844,45268 4 45785 8 46303 12 46821 14 47340 16 47860 18 48379 19 48899 19 49418 20 49938 19 50458 19 50978 19 51498 19 52018 19 52538 19 53061 16 53581 15 54101 16 54621 15 55142 14 55662 14 56182 13 56701 14 57221 13 57741 12 58262 11 58783 9 59303 8 59825 6 60347 4
da5f98f2b8a64eee735a398de48ed42cd31bf17a6063db46a9e0783ac13cd844,173458 7 173976 11 174495 13 175015 13 175533 16 176052 17 176572 17 177090 19 177609 20 178129 20 178648 21 179168 22 179687 23 180207 23 180727 22 181247 22 181768 21 182288 20 182809 19 183330 17 183851 13 184372 7 184893 4
da5f98f2b8a64eee735a398de48ed42cd31bf17a6063db46a9e0783ac13cd844,25474 5 25992 9 26508 13 27027 14 27546 15 28065 16 28585 16 29104 17 29624 17 30144 17 30664 17 31184 17 31704 17 32225 16 32745 16 33266 15 33787 14 34308 13 34829 12 35353 7
da5f98f2b8a64eee735a398de48ed42cd31bf17a6063db46a9e0783ac13cd844,105089 9 105607 13 106126 15 106645 17 107163 20 107683 20 108202 22 108722 23 109242 23 109762 23 110282 23 110802 22 111323 22 111843 21 112363 21 112882 22 113402 21 113922 21 114442 21 114962 20 115482 19 116003 17 116523 16 117044 14 117565 11 118087 7
da5f98f2b8a64eee735a398de48ed42cd31bf17a6063db46a9e0783ac13cd844,191595 2 192112 7 192631 10 193149 13 193668 14 194188 15 194707 16 195226 18 195746 18 196264 20 196783 22 197301 24 197820 25 198339 26 198858 26 199377 27 199897 27 200417 26 200938 25 201458 24 201979 21 202500 18 203020 15 203542 12 204063 10 204585 6 205108 2
da5f98f2b8a64eee735a398de48ed42cd31bf17a6063db46a9e0783ac13cd844,59288 11 59805 20 60324 23 60843 25 61362 25 61882 26 62402 27 62921 28 63441 29 63961 29 64481 30 65001 30 65522 30 66043 30 66563 30 67084 29 67604 30 68124 30 68644 30 69165 30 69688 28 70210 26 70731 26 71253 24 71773 24 72295 22 72815 21 73337 19 73859 17 74383 12 74904 10
da5f98f2b8a64eee735a398de48ed42cd31bf17a6063db46a9e0783ac13cd844,152076 3 152594 11 153113 13 153632 15 154152 16 154672 17 155192 17 155712 17 156232 17 156752 18 157272 19 157792 19 158312 19 158832 20 159352 20 159872 21 160393 21 160913 21 161433 21 161954 20 162475 19 162997 17 163517 17 164038 15 164559 14 165080 13 165601 11 166123 9 166644 7 167165 5
da5f98f2b8a64eee735a398de48ed42cd31bf17a6063db46a9e0783ac13cd844,166503 7 167022 9 167540 12 168058 14 168576 17 169095 18 169614 19 170133 19 170652 19 171171 20 171691 20 172210 20 172730 20 173249 20 173769 20 174289 19 174809 19 175329 18 175849 18 176369 18 176888 18 177408 18 177928 17 178448 16 178969 14 179489 13 180009 13 180529 12 181050 10
da5f98f2b8a64eee735a398de48ed42cd31bf17a6063db46a9e0783ac13cd844,95929 5 96447 10 96458 4 96966 19 97485 21 98004 24 98524 25 99044 26 99564 27 100084 28 100604 28 101124 29 101645 28 102165 28 102685 29 103208 26 103728 25 104249 24 104770 22 105291 21 105811 20 106333 18 106855 14 107376 11 107900 5
da5f98f2b8a64eee735a398de48ed42cd31bf17a6063db46a9e0783ac13cd844,122181 3 122188 10 122699 21 123217 24 123736 25 124255 26 124775 26 125294 27 125815 26 126335 26 126855 26 127376 25 127896 25 128417 24 128939 21 129462 4 129469 8
da5f98f2b8a64eee735a398de48ed42cd31bf17a6063db46a9e0783ac13cd844,121946 1 122461 10 122978 15 123496 18 124016 19 124535 20 125053 22 125573 23 126092 24 126611 25 127130 26 127650 26 128170 26 128689 27 129209 27 129729 27 130249 26 130769 26 131288 27 131809 24 132329 22 132849 20 133369 19 133889 17 134410 15 134930 14 135450 13 135971 10 136495 2
da5f98f2b8a64eee735a398de48ed42cd31bf17a6063db46a9e0783ac13cd844,13344 3 13864 3 14384 3 14904 3 15424 3 15944 3 16464 3
da5f98f2b8a64eee735a398de48ed42cd31bf17a6063db46a9e0783ac13cd844,170369 4 170887 8 171402 14 171922 15 172441 17 172960 18 173479 19 173999 19 174518 20 175038 20 175558 20 176078 20 176598 21 177118 21 177638 21 178159 20 178679 20 179199 20 179720 19 180240 18 180761 16 181282 14 181805 5 181811 4
da5f98f2b8a64eee735a398de48ed42cd31bf17a6063db46a9e0783ac13cd844,230 20 749 22 1269 24 1788 24 2308 22 2828 22 3348 22 3868 20 4388 20 4909 19 5430 18 5950 17 6470 17 6991 16 7511 16 8031 16 8551 16 9071 16 9592 15 10114 13 10636 11 11157 10 11681 6
da5f98f2b8a64eee735a398de48ed42cd31bf17a6063db46a9e0783ac13cd844,1492 10 1504 4 2011 22 2530 23 3049 24 3569 25 4088 26 4608 26 5128 26 5648 27 6167 28 6687 28 7207 26 7727 26 8248 24 8767 24 9287 24 9808 21 10328 20 10849 17 11369 15 11890 1 11892 10
da5f98f2b8a64eee735a398de48ed42cd31bf17a6063db46a9e0783ac13cd844,25113 9 25631 14 26150 17 26669 19 27189 20 27709 21 28228 23 28749 23 29268 25 29788 25 30309 25 30829 25 31350 24 31870 24 32391 23 32911 23 33432 21 33952 21 34473 20 34993 19 35514 17 36035 14 36556 12 37080 7 37600 5
da5f98f2b8a64eee735a398de48ed42cd31bf17a6063db46a9e0783ac13cd844,166419 3 166936 11 167454 14 167974 16 168493 18 169013 18 169533 19 170052 20 170572 21 171092 22 171612 22 172132 22 172653 21 173173 21 173693 21 174214 20 174734 20 175255 19 175775 19 176295 18 176815 18 177336 17 177857 15 178377 15 178898 13 179419 11 179940 9 180462 6
da5f98f2b8a64eee735a398de48ed42cd31bf17a6063db46a9e0783ac13cd844,70721 1 71241 4 71761 9 72281 9 72801 11 73321 11 73841 12 74361 12 74881 12 75401 12 75921 13 76441 13 76961 13 77481 13 78001 12 78521 11 79041 11 79561 9 80081 8
da5f98f2b8a64eee735a398de48ed42cd31bf17a6063db46a9e0783ac13cd844,301642 11 302162 11 302682 12 303202 12 303722 12 304242 12 304762 11 305282 11 305802 11 306323 10 306843 9 307363 3
da5f98f2b8a64eee735a398de48ed42cd31bf17a6063db46a9e0783ac13cd844,297173 14 297692 16 298211 17 298731 18 299250 19 299770 20 300290 20 300810 21 301330 21 301850 22 302370 22 302890 22 303410 23 303930 23 304450 24 304970 25 305490 24 306010 25 306531 25 307051 25 307571 25 308091 25 308614 21 309133 2 309152 2 309653 2
da5f98f2b8a64eee735a398de48ed42cd31bf17a6063db46a9e0783ac13cd844,292626 5 293144 11 293663 13 294183 15 294702 17 295222 17 295741 19 296261 20 296781 20 297301 21 297821 22 298341 22 298861 23 299381 23 299901 24 300421 24 300942 23 301462 23 301982 23 302503 22 303023 21 303544 20 304065 18 304586 16 305107 14 305628 12 306150 7
da5f98f2b8a64eee735a398de48ed42cd31bf17a6063db46a9e0783ac13cd844,309651 2 309655 15 310171 21 310690 24 311210 26 311729 27 312249 27 312769 27 313289 27 313809 27 314329 27 314849 26 315369 25 315889 24 316409 24 316930 23 317451 22 317972 21 318494 18 319016 16
da5f98f2b8a64eee735a398de48ed42cd31bf17a6063db46a9e0783ac13cd844,262494 10 263013 13 263532 15 264051 18 264571 19 265090 20 265610 21 266130 21 266650 21 267170 21 267690 21 268210 21 268731 20 269252 19 269773 17 270293 16 270814 14 271337 10
da5f98f2b8a64eee735a398de48ed42cd31bf17a6063db46a9e0783ac13cd844,359355 6 359871 17 360390 21 360908 26 361428 27
da5f98f2b8a64eee735a398de48ed42cd31bf17a6063db46a9e0783ac13cd844,5182 5 5699 9 6219 11 6738 13 7257 15 7776 17 8296 18 8816 19 9335 20 9855 22 10375 23 10895 23 11415 23 11935 23 12455 23 12975 23 13495 23 14014 24 14534 24 15054 23 15574 23 16095 21 16615 21 17136 20 17656 19 18177 7 18185 10 18697 17 19218 14 19739 12 20261 7
da5f98f2b8a64eee735a398de48ed42cd31bf17a6063db46a9e0783ac13cd844,141731 6 142250 8 142768 12 143287 13 143806 14 144326 13 144844 15 145364 15 145882 17 146401 18 146921 18 147441 18 147961 17 148480 18 149000 18 149520 18 150039 19 150559 18 151079 18 151599 18 152119 17 152639 17 153159 16 153679 16 154199 15 154719 15 155240 13 155760 12 156281 9 156802 6
da5f98f2b8a64eee735a398de48ed42cd31bf17a6063db46a9e0783ac13cd844,62 14 582 13 1103 12 1624 11 2145 9 2666 6
da5f98f2b8a64eee735a398de48ed42cd31bf17a6063db46a9e0783ac13cd844,185962 6 186479 11 186999 12 187515 18 188032 21 188551 23 189069 25 189588 27 190107 28 190627 28 191146 29 191666 29 192186 29 192706 29 193226 28 193747 27 194267 27 194788 25 195308 24 195828 22 196349 20 196870 17 197391 13 197913 10 198435 6
da5f98f2b8a64eee735a398de48ed42cd31bf17a6063db46a9e0783ac13cd844,114847 6 115366 9 115885 11 116405 13 116925 16 117444 18 117962 25 118482 25 119002 25 119522 25 120042 3 120046 21 120562 23 121082 23 121603 21 122124 19 122144 3 122646 21 123166 21 123686 19 124206 19 124726 19 125246 18 125767 15 126287 12 126808 10 127328 9
da5f98f2b8a64eee735a398de48ed42cd31bf17a6063db46a9e0783ac13cd844,137102 7 137619 11 138137 14 138655 16 139174 18 139693 19 140212 20 140731 21 141250 22 141769 23 142288 24 142808 24 143327 25 143846 25 144366 25 144885 26 145405 25 145924 26 146444 25 146963 24 147483 23 148003 22 148523 18 149044 16 149565 13 150086 9
da5f98f2b8a64eee735a398de48ed42cd31bf17a6063db46a9e0783ac13cd844,315791 4 316304 14 316823 17 317339 1 317341 20 317858 24 318379 4 318384 19 318899 24 319420 24 319940 24 320462 22 320982 22 321501 24 322020 25 322540 25 323060 24 323582 22 324104 20 324624 20 325144 19 325665 18 326185 17 326706 16 327226 15 327747 13 328266 14 328786 14 329307 12 329827 11 330348 8 330871 3
da5f98f2b8a64eee735a398de48ed42cd31bf17a6063db46a9e0783ac13cd844,60538 4 61056 7 61575 8 62094 10 62613 13 63132 14 63651 15 64170 15 64688 14 65206 15 65725 15 66245 11 66765 11 67284 11 67805 10 68325 9 68845 9 69367 7 69889 5
da5f98f2b8a64eee735a398de48ed42cd31bf17a6063db46a9e0783ac13cd844,105688 3 106200 15 106720 18 107237 23 107753 28 108271 31 108791 32 109310 34 109829 35 110349 36 110869 36 111389 36 111909 36 112428 37 112948 36 113468 36 113987 36 114508 34 115028 34 115549 31 116070 29 116591 27 117113 23 117635 20 118158 13
da5f98f2b8a64eee735a398de48ed42cd31bf17a6063db46a9e0783ac13cd844,248766 3 249286 3 249806 3 250326 3 250846 4 251367 3 251887 4 252407 4 252927 4 253448 3
da5f98f2b8a64eee735a398de48ed42cd31bf17a6063db46a9e0783ac13cd844,219224 6 219743 9 220261 12 220780 14 221300 15 221819 17 222339 18 222859 18 223378 20 223898 20 224418 21 224938 21 225458 21 225979 20 226500 19 227020 19 227541 18 228061 18 228583 16 229104 14
da5f98f2b8a64eee735a398de48ed42cd31bf17a6063db46a9e0783ac13cd844,176355 5 176875 7 177390 13 177910 13 178428 15 178948 16 179466 19 179986 19 180504 21 181024 22 181543 23 182062 24 182582 24 183101 25 183621 25 184140 26 184660 26 185180 26 185700 25 186220 24 186740 20 187261 19 187782 16 188305 11
da5f98f2b8a64eee735a398de48ed42cd31bf17a6063db46a9e0783ac13cd844,16063 5 16582 7 17101 10 17620 11 18140 11 18660 12 19179 13 19699 13 20219 14 20738 15 21258 17 21778 17 22298 17 22818 17 23338 17 23858 16 24378 16 24897 17 25417 17 25937 16 26457 16 26977 16 27498 14 28018 13 28539 12 29059 11 29580 9 30101 7 30625 1
da5f98f2b8a64eee735a398de48ed42cd31bf17a6063db46a9e0783ac13cd844,18011 5 18531 5 19051 6 19572 5 20092 5 20613 4
da5f98f2b8a64eee735a398de48ed42cd31bf17a6063db46a9e0783ac13cd844,132295 8 132814 10 133332 13 133850 15 134369 16 134888 18 135407 19 135926 20 136445 20 136964 21 137483 22 138002 23 138522 22 139041 23 139561 22 140081 22 140600 22 141120 22 141639 22 142159 21 142679 20 143198 19 143719 17 144239 16 144760 14 145282 11 145803 9 146326 4
da5f98f2b8a64eee735a398de48ed42cd31bf17a6063db46a9e0783ac13cd844,16948 5 17467 9 17983 17 18503 19 19022 21 19542 23 20061 26 20581 28 21100 29 21620 29 22141 28 22661 28 23182 27 23702 27 24222 27 24743 26 25263 26 25784 25 26305 24 26827 22 27348 18 27871 13 28390 7 28913 3 29434 3 29956 2
da5f98f2b8a64eee735a398de48ed42cd31bf17a6063db46a9e0783ac13cd844,101902 6 102419 14 102935 21 103451 25 103970 28 104489 29 105009 30 105528 32 106048 33 106568 33 107088 33 107608 33 108129 31 108650 29 109172 27 109695 23 110217 19 110741 2
da5f98f2b8a64eee735a398de48ed42cd31bf17a6063db46a9e0783ac13cd844,306885 6 307403 12 307921 16 308440 18 308959 20 309479 21 309998 23 310518 23 311037 25 311557 26 312077 26 312597 27 313117 27 313637 27 314157 27 314677 28 315197 29 315717 29 316238 28 316758 28 317279 27 317800 25 318321 23 318842 21 319364 19 319886 16 320407 13 320932 5
da5f98f2b8a64eee735a398de48ed42cd31bf17a6063db46a9e0783ac13cd844,315583 8 316101 12 316619 16 317138 17 317657 19 318176 20 318695 21 319215 22 319734 23 320254 23 320773 24 321293 24 321813 24 322333 24 322853 24 323373 24 323893 23 324413 23 324934 21 325454 20 325974 20 326495 18 327015 17 327536 15 328057 13 328578 10
da5f98f2b8a64eee735a398de48ed42cd31bf17a6063db46a9e0783ac13cd844,83914 2 84431 13 84948 17 85467 18 85985 21 86504 23 87024 24 87543 25 88063 25 88583 25 89103 25 89623 26 90143 26 90663 26 91183 26 91704 25 92225 23 92746 22 93267 20 93791 15 94313 7
da5f98f2b8a64eee735a398de48ed42cd31bf17a6063db46a9e0783ac13cd844,205332 1 205849 8 206367 11 206886 13 207405 15 207924 16 208443 17 208963 17 209480 20 209999 20 210519 20 211039 19 211559 18 212080 17 212600 16 213120 15 213641 13 214162 10 214685 6
da5f98f2b8a64eee735a398de48ed42cd31bf17a6063db46a9e0783ac13cd844,131559 2 132075 6 132593 8 133113 8 133635 6 134155 6 134675 5 135195 5 135715 3
da5f98f2b8a64eee735a398de48ed42cd31bf17a6063db46a9e0783ac13cd844,232279 15 232797 18 233316 20 233832 24 234351 24 234869 26 235389 26 235909 26 236428 26 236948 26 237468 26 237988 27 238509 19 238531 2 239030 16 239551 12 240073 9 240594 6 241117 3
da5f98f2b8a64eee735a398de48ed42cd31bf17a6063db46a9e0783ac13cd844,53498 8 54015 14 54534 16 55053 19 55572 22 56092 23 56611 26 57131 27 57650 29 58170 30 58690 30 59210 31 59731 30 60251 31 60772 30 61292 30 61814 28 62335 27 62856 25 63379 22 63902 18 64424 15 64947 11 65469 7
da5f98f2b8a64eee735a398de48ed42cd31bf17a6063db46a9e0783ac13cd844,165200 9 165718 14 166238 15 166757 16 167277 16 167795 18 168315 18 168834 20 169354 19 169873 20 170392 21 170912 21 171433 20 171953 20 172473 20 172994 19 173514 19 174034 19 174554 18 175074 18 175594 17 176115 16 176635 15 177156 12
da5f98f2b8a64eee735a398de48ed42cd31bf17a6063db46a9e0783ac13cd844,347751 5 348269 12 348787 17 349305 20 349823 22 350342 24 350860 26 351379 27 351898 28 352417 29 352937 28 353456 29 353976 28 354495 29 355015 28 355535 27 356055 26 356575 25 357095 22 357616 20 358136 18 358657 15 359178 11 359700 6
da5f98f2b8a64eee735a398de48ed42cd31bf17a6063db46a9e0783ac13cd844,312117 10 312635 13 313154 18 313673 19 314193 19 314711 21 315230 22 315748 24 316268 24 316788 22 317308 18 317828 15 318348 15 318868 14 319390 10 319911 9 320431 8 320952 6
da5f98f2b8a64eee735a398de48ed42cd31bf17a6063db46a9e0783ac13cd844,39128 1 39644 10 40162 15 40681 19 41199 23 41719 24 42238 26 42757 27 43277 28 43797 29 44317 29 44837 29 45357 30 45877 30 46397 30 46918 30 47438 30 47959 29 48479 29 49000 28 49521 27 50042 26 50562 26 51084 22 51605 19 52127 15 52649 1 52651 2 52654 3
da5f98f2b8a64eee735a398de48ed42cd31bf17a6063db46a9e0783ac13cd844,7281 4 7801 7 8321 8 8841 9 9361 10 9881 11 10401 11 10921 11 11441 11 11961 11 12481 11 13001 10 13521 10 14041 9 14561 8 15081 8 15601 6 16121 5 16641 3
da5f98f2b8a64eee735a398de48ed42cd31bf17a6063db46a9e0783ac13cd844,90426 6 90433 2 90944 11 91461 15 91980 16 92499 18 93019 18 93539 18 94057 20 94577 20 95096 21 95616 21 96136 21 96655 21 97174 22 97694 21 98213 21 98733 20 99252 20 99772 18 100293 13 100307 1 100813 9 101334 6
