dae976f161fe42dc58dee87d4bf2eb9f65736597cab0114138641b2a39a5c42b,40801 3 41054 9 41309 12 41564 16 41819 20 42074 22 42330 24 42586 25 42842 26 43098 26 43354 27 43610 28 43867 27 44123 27 44379 27 44636 26 44892 25 45148 25 45404 25 45660 25 45917 23 46173 22 46429 21 46686 17 46943 15 47200 14 47456 13 47712 12 47968 11 48225 7
dae976f161fe42dc58dee87d4bf2eb9f65736597cab0114138641b2a39a5c42b,44672 4 44925 9 45180 11 45435 12 45690 14 45945 15 46201 16 46456 19 46712 19 46968 19 47224 19 47480 19 47736 19 47992 19 48248 19 48504 20 48760 20 49017 20 49273 21 49530 20 49786 20 50042 19 50298 19 50554 18 50812 15 51070 11 51328 8 51586 4
dae976f161fe42dc58dee87d4bf2eb9f65736597cab0114138641b2a39a5c42b,24095 6 24347 12 24601 15 24856 17 25112 18 25368 18 25623 19 25879 20 26135 20 26391 20 26647 20 26903 20 27159 20 27415 20 27671 20 27927 19 28183 19 28439 18 28696 16 28953 14 29211 11 29470 6
dae976f161fe42dc58dee87d4bf2eb9f65736597cab0114138641b2a39a5c42b,32257 2 32513 2 32769 2 33025 2 33281 2 33537 3 33793 3 34049 3 34305 3 34561 4 34817 4 35073 4 35329 4 35585 4 35841 4 36097 4 36353 4 36609 4 36865 3 37121 2 37377 1
dae976f161fe42dc58dee87d4bf2eb9f65736597cab0114138641b2a39a5c42b,50179 3 50433 8 50689 10 50945 11 51201 12 51457 13 51713 14 51969 14 52225 15 52481 15 52737 16 52993 16 53249 16 53505 16 53761 16 54017 17 54273 16 54529 16 54785 16 55041 16 55297 15 55553 15 55809 14 56065 14 56321 13 56579 10 56836 9 57093 7
dae976f161fe42dc58dee87d4bf2eb9f65736597cab0114138641b2a39a5c42b,34219 5 34473 9 34727 13 34982 15 35238 15 35493 17 35749 17 36004 18 36260 18 36516 18 36772 18 37029 17 37285 16 37542 14 37799 12 38056 9 38314 5
dae976f161fe42dc58dee87d4bf2eb9f65736597cab0114138641b2a39a5c42b,19973 4 20226 17 20481 19 20737 19 20993 19 21249 18 21505 17 21761 17 22017 17 22273 16 22529 15 22785 15 23041 15 23297 15 23553 15 23810 13
dae976f161fe42dc58dee87d4bf2eb9f65736597cab0114138641b2a39a5c42b,45733 10 45989 12 46245 13 46500 15 46755 17 47011 17 47266 19 47521 20 47777 21 48032 22 48288 22 48543 23 48799 23 49055 24 49311 24 49567 23 49824 22 50082 20 50339 19 50595 18 50852 17 51110 14 51367 12 51625 8 51884 2
dae976f161fe42dc58dee87d4bf2eb9f65736597cab0114138641b2a39a5c42b,41977 8 42231 10 42486 11 42741 12 42996 13 43252 13 43507 14 43763 14 44019 14 44275 14 44531 14 44787 14 45043 14 45299 14 45556 13 45812 13 46069 12 46326 11 46582 11 46839 10 47096 9 47353 8 47610 7 47868 5 48127 2
dae976f161fe42dc58dee87d4bf2eb9f65736597cab0114138641b2a39a5c42b,32083 7 32337 10 32592 12 32847 14 33102 15 33357 17 33613 17 33869 17 34124 18 34380 18 34636 18 34892 18 35149 17 35405 17 35662 16 35918 15 36175 13 36432 12 36689 10 36947 6
dae976f161fe42dc58dee87d4bf2eb9f65736597cab0114138641b2a39a5c42b,16823 3 17075 10 17329 13 17583 16 17837 19 18092 21 18348 21 18603 23 18859 23 19114 24 19370 25 19626 25 19882 25 20138 25 20394 25 20650 24 20906 24 21163 22 21419 22 21676 20 21932 19 22189 17 22446 15 22703 13 22961 9 23219 4
dae976f161fe42dc58dee87d4bf2eb9f65736597cab0114138641b2a39a5c42b,24330 6 24585 9 24840 11 25095 13 25350 14 25606 14 25861 16 26117 16 26373 16 26629 16 26885 16 27141 16 27397 16 27653 16 27909 16 28165 16 28421 16 28677 16 28933 16 29189 17 29445 17 29701 17 29958 16 30214 16 30470 16 30726 16 30981 16 31237 16 31493 15 31749 15 32006 13 32262 13 32518 13 32774 12 33031 10 33289 8 33546 6
dae976f161fe42dc58dee87d4bf2eb9f65736597cab0114138641b2a39a5c42b,64614 9 64868 11 65123 13 65377 16
dae976f161fe42dc58dee87d4bf2eb9f65736597cab0114138641b2a39a5c42b,57611 6 57866 9 58122 11 58377 13 58632 15 58888 15 59144 16 59400 16 59657 16 59914 15 60170 15 60426 15 60682 15 60938 14 61194 14 61450 14 61706 13 61962 13 62218 13 62474 12 62730 12 62986 11 63244 8 63502 5
dae976f161fe42dc58dee87d4bf2eb9f65736597cab0114138641b2a39a5c42b,19334 6 19341 5 19589 14 19844 15 20099 16 20354 17 20610 21 20865 18 21120 19 21376 18 21631 19 21887 19 22143 19 22400 17 22655 18 22911 18 23167 18 23423 17 23679 17 23935 16 24191 16 24448 14 24705 13 24962 11 25219 9 25476 8 25732 7 25989 4
dae976f161fe42dc58dee87d4bf2eb9f65736597cab0114138641b2a39a5c42b,63531 9 63785 13 64039 17 64294 19 64549 21 64804 23 65059 24 65315 25
dae976f161fe42dc58dee87d4bf2eb9f65736597cab0114138641b2a39a5c42b,48493 4 48747 9 49002 11 49255 14 49510 15 49766 15 50022 15 50278 15 50534 15 50790 15 51046 15 51302 15 51559 15 51815 15 52072 14 52329 12 52586 10 52843 8 53102 2
dae976f161fe42dc58dee87d4bf2eb9f65736597cab0114138641b2a39a5c42b,24495 7 24749 11 25004 13 25258 16 25513 17 25769 18 26024 19 26280 20 26535 21 26791 21 27047 21 27303 21 27559 21 27815 21 28071 21 28327 21 28584 19 28840 19 29097 17 29353 16 29610 14 29868 10 30126 7
dae976f161fe42dc58dee87d4bf2eb9f65736597cab0114138641b2a39a5c42b,59137 1 59393 2 59649 2 59905 2 60161 3 60417 4 60673 4 60929 4 61185 4 61441 4 61697 4 61953 4 62209 4 62465 4 62721 4 62977 4 63233 4 63489 4 63745 4 64001 3 64257 3 64513 3
dae976f161fe42dc58dee87d4bf2eb9f65736597cab0114138641b2a39a5c42b,47433 7 47687 12 47941 17 48196 19 48451 21 48707 22 48962 24 49218 24 49473 25 49729 25 49985 26 50241 26 50497 26 50753 26 51009 26 51266 25 51522 25 51779 24 52035 23 52291 23 52548 21 52805 20 53062 18 53319 16 53576 14 53835 10
dae976f161fe42dc58dee87d4bf2eb9f65736597cab0114138641b2a39a5c42b,57703 9 57957 13 58212 15 58467 17 58723 18 58978 19 59234 20 59489 22 59745 22 60001 22 60257 23 60512 24 60768 24 61024 24 61280 24 61537 23 61793 23 62049 23 62305 22 62562 21 62818 21 63075 19
dae976f161fe42dc58dee87d4bf2eb9f65736597cab0114138641b2a39a5c42b,9122 5 9376 10 9630 14 9885 16 10140 18 10396 19 10651 21 10907 21 11162 23 11418 23 11674 23 11930 24 12185 25 12441 25 12697 25 12954 24 13210 23 13466 23 13723 21 13979 20 14236 19 14493 17 14750 14 15008 10 15268 2
dae976f161fe42dc58dee87d4bf2eb9f65736597cab0114138641b2a39a5c42b,43920 8 44175 10 44431 11 44686 13 44942 14 45197 16 45452 17 45708 18 45963 19 46219 19 46475 19 46731 19 46987 18 47243 18 47499 18 47755 18 48011 19 48267 20 48524 19 48780 19 49037 18 49294 17 49551 16 49806 17 50062 16 50318 16 50575 14 50832 13 51090 10 51347 7 51604 5
dae976f161fe42dc58dee87d4bf2eb9f65736597cab0114138641b2a39a5c42b,35180 5 35434 10 35689 12 35944 14 36199 15 36455 16 36711 16 36966 17 37222 17 37478 17 37735 16 37991 15 38248 14 38504 13 38762 10 39019 8
dae976f161fe42dc58dee87d4bf2eb9f65736597cab0114138641b2a39a5c42b,21404 4 21659 6 21914 10 22164 17 22419 18 22675 19 22930 20 23186 20 23442 20 23698 20 23954 20 24210 20 24466 20 24722 20 24977 20 25233 20 25489 20 25745 20 26001 19 26258 18 26515 16 26771 14 27028 11
dae976f161fe42dc58dee87d4bf2eb9f65736597cab0114138641b2a39a5c42b,14474 4 14727 9 14982 11 15237 12 15493 13 15748 14 16004 14 16260 14 16516 14 16772 14 17028 13 17285 11 17542 9 17800 4
dae976f161fe42dc58dee87d4bf2eb9f65736597cab0114138641b2a39a5c42b,29183 2 29437 4 29692 5 29948 5 30203 6 30459 6 30715 6 30971 6 31227 6 31483 6 31739 6 31995 6 32252 5 32508 5 32765 4 33022 3 33279 2
dae976f161fe42dc58dee87d4bf2eb9f65736597cab0114138641b2a39a5c42b,52375 4 52630 8 52886 15 53141 21 53397 23 53653 24 53908 25 54164 26 54420 26 54676 26 54932 26 55188 26 55444 26 55700 26 55957 25 56213 24 56469 24 56726 23 56982 22 57239 21 57495 20 57752 18 58009 16 58267 13 58525 9
dae976f161fe42dc58dee87d4bf2eb9f65736597cab0114138641b2a39a5c42b,16129 1 16385 2 16641 3 16897 4 17153 5 17409 6 17665 6 17921 7 18177 7 18433 6 18689 5 18945 3 19201 1
dae976f161fe42dc58dee87d4bf2eb9f65736597cab0114138641b2a39a5c42b,59463 5 59716 11 59971 13 60226 15 60481 17 60736 18 60992 19 61248 19 61503 21 61759 21 62015 21 62272 19 62528 18 62784 18 63041 17 63297 17 63554 16 63811 14 64068 12 64325 10 64583 6
dae976f161fe42dc58dee87d4bf2eb9f65736597cab0114138641b2a39a5c42b,64526 4 64781 12 65036 15 65291 17
