db45946a4412a2137674ec075b6892ccd682b77826aba618210569bbc65cf2b0,43557 5 43812 7 44068 8 44323 10 44579 10 44835 11 45091 11 45348 11 45604 11 45861 11 46118 10 46375 9 46632 8 46889 6 47146 5
db45946a4412a2137674ec075b6892ccd682b77826aba618210569bbc65cf2b0,63911 4 64165 8 64421 9 64676 11 64932 11 65188 12 65445 11
db45946a4412a2137674ec075b6892ccd682b77826aba618210569bbc65cf2b0,63740 5 63994 7 64248 9 64502 11 64757 12 65013 12 65269 12 65525 12
db45946a4412a2137674ec075b6892ccd682b77826aba618210569bbc65cf2b0,51022 1 51276 6 51531 8 51786 9 52042 10 52297 11 52553 11 52809 11 53064 12 53320 12 53576 12 53832 12 54088 12 54345 10 54601 10 54857 10 55113 9 55370 7 55627 5 55885 1
db45946a4412a2137674ec075b6892ccd682b77826aba618210569bbc65cf2b0,46529 4 46784 6 47039 8 47295 9 47551 10 47807 10 48063 11 48319 11 48575 11 48831 11 49088 11 49344 11 49601 10 49857 10 50114 9 50371 7 50628 5 50886 2
db45946a4412a2137674ec075b6892ccd682b77826aba618210569bbc65cf2b0,64722 5 64977 7 65233 11 65489 11
db45946a4412a2137674ec075b6892ccd682b77826aba618210569bbc65cf2b0,17629 6 17884 9 18139 11 18395 12 18651 13 18907 13 19163 13 19419 14 19676 13 19933 12 20189 11 20447 9 20704 7 20963 3
db45946a4412a2137674ec075b6892ccd682b77826aba618210569bbc65cf2b0,31667 6 31921 11 32176 13 32432 14 32688 15 32944 15 33200 16 33457 15 33714 14 33971 13 34228 11 34485 10 34743 6
db45946a4412a2137674ec075b6892ccd682b77826aba618210569bbc65cf2b0,34559 2 34814 3 35070 3 35325 4 35581 4 35838 3 36094 3 36351 2 36608 1
db45946a4412a2137674ec075b6892ccd682b77826aba618210569bbc65cf2b0,24670 5 24925 8 25180 11 25436 12 25692 13 25948 14 26204 15 26460 15 26717 15 26973 16 27230 15 27486 15 27743 14 28000 13 28257 11 28514 10 28772 7
db45946a4412a2137674ec075b6892ccd682b77826aba618210569bbc65cf2b0,90 15 347 14 604 13 861 12 1119 9 1377 6
db45946a4412a2137674ec075b6892ccd682b77826aba618210569bbc65cf2b0,47230 5 47485 7 47740 10 47996 10 48252 11 48508 12 48765 11 49021 12 49278 11 49535 9 49792 8 50050 6 50307 4
db45946a4412a2137674ec075b6892ccd682b77826aba618210569bbc65cf2b0,47463 4 47717 7 47973 8 48229 9 48484 11 48741 10 48997 11 49253 11 49509 11 49766 10 50022 11 50279 10 50535 10 50792 8 51048 8 51305 6 51562 4
db45946a4412a2137674ec075b6892ccd682b77826aba618210569bbc65cf2b0,2451 6 2706 9 2962 11 3218 12 3474 13 3730 13 3986 14 4243 13 4500 12 4757 10 5015 8 5275 1
db45946a4412a2137674ec075b6892ccd682b77826aba618210569bbc65cf2b0,47115 5 47371 8 47626 11 47881 14 48137 15 48393 17 48649 17 48905 18 49162 19 49418 19 49675 18 49932 17 50189 16 50446 15 50704 12 50962 10 51220 6
db45946a4412a2137674ec075b6892ccd682b77826aba618210569bbc65cf2b0,60654 7 60907 12 61162 14 61418 15 61673 17 61929 17 62185 18 62441 18 62697 18 62954 17 63211 16 63468 14 63725 13 63983 11 64241 7
db45946a4412a2137674ec075b6892ccd682b77826aba618210569bbc65cf2b0,32228 7 32482 11 32737 14 32992 16 33248 17 33504 18 33760 19 34016 20 34273 19 34529 20 34786 19 35042 20 35299 19 35556 18 35813 17 36070 16 36328 13 36585 11 36844 7
db45946a4412a2137674ec075b6892ccd682b77826aba618210569bbc65cf2b0,27404 9 27659 11 27914 13 28170 15 28425 17 28682 17 28938 17 29194 17 29451 16 29708 15 29965 14 30223 11 30480 10 30738 7
db45946a4412a2137674ec075b6892ccd682b77826aba618210569bbc65cf2b0,8651 5 8906 8 9160 12 9415 14 9671 15 9927 16 10183 16 10439 16 10695 16 10952 15 11209 14 11466 12 11724 10 11982 7
db45946a4412a2137674ec075b6892ccd682b77826aba618210569bbc65cf2b0,15617 1 15873 3 16129 5 16385 6 16641 7 16897 8 17153 8 17409 8 17665 8 17921 7 18177 7 18433 5
db45946a4412a2137674ec075b6892ccd682b77826aba618210569bbc65cf2b0,5633 3 5889 4 6145 5 6401 6 6657 6 6913 7 7169 7 7425 6 7681 5 7939 2
