dbe5ad05b6f87018159a3228c1d1725892a1bfb9fa9f8fcc2e8bfe70d69d0355,104211 8 104570 12 104928 17 105287 22 105317 9 105647 42 106006 45 106365 47 106725 48 107086 48 107446 49 107806 50 108166 50 108526 51 108887 50 109247 50 109607 51 109968 50 110329 49 110689 49 111049 49 111410 48 111771 48 112132 47 112493 45 112854 44 113215 42 113576 41 113937 40 114298 40 114659 39 115020 38 115381 37 115741 36 116101 36 116461 36 116822 35 117182 34 117543 32 117903 32 118263 32 118623 31 118984 29 119344 29 119704 28 120065 27 120425 27 120785 26 121145 26 121506 25 121867 23 122227 23 122587 23 122948 21 123309 19 123671 16 124032 14 124393 12 124755 9
dbe5ad05b6f87018159a3228c1d1725892a1bfb9fa9f8fcc2e8bfe70d69d0355,33084 5 33439 12 33797 17 34156 19 34514 23 34873 25 35232 27 35591 28 35950 29 36309 31 36669 32 37028 33 37388 34 37747 36 38107 37 38467 37 38826 39 39186 39 39545 40 39905 40 40265 41 40625 41 40985 41 41345 42 41705 42 42065 43 42424 45 42783 46 43143 47 43503 48 43862 50 44222 51 44582 52 44942 53 45302 55 45661 59 46021 60 46382 59 46742 59 47102 59 47463 58 47823 58 48183 58 48543 58 48904 57 49265 56 49625 56 49986 55 50346 55 50707 54 51067 54 51428 53 51789 52 52150 51 52511 50 52872 49 53233 48 53594 47 53956 45 54319 42 54682 39 55046 35 55407 34 55768 33 56128 33 56489 32 56850 31 57211 30 57572 29 57933 28 58294 27 58654 27 59015 26 59375 26 59736 25 60097 24 60457 24 60818 23 61179 22 61540 21 61901 20 62262 19 62623 18 62985 16 63346 12 63710 6
dbe5ad05b6f87018159a3228c1d1725892a1bfb9fa9f8fcc2e8bfe70d69d0355,28211 2 28566 18 28923 24 29282 28 29641 30 30000 33 30359 35 30719 36 31078 37 31438 38 31797 39 32157 40 32516 41 32876 41 33236 41 33596 42 33955 43 34315 43 34675 42 35035 42 35395 42 35755 42 36115 42 36474 43 36834 43 37194 43 37554 43 37914 43 38274 42 38634 41 38994 40 39354 40 39714 39 40074 38 40434 36 40794 35 41154 34 41515 32 41875 32 42235 32 42595 31 42956 30 43316 30 43676 30 44036 30 44397 29 44757 28 45117 28 45478 27 45838 26 46199 25 46560 23 46920 22 47281 21 47642 19 48003 17 48365 14 48727 10 49089 7
dbe5ad05b6f87018159a3228c1d1725892a1bfb9fa9f8fcc2e8bfe70d69d0355,26279 2 26638 3 26996 5 27355 6 27714 7 28073 8 28432 9 28791 10 29151 10 29510 11 29869 12 30229 12 30589 12 30949 12 31309 12 31669 12 32029 12 32389 12 32749 12 33109 12 33470 11 33831 10 34191 10 34551 10 34911 10 35272 9 35632 9 35993 8 36353 8 36714 7 37075 6 37435 6 37796 5 38156 5 38517 4 38878 3 39239 2 39599 2 39960 1
dbe5ad05b6f87018159a3228c1d1725892a1bfb9fa9f8fcc2e8bfe70d69d0355,6097 3 6454 12 6812 16 7170 20 7529 22 7888 24 8247 26 8606 28 8965 29 9325 30 9684 32 10044 32 10404 33 10764 34 11123 35 11483 36 11842 38 12202 38 12562 39 12922 39 13281 40 13641 40 14001 40 14361 40 14721 40 15081 40 15441 40 15800 41 16160 41 16520 41 16880 41 17240 41 17600 41 17960 41 18320 41 18680 41 19040 41 19400 41 19761 40 20121 40 20481 40 20841 40 21202 39 21562 39 21922 39 22282 39 22642 38 23002 38 23363 36 23723 36 24084 34 24445 32 24806 31 25166 30 25527 28 25888 25 26249 22 26610 19 26971 16 27334 10 27696 5
dbe5ad05b6f87018159a3228c1d1725892a1bfb9fa9f8fcc2e8bfe70d69d0355,103777 8 104136 12 104495 14 104854 16 105213 18 105573 19 105932 23 106292 26 106652 27 107012 29 107372 31 107732 33 108092 35 108452 36 108812 38 109172 40 109532 41 109892 42 110251 43 110611 43 110970 44 111330 45 111690 45 112050 45 112410 45 112770 45 113130 45 113490 45 113849 46 114209 46 114568 46 114927 47 115287 47 115647 47 116006 48 116366 48 116725 48 117085 48 117445 48 117805 48 118165 47 118525 46 118885 45 119244 45 119604 44 119965 43 120325 42 120685 41 121046 39 121407 37 121768 35 122129 34 122490 32 122851 30 123212 28 123574 24 123936 21 124300 12 124664 5
dbe5ad05b6f87018159a3228c1d1725892a1bfb9fa9f8fcc2e8bfe70d69d0355,60336 5 60694 14 61053 16 61411 20 61770 22 62128 25 62487 27 62846 28 63204 30 63563 32 63922 33 64256 14 64282 33 64613 20 64635 3 64641 34 64971 64 65330 64 65689 65 66048 65 66408 65 66767 65 67127 64 67487 64 67847 63 68207 62 68567 62 68927 61 69288 59 69648 58 70009 57 70370 55 70730 55 71091 53 71452 51 71813 49 72174 47 72535 45 72896 43 73257 41 73620 36 73981 33 74343 30 74706 20 75067 17 75434 8
dbe5ad05b6f87018159a3228c1d1725892a1bfb9fa9f8fcc2e8bfe70d69d0355,65898 8 66255 14 66613 18 66972 21 67330 24 67689 26 68048 28 68407 31 68766 33 69125 35 69484 37 69843 38 70203 39 70562 41 70921 42 71281 42 71641 42 72001 43 72361 43 72721 44 73081 45 73441 45 73801 46 74161 47 74521 48 74881 49 75241 50 75601 51 75961 54 76321 57 76681 59 77041 60 77401 61 77761 62 78121 63 78481 63 78841 64 79201 65 79561 66 79921 67 80281 67 80641 68 81001 68 81363 66 81724 65 82085 63 82445 63 82806 62 83167 61 83527 61 83887 60 84248 59 84609 57 84969 57 85330 55 85690 54 86051 52 86412 50 86773 48 87134 46 87495 43 87857 40 88219 37 88582 29 88943 23 89306 16 89669 8
dbe5ad05b6f87018159a3228c1d1725892a1bfb9fa9f8fcc2e8bfe70d69d0355,8840 15 9199 18 9557 21 9916 24 10275 26 10634 27 10993 29 11352 31 11712 31 12072 32 12431 34 12790 37 13149 39 13509 40 13869 41 14229 42 14588 46 14948 47 15308 48 15668 50 16028 51 16388 52 16748 53 17108 54 17468 54 17828 55 18188 55 18548 55 18908 55 19268 55 19629 54 19989 54 20349 53 20710 52 21071 51 21431 50 21792 49 22153 47 22514 45 22875 43 23237 39 23598 37 23960 34 24322 31 24684 28 25045 26 25408 22 25771 17 26137 10 26501 2
dbe5ad05b6f87018159a3228c1d1725892a1bfb9fa9f8fcc2e8bfe70d69d0355,27968 4 28322 14 28679 19 29037 22 29396 24 29754 27 30113 29 30472 31 30831 33 31190 35 31550 35 31910 36 32270 36 32630 37 32989 38 33349 38 33708 40 34068 41 34428 41 34788 42 35148 42 35508 43 35869 42 36230 42 36590 43 36950 45 37311 45 37671 45 38032 45 38392 45 38753 44 39113 45 39474 45 39834 45 40195 44 40555 44 40916 44 41277 43 41637 43 41998 42 42359 41 42720 40 43081 38 43442 37 43803 36 44164 34 44526 32 44889 28 45250 27 45611 25 45973 23 46335 21 46697 18 47058 16 47419 15 47780 13 48141 10 48502 8 48865 3
dbe5ad05b6f87018159a3228c1d1725892a1bfb9fa9f8fcc2e8bfe70d69d0355,92902 14 93260 17 93619 20 93978 23 94336 27 94695 29 95055 30 95415 31 95774 33 96134 34 96494 34 96854 34 97214 35 97574 35 97933 37 98292 39 98652 39 99012 39 99372 39 99731 40 100091 40 100451 40 100811 40 101170 40 101530 40 101890 39 102250 39 102609 39 102969 39 103329 38 103689 38 104049 37 104408 38 104768 37 105127 38 105487 38 105846 38 106206 38 106567 37 106927 36 107287 35 107647 34 108007 34 108367 33 108727 33 109086 34 109446 33 109806 32 110166 32 110526 31 110886 30 111246 29 111605 29 111965 28 112326 26 112686 26 113046 25 113406 24 113767 22 114127 21 114488 19 114849 17 115210 14 115571 12 115934 7
dbe5ad05b6f87018159a3228c1d1725892a1bfb9fa9f8fcc2e8bfe70d69d0355,78684 2 79041 12 79399 15 79757 18 80116 20 80473 24 80832 26 81191 28 81550 30 81910 30 82269 31 82628 32 82988 32 83348 32 83707 33 84065 35 84424 36 84783 36 85143 36 85502 37 85861 37 86221 37 86581 37 86940 38 87300 37 87660 36 88020 36 88380 35 88740 34 89100 33 89459 30 89819 29 90179 27 90540 25 90900 24 91260 24 91620 25 91981 25 92010 7 92341 37 92701 38 93061 38 93421 39 93782 38 94142 38 94503 38 94863 38 95223 38 95583 38 95944 37 96304 38 96664 38 97025 37 97386 36 97746 36 98107 35 98468 33 98829 32 99190 30 99551 28 99912 27 100273 25 100634 23 100996 20 101357 17 101718 15 102079 10 102444 3
dbe5ad05b6f87018159a3228c1d1725892a1bfb9fa9f8fcc2e8bfe70d69d0355,93514 11 93872 15 94230 19 94589 21 94947 24 95306 26 95665 28 96025 29 96384 32 96743 35 97103 37 97462 39 97822 40 98182 42 98541 45 98901 46 99261 47 99621 48 99980 50 100340 50 100700 51 101061 52 101421 53 101781 53 102142 53 102502 53 102862 54 103223 54 103583 54 103944 54 104305 53 104665 53 105025 54 105386 53 105747 52 106108 52 106469 51 106830 50 107191 49 107553 47 107914 46 108275 45 108637 43 108999 41 109360 39 109721 38 110082 37 110443 35 110804 34 111164 33 111525 31 111886 30 112247 28 112609 25 112970 22 113332 18 113693 16 114057 6
dbe5ad05b6f87018159a3228c1d1725892a1bfb9fa9f8fcc2e8bfe70d69d0355,26006 7 26362 15 26718 20 27077 23 27433 28 27792 29 28151 31 28509 34 28868 35 29227 37 29586 38 29945 40 30304 41 30663 41 31022 42 31382 42 31741 44 32100 45 32460 45 32819 46 33178 47 33538 47 33897 48 34257 47 34617 46 34976 46 35336 43 35696 40 36056 38 36416 36 36776 35 37136 34 37496 33 37856 33 38216 33 38576 34 38936 35 39296 35 39656 35 40016 35 40376 35 40736 35 41096 34 41457 33 41817 33 42178 31 42539 30 42900 29 43261 28 43622 27 43984 24 44346 21 44708 16 45072 9 45436 3
dbe5ad05b6f87018159a3228c1d1725892a1bfb9fa9f8fcc2e8bfe70d69d0355,2612 15 2970 22 3326 29 3685 31 4042 35 4400 38 4758 42 5117 44 5477 45 5836 48 6195 50 6554 52 6913 54 7273 56 7632 58 7991 60 8350 62 8710 63 9070 64 9429 66 9789 67 10148 68 10508 69 10868 69 11228 70 11588 70 11948 71 12308 71 12669 71 13029 72 13389 72 13749 72 14109 72 14469 72 14830 71 15190 71 15550 71 15911 70 16272 69 16632 68 16993 67 17354 65 17715 64 18075 63 18436 62 18797 60 19158 57 19519 55 19880 52 20242 48 20603 45 20964 42 21326 38 21688 33 22051 22 22414 18 22780 10
dbe5ad05b6f87018159a3228c1d1725892a1bfb9fa9f8fcc2e8bfe70d69d0355,119160 1 119520 1 119880 1 120240 1 120599 2 120959 2 121319 2 121679 2 122039 2 122399 2 122759 2 123119 2 123479 2 123839 2 124199 2 124560 1 124920 1 125280 1 125640 1
dbe5ad05b6f87018159a3228c1d1725892a1bfb9fa9f8fcc2e8bfe70d69d0355,69777 13 70135 17 70494 20 70853 23 71212 25 71571 27 71930 29 72289 30 72649 31 73008 33 73368 33 73728 34 74088 34 74447 36 74807 36 75167 36 75527 36 75888 36 76248 36 76609 35 76970 34 77331 33 77692 32 78054 31 78415 30 78778 27 79142 23 79504 20 79868 13
