dd54adb80393de7769b9853c0aa2ee9b240905d0e99c59d4ccd99401f327aa05,175756 5 176273 8 176792 9 177311 10 177830 11 178349 12 178868 13 179387 14 179906 15 180425 16 180945 16 181465 16 181984 17 182504 17 183024 17 183543 18 184063 18 184583 18 185103 18 185623 18 186143 18 186663 18 187183 18 187703 18 188223 18 188743 18 189263 18 189783 17 190304 15 190825 12 191347 8
dd54adb80393de7769b9853c0aa2ee9b240905d0e99c59d4ccd99401f327aa05,105898 2 106412 11 106929 15 107448 17 107967 19 108486 20 109004 22 109523 23 110042 25 110562 25 111081 25 111600 26 112120 26 112639 26 113159 26 113678 27 114198 26 114717 27 115237 26 115757 26 116277 26 116797 26 117317 25 117837 25 118357 25 118877 25 119398 24 119920 21 120441 20 120961 20 121481 20 122001 19 122522 18 123042 17 123562 17 124083 15 124604 13 125125 12 125647 9
dd54adb80393de7769b9853c0aa2ee9b240905d0e99c59d4ccd99401f327aa05,286174 5 286693 8 287212 18 287731 21 288250 23 288770 23 289290 24 289811 24 290331 25 290851 25 291371 25 291891 25 292411 25 292931 25 293451 25 293971 25 294491 24 295011 24 295531 23 296051 23 296571 23 297092 21 297612 20 298132 19 298652 18 299172 17 299692 16 300212 15 300732 14 301253 11 301774 8
dd54adb80393de7769b9853c0aa2ee9b240905d0e99c59d4ccd99401f327aa05,330088 2 330605 7 331124 9 331643 11 332162 13 332681 14 333200 15 333720 15 334239 16 334759 16 335278 17 335798 17 336317 18 336837 18 337356 19 337876 19 338395 20 338915 19 339435 19 339954 20 340474 20 340994 20 341514 20 342033 20 342553 20 343073 20 343593 19 344112 20 344632 20 345152 20 345672 20 346192 19 346712 19 347232 18 347752 18 348272 18 348792 17 349312 17 349832 16 350352 16 350872 15 351392 15 351912 14 352433 12 352953 12 353474 10 353995 8 354516 5
dd54adb80393de7769b9853c0aa2ee9b240905d0e99c59d4ccd99401f327aa05,289121 4 289641 5 290161 6 290681 7 291201 7 291721 7 292241 8 292761 8 293281 8 293801 8 294321 8 294841 8 295361 8 295881 8 296401 8 296921 8 297441 7 297961 7 298481 6 299001 6 299521 6 300041 6 300561 6 301081 6 301601 5 302121 4
dd54adb80393de7769b9853c0aa2ee9b240905d0e99c59d4ccd99401f327aa05,75424 4 75942 8 76461 11 76980 13 77499 15 78016 19 78535 21 79053 24 79572 25 80090 28 80609 29 81129 29 81649 29 82169 29 82689 28 83210 27 83730 26 84250 25 84770 24 85290 23 85810 23 86331 21 86852 19 87373 18 87894 16 88415 14 88936 12 89460 7
dd54adb80393de7769b9853c0aa2ee9b240905d0e99c59d4ccd99401f327aa05,292679 5 293197 9 293716 12 294235 14 294754 16 295273 17 295793 18 296312 19 296831 21 297351 21 297871 21 298390 22 298910 22 299430 22 299950 23 300470 23 300990 23 301510 23 302030 23 302550 23 303070 23 303590 23 304110 23 304630 23 305150 23 305671 21 306191 21 306711 21 307232 20 307752 19 308272 19 308793 18 309313 17 309833 16 310354 15 310874 14 311395 12 311915 11 312436 9 312958 6
dd54adb80393de7769b9853c0aa2ee9b240905d0e99c59d4ccd99401f327aa05,184225 2 184743 5 185262 7 185781 8 186301 9 186821 9 187341 10 187860 12 188380 14 188900 15 189419 17 189940 17 190461 17 190981 20 191502 20 192022 21 192543 22 192576 5 193063 26 193091 14 193584 43 194104 44 194625 44 195145 44 195666 43 196187 41 196707 41 197228 39 197748 39 198269 38 198794 32 199316 17 199338 6 199838 14
dd54adb80393de7769b9853c0aa2ee9b240905d0e99c59d4ccd99401f327aa05,265902 8 266417 19 266935 23 267454 25 267971 28 268490 30 269009 31 269528 32 270048 32 270568 32 271088 32 271608 32 272128 31 272648 31 273168 30 273688 30 274209 28 274729 27 275250 25 275770 24 276291 23 276812 21 277333 19 277853 18 278374 13 278895 10 279417 6 279939 2
dd54adb80393de7769b9853c0aa2ee9b240905d0e99c59d4ccd99401f327aa05,245465 7 245982 12 246498 17 247015 21 247533 24 248052 25 248570 27 249089 28 249607 30 250125 32 250644 33 251163 33 251682 33 252201 33 252721 32 253241 30 253761 28 254281 24 254801 22 255321 20 255842 15 256369 5
dd54adb80393de7769b9853c0aa2ee9b240905d0e99c59d4ccd99401f327aa05,252143 5 252662 7 253181 9 253701 10 254220 11 254740 11 255260 12 255779 13 256299 13 256819 14 257338 15 257858 16 258378 16 258898 16 259418 16 259938 16 260457 18 260977 18 261497 18 262017 18 262537 18 263057 18 263577 18 264098 17 264618 17 265139 16 265659 16 266180 14 266700 14 267220 14 267740 13 268260 13 268781 11 269301 11 269821 10 270342 7 270863 4
dd54adb80393de7769b9853c0aa2ee9b240905d0e99c59d4ccd99401f327aa05,62449 7 62968 11 63487 13 64007 15 64527 16 65046 18 65564 20 66083 22 66602 23 67122 24 67641 25 68160 26 68679 27 69198 28 69718 28 70237 29 70756 29 71276 29 71796 28 72316 27 72836 26 73356 25 73876 25 74396 25 74916 24 75436 23 75956 23 76477 21 76998 19 77519 17 78042 11 78564 8 79086 2
dd54adb80393de7769b9853c0aa2ee9b240905d0e99c59d4ccd99401f327aa05,214915 14 215433 17 215950 22 216469 24 216987 28 217505 31 218024 33 218543 34 219062 35 219581 36 220101 37 220621 38 221140 39 221660 39 222179 40 222699 40 223219 39 223739 39 224259 39 224779 39 225299 38 225819 37 226340 35 226861 33 227381 32 227902 29 228425 24 228954 3
dd54adb80393de7769b9853c0aa2ee9b240905d0e99c59d4ccd99401f327aa05,242750 3 243268 5 243787 7 244306 8 244825 10 245344 11 245863 13 246382 15 246901 17 247420 18 247939 19 248459 19 248980 19 249500 19 250020 19 250540 20 251060 19 251580 18 252100 17 252620 7
dd54adb80393de7769b9853c0aa2ee9b240905d0e99c59d4ccd99401f327aa05,322594 12 323110 17 323628 21 324147 23 324667 24 325186 25 325705 27 326225 27 326745 27 327265 28 327786 27 328306 27 328826 27 329347 26 329867 26 330387 26 330908 25 331428 24 331949 23 332470 21 332991 20 333512 18 334033 16 334554 14 335076 11
dd54adb80393de7769b9853c0aa2ee9b240905d0e99c59d4ccd99401f327aa05,303510 4 304027 10 304544 14 305062 17 305580 20 306099 22 306617 24 307136 26 307655 27 308174 28 308693 29 309212 29 309731 30 310251 30 310771 29 311291 28 311811 28 312331 27 312851 25 313371 24 313892 22 314412 20 314933 16 315454 12 315974 11 316500 4 317022 2
dd54adb80393de7769b9853c0aa2ee9b240905d0e99c59d4ccd99401f327aa05,13009 2 13527 11 14045 16 14564 20 15084 22 15603 24 16123 26 16642 28 17161 30 17681 32 18201 34 18721 35 19242 36 19763 36 20284 36 20805 36 21326 35 21847 34 22369 32 22891 30 23413 28 23937 24 24460 20 24985 14 25509 8
dd54adb80393de7769b9853c0aa2ee9b240905d0e99c59d4ccd99401f327aa05,2874 4 3391 8 3910 10 4429 12 4948 13 5467 14 5986 15 6505 16 7024 17 7543 18 8062 19 8581 20 9101 19 9620 20 10139 21 10658 22 11177 22 11696 23 12215 24 12735 24 13254 24 13774 24 14294 23 14813 24 15333 23 15853 23 16373 23 16894 22 17414 21 17935 20 18455 19 18976 17 19498 14 20019 12 20541 8
dd54adb80393de7769b9853c0aa2ee9b240905d0e99c59d4ccd99401f327aa05,51113 3 51628 11 52146 14 52664 17 53182 20 53700 23 54219 25 54738 26 55257 28 55776 29 56295 31 56814 32 57333 33 57852 35 58371 36 58891 36 59411 36 59931 36 60452 35 60972 35 61493 33 62013 33 62533 33 63054 32 63575 30 64097 28 64619 25 65142 21 65665 17 66188 12
dd54adb80393de7769b9853c0aa2ee9b240905d0e99c59d4ccd99401f327aa05,329423 7 329940 14 330457 19 330976 21 331494 24 332013 26 332532 27 333051 29 333570 30 334089 31 334609 30 335129 30 335648 31 336168 30 336688 29 337208 28 337728 26 338249 22 338770 19 339291 16 339813 10
dd54adb80393de7769b9853c0aa2ee9b240905d0e99c59d4ccd99401f327aa05,184515 5 185033 10 185551 14 186069 17 186588 19 187107 21 187627 21 188146 22 188665 23 189184 24 189703 26 190222 27 190742 27 191261 28 191780 29 192299 30 192819 30 193339 29 193858 30 194378 29 194898 28 195417 29 195937 28 196457 27 196977 27 197498 25 198018 24 198538 23 199058 22 199579 20 200100 18 200620 17 201141 15 201662 13 202183 9
dd54adb80393de7769b9853c0aa2ee9b240905d0e99c59d4ccd99401f327aa05,267600 6 268118 10 268637 13 269156 16 269675 18 270194 21 270713 23 271233 23 271753 24 272273 24 272793 25 273313 25 273833 26 274354 25 274874 25 275395 24 275916 23 276437 22 276959 20 277480 19 278000 19 278521 18 279042 17 279562 17 280083 16 280603 15 281124 14 281645 12 282166 10 282688 6
dd54adb80393de7769b9853c0aa2ee9b240905d0e99c59d4ccd99401f327aa05,73622 15 74140 20 74659 22 75178 23 75696 26 76215 27 76734 28 77254 29 77773 30 78293 31 78813 31 79333 31 79853 31 80373 31 80893 30 81413 29 81934 28 82454 27 82975 25 83498 21 84023 14 84545 9
dd54adb80393de7769b9853c0aa2ee9b240905d0e99c59d4ccd99401f327aa05,265698 6 266216 10 266734 13 267253 15 267772 16 268291 17 268810 19 269329 20 269848 21 270367 21 270886 22 271405 23 271925 23 272444 23 272964 23 273483 24 274003 23 274523 22 275043 22 275562 22 276082 21 276602 21 277122 21 277642 20 278162 18 278682 17 279202 17 279723 15 280243 14 280763 12 281284 10 281805 8 282327 4
dd54adb80393de7769b9853c0aa2ee9b240905d0e99c59d4ccd99401f327aa05,146644 2 147161 7 147681 11 148201 12 148721 13 149241 14 149761 16 150281 17 150801 18 151321 18 151841 19 152361 20 152881 21 153401 22 153921 23 154442 23 154963 23 155484 22 156005 22 156526 21 157046 22 157567 21 158089 19 158611 17 159133 14 159656 10 160178 7 160701 2
dd54adb80393de7769b9853c0aa2ee9b240905d0e99c59d4ccd99401f327aa05,253863 2 254377 9 254896 11 255415 14 255935 16 256454 18 256973 20 257492 22 258011 25 258530 27 259049 30 259568 32 260087 33 260606 34 261127 34 261647 34 262167 34 262687 34 263207 34 263728 32 264249 30 264770 28 265291 26 265812 17 266333 2
dd54adb80393de7769b9853c0aa2ee9b240905d0e99c59d4ccd99401f327aa05,69598 2 70114 8 70629 14 71148 17 71667 19 72186 21 72706 22 73225 23 73744 24 74263 25 74782 26 75301 28 75820 29 76340 29 76859 30 77379 31 77899 31 78419 31 78939 32 79459 32 79979 32 80499 32 81019 32 81539 31 82060 29 82580 27 83100 25 83621 22 84142 20 84663 16 85184 10
dd54adb80393de7769b9853c0aa2ee9b240905d0e99c59d4ccd99401f327aa05,127704 7 128222 11 128741 15 129259 19 129778 21 130297 23 130816 25 131336 25 131855 27 132375 27 132894 28 133413 29 133933 29 134453 29 134972 30 135492 30 136012 29 136531 30 137051 29 137571 29 138091 28 138611 27 139131 26 139650 25 140170 24 140690 23 141210 22 141730 21 142250 20 142770 19 143291 16 143811 15 144332 12 144854 9 145376 5
dd54adb80393de7769b9853c0aa2ee9b240905d0e99c59d4ccd99401f327aa05,105693 5 106212 8 106731 10 107250 12 107769 14 108288 15 108806 17 109324 19 109844 20 110363 21 110882 22 111401 23 111920 24 112440 24 112960 24 113480 24 114000 24 114519 24 115039 21 115559 20 116079 20 116599 19 117119 17 117639 16 118159 15 118680 13 119201 10 119722 6 120243 3
dd54adb80393de7769b9853c0aa2ee9b240905d0e99c59d4ccd99401f327aa05,337544 15 338062 20 338581 22 339100 24 339619 25 340138 26 340658 26 341178 26 341697 27 342217 27 342737 27 343257 27 343777 26 344298 25 344818 24 345338 23 345858 22 346378 21 346899 17 347420 14 347941 11 348464 3
dd54adb80393de7769b9853c0aa2ee9b240905d0e99c59d4ccd99401f327aa05,115645 2 116163 8 116681 11 117198 15 117715 19 118233 22 118751 24 119269 27 119787 29 120306 30 120824 32 121342 34 121861 34 122380 35 122899 36 123418 36 123938 35 124458 34 124978 33 125499 31 126019 29 126540 27 127060 26 127581 24 128102 22 128624 19 129145 16 129667 12 130189 8
dd54adb80393de7769b9853c0aa2ee9b240905d0e99c59d4ccd99401f327aa05,249829 3 250345 11 250862 15 251381 17 251900 19 252419 21 252938 24 253457 27 253977 29 254497 31 255017 32 255537 33 256057 34 256577 35 257097 35 257617 36 258137 36 258657 36 259178 35 259698 36 260219 35 260740 34 261260 33 261781 32 262302 30 262823 29 263345 26 263867 23 264389 20 264914 10
dd54adb80393de7769b9853c0aa2ee9b240905d0e99c59d4ccd99401f327aa05,187328 4 187846 10 188364 13 188883 15 189402 17 189921 19 190441 20 190961 20 191481 21 192002 20 192523 20 193043 20 193562 22 194081 23 194601 24 195120 25 195640 26 196160 27 196680 27 197200 28 197720 28 198240 29 198760 28 199281 24 199803 20 200324 18 200844 17 201365 15 201886 13 202407 11
dd54adb80393de7769b9853c0aa2ee9b240905d0e99c59d4ccd99401f327aa05,329501 10 330019 13 330537 16 331055 18 331573 21 332092 22 332611 23 333130 24 333649 25 334168 26 334688 25 335207 26 335726 26 336246 26 336766 25 337285 25 337805 25 338325 24 338846 23 339366 22 339887 21 340408 20 340928 19 341449 17 341970 15 342491 13 343013 10 343536 4
dd54adb80393de7769b9853c0aa2ee9b240905d0e99c59d4ccd99401f327aa05,209512 6 210031 8 210549 10 211068 12 211587 13 212106 14 212625 15 213144 16 213664 16 214183 17 214703 17 215222 18 215742 18 216262 17 216781 18 217301 18 217821 17 218341 17 218860 17 219380 17 219900 16 220420 16 220940 16 221460 15 221980 15 222499 16 223019 15 223539 15 224059 15 224579 14 225099 14 225620 13 226140 12 226660 11 227181 9 227702 7 228223 3
dd54adb80393de7769b9853c0aa2ee9b240905d0e99c59d4ccd99401f327aa05,8784 8 9302 12 9821 17 10340 19 10859 21 11378 23 11898 24 12417 26 12936 27 13456 28 13975 29 14495 29 15014 31 15533 32 16053 32 16572 33 17091 35 17611 35 18131 35 18651 35 19171 34 19692 33 20213 31 20734 29 21255 28 21776 26 22297 25 22818 24 23339 22 23860 20 24382 18 24903 16 25424 14
dd54adb80393de7769b9853c0aa2ee9b240905d0e99c59d4ccd99401f327aa05,22734 12 23252 16 23771 20 24290 22 24809 25 25329 27 25848 29 26368 30 26888 32 27408 33 27928 34 28448 34 28969 34 29489 35 30009 36 30530 36 31050 37 31571 37 32092 37 32613 36 33134 36 33655 35 34176 35 34697 34 35218 34 35739 34 36261 32 36782 31 37303 30 37825 29 38346 28 38868 26 39389 25 39911 23 40433 20 40955 18 41477 15 41999 12 42522 8
dd54adb80393de7769b9853c0aa2ee9b240905d0e99c59d4ccd99401f327aa05,352649 13 353166 21 353683 27 354202 31 354721 33 355240 36 355759 38 356278 39 356798 40 357318 40 357838 40 358358 40 358879 39 359399 39 359920 37 360441 35 360962 33 361483 31
dd54adb80393de7769b9853c0aa2ee9b240905d0e99c59d4ccd99401f327aa05,98492 7 99007 14 99525 17 100039 24 100555 28 101074 29 101592 31 102111 32 102630 33 103149 34 103669 34 104188 34 104707 34 105227 34 105747 33 106266 33 106786 32 107306 30 107826 29 108347 26 108867 24 109388 22 109909 18 110430 11
dd54adb80393de7769b9853c0aa2ee9b240905d0e99c59d4ccd99401f327aa05,247907 2 248424 8 248942 12 249461 14 249980 16 250499 17 251018 19 251537 21 252056 22 252576 21 253095 21 253615 21 254135 21 254654 22 255173 23 255693 23 256213 23 256733 23 257253 22 257773 22 258294 21 258814 21 259334 21 259854 21 260374 21 260894 22 261414 23 261935 22 262457 19 262978 17 263500 14 264021 12 264542 9
dd54adb80393de7769b9853c0aa2ee9b240905d0e99c59d4ccd99401f327aa05,285032 4 285546 15 286060 22 286579 23 287098 24 287617 24 288136 25 288655 25 289174 25 289693 26 290212 26 290730 27 291249 28 291768 28 292287 28 292807 26 293326 25 293845 24 294364 23 294884 21 295403 20 295922 20 296442 18 296961 17 297481 15 298001 13 298522 9 299043 2
dd54adb80393de7769b9853c0aa2ee9b240905d0e99c59d4ccd99401f327aa05,340007 6 340526 8 341044 11 341563 12 342080 15 342598 18 343117 19 343637 19 344157 18 344677 18 345197 17 345718 16 346239 15 346760 13 347281 11 347803 8 348325 4
dd54adb80393de7769b9853c0aa2ee9b240905d0e99c59d4ccd99401f327aa05,36506 2 37025 4 37545 5 38065 6 38585 6 39105 6 39625 5 40146 3
dd54adb80393de7769b9853c0aa2ee9b240905d0e99c59d4ccd99401f327aa05,8931 3 9450 5 9969 6 10490 5 11011 3
dd54adb80393de7769b9853c0aa2ee9b240905d0e99c59d4ccd99401f327aa05,306368 5 306887 8 307406 10 307925 11 308444 12 308963 13 309481 14 310000 15 310519 16 311038 16 311557 17 312076 17 312595 18 313115 17 313634 18 314153 19 314673 18 315193 18 315712 19 316232 18 316751 19 317270 19 317790 19 318310 18 318830 18 319350 18 319870 17 320390 17 320910 17 321430 17 321950 17 322470 16 322990 14 323510 13 324031 11 324558 2
dd54adb80393de7769b9853c0aa2ee9b240905d0e99c59d4ccd99401f327aa05,235825 3 236344 5 236864 6 237384 6 237904 6 238425 4 238946 2
dd54adb80393de7769b9853c0aa2ee9b240905d0e99c59d4ccd99401f327aa05,347845 6 348364 8 348883 10 349402 12 349921 14 350441 14 350961 15 351480 16 352000 16 352520 17 353039 18 353559 18 354079 19 354598 20 355118 20 355638 20 356157 21 356677 21 357197 22 357717 22 358237 22 358757 23 359277 23 359796 24 360316 24 360836 24 361356 23 361876 23
dd54adb80393de7769b9853c0aa2ee9b240905d0e99c59d4ccd99401f327aa05,295879 2 296396 5 296914 7 297433 8 297952 9 298472 9 298992 9 299512 9 300031 10 300551 10 301071 10 301591 10 302111 10 302631 10 303151 10 303671 10 304192 9 304713 8 305234 7 305756 5 306279 2
dd54adb80393de7769b9853c0aa2ee9b240905d0e99c59d4ccd99401f327aa05,8105 6 8624 9 9143 11 9663 12 10183 13 10703 14 11222 16 11742 16 12262 16 12782 16 13301 17 13821 17 14341 17 14860 18 15380 19 15900 19 16420 19 16940 20 17460 20 17980 21 18500 21 19020 21 19540 21 20060 20 20580 20 21100 20 21620 20 22140 20 22660 20 23180 20 23701 19 24221 19 24741 19 25262 18 25782 17 26303 15 26824 13 27345 11 27866 8 28388 5
dd54adb80393de7769b9853c0aa2ee9b240905d0e99c59d4ccd99401f327aa05,133205 6 133722 12 134241 15 134760 17 135279 19 135798 21 136318 21 136837 22 137356 23 137876 24 138396 24 138916 24 139436 24 139956 24 140476 23 140995 23 141515 23 142035 22 142554 23 143074 23 143594 23 144114 23 144634 23 145154 22 145675 20 146195 19 146716 17 147237 15 147758 14 148279 13
dd54adb80393de7769b9853c0aa2ee9b240905d0e99c59d4ccd99401f327aa05,157728 9 158247 19 158766 28 159286 29 159805 31 160324 35 160843 38 161363 39 161883 39 162403 39 162923 39 163444 38 163965 37 164486 36 165009 33 165531 31 166052 30 166574 27 167098 17 167619 14 168140 12
dd54adb80393de7769b9853c0aa2ee9b240905d0e99c59d4ccd99401f327aa05,99074 4 99593 6 100112 9 100629 13 101148 15 101667 17 102187 18 102707 19 103227 20 103747 20 104266 22 104786 23 105305 25 105825 26 106344 28 106864 28 107384 28 107904 28 108424 28 108943 29 109463 28 109983 28 110502 29 111021 29 111540 29 112060 28 112579 28 113098 28 113618 26 114137 25 114657 22 115177 19 115697 17 116217 15 116737 14 117257 14 117777 13 118297 10 118818 2 118823 3
dd54adb80393de7769b9853c0aa2ee9b240905d0e99c59d4ccd99401f327aa05,73836 2 74346 15 74856 25 75374 27 75893 28 76412 29 76931 30 77450 31 77970 31 78490 31 79010 31 79530 31 80051 30 80573 28 81094 27 81615 26 82141 20 82662 19 83183 16 83704 14
dd54adb80393de7769b9853c0aa2ee9b240905d0e99c59d4ccd99401f327aa05,456 24 976 25 1497 24 2018 23 2540 21 3062 19 3587 13 4109 10 4631 4
dd54adb80393de7769b9853c0aa2ee9b240905d0e99c59d4ccd99401f327aa05,197484 4 198002 7 198517 14 199036 16 199555 19 200074 21 200594 22 201114 23 201634 24 202154 25 202674 26 203194 26 203714 26 204234 26 204755 25 205275 25 205795 26 206316 25 206836 25 207357 24 207877 24 208398 23 208918 23 209439 22 209959 22 210480 21 211001 20 211522 19 212043 18 212564 17 213085 15 213606 13 214127 11 214649 8
dd54adb80393de7769b9853c0aa2ee9b240905d0e99c59d4ccd99401f327aa05,243014 7 243533 10 244052 12 244571 16 245090 19 245610 20 246129 23 246648 25 247168 26 247687 27 248207 28 248727 29 249247 30 249767 30 250287 30 250807 31 251327 31 251847 31 252367 31 252887 31 253407 31 253927 31 254448 30 254969 28 255491 25 256012 23 256534 20 257056 17 257577 15 258098 11
dd54adb80393de7769b9853c0aa2ee9b240905d0e99c59d4ccd99401f327aa05,170970 8 171488 11 172007 13 172525 16 173044 18 173564 18 174083 19 174602 21 175122 21 175641 22 176161 23 176680 24 177200 24 177720 24 178239 25 178759 25 179279 24 179799 24 180318 25 180838 25 181358 24 181878 24 182398 24 182918 23 183438 23 183958 22 184478 21 184998 20 185519 18 186039 17 186560 15 187080 14 187601 12 188122 9 188644 6
dd54adb80393de7769b9853c0aa2ee9b240905d0e99c59d4ccd99401f327aa05,305982 24 306499 29 307017 33 307536 35 308055 37 308574 39 309093 41 309612 42 310132 42 310651 43 311171 43 311690 43 312210 43 312730 42 313250 42 313770 42 314291 41 314812 39 315332 38 315853 37 316374 35 316896 31 317418 28 317941 23 318464 16
dd54adb80393de7769b9853c0aa2ee9b240905d0e99c59d4ccd99401f327aa05,178881 2 179401 3 179921 4 180441 5 180961 5 181481 5 182001 6 182521 7 183041 7 183561 7 184081 7 184601 7 185121 6 185641 5 186161 5 186681 5 187201 4 187721 3 188241 2
dd54adb80393de7769b9853c0aa2ee9b240905d0e99c59d4ccd99401f327aa05,104382 6 104900 11 105419 13 105938 15 106457 17 106976 18 107495 20 108015 20 108534 22 109053 23 109573 23 110093 24 110612 25 111132 25 111652 25 112171 26 112691 26 113211 26 113731 26 114250 27 114770 28 115290 28 115810 28 116330 27 116850 27 117370 27 117890 27 118410 27 118930 27 119450 26 119970 26 120490 25 121010 25 121531 23 122051 22 122572 20 123092 19 123613 17 124134 15 124655 13 125176 10 125699 5
dd54adb80393de7769b9853c0aa2ee9b240905d0e99c59d4ccd99401f327aa05,1994 5 2512 10 3031 13 3551 15 4070 22 4590 23 5110 24 5630 25 6150 27 6670 28 7190 29 7710 30 8230 30 8750 31 9271 30 9791 30 10311 29 10832 27 11353 25 11874 24 12395 22 12916 20 13437 19 13957 18 14478 17 14999 15 15520 13 16041 12 16562 10 17085 6
dd54adb80393de7769b9853c0aa2ee9b240905d0e99c59d4ccd99401f327aa05,339685 7 340202 12 340720 16 341239 18 341758 20 342277 21 342796 23 343315 24 343834 25 344354 25 344873 26 345393 26 345913 26 346433 25 346952 26 347472 25 347993 23 348513 23 349034 21 349555 18 350076 16 350598 13 351120 9
dd54adb80393de7769b9853c0aa2ee9b240905d0e99c59d4ccd99401f327aa05,37988 11 38507 17 39026 21 39545 24 40064 27 40583 29 41103 30 41623 31 42143 32 42663 33 43183 33 43703 34 44224 33 44744 34 45265 33 45786 32 46306 32 46827 31 47348 30 47870 28 48391 27 48913 25 49435 22 49956 20 50479 16 51001 11
dd54adb80393de7769b9853c0aa2ee9b240905d0e99c59d4ccd99401f327aa05,29897 6 30415 10 30933 13 31447 20 31966 22 32485 25 33005 26 33525 27 34045 28 34565 28 35085 29 35605 29 36125 30 36645 30 37165 30 37685 30 38205 30 38726 29 39246 29 39766 29 40286 29 40806 29 41327 28 41847 28 42368 27 42888 27 43409 26 43930 25 44451 23 44972 22 45493 21 46014 19 46536 15 47058 12 47580 7
dd54adb80393de7769b9853c0aa2ee9b240905d0e99c59d4ccd99401f327aa05,176331 10 176849 15 177368 18 177888 21 178407 25 178927 27 179447 30 179967 31 180488 32 181008 33 181529 33 182050 33 182571 32 183092 32 183613 31 184135 30 184656 29 185177 28 185698 27 186220 25 186741 24 187263 22 187784 21 188306 19 188827 17 189349 14 189871 11 190393 8
dd54adb80393de7769b9853c0aa2ee9b240905d0e99c59d4ccd99401f327aa05,306557 4 307070 14 307588 17 308107 20 308626 22 309144 25 309663 27 310182 29 310701 30 311221 30 311740 32 312259 33 312779 33 313298 34 313817 34 314337 34 314857 33 315377 33 315897 32 316417 31 316937 30 317458 28 317978 26 318499 24 319020 21 319543 17
dd54adb80393de7769b9853c0aa2ee9b240905d0e99c59d4ccd99401f327aa05,141355 4 141870 10 142387 15 142906 17 143423 21 143941 23 144460 25 144979 26 145498 27 146017 28 146535 30 147054 30 147573 31 148091 32 148610 33 149129 33 149648 34 150167 34 150685 35 151204 35 151723 35 152242 35 152761 35 153280 35 153800 35 154319 35 154839 34 155359 34 155879 33 156399 32 156919 31 157439 31 157959 30 158479 29 159000 27 159521 25 160042 21 160564 17 161085 14 161608 9
dd54adb80393de7769b9853c0aa2ee9b240905d0e99c59d4ccd99401f327aa05,231322 8 231840 11 232359 13 232878 15 233397 17 233916 19 234435 22 234955 23 235474 24 235994 24 236513 25 237033 25 237552 26 238072 26 238592 26 239112 26 239632 26 240152 26 240672 26 241192 26 241712 26 242232 25 242753 23 243273 23 243794 22 244314 22 244835 21 245355 20 245876 19 246397 18 246918 17 247438 17 247958 17 248478 17 248999 15 249519 14 250039 14 250560 12 251081 10 251603 7
dd54adb80393de7769b9853c0aa2ee9b240905d0e99c59d4ccd99401f327aa05,354022 3 354540 7 355059 9 355578 11 356097 13 356617 13 357136 15 357655 16 358175 16 358694 17 359214 17 359733 19 360253 19 360773 19 361292 20 361812 20
dd54adb80393de7769b9853c0aa2ee9b240905d0e99c59d4ccd99401f327aa05,83199 2 83718 3 84220 21 84739 22 85259 22 85778 23 86297 24 86817 24 87338 23 87859 22 88380 21 88901 20 89421 20 89942 19 90464 17 90985 16 91506 15 92026 15 92547 14 93068 13 93590 11 94111 10 94633 8 95154 7 95675 6 96197 4 96719 2
dd54adb80393de7769b9853c0aa2ee9b240905d0e99c59d4ccd99401f327aa05,39116 2 39630 1 39633 8 40145 1 40149 14 40664 22 41182 25 41701 33 42219 38 42738 41 43258 42 43778 43 44299 43 44820 42 45341 42 45863 40 46388 34 46911 30 47432 28 47954 25 48475 24 48996 22 49517 20 50037 19 50557 18 51077 16 51598 14 52119 12 52641 8
dd54adb80393de7769b9853c0aa2ee9b240905d0e99c59d4ccd99401f327aa05,355952 11 356469 19 356987 23 357505 26 358024 29 358544 31 359063 34 359583 35 360103 35 360623 36 361143 36 361664 35
dd54adb80393de7769b9853c0aa2ee9b240905d0e99c59d4ccd99401f327aa05,143229 10 143746 15 144265 18 144784 20 145304 21 145823 23 146343 24 146863 25 147383 25 147903 26 148423 27 148943 27 149463 27 149983 27 150504 27 151024 27 151545 26 152065 26 152585 26 153106 25 153626 25 154147 24 154667 24 155188 23 155708 23 156229 22 156749 22 157270 21 157791 20 158311 19 158832 18 159352 18 159873 16 160394 15 160915 14 161436 12 161958 8 162480 5
dd54adb80393de7769b9853c0aa2ee9b240905d0e99c59d4ccd99401f327aa05,288313 4 288827 14 289345 17 289863 19 290382 21 290901 22 291420 23 291939 24 292458 25 292978 24 293498 24 294018 23 294538 22 295059 21 295579 20 296100 17 296621 15 297144 4
dd54adb80393de7769b9853c0aa2ee9b240905d0e99c59d4ccd99401f327aa05,7052 6 7571 9 8090 11 8609 13 9128 15 9647 16 10166 17 10686 17 11205 17 11724 18 12244 18 12764 18 13283 18 13803 18 14323 18 14842 18 15362 18 15882 18 16402 18 16922 18 17441 19 17961 19 18481 19 19000 20 19520 20 20040 20 20560 20 21080 20 21600 20 22121 19 22641 19 23161 19 23681 20 24202 18 24723 16 25243 16 25764 14 26285 13 26807 10 27329 7
dd54adb80393de7769b9853c0aa2ee9b240905d0e99c59d4ccd99401f327aa05,343479 4 343992 14 344509 19 345026 23 345544 26 346062 29 346581 30 347100 32 347620 32 348139 33 348659 32 349179 32 349699 32 350219 31 350740 29 351260 27 351781 25 352303 21 352825 15 353348 7
dd54adb80393de7769b9853c0aa2ee9b240905d0e99c59d4ccd99401f327aa05,340076 3 340593 8 341112 9 341631 10 342150 11 342670 11 343189 12 343709 12 344228 13 344748 13 345267 14 345787 14 346307 14 346827 14 347347 14 347867 14 348387 14 348907 14 349427 14 349947 14 350467 14 350987 14 351507 14 352028 13 352548 13 353068 13 353589 12 354109 12 354629 12 355150 11 355671 10 356192 9 356713 8 357235 6 357756 5
dd54adb80393de7769b9853c0aa2ee9b240905d0e99c59d4ccd99401f327aa05,287723 5 288242 7 288762 8 289281 9 289800 11 290319 12 290839 12 291358 13 291877 14 292397 14 292916 15 293435 16 293954 17 294472 19 294990 21 295509 22 296028 23 296547 24 297066 26 297585 27 298104 28 298624 28 299144 28 299664 28 300185 27 300705 27 301226 25 301747 23 302269 19 302790 17 303312 14 303836 9
dd54adb80393de7769b9853c0aa2ee9b240905d0e99c59d4ccd99401f327aa05,227001 11 227520 14 228038 17 228556 20 229075 23 229594 25 230113 27 230632 28 231152 28 231671 29 232190 30 232710 30 233229 30 233748 31 234268 31 234788 31 235308 31 235828 31 236349 30 236870 29 237390 28 237910 28 238429 28 238948 28 239467 29 239987 29 240508 27 241028 27 241549 25 242069 25 242590 23 243111 22 243632 20 244153 19 244674 17 245195 15 245716 13 246237 10 246758 7 247279 4 247800 2
dd54adb80393de7769b9853c0aa2ee9b240905d0e99c59d4ccd99401f327aa05,289231 6 289749 11 290266 17 290784 21 291303 23 291822 25 292340 28 292859 29 293378 30 293897 31 294416 32 294935 33 295454 34 295973 35 296493 34 297012 35 297532 34 298052 33 298572 32 299092 31 299612 29 300133 26 300654 13 300671 3 301175 11 301699 2
dd54adb80393de7769b9853c0aa2ee9b240905d0e99c59d4ccd99401f327aa05,273582 4 274098 10 274616 14 275134 17 275652 19 276171 21 276690 23 277209 24 277728 25 278247 27 278766 28 279285 29 279804 29 280324 29 280843 30 281363 29 281883 28 282403 27 282922 27 283442 26 283962 25 284482 24 285002 22 285522 21 286042 18 286562 17 287082 16 287603 11 288124 6
dd54adb80393de7769b9853c0aa2ee9b240905d0e99c59d4ccd99401f327aa05,12062 3 12573 16 13090 22 13608 26 14126 29 14645 31 15164 32 15683 34 16203 34 16723 34 17242 35 17762 35 18282 35 18802 35 19322 34 19842 33 20363 32 20883 31 21403 30 21924 28 22444 27 22965 25 23485 24 24006 21 24527 19 25049 15 25571 11 26093 5
dd54adb80393de7769b9853c0aa2ee9b240905d0e99c59d4ccd99401f327aa05,169829 2 170348 4 170867 8 171386 10 171905 12 172425 13 172944 15 173464 16 173984 17 174504 18 175024 19 175544 20 176064 21 176584 22 177104 22 177624 22 178145 21 178666 20 179187 19 179708 19 180229 18 180750 18 181270 18 181791 18 182311 19 182832 18 183352 18 183872 18 184392 18 184912 18 185432 18 185952 18 186472 18 186992 18 187512 18 188032 18 188552 18 189073 17 189594 15 190115 14 190636 12 191158 9
dd54adb80393de7769b9853c0aa2ee9b240905d0e99c59d4ccd99401f327aa05,310944 5 311461 10 311980 12 312499 14 313019 15 313538 16 314058 16 314577 18 315097 18 315617 18 316137 17 316657 17 317177 17 317697 17 318217 17 318737 17 319257 17 319777 18 320297 18 320817 18 321338 18 321858 18 322378 18 322898 19 323418 19 323938 19 324458 20 324978 20 325499 19 326019 19 326539 19 327060 18 327580 18 328101 16 328621 15 329142 11 329663 8 330185 5
dd54adb80393de7769b9853c0aa2ee9b240905d0e99c59d4ccd99401f327aa05,76961 3 77481 4 78001 4 78521 5 79041 5 79561 5 80081 5 80601 5 81121 5 81641 5 82161 5 82681 5 83201 5 83721 6 84241 6 84761 5 85281 4 85801 3 86321 2
dd54adb80393de7769b9853c0aa2ee9b240905d0e99c59d4ccd99401f327aa05,268684 8 269201 12 269720 14 270239 16 270757 19 271275 22 271794 23 272313 24 272833 24 273353 25 273873 25 274393 24 274913 24 275434 23 275954 23 276475 22 276995 22 277516 22 278036 22 278557 22 279078 22 279598 22 280119 22 280641 20 281163 18 281684 17 282204 17 282725 16 283247 14 283770 10 284292 7
dd54adb80393de7769b9853c0aa2ee9b240905d0e99c59d4ccd99401f327aa05,145457 11 145972 21 146489 26 147007 30 147525 33 148044 35 148562 38 149081 39 149601 40 150120 41 150640 41 151159 41 151679 41 152199 41 152719 40 153239 39 153760 37 154281 35 154803 32 155324 30 155845 28 156366 25 156887 23 157409 18 157931 14
dd54adb80393de7769b9853c0aa2ee9b240905d0e99c59d4ccd99401f327aa05,306840 6 307357 10 307875 13 308393 15 308912 16 309432 16 309951 17 310470 17 310990 17 311509 17 312029 17 312548 17 313068 16 313588 16 314107 16 314626 17 315145 18 315665 17 316184 18 316703 18 317222 19 317742 18 318262 18 318781 18 319301 17 319820 18 320340 18 320860 17 321380 17 321900 16 322420 16 322940 15 323461 13 323981 12 324502 10 325023 7 325544 4
dd54adb80393de7769b9853c0aa2ee9b240905d0e99c59d4ccd99401f327aa05,99836 5 100353 8 100862 6 100872 9 101379 22 101898 23 102417 24 102936 25 103456 25 103976 25 104495 26 105015 26 105535 26 106055 26 106576 25 107096 25 107617 24 108138 23 108659 22 109180 21 109703 3 109712 9 110235 6 110757 4 111279 2
dd54adb80393de7769b9853c0aa2ee9b240905d0e99c59d4ccd99401f327aa05,19 20 539 20 1060 19 1581 18 2103 15 2624 14 3146 11 3668 8 4191 3
dd54adb80393de7769b9853c0aa2ee9b240905d0e99c59d4ccd99401f327aa05,281076 3 281590 2 281594 7 282109 13 282628 15 283147 16 283667 17 284187 17 284706 19 285226 19 285746 19 286266 20 286786 20 287306 20 287826 20 288346 20 288866 20 289386 21 289906 21 290427 20 290948 18 291469 17 291990 16 292511 14 293032 13 293553 11 294074 9 294598 4
dd54adb80393de7769b9853c0aa2ee9b240905d0e99c59d4ccd99401f327aa05,154996 6 155514 11 156033 15 156552 17 157072 18 157591 20 158111 22 158631 24 159151 25 159671 26 160192 26 160712 27 161232 28 161752 29 162273 29 162793 30 163314 29 163834 30 164355 30 164875 31 165396 30 165917 29 166438 29 166959 28 167480 28 168001 27 168521 27 169042 26 169566 22 170087 21 170609 19 171130 18 171651 17 172172 15 172694 12 173216 9 173738 6
dd54adb80393de7769b9853c0aa2ee9b240905d0e99c59d4ccd99401f327aa05,228855 6 229374 8 229894 8 230414 8 230935 5
dd54adb80393de7769b9853c0aa2ee9b240905d0e99c59d4ccd99401f327aa05,181298 6 181817 8 182336 11 182855 13 183375 14 183894 16 184414 17 184933 19 185451 22 185970 24 186490 24 187010 25 187530 26 188050 26 188570 26 189090 27 189609 28 190129 28 190649 29 191169 29 191689 29 192210 29 192730 29 193250 29 193770 29 194291 28 194811 28 195332 27 195853 26 196373 26 196894 25 197415 24 197936 23 198457 22 198978 20 199501 17 200022 15 200544 12 201066 9
dd54adb80393de7769b9853c0aa2ee9b240905d0e99c59d4ccd99401f327aa05,146827 6 147344 11 147862 15 148378 20 148891 27 149407 32 149925 34 150444 36 150963 37 151483 37 152002 38 152522 38 153042 38 153562 38 154083 37 154603 37 155124 36 155645 35 156166 33 156688 30 157209 28 157737 19 158266 8
dd54adb80393de7769b9853c0aa2ee9b240905d0e99c59d4ccd99401f327aa05,353006 4 353521 11 354040 13 354560 14 355080 15 355600 15 356120 15 356641 14 357161 14 357682 13 358203 12 358724 10 359244 10 359764 9 360285 7 360806 5 361327 3
dd54adb80393de7769b9853c0aa2ee9b240905d0e99c59d4ccd99401f327aa05,171565 9 172083 12 172601 15 173119 17 173638 18 174156 21 174675 22 175194 23 175712 25 176231 25 176750 26 177269 26 177788 27 178307 27 178826 28 179345 28 179864 28 180384 28 180904 28 181423 28 181943 27 182463 26 182983 25 183504 23 184024 22 184545 21 185065 20 185586 17 186108 14 186630 10
dd54adb80393de7769b9853c0aa2ee9b240905d0e99c59d4ccd99401f327aa05,77549 9 78068 13 78587 16 79107 17 79627 18 80146 20 80666 21 81185 22 81704 24 82223 25 82742 26 83262 25 83782 25 84302 25 84822 25 85343 24 85863 23 86383 23 86903 23 87422 23 87942 22 88462 22 88982 21 89503 19 90023 18 90544 16 91065 15 91586 13 92107 11 92630 6
dd54adb80393de7769b9853c0aa2ee9b240905d0e99c59d4ccd99401f327aa05,147235 2 147754 4 148273 6 148792 23 149311 25 149831 26 150350 28 150869 30 151389 31 151908 32 152428 33 152948 34 153469 34 153989 35 154510 35 155031 35 155551 35 156072 34 156593 32 157114 31 157635 30 158159 25 158681 23 159203 20 159724 19 160246 17 160768 14 161291 10 161813 7
dd54adb80393de7769b9853c0aa2ee9b240905d0e99c59d4ccd99401f327aa05,219780 3 220296 11 220815 13 221334 15 221853 17 222372 19 222892 19 223411 20 223930 22 224450 22 224969 23 225489 24 226009 24 226528 25 227048 25 227568 25 228087 25 228607 25 229127 25 229647 25 230167 24 230687 24 231207 23 231728 22 232248 21 232768 20 233289 18 233809 17 234329 16 234850 14 235370 13 235891 11 236412 9 236934 5
dd54adb80393de7769b9853c0aa2ee9b240905d0e99c59d4ccd99401f327aa05,271125 4 271643 9 272162 12 272681 14 273200 16 273720 17 274239 19 274759 19 275279 20 275799 20 276318 22 276838 23 277357 24 277877 25 278397 26 278917 27 279437 28 279958 28 280479 27 281000 27 281520 27 282041 26 282561 26 283082 25 283604 23 284125 21 284647 18 285171 14 285693 11 286215 7
dd54adb80393de7769b9853c0aa2ee9b240905d0e99c59d4ccd99401f327aa05,297314 5 297832 10 298350 13 298869 15 299388 17 299907 19 300426 20 300946 20 301465 22 301985 22 302504 23 303023 24 303543 24 304062 25 304582 25 305102 25 305621 26 306141 25 306660 26 307180 26 307699 27 308219 26 308738 27 309258 26 309777 27 310297 27 310816 27 311336 27 311856 26 312376 25 312895 26 313415 26 313935 25 314455 24 314975 23 315494 23 316014 22 316534 21 317054 21 317574 20 318095 18 318615 17 319136 15 319657 13 320178 10 320699 7
dd54adb80393de7769b9853c0aa2ee9b240905d0e99c59d4ccd99401f327aa05,76612 7 77130 15 77648 21 78167 25 78686 28 79206 32 79726 35 80246 37 80766 39 81287 39 81807 40 82328 41 82849 41 83370 41 83891 41 84413 40 84934 39 85455 38 85976 36 86498 34 87019 33 87540 31 88061 29 88582 26 89103 21 89624 18 90147 11
dd54adb80393de7769b9853c0aa2ee9b240905d0e99c59d4ccd99401f327aa05,315262 7 315780 11 316299 13 316818 15 317337 17 317857 20 318376 22 318896 22 319415 24 319935 24 320455 24 320975 24 321495 24 322015 24 322534 24 323054 24 323574 24 324094 23 324614 23 325134 22 325654 22 326174 21 326694 20 327214 19 327735 17 328255 16 328776 13 329297 10 329820 2
dd54adb80393de7769b9853c0aa2ee9b240905d0e99c59d4ccd99401f327aa05,175803 2 176322 4 176841 5 177360 6 177880 6 178401 4
dd54adb80393de7769b9853c0aa2ee9b240905d0e99c59d4ccd99401f327aa05,241784 5 242302 10 242821 13 243340 15 243859 18 244378 20 244897 22 245417 23 245936 25 246456 25 246976 25 247496 25 248016 25 248536 25 249056 25 249577 24 250097 24 250618 23 251139 22 251660 21 252181 20 252702 19 253224 17 253746 14 254271 6
dd54adb80393de7769b9853c0aa2ee9b240905d0e99c59d4ccd99401f327aa05,272510 5 273027 9 273545 12 274064 13 274581 17 275100 18 275619 19 276135 23 276654 24 277173 25 277693 25 278213 24 278733 24 279253 24 279773 24 280293 23 280812 24 281332 23 281852 23 282372 23 282892 22 283412 22 283933 20 284454 19 284975 17 285495 17 286015 17 286535 16 287056 15 287577 13 288097 13 288617 12 289138 10 289659 8 290180 6 290701 4
dd54adb80393de7769b9853c0aa2ee9b240905d0e99c59d4ccd99401f327aa05,194997 3 195514 7 196033 8 196551 10 197070 11 197589 12 198109 12 198628 13 199147 14 199666 15 200186 15 200705 16 201225 16 201745 16 202264 17 202784 17 203304 17 203824 17 204344 17 204864 17 205384 17 205904 17 206425 16 206945 16 207466 15 207986 15 208507 14 209028 13 209549 12 210070 11 210591 10 211112 9 211634 7 212155 6 212677 4
dd54adb80393de7769b9853c0aa2ee9b240905d0e99c59d4ccd99401f327aa05,184800 7 185318 11 185837 15 186357 16 186876 19 187396 20 187916 22 188436 24 188956 27 189476 29 189996 31 190516 33 191036 35 191556 37 192077 37 192597 38 193118 38 193638 39 194159 39 194680 38 195202 37 195723 36 196245 34 196767 32 197289 30 197812 26 198336 22 198861 16 199383 13
dd54adb80393de7769b9853c0aa2ee9b240905d0e99c59d4ccd99401f327aa05,218085 3 218602 9 219121 16 219640 18 220160 18 220680 18 221199 20 221719 21 222239 22 222759 23 223279 23 223799 24 224319 25 224840 26 225360 27 225880 28 226401 27 226921 28 227441 29 227962 28 228482 29 229003 28 229524 28 230045 27 230566 27 231089 24 231610 24 232131 23 232652 22 233173 21 233694 20 234216 18 234737 17 235258 16 235780 13 236301 11 236823 8 237345 4
dd54adb80393de7769b9853c0aa2ee9b240905d0e99c59d4ccd99401f327aa05,243768 4 244286 8 244805 10 245324 12 245844 13 246363 14 246882 16 247402 16 247922 17 248442 17 248961 19 249480 20 250000 20 250519 21 251039 21 251558 22 252078 22 252597 23 253116 24 253636 24 254156 24 254676 23 255196 23 255716 23 256236 22 256756 22 257275 22 257795 22 258315 22 258835 21 259355 21 259875 21 260395 21 260916 19 261437 18 261957 17 262477 17 262998 16 263518 16 264038 16 264559 14 265080 13 265601 11 266122 9 266643 7 267166 3
dd54adb80393de7769b9853c0aa2ee9b240905d0e99c59d4ccd99401f327aa05,249159 10 249676 16 250194 20 250713 22 251232 24 251751 26 252270 27 252789 28 253308 29 253828 29 254347 30 254867 29 255386 29 255905 30 256425 29 256945 28 257465 27 257985 26 258505 25 259025 24 259546 22 260067 20 260588 18 261109 16 261630 14 262151 12 262673 10 263194 8 263716 5
dd54adb80393de7769b9853c0aa2ee9b240905d0e99c59d4ccd99401f327aa05,335557 5 336075 9 336594 13 337113 15 337633 16 338152 18 338671 20 339191 20 339711 21 340231 22 340751 22 341271 22 341792 21 342312 21 342832 22 343352 22 343873 21 344393 21 344914 20 345435 19 345956 18 346476 18 346997 17 347518 15 348039 14 348561 11 349083 6
dd54adb80393de7769b9853c0aa2ee9b240905d0e99c59d4ccd99401f327aa05,120597 7 121113 16 121625 27 122144 31 122663 34 123182 37 123702 38 124221 41 124740 43 125260 44 125780 45 126300 46 126820 46 127340 47 127860 47 128381 46 128901 46 129422 45 129942 45 130463 44 130984 43 131505 41 132026 39 132548 36 133071 31 133594 26 134119 15
dd54adb80393de7769b9853c0aa2ee9b240905d0e99c59d4ccd99401f327aa05,33506 3 34024 7 34543 9 35062 11 35582 12 36101 14 36621 15 37141 16 37661 17 38181 18 38701 18 39221 19 39741 19 40261 20 40781 20 41301 20 41821 21 42341 21 42861 21 43381 21 43901 21 44421 22 44941 22 45461 22 45981 22 46501 22 47021 22 47541 22 48061 22 48581 22 49102 21 49622 21 50142 21 50662 21 51182 21 51703 19 52223 19 52743 18 53264 5 53271 9 53793 6
dd54adb80393de7769b9853c0aa2ee9b240905d0e99c59d4ccd99401f327aa05,62655 8 63169 15 63688 16 64205 20 64724 21 65242 22 65761 23 66279 24 66798 25 67316 26 67835 27 68352 29 68871 29 69390 29 69909 29 70428 29 70947 29 71466 28 71985 27 72505 25 73024 25 73544 23 74065 20 74585 17 75106 14 75628 9
dd54adb80393de7769b9853c0aa2ee9b240905d0e99c59d4ccd99401f327aa05,44921 2 45438 9 45957 11 46476 14 46996 15 47515 17 48034 19 48554 19 49073 21 49593 21 50112 22 50632 22 51152 22 51671 23 52191 23 52711 23 53231 23 53751 23 54271 23 54790 24 55310 24 55830 24 56350 24 56870 23 57390 23 57910 23 58430 23 58950 22 59470 22 59990 22 60510 21 61030 20 61550 20 62071 19 62591 18 63112 16 63633 14 64153 12 64674 10 65196 6
dd54adb80393de7769b9853c0aa2ee9b240905d0e99c59d4ccd99401f327aa05,87782 4 88298 11 88816 15 89335 18 89854 20 90373 22 90892 25 91412 26 91931 28 92451 29 92970 31 93490 32 94010 33 94530 34 95049 36 95569 37 96089 38 96609 38 97129 39 97649 39 98169 39 98689 39 99210 38 99730 37 100251 35 100771 34 101292 32 101812 31 102333 28 102854 26 103374 24 103895 21 104417 17 104938 13 105461 6
dd54adb80393de7769b9853c0aa2ee9b240905d0e99c59d4ccd99401f327aa05,149725 8 150242 12 150760 15 151277 19 151796 20 152314 23 152833 24 153352 25 153871 27 154390 28 154909 28 155428 29 155947 30 156467 29 156986 30 157506 29 158025 30 158545 29 159065 28 159584 28 160104 27 160624 26 161144 25 161664 23 162184 22 162705 20 163226 17 163747 14 164269 10
dd54adb80393de7769b9853c0aa2ee9b240905d0e99c59d4ccd99401f327aa05,111572 7 112088 12 112607 14 113126 15 113644 18 114162 20 114679 23 115196 26 115714 27 116232 29 116751 30 117271 29 117790 29 118307 32 118820 3 118826 32 119339 39 119859 38 120378 38 120897 38 121416 38 121936 37 122456 36 122975 35 123495 34 124014 33 124533 33 125053 32 125573 30 126093 29 126613 27 127134 24 127655 21 128177 15 128701 6
dd54adb80393de7769b9853c0aa2ee9b240905d0e99c59d4ccd99401f327aa05,34624 9 35142 12 35661 14 36180 15 36699 17 37218 18 37737 19 38257 19 38776 20 39296 20 39815 21 40335 21 40854 22 41374 21 41894 21 42414 21 42933 22 43453 21 43973 21 44493 21 45013 20 45533 20 46053 20 46573 20 47093 19 47613 19 48133 19 48653 19 49173 19 49693 19 50213 19 50733 19 51252 20 51772 20 52292 20 52812 20 53332 20 53853 18 54373 18 54893 18 55413 17 55934 15 56454 15 56975 13 57496 11 58017 9 58538 6
dd54adb80393de7769b9853c0aa2ee9b240905d0e99c59d4ccd99401f327aa05,18186 7 18702 14 19220 18 19739 21 20258 23 20777 24 21296 25 21816 25 22336 25 22856 25 23376 25 23896 25 24416 25 24936 25 25456 25 25976 25 26497 24 27017 24 27538 23 28059 22 28579 22 29100 21 29621 20 30142 19 30662 19 31183 18 31704 17 32224 17 32745 16 33266 15 33787 14 34308 13 34829 12 35351 8
dd54adb80393de7769b9853c0aa2ee9b240905d0e99c59d4ccd99401f327aa05,57605 7 58124 9 58643 13 59163 15 59682 17 60202 17 60722 18 61242 19 61762 21 62282 22 62802 23 63322 24 63842 24 64363 24 64883 25 65403 25 65923 26 66444 25 66964 26 67484 26 68004 26 68525 25 69045 25 69565 24 70086 23 70606 23 71126 22 71647 20 72167 19 72688 18 73208 17 73729 15 74250 13 74771 7 74781 1 75292 5
dd54adb80393de7769b9853c0aa2ee9b240905d0e99c59d4ccd99401f327aa05,310032 8 310549 14 311067 18 311089 5 311586 29 312106 29 312625 31 313145 31 313665 31 314185 31 314705 31 315225 30 315745 30 316265 29 316785 29 317305 28 317825 28 318345 27 318866 25 319386 24 319906 22 320426 18 320947 14 321467 12 321988 9 322510 6 323031 4
dd54adb80393de7769b9853c0aa2ee9b240905d0e99c59d4ccd99401f327aa05,198407 4 198919 14 199437 17 199954 21 200473 23 200993 24 201512 26 202032 26 202552 27 203072 28 203593 28 204113 28 204633 29 205153 29 205674 29 206194 29 206713 30 207233 30 207753 31 208273 31 208794 30 209314 30 209835 29 210355 29 210876 28 211397 27 211918 26 212439 25 212960 23 213481 22 214002 21 214523 20 215045 18 215567 15 216089 12 216612 8
dd54adb80393de7769b9853c0aa2ee9b240905d0e99c59d4ccd99401f327aa05,216387 10 216904 17 217422 21 217940 24 218459 27 218979 29 219498 31 220018 32 220537 34 221057 35 221576 37 222096 38 222616 39 223136 39 223656 40 224176 41 224696 41 225216 42 225737 42 226257 42 226777 43 227297 43 227818 43 228339 42 228861 40 229382 40 229902 40 230422 40 230942 40 231463 39 231985 37 232506 35 233027 34 233549 32 234070 30 234591 28 235113 25 235636 21 236160 16 236685 8
dd54adb80393de7769b9853c0aa2ee9b240905d0e99c59d4ccd99401f327aa05,236387 6 236904 11 237422 14 237941 16 238459 19 238978 20 239497 22 240016 23 240535 24 241055 24 241574 26 242094 26 242613 27 243133 27 243654 27 244174 27 244693 28 245213 27 245733 27 246253 27 246773 27 247293 27 247813 27 248333 26 248853 26 249374 25 249894 24 250414 24 250934 23 251454 23 251975 21 252495 21 253016 19 253536 19 254057 17 254578 14 255099 12 255621 9 256145 2
dd54adb80393de7769b9853c0aa2ee9b240905d0e99c59d4ccd99401f327aa05,94774 2 95293 4 95810 8 96329 10 96848 12 97367 14 97878 24 98397 26 98916 28 99435 29 99955 29 100475 29 100995 29 101515 28 102034 29 102554 28 103074 27 103594 26 104114 24 104635 22 105155 22 105676 17 106196 16 106716 15 107237 13 107758 11 108279 9 108801 5
dd54adb80393de7769b9853c0aa2ee9b240905d0e99c59d4ccd99401f327aa05,37396 8 37914 12 38433 16 38953 19 39473 24 39992 28 40512 34 41032 36 41553 38 42073 39 42593 40 43114 43 43634 45 44154 47 44675 46 45196 45 45717 44 46238 43 46759 42 47280 41 47801 40 48323 38 48844 37 49365 36 49887 34 50409 32 50933 28 51454 27 51975 26 52496 25 53019 22 53540 21 54063 18 54586 15 55109 12 55634 7
dd54adb80393de7769b9853c0aa2ee9b240905d0e99c59d4ccd99401f327aa05,66386 5 66905 7 67424 9 67943 11 68462 12 68982 13 69502 13 70022 13 70542 14 71062 14 71582 14 72102 14 72621 16 73141 16 73661 16 74181 16 74701 17 75221 17 75741 17 76261 18 76781 18 77301 18 77821 18 78341 18 78861 18 79381 19 79901 19 80421 19 80941 19 81461 19 81981 19 82502 18 83022 18 83543 17 84063 17 84583 17 85104 16 85624 16 86145 14 86667 12 87189 9 87710 7 88232 3
dd54adb80393de7769b9853c0aa2ee9b240905d0e99c59d4ccd99401f327aa05,28735 13 29253 16 29771 19 30290 21 30809 23 31328 24 31848 24 32367 25 32887 25 33407 25 33926 26 34446 26 34966 26 35485 27 36005 27 36525 27 37044 28 37564 27 38084 27 38604 27 39124 26 39645 23 40165 21 40686 18 41207 15 41734 6 42257 2
dd54adb80393de7769b9853c0aa2ee9b240905d0e99c59d4ccd99401f327aa05,4559 4 5076 11 5595 14 6114 17 6634 19 7153 23 7673 24 8193 26 8714 26 9234 27 9754 28 10275 28 10795 29 11316 29 11837 29 12358 29 12879 29 13400 28 13921 28 14442 27 14963 26 15485 25 16007 23 16528 21 17049 20 17571 17 18096 12 18617 10 19138 8
dd54adb80393de7769b9853c0aa2ee9b240905d0e99c59d4ccd99401f327aa05,66931 6 67449 10 67967 13 68486 15 69005 17 69525 18 70044 19 70564 20 71084 21 71604 21 72124 22 72644 22 73164 23 73684 23 74204 23 74724 24 75244 24 75764 24 76284 24 76804 25 77324 25 77844 25 78364 25 78885 25 79405 25 79925 25 80445 26 80965 26 81486 25 82006 25 82526 25 83047 24 83567 24 84088 23 84608 23 85129 22 85650 21 86170 21 86691 19 87212 18 87732 17 88253 16 88775 13 89296 11 89818 8 90340 5
dd54adb80393de7769b9853c0aa2ee9b240905d0e99c59d4ccd99401f327aa05,324551 7 324560 3 325071 13 325590 14 326109 15 326628 17 327146 19 327663 22 328181 24 328700 25 329218 26 329737 27 330256 27 330774 29 331293 29 331813 29 332333 28 332853 27 333373 24 333894 19 334415 16 334935 14 335456 11
dd54adb80393de7769b9853c0aa2ee9b240905d0e99c59d4ccd99401f327aa05,314145 4 314662 8 315181 9 315700 11 316219 13 316738 13 317258 12 317777 13 318296 14 318815 15 319334 16 319853 17 320373 17 320892 18 321412 18 321931 19 322450 20 322969 21 323489 21 324008 23 324528 23 325047 24 325566 24 326086 23 326605 23 327125 21 327645 18 328165 16 328685 15 329206 12 329727 10 330248 8 330773 1
dd54adb80393de7769b9853c0aa2ee9b240905d0e99c59d4ccd99401f327aa05,252627 7 253140 14 253660 14 254180 14 254699 15 255219 15 255739 16 256258 18 256778 18 257297 20 257817 20 258337 20 258856 21 259376 21 259896 20 260416 19 260937 17 261458 15 261979 13 262499 12 263019 11 263540 9 264060 7 264581 5
dd54adb80393de7769b9853c0aa2ee9b240905d0e99c59d4ccd99401f327aa05,217221 10 217739 14 218257 18 218776 20 219295 22 219814 24 220334 25 220853 27 221373 27 221893 28 222413 28 222933 29 223453 29 223973 30 224493 30 225014 29 225534 29 226054 29 226575 27 227095 27 227616 25 228137 23 228658 21 229180 18 229702 13 230225 7
dd54adb80393de7769b9853c0aa2ee9b240905d0e99c59d4ccd99401f327aa05,4348 9 4865 14 5383 17 5900 21 6419 22 6937 25 7455 27 7973 29 8491 31 9010 32 9529 33 10047 34 10566 35 11085 35 11604 36 12124 35 12643 36 13162 36 13682 35 14201 35 14720 35 15240 34 15759 34 16279 33 16799 32 17319 30 17839 29 18359 27 18880 25 19400 22 19921 19 20442 16 20963 12
dd54adb80393de7769b9853c0aa2ee9b240905d0e99c59d4ccd99401f327aa05,136891 6 137409 10 137928 13 138447 16 138965 19 139484 21 140003 23 140522 24 141042 25 141561 26 142081 26 142601 27 143121 27 143641 28 144162 28 144682 28 145202 28 145723 26 146244 25 146765 24 147286 22 147807 21 148328 19 148850 16 149374 10 149896 7 150419 3
dd54adb80393de7769b9853c0aa2ee9b240905d0e99c59d4ccd99401f327aa05,315968 3 316487 13 317003 19 317521 23 318039 26 318555 32 319074 34 319594 38 320114 39 320635 39 321155 40 321675 40 322195 40 322715 40 323235 39 323756 38 324278 36 324799 34 325320 32 325843 29 326364 27 326887 20 327408 15 327931 9 328452 6
dd54adb80393de7769b9853c0aa2ee9b240905d0e99c59d4ccd99401f327aa05,354827 11 355344 17 355863 20 356383 21 356903 23 357422 26 357942 27 358462 28 358981 30 359501 31 360021 32 360541 33 361062 33 361583 32
