ddf1bf458312de2895dd9cc5ce7ec9d334ad54c35edc96ad6001d20b1d8588d8,45217 3 45472 7 45728 8 45984 8 46240 8 46496 8 46752 8 47008 7 47265 5
ddf1bf458312de2895dd9cc5ce7ec9d334ad54c35edc96ad6001d20b1d8588d8,56480 3 56735 4 56990 5 57246 5 57502 5 57758 5 58014 5 58270 5 58526 5
ddf1bf458312de2895dd9cc5ce7ec9d334ad54c35edc96ad6001d20b1d8588d8,47783 3 47787 3 48038 9 48294 9 48550 9 48806 9 49062 9 49319 7 49576 5
ddf1bf458312de2895dd9cc5ce7ec9d334ad54c35edc96ad6001d20b1d8588d8,11 15 267 15 523 15 779 15 1035 15 1292 14 1548 14 1804 14 2060 14 2317 13 2574 11 2832 6
ddf1bf458312de2895dd9cc5ce7ec9d334ad54c35edc96ad6001d20b1d8588d8,56565 4 56819 8 57074 10 57330 10 57586 10 57842 10 58098 10 58354 9 58611 7
ddf1bf458312de2895dd9cc5ce7ec9d334ad54c35edc96ad6001d20b1d8588d8,54485 5 54740 8 54995 10 55252 10 55509 9 55765 9 56021 9 56277 8 56533 8 56789 7 57045 6
ddf1bf458312de2895dd9cc5ce7ec9d334ad54c35edc96ad6001d20b1d8588d8,32258 4 32513 6 32769 6 33025 6 33281 6 33537 5 33793 5 34049 5 34305 5 34561 5 34818 3
ddf1bf458312de2895dd9cc5ce7ec9d334ad54c35edc96ad6001d20b1d8588d8,33766 3 34020 8 34275 9 34531 9 34787 9 35043 9 35300 8 35557 6 35814 5
ddf1bf458312de2895dd9cc5ce7ec9d334ad54c35edc96ad6001d20b1d8588d8,53755 3 54004 11 54259 12 54515 11 54771 10 55027 10 55284 9 55541 8
ddf1bf458312de2895dd9cc5ce7ec9d334ad54c35edc96ad6001d20b1d8588d8,37349 3 37605 5 37860 6 38115 7 38371 7 38628 6 38885 5 39142 4
ddf1bf458312de2895dd9cc5ce7ec9d334ad54c35edc96ad6001d20b1d8588d8,33772 8 34028 9 34284 10 34540 10 34796 10 35052 10 35308 11 35566 8 35823 7 36082 2
ddf1bf458312de2895dd9cc5ce7ec9d334ad54c35edc96ad6001d20b1d8588d8,63624 10 63879 12 64134 14 64390 15 64645 16 64901 16 65158 14 65414 14
ddf1bf458312de2895dd9cc5ce7ec9d334ad54c35edc96ad6001d20b1d8588d8,24794 8 25050 8 25305 9 25562 8 25817 9 26073 9 26329 9 26585 9 26842 8 27100 1
ddf1bf458312de2895dd9cc5ce7ec9d334ad54c35edc96ad6001d20b1d8588d8,43726 3 43981 5 44237 6 44492 8 44748 8 45004 8 45260 8 45516 8 45772 8 46029 6
ddf1bf458312de2895dd9cc5ce7ec9d334ad54c35edc96ad6001d20b1d8588d8,52881 1 53136 3 53144 3 53392 11 53648 11 53904 11 54160 11 54416 11 54672 11 54929 10 55186 8 55444 5
ddf1bf458312de2895dd9cc5ce7ec9d334ad54c35edc96ad6001d20b1d8588d8,54016 1 54271 2 54526 3 54781 4 55037 4 55293 4 55549 4 55805 4 56061 4 56318 3 56575 2
ddf1bf458312de2895dd9cc5ce7ec9d334ad54c35edc96ad6001d20b1d8588d8,42717 5 42972 7 43228 7 43484 8 43740 8 43996 8 44252 8 44508 7 44765 5
ddf1bf458312de2895dd9cc5ce7ec9d334ad54c35edc96ad6001d20b1d8588d8,31234 2 31489 3 31745 5 32001 6 32262 2 32519 1 32775 1 33031 1
ddf1bf458312de2895dd9cc5ce7ec9d334ad54c35edc96ad6001d20b1d8588d8,48047 3 48303 4 48559 4 48815 4 49071 4 49326 4 49581 5 49836 6 50093 4
ddf1bf458312de2895dd9cc5ce7ec9d334ad54c35edc96ad6001d20b1d8588d8,33454 1 33708 5 33963 7 34218 8 34473 9 34729 10 34985 10 35241 9 35497 9 35753 8 36009 8 36265 7 36522 5 36780 1
ddf1bf458312de2895dd9cc5ce7ec9d334ad54c35edc96ad6001d20b1d8588d8,38134 4 38387 9 38642 11 38897 12 39153 12 39408 13 39664 13 39920 12 40176 11 40432 11 40688 10 40945 8 41203 5
ddf1bf458312de2895dd9cc5ce7ec9d334ad54c35edc96ad6001d20b1d8588d8,61971 2 62224 6 62478 9 62733 10 62988 12 63244 12 63500 12 63756 10 64012 9 64268 8 64525 4
ddf1bf458312de2895dd9cc5ce7ec9d334ad54c35edc96ad6001d20b1d8588d8,43207 4 43462 6 43717 8 43973 8 44229 8 44485 7 44741 7 44997 7 45253 7 45510 6 45767 4
ddf1bf458312de2895dd9cc5ce7ec9d334ad54c35edc96ad6001d20b1d8588d8,49820 4 50075 6 50330 8 50586 8 50842 8 51099 7 51355 7 51611 7 51867 7 52123 6 52380 4
ddf1bf458312de2895dd9cc5ce7ec9d334ad54c35edc96ad6001d20b1d8588d8,46554 7 46809 9 47065 10 47321 10 47577 10 47833 10 48089 10 48345 10 48602 8
ddf1bf458312de2895dd9cc5ce7ec9d334ad54c35edc96ad6001d20b1d8588d8,43748 3 44004 6 44260 7 44515 8 44770 9 45024 11 45280 5 45286 5 45536 11 45792 11 46048 11 46305 10 46562 9 46818 8 47075 6
ddf1bf458312de2895dd9cc5ce7ec9d334ad54c35edc96ad6001d20b1d8588d8,3080 3 3334 6 3587 1 3589 8 3842 2 3845 8 4098 1 4101 8 4354 2 4357 8 4609 3 4613 7 4865 3 4869 7 5121 13 5377 13 5633 12 5890 11 6148 8 6406 3
ddf1bf458312de2895dd9cc5ce7ec9d334ad54c35edc96ad6001d20b1d8588d8,50320 7 50575 10 50831 11 51087 12 51343 12 51599 12 51855 12 52112 11 52368 11 52625 10 52882 8 53139 5
ddf1bf458312de2895dd9cc5ce7ec9d334ad54c35edc96ad6001d20b1d8588d8,54733 4 54988 6 55241 11 55495 14 55750 15 56006 15 56262 15 56518 15 56774 15 57031 14 57289 11 57546 9
ddf1bf458312de2895dd9cc5ce7ec9d334ad54c35edc96ad6001d20b1d8588d8,51678 6 51933 8 52188 9 52444 10 52700 10 52956 11 53212 12 53468 12 53724 12 53981 11 54238 9
