df33b11184427e05c8a450f921586685975fe975f57315e686a0f26fddb93db1,18498 3 18753 5 19007 8 19259 12 19514 13 19770 13 20026 13 20282 13 20538 13 20794 13 21050 12 21306 7 21563 4
df33b11184427e05c8a450f921586685975fe975f57315e686a0f26fddb93db1,40551 3 40806 5 41061 6 41312 11 41567 12 41823 11 42079 10 42336 9 42593 8 42851 6 43108 5 43364 5 43621 3
df33b11184427e05c8a450f921586685975fe975f57315e686a0f26fddb93db1,38728 10 38983 12 39237 15 39492 16 39748 16 40003 17 40259 17 40515 17 40771 17 41027 17 41284 16 41540 15 41797 13 42054 10 42312 6
df33b11184427e05c8a450f921586685975fe975f57315e686a0f26fddb93db1,14955 6 15210 8 15464 12 15719 14 15973 17 16228 18 16484 18 16740 19 16996 19 17252 19 17508 19 17764 19 18020 19 18276 19 18533 18 18789 17 19045 17 19302 15 19559 13 19817 11 20076 7 20333 5
df33b11184427e05c8a450f921586685975fe975f57315e686a0f26fddb93db1,32169 4 32424 6 32680 8 32936 9 33192 10 33448 10 33704 10 33960 10 34216 9 34473 7 34730 5 34987 3
df33b11184427e05c8a450f921586685975fe975f57315e686a0f26fddb93db1,41390 4 41645 6 41900 9 42155 11 42410 12 42666 12 42922 12 43178 11 43434 9 43691 6
df33b11184427e05c8a450f921586685975fe975f57315e686a0f26fddb93db1,39878 7 40133 9 40388 10 40644 10 40900 10 41156 10 41412 10 41668 10 41925 8 42185 3
df33b11184427e05c8a450f921586685975fe975f57315e686a0f26fddb93db1,63766 3 64021 5 64277 5 64533 5 64790 3
df33b11184427e05c8a450f921586685975fe975f57315e686a0f26fddb93db1,61717 3 61972 5 62228 5 62484 6 62740 6 62996 6 63253 4
df33b11184427e05c8a450f921586685975fe975f57315e686a0f26fddb93db1,51864 5 52119 7 52375 8 52631 8 52887 9 53143 10 53399 10 53656 9 53913 8 54169 8 54425 8 54681 8 54937 8 55194 7 55451 5
df33b11184427e05c8a450f921586685975fe975f57315e686a0f26fddb93db1,50264 8 50519 10 50774 12 51030 12 51286 13 51542 13 51798 13 52054 13 52310 13 52566 13 52823 12 53079 12 53335 12 53592 10 53850 4
df33b11184427e05c8a450f921586685975fe975f57315e686a0f26fddb93db1,9750 6 10004 9 10258 12 10513 13 10769 13 11025 13 11281 12 11537 12 11793 12 12049 11 12305 11 12562 10 12824 3
df33b11184427e05c8a450f921586685975fe975f57315e686a0f26fddb93db1,61534 7 61789 11 62044 13 62300 14 62556 14 62812 14 63068 14 63324 13 63581 11 63838 8 64095 6 64353 3
df33b11184427e05c8a450f921586685975fe975f57315e686a0f26fddb93db1,33158 6 33413 10 33668 12 33924 13 34180 13 34436 14 34691 16 34947 17 35203 17 35459 16 35715 16 35972 13 36228 12 36484 11 36741 9 36998 7 37255 5 37514 2
df33b11184427e05c8a450f921586685975fe975f57315e686a0f26fddb93db1,40305 6 40560 8 40816 9 41072 9 41328 10 41584 10 41840 10 42096 10 42352 10 42609 9 42866 7 43123 4
df33b11184427e05c8a450f921586685975fe975f57315e686a0f26fddb93db1,41691 3 41946 5 42202 5 42458 5 42715 3
df33b11184427e05c8a450f921586685975fe975f57315e686a0f26fddb93db1,52369 5 52623 8 52878 9 53133 10 53389 10 53645 11 53901 12 54157 12 54413 12 54670 11 54927 10 55183 9 55440 8 55697 6 55954 4
df33b11184427e05c8a450f921586685975fe975f57315e686a0f26fddb93db1,51969 4 52225 5 52481 5 52737 5 52993 5 53249 5 53505 4 53761 4 54017 3 54273 3 54529 3 54785 3 55041 3 55297 3 55553 2
df33b11184427e05c8a450f921586685975fe975f57315e686a0f26fddb93db1,21414 3 21669 5 21925 5 22181 5 22438 3
df33b11184427e05c8a450f921586685975fe975f57315e686a0f26fddb93db1,49019 5 49274 7 49530 7 49786 7 50043 5 50300 3
df33b11184427e05c8a450f921586685975fe975f57315e686a0f26fddb93db1,47224 2 47477 6 47732 8 47987 9 48243 8 48500 7 48757 6 49015 3
df33b11184427e05c8a450f921586685975fe975f57315e686a0f26fddb93db1,49147 5 49402 7 49656 9 49911 10 50166 11 50421 12 50677 12 50933 12 51190 11 51446 11 51702 11 51959 10 52216 9 52473 8 52733 4
df33b11184427e05c8a450f921586685975fe975f57315e686a0f26fddb93db1,21774 6 22028 9 22282 13 22537 15 22793 16 23049 16 23304 18 23560 18 23816 18 24072 18 24328 18 24585 17 24841 17 25097 17 25353 16 25610 15 25867 13 26123 12 26380 10 26638 6
df33b11184427e05c8a450f921586685975fe975f57315e686a0f26fddb93db1,59162 3 59417 5 59673 5 59929 5 60186 3
df33b11184427e05c8a450f921586685975fe975f57315e686a0f26fddb93db1,48674 9 48926 14 49181 16 49437 17 49693 17 49949 17 50204 18 50460 18 50716 18 50973 17 51229 17 51485 17 51741 17 51997 17 52253 17 52510 15 52766 15 53023 13 53281 10
df33b11184427e05c8a450f921586685975fe975f57315e686a0f26fddb93db1,1658 3 1912 7 2166 11 2421 13 2677 14 2933 15 3188 17 3444 17 3700 17 3956 18 4213 17 4469 17 4726 16 4982 16 5239 15 5497 12 5756 8 6017 2
df33b11184427e05c8a450f921586685975fe975f57315e686a0f26fddb93db1,37046 6 37300 9 37555 11 37810 12 38066 12 38322 12 38578 12 38834 12 39091 11 39348 9 39604 9 39861 7
df33b11184427e05c8a450f921586685975fe975f57315e686a0f26fddb93db1,22174 5 22428 9 22683 11 22938 13 23193 14 23448 16 23703 17 23959 17 24215 17 24471 17 24727 17 24983 17 25239 17 25496 16 25753 14 26010 13 26268 10 26526 7
df33b11184427e05c8a450f921586685975fe975f57315e686a0f26fddb93db1,19370 5 19625 7 19881 7 20137 7 20393 7 20649 6 20905 6 21161 6 21418 5 21675 3
df33b11184427e05c8a450f921586685975fe975f57315e686a0f26fddb93db1,23151 4 23406 6 23659 9 23914 10 24170 11 24426 11 24683 10 24940 9 25197 7
df33b11184427e05c8a450f921586685975fe975f57315e686a0f26fddb93db1,30564 4 30818 7 31073 9 31328 11 31584 12 31840 12 32096 12 32352 12 32607 13 32863 13 33119 13 33375 13 33631 12 33887 12 34143 11 34400 10 34657 8
df33b11184427e05c8a450f921586685975fe975f57315e686a0f26fddb93db1,59696 5 59951 7 60206 8 60461 9 60717 9 60972 10 61228 10 61483 11 61738 12 61993 12 62249 12 62505 9 62760 9 63016 8 63272 7 63528 6 63785 4
df33b11184427e05c8a450f921586685975fe975f57315e686a0f26fddb93db1,18308 3 18563 9 18819 10 19075 11 19332 11 19589 10 19845 10 20102 9 20362 5 20619 3
df33b11184427e05c8a450f921586685975fe975f57315e686a0f26fddb93db1,12853 7 13107 10 13362 12 13617 14 13873 14 14129 15 14385 15 14640 16 14896 16 15151 17 15407 16 15663 16 15919 15 16176 13 16432 12 16689 10 16946 8
df33b11184427e05c8a450f921586685975fe975f57315e686a0f26fddb93db1,56317 4 56572 5 56827 6 57083 6 57339 6 57596 5 57854 3
df33b11184427e05c8a450f921586685975fe975f57315e686a0f26fddb93db1,24203 3 24458 7 24714 9 24970 10 25226 10 25483 9 25740 7 25997 5 26254 3
df33b11184427e05c8a450f921586685975fe975f57315e686a0f26fddb93db1,48861 4 49116 6 49371 7 49626 9 49881 10 50137 9 50393 8 50650 2
df33b11184427e05c8a450f921586685975fe975f57315e686a0f26fddb93db1,64315 5 64569 8 64824 9 65080 9 65336 8
df33b11184427e05c8a450f921586685975fe975f57315e686a0f26fddb93db1,63868 7 64122 12 64376 15 64631 16 64886 18 65142 18 65398 18
df33b11184427e05c8a450f921586685975fe975f57315e686a0f26fddb93db1,35985 4 36240 7 36495 9 36750 11 37005 13 37260 14 37516 15 37772 15 38028 15 38284 15 38541 14 38797 13 39054 11 39311 9
df33b11184427e05c8a450f921586685975fe975f57315e686a0f26fddb93db1,30941 7 31196 9 31451 12 31706 14 31962 16 32218 17 32474 18 32730 18 32986 18 33242 18 33498 18 33755 16 34011 15 34268 13 34526 10 34783 7
df33b11184427e05c8a450f921586685975fe975f57315e686a0f26fddb93db1,11161 3 11416 5 11672 5 11927 6 12181 8 12436 8 12692 8 12948 7 13205 5
df33b11184427e05c8a450f921586685975fe975f57315e686a0f26fddb93db1,62514 5 62769 7 63024 9 63279 12 63534 14 63789 15 64044 16 64300 15 64556 7 64812 6 65068 6 65325 4
df33b11184427e05c8a450f921586685975fe975f57315e686a0f26fddb93db1,2833 5 3087 8 3342 9 3597 10 3852 11 4107 12 4362 13 4618 13 4874 13 5130 13 5385 13 5641 12 5897 11 6153 11 6409 10 6665 8 6922 5
df33b11184427e05c8a450f921586685975fe975f57315e686a0f26fddb93db1,40434 8 40689 10 40944 12 41199 13 41455 13 41711 13 41967 14 42223 14 42479 14 42735 13 42992 11 43249 9 43506 7
df33b11184427e05c8a450f921586685975fe975f57315e686a0f26fddb93db1,27326 10 27581 12 27837 14 28093 15 28349 16 28605 16 28861 16 29117 16 29373 16 29629 16 29885 16 30141 16 30397 16 30654 14 30910 13 31167 11 31424 9 31681 5
df33b11184427e05c8a450f921586685975fe975f57315e686a0f26fddb93db1,58508 2 58763 4 59018 5 59267 11 59522 9 59778 8 60035 5
