df53d0b6c2c4e45d759b2c474011e2b2b32552cd100ca4b22388ab9ca1750ee2,69 13 329 14 588 15 848 15 1109 14 1370 12 1630 12 1891 10 2151 9
df53d0b6c2c4e45d759b2c474011e2b2b32552cd100ca4b22388ab9ca1750ee2,64576 3 64836 4 65096 4 65355 5 65614 6 65873 7 66133 6 66393 6 66653 6 66914 4
df53d0b6c2c4e45d759b2c474011e2b2b32552cd100ca4b22388ab9ca1750ee2,33054 6 33313 10 33571 13 33830 15 34089 16 34348 17 34607 18 34867 18 35126 19 35386 18 35645 18 35905 17 36165 16 36426 15 36689 11 36950 10 37213 6
df53d0b6c2c4e45d759b2c474011e2b2b32552cd100ca4b22388ab9ca1750ee2,87252 5 87511 7 87770 8 88029 9 88288 11 88548 11 88807 12 89067 12 89327 12 89586 13 89846 13 90106 13
df53d0b6c2c4e45d759b2c474011e2b2b32552cd100ca4b22388ab9ca1750ee2,41389 3 41648 6 41908 7 42168 8 42428 9 42688 9 42948 9 43208 9 43468 9 43729 8 43990 6
df53d0b6c2c4e45d759b2c474011e2b2b32552cd100ca4b22388ab9ca1750ee2,79041 2 79301 3 79561 4 79821 4 80081 5 80341 5 80601 5 80861 5 81121 5 81381 5 81641 4 81901 4 82161 3 82421 2
df53d0b6c2c4e45d759b2c474011e2b2b32552cd100ca4b22388ab9ca1750ee2,77082 4 77341 6 77599 9 77857 12 78115 14 78374 16 78634 16 78894 16 79154 16 79414 16 79674 16 79935 15 80195 14 80456 10
df53d0b6c2c4e45d759b2c474011e2b2b32552cd100ca4b22388ab9ca1750ee2,57555 5 57814 7 58074 8 58333 9 58593 10 58853 11 59113 11 59373 11 59634 10 59895 8 60156 6
df53d0b6c2c4e45d759b2c474011e2b2b32552cd100ca4b22388ab9ca1750ee2,33901 5 34159 8 34418 9 34677 10 34936 11 35196 11 35456 10 35715 11 35975 10 36235 10 36495 10 36754 10 37014 9 37274 9 37534 8 37794 7 38054 6 38315 4
df53d0b6c2c4e45d759b2c474011e2b2b32552cd100ca4b22388ab9ca1750ee2,33858 4 34117 6 34376 7 34635 8 34894 9 35153 10 35413 10 35673 10 35933 10 36193 10 36453 10 36714 8 36976 5
df53d0b6c2c4e45d759b2c474011e2b2b32552cd100ca4b22388ab9ca1750ee2,476 8 735 10 995 11 1255 11 1516 10 1777 9 2038 7
df53d0b6c2c4e45d759b2c474011e2b2b32552cd100ca4b22388ab9ca1750ee2,17083 4 17341 7 17601 8 17861 8 18122 7 18383 5 18645 2
df53d0b6c2c4e45d759b2c474011e2b2b32552cd100ca4b22388ab9ca1750ee2,47705 6 47965 7 48225 7 48485 7 48746 5
df53d0b6c2c4e45d759b2c474011e2b2b32552cd100ca4b22388ab9ca1750ee2,15853 3 16112 5 16372 5 16632 5 16892 5 17155 1
df53d0b6c2c4e45d759b2c474011e2b2b32552cd100ca4b22388ab9ca1750ee2,60219 8 60478 12 60738 14 60998 15 61258 15 61519 15 61781 13 62042 12 62303 11 62565 9 62827 6
df53d0b6c2c4e45d759b2c474011e2b2b32552cd100ca4b22388ab9ca1750ee2,38770 2 39027 5 39286 6 39545 6 39806 4
df53d0b6c2c4e45d759b2c474011e2b2b32552cd100ca4b22388ab9ca1750ee2,19173 2 19432 4 19691 5 19951 5 20209 7 20469 7 20728 8 20988 8 21248 8 21508 8 21768 9 22028 11 22289 11 22549 12 22809 12 23070 11 23330 11 23590 12 23850 12 24110 12 24371 11 24631 11 24892 10 25152 10 25413 8 25676 4
df53d0b6c2c4e45d759b2c474011e2b2b32552cd100ca4b22388ab9ca1750ee2,53237 7 53496 9 53755 11 54014 12 54273 14 54533 14 54792 15 55052 15 55311 16 55571 16 55831 16 56091 16 56351 15 56611 15 56871 14 57131 13 57392 10
df53d0b6c2c4e45d759b2c474011e2b2b32552cd100ca4b22388ab9ca1750ee2,42540 5 42798 8 43057 10 43316 13 43575 15 43835 15 44095 16 44354 17 44614 17 44874 17 45134 17 45394 17 45654 17 45914 17 46174 17 46434 16 46695 14 46956 12 47217 10 47478 7
df53d0b6c2c4e45d759b2c474011e2b2b32552cd100ca4b22388ab9ca1750ee2,66735 6 66994 8 67254 9 67514 9 67773 10 68033 10 68293 9 68553 9 68813 8 69073 8 69333 7 69593 7 69853 6 70114 5 70375 4 70636 2
df53d0b6c2c4e45d759b2c474011e2b2b32552cd100ca4b22388ab9ca1750ee2,77823 6 78082 11 78342 12 78602 13 78862 13 79122 13 79382 13 79642 12 79902 10 80163 8 80424 6 80685 3
df53d0b6c2c4e45d759b2c474011e2b2b32552cd100ca4b22388ab9ca1750ee2,48598 7 48857 10 49116 12 49375 13 49634 15 49894 16 50154 16 50413 17 50673 18 50933 18 51194 17 51454 17 51714 17 51974 17 52234 17 52495 16 52756 15 53016 15 53277 14 53538 13 53799 11 54060 9 54321 6
df53d0b6c2c4e45d759b2c474011e2b2b32552cd100ca4b22388ab9ca1750ee2,27381 5 27640 7 27899 8 28158 10 28418 10 28679 9 28939 10 29199 10 29459 10 29719 10 29979 10 30239 10 30500 9 30760 9 31020 8 31281 7 31541 7 31802 5
df53d0b6c2c4e45d759b2c474011e2b2b32552cd100ca4b22388ab9ca1750ee2,4161 3 4421 4 4681 5 4941 6 5201 7 5461 7 5721 8 5981 8 6241 8 6501 8 6761 7 7021 6 7281 6 7541 5 7801 4 8061 3
df53d0b6c2c4e45d759b2c474011e2b2b32552cd100ca4b22388ab9ca1750ee2,62033 6 62291 9 62549 13 62808 15 63068 17 63328 18 63588 18 63848 18 64109 16 64372 12
df53d0b6c2c4e45d759b2c474011e2b2b32552cd100ca4b22388ab9ca1750ee2,82265 7 82524 9 82783 11 83042 12 83301 13 83561 13 83820 14 84080 14 84340 14 84600 14 84860 14 85120 14 85380 13 85641 10 85902 7
df53d0b6c2c4e45d759b2c474011e2b2b32552cd100ca4b22388ab9ca1750ee2,70385 5 70642 10 70901 12 71160 14 71419 16 71678 17 71938 18 72197 19 72457 18 72716 19 72976 18 73236 17 73496 16 73756 14 74016 12 74277 10 74538 6
df53d0b6c2c4e45d759b2c474011e2b2b32552cd100ca4b22388ab9ca1750ee2,26756 2 27013 7 27272 9 27530 11 27788 14 28047 15 28306 16 28566 16 28825 17 29084 18 29344 18 29604 18 29864 17 30124 16 30384 15 30644 13 30904 12 31164 10 31424 9 31685 5
df53d0b6c2c4e45d759b2c474011e2b2b32552cd100ca4b22388ab9ca1750ee2,70769 4 71027 7 71285 10 71544 11 71804 12 72064 12 72323 14 72583 14 72843 14 73103 14 73363 15 73623 15 73883 15 74143 16 74403 16 74663 16 74923 16 75184 15 75444 15 75704 15 75965 13 76226 12 76486 11 76747 9 77010 5
df53d0b6c2c4e45d759b2c474011e2b2b32552cd100ca4b22388ab9ca1750ee2,31530 2 31787 6 32046 8 32306 7 32566 7 32827 5
df53d0b6c2c4e45d759b2c474011e2b2b32552cd100ca4b22388ab9ca1750ee2,14785 4 15043 8 15302 10 15561 12 15821 13 16080 14 16340 15 16600 16 16860 16 17120 15 17380 15 17641 13 17902 12 18162 12 18422 12 18683 11 18943 11 19203 11 19464 10
df53d0b6c2c4e45d759b2c474011e2b2b32552cd100ca4b22388ab9ca1750ee2,37609 6 37868 8 38128 11 38387 13 38646 15 38906 16 39165 17 39425 18 39685 18 39945 18 40206 18 40466 18 40727 17 40987 16 41248 15 41509 13 41770 12 42031 10 42295 2
df53d0b6c2c4e45d759b2c474011e2b2b32552cd100ca4b22388ab9ca1750ee2,78502 9 78760 13 79019 15 79278 16 79537 17 79797 18 80056 19 80316 19 80576 19 80836 19 81096 19 81356 18 81616 18 81876 18 82137 16 82397 15 82658 13 82919 10 83183 2
df53d0b6c2c4e45d759b2c474011e2b2b32552cd100ca4b22388ab9ca1750ee2,56550 7 56808 13 57067 15 57326 17 57585 18 57844 20 58104 20 58363 20 58623 20 58883 19 59144 17 59405 13 59665 11 59927 7
df53d0b6c2c4e45d759b2c474011e2b2b32552cd100ca4b22388ab9ca1750ee2,59019 2 59278 3 59537 4 59796 5 60055 6 60314 7 60574 7 60834 7 61094 5 61355 3
df53d0b6c2c4e45d759b2c474011e2b2b32552cd100ca4b22388ab9ca1750ee2,17040 7 17298 10 17556 13 17815 14 18074 15 18334 15 18594 15 18854 15 19114 15 19374 15 19634 14 19895 13 20155 12 20415 12 20675 12 20935 12 21196 10 21456 9 21717 7
df53d0b6c2c4e45d759b2c474011e2b2b32552cd100ca4b22388ab9ca1750ee2,52362 5 52621 7 52880 9 53139 10 53398 12 53657 13 53917 13 54178 12 54439 11 54702 8 54963 3
df53d0b6c2c4e45d759b2c474011e2b2b32552cd100ca4b22388ab9ca1750ee2,10689 9 10947 13 11206 15 11465 16 11724 17 11984 17 12244 17 12503 18 12763 18 13023 18 13283 18 13543 18 13803 18 14063 18 14323 18 14584 17 14844 17 15105 16 15366 14 15628 12 15890 10 16152 7
df53d0b6c2c4e45d759b2c474011e2b2b32552cd100ca4b22388ab9ca1750ee2,54966 6 55224 9 55483 10 55740 13 55999 14 56259 14 56519 14 56779 14 57039 14 57299 13 57560 11 57821 10 58082 8 58342 7 58603 5 58864 3
df53d0b6c2c4e45d759b2c474011e2b2b32552cd100ca4b22388ab9ca1750ee2,60686 3 60945 5 61204 6 61464 6 61724 6 61985 4
df53d0b6c2c4e45d759b2c474011e2b2b32552cd100ca4b22388ab9ca1750ee2,5286 7 5545 9 5804 11 6063 13 6322 14 6582 14 6841 16 7100 17 7360 17 7619 18 7879 18 8139 18 8398 19 8658 19 8918 18 9178 17 9438 16 9699 14 9960 11 10222 5
df53d0b6c2c4e45d759b2c474011e2b2b32552cd100ca4b22388ab9ca1750ee2,74476 8 74734 11 74992 13 75250 15 75509 16 75768 17 76028 17 76288 17 76548 17 76808 16 77068 14 77328 13 77589 10 77850 7
df53d0b6c2c4e45d759b2c474011e2b2b32552cd100ca4b22388ab9ca1750ee2,2411 1 2668 5 2928 6 3186 9 3446 10 3705 12 3964 14 4223 16 4483 15 4743 15 5003 14 5263 13 5524 11 5785 9 6046 7
df53d0b6c2c4e45d759b2c474011e2b2b32552cd100ca4b22388ab9ca1750ee2,38051 3 38309 6 38567 9 38825 11 39084 12 39343 12 39602 13 39862 12 40121 12 40381 11 40641 10 40901 9 41162 7 41423 5
df53d0b6c2c4e45d759b2c474011e2b2b32552cd100ca4b22388ab9ca1750ee2,83613 4 83872 7 84132 8 84391 9 84651 9 84911 10 85171 10 85431 11 85691 11 85951 11 86212 10 86473 8 86733 8 86994 6 87257 1
df53d0b6c2c4e45d759b2c474011e2b2b32552cd100ca4b22388ab9ca1750ee2,8887 7 9146 11 9405 14 9665 15 9926 20 10186 21 10447 21 10708 21 10969 20 11230 19 11493 16 11755 13 12018 8
df53d0b6c2c4e45d759b2c474011e2b2b32552cd100ca4b22388ab9ca1750ee2,64312 3 64570 6 64828 8 65087 9 65347 8 65608 6 65870 3
df53d0b6c2c4e45d759b2c474011e2b2b32552cd100ca4b22388ab9ca1750ee2,35927 4 36186 6 36445 8 36704 9 36963 10 37223 10 37482 10 37742 10 38002 9 38262 8 38523 5
df53d0b6c2c4e45d759b2c474011e2b2b32552cd100ca4b22388ab9ca1750ee2,46916 4 47175 6 47435 7 47695 7 47955 7 48216 5 48477 2
df53d0b6c2c4e45d759b2c474011e2b2b32552cd100ca4b22388ab9ca1750ee2,15326 2 15583 6 15842 8 16102 8 16362 8 16622 9 16882 10 17143 9 17404 8 17665 6 17929 2
df53d0b6c2c4e45d759b2c474011e2b2b32552cd100ca4b22388ab9ca1750ee2,79135 2 79395 4 79654 6 79912 9 80171 11 80430 13 80688 16 80946 18 81206 19 81466 20 81727 19 81987 19 82248 17 82509 15 82770 13 83031 11 83293 8 83555 6 83816 4
df53d0b6c2c4e45d759b2c474011e2b2b32552cd100ca4b22388ab9ca1750ee2,2296 8 2555 9 2815 9 3075 9 3335 9 3597 6 3857 6
df53d0b6c2c4e45d759b2c474011e2b2b32552cd100ca4b22388ab9ca1750ee2,50555 7 50813 14 51072 16 51331 17 51590 18 51850 18 52110 18 52370 18 52630 17 52891 14 53156 6
df53d0b6c2c4e45d759b2c474011e2b2b32552cd100ca4b22388ab9ca1750ee2,23818 3 24077 4 24336 5 24597 4 24857 4 25117 4 25377 4 25637 4 25897 4
df53d0b6c2c4e45d759b2c474011e2b2b32552cd100ca4b22388ab9ca1750ee2,16294 3 16552 6 16810 9 17069 11 17329 12 17589 12 17850 11 18111 10 18371 9 18632 7
df53d0b6c2c4e45d759b2c474011e2b2b32552cd100ca4b22388ab9ca1750ee2,39979 4 40237 7 40496 8 40756 9 41016 9 41276 8 41536 8 41796 7 42056 7 42316 7 42576 6 42836 5 43097 4 43358 2
df53d0b6c2c4e45d759b2c474011e2b2b32552cd100ca4b22388ab9ca1750ee2,68997 2 69256 6 69515 8 69773 11 70032 12 70290 14 70549 16 70808 17 71068 16 71328 16 71587 16 71847 16 72107 15 72367 15 72627 14 72887 13 73147 12 73407 11 73667 10 73927 9 74188 6 74449 4
df53d0b6c2c4e45d759b2c474011e2b2b32552cd100ca4b22388ab9ca1750ee2,45574 5 45832 7 46090 10 46349 11 46608 13 46868 14 47128 14 47388 14 47648 14 47907 14 48166 14 48426 12 48686 10 48947 7 49208 5
df53d0b6c2c4e45d759b2c474011e2b2b32552cd100ca4b22388ab9ca1750ee2,42957 1 43207 1 43217 2 43466 2 43477 2 43725 4 43737 2 43984 6 43996 3 44244 15 44503 16 44762 16 45022 16 45282 15 45542 14 45802 14 46063 12 46323 11 46584 9 46845 6
df53d0b6c2c4e45d759b2c474011e2b2b32552cd100ca4b22388ab9ca1750ee2,86970 7 87229 9 87488 11 87747 13 88006 14 88264 17 88523 18 88783 19 89043 19 89303 19 89563 19 89823 19 90083 19
df53d0b6c2c4e45d759b2c474011e2b2b32552cd100ca4b22388ab9ca1750ee2,13723 6 13982 8 14241 10 14501 11 14761 11 15021 12 15281 12 15541 12 15801 12 16062 11 16323 10 16583 10 16843 10 17103 10 17363 9 17623 7 17884 5 18145 4 18406 2
df53d0b6c2c4e45d759b2c474011e2b2b32552cd100ca4b22388ab9ca1750ee2,67421 3 67681 4 67941 4 68201 4 68461 4 68722 3 68983 2
df53d0b6c2c4e45d759b2c474011e2b2b32552cd100ca4b22388ab9ca1750ee2,16377 4 16637 4 16897 4 17152 3 17156 5 17412 9 17671 10 17931 10 18192 9 18452 9 18713 8 18974 7 19234 7 19494 7 19755 6 20017 4 20279 2
df53d0b6c2c4e45d759b2c474011e2b2b32552cd100ca4b22388ab9ca1750ee2,58752 5 59010 8 59268 10 59527 10 59786 10 60045 10 60304 10 60563 11 60822 12 61082 12 61341 14 61601 16 61861 16 62120 16 62380 16 62640 15 62900 14 63160 12 63420 11 63680 10 63940 9 64200 8 64461 6
df53d0b6c2c4e45d759b2c474011e2b2b32552cd100ca4b22388ab9ca1750ee2,88688 3 88946 6 89205 8 89465 9 89724 10 89984 10
df53d0b6c2c4e45d759b2c474011e2b2b32552cd100ca4b22388ab9ca1750ee2,24332 4 24590 7 24849 8 25109 8 25369 8 25629 8 25890 7 26150 7 26411 5
df53d0b6c2c4e45d759b2c474011e2b2b32552cd100ca4b22388ab9ca1750ee2,844 4 1103 6 1363 7 1623 7 1883 8 2144 7 2406 5
df53d0b6c2c4e45d759b2c474011e2b2b32552cd100ca4b22388ab9ca1750ee2,46396 5 46655 7 46914 2 46920 3 47173 2 47181 3 47433 2 47442 3 47692 3 47702 3 47952 3 47962 3 48212 4 48221 4 48473 4 48479 6 48733 13 48993 18 49253 18 49514 16 49775 15 50035 14 50295 14 50562 6
df53d0b6c2c4e45d759b2c474011e2b2b32552cd100ca4b22388ab9ca1750ee2,33394 3 33652 6 33909 10 34168 12 34428 13 34688 13 34948 13 35208 12 35469 11 35730 9 35992 6 36254 3
df53d0b6c2c4e45d759b2c474011e2b2b32552cd100ca4b22388ab9ca1750ee2,21585 4 21842 10 22101 13 22361 14 22621 14 22881 15 23141 15 23401 15 23661 15 23921 15 24181 14 24441 13 24701 13 24961 12 25221 10 25481 8
df53d0b6c2c4e45d759b2c474011e2b2b32552cd100ca4b22388ab9ca1750ee2,78797 3 79053 9 79310 13 79569 15 79828 17 80087 18 80346 19 80606 18 80866 18 81126 17 81387 16 81648 14 81908 13 82168 12 82428 10 82689 8 82951 4
df53d0b6c2c4e45d759b2c474011e2b2b32552cd100ca4b22388ab9ca1750ee2,56801 7 57060 7 57320 6 57580 5 57839 5 58096 8 58356 7 58615 8 58874 9 59134 10 59394 11 59654 11 59914 13 60174 14 60434 13 60694 11 60955 7 61217 3
df53d0b6c2c4e45d759b2c474011e2b2b32552cd100ca4b22388ab9ca1750ee2,26157 4 26416 5 26671 10 26931 10 27191 10 27451 10 27711 10 27971 9 28231 9 28491 9 28752 8 29012 7 29273 6 29534 4
df53d0b6c2c4e45d759b2c474011e2b2b32552cd100ca4b22388ab9ca1750ee2,6354 4 6612 7 6871 9 7130 10 7389 11 7649 11 7908 12 8168 12 8428 11 8688 11 8948 11 9208 10 9468 10 9728 9 9988 8 10248 8 10509 7 10769 7 11029 7 11289 6 11550 4 11811 2
df53d0b6c2c4e45d759b2c474011e2b2b32552cd100ca4b22388ab9ca1750ee2,48406 2 48665 4 48923 7 49181 10 49440 11 49699 12 49958 13 50218 13 50477 14 50736 15 50995 16 51255 15 51515 15 51775 14 52034 15 52294 14 52555 12 52815 11 53076 9 53338 5
df53d0b6c2c4e45d759b2c474011e2b2b32552cd100ca4b22388ab9ca1750ee2,16709 6 16967 9 17225 12 17483 14 17742 15 18001 16 18260 17 18519 18 18779 17 19038 17 19298 16 19558 15 19818 14 20078 12 20339 8 20600 5
df53d0b6c2c4e45d759b2c474011e2b2b32552cd100ca4b22388ab9ca1750ee2,14480 5 14738 9 14997 11 15257 12 15517 13 15777 13 16037 14 16297 15 16558 14 16819 13 17080 3 17087 6 17348 5 17609 4 17869 4 18121 1 18129 4 18380 3 18388 4 18640 5 18647 5 18900 12 19160 11 19421 9 19682 7 19944 3
df53d0b6c2c4e45d759b2c474011e2b2b32552cd100ca4b22388ab9ca1750ee2,68720 2 68978 5 69238 6 69498 5 69759 3
df53d0b6c2c4e45d759b2c474011e2b2b32552cd100ca4b22388ab9ca1750ee2,16618 4 16876 6 17135 8 17395 9 17654 11 17914 15 18174 18 18434 18 18694 19 18954 20 19214 20 19474 20 19735 19 19995 19 20255 19 20516 18 20777 16 21039 13 21300 11 21563 5
df53d0b6c2c4e45d759b2c474011e2b2b32552cd100ca4b22388ab9ca1750ee2,75589 6 75848 8 76106 11 76365 12 76624 13 76884 13 77143 14 77402 15 77662 15 77922 14 78183 12 78444 10 78705 8 78969 3
