df9a4212ecb67bb4e58eba62f293b91f9d6f1dde73e38fa891c75661d419fc97,31216 3 31470 6 31725 8 31980 9 32236 10 32492 12 32747 14 33003 14 33259 14 33515 14 33771 15 34027 15 34284 14 34540 14 34797 13 35054 11 35311 9 35569 5
df9a4212ecb67bb4e58eba62f293b91f9d6f1dde73e38fa891c75661d419fc97,39372 2 39624 8 39878 12 40133 14 40389 14 40645 14 40901 15 41157 15 41414 14 41671 14 41927 14 42184 13 42441 12 42698 10 42956 7 43215 2
df9a4212ecb67bb4e58eba62f293b91f9d6f1dde73e38fa891c75661d419fc97,43706 7 43960 10 44215 13 44470 15 44726 16 44982 17 45239 17 45495 18 45752 17 46008 17 46265 15 46521 14 46778 11 47035 9 47293 6
df9a4212ecb67bb4e58eba62f293b91f9d6f1dde73e38fa891c75661d419fc97,55412 11 55667 14 55921 17 56176 19 56431 21 56687 21 56942 22 57198 23 57453 24 57709 24 57964 25 58220 25 58476 24 58732 24 58988 24 59244 24 59500 24 59756 24 60013 22 60269 22 60526 20 60783 18 61040 16 61298 13 61556 9
df9a4212ecb67bb4e58eba62f293b91f9d6f1dde73e38fa891c75661d419fc97,45137 4 45392 7 45645 11 45900 13 46156 13 46411 15 46666 16 46921 17 47176 17 47431 18 47686 18 47942 18 48197 18 48453 18 48709 17 48965 16 49221 15 49478 13 49734 12 49991 10 50248 8 50506 3
df9a4212ecb67bb4e58eba62f293b91f9d6f1dde73e38fa891c75661d419fc97,36662 6 36917 8 37173 9 37428 11 37684 11 37939 12 38194 14 38450 14 38706 15 38962 16 39218 16 39474 16 39731 14 39988 12 40245 5
df9a4212ecb67bb4e58eba62f293b91f9d6f1dde73e38fa891c75661d419fc97,56391 4 56646 7 56901 9 57157 9 57413 10 57669 10 57925 11 58181 11 58437 11 58693 11 58949 11 59205 11 59461 11 59717 11 59974 10 60231 9 60489 8
df9a4212ecb67bb4e58eba62f293b91f9d6f1dde73e38fa891c75661d419fc97,33793 2 34049 3 34305 4 34561 5 34817 5 35073 6 35329 6 35585 6 35841 6 36097 6 36353 6 36609 6 36865 5 37121 4 37377 3
df9a4212ecb67bb4e58eba62f293b91f9d6f1dde73e38fa891c75661d419fc97,49453 3 49709 6 49964 7 50220 7 50475 8 50730 9 50987 8 51244 5
df9a4212ecb67bb4e58eba62f293b91f9d6f1dde73e38fa891c75661d419fc97,54829 3 55084 5 55338 8 55593 11 55848 14 56103 16 56358 18 56614 18 56870 18 57126 19 57382 19 57638 19 57895 17 58151 17 58408 16 58665 15 58922 14 59179 13 59435 14 59692 13 59949 13 60207 10 60465 8 60723 5
df9a4212ecb67bb4e58eba62f293b91f9d6f1dde73e38fa891c75661d419fc97,34978 10 35232 13 35486 16 35741 17 35995 19 36250 20 36506 20 36762 20 37018 20 37274 20 37530 20 37786 20 38041 21 38297 20 38553 19 38810 17 39066 17 39323 15 39580 13 39837 11 40094 9 40352 5
df9a4212ecb67bb4e58eba62f293b91f9d6f1dde73e38fa891c75661d419fc97,5906 5 6160 9 6415 11 6670 12 6925 13 7180 14 7436 14 7692 13 7948 13 8204 12 8461 10 8718 9 8976 6 9234 2
df9a4212ecb67bb4e58eba62f293b91f9d6f1dde73e38fa891c75661d419fc97,52187 3 52441 7 52692 15 52947 18 53202 20 53457 22 53713 22 53968 23 54224 23 54479 24 54735 23 54991 22 55246 23 55502 23 55758 22 56014 21 56271 18 56527 17 56784 13 57041 11 57298 8
df9a4212ecb67bb4e58eba62f293b91f9d6f1dde73e38fa891c75661d419fc97,62391 4 62646 7 62902 8 63157 10 63413 11 63669 12 63925 13 64181 13 64437 14 64693 14 64950 14 65206 14 65463 13
df9a4212ecb67bb4e58eba62f293b91f9d6f1dde73e38fa891c75661d419fc97,51110 4 51364 8 51619 10 51875 12 52131 13 52387 14 52643 15 52899 16 53155 16 53412 15 53669 14 53925 14 54182 13 54439 11 54696 9 54954 6
df9a4212ecb67bb4e58eba62f293b91f9d6f1dde73e38fa891c75661d419fc97,59344 7 59599 10 59854 12 60110 13 60366 13 60622 14 60879 13 61136 12 61393 10 61650 9 61908 6
df9a4212ecb67bb4e58eba62f293b91f9d6f1dde73e38fa891c75661d419fc97,57869 5 58124 8 58378 12 58632 16 58887 18 59142 20 59397 21 59652 22 59908 22 60163 23 60419 23 60674 24 60929 25 61185 26 61441 26 61698 26 61954 26 62211 25 62467 25 62723 25 62980 24 63237 22 63495 19 63753 16 64012 12 64272 3
df9a4212ecb67bb4e58eba62f293b91f9d6f1dde73e38fa891c75661d419fc97,7226 6 7480 12 7735 14 7990 16 8245 18 8501 19 8756 20 9012 21 9268 21 9524 21 9780 21 10036 21 10293 20 10549 20 10806 18 11063 16 11320 14 11577 13 11834 11 12092 8
df9a4212ecb67bb4e58eba62f293b91f9d6f1dde73e38fa891c75661d419fc97,24603 9 24858 12 25113 16 25368 18 25624 18 25880 18 26136 18 26392 18 26648 18 26904 17 27160 17 27417 16 27673 15 27929 13 28186 11 28446 6
df9a4212ecb67bb4e58eba62f293b91f9d6f1dde73e38fa891c75661d419fc97,49161 3 49411 11 49666 13 49921 15 50177 15 50433 16 50689 16 50945 17 51201 17 51457 17 51713 17 51969 17 52225 16 52481 16 52737 16 52993 15 53249 14 53505 13 53761 12 54017 11 54274 7
df9a4212ecb67bb4e58eba62f293b91f9d6f1dde73e38fa891c75661d419fc97,41974 4 42224 15 42479 18 42734 19 42990 19 43246 19 43502 19 43758 19 44014 19 44270 19 44526 19 44782 19 45039 18 45295 18 45552 17 45809 16 46066 15 46323 14 46581 12 46838 11 47095 10 47352 9 47610 7 47868 5
df9a4212ecb67bb4e58eba62f293b91f9d6f1dde73e38fa891c75661d419fc97,29996 4 30250 7 30505 9 30760 10 31016 11 31272 11 31528 10 31784 10 32040 9 32295 10 32551 9 32807 8 33063 7 33320 5
df9a4212ecb67bb4e58eba62f293b91f9d6f1dde73e38fa891c75661d419fc97,40308 5 40563 8 40818 10 41074 11 41330 12 41586 13 41842 13 42099 12 42355 12 42611 12 42868 12 43124 12 43381 10 43638 8 43895 4
df9a4212ecb67bb4e58eba62f293b91f9d6f1dde73e38fa891c75661d419fc97,27578 2 27831 6 28085 10 28339 13 28594 16 28850 17 29105 20 29361 21 29617 23 29873 24 30129 25 30385 26 30641 26 30898 24 31155 22 31412 20 31671 15 31929 9 32186 6 32443 3
df9a4212ecb67bb4e58eba62f293b91f9d6f1dde73e38fa891c75661d419fc97,57062 5 57316 7 57571 9 57826 10 58081 11 58336 11 58591 11 58846 12 59102 11 59358 11 59615 9 59873 6 60131 2
df9a4212ecb67bb4e58eba62f293b91f9d6f1dde73e38fa891c75661d419fc97,35530 6 35784 9 36039 11 36294 13 36550 14 36806 15 37062 15 37318 15 37574 15 37831 14 38088 13 38346 11 38604 8 38863 3
