e216ec5063d3562b793e434c491051bd8867f6c2e571e41137c7c560cc0e6a03,59602 5 59857 7 60112 9 60368 10 60624 11 60880 11 61137 10 61393 10 61649 10 61906 8 62163 6
e216ec5063d3562b793e434c491051bd8867f6c2e571e41137c7c560cc0e6a03,63027 8 63282 10 63537 12 63793 12 64049 12 64305 12 64561 12 64817 12 65073 12 65329 11
e216ec5063d3562b793e434c491051bd8867f6c2e571e41137c7c560cc0e6a03,16731 7 16986 9 17242 10 17498 11 17755 11 18015 8 18272 7 18529 6 18786 5 19042 5 19298 5 19555 3
e216ec5063d3562b793e434c491051bd8867f6c2e571e41137c7c560cc0e6a03,22856 3 23111 5 23367 5 23623 5 23879 5 24135 5 24392 3
e216ec5063d3562b793e434c491051bd8867f6c2e571e41137c7c560cc0e6a03,24395 5 24650 7 24906 7 25162 7 25419 5
e216ec5063d3562b793e434c491051bd8867f6c2e571e41137c7c560cc0e6a03,64858 6 65113 8 65369 8
e216ec5063d3562b793e434c491051bd8867f6c2e571e41137c7c560cc0e6a03,61680 8 61935 10 62190 12 62446 12 62702 12 62958 12 63214 12 63470 12 63727 10 63985 4
e216ec5063d3562b793e434c491051bd8867f6c2e571e41137c7c560cc0e6a03,6713 7 6968 9 7224 9 7480 10 7737 10 7994 9 8253 6 8513 1
e216ec5063d3562b793e434c491051bd8867f6c2e571e41137c7c560cc0e6a03,15443 5 15698 7 15953 9 16209 9 16465 9 16721 10 16977 9 17234 8 17491 4
e216ec5063d3562b793e434c491051bd8867f6c2e571e41137c7c560cc0e6a03,3118 2 3373 4 3628 5 3883 6 4139 6 4395 5 4652 3
e216ec5063d3562b793e434c491051bd8867f6c2e571e41137c7c560cc0e6a03,311 4 566 6 821 8 1077 8 1333 8 1589 8 1846 7 2102 7 2358 7 2614 7 2870 7 3126 7 3382 7 3639 5 3896 3
e216ec5063d3562b793e434c491051bd8867f6c2e571e41137c7c560cc0e6a03,61503 4 61758 6 62013 7 62269 7 62525 8 62781 9 63037 9 63293 9 63550 8 63807 7 64063 6 64319 5 64576 3
e216ec5063d3562b793e434c491051bd8867f6c2e571e41137c7c560cc0e6a03,8727 3 8982 5 9237 7 9492 8 9748 9 10004 10 10260 11 10516 11 10772 11 11028 11 11285 10 11542 9 11799 7
e216ec5063d3562b793e434c491051bd8867f6c2e571e41137c7c560cc0e6a03,10823 4 11078 6 11333 7 11589 8 11845 9 12100 10 12355 11 12610 12 12866 12 13122 12 13379 11 13635 11 13892 10 14150 7
e216ec5063d3562b793e434c491051bd8867f6c2e571e41137c7c560cc0e6a03,62427 6 62681 9 62936 11 63192 11 63447 12 63703 11 63959 10 64214 10 64470 10 64726 10 64983 8
e216ec5063d3562b793e434c491051bd8867f6c2e571e41137c7c560cc0e6a03,20819 5 21074 7 21330 7 21585 8 21841 8 22097 7 22353 6 22610 4
e216ec5063d3562b793e434c491051bd8867f6c2e571e41137c7c560cc0e6a03,61769 6 62024 8 62279 10 62535 10 62791 10 63047 10 63303 10 63559 10 63815 10 64071 9 64327 8 64584 6
e216ec5063d3562b793e434c491051bd8867f6c2e571e41137c7c560cc0e6a03,8249 4 8504 9 8760 10 9016 10 9272 10 9528 10 9784 9 10040 7 10296 6 10553 5 10810 3
e216ec5063d3562b793e434c491051bd8867f6c2e571e41137c7c560cc0e6a03,63989 6 64242 10 64497 12 64753 12 65009 12 65265 12 65521 12
e216ec5063d3562b793e434c491051bd8867f6c2e571e41137c7c560cc0e6a03,15885 5 16140 7 16395 8 16651 8 16906 9 17162 9 17418 8 17675 7 17931 6 18188 3
e216ec5063d3562b793e434c491051bd8867f6c2e571e41137c7c560cc0e6a03,2096 4 2351 6 2607 7 2863 7 3120 6 3377 5 3633 5 3889 5 4145 5 4402 3
