e23e11414ee645b51081fb202d38b793f0c8ef2940f8228ded384899d21b02c2,129473 8 129991 10 130509 12 131028 13 131547 14 132067 14 132587 14 133107 14 133627 14 134147 14 134668 13 135188 13 135708 13 136229 12 136750 11 137271 10 137791 10 138312 9 138833 8 139353 8 139874 7 140394 7 140914 7 141435 6 141956 5 142477 4 142998 3
e23e11414ee645b51081fb202d38b793f0c8ef2940f8228ded384899d21b02c2,306063 7 306582 10 307102 11 307621 13 308141 13 308661 14 309181 15 309702 15 310222 16 310742 17 311262 18 311783 18 312305 16 312826 16 313347 16 313867 16 314388 15 314908 15 315428 16 315949 15 316470 14 316991 13 317512 12 318033 10 318553 10 319074 8 319595 4
e23e11414ee645b51081fb202d38b793f0c8ef2940f8228ded384899d21b02c2,146029 8 146548 10 147067 11 147586 13 148105 14 148624 15 149143 16 149662 17 150181 17 150700 18 151219 19 151738 20 152257 20 152776 21 153295 21 153815 21 154335 20 154854 20 155374 19 155894 18 156414 17 156934 16 157454 14 157974 13 158494 12 159015 10 159536 7
e23e11414ee645b51081fb202d38b793f0c8ef2940f8228ded384899d21b02c2,3427 11 3944 15 4463 16 4981 18 5500 19 6019 20 6538 21 7057 22 7576 23 8096 23 8615 24 9134 25 9653 26 10173 26 10693 26 11212 26 11732 26 12252 25 12772 24 13292 23 13812 23 14333 21 14854 20 15375 18 15901 10
e23e11414ee645b51081fb202d38b793f0c8ef2940f8228ded384899d21b02c2,261341 6 261858 11 262377 13 262895 16 263414 17 263934 18 264453 19 264972 21 265492 21 266011 22 266531 22 267050 23 267570 23 268090 23 268610 23 269129 24 269649 24 270169 24 270689 24 271209 23 271729 23 272249 23 272769 22 273289 22 273809 22 274330 21 274850 20 275371 19 275891 18 276412 16 276932 15 277453 14 277974 12 278496 8 279020 2
e23e11414ee645b51081fb202d38b793f0c8ef2940f8228ded384899d21b02c2,354962 8 355481 10 356000 12 356519 14 357038 16 357558 16 358078 17 358597 18 359117 18 359637 19 360157 19 360677 19 361197 20 361717 20
e23e11414ee645b51081fb202d38b793f0c8ef2940f8228ded384899d21b02c2,142233 7 142751 11 143269 14 143787 16 144306 18 144825 19 145340 24 145859 25 146377 27 146896 28 147415 28 147934 29 148453 29 148973 28 149493 28 150013 27 150533 26 151052 26 151572 25 152092 24 152612 23 153133 20 153653 18 154174 16 154695 13 155216 11
e23e11414ee645b51081fb202d38b793f0c8ef2940f8228ded384899d21b02c2,167489 2 168008 4 168527 6 169047 10 169059 3 169567 16 170087 17 170607 18 171127 20 171646 22 172166 22 172685 23 173205 23 173725 23 174245 23 174765 23 175285 23 175805 22 176325 17 176845 16 177365 11 177886 5
e23e11414ee645b51081fb202d38b793f0c8ef2940f8228ded384899d21b02c2,90415 13 90934 15 91453 17 91972 20 92492 21 93012 21 93531 23 94051 23 94571 23 95090 25 95610 25 96130 25 96650 25 97170 25 97691 24 98211 23 98732 21 99252 21 99773 19 100294 17 100815 14 101337 9
e23e11414ee645b51081fb202d38b793f0c8ef2940f8228ded384899d21b02c2,246737 4 247254 10 247772 13 248289 17 248807 20 249325 22 249844 23 250363 24 250882 26 251402 26 251921 27 252441 27 252961 27 253481 27 254001 27 254521 27 255041 26 255561 26 256082 25 256602 24 257122 23 257642 22 258162 21 258683 19 259204 15 259727 9 260249 5
e23e11414ee645b51081fb202d38b793f0c8ef2940f8228ded384899d21b02c2,4380 8 4898 25 5416 28 5935 30 6454 32 6974 32 7493 33 8013 34 8533 34 9053 34 9573 34 10093 33 10613 33 11133 32 11653 32 12174 30 12695 28 13216 26 13737 23 14258 21 14780 15 15303 9
e23e11414ee645b51081fb202d38b793f0c8ef2940f8228ded384899d21b02c2,334500 8 335018 12 335537 15 336056 19 336575 21 337094 24 337614 26 338133 28 338653 29 339173 30 339693 30 340213 31 340734 30 341254 31 341775 30 342297 28 342818 27 343339 26 343861 24 344383 21 344904 20 345426 17 345947 16 346470 12 346995 6
e23e11414ee645b51081fb202d38b793f0c8ef2940f8228ded384899d21b02c2,324637 6 325153 12 325671 16 326190 18 326709 20 327228 21 327747 22 328267 22 328786 23 329306 23 329826 23 330346 23 330866 23 331386 23 331906 22 332427 21 332947 21 333468 19 333989 17 334511 13
e23e11414ee645b51081fb202d38b793f0c8ef2940f8228ded384899d21b02c2,36316 2 36830 10 37349 13 37868 15 38388 16 38909 15 39429 16 39949 16 40470 15 40991 14 41512 13 42033 12 42554 10 43075 9 43596 7
e23e11414ee645b51081fb202d38b793f0c8ef2940f8228ded384899d21b02c2,348051 6 348569 9 349088 12 349608 13 350128 14 350648 15 351168 16 351688 16 352208 16 352728 16 353248 16 353769 15 354289 15 354809 15 355329 15 355848 16 356368 15 356887 16 357406 17 357926 17 358446 16 358966 15 359486 15 360007 13 360528 12 361053 6 361575 3
e23e11414ee645b51081fb202d38b793f0c8ef2940f8228ded384899d21b02c2,278767 5 279284 10 279801 14 280319 17 280837 19 281355 22 281874 23 282393 24 282912 26 283431 27 283951 27 284471 27 284991 27 285511 26 286031 25 286551 24 287071 23 287591 22 288112 20 288634 17 289155 15 289676 11
e23e11414ee645b51081fb202d38b793f0c8ef2940f8228ded384899d21b02c2,66377 5 66894 11 67412 15 67931 17 68450 19 68969 21 69489 21 70008 22 70528 22 71047 23 71567 23 72086 24 72606 24 73126 24 73646 24 74166 24 74686 23 75206 23 75726 22 76246 21 76766 20 77286 20 77807 18 78327 17 78847 17 79368 15 79888 14 80409 13 80930 10 81452 7
e23e11414ee645b51081fb202d38b793f0c8ef2940f8228ded384899d21b02c2,93794 4 94313 6 94832 7 95351 8 95871 9 96390 10 96910 10 97430 10 97950 10 98470 10 98990 10 99510 10 100030 11 100550 11 101070 12 101591 11 102111 12 102631 12 103151 12 103671 12 104192 10 104713 8
e23e11414ee645b51081fb202d38b793f0c8ef2940f8228ded384899d21b02c2,92804 5 93322 9 93841 11 94360 12 94879 13 95398 15 95918 15 96438 16 96957 20 97477 22 97996 24 98516 24 99036 25 99556 25 100076 25 100596 25 101116 25 101636 25 102157 24 102679 21 103201 18 103724 13
e23e11414ee645b51081fb202d38b793f0c8ef2940f8228ded384899d21b02c2,276195 4 276713 8 277232 10 277751 12 278271 12 278791 12 279311 12 279831 13 280352 12 280872 11 281392 11 281912 10 282433 8
e23e11414ee645b51081fb202d38b793f0c8ef2940f8228ded384899d21b02c2,237121 6 237641 11 238161 14 238681 15 239201 15 239721 15 240241 15 240761 15 241281 15 241801 15 242321 15 242841 14 243361 12 243881 10 244402 7
e23e11414ee645b51081fb202d38b793f0c8ef2940f8228ded384899d21b02c2,223046 12 223561 20 224076 27 224594 30 225113 33 225632 35 226152 36 226671 37 227191 37 227711 37 228231 37 228752 36 229272 36 229793 35 230314 33 230835 32 231357 29 231878 27 232400 24 232923 16
e23e11414ee645b51081fb202d38b793f0c8ef2940f8228ded384899d21b02c2,123514 9 124032 12 124550 18 125069 20 125588 22 126107 24 126626 26 127145 28 127665 29 128185 29 128705 29 129225 30 129745 30 130266 29 130786 29 131307 28 131828 26 132349 25 132870 23 133392 20 133914 17 134437 13 134960 8
e23e11414ee645b51081fb202d38b793f0c8ef2940f8228ded384899d21b02c2,283264 8 283783 13 284302 16 284822 18 285342 19 285862 21 286382 22 286902 23 287422 24 287942 25 288462 26 288982 27 289503 26 290023 27 290544 26 291064 26 291584 26 292105 25 292626 24 293147 23 293669 21 294193 17 294716 13 295240 8
e23e11414ee645b51081fb202d38b793f0c8ef2940f8228ded384899d21b02c2,357089 5 357606 11 358124 15 358643 18 359162 20 359682 21 360201 23 360721 24 361241 25 361761 25
e23e11414ee645b51081fb202d38b793f0c8ef2940f8228ded384899d21b02c2,35418 7 35936 10 36455 13 36975 14 37495 15 38015 15 38535 16 39054 17 39574 18 40094 19 40614 19 41135 18 41655 18 42175 19 42696 18 43217 16 43738 15 44259 13 44780 11 45303 3
e23e11414ee645b51081fb202d38b793f0c8ef2940f8228ded384899d21b02c2,279929 18 280445 25 280963 28 281482 31 282001 33 282520 35 283040 35 283560 36 284080 36 284600 36 285120 37 285640 37 286161 36 286681 36 287202 35 287722 35 288243 33 288764 31 289285 28 289807 24 290329 21
e23e11414ee645b51081fb202d38b793f0c8ef2940f8228ded384899d21b02c2,161854 6 162373 8 162891 11 163410 13 163929 14 164448 15 164967 16 165486 17 166005 18 166525 18 167044 19 167563 20 168083 20 168602 21 169122 20 169642 20 170161 21 170681 20 171201 20 171721 19 172241 19 172761 18 173281 17 173801 16 174322 14 174842 13 175363 11 175885 7
e23e11414ee645b51081fb202d38b793f0c8ef2940f8228ded384899d21b02c2,51466 3 51983 9 52501 13 53020 15 53539 17 54058 19 54578 19 55098 20 55618 20 56138 21 56658 21 57178 21 57698 21 58218 22 58738 22 59258 22 59778 22 60298 22 60818 22 61338 22 61858 22 62379 21 62899 21 63419 21 63940 20 64460 20 64980 20 65501 18 66022 17 66542 17 67063 16 67584 14 68105 12 68626 10 69148 5
e23e11414ee645b51081fb202d38b793f0c8ef2940f8228ded384899d21b02c2,345978 2 346497 4 347016 7 347536 8 348057 8 348578 8 349100 7 349621 6 350142 5 350663 4 351184 2
e23e11414ee645b51081fb202d38b793f0c8ef2940f8228ded384899d21b02c2,331599 7 332118 16 332637 19 333157 20 333676 22 334196 23 334715 25 335235 25 335755 25 336275 25 336795 25 337316 24 337837 23 338358 23 338879 22 339400 20 339920 20 340440 19 340961 17 341481 16 342002 14 342523 13 343044 12 343565 10 344087 8 344609 5
e23e11414ee645b51081fb202d38b793f0c8ef2940f8228ded384899d21b02c2,133529 3 134045 10 134564 13 135082 16 135601 18 136120 20 136638 22 137157 22 137676 22 138196 21 138715 21 139234 21 139754 20 140273 20 140792 20 141312 20 141832 19 142352 18 142871 19 143391 18 143911 17 144432 16 144953 14 145476 10 146004 2
e23e11414ee645b51081fb202d38b793f0c8ef2940f8228ded384899d21b02c2,101313 12 101831 17 102348 23 102867 25 103386 27 103905 29 104425 30 104945 32 105465 33 105985 34 106505 34 107025 34 107545 35 108065 35 108585 35 109105 35 109626 34 110147 33 110667 32 111188 29 111710 26 112232 22 112754 19 113278 13
e23e11414ee645b51081fb202d38b793f0c8ef2940f8228ded384899d21b02c2,308990 5 309508 10 310025 14 310543 17 311061 19 311580 20 312099 21 312619 21 313139 21 313659 22 314178 23 314698 23 315217 24 315737 24 316257 24 316777 24 317297 24 317817 24 318338 22 318859 20 319381 17 319904 13 320429 3
e23e11414ee645b51081fb202d38b793f0c8ef2940f8228ded384899d21b02c2,25900 10 26419 12 26938 14 27458 15 27977 16 28497 17 29017 17 29537 17 30056 18 30576 18 31096 18 31615 19 32135 18 32655 18 33175 18 33695 18 34215 18 34735 17 35254 17 35774 16 36294 15 36814 14 37335 12 37856 10
e23e11414ee645b51081fb202d38b793f0c8ef2940f8228ded384899d21b02c2,248436 8 248955 14 249475 17 249994 19 250514 21 251034 22 251554 23 252074 25 252594 26 253115 25 253635 26 254155 26 254676 25 255196 26 255717 25 256237 25 256758 24 257279 23 257800 22 258322 20 258843 19 259364 18 259885 17 260406 16 260927 15 261449 12
e23e11414ee645b51081fb202d38b793f0c8ef2940f8228ded384899d21b02c2,175570 6 176085 14 176604 16 177123 17 177642 18 178161 19 178680 21 179199 22 179719 22 180238 23 180758 23 181277 24 181797 23 182317 23 182837 23 183357 23 183877 22 184397 21 184917 21 185437 20 185957 19 186477 18 186997 17 187517 17 188038 15 188558 14 189078 14 189598 13 190119 11 190640 5
e23e11414ee645b51081fb202d38b793f0c8ef2940f8228ded384899d21b02c2,355291 7 355809 10 356328 12 356847 14 357366 15 357886 16 358405 17 358925 17 359445 18 359965 18 360485 18 361005 18 361525 18
e23e11414ee645b51081fb202d38b793f0c8ef2940f8228ded384899d21b02c2,261490 6 262008 15 262526 19 263045 22 263564 24 264084 25 264603 27 265123 28 265643 29 266163 30 266683 31 267203 31 267723 32 268243 32 268764 31 269284 31 269805 30 270326 29 270846 29 271367 27 271889 24 272410 22 272932 19 273457 11
e23e11414ee645b51081fb202d38b793f0c8ef2940f8228ded384899d21b02c2,108344 3 108862 9 109381 11 109900 14 110420 15 110940 16 111460 16 111980 16 112500 16 113020 15 113540 15 114060 14 114580 14 115100 14 115620 13 116140 13 116660 13 117180 12 117700 12 118220 11 118741 10 119262 8 119783 5
e23e11414ee645b51081fb202d38b793f0c8ef2940f8228ded384899d21b02c2,6284 5 6801 11 7320 13 7838 16 8355 19 8873 21 9392 23 9911 25 10431 26 10951 27 11471 26 11991 26 12511 26 13031 25 13551 25 14071 25 14592 23 15112 22 15633 20 16154 17 16675 14 17197 9 17718 6
e23e11414ee645b51081fb202d38b793f0c8ef2940f8228ded384899d21b02c2,285598 10 286116 14 286635 16 287154 18 287674 20 288194 21 288714 22 289234 23 289754 24 290274 25 290794 26 291314 26 291834 27 292354 27 292874 27 293394 27 293914 27 294434 28 294954 28 295474 28 295994 28 296514 28 297035 27 297555 26 298076 25 298597 24 299118 22 299639 20 300161 17 300682 15 301204 12 301726 9 302248 5
e23e11414ee645b51081fb202d38b793f0c8ef2940f8228ded384899d21b02c2,198771 5 199290 7 199809 8 200328 9 200847 10 201367 10 201886 11 202406 11 202925 13 203445 14 203964 16 204484 17 205004 17 205524 17 206044 17 206565 15 207086 8
e23e11414ee645b51081fb202d38b793f0c8ef2940f8228ded384899d21b02c2,195146 6 195663 13 196181 17 196700 19 197219 20 197739 20 198259 20 198779 20 199299 21 199818 22 200337 23 200857 23 201377 23 201897 22 202417 22 202938 20 203459 18 203980 16
e23e11414ee645b51081fb202d38b793f0c8ef2940f8228ded384899d21b02c2,172577 7 173096 10 173615 13 174135 14 174654 17 175174 18 175694 18 176214 19 176734 20 177254 21 177775 20 178296 19 178817 19 179338 18 179860 15 180381 12 180902 10
e23e11414ee645b51081fb202d38b793f0c8ef2940f8228ded384899d21b02c2,202174 13 202692 17 203211 19 203730 20 204250 20 204769 22 205288 23 205807 25 206326 26 206845 27 207364 28 207883 29 208402 29 208922 29 209442 29 209962 29 210482 28 211002 27 211522 26 212043 24 212564 21 213085 17 213606 11 214128 7
e23e11414ee645b51081fb202d38b793f0c8ef2940f8228ded384899d21b02c2,186662 10 187180 15 187698 18 188216 21 188734 24 189253 25 189772 26 190291 27 190810 28 191330 28 191849 29 192368 29 192887 30 193407 29 193927 28 194446 29 194966 28 195486 27 196006 25 196526 21 197046 18 197567 15 198088 11 198610 8
e23e11414ee645b51081fb202d38b793f0c8ef2940f8228ded384899d21b02c2,257451 4 257971 9 258491 11 259011 12 259531 13 260051 14 260570 16 261090 17 261610 17 262130 17 262650 18 263170 18 263689 19 264209 19 264729 20 265248 21 265767 22 266286 23 266806 23 267326 23 267847 22 268367 21 268888 20 269409 19 269930 17 270452 14 270973 12 271495 7
e23e11414ee645b51081fb202d38b793f0c8ef2940f8228ded384899d21b02c2,21859 2 22371 14 22889 17 23408 18 23927 19 24447 20 24967 20 25486 21 26006 21 26526 21 27047 20 27567 20 28087 20 28607 19 29127 19 29647 18 30167 16 30688 13
e23e11414ee645b51081fb202d38b793f0c8ef2940f8228ded384899d21b02c2,10403 8 10921 12 11441 13 11961 14 12481 15 13001 16 13521 16 14041 16 14561 16 15081 16 15601 16 16121 15 16641 14 17161 13 17681 12 18201 10 18721 5
e23e11414ee645b51081fb202d38b793f0c8ef2940f8228ded384899d21b02c2,253198 17 253715 22 254233 25 254751 28 255270 29 255790 30 256310 30 256830 30 257349 30 257869 30 258390 28 258911 25 259432 23 259953 18 260475 14 260997 9
e23e11414ee645b51081fb202d38b793f0c8ef2940f8228ded384899d21b02c2,138657 4 139176 10 139693 15 140212 18 140731 20 141251 21 141770 23 142290 24 142810 24 143330 25 143850 26 144370 27 144890 28 145411 28 145932 28 146452 28 146973 28 147494 27 148015 27 148536 26 149057 25 149578 23 150100 21 150622 18 151145 13 151669 8
e23e11414ee645b51081fb202d38b793f0c8ef2940f8228ded384899d21b02c2,254906 8 255420 15 255937 19 256455 22 256974 24 257493 26 258012 27 258532 27 259051 28 259571 28 260091 29 260611 29 261131 28 261651 28 262171 28 262691 27 263212 25 263733 22 264254 20 264775 17 265298 13
e23e11414ee645b51081fb202d38b793f0c8ef2940f8228ded384899d21b02c2,141524 4 142042 8 142560 11 143079 13 143599 13 144118 14 144638 14 145158 15 145678 15 146198 15 146718 14 147238 14 147758 14 148278 14 148798 13 149319 12 149840 10 150361 8
e23e11414ee645b51081fb202d38b793f0c8ef2940f8228ded384899d21b02c2,309138 7 309657 9 310175 12 310694 13 311213 15 311732 16 312251 18 312770 19 313289 21 313809 21 314328 23 314847 24 315367 24 315886 26 316406 26 316926 26 317446 26 317966 27 318486 27 319006 27 319527 26 320047 26 320568 25 321088 25 321609 24 322129 24 322650 23 323171 22 323691 22 324212 21 324732 21 325252 21 325773 20 326293 20 326813 19 327334 18 327855 16 328375 15 328896 12 329417 10 329939 6
e23e11414ee645b51081fb202d38b793f0c8ef2940f8228ded384899d21b02c2,122375 12 122892 19 123411 22 123931 23 124450 25 124970 26 125490 26 126010 27 126530 27 127050 27 127570 27 128090 27 128610 27 129130 26 129650 26 130170 26 130690 25 131210 25 131730 24 132251 22 132771 21 133291 20 133812 14 134333 12 134854 10 135374 9 135895 8 136416 7 136939 3
e23e11414ee645b51081fb202d38b793f0c8ef2940f8228ded384899d21b02c2,227463 15 227981 19 228500 22 229019 24 229539 24 230059 25 230579 25 231099 26 231619 26 232139 26 232659 26 233179 27 233699 27 234220 26 234740 26 235261 25 235782 24 236303 23 236825 21 237346 19 237868 16 238392 8
e23e11414ee645b51081fb202d38b793f0c8ef2940f8228ded384899d21b02c2,83275 6 83283 6 83793 17 84311 19 84830 21 85349 22 85869 22 86388 23 86908 23 87428 24 87948 24 88468 24 88988 23 89508 23 90028 23 90548 23 91069 22 91589 21 92110 20 92630 19 93151 17 93671 16 94191 14 94712 10 95233 6
e23e11414ee645b51081fb202d38b793f0c8ef2940f8228ded384899d21b02c2,135772 12 136289 16 136807 19 137325 22 137843 25 138362 27 138880 29 139399 30 139918 31 140437 32 140956 33 141475 33 141995 33 142514 34 143033 34 143553 34 144073 33 144593 32 145113 31 145633 30 146153 29 146674 26 147194 25 147715 22 148236 19 148758 16 149283 6
e23e11414ee645b51081fb202d38b793f0c8ef2940f8228ded384899d21b02c2,90519 7 91036 12 91555 14 92074 16 92593 17 93112 18 93631 20 94150 21 94669 23 95188 24 95707 25 96227 25 96747 26 97267 26 97787 26 98307 26 98827 26 99347 26 99867 26 100388 25 100908 25 101429 24 101949 24 102470 23 102991 22 103513 19 104034 17 104554 16 105074 8 105593 8 106113 8 106633 9 107152 10 107672 10 108192 10 108712 10 109232 10 109752 10 110272 10 110792 10 111313 9 111833 9 112354 8 112874 8 113395 7 113917 4
e23e11414ee645b51081fb202d38b793f0c8ef2940f8228ded384899d21b02c2,358462 1 358981 3 359501 6 360020 8 360540 11 361059 14 361578 16
e23e11414ee645b51081fb202d38b793f0c8ef2940f8228ded384899d21b02c2,180197 3 180716 8 181235 10 181754 12 182273 15 182793 17 183312 19 183832 19 184352 20 184872 20 185392 21 185912 22 186433 22 186953 22 187473 22 187993 22 188514 22 189034 22 189554 22 190075 21 190595 21 191116 20 191637 19 192158 18 192679 17 193200 16 193721 15 194242 14 194762 14 195283 13 195803 13 196324 12 196845 10 197366 9 197887 7
e23e11414ee645b51081fb202d38b793f0c8ef2940f8228ded384899d21b02c2,108506 9 109024 13 109542 16 110060 19 110579 21 111098 22 111617 23 112136 24 112655 25 113174 26 113693 27 114213 26 114733 26 115253 25 115773 25 116293 24 116813 24 117332 24 117852 23 118372 23 118892 22 119412 20 119932 19 120453 17 120974 15 121496 10
e23e11414ee645b51081fb202d38b793f0c8ef2940f8228ded384899d21b02c2,325401 6 325919 10 326437 13 326956 15 327475 17 327994 18 328513 20 329032 22 329552 23 330072 24 330592 24 331112 25 331632 26 332152 26 332673 25 333197 22 333718 21 334239 20 334760 19 335281 17 335803 14 336325 12 336850 6
e23e11414ee645b51081fb202d38b793f0c8ef2940f8228ded384899d21b02c2,152867 8 153386 12 153905 15 154424 17 154944 17 155464 17 155983 18 156503 18 157023 18 157543 18 158063 18 158584 17 159105 16 159626 15 160146 15 160667 14 161188 13 161710 11 162232 9 162757 4
e23e11414ee645b51081fb202d38b793f0c8ef2940f8228ded384899d21b02c2,88629 5 89146 10 89665 12 90184 13 90704 13 91223 14 91742 15 92262 15 92781 16 93300 17 93819 17 94338 18 94857 19 95376 20 95896 19 96415 20 96935 19 97455 18 97975 17 98495 16 99015 14 99535 13 100055 12 100575 9 101096 6
e23e11414ee645b51081fb202d38b793f0c8ef2940f8228ded384899d21b02c2,79056 6 79576 7 80095 9 80615 9 81134 10 81654 11 82174 11 82694 12 83214 12 83734 12 84254 13 84773 14 85293 15 85813 15 86333 15 86853 16 87373 16 87893 16 88413 16 88933 16 89453 17 89973 17 90493 17 91013 17 91533 17 92053 17 92573 17 93093 17 93613 17 94133 17 94654 15 95174 14 95694 13 96215 12 96735 12 97255 12 97776 10 98298 7
e23e11414ee645b51081fb202d38b793f0c8ef2940f8228ded384899d21b02c2,100321 12 100838 18 101357 20 101877 21 102396 22 102916 22 103435 24 103955 24 104475 24 104995 24 105515 24 106035 24 106555 24 107075 24 107595 24 108115 23 108636 22 109157 20 109678 18 110199 15 110721 4
e23e11414ee645b51081fb202d38b793f0c8ef2940f8228ded384899d21b02c2,141540 4 142059 7 142578 9 143097 10 143617 10 144136 11 144656 12 145175 13 145695 13 146215 13 146734 14 147254 13 147774 13 148293 14 148813 14 149332 15 149852 15 150372 15 150891 15 151411 15 151931 15 152451 14 152971 14 153490 15 154010 15 154530 15 155051 13 155572 12 156093 10 156614 8 157135 5
e23e11414ee645b51081fb202d38b793f0c8ef2940f8228ded384899d21b02c2,249122 6 249641 8 250160 9 250679 11 251198 12 251717 13 252236 14 252755 15 253274 16 253794 16 254313 18 254833 18 255353 18 255872 19 256391 20 256911 20 257431 20 257951 20 258470 21 258990 21 259510 21 260031 20 260551 19 261071 19 261591 19 262111 19 262631 19 263151 19 263671 18 264192 17 264712 17 265232 16 265753 14 266273 13 266794 10 267315 8
e23e11414ee645b51081fb202d38b793f0c8ef2940f8228ded384899d21b02c2,37618 10 38136 13 38655 15 39173 17 39692 18 40212 18 40731 19 41250 20 41769 21 42289 21 42808 21 43327 22 43847 21 44366 22 44886 21 45405 22 45925 21 46445 20 46965 19 47485 18 48006 15 48526 14 49046 13 49567 11 50088 9 50610 6
e23e11414ee645b51081fb202d38b793f0c8ef2940f8228ded384899d21b02c2,172023 2 172542 5 173061 7 173581 8 174102 8 174622 10 175142 11 175662 11 176182 12 176703 12 177223 12 177743 13 178264 12 178784 12 179305 12 179826 11 180347 11 180868 10 181389 9 181910 7 182431 2
e23e11414ee645b51081fb202d38b793f0c8ef2940f8228ded384899d21b02c2,194517 10 195034 14 195551 18 196068 21 196586 24 197105 25 197623 27 198142 28 198661 29 199180 29 199699 29 200219 28 200739 27 201259 26 201779 24 202298 22 202818 18 203339 16 203860 11
e23e11414ee645b51081fb202d38b793f0c8ef2940f8228ded384899d21b02c2,162025 7 162539 14 163046 29 163564 33 164083 35 164603 36 165123 36 165644 36 166165 36 166687 34 167208 33 167731 30 168253 28 168775 26 169297 23 169820 18 170347 10
e23e11414ee645b51081fb202d38b793f0c8ef2940f8228ded384899d21b02c2,189538 4 190056 7 190575 9 191094 11 191613 13 192133 13 192652 15 193172 16 193692 16 194212 16 194732 17 195252 17 195772 17 196292 18 196812 18 197332 18 197852 19 198373 18 198893 19 199413 19 199934 18 200454 18 200974 18 201495 18 202016 17 202536 17 203057 16 203577 16 204097 16 204618 15 205138 14 205659 13 206180 12 206701 10 207222 8 207743 6 208264 3
e23e11414ee645b51081fb202d38b793f0c8ef2940f8228ded384899d21b02c2,364 25 884 25 1404 25 1924 24 2444 23 2964 22 3485 20 4005 20 4525 19 5046 17 5567 14 6088 11 6611 3
e23e11414ee645b51081fb202d38b793f0c8ef2940f8228ded384899d21b02c2,290854 16 291374 22 291893 26 292413 28 292933 29 293453 30 293974 30 294495 30 295016 30 295538 28 296059 28 296580 28 297101 27 297622 26 298143 26 298663 26 299184 25 299705 24 300226 24 300747 23 301267 23 301788 21 302309 20 302831 17 303352 15 303873 11
e23e11414ee645b51081fb202d38b793f0c8ef2940f8228ded384899d21b02c2,229752 7 230270 12 230788 15 231307 17 231826 20 232345 22 232864 23 233383 25 233903 25 234423 25 234942 27 235461 28 235981 28 236500 29 237020 29 237540 29 238060 28 238581 26 239101 26 239621 25 240141 24 240662 21 241182 20 241703 17 242225 12 242747 9 243272 3
e23e11414ee645b51081fb202d38b793f0c8ef2940f8228ded384899d21b02c2,324969 7 325488 9 326007 11 326526 13 327045 15 327564 17 328084 18 328604 19 329124 20 329644 21 330164 21 330685 21 331205 21 331726 21 332246 21 332766 21 333287 21 333808 20 334328 20 334849 19 335370 18 335890 18 336411 17 336932 15 337455 11 337977 7 338499 4
e23e11414ee645b51081fb202d38b793f0c8ef2940f8228ded384899d21b02c2,153698 12 154214 17 154732 19 155250 22 155769 23 156287 26 156806 27 157325 28 157845 28 158364 29 158884 29 159404 29 159924 28 160444 27 160964 26 161485 24 162005 20 162526 13
e23e11414ee645b51081fb202d38b793f0c8ef2940f8228ded384899d21b02c2,282200 8 282718 14 283236 17 283755 20 284275 21 284795 22 285314 24 285340 2 285834 28 286354 28 286874 28 287394 28 287914 28 288434 28 288954 28 289474 29 289994 29 290515 27 291035 26 291556 25 292077 23 292598 21 293119 19 293640 17 294162 13 294683 6
e23e11414ee645b51081fb202d38b793f0c8ef2940f8228ded384899d21b02c2,113591 3 114110 6 114630 7 115150 8 115671 8 116191 9 116711 10 117232 10 117752 11 118272 12 118793 12 119313 13 119834 13 120355 12 120876 11 121398 10 121919 9 122441 7 122963 4
e23e11414ee645b51081fb202d38b793f0c8ef2940f8228ded384899d21b02c2,250456 3 250974 7 251492 13 252011 15 252530 16 253050 16 253570 17 254090 18 254609 19 255129 10 255141 8 255650 8 255662 7 256171 6 256182 7 256703 5
e23e11414ee645b51081fb202d38b793f0c8ef2940f8228ded384899d21b02c2,130 23 650 23 1171 22 1692 20 2213 19 2737 14 3258 10
e23e11414ee645b51081fb202d38b793f0c8ef2940f8228ded384899d21b02c2,62465 2 62983 7 63502 10 64022 11 64541 13 65061 14 65580 16 66100 16 66620 17 67139 18 67659 18 68179 18 68699 17 69219 17 69740 16 70260 17 70779 18 71299 17 71819 17 72339 16 72859 16 73379 16 73899 15 74420 14 74940 13 75460 12 75981 10 76502 8 77024 5 77545 2
e23e11414ee645b51081fb202d38b793f0c8ef2940f8228ded384899d21b02c2,47235 6 47754 8 48273 10 48791 12 49310 13 49829 15 50348 17 50867 18 51386 20 51905 22 52424 23 52944 23 53463 24 53983 24 54502 24 55021 25 55541 25 56061 24 56581 22 57102 20 57622 19 58143 17 58664 15 59186 12 59708 8 60230 5
e23e11414ee645b51081fb202d38b793f0c8ef2940f8228ded384899d21b02c2,28436 17 28954 20 29472 23 29990 26 30509 27 31029 27 31549 27 32069 27 32589 27 33109 27 33629 27 34149 27 34669 27 35189 27 35710 25 36231 23 36752 21 37273 13 37795 6
e23e11414ee645b51081fb202d38b793f0c8ef2940f8228ded384899d21b02c2,45130 5 45649 9 46168 14 46688 16 47207 18 47727 18 48246 19 48766 20 49285 21 49805 21 50326 20 50847 18 51368 15 51891 11 52415 4
e23e11414ee645b51081fb202d38b793f0c8ef2940f8228ded384899d21b02c2,238640 12 239158 17 239677 19 240196 22 240715 24 241234 25 241754 25 242273 26 242793 26 243312 27 243832 27 244352 26 244872 25 245392 25 245912 24 246432 23 246953 20 247474 17 247995 10 248516 6
e23e11414ee645b51081fb202d38b793f0c8ef2940f8228ded384899d21b02c2,104234 3 104742 17 105258 22 105775 25 106293 27 106811 29 107330 30 107850 30 108370 29 108890 28 109410 28 109930 27 110450 26 110971 24 111492 21 112013 18 112534 16 113055 12
e23e11414ee645b51081fb202d38b793f0c8ef2940f8228ded384899d21b02c2,343195 5 343713 8 344232 9 344752 9 345271 10 345791 10 346311 10 346831 10 347351 10 347871 10 348391 10 348912 9 349432 9 349952 9 350472 9 350993 8 351513 8 352034 7 352554 7 353075 6 353596 5 354116 5 354637 4 355158 3 355678 3 356199 2
e23e11414ee645b51081fb202d38b793f0c8ef2940f8228ded384899d21b02c2,59 25 579 25 1100 24 1620 24 2140 23 2661 21 3182 19 3703 17 4224 15 4745 12 5267 7 5788 5
e23e11414ee645b51081fb202d38b793f0c8ef2940f8228ded384899d21b02c2,311397 23 311914 27 312433 30 312952 32 313470 34 313989 36 314508 37 315027 38 315547 38 316067 38 316587 37 317107 37 317627 36 318148 34 318668 32 319189 29 319710 25 320231 23 320758 14 321280 9
e23e11414ee645b51081fb202d38b793f0c8ef2940f8228ded384899d21b02c2,2414 4 2932 9 3451 11 3970 13 4489 15 5008 17 5527 18 6046 19 6565 20 7085 20 7604 20 8124 20 8644 20 9164 19 9684 18 10205 16 10726 14 11247 11 11770 7 12292 2
e23e11414ee645b51081fb202d38b793f0c8ef2940f8228ded384899d21b02c2,53855 4 54374 6 54894 7 55414 8 55933 9 56453 9 56973 9 57493 10 58013 10 58533 10 59053 10 59573 10 60094 10 60614 10 61134 10 61655 9 62175 9 62695 9 63216 8 63736 7 64257 6 64778 6 65298 19 65818 20 66337 21 66857 21 67376 22 67896 22 68416 22 68936 22 69456 22 69976 21 70496 21 71017 19 71537 18 72057 17 72577 17 73098 15 73618 14 74138 14 74658 13 75178 13 75698 12 76218 12 76738 11 77258 11 77779 9 78301 5
e23e11414ee645b51081fb202d38b793f0c8ef2940f8228ded384899d21b02c2,75231 6 75748 10 76267 12 76786 13 77306 13 77825 14 78344 15 78864 16 79383 17 79902 18 80422 18 80942 18 81462 18 81981 19 82501 19 83020 20 83540 20 84059 20 84579 20 85099 20 85619 19 86140 18 86660 17 87180 16 87700 15 88221 13 88741 12 89262 8
e23e11414ee645b51081fb202d38b793f0c8ef2940f8228ded384899d21b02c2,339636 5 340154 8 340673 10 341193 11 341712 12 342232 13 342752 14 343272 14 343792 14 344312 14 344832 14 345352 15 345873 14 346394 12 346914 12 347435 10 347955 10 348476 8 348999 3
e23e11414ee645b51081fb202d38b793f0c8ef2940f8228ded384899d21b02c2,137947 5 138465 8 138984 10 139503 12 140022 13 140541 14 141061 15 141580 16 142100 17 142620 17 143140 18 143660 18 144180 18 144700 18 145220 18 145740 18 146260 18 146780 18 147300 17 147820 17 148341 16 148861 16 149382 15 149902 14 150422 14 150943 12 151464 10 151984 9 152505 7 153026 4
e23e11414ee645b51081fb202d38b793f0c8ef2940f8228ded384899d21b02c2,85931 3 86450 5 86970 6 87490 6 88010 6 88530 7 89050 7 89571 6 90091 7 90612 6 91132 6 91653 5 92174 3
e23e11414ee645b51081fb202d38b793f0c8ef2940f8228ded384899d21b02c2,166608 5 167126 8 167644 11 168163 13 168682 15 169201 16 169720 18 170239 20 170759 20 171278 20 171798 20 172317 21 172837 21 173357 21 173877 21 174397 21 174917 20 175437 20 175957 19 176477 19 176997 18 177517 18 178038 17 178558 17 179078 17 179598 17 180119 15 180640 14 181160 13 181681 12 182202 10 182723 8 183246 4
e23e11414ee645b51081fb202d38b793f0c8ef2940f8228ded384899d21b02c2,72004 10 72523 12 73042 13 73562 13 74081 15 74601 15 75121 15 75641 16 76161 16 76682 15 77203 14 77723 14 78244 13 78765 12 79285 12 79806 11 80326 11 80847 10 81367 10 81888 9 82408 8 82928 8 83448 8 83968 8 84489 5 85010 3
e23e11414ee645b51081fb202d38b793f0c8ef2940f8228ded384899d21b02c2,69168 6 69687 8 70206 9 70725 10 71245 10 71764 11 72284 11 72803 12 73323 12 73843 13 74363 13 74883 13 75402 14 75922 14 76442 14 76962 14 77482 14 78002 14 78522 14 79042 14 79562 14 80082 13 80603 12 81123 11 81643 11 82164 10 82684 10 83205 9 83725 9 84245 9 84766 7 85287 6
e23e11414ee645b51081fb202d38b793f0c8ef2940f8228ded384899d21b02c2,184256 6 184774 11 185293 13 185812 15 186331 17 186850 18 187370 18 187889 19 188409 19 188929 19 189449 19 189969 19 190489 19 191009 19 191529 19 192049 19 192569 18 193090 17 193611 16 194131 15 194651 14 195171 13 195692 10 196215 3
e23e11414ee645b51081fb202d38b793f0c8ef2940f8228ded384899d21b02c2,130721 6 131238 11 131756 14 132273 18 132792 20 133311 21 133826 26 134345 27 134864 28 135383 29 135903 28 136423 28 136942 28 137462 28 137982 27 138501 28 139021 27 139541 26 140061 24 140582 22 141102 18 141622 15 142143 11 142664 8 143185 5
e23e11414ee645b51081fb202d38b793f0c8ef2940f8228ded384899d21b02c2,163632 13 164150 16 164669 17 165188 19 165708 20 166227 22 166747 22 167266 23 167786 24 168305 25 168825 25 169345 25 169865 25 170384 26 170904 26 171425 25 171945 24 172466 23 172986 22 173506 21 174027 19 174548 17 175069 15 175591 12 176113 7
e23e11414ee645b51081fb202d38b793f0c8ef2940f8228ded384899d21b02c2,12425 11 12944 13 13463 15 13983 16 14503 16 15023 17 15543 17 16062 18 16582 18 17102 18 17622 18 18142 18 18662 18 19182 18 19702 18 20222 18 20742 18 21263 17 21783 16 22304 15 22825 13 23347 10 23869 6
e23e11414ee645b51081fb202d38b793f0c8ef2940f8228ded384899d21b02c2,329334 18 329853 21 330372 23 330892 24 331412 25 331932 26 332453 25 332973 26 333493 26 334013 26 334534 26 335054 26 335574 26 336095 25 336616 24 337137 23 337658 22 338180 21 338703 18 339228 13 339752 9 340273 7
e23e11414ee645b51081fb202d38b793f0c8ef2940f8228ded384899d21b02c2,212631 7 213147 12 213663 17 214181 20 214699 24 215218 26 215737 27 216256 29 216775 31 217295 32 217815 33 218335 33 218855 33 219376 32 219896 31 220417 29 220937 28 221457 28 221977 27 222498 25 223019 23 223540 21 224062 14 224584 8 225108 3
e23e11414ee645b51081fb202d38b793f0c8ef2940f8228ded384899d21b02c2,25522 8 26041 12 26560 14 27079 18 27599 19 28119 20 28639 20 29159 21 29679 22 30199 22 30719 22 31239 22 31759 22 32280 21 32800 21 33321 19 33842 17 34363 14 34886 9
e23e11414ee645b51081fb202d38b793f0c8ef2940f8228ded384899d21b02c2,165374 4 165889 14 166407 17 166926 19 167444 21 167963 22 168482 23 169001 24 169521 23 170041 22 170561 21 171081 20 171601 19 172121 17 172641 15 173161 12 173681 10 174201 8 174721 7 175241 5 175761 3 176281 2
e23e11414ee645b51081fb202d38b793f0c8ef2940f8228ded384899d21b02c2,243899 8 244417 11 244935 14 245454 15 245974 16 246494 16 247014 16 247534 16 248054 16 248573 17 249093 17 249612 18 250132 18 250652 18 251171 19 251691 19 252211 18 252731 18 253251 18 253771 17 254291 17 254811 17 255332 16 255853 14 256374 13 256894 12 257415 10 257936 7 258457 4
e23e11414ee645b51081fb202d38b793f0c8ef2940f8228ded384899d21b02c2,30137 2 30655 6 31174 8 31694 8 32214 9 32734 9 33254 9 33774 10 34293 11 34813 12 35333 12 35853 13 36373 14 36893 15 37413 16 37933 16 38453 17 38973 17 39493 17 40013 18 40534 17 41055 17 41575 17 42096 16 42617 16 43138 15 43660 13 44181 12 44703 10 45225 8 45750 2
e23e11414ee645b51081fb202d38b793f0c8ef2940f8228ded384899d21b02c2,1521 5 2039 10 2557 15 3076 20 3596 22 4116 24 4636 25 5156 26 5676 27 6196 28 6716 29 7236 30 7757 29 8277 30 8798 30 9320 28 9841 27 10363 25 10885 24 11406 23 11926 23 12447 22 12969 19
e23e11414ee645b51081fb202d38b793f0c8ef2940f8228ded384899d21b02c2,273733 6 274251 9 274770 12 275289 14 275808 16 276328 17 276848 18 277367 19 277887 19 278407 20 278927 20 279447 21 279967 22 280488 22 281008 24 281528 25 282049 25 282569 26 283090 26 283610 27 284130 28 284651 27 285172 27 285693 26 286214 25 286735 24 287256 23 287777 22 288299 20 288820 19 289341 17 289862 16 290384 13 290908 7
e23e11414ee645b51081fb202d38b793f0c8ef2940f8228ded384899d21b02c2,60537 6 61051 14 61567 19 62084 23 62603 25 63122 27 63639 30 64158 32 64677 33 65196 34 65715 35 66234 35 66753 36 67273 36 67793 35 68312 35 68832 34 69353 31 69873 29 70393 28 70914 25 71435 21 71956 18
e23e11414ee645b51081fb202d38b793f0c8ef2940f8228ded384899d21b02c2,212336 6 212855 10 213373 15 213892 17 214412 18 214931 21 215451 22 215971 22 216491 22 217011 22 217531 22 218052 21 218572 21 219093 20 219613 20 220134 19 220654 19 221175 18 221697 15 222218 14 222739 12 223263 5
e23e11414ee645b51081fb202d38b793f0c8ef2940f8228ded384899d21b02c2,98692 6 99210 9 99729 10 100248 11 100767 13 101286 14 101806 13 102326 13 102846 12 103366 12 103886 12 104405 13 104925 12 105444 12 105964 11 106484 11 107004 10 107524 10 108044 9 108564 8 109084 7 109605 4
e23e11414ee645b51081fb202d38b793f0c8ef2940f8228ded384899d21b02c2,208347 3 208864 7 209382 11 209901 13 210419 16 210938 18 211457 19 211976 20 212495 21 213015 21 213534 22 214053 23 214573 22 215092 23 215612 22 216131 23 216651 22 217171 21 217691 21 218211 20 218731 20 219251 19 219770 19 220290 18 220810 17 221331 15 221851 15 222371 14 222892 12 223414 8
e23e11414ee645b51081fb202d38b793f0c8ef2940f8228ded384899d21b02c2,86829 12 87348 13 87867 14 88387 14 88906 15 89426 15 89946 15 90466 15 90986 15 91506 15 92026 15 92547 14 93067 14 93588 13 94108 13 94629 12 95150 11 95671 10 96192 9 96714 7
e23e11414ee645b51081fb202d38b793f0c8ef2940f8228ded384899d21b02c2,201473 3 201989 8 202508 10 203027 15 203546 19 204066 20 204586 21 205106 21 205626 21 206146 22 206666 22 207187 21 207707 21 208228 20 208749 19 209269 19 209790 18 210310 18 210831 17 211351 17 211872 16 212392 15 212913 13 213434 10 213956 7
e23e11414ee645b51081fb202d38b793f0c8ef2940f8228ded384899d21b02c2,52478 14 52997 16 53516 18 54036 19 54556 19 55076 20 55596 22 56116 22 56636 22 57156 22 57676 22 58196 22 58717 21 59237 21 59758 20 60278 20 60799 19 61319 19 61840 18 62361 18 62881 18 63402 17 63923 17 64444 16 64966 13 65488 10 66009 7
e23e11414ee645b51081fb202d38b793f0c8ef2940f8228ded384899d21b02c2,21989 9 22508 11 23026 14 23545 16 24064 17 24583 18 25102 20 25621 21 26140 22 26660 22 27179 22 27699 22 28218 23 28738 23 29258 23 29778 23 30298 23 30818 22 31338 22 31857 22 32377 21 32897 20 33417 19 33937 18 34458 16 34979 15 35500 13 36020 12 36541 10 37062 7
e23e11414ee645b51081fb202d38b793f0c8ef2940f8228ded384899d21b02c2,246992 3 247509 10 248028 13 248547 14 249066 15 249586 15 250106 15 250626 15 251146 15 251666 15 252187 14 252708 13 253229 12 253750 11 254272 9 254793 8 255314 7 255836 5 256358 3
e23e11414ee645b51081fb202d38b793f0c8ef2940f8228ded384899d21b02c2,182669 6 183186 10 183704 13 184222 15 184741 16 185260 17 185780 17 186299 18 186819 19 187339 19 187859 19 188379 18 188899 18 189418 19 189938 19 190458 18 190978 18 191498 18 192018 18 192538 18 193058 17 193579 14 194101 3
e23e11414ee645b51081fb202d38b793f0c8ef2940f8228ded384899d21b02c2,217753 10 218271 14 218789 17 219306 22 219824 25 220342 27 220860 29 221379 30 221898 31 222417 32 222936 33 223456 32 223976 32 224496 31 225016 30 225536 30 226056 29 226576 29 227097 27 227618 26 228140 23 228662 20 229186 14 229709 9
e23e11414ee645b51081fb202d38b793f0c8ef2940f8228ded384899d21b02c2,29858 2 30374 13 30892 16 31410 19 31929 21 32448 23 32967 24 33485 26 34004 27 34523 28 35042 29 35561 30 36080 31 36600 31 37119 31 37638 32 38158 32 38678 31 39198 30 39718 29 40238 28 40758 27 41278 26 41798 24 42318 22 42839 20 43360 17 43881 13 44405 6
e23e11414ee645b51081fb202d38b793f0c8ef2940f8228ded384899d21b02c2,166492 6 167010 10 167529 12 168047 15 168566 17 169086 18 169605 20 170124 21 170644 21 171163 22 171683 23 172202 24 172722 24 173242 24 173762 24 174283 23 174804 22 175325 21 175846 19 176368 17 176889 16 177410 15 177931 13 178453 10 178974 8
e23e11414ee645b51081fb202d38b793f0c8ef2940f8228ded384899d21b02c2,216423 10 216941 15 217459 19 217978 21 218497 22 219016 24 219535 25 220055 25 220574 26 221094 26 221614 25 222134 24 222654 24 223174 23 223695 21 224215 21 224736 19 225256 18 225777 16 226297 14 226818 12 227339 9 227861 5
e23e11414ee645b51081fb202d38b793f0c8ef2940f8228ded384899d21b02c2,232126 6 232644 10 233163 12 233683 14 234202 16 234722 16 235242 17 235762 18 236282 21 236802 23 237322 24 237843 25 238363 26 238884 26 239405 25 239926 25 240448 23 240969 22 241491 20 242013 18 242536 15 243060 10 243583 5
e23e11414ee645b51081fb202d38b793f0c8ef2940f8228ded384899d21b02c2,270921 2 271441 4 271961 5 272481 6 273001 7 273521 8 274041 9 274561 9 275081 9 275601 9 276121 9 276641 9 277161 9 277681 9 278201 9 278721 9 279241 9 279761 9 280281 9 280801 9 281321 8 281841 7 282361 7 282881 6 283401 5 283921 3 284441 2
e23e11414ee645b51081fb202d38b793f0c8ef2940f8228ded384899d21b02c2,82064 2 82583 4 83102 6 83621 7 84141 7 84660 8 85180 8 85700 8 86219 8 86739 7 87259 7 87778 7 88297 8 88817 8 89338 6
e23e11414ee645b51081fb202d38b793f0c8ef2940f8228ded384899d21b02c2,37286 7 37801 14 38315 22 38834 24 39351 27 39869 29 40388 30 40908 31 41427 32 41946 33 42465 34 42985 34 43505 33 44026 32 44546 31 45066 31 45587 29 46108 27 46629 25 47150 22 47672 14 48194 7
e23e11414ee645b51081fb202d38b793f0c8ef2940f8228ded384899d21b02c2,181828 5 182344 13 182862 16 183380 19 183899 20 184418 21 184938 21 185457 22 185976 24 186495 25 187014 26 187534 26 188053 27 188572 28 189092 28 189612 27 190132 27 190652 27 191173 25 191693 25 192213 24 192733 23 193253 22 193774 20 194294 19 194814 18 195335 16 195855 15 196376 12 196898 5
e23e11414ee645b51081fb202d38b793f0c8ef2940f8228ded384899d21b02c2,260911 13 261430 15 261948 18 262467 20 262986 22 263506 23 264026 24 264546 25 265066 26 265586 26 266106 27 266626 28 267146 28 267667 28 268187 29 268708 28 269228 28 269748 28 270269 28 270790 27 271311 26 271832 24 272353 23 272874 22 273396 19 273918 17 274441 13 274965 7
e23e11414ee645b51081fb202d38b793f0c8ef2940f8228ded384899d21b02c2,42641 6 43161 8 43681 10 44201 11 44721 12 45241 13 45761 14 46281 15 46801 16 47321 16 47841 16 48361 16 48881 16 49401 15 49921 15 50441 15 50961 14 51481 14 52008 6
e23e11414ee645b51081fb202d38b793f0c8ef2940f8228ded384899d21b02c2,251812 18 252331 20 252848 24 253367 26 253886 27 254406 27 254926 27 255446 27 255966 27 256486 27 257007 26 257527 26 258047 25 258568 23 259091 20 259613 16 260134 13
e23e11414ee645b51081fb202d38b793f0c8ef2940f8228ded384899d21b02c2,129708 9 130225 14 130743 18 131262 20 131781 21 132300 23 132819 25 133339 25 133858 26 134377 27 134896 28 135416 28 135935 29 136455 29 136974 30 137494 30 138014 30 138534 30 139054 30 139574 29 140094 29 140614 28 141134 28 141654 27 142174 26 142694 26 143214 25 143735 23 144256 21 144777 18 145300 13
e23e11414ee645b51081fb202d38b793f0c8ef2940f8228ded384899d21b02c2,200783 3 201298 11 201814 17 202331 21 202849 24 203367 26 203886 27 204405 28 204924 29 205443 30 205963 29 206483 28 207003 27 207524 25 208045 21 208566 19 209089 13
e23e11414ee645b51081fb202d38b793f0c8ef2940f8228ded384899d21b02c2,160657 10 161176 12 161696 14 162215 17 162735 19 163255 19 163775 20 164296 20 164816 21 165337 21 165857 22 166378 21 166899 20 167419 20 167940 18 168462 16 168983 15 169507 10
e23e11414ee645b51081fb202d38b793f0c8ef2940f8228ded384899d21b02c2,72543 4 73061 7 73580 9 74099 11 74618 12 75138 12 75657 13 76177 13 76697 13 77217 12 77737 12 78257 12 78777 12 79297 12 79817 12 80337 12 80857 12 81377 12 81897 12 82416 13 82936 13 83456 13 83976 13 84496 14 85017 13 85538 12 86059 11 86580 9
e23e11414ee645b51081fb202d38b793f0c8ef2940f8228ded384899d21b02c2,135626 5 136143 10 136660 14 137179 15 137698 17 138217 18 138736 18 139255 19 139774 20 140293 21 140812 21 141332 21 141851 21 142370 21 142890 21 143409 21 143928 21 144448 20 144967 20 145486 20 146006 19 146526 18 147046 17 147565 17 148085 17 148605 16 149124 16 149644 15 150165 13 150686 10 151209 4
e23e11414ee645b51081fb202d38b793f0c8ef2940f8228ded384899d21b02c2,349699 4 350217 8 350734 13 351253 15 351772 17 352291 19 352810 21 353329 23 353849 24 354369 24 354889 24 355410 23 355930 23 356450 23 356970 24 357491 23 358013 21 358537 17 359058 15 359578 15 360098 15 360618 15 361138 14 361659 11
e23e11414ee645b51081fb202d38b793f0c8ef2940f8228ded384899d21b02c2,236740 13 237257 17 237776 19 238295 20 238814 21 239333 23 239851 25 240370 26 240890 26 241410 26 241930 26 242450 26 242970 26 243491 25 244011 25 244531 24 245052 23 245572 22 246093 21 246614 19 247135 17 247656 15 248178 12 248699 9
e23e11414ee645b51081fb202d38b793f0c8ef2940f8228ded384899d21b02c2,185025 3 185035 4 185544 5 185552 11 186063 23 186582 26 187101 28 187621 29 188140 31 188660 31 189180 32 189700 32 190220 32 190740 32 191260 32 191780 31 192301 30 192821 29 193342 27 193863 25 194384 23 194905 20 195427 17 195950 12 196472 6
e23e11414ee645b51081fb202d38b793f0c8ef2940f8228ded384899d21b02c2,128903 5 129421 8 129940 10 130459 12 130978 14 131497 17 132017 20 132536 23 133055 25 133574 26 134094 26 134613 27 135133 26 135652 27 136171 28 136691 27 137211 26 137731 25 138252 22 138772 21 139293 17 139814 9 140336 3
e23e11414ee645b51081fb202d38b793f0c8ef2940f8228ded384899d21b02c2,329610 5 330126 12 330644 16 331162 19 331681 21 332201 22 332720 24 333240 25 333759 26 334278 27 334798 28 335317 29 335837 30 336357 30 336877 30 337397 29 337917 29 338437 28 338958 26 339478 22 339999 16 340520 12 341042 7
e23e11414ee645b51081fb202d38b793f0c8ef2940f8228ded384899d21b02c2,292590 4 293100 19 293618 22 294137 25 294656 27 295176 29 295696 29 296217 29 296737 29 297258 29 297779 28 298299 28 298820 27 299341 26 299861 26 300382 25 300904 22 301425 21 301946 19 302468 16 302990 13 303512 8
e23e11414ee645b51081fb202d38b793f0c8ef2940f8228ded384899d21b02c2,9236 7 9754 10 10271 14 10790 15 11309 17 11828 19 12347 20 12866 21 13385 23 13904 24 14423 25 14943 26 15462 27 15982 27 16502 26 17022 26 17541 27 18061 27 18581 26 19102 25 19622 25 20142 24 20662 24 21183 22 21703 21 22224 19 22745 17 23266 15 23787 12 24310 8
e23e11414ee645b51081fb202d38b793f0c8ef2940f8228ded384899d21b02c2,74507 6 75022 13 75539 18 76057 21 76574 25 77093 27 77612 28 78132 28 78651 29 79171 28 79691 28 80211 27 80731 27 81251 26 81771 25 82291 23 82811 22 83331 18 83852 13 84373 9
e23e11414ee645b51081fb202d38b793f0c8ef2940f8228ded384899d21b02c2,340179 3 340697 8 341216 10 341736 10 342256 11 342775 12 343294 13 343814 13 344333 14 344853 15 345373 15 345892 16 346411 17 346930 18 347449 19 347968 20 348488 20 349007 21 349527 20 350047 20 350566 21 351086 21 351606 20 352125 20 352645 20 353165 19 353685 19 354205 18 354726 17 355247 15 355768 13 356290 10 356812 4
e23e11414ee645b51081fb202d38b793f0c8ef2940f8228ded384899d21b02c2,111660 2 112178 9 112696 12 113214 15 113733 17 114252 19 114772 20 115291 21 115810 23 116329 24 116849 25 117369 25 117889 25 118409 25 118929 25 119449 25 119969 25 120489 25 121009 25 121529 24 122049 24 122569 24 123090 22 123610 21 124131 20 124652 18 125173 15 125694 12 126215 10 126740 2
e23e11414ee645b51081fb202d38b793f0c8ef2940f8228ded384899d21b02c2,286011 6 286529 10 287048 12 287567 14 288087 14 288607 15 289127 15 289647 15 290167 14 290687 14 291207 13 291727 13 292247 12 292768 11 293290 9 293811 7 294332 5 294853 3
e23e11414ee645b51081fb202d38b793f0c8ef2940f8228ded384899d21b02c2,249298 13 249816 17 250335 20 250855 22 251375 23 251895 24 252415 25 252935 26 253455 26 253975 26 254495 26 255015 26 255535 26 256055 27 256575 27 257095 27 257616 26 258137 25 258658 23 259179 21 259702 17
e23e11414ee645b51081fb202d38b793f0c8ef2940f8228ded384899d21b02c2,23724 4 24242 9 24760 12 25278 15 25796 18 26315 20 26834 21 27351 24 27870 25 28389 26 28908 27 29427 28 29946 28 30466 28 30985 29 31505 28 32024 28 32544 28 33064 27 33584 26 34104 24 34624 23 35145 20 35666 18 36187 15 36708 11
e23e11414ee645b51081fb202d38b793f0c8ef2940f8228ded384899d21b02c2,86503 10 87022 13 87539 17 88058 19 88577 20 89095 23 89614 24 90133 25 90653 25 91172 26 91691 27 92210 27 92730 27 93249 28 93769 25 94288 25 94808 24 95328 23 95848 23 96367 23 96887 23 97408 22 97928 22 98449 16 98468 2 98970 10 99491 8 100013 5
e23e11414ee645b51081fb202d38b793f0c8ef2940f8228ded384899d21b02c2,9940 5 10459 10 10978 13 11497 16 12017 17 12537 18 13056 19 13576 20 14096 20 14615 22 15136 22 15658 20 16179 19 16699 20 17220 20 17740 20 18261 19 18782 19 19303 18 19824 17 20344 17 20865 16 21386 14 21907 13 22428 11 22950 8
e23e11414ee645b51081fb202d38b793f0c8ef2940f8228ded384899d21b02c2,28250 7 28769 9 29287 12 29806 14 30325 15 30844 16 31363 18 31882 19 32401 20 32920 21 33439 22 33958 23 34478 22 34997 23 35516 24 36035 25 36555 24 37074 25 37594 24 38113 23 38633 22 39152 21 39672 20 40192 20 40712 19 41233 17 41754 15 42275 14 42798 3 42806 2
e23e11414ee645b51081fb202d38b793f0c8ef2940f8228ded384899d21b02c2,311664 5 312180 10 312693 19 313210 23 313729 25 314248 26 314767 27 315286 29 315806 29 316326 29 316846 29 317366 29 317886 30 318406 30 318926 31 319445 32 319965 32 320486 31 321007 29 321528 28 322049 26 322570 23 323092 13
e23e11414ee645b51081fb202d38b793f0c8ef2940f8228ded384899d21b02c2,59684 5 60203 10 60722 15 61241 17 61760 19 62280 20 62800 21 63319 23 63839 24 64360 24 64881 24 65401 24 65921 24 66442 24 66962 24 67483 24 68004 23 68525 23 69046 22 69567 21 70088 21 70609 20 71130 19 71651 18 72172 17 72693 15 73215 13 73736 11 74259 7
e23e11414ee645b51081fb202d38b793f0c8ef2940f8228ded384899d21b02c2,72475 19 72994 21 73514 21 74033 22 74553 22 75073 22 75593 22 76112 23 76632 23 77152 23 77672 22 78192 21 78712 20 79232 20 79752 19 80272 19 80792 18 81313 16 81833 15 82353 13 82873 11 83394 9 83915 6
e23e11414ee645b51081fb202d38b793f0c8ef2940f8228ded384899d21b02c2,258597 10 259113 16 259629 21 260147 24 260666 25 261185 26 261704 27 262223 28 262742 28 263262 28 263781 28 264300 29 264820 28 265339 28 265859 28 266379 27 266899 25 267419 23 267939 20 268460 17 268982 12
e23e11414ee645b51081fb202d38b793f0c8ef2940f8228ded384899d21b02c2,224819 4 225335 9 225853 11 226372 12 226891 13 227409 15 227928 15 228447 16 228967 16 229487 16 230006 17 230524 18 231040 22 231558 24 232077 24 232596 24 233115 25 233633 26 234152 26 234671 26 235190 27 235710 26 236230 25 236755 18 237277 13 237798 11 238318 11 238837 13 239356 15 239876 16 240396 17 240916 18 241436 19 241956 19 242477 18 242998 17 243519 16 244040 14 244562 12 245083 10 245605 6
e23e11414ee645b51081fb202d38b793f0c8ef2940f8228ded384899d21b02c2,337353 2 337871 8 338390 11 338909 13 339428 15 339948 16 340468 17 340988 18 341508 19 342028 20 342548 20 343068 21 343588 22 344109 21 344629 21 345149 22 345670 21 346191 21 346712 20 347233 19 347754 19 348274 19 348795 18 349316 17 349836 17 350357 16 350878 15 351399 13 351920 11 352441 8
e23e11414ee645b51081fb202d38b793f0c8ef2940f8228ded384899d21b02c2,141120 8 141637 12 142154 16 142672 18 143190 20 143709 21 144229 20 144749 19 145269 18 145789 15 146310 12 146831 8
e23e11414ee645b51081fb202d38b793f0c8ef2940f8228ded384899d21b02c2,360311 10 360830 12 361349 15 361868 17
e23e11414ee645b51081fb202d38b793f0c8ef2940f8228ded384899d21b02c2,300640 2 301158 6 301677 8 302196 10 302716 11 303235 12 303755 13 304275 14 304795 14 305315 15 305834 17 306354 17 306874 18 307394 18 307913 20 308433 20 308952 21 309472 20 309992 20 310512 20 311032 19 311552 18 312071 18 312591 18 313111 17 313631 16 314151 16 314671 15 315192 14 315712 13 316232 13 316753 11 317274 9 317795 7
e23e11414ee645b51081fb202d38b793f0c8ef2940f8228ded384899d21b02c2,143999 5 144517 8 145035 11 145550 17 146067 20 146585 22 147104 23 147623 24 148142 25 148662 25 149182 24 149703 21 150223 20 150744 14 151265 7
e23e11414ee645b51081fb202d38b793f0c8ef2940f8228ded384899d21b02c2,301080 1 301598 3 302117 4 302637 4 303157 4 303677 4 304197 4 304717 4 305237 4 305758 3 306279 2
e23e11414ee645b51081fb202d38b793f0c8ef2940f8228ded384899d21b02c2,209185 4 209702 8 210220 11 210739 13 211258 15 211778 16 212297 18 212817 18 213337 18 213856 20 214376 20 214896 20 215415 21 215935 21 216455 21 216975 21 217495 20 218015 20 218535 20 219055 20 219575 20 220096 19 220616 18 221136 18 221657 16 222178 15 222698 14 223219 13 223739 12 224260 10 224782 7 225305 3
e23e11414ee645b51081fb202d38b793f0c8ef2940f8228ded384899d21b02c2,170787 6 171305 11 171823 14 172342 16 172861 18 173381 18 173901 19 174421 20 174941 21 175461 21 175981 22 176501 23 177022 22 177542 23 178062 23 178583 22 179103 22 179623 22 180144 21 180664 21 181185 20 181705 20 182226 18 182746 18 183266 18 183787 16 184308 15 184828 14 185349 13 185871 10 186392 8 186914 4
e23e11414ee645b51081fb202d38b793f0c8ef2940f8228ded384899d21b02c2,13271 5 13790 8 14310 9 14830 10 15350 11 15871 11 16391 12 16911 13 17432 12 17952 13 18473 13 18994 12 19515 11 20036 11 20557 10 21078 9 21599 7 22122 3
e23e11414ee645b51081fb202d38b793f0c8ef2940f8228ded384899d21b02c2,113959 14 114477 18 114995 21 115513 23 116032 25 116551 26 117070 27 117589 28 118108 29 118628 29 119147 30 119666 31 120186 31 120706 31 121226 30 121746 29 122266 28 122786 27 123306 26 123826 24 124346 23 124866 22 125387 20 125907 18 126428 14 126949 5
e23e11414ee645b51081fb202d38b793f0c8ef2940f8228ded384899d21b02c2,91817 2 92336 5 92855 7 93374 9 93894 9 94413 10 94933 11 95453 11 95972 13 96492 13 97012 13 97532 13 98052 12 98571 13 99091 13 99611 13 100131 13 100651 12 101171 12 101692 11 102212 10 102732 9 103253 8 103774 6 104295 4
e23e11414ee645b51081fb202d38b793f0c8ef2940f8228ded384899d21b02c2,205941 9 206455 18 206974 22 207493 25 208012 27 208531 29 209051 29 209570 31 210090 31 210610 31 211130 31 211650 30 212170 30 212691 28 213213 23 213736 16
e23e11414ee645b51081fb202d38b793f0c8ef2940f8228ded384899d21b02c2,74756 10 75273 16 75792 19 76311 21 76830 23 77349 25 77869 26 78388 28 78908 28 79428 28 79949 28 80469 28 80989 28 81510 28 82030 28 82551 27 83071 27 83592 26 84113 25 84635 22 85156 21 85677 19 86201 14 86724 9
e23e11414ee645b51081fb202d38b793f0c8ef2940f8228ded384899d21b02c2,90376 7 90895 9 91414 11 91934 11 92454 11 92973 12 93493 11 94013 11 94533 11 95053 10 95573 10 96093 10 96613 9 97133 9 97654 7
e23e11414ee645b51081fb202d38b793f0c8ef2940f8228ded384899d21b02c2,25082 5 25600 8 26118 13 26637 15 27156 16 27675 18 28195 18 28714 20 29234 20 29753 21 30273 21 30792 22 31312 22 31832 22 32352 22 32872 22 33392 22 33912 22 34432 22 34952 22 35472 22 35992 22 36512 22 37032 21 37552 21 38072 20 38592 19 39112 19 39632 18 40153 16 40673 16 41194 14 41714 13 42235 11 42756 9 43278 5
e23e11414ee645b51081fb202d38b793f0c8ef2940f8228ded384899d21b02c2,190443 12 190957 19 191475 21 191993 24 192512 25 193031 26 193551 25 194070 26 194589 27 195109 27 195629 27 196149 27 196669 26 197189 25 197709 24 198230 22 198750 21 199271 17 199792 15 200313 13 200835 10 201358 4
e23e11414ee645b51081fb202d38b793f0c8ef2940f8228ded384899d21b02c2,43935 4 44451 11 44968 17 45486 22 46004 27 46523 29 47042 30 47560 33 48079 35 48598 36 49118 36 49638 36 50157 37 50677 37 51197 36 51717 35 52237 34 52757 33 53278 31 53799 29 54320 26 54841 23 55362 19 55885 13 56408 2
e23e11414ee645b51081fb202d38b793f0c8ef2940f8228ded384899d21b02c2,53653 3 54171 7 54690 9 55209 11 55729 11 56248 13 56767 14 57287 14 57807 15 58327 15 58847 15 59366 16 59886 16 60406 16 60926 16 61446 16 61966 16 62486 16 63006 16 63526 16 64046 16 64567 15 65087 15 65607 14 66128 13 66648 12 67169 11 67689 11 68210 9 68730 8 69251 5
e23e11414ee645b51081fb202d38b793f0c8ef2940f8228ded384899d21b02c2,322420 5 322938 10 323457 12 323976 14 324496 16 325015 19 325535 21 326054 23 326574 24 327094 25 327614 26 328134 27 328654 28 329174 28 329694 29 330214 29 330734 30 331254 30 331774 30 332294 30 332815 28 333335 28 333856 27 334376 26 334897 25 335417 25 335938 23 336459 21 336980 20 337501 18 338022 16 338544 13 339066 10 339588 4
e23e11414ee645b51081fb202d38b793f0c8ef2940f8228ded384899d21b02c2,281124 5 281638 14 282157 17 282676 19 283195 22 283715 23 284235 23 284756 22 285277 21 285799 18 286321 6 286330 3
e23e11414ee645b51081fb202d38b793f0c8ef2940f8228ded384899d21b02c2,69115 15 69634 18 70154 21 70674 22 71194 23 71714 23 72234 24 72754 24 73274 24 73794 25 74314 25 74834 25 75354 25 75875 24 76395 24 76915 24 77435 24 77956 23 78477 22 78997 22 79518 20 80038 19 80559 16 81080 13
e23e11414ee645b51081fb202d38b793f0c8ef2940f8228ded384899d21b02c2,219444 11 219961 17 220481 18 221001 19 221521 20 222041 20 222561 20 223081 19 223601 19 224121 19 224641 18 225161 16 225681 15 226201 13
e23e11414ee645b51081fb202d38b793f0c8ef2940f8228ded384899d21b02c2,314900 5 315417 11 315936 13 316455 15 316975 16 317495 17 318015 18 318535 18 319056 18 319576 19 320096 19 320617 18 321137 18 321657 19 322177 19 322698 18 323218 18 323738 18 324259 17 324779 17 325299 17 325820 16 326341 15 326862 14 327382 14 327903 12 328424 10 328946 5
e23e11414ee645b51081fb202d38b793f0c8ef2940f8228ded384899d21b02c2,291254 9 291772 12 292289 16 292807 18 293324 22 293842 24 294361 25 294880 25 295399 26 295919 26 296439 26 296959 25 297479 25 297999 24 298519 24 299039 24 299559 23 300079 23 300600 22 301121 20 301643 18 302164 16 302687 10
e23e11414ee645b51081fb202d38b793f0c8ef2940f8228ded384899d21b02c2,209772 9 210291 11 210810 12 211330 13 211850 13 212370 13 212890 14 213410 14 213930 14 214450 15 214970 16 215490 17 216010 18 216531 18 217051 19 217571 20 218092 20 218613 20 219134 20 219655 20 220175 21 220696 20 221217 20 221737 20 222258 19 222779 17 223299 16 223820 13
e23e11414ee645b51081fb202d38b793f0c8ef2940f8228ded384899d21b02c2,170548 11 171067 14 171586 15 172106 15 172625 16 173145 16 173665 16 174185 16 174706 15 175226 15 175746 15 176266 15 176786 15 177307 14 177827 14 178347 14 178867 14 179387 14 179908 13 180429 12 180950 11 181471 10 181993 8 182516 3
e23e11414ee645b51081fb202d38b793f0c8ef2940f8228ded384899d21b02c2,147793 6 148312 8 148831 10 149350 12 149870 12 150389 13 150909 14 151429 14 151949 14 152469 14 152988 15 153508 15 154028 15 154548 15 155068 15 155588 16 156108 16 156628 16 157148 16 157668 16 158188 15 158708 15 159228 15 159748 15 160268 15 160788 15 161309 14 161829 14 162349 14 162869 14 163390 12 163910 12 164430 12 164950 11 165471 10 165991 9 166512 6 167033 3
e23e11414ee645b51081fb202d38b793f0c8ef2940f8228ded384899d21b02c2,172138 13 172656 16 173175 17 173694 19 174213 20 174732 21 175251 22 175770 23 176290 23 176809 23 177329 22 177849 21 178369 20 178889 18 179410 13 179934 3
e23e11414ee645b51081fb202d38b793f0c8ef2940f8228ded384899d21b02c2,93462 3 93976 12 94493 17 95011 20 95528 23 96045 27 96564 29 97081 32 97600 33 98118 35 98637 36 99157 35 99676 36 100195 36 100715 35 101234 35 101754 34 102274 33 102795 31 103315 29 103836 27 104358 23 104880 19 105406 11
e23e11414ee645b51081fb202d38b793f0c8ef2940f8228ded384899d21b02c2,227883 13 228399 18 228917 21 229435 24 229954 25 230473 27 230992 28 231511 29 232031 29 232550 30 233070 30 233590 30 234110 30 234630 30 235150 30 235671 29 236191 28 236712 26 237232 25 237753 23 238275 17 238796 5
e23e11414ee645b51081fb202d38b793f0c8ef2940f8228ded384899d21b02c2,201043 10 201561 13 202079 16 202598 17 203117 18 203635 21 204154 22 204674 22 205194 22 205714 21 206233 21 206753 19 207273 16 207793 14 208313 13 208834 11 209354 10 209875 9 210397 6
e23e11414ee645b51081fb202d38b793f0c8ef2940f8228ded384899d21b02c2,80917 3 81433 9 81952 11 82471 13 82990 15 83509 16 84028 17 84548 17 85067 18 85587 18 86107 18 86627 18 87147 18 87667 17 88187 17 88708 15 89228 14 89748 14 90268 13 90788 13 91308 12 91829 10 92349 9 92870 6
e23e11414ee645b51081fb202d38b793f0c8ef2940f8228ded384899d21b02c2,31721 7 32241 10 32761 15 33281 17 33801 18 34321 19 34841 20 35361 21 35881 21 36401 22 36921 22 37441 22 37961 22 38481 22 39001 21 39521 21 40042 19 40564 17 41087 13 41609 11 42133 6
e23e11414ee645b51081fb202d38b793f0c8ef2940f8228ded384899d21b02c2,335460 5 335979 7 336498 9 337016 12 337534 15 338053 17 338573 17 339093 16 339613 16 340133 16 340653 15 341173 15 341693 15 342213 15 342733 15 343253 14 343774 12 344295 10 344817 6
e23e11414ee645b51081fb202d38b793f0c8ef2940f8228ded384899d21b02c2,89035 4 89554 6 90074 6 90594 7 91114 8 91634 8 92155 7 92675 7 93196 6 93716 6 94236 6 94757 6 95278 5 95799 3
e23e11414ee645b51081fb202d38b793f0c8ef2940f8228ded384899d21b02c2,268319 2 268837 4 269356 5 269875 6 270394 7 270913 8 271432 9 271951 10 272471 10 272990 11 273510 11 274030 11 274550 11 275070 11 275590 11 276110 11 276631 10 277151 10 277672 9 278193 8 278714 7 279236 5 279757 4
e23e11414ee645b51081fb202d38b793f0c8ef2940f8228ded384899d21b02c2,7194 6 7712 10 8231 12 8750 14 9269 16 9789 16 10309 17 10829 17 11348 19 11868 19 12388 19 12908 20 13428 20 13948 20 14468 21 14988 21 15508 21 16028 21 16548 21 17068 21 17588 21 18109 20 18629 20 19149 20 19669 20 20190 19 20710 18 21230 18 21751 16 22271 16 22792 14 23313 13 23834 11 24355 9 24876 6
