e414b54f2036bcab61b9c0a966f65adf4b169097c13c740e03d6292ac076258c,30988 1 31243 3 31257 2 31498 4 31511 5 31753 6 31765 7 32008 21 32264 22 32519 24 32775 24 33031 24 33286 25 33539 29 33794 30 34050 30 34306 29 34563 28 34821 26 35078 24 35334 22 35590 21 35847 18 36105 14 36362 12 36619 11 36882 3
e414b54f2036bcab61b9c0a966f65adf4b169097c13c740e03d6292ac076258c,438 6 693 10 949 12 1205 13 1460 15 1715 17 1971 18 2227 18 2482 19 2738 19 2993 20 3249 20 3505 21 3761 21 4016 22 4272 22 4528 23 4784 23 5041 22 5298 21 5555 19 5812 17 6069 15 6325 15 6581 16 6838 16 7095 16 7354 13 7613 11 7870 11 8126 11 8383 11 8641 10 8898 9 9155 9 9412 9 9669 9 9927 7 10184 7 10441 6 10697 6 10953 6 11209 5 11466 3
e414b54f2036bcab61b9c0a966f65adf4b169097c13c740e03d6292ac076258c,34899 7 35148 15 35402 17 35657 18 35913 18 36169 18 36425 19 36681 19 36938 19 37195 21 37451 22 37708 22 37966 21 38223 20 38479 20 38735 20 38991 20 39247 20 39502 21 39757 23 40012 24 40267 25 40522 26 40778 26 41034 26 41290 26 41547 25 41804 24 42062 15 42079 4 42322 10
e414b54f2036bcab61b9c0a966f65adf4b169097c13c740e03d6292ac076258c,43838 13 44093 15 44349 16 44604 17 44860 18 45116 18 45372 18 45628 19 45884 19 46140 19 46396 19 46652 19 46908 19 47164 18 47421 16 47678 14 47935 12 48192 4 48198 4
e414b54f2036bcab61b9c0a966f65adf4b169097c13c740e03d6292ac076258c,193 12 449 12 705 12 961 12 1218 11 1475 9 1732 8 1989 6 2247 3
e414b54f2036bcab61b9c0a966f65adf4b169097c13c740e03d6292ac076258c,66190 3 66444 6 66697 9 66949 14 67204 17 67459 19 67713 22 67968 24 68224 24 68479 25 68734 26 68990 26 69246 26 69502 26 69759 24 70016 23 70273 21 70529 20 70786 18 71043 16 71300 12 71560 3
e414b54f2036bcab61b9c0a966f65adf4b169097c13c740e03d6292ac076258c,76550 6 76803 11 77058 13 77313 15 77569 16 77825 16 78081 16 78337 17 78593 17 78849 17 79105 17 79361 17 79617 17 79873 17 80129 17 80385 17 80641 18 80897 18 81153 18 81409 17 81665 16
e414b54f2036bcab61b9c0a966f65adf4b169097c13c740e03d6292ac076258c,56818 3 57073 9 57329 10 57584 12 57840 12 58096 13 58352 13 58608 13 58864 13 59121 12 59378 10 59634 9 59890 9 60147 7 60404 4
e414b54f2036bcab61b9c0a966f65adf4b169097c13c740e03d6292ac076258c,48637 3 48892 5 49147 6 49402 7 49657 8 49913 8 50169 8 50425 8 50682 7 50938 7 51194 7 51450 7 51707 6 51964 5 52221 4 52478 3 52735 2
e414b54f2036bcab61b9c0a966f65adf4b169097c13c740e03d6292ac076258c,63407 7 63655 17 63910 25 64165 27 64420 29 64676 30 64932 30 65188 30 65445 28 65702 27 65958 26 66214 23 66471 21 66728 9 66740 7 66987 5 66998 4
e414b54f2036bcab61b9c0a966f65adf4b169097c13c740e03d6292ac076258c,75694 9 75949 11 76204 12 76457 16 76711 18 76966 19 77222 19 77478 19 77734 20 77990 21 78245 23 78501 23 78756 24 79012 24 79267 25 79522 26 79778 25 80033 26 80288 26 80543 26 80798 27 81054 26 81310 26 81566 25 81823 23
e414b54f2036bcab61b9c0a966f65adf4b169097c13c740e03d6292ac076258c,68336 7 68589 11 68843 13 69098 14 69353 16 69609 17 69864 18 70120 18 70376 18 70631 19 70886 21 71142 22 71398 23 71655 22 71911 22 72168 21 72425 20 72682 19 72939 18 73197 16 73454 15 73715 9 73972 7
e414b54f2036bcab61b9c0a966f65adf4b169097c13c740e03d6292ac076258c,31940 5 32194 8 32448 12 32702 15 32957 18 33212 22 33467 24 33723 25 33979 25 34234 26 34489 27 34744 28 35000 29 35255 30 35511 30 35767 30 36023 30 36279 31 36535 31 36791 31 37047 31 37304 30 37560 30 37816 30 38072 29 38328 29 38584 29 38840 28 39097 27 39354 26 39612 23 39871 20 40128 18 40386 14 40645 8
e414b54f2036bcab61b9c0a966f65adf4b169097c13c740e03d6292ac076258c,42598 5 42853 11 43109 14 43365 15 43621 16 43877 17 44134 17 44390 17 44647 17 44903 17 45159 17 45415 18 45671 18 45927 18 46184 17 46440 17 46696 17 46952 18 47208 18 47464 18 47720 18 47976 19 48232 19 48488 19 48744 19 48999 20 49255 21 49510 23 49766 24 50021 25 50276 27 50531 28 50787 16 50806 9 51043 15 51063 7 51299 15 51320 4 51555 15 51811 15 52068 15 52325 15 52582 14 52838 14 53094 14 53351 13 53611 9 53869 6
e414b54f2036bcab61b9c0a966f65adf4b169097c13c740e03d6292ac076258c,1320 4 1575 6 1831 6 2087 6 2343 6 2600 4
e414b54f2036bcab61b9c0a966f65adf4b169097c13c740e03d6292ac076258c,26434 7 26689 11 26944 13 27199 15 27455 15 27711 15 27967 14 28223 14 28480 12 28736 12 28992 12 29248 11 29505 7 29764 3
e414b54f2036bcab61b9c0a966f65adf4b169097c13c740e03d6292ac076258c,3071 2 3326 3 3582 3 3838 3 4095 2 4351 2 4607 2 4862 3 5118 3 5374 3 5630 3 5886 3 6142 3 6398 3 6654 3 6910 3 7167 2
e414b54f2036bcab61b9c0a966f65adf4b169097c13c740e03d6292ac076258c,30550 9 30805 11 31061 12 31317 15 31573 16 31829 16 32086 16 32342 16 32598 16 32854 16 33111 15 33370 12 33627 11 33884 10 34141 9 34397 9 34654 7
e414b54f2036bcab61b9c0a966f65adf4b169097c13c740e03d6292ac076258c,25615 6 25870 8 26126 9 26381 11 26636 13 26892 13 27148 13 27404 14 27660 14 27916 14 28172 14 28428 14 28684 14 28939 15 29194 17 29450 17 29706 18 29963 17 30220 16 30477 15 30733 14 30989 13 31246 11 31502 9 31759 6
e414b54f2036bcab61b9c0a966f65adf4b169097c13c740e03d6292ac076258c,58057 8 58312 13 58567 15 58822 17 59078 18 59334 19 59589 21 59845 21 60100 22 60356 22 60612 22 60868 22 61124 21 61380 21 61637 19 61895 16 62152 15 62409 14 62667 12 62925 9 63182 3
e414b54f2036bcab61b9c0a966f65adf4b169097c13c740e03d6292ac076258c,78295 7 78545 16 78800 18 79055 20 79309 23 79564 24 79820 25 80076 26 80332 27 80587 28 80843 29 81099 43 81355 44 81611 44 81868 43
e414b54f2036bcab61b9c0a966f65adf4b169097c13c740e03d6292ac076258c,49444 7 49699 9 49954 11 50209 13 50463 16 50718 17 50973 18 51228 19 51482 21 51737 22 51992 23 52248 23 52503 23 52759 22 53015 21 53271 21 53528 19 53784 18 54040 18 54297 16 54553 16 54810 15 55066 14 55323 12 55580 10 55837 8 56094 5
e414b54f2036bcab61b9c0a966f65adf4b169097c13c740e03d6292ac076258c,67942 17 68197 19 68453 19 68709 19 68965 19 69222 18 69482 15 69740 13 69997 12 70253 12 70509 12 70766 10 71022 10 71279 8
e414b54f2036bcab61b9c0a966f65adf4b169097c13c740e03d6292ac076258c,55152 5 55167 5 55407 7 55422 8 55663 8 55675 12 55919 25 56176 24 56433 23 56690 23 56946 24 57203 24 57460 22 57716 22 57971 23 58226 25 58478 29 58732 32 58987 34 59242 17 59261 15 59497 16 59519 13 59752 16 59776 11 60007 16 60033 10 60262 14 60289 10 60517 13 60546 10 60773 12 60802 11 61029 11 61058 12 61285 6 61314 12 61542 4 61571 11 61827 11 62083 11 62340 10 62597 9 62854 8 63111 6
e414b54f2036bcab61b9c0a966f65adf4b169097c13c740e03d6292ac076258c,39738 6 39991 11 40242 17 40497 18 40753 18 41009 18 41265 17 41520 17 41769 23 42024 23 42280 21 42536 20 42792 19 43049 18 43307 16 43571 7 43828 6 44084 6 44341 4
e414b54f2036bcab61b9c0a966f65adf4b169097c13c740e03d6292ac076258c,61660 12 61914 17 62169 19 62425 19 62681 20 62936 21 63191 22 63447 22 63703 22 63960 21 64216 21 64473 20 64730 19 64987 17 65244 15 65501 13 65760 9 66019 3
e414b54f2036bcab61b9c0a966f65adf4b169097c13c740e03d6292ac076258c,56737 3 56992 6 57247 8 57502 10 57757 12 58012 14 58268 15 58524 16 58779 18 59034 19 59290 20 59545 22 59801 22 60057 22 60313 22 60569 23 60825 23 61081 24 61337 24 61593 24 61849 24 62105 24 62361 24 62617 23 62874 21 63131 19 63388 17 63644 11 63901 9 64158 5
e414b54f2036bcab61b9c0a966f65adf4b169097c13c740e03d6292ac076258c,44182 6 44437 10 44692 12 44947 15 45202 18 45457 20 45713 20 45969 21 46225 21 46480 22 46735 23 46991 23 47247 23 47503 23 47760 23 48017 22 48273 22 48530 21 48787 19 49045 17 49302 16 49559 14 49817 4
e414b54f2036bcab61b9c0a966f65adf4b169097c13c740e03d6292ac076258c,54924 11 55179 14 55435 16 55691 17 55947 18 56203 18 56459 18 56715 18 56971 18 57227 17 57482 18 57738 18 57994 18 58251 17 58507 17 58764 15 59023 8 59280 6
e414b54f2036bcab61b9c0a966f65adf4b169097c13c740e03d6292ac076258c,74384 3 74636 9 74891 11 75145 13 75399 16 75654 18 75909 19 76164 20 76420 20 76676 21 76932 21 77188 22 77444 22 77699 23 77955 22 78212 20 78473 15 78731 13 78989 10 79247 8 79505 5
e414b54f2036bcab61b9c0a966f65adf4b169097c13c740e03d6292ac076258c,47126 7 47381 9 47636 13 47891 17 48146 19 48401 21 48657 21 48912 22 49167 23 49422 22 49668 4 49677 22 49923 6 49932 22 50179 30 50435 28 50692 21 50716 2 50949 18 51207 15 51465 10 51722 8 51979 6
e414b54f2036bcab61b9c0a966f65adf4b169097c13c740e03d6292ac076258c,22255 11 22510 13 22766 13 23021 14 23277 14 23532 15 23788 15 24043 16 24299 17 24555 17 24810 18 25066 18 25322 18 25578 18 25834 18 26090 18 26345 19 26601 19 26857 19 27113 18 27370 17 27628 15 27885 13 28141 12 28397 11 28653 9 28910 6
e414b54f2036bcab61b9c0a966f65adf4b169097c13c740e03d6292ac076258c,45791 12 46043 17 46297 22 46552 25 46807 27 47063 27 47318 28 47574 28 47830 28 48087 26 48343 25 48599 25 48856 24 49112 23 49369 22 49626 20 49882 19 50139 17 50396 15 50652 14 50909 11 51166 8
e414b54f2036bcab61b9c0a966f65adf4b169097c13c740e03d6292ac076258c,22227 6 22482 13 22738 14 22993 15 23248 17 23501 20 23756 21 24011 21 24267 21 24522 22 24777 23 25033 23 25289 23 25545 23 25801 22 26057 22 26313 22 26569 22 26826 21 27083 20 27340 19 27598 17 27856 15 28113 14 28369 13 28626 10 28883 8
e414b54f2036bcab61b9c0a966f65adf4b169097c13c740e03d6292ac076258c,72958 3 73213 4 73469 4 73725 4 73981 4 74237 4 74493 4 74749 4 75005 4 75261 4 75517 4 75773 4 76030 3 76286 3 76543 2
e414b54f2036bcab61b9c0a966f65adf4b169097c13c740e03d6292ac076258c,55010 6 55265 8 55519 10 55773 13 56028 15 56283 16 56539 16 56795 16 57051 17 57307 17 57563 17 57819 17 58075 17 58330 18 58585 18 58841 18 59097 17 59353 16 59610 14 59867 13 60124 11 60381 8
e414b54f2036bcab61b9c0a966f65adf4b169097c13c740e03d6292ac076258c,73580 15 73835 17 74091 17 74346 19 74602 20 74858 22 75115 22 75372 21 75629 21 75887 20 76144 20 76401 19 76659 17 76916 16 77173 15 77429 15 77685 14 77941 14 78196 14 78453 13 78710 12 78966 12 79223 11 79479 10 79735 10 79992 9 80248 8 80505 6 80764 3 81021 1
e414b54f2036bcab61b9c0a966f65adf4b169097c13c740e03d6292ac076258c,61438 3 61693 4 61948 5 62203 6 62459 6 62715 6 62971 6 63227 6 63483 6 63740 5 63996 5 64252 5 64508 5 64765 4 65022 3
e414b54f2036bcab61b9c0a966f65adf4b169097c13c740e03d6292ac076258c,34707 10 34961 13 35215 16 35469 19 35721 24 35976 26 36231 30 36487 31 36742 34 36997 36 37252 37 37508 37 37764 37 38020 37 38276 36 38532 32 38788 31 39044 30 39300 29 39556 29 39812 28 40068 28 40324 27 40580 25 40837 22 41094 20 41352 3 41358 11 41615 9 41872 3
e414b54f2036bcab61b9c0a966f65adf4b169097c13c740e03d6292ac076258c,73823 4 74078 8 74334 10 74590 11 74845 13 75101 14 75357 15 75614 15 75870 15 76126 15 76382 16 76638 16 76895 16 77151 17 77408 17 77665 17 77921 17 78178 17 78434 19 78691 19 78948 18 79206 17 79463 16 79720 15 79977 15 80236 12 80493 12 80749 15 81005 16 81262 16 81520 14 81777 13
e414b54f2036bcab61b9c0a966f65adf4b169097c13c740e03d6292ac076258c,2836 5 3090 9 3345 11 3601 12 3857 14 4114 14 4370 15 4616 5 4625 17 4871 28 5127 29 5383 29 5639 29 5896 28 6152 28 6408 29 6664 29 6920 29 7177 28 7434 26 7691 24 7948 9 7965 5 8222 3
e414b54f2036bcab61b9c0a966f65adf4b169097c13c740e03d6292ac076258c,54978 5 55232 8 55485 12 55739 14 55993 16 56248 18 56504 18 56760 19 57016 19 57272 19 57529 18 57785 17 58041 16 58297 15 58554 13 58810 11 59066 10 59323 8 59580 6
e414b54f2036bcab61b9c0a966f65adf4b169097c13c740e03d6292ac076258c,9780 6 10024 23 10278 26 10531 30 10786 31 11040 34 11295 35 11550 36 11805 37 12061 37 12316 38 12571 39 12826 41 13081 43 13336 44 13591 45 13847 45 14102 46 14357 46 14613 46 14869 45 15125 45 15381 45 15637 44 15893 44 16149 44 16405 44 16662 43 16919 41 17176 40 17432 40 17689 39 17946 37 18203 36 18461 33 18719 31 18976 30 19233 28 19489 27 19746 24 20003 21 20260 17 20517 15 20775 11 21032 9 21289 7 21547 2
e414b54f2036bcab61b9c0a966f65adf4b169097c13c740e03d6292ac076258c,9182 11 9198 4 9437 22 9692 24 9947 25 10203 25 10458 25 10714 24 10970 23 11226 23 11482 23 11737 24 11993 24 12248 26 12504 27 12760 28 13016 29 13272 29 13528 29 13783 30 14039 30 14295 30 14551 29 14808 27 15065 25 15322 23 15579 22 15844 13 16105 8 16362 7 16619 5
e414b54f2036bcab61b9c0a966f65adf4b169097c13c740e03d6292ac076258c,37668 6 37922 9 38177 12 38433 13 38688 14 38942 16 39197 17 39452 19 39706 21 39961 22 40216 22 40472 13 40487 6 40729 11 40744 4 40985 11 41241 11 41497 12 41754 12 42011 11 42267 10 42524 9 42781 8 43038 6
e414b54f2036bcab61b9c0a966f65adf4b169097c13c740e03d6292ac076258c,66981 4 67232 10 67486 13 67740 15 67993 19 68248 20 68504 21 68760 21 69016 21 69272 22 69528 23 69783 24 70039 25 70294 26 70550 26 70807 25 71063 25 71320 24 71579 20 71838 6
e414b54f2036bcab61b9c0a966f65adf4b169097c13c740e03d6292ac076258c,53311 5 53563 10 53818 12 54073 13 54328 15 54582 17 54837 18 55092 20 55347 22 55602 23 55857 24 56112 25 56367 26 56622 27 56878 26 57134 26 57390 25 57645 26 57901 25 58157 24 58414 22 58670 21 58926 20 59183 18 59441 15 59698 12 59955 9
e414b54f2036bcab61b9c0a966f65adf4b169097c13c740e03d6292ac076258c,71681 5 71937 6 72193 7 72449 8 72705 9 72961 10 73217 11 73473 11 73729 11 73985 10 74241 10 74497 9 74753 9 75009 8 75265 7 75521 6 75777 5 76033 4 76289 3 76545 3 76801 2 77057 1
e414b54f2036bcab61b9c0a966f65adf4b169097c13c740e03d6292ac076258c,65 35 321 34 577 33 832 34 1087 35 1342 24 1369 8 1598 23 1626 5 1854 23 2111 22 2367 22 2623 23 2880 25 3137 25 3393 25 3650 24 3906 16 3925 4 4163 10 4420 8 4677 7 4934 5
e414b54f2036bcab61b9c0a966f65adf4b169097c13c740e03d6292ac076258c,55297 5 55553 8 55809 9 56065 10 56321 11 56577 12 56833 12 57089 12 57345 11 57601 11 57857 11 58113 11 58369 11 58625 11 58881 11 59137 11 59393 11 59649 11 59905 11 60161 11 60417 11 60673 11 60929 11 61185 10 61441 9 61697 7 61954 5
e414b54f2036bcab61b9c0a966f65adf4b169097c13c740e03d6292ac076258c,119 21 376 20 633 18 890 16 1148 13 1405 11 1662 7
e414b54f2036bcab61b9c0a966f65adf4b169097c13c740e03d6292ac076258c,64199 6 64453 11 64708 13 64963 15 65218 17 65473 18 65729 19 65985 19 66241 20 66497 20 66753 20 67008 22 67264 23 67520 23 67777 22 68033 21 68289 21 68545 21 68801 21 69057 20 69314 17 69571 15 69827 14 70084 12 70341 9 70598 5
e414b54f2036bcab61b9c0a966f65adf4b169097c13c740e03d6292ac076258c,36830 6 37084 11 37339 14 37594 16 37850 17 38105 19 38361 20 38617 20 38873 21 39128 23 39384 23 39640 24 39896 24 40153 23 40410 22 40666 22 40923 21 41179 20 41436 18 41694 15 41952 11 42210 8
e414b54f2036bcab61b9c0a966f65adf4b169097c13c740e03d6292ac076258c,765 1 1020 3 1275 6 1530 7 1785 8 2040 9 2295 10 2551 10 2807 10 3063 8 3319 7 3575 7 3831 7 4087 8 4343 8 4599 8 4855 7 5111 7 5368 6 5624 6 5881 5 6137 5 6393 5 6650 4 6907 3 7164 3 7420 5 7677 4
e414b54f2036bcab61b9c0a966f65adf4b169097c13c740e03d6292ac076258c,15309 3 15564 5 15819 6 16075 6 16330 6 16586 6 16842 6 17098 7 17110 3 17354 8 17365 5 17611 15 17868 14 18125 13 18382 11 18639 9 18896 7 19153 5
e414b54f2036bcab61b9c0a966f65adf4b169097c13c740e03d6292ac076258c,68444 3 68699 7 68954 9 69209 11 69464 14 69719 16 69974 17 70229 18 70485 17 70741 16 70997 16 71254 14 71512 11 71769 9
e414b54f2036bcab61b9c0a966f65adf4b169097c13c740e03d6292ac076258c,23672 4 23927 7 24183 8 24439 9 24695 9 24950 11 25205 13 25453 5 25460 15 25707 24 25962 25 26218 25 26474 25 26730 25 26986 25 27242 25 27498 25 27754 25 28010 24 28266 24 28523 22 28782 15 29039 13 29296 11 29553 5
e414b54f2036bcab61b9c0a966f65adf4b169097c13c740e03d6292ac076258c,47437 8 47692 11 47947 13 48202 15 48457 16 48712 18 48968 19 49224 19 49480 19 49736 19 49993 17 50250 15 50507 14 50763 13 51020 11 51276 9 51532 5 51789 3
e414b54f2036bcab61b9c0a966f65adf4b169097c13c740e03d6292ac076258c,46523 6 46777 13 47030 18 47285 21 47540 23 47796 23 48052 24 48308 24 48564 24 48820 24 49076 25 49332 25 49588 26 49844 26 50100 26 50356 25 50612 24 50869 22 51126 20 51383 18 51640 16 51899 12 52158 7
e414b54f2036bcab61b9c0a966f65adf4b169097c13c740e03d6292ac076258c,61709 18 61963 22 62218 25 62473 27 62729 28 62984 32 63240 33 63496 33 63751 35 64007 36 64263 36 64519 36 64774 37 65030 37 65286 36 65543 35 65799 35 66056 34 66312 34 66569 33 66826 32 67082 31 67339 29 67596 27 67853 25 68110 23 68368 19 68625 17
e414b54f2036bcab61b9c0a966f65adf4b169097c13c740e03d6292ac076258c,25766 5 26021 12 26276 14 26531 20 26786 22 27042 22 27298 22 27553 23 27809 24 28065 24 28321 24 28577 23 28833 23 29090 22 29346 23 29602 23 29858 23 30115 22 30372 21 30628 20 30884 19 31141 17 31398 14 31656 10
e414b54f2036bcab61b9c0a966f65adf4b169097c13c740e03d6292ac076258c,30578 3 30833 5 31088 6 31344 6 31599 8 31854 10 32108 12 32363 13 32619 13 32874 14 33130 14 33386 13 33642 13 33898 12 34154 11 34410 10 34666 9 34922 7 35178 6 35435 4
e414b54f2036bcab61b9c0a966f65adf4b169097c13c740e03d6292ac076258c,4480 3 4731 12 4986 14 5241 20 5495 23 5750 25 6005 27 6260 29 6515 31 6770 33 7025 35 7281 35 7537 35 7792 36 8047 37 8303 37 8559 37 8814 37 9070 36 9326 34 9582 32 9838 31 10094 27 10350 26 10606 23 10863 3 10869 15 11126 10
