e50ac10d1dce6496d092d966784ed3795969128ca0bc58199a36d558ed529203,57903 4 58151 13 58406 15 58660 17 58915 19 59170 21 59425 22 59680 23 59935 24 60190 25 60445 26 60700 27 60955 28 61210 29 61466 29 61722 29 61978 29 62234 29 62490 28 62746 27 63002 26 63258 24 63514 23 63770 22 64027 21 64284 19 64541 17 64798 16 65055 15 65311 15
e50ac10d1dce6496d092d966784ed3795969128ca0bc58199a36d558ed529203,9985 5 10241 10 10497 12 10753 15 11009 16 11265 17 11521 18 11777 19 12033 19 12289 20 12545 20 12801 20 13057 20 13313 21 13569 21 13825 21 14081 21 14337 21 14593 21 14849 21 15105 20 15361 20 15617 19 15873 18 16129 17 16385 16 16641 15 16897 14 17153 13 17412 7
e50ac10d1dce6496d092d966784ed3795969128ca0bc58199a36d558ed529203,21593 5 21846 10 22101 12 22356 14 22611 16 22866 17 23121 18 23377 19 23632 21 23888 21 24143 22 24399 22 24655 21 24911 21 25167 20 25423 20 25679 19 25935 19 26192 17 26448 16 26705 14 26962 12 27221 6
e50ac10d1dce6496d092d966784ed3795969128ca0bc58199a36d558ed529203,16865 6 17119 10 17373 13 17628 15 17883 17 18138 19 18393 21 18648 23 18903 24 19158 26 19414 26 19669 28 19925 28 20181 28 20437 28 20693 28 20949 28 21205 27 21462 25 21718 22 21975 18 22232 15 22489 11 22746 6
e50ac10d1dce6496d092d966784ed3795969128ca0bc58199a36d558ed529203,57931 5 58184 11 58439 13 58694 16 58948 19 59203 20 59459 21 59714 22 59970 23 60225 24 60481 24 60737 24 60993 24 61249 24 61505 24 61761 23 62017 22 62273 21 62529 20 62785 19 63042 17 63298 17 63555 15 63812 12 64070 8 64328 2
e50ac10d1dce6496d092d966784ed3795969128ca0bc58199a36d558ed529203,23016 7 23270 11 23525 13 23779 15 24033 18 24288 19 24543 20 24798 21 25053 21 25308 21 25563 20 25819 18 26075 17 26331 16 26588 14 26845 10 27102 7
e50ac10d1dce6496d092d966784ed3795969128ca0bc58199a36d558ed529203,16213 3 16466 9 16720 13 16975 15 17230 17 17485 19 17740 20 17996 21 18252 21 18508 21 18764 21 19021 20 19277 20 19533 19 19789 18 20046 16 20302 14 20559 10 20817 7
e50ac10d1dce6496d092d966784ed3795969128ca0bc58199a36d558ed529203,27010 8 27264 12 27519 14 27774 16 28030 16 28285 18 28541 18 28797 18 29053 18 29309 18 29566 17 29823 16 30080 15 30338 12
e50ac10d1dce6496d092d966784ed3795969128ca0bc58199a36d558ed529203,211 22 468 20 725 19 983 16 1240 14 1497 11 1754 8 2011 2
e50ac10d1dce6496d092d966784ed3795969128ca0bc58199a36d558ed529203,533 3 788 5 1043 6 1298 8 1553 11 1807 15 2062 17 2316 20 2571 22 2825 25 3080 27 3335 29 3591 30 3847 31 4103 32 4359 33 4615 33 4871 32 5127 31 5383 30 5639 29 5896 27 6152 27 6408 26 6664 25 6921 23 7177 23 7434 21 7694 14 7959 4
e50ac10d1dce6496d092d966784ed3795969128ca0bc58199a36d558ed529203,29466 4 29719 10 29973 13 30228 15 30483 17 30738 18 30994 18 31249 20 31505 20 31761 21 32017 21 32273 22 32529 22 32785 23 33041 23 33297 24 33553 24 33809 24 34065 23 34321 23 34578 21 34835 19 35092 17 35348 16 35605 14 35863 10 36120 7
e50ac10d1dce6496d092d966784ed3795969128ca0bc58199a36d558ed529203,35847 8 36102 10 36356 12 36611 14 36867 16 37122 18 37377 20 37633 22 37889 23 38145 24 38401 24 38657 25 38913 25 39169 25 39425 25 39681 25 39937 25 40194 24 40450 24 40707 22 40963 22 41220 20 41477 19 41734 17 41991 13 42248 10
e50ac10d1dce6496d092d966784ed3795969128ca0bc58199a36d558ed529203,22212 8 22463 14 22718 16 22973 17 23229 18 23485 18 23741 17 23997 17 24254 15 24510 15 24767 13 25024 10 25282 6
e50ac10d1dce6496d092d966784ed3795969128ca0bc58199a36d558ed529203,64091 4 64345 7 64599 10 64853 13 65108 15 65364 15
e50ac10d1dce6496d092d966784ed3795969128ca0bc58199a36d558ed529203,47617 1 47873 3 48129 5 48385 6 48641 7 48897 7 49153 7 49409 7 49665 7 49921 7 50177 8 50433 8 50689 9 50945 10 51201 10 51457 9 51713 9 51969 8 52225 6 52481 5
e50ac10d1dce6496d092d966784ed3795969128ca0bc58199a36d558ed529203,54785 8 55041 9 55297 10 55553 11 55809 11 56065 12 56321 12 56577 12 56833 12 57089 12 57345 12 57601 12 57857 11 58113 11 58369 10 58625 9 58881 8 59137 6
e50ac10d1dce6496d092d966784ed3795969128ca0bc58199a36d558ed529203,10980 8 11233 12 11483 19 11738 20 11994 20 12250 20 12507 19 12764 18 13021 17 13277 17 13533 17 13790 16 14047 15 14304 14 14560 14 14816 14 15072 13 15329 10 15587 6
e50ac10d1dce6496d092d966784ed3795969128ca0bc58199a36d558ed529203,174 20 430 20 687 19 943 18 1200 16 1457 14 1714 12 1972 9
e50ac10d1dce6496d092d966784ed3795969128ca0bc58199a36d558ed529203,43287 5 43540 9 43791 15 44046 17 44302 18 44557 19 44812 21 45067 22 45323 22 45578 24 45834 24 46089 25 46344 26 46599 27 46854 28 47110 28 47367 27 47623 26 47880 25 48136 25 48393 24 48650 23 48907 22 49164 20 49421 18 49678 16 49936 6
e50ac10d1dce6496d092d966784ed3795969128ca0bc58199a36d558ed529203,7535 5 7791 6 8047 7 8303 7 8558 8 8813 9 9068 10 9323 11 9580 11 9836 11 10092 11 10348 11 10605 9 10864 5
e50ac10d1dce6496d092d966784ed3795969128ca0bc58199a36d558ed529203,5422 2 5676 5 5931 6 6186 7 6441 8 6696 10 6951 12 7207 13 7462 14 7717 16 7973 17 8228 18 8483 19 8739 20 8995 20 9251 20 9507 20 9763 19 10019 19 10275 19 10531 18 10787 17 11044 15 11301 14 11558 12 11816 8
e50ac10d1dce6496d092d966784ed3795969128ca0bc58199a36d558ed529203,18047 9 18300 13 18555 15 18810 16 19065 18 19321 19 19576 22 19832 23 20088 24 20343 26 20599 26 20855 26 21111 26 21368 25 21624 24 21880 24 22137 23 22393 22 22650 21 22907 20 23164 19 23421 17 23679 14 23937 10 24197 2
e50ac10d1dce6496d092d966784ed3795969128ca0bc58199a36d558ed529203,972 2 1227 4 1482 9 1737 13 1993 14 2248 16 2504 16 2759 17 3015 18 3271 19 3526 20 3782 21 4038 21 4294 21 4550 21 4806 20 5062 19 5319 17 5575 16 5832 14 6089 11 6346 9 6603 7 6861 4
e50ac10d1dce6496d092d966784ed3795969128ca0bc58199a36d558ed529203,7672 9 7926 11 8181 12 8436 13 8691 14 8947 14 9203 14 9459 14 9715 14 9971 14 10228 13 10484 13 10741 12 10997 12 11253 12 11510 11 11766 11 12023 10 12279 10 12535 10 12792 9 13050 7 13308 5
e50ac10d1dce6496d092d966784ed3795969128ca0bc58199a36d558ed529203,15021 6 15276 8 15531 10 15786 12 16042 12 16297 13 16553 13 16810 12 17066 12 17322 12 17579 10 17835 9 18092 7 18350 4
e50ac10d1dce6496d092d966784ed3795969128ca0bc58199a36d558ed529203,28136 2 28379 16 28630 22 28885 23 29140 24 29395 26 29650 28 29905 29 30161 29 30416 30 30672 29 30928 28 31184 28 31441 26 31698 25 31954 25 32211 24 32467 25 32723 25 32980 23 33236 23 33492 22 33749 21 34005 20 34261 19 34518 17 34775 15 35033 12 35292 6
e50ac10d1dce6496d092d966784ed3795969128ca0bc58199a36d558ed529203,50970 9 51225 11 51478 15 51733 17 51989 17 52244 18 52500 18 52755 19 53010 20 53266 20 53522 20 53778 20 54035 19 54291 18 54548 8 54806 2
e50ac10d1dce6496d092d966784ed3795969128ca0bc58199a36d558ed529203,61192 11 61446 15 61701 17 61957 17 62213 18 62469 18 62724 19 62980 19 63235 21 63491 21 63747 22 64003 22 64259 22 64515 22 64771 22 65027 23 65284 22
e50ac10d1dce6496d092d966784ed3795969128ca0bc58199a36d558ed529203,28417 1 28673 5 28929 6 29185 8 29441 9 29697 9 29953 10 30209 10 30465 11 30721 11 30977 11 31233 11 31489 11 31745 11 32001 11 32257 11 32513 11 32769 11 33025 11 33281 11 33537 11 33793 10 34049 10 34305 9 34561 9 34817 8 35073 7
e50ac10d1dce6496d092d966784ed3795969128ca0bc58199a36d558ed529203,31430 2 31683 8 31938 10 32193 11 32448 13 32704 13 32960 14 33215 15 33471 16 33727 16 33984 15 34240 15 34496 15 34753 13 35010 11 35267 9 35524 7
e50ac10d1dce6496d092d966784ed3795969128ca0bc58199a36d558ed529203,74 17 328 20 583 22 838 24 1094 24 1350 24 1606 25 1862 25 2118 25 2374 25 2630 25 2886 24 3142 24 3399 23 3656 21 3913 20 4170 18 4427 16 4685 14 4942 12 5199 9 5461 2
e50ac10d1dce6496d092d966784ed3795969128ca0bc58199a36d558ed529203,1154 8 1407 13 1662 15 1916 18 2171 20 2426 22 2681 23 2937 23 3192 25 3448 25 3704 25 3959 26 4215 26 4471 26 4727 26 4983 26 5240 24 5496 24 5753 22 6010 21 6267 19 6523 18 6780 16 7037 14 7294 12 7557 4
e50ac10d1dce6496d092d966784ed3795969128ca0bc58199a36d558ed529203,38264 5 38518 8 38773 10 39028 12 39283 13 39539 14 39794 16 40050 17 40306 18 40562 20 40818 21 41074 22 41330 21 41586 21 41842 21 42099 20 42355 20 42611 20 42868 19 43127 16 43387 11 43644 8 43901 6 44159 4 44416 3 44673 2
e50ac10d1dce6496d092d966784ed3795969128ca0bc58199a36d558ed529203,29524 2 29778 8 30032 16 30287 18 30542 20 30798 21 31053 23 31309 23 31564 25 31820 25 32076 25 32332 26 32588 26 32844 26 33100 26 33357 25 33613 24 33869 24 34126 23 34382 22 34639 21 34895 20 35152 18 35409 16 35667 12
e50ac10d1dce6496d092d966784ed3795969128ca0bc58199a36d558ed529203,40357 2 40609 10 40862 14 41117 15 41371 17 41626 18 41881 19 42137 19 42392 19 42647 20 42903 19 43159 18 43416 17 43672 16 43929 14 44187 10 44446 4
e50ac10d1dce6496d092d966784ed3795969128ca0bc58199a36d558ed529203,7498 13 7752 16 8007 18 8262 19 8518 19 8773 20 9029 21 9285 21 9541 21 9797 21 10053 21 10309 21 10565 21 10821 21 11077 21 11333 21 11590 20 11847 19 12104 17 12362 15 12619 13 12877 9 13134 6
e50ac10d1dce6496d092d966784ed3795969128ca0bc58199a36d558ed529203,41096 5 41351 7 41607 8 41863 8 42119 8 42375 8 42631 8 42887 9 43143 9 43398 11 43652 14 43907 15 44163 15 44419 15 44675 15 44931 15 45188 14 45445 12 45702 10
e50ac10d1dce6496d092d966784ed3795969128ca0bc58199a36d558ed529203,43777 1 44033 2 44289 3 44545 4 44801 4 45057 4 45313 3 45569 2 45825 1 46081 1
e50ac10d1dce6496d092d966784ed3795969128ca0bc58199a36d558ed529203,44401 4 44656 8 44911 10 45166 12 45421 15 45676 17 45932 18 46188 19 46443 20 46699 21 46955 21 47211 22 47468 21 47724 21 47980 21 48237 19 48494 17 48750 16 49007 13 49265 9 49523 4
e50ac10d1dce6496d092d966784ed3795969128ca0bc58199a36d558ed529203,9056 5 9311 7 9566 14 9822 14 10077 15 10333 15 10588 17 10843 19 11098 20 11354 20 11610 20 11866 20 12123 18 12380 17 12637 15 12893 15 13149 15 13406 14 13666 9 13923 7
e50ac10d1dce6496d092d966784ed3795969128ca0bc58199a36d558ed529203,44029 4 44283 6 44537 8 44792 9 45048 9 45303 10 45559 10 45814 11 46070 11 46326 11 46582 11 46838 11 47094 11 47350 11 47606 11 47863 10 48119 10 48375 10 48632 9 48889 8 49146 7 49403 6 49661 4
e50ac10d1dce6496d092d966784ed3795969128ca0bc58199a36d558ed529203,20633 8 20887 12 21142 15 21398 16 21654 17 21910 18 22166 19 22421 20 22677 21 22933 21 23188 23 23444 23 23700 23 23955 24 24211 24 24466 24 24722 24 24978 23 25234 23 25490 22 25747 20 26003 20 26260 18 26516 16 26773 14 27031 11 27288 8
e50ac10d1dce6496d092d966784ed3795969128ca0bc58199a36d558ed529203,25086 2 25341 4 25594 7 25847 10 26102 11 26355 14 26610 15 26865 16 27121 16 27377 16 27634 15 27890 15 28147 14 28403 14 28659 14 28915 14 29172 13 29428 13 29684 13 29941 11
e50ac10d1dce6496d092d966784ed3795969128ca0bc58199a36d558ed529203,37469 6 37723 10 37978 12 38233 15 38488 17 38743 19 38999 20 39254 22 39510 22 39766 23 40022 23 40278 24 40534 24 40790 24 41046 24 41302 24 41559 23 41816 22 42073 20 42330 19 42587 17 42845 14 43103 10
e50ac10d1dce6496d092d966784ed3795969128ca0bc58199a36d558ed529203,31372 2 31621 11 31876 13 32131 15 32385 17 32640 19 32895 20 33151 20 33408 19 33664 18 33920 17 34177 16 34433 15 34690 12 34946 11 35203 8 35460 6 35717 4
e50ac10d1dce6496d092d966784ed3795969128ca0bc58199a36d558ed529203,5853 6 6108 8 6363 10 6618 12 6874 15 7129 17 7384 18 7640 18 7896 19 8152 19 8408 18 8664 18 8920 18 9176 18 9433 17 9692 13 9951 9 10210 5
e50ac10d1dce6496d092d966784ed3795969128ca0bc58199a36d558ed529203,16438 3 16690 10 16944 13 17198 16 17453 18 17709 19 17964 21 18219 22 18475 23 18730 24 18986 24 19241 26 19497 26 19753 26 20009 26 20265 26 20521 25 20777 25 21033 25 21289 24 21545 24 21802 23 22058 22 22315 20 22571 19 22828 17 23085 12 23343 8
e50ac10d1dce6496d092d966784ed3795969128ca0bc58199a36d558ed529203,6569 6 6822 11 7077 14 7332 16 7587 18 7842 19 8098 20 8353 21 8609 22 8865 22 9121 22 9376 24 9632 24 9889 23 10145 23 10401 23 10657 22 10914 21 11170 21 11427 19 11683 19 11940 17 12198 14 12456 11 12714 7
e50ac10d1dce6496d092d966784ed3795969128ca0bc58199a36d558ed529203,32767 2 33021 4 33276 5 33532 5 33787 6 34043 6 34298 7 34554 7 34810 7 35066 7 35322 7 35579 6 35835 6 36092 5 36348 5 36605 4 36863 2
e50ac10d1dce6496d092d966784ed3795969128ca0bc58199a36d558ed529203,10367 6 10620 10 10875 12 11129 14 11384 16 11639 17 11895 17 12150 18 12406 19 12661 20 12917 19 13172 19 13428 19 13684 19 13940 18 14196 17 14453 16 14710 15 14967 13 15224 12 15482 9 15740 6
e50ac10d1dce6496d092d966784ed3795969128ca0bc58199a36d558ed529203,24380 2 24635 7 24891 8 25147 9 25403 9 25659 9 25916 7 26173 6 26430 5 26686 5 26943 3
e50ac10d1dce6496d092d966784ed3795969128ca0bc58199a36d558ed529203,36240 5 36494 8 36749 10 37004 12 37259 14 37514 15 37769 17 38024 18 38280 19 38536 19 38792 19 39049 19 39306 18 39563 16 39820 13 40077 11 40334 9 40592 6 40849 4
e50ac10d1dce6496d092d966784ed3795969128ca0bc58199a36d558ed529203,37877 9 38132 11 38387 13 38642 15 38897 16 39153 16 39409 16 39665 16 39921 16 40177 16 40433 16 40690 15 40946 15 41203 14 41459 14 41716 13 41974 11 42232 9
e50ac10d1dce6496d092d966784ed3795969128ca0bc58199a36d558ed529203,10556 7 10810 10 11065 12 11320 13 11575 15 11831 16 12087 17 12342 18 12598 18 12854 19 13110 20 13366 20 13622 20 13878 20 14134 19 14390 19 14647 17 14903 16 15160 14 15417 12 15674 8 15932 5
e50ac10d1dce6496d092d966784ed3795969128ca0bc58199a36d558ed529203,34214 5 34467 10 34721 14 34976 16 35232 16 35487 18 35742 19 35998 19 36254 19 36511 19 36767 19 37024 18 37280 18 37537 17 37793 16 38049 16 38306 15 38564 12 38821 11 39081 6
e50ac10d1dce6496d092d966784ed3795969128ca0bc58199a36d558ed529203,41542 8 41796 13 42051 16 42306 18 42562 19 42818 20 43074 20 43330 20 43586 21 43842 21 44098 21 44354 21 44610 21 44866 21 45122 21 45379 20 45635 19 45891 19 46148 17 46404 16 46661 14 46918 12 47176 8
e50ac10d1dce6496d092d966784ed3795969128ca0bc58199a36d558ed529203,54556 6 54808 11 55063 12 55319 12 55575 13 55831 13 56087 13 56343 13 56599 12 56856 10 57114 8 57371 6
e50ac10d1dce6496d092d966784ed3795969128ca0bc58199a36d558ed529203,30 27 287 25 545 22 802 21 1059 19 1316 17 1573 15 1830 14 2086 13 2343 12 2600 11 2858 8
e50ac10d1dce6496d092d966784ed3795969128ca0bc58199a36d558ed529203,51253 7 51505 12 51760 14 52015 16 52271 16 52526 18 52782 18 53037 20 53292 21 53548 21 53803 22 54059 22 54315 22 54572 21 54828 20 55084 20 55340 19 55596 19 55852 18 56109 17 56368 13 56627 8 56886 4
e50ac10d1dce6496d092d966784ed3795969128ca0bc58199a36d558ed529203,12232 3 12485 9 12739 13 12994 15 13249 17 13504 18 13759 20 14015 20 14270 22 14526 22 14781 23 15037 23 15292 25 15548 25 15804 25 16060 24 16316 24 16572 24 16828 24 17085 22 17341 22 17598 21 17854 20 18111 18 18367 17 18624 15 18881 13 19139 10 19397 5
e50ac10d1dce6496d092d966784ed3795969128ca0bc58199a36d558ed529203,39722 9 39976 13 40231 16 40486 19 40742 20 40997 22 41253 22 41508 24 41764 24 42020 24 42276 25 42532 25 42788 25 43044 25 43300 25 43557 24 43813 24 44070 22 44326 21 44582 19 44839 13 45097 9
e50ac10d1dce6496d092d966784ed3795969128ca0bc58199a36d558ed529203,12689 8 12944 12 13199 15 13454 17 13709 19 13964 21 14220 22 14475 23 14731 24 14986 25 15242 25 15498 25 15754 25 16010 25 16266 24 16522 24 16779 23 17036 21 17293 19 17550 18 17806 17 18063 15 18321 12 18579 9 18836 6
e50ac10d1dce6496d092d966784ed3795969128ca0bc58199a36d558ed529203,45366 5 45614 15 45868 18 46120 22 46375 23 46631 23 46887 24 47143 24 47399 24 47655 24 47911 24 48166 24 48422 24 48679 23 48936 21 49192 20 49448 18 49705 14 49962 8
e50ac10d1dce6496d092d966784ed3795969128ca0bc58199a36d558ed529203,5988 5 6243 8 6498 10 6753 13 7008 15 7264 15 7520 15 7776 15 8033 14 8289 14 8546 12 8802 11 9061 7 9318 5
e50ac10d1dce6496d092d966784ed3795969128ca0bc58199a36d558ed529203,32827 6 33079 11 33333 14 33587 16 33842 18 34098 18 34354 18 34610 18 34866 18 35122 18 35378 18 35634 18 35891 16 36147 16 36404 14 36661 12 36918 10 37176 5
e50ac10d1dce6496d092d966784ed3795969128ca0bc58199a36d558ed529203,25644 8 25899 11 26154 14 26409 16 26664 18 26920 19 27175 20 27431 20 27687 20 27943 20 28199 21 28455 21 28711 21 28967 21 29223 22 29480 21 29736 21 29993 20 30249 20 30506 19 30762 19 31019 18 31275 17 31532 12 31789 7 32047 3
e50ac10d1dce6496d092d966784ed3795969128ca0bc58199a36d558ed529203,574 7 829 9 1084 10 1339 11 1594 12 1849 13 2104 14 2359 15 2615 15 2871 15 3127 15 3383 16 3639 16 3895 16 4151 16 4407 16 4663 16 4919 16 5175 16 5432 14 5689 12 5946 10 6203 8 6460 4
