e5384c905e9879cb6e8ff5250fb03155bc1db035d8dde458eece9078b7de8ff1,109463 13 109821 17 110179 21 110538 24 110898 25 111257 28 111617 29 111976 31 112335 33 112695 35 113055 36 113414 38 113774 39 114134 40 114494 41 114854 42 115214 42 115574 43 115934 44 116294 45 116655 45 117015 46 117375 48 117736 48 118097 48 118458 48 118819 48 119179 49 119540 48 119901 48 120261 48 120621 49 120982 48 121342 48 121703 47 122063 47 122424 46 122784 46 123145 45 123505 45 123866 44 124226 44 124587 43 124947 43 125308 42 125668 41 126029 40 126389 39 126750 36 127112 24 127137 6 127473 22 127833 21 128195 18 128557 13
e5384c905e9879cb6e8ff5250fb03155bc1db035d8dde458eece9078b7de8ff1,73767 7 74125 10 74484 12 74843 14 75202 16 75562 16 75922 17 76282 18 76642 19 77002 20 77362 21 77722 22 78082 23 78442 24 78802 25 79162 25 79521 27 79881 28 80241 28 80601 29 80961 30 81321 30 81681 31 82040 32 82400 33 82760 33 83120 34 83480 34 83840 35 84200 35 84560 36 84919 37 85279 37 85639 38 85999 38 86359 38 86719 38 87078 40 87438 40 87798 40 88160 38 88521 38 88881 38 89241 38 89601 38 89962 37 90322 37 90682 37 91042 37 91402 37 91763 36 92124 35 92484 34 92844 34 93205 33 93565 33 93926 32 94287 30 94648 29 95008 29 95369 27 95730 26 96091 24 96452 23 96813 21 97175 18 97537 15 97898 13 98260 10 98622 6
e5384c905e9879cb6e8ff5250fb03155bc1db035d8dde458eece9078b7de8ff1,6795 14 7153 19 7511 27 7870 31 8229 34 8588 38 8948 40 9307 42 9667 43 10027 44 10387 45 10747 45 11107 46 11467 47 11827 48 12187 48 12548 48 12908 49 13268 49 13629 48 13989 49 14349 49 14709 50 15070 49 15431 48 15792 47 16152 47 16513 46 16873 46 17234 45 17594 45 17954 45 18315 44 18675 44 19035 44 19396 43 19756 43 20117 42 20478 39 20839 36 21200 34 21562 32 21923 31 22284 23 22646 10 23007 6 23367 2
e5384c905e9879cb6e8ff5250fb03155bc1db035d8dde458eece9078b7de8ff1,69761 4 70117 10 70475 14 70834 17 71194 19 71554 21 71914 22 72274 23 72634 25 72994 26 73354 27 73714 28 74075 29 74435 30 74796 31 75157 32 75517 33 75877 34 76237 35 76598 34 76958 35 77318 36 77678 37 78039 36 78399 37 78759 37 79120 37 79480 37 79841 37 80201 37 80562 37 80922 37 81283 36 81643 36 82004 36 82364 36 82725 35 83085 35 83445 35 83806 34 84166 34 84526 34 84887 32 85247 32 85607 32 85967 32 86328 31 86688 31 87048 30 87409 29 87769 29 88129 29 88490 27 88850 27 89210 26 89570 25 89931 23 90291 22 90652 20 91013 17 91374 13 91736 6
e5384c905e9879cb6e8ff5250fb03155bc1db035d8dde458eece9078b7de8ff1,40416 11 40773 20 41132 24 41490 28 41848 33 42207 36 42566 40 42926 42 43285 45 43644 47 44004 48 44363 50 44722 51 45082 52 45442 52 45802 52 46162 52 46522 53 46882 53 47242 53 47602 53 47961 54 48321 54 48681 54 49041 54 49401 54 49761 54 50122 53 50482 53 50842 53 51202 53 51563 52 51923 52 52283 52 52643 52 53004 51 53364 51 53724 50 54085 49 54445 49 54806 47 55166 47 55527 46 55888 44 56249 42 56610 40 56971 38 57331 38 57692 36 58053 35 58414 34 58774 34 59135 32 59495 32 59856 30 60216 30 60577 29 60938 27 61299 26 61659 25 62020 23 62381 22 62743 19 63104 17 63465 14 63827 10 64191 4
e5384c905e9879cb6e8ff5250fb03155bc1db035d8dde458eece9078b7de8ff1,82244 4 82603 6 82963 6 83322 7 83682 7 84042 7 84402 7 84762 6 85123 4
e5384c905e9879cb6e8ff5250fb03155bc1db035d8dde458eece9078b7de8ff1,31694 14 32048 26 32407 31 32766 35 33125 38 33484 41 33843 44 34202 46 34562 46 34922 47 35282 48 35642 48 36002 48 36362 49 36722 49 37081 51 37441 52 37801 53 38161 53 38521 54 38882 53 39243 53 39603 54 39963 54 40323 54 40683 54 41043 54 41404 53 41764 53 42124 53 42485 52 42845 52 43206 51 43567 50 43928 48 44291 44 44654 41 45028 26 45391 23 45753 21 46114 19 46477 15 46838 13 47202 6
e5384c905e9879cb6e8ff5250fb03155bc1db035d8dde458eece9078b7de8ff1,96061 6 96419 11 96777 14 97136 17 97494 20 97853 21 98212 23 98571 25 98930 27 99290 28 99649 29 100008 31 100368 31 100727 33 101086 34 101446 34 101806 34 102165 35 102524 36 102884 36 103244 36 103603 36 103963 36 104322 36 104682 36 105041 37 105401 36 105761 35 106120 36 106480 36 106839 36 107199 35 107558 35 107918 35 108278 34 108637 34 108997 34 109357 33 109716 34 110076 34 110435 34 110795 33 111155 32 111514 32 111874 31 112234 30 112594 28 112954 28 113314 27 113674 26 114035 24 114396 22 114757 20 115118 17 115479 15 115841 8
e5384c905e9879cb6e8ff5250fb03155bc1db035d8dde458eece9078b7de8ff1,27584 10 27942 14 28301 16 28659 20 29016 24 29374 26 29732 29 30090 31 30448 33 30806 36 31163 39 31521 42 31880 44 32239 45 32599 46 32958 47 33317 48 33677 48 34037 48 34396 49 34756 49 35116 49 35476 49 35836 49 36196 49 36556 49 36916 48 37276 47 37636 47 37996 46 38356 45 38716 43 39076 42 39437 40 39797 39 40158 37 40518 36 40879 33 41240 31 41600 30 41961 27 42322 23 42684 18 43047 9
e5384c905e9879cb6e8ff5250fb03155bc1db035d8dde458eece9078b7de8ff1,141 44 189 3 502 43 549 2 867 25 894 12 908 3 1228 22 1256 15 1587 22 1617 14 1947 20 1979 12 2306 11 2341 10 2666 9 2702 9 3027 7 3063 8 3388 6 3424 6 3748 6 3785 4 4108 7 4469 6 4830 4
e5384c905e9879cb6e8ff5250fb03155bc1db035d8dde458eece9078b7de8ff1,71038 5 71395 10 71754 15 72114 17 72473 20 72833 22 73192 24 73552 26 73912 28 74271 31 74631 32 74991 33 75351 34 75711 36 76070 38 76430 39 76790 40 77150 41 77510 41 77870 42 78230 42 78590 43 78950 44 79310 44 79670 45 80030 45 80390 45 80750 45 81111 44 81471 43 81831 43 82191 43 82551 43 82911 43 83271 43 83631 43 83991 42 84351 42 84710 43 85070 43 85430 43 85790 42 86151 40 86511 39 86871 37 87232 35 87592 34 87952 33 88312 32 88672 30 89032 29 89392 28 89753 25 90114 22 90475 20 90836 18 91197 15 91558 13 91919 9
e5384c905e9879cb6e8ff5250fb03155bc1db035d8dde458eece9078b7de8ff1,72618 9 72975 16 73334 18 73694 20 74054 21 74413 22 74772 24 75131 26 75490 27 75850 27 76209 28 76569 29 76928 30 77288 30 77648 30 78007 32 78367 32 78727 32 79086 34 79446 34 79806 35 80166 35 80526 36 80886 36 81246 37 81606 37 81966 38 82326 38 82686 39 83046 39 83406 39 83766 40 84126 40 84486 40 84846 41 85207 40 85567 40 85928 39 86290 38 86652 36 87016 32 87381 28 87744 25 88105 24 88465 25 88825 25 89185 25 89545 25 89905 24 90265 24 90626 23 90986 22 91347 21 91707 20 92068 19 92429 17 92789 17 93150 16 93511 14 93872 11 94233 9 94597 3
e5384c905e9879cb6e8ff5250fb03155bc1db035d8dde458eece9078b7de8ff1,22307 7 22656 22 23013 26 23369 30 23726 33 24085 36 24444 37 24803 38 25163 38 25522 39 25882 39 26241 40 26601 40 26961 40 27320 41 27680 41 28040 41 28400 41 28760 41 29120 41 29480 41 29840 41 30200 41 30560 41 30920 41 31280 41 31640 41 32000 40 32360 39 32720 38 33081 36 33441 35 33801 33 34162 30 34522 28 34883 25 35244 21 35605 17 35968 9
e5384c905e9879cb6e8ff5250fb03155bc1db035d8dde458eece9078b7de8ff1,58 52 417 54 777 55 1136 57 1496 58 1856 59 2216 59 2575 60 2935 61 3295 62 3655 62 4015 62 4375 63 4735 63 5095 63 5455 63 5816 62 6177 61 6538 60 6900 58 7262 56 7623 55 7984 53 8344 53 8705 52 9066 50 9427 48 9788 46 10149 44 10510 42 10873 38 11234 35 11595 32 11957 27 12319 21 12682 14
e5384c905e9879cb6e8ff5250fb03155bc1db035d8dde458eece9078b7de8ff1,79655 4 80013 8 80371 11 80730 13 81088 16 81447 18 81806 20 82166 21 82525 22 82884 24 83243 25 83603 25 83962 27 84321 28 84681 29 85040 30 85399 31 85758 32 86117 34 86477 34 86836 35 87195 36 87554 38 87914 38 88273 39 88632 40 88991 41 89351 41 89710 43 90069 44 90429 44 90788 45 91148 46 91507 47 91867 47 92226 48 92586 49 92946 49 93305 50 93665 50 94025 50 94386 49 94746 49 95106 50 95466 50 95827 49 96187 49 96548 48 96908 48 97268 48 97628 47 97988 47 98349 46 98709 45 99069 44 99430 43 99790 42 100151 40 100511 39 100872 37 101233 35 101594 33 101955 30 102317 27 102678 23 103040 17
e5384c905e9879cb6e8ff5250fb03155bc1db035d8dde458eece9078b7de8ff1,15328 12 15685 17 16043 20 16400 25 16758 28 17117 30 17476 32 17835 34 18194 36 18553 38 18912 40 19272 41 19631 42 19990 43 20350 44 20709 45 21069 45 21428 46 21787 47 22147 47 22507 47 22866 48 23226 47 23586 47 23946 47 24307 45 24667 45 25027 44 25388 42 25748 41 26108 40 26468 39 26828 38 27188 37 27548 36 27908 34 28268 33 28628 31 28989 27 29349 25 29710 22 30071 19 30432 16 30793 13 31154 9
e5384c905e9879cb6e8ff5250fb03155bc1db035d8dde458eece9078b7de8ff1,103534 4 103893 6 104252 8 104612 9 104971 11 105331 11 105691 11 106051 11 106411 11 106771 11 107131 10 107491 10 107852 8
e5384c905e9879cb6e8ff5250fb03155bc1db035d8dde458eece9078b7de8ff1,77968 7 78326 10 78685 12 79044 14 79402 17 79761 19 80120 20 80479 22 80838 23 81197 25 81556 27 81914 29 82273 31 82632 32 82990 35 83349 36 83708 37 84067 39 84426 40 84785 41 85144 42 85503 44 85862 45 86221 46 86581 46 86940 47 87299 48 87658 49 88017 50 88377 50 88736 51 89095 52 89455 52 89814 52 90174 52 90533 53 90893 53 91253 52 91612 53 91972 52 92332 52 92692 51 93051 52 93411 51 93771 51 94132 49 94492 49 94852 48 95213 47 95573 46 95933 45 96293 43 96653 42 97014 39 97374 38 97735 35 98095 34 98456 31 98816 30 99177 26 99538 24 99900 21 100261 19 100623 16 100985 13 101349 7
e5384c905e9879cb6e8ff5250fb03155bc1db035d8dde458eece9078b7de8ff1,1 18 361 20 721 21 1081 22 1441 24 1801 25 2161 26 2521 27 2881 28 3241 29 3601 29 3961 30 4321 30 4681 30 5041 31 5401 31 5761 31 6121 31 6481 31 6841 31 7201 31 7561 31 7921 31 8281 31 8641 30 9001 30 9361 30 9721 29 10081 28 10441 27 10801 26 11168 17 11532 10
e5384c905e9879cb6e8ff5250fb03155bc1db035d8dde458eece9078b7de8ff1,61021 12 61377 17 61735 20 62093 23 62452 25 62811 26 63170 28 63529 29 63888 30 64247 31 64607 32 64966 33 65325 34 65685 34 66044 36 66404 36 66764 36 67123 37 67483 38 67842 39 68201 40 68561 40 68921 40 69281 40 69641 40 70000 41 70360 41 70720 41 71079 42 71439 42 71799 42 72159 42 72518 43 72878 43 73238 43 73598 43 73958 43 74318 43 74678 43 75038 42 75398 42 75758 42 76118 42 76478 42 76838 41 77198 41 77558 41 77918 40 78278 40 78638 40 78998 39 79358 39 79718 38 80079 37 80439 36 80800 34 81164 29 81526 26 81887 24 82248 22 82609 20 82969 18 83330 16 83691 14 84052 11 84413 8
e5384c905e9879cb6e8ff5250fb03155bc1db035d8dde458eece9078b7de8ff1,99237 12 99596 15 99955 17 100314 19 100673 21 101032 22 101392 23 101751 25 102110 27 102469 29 102829 29 103188 31 103547 32 103906 33 104266 34 104625 35 104984 36 105343 37 105703 38 106064 37 106424 37 106784 37 107145 36 107505 36 107865 37 108225 37 108585 37 108945 37 109306 36 109667 35 110028 33 110389 32 110749 32 111110 30 111471 28 111831 28 112192 26 112553 25 112914 23 113275 21 113635 20 113996 18 114357 16 114719 12 115083 2
e5384c905e9879cb6e8ff5250fb03155bc1db035d8dde458eece9078b7de8ff1,1715 7 2072 13 2430 16 2787 21 3146 23 3505 25 3864 27 4222 29 4581 31 4940 32 5299 33 5658 34 6017 35 6375 37 6734 38 7093 39 7452 40 7811 40 8170 41 8529 42 8888 43 9247 44 9606 44 9965 45 10324 46 10684 46 11044 46 11403 46 11763 46 12122 47 12482 46 12842 46 13202 46 13562 45 13922 45 14282 44 14642 44 15003 43 15363 42 15723 41 16084 39 16444 37 16805 35 17165 33 17525 32 17886 30 18247 28 18607 27 18968 24 19329 22 19689 21 20050 19 20411 16 20773 13 21134 9
e5384c905e9879cb6e8ff5250fb03155bc1db035d8dde458eece9078b7de8ff1,104182 7 104535 17 104894 19 105252 23 105611 26 105970 30 106329 33 106688 36 107047 38 107406 41 107766 42 108126 44 108485 45 108845 47 109204 49 109564 50 109924 50 110284 51 110644 52 111004 53 111364 54 111724 55 112084 55 112445 55 112805 55 113165 55 113525 56 113886 55 114246 55 114607 54 114967 54 115328 53 115688 53 116049 52 116409 52 116770 51 117131 50 117491 50 117852 49 118212 49 118573 48 118934 47 119294 46 119655 45 120016 43 120376 43 120737 41 121098 40 121459 38 121820 36 122180 35 122541 33 122902 31 123263 28 123624 25 123986 21 124347 18 124712 9 125074 2
e5384c905e9879cb6e8ff5250fb03155bc1db035d8dde458eece9078b7de8ff1,122482 7 122841 11 123199 14 123558 18 123917 20 124276 22 124635 23 124994 25 125353 27 125712 28 126071 30 126431 30 126790 32 127149 33 127509 34 127868 35 128228 36 128587 37 128947 38 129307 38
e5384c905e9879cb6e8ff5250fb03155bc1db035d8dde458eece9078b7de8ff1,117572 15 117590 11 117929 35 118285 40 118642 45 119001 47 119360 49 119719 51 120078 53 120437 54 120796 56 121155 58 121515 58 121874 60 122233 61 122593 61 122952 62 123312 62 123672 62 124032 62 124391 63 124751 63 125111 62 125471 62 125830 63 126190 62 126550 62 126909 62 127269 61 127629 60 127989 59 128349 58 128709 57 129069 56 129429 55
e5384c905e9879cb6e8ff5250fb03155bc1db035d8dde458eece9078b7de8ff1,120961 7 121321 11 121681 13 122041 14 122401 16 122761 17 123121 18 123481 19 123841 20 124201 21 124561 21 124921 22 125281 22 125641 23 126001 24 126361 24 126721 24 127081 25 127441 25 127801 26 128161 26 128521 26 128881 27 129241 27
e5384c905e9879cb6e8ff5250fb03155bc1db035d8dde458eece9078b7de8ff1,37386 8 37743 13 38102 15 38460 17 38819 19 39178 21 39537 23 39896 24 40255 25 40614 27 40973 28 41332 30 41691 31 42051 31 42410 33 42769 34 43128 35 43487 36 43847 37 44206 38 44566 38 44926 39 45286 39 45646 39 46005 41 46365 41 46725 41 47085 42 47445 42 47806 41 48166 42 48526 42 48886 42 49246 42 49606 42 49966 43 50327 42 50687 42 51048 42 51409 41 51769 41 52130 41 52490 41 52850 41 53210 41 53571 40 53931 40 54292 39 54653 38 55013 38 55374 37 55735 36 56096 35 56457 34 56818 32 57179 31 57540 30 57901 28 58262 26 58623 25 58984 23 59345 21 59706 19 60068 16 60429 14 60790 11 61152 7
e5384c905e9879cb6e8ff5250fb03155bc1db035d8dde458eece9078b7de8ff1,72728 11 73086 16 73444 21 73803 24 74162 26 74521 29 74881 30 75241 31 75601 32 75961 33 76321 33 76681 34 77041 34 77401 35 77761 35 78121 36 78481 36 78841 36 79201 36 79561 36 79921 36 80281 36 80641 36 81001 36 81361 36 81721 36 82081 36 82441 36 82801 36 83161 36 83521 36 83881 36 84241 36 84601 36 84961 36 85321 35 85681 35 86041 35 86401 35 86761 35 87121 34 87481 34 87841 34 88201 34 88561 33 88921 33 89281 32 89641 31 90002 29 90364 26 90726 23 91090 18 91453 13 91817 6
