e5a7b8a9924b26b3abf039255a8a3bb00258f4966f68ff3349560b4350af9367,79127 11 79485 16 79843 20 80201 25 80560 27 80919 30 81277 33 81636 36 81995 38 82354 40 82713 42 83073 42 83432 44 83791 45 84151 45 84511 46 84871 46 85231 46 85590 47 85951 46 86312 45 86672 44 87032 44 87393 42 87753 42 88113 41 88473 41 88834 39 89194 38 89554 37 89914 36 90274 35 90634 35 90994 34 91354 33 91714 33 92074 32 92434 32 92795 31 93155 30 93515 30 93875 30 94236 29 94596 28 94956 28 95316 28 95677 26 96037 25 96398 24 96758 23 97120 20 97481 19 97842 17 98202 15 98563 13 98924 9
e5a7b8a9924b26b3abf039255a8a3bb00258f4966f68ff3349560b4350af9367,122896 8 123254 12 123612 15 123971 18 124330 20 124689 22 125048 24 125408 25 125767 27 126127 28 126487 29 126847 30 127206 31 127566 31 127926 32 128286 32 128646 32 129006 32 129366 32
e5a7b8a9924b26b3abf039255a8a3bb00258f4966f68ff3349560b4350af9367,91051 3 91410 5 91770 5 92130 5 92490 5 92851 3
e5a7b8a9924b26b3abf039255a8a3bb00258f4966f68ff3349560b4350af9367,108674 10 109030 19 109388 23 109746 27 110105 29 110463 32 110821 35 111180 36 111540 37 111899 39 112258 40 112617 41 112976 43 113336 43 113695 44 114055 44 114415 44 114774 45 115134 46 115494 46 115854 46 116214 46 116574 46 116934 46 117294 46 117655 45 118015 45 118375 44 118736 43 119096 43 119456 43 119817 42 120177 42 120537 42 120897 42 121258 40 121618 40 121979 39 122339 39 122700 37 123061 36 123423 34 123784 32 124145 31 124506 29 124867 28 125228 26 125589 24 125950 22 126311 21 126673 18 127034 16 127396 11 127760 3
e5a7b8a9924b26b3abf039255a8a3bb00258f4966f68ff3349560b4350af9367,59808 2 60164 10 60520 17 60879 20 61237 23 61596 25 61954 28 62313 30 62670 34 63028 37 63387 38 63746 39 64105 41 64464 42 64823 44 65183 44 65542 45 65902 45 66261 47 66621 47 66980 48 67340 48 67699 50 68058 51 68418 51 68777 52 69137 52 69497 53 69856 54 70216 54 70575 55 70935 55 71295 55 71655 55 72014 56 72374 56 72734 56 73094 56 73454 56 73814 56 74174 55 74533 56 74893 55 75254 54 75614 53 75974 52 76334 51 76695 50 77055 49 77415 48 77775 47 78135 46 78496 43 78856 42 79217 39 79577 37 79938 35 80298 34 80659 31 81020 29 81381 27 81742 25 82103 22 82465 17 82829 9
e5a7b8a9924b26b3abf039255a8a3bb00258f4966f68ff3349560b4350af9367,120960 1 121319 2 121679 2 122039 2 122399 2 122758 3 123118 3 123478 3 123838 3 124198 3 124558 3 124918 3 125279 2 125639 2 125999 2 126359 2 126719 2 127079 2 127440 1
e5a7b8a9924b26b3abf039255a8a3bb00258f4966f68ff3349560b4350af9367,53641 1 54001 2 54361 2 54721 3 55081 3 55441 4 55801 4 56161 4 56521 5 56881 5 57241 5 57601 5 57961 5 58321 5 58681 5 59041 6 59401 6 59761 6 60121 6 60481 5 60841 5 61201 5 61561 4 61921 4 62281 4 62641 4 63001 3 63361 3 63721 3 64081 3 64441 2 64801 2 65161 1 65521 1
e5a7b8a9924b26b3abf039255a8a3bb00258f4966f68ff3349560b4350af9367,80262 5 80618 14 80977 16 81336 19 81694 22 82053 24 82413 25 82773 26 83132 29 83491 30 83851 30 84211 30 84571 30 84931 30 85291 30 85651 30 86011 30 86371 30 86731 30 87091 30 87451 30 87811 30 88171 30 88532 29 88892 29 89252 29 89612 29 89972 29 90332 29 90691 30 91054 27 91415 26 91775 26 92135 26 92495 26 92856 25 93217 24 93578 23 93939 22 94301 20 94662 19 95023 18 95384 17 95745 16 96107 14 96471 10 96832 9 97193 8 97554 7 97916 5 98278 3
e5a7b8a9924b26b3abf039255a8a3bb00258f4966f68ff3349560b4350af9367,59533 16 59890 23 60248 27 60606 32 60964 35 61322 38 61681 40 62039 43 62398 45 62756 48 63115 50 63474 51 63833 52 64191 55 64550 56 64909 57 65268 58 65627 59 65986 60 66345 61 66705 61 67064 62 67423 63 67782 64 68141 65 68500 66 68859 67 69219 67 69578 67 69937 68 70297 68 70656 68 71016 67 71375 68 71734 68 72094 68 72453 68 72812 68 73172 68 73532 67 73891 68 74251 67 74610 67 74970 66 75330 65 75690 64 76050 62 76410 61 76770 59 77130 58 77490 56 77850 54 78210 52 78570 51 78930 49 79291 46 79651 44 80012 42 80373 40 80734 38 81095 34 81457 30 81818 27 82180 21 82543 14 82906 4
e5a7b8a9924b26b3abf039255a8a3bb00258f4966f68ff3349560b4350af9367,22954 9 23311 15 23669 24 24028 28 24387 31 24746 33 25105 35 25465 36 25824 37 26184 38 26543 39 26903 39 27263 40 27622 41 27982 41 28342 41 28702 42 29062 42 29421 44 29780 45 30140 46 30500 46 30859 47 31219 48 31579 49 31939 50 32299 51 32660 51 33020 52 33380 54 33741 53 34101 54 34462 53 34823 52 35184 51 35544 51 35905 50 36267 48 36629 45 36990 44 37352 10 37369 24 37733 19 38096 16 38459 11
e5a7b8a9924b26b3abf039255a8a3bb00258f4966f68ff3349560b4350af9367,30965 12 31321 20 31681 23 32041 25 32401 26 32761 27 33121 28 33481 29 33841 30 34201 30 34561 31 34921 31 35281 31 35641 31 36001 31 36361 31 36721 31 37081 31 37441 30 37801 30 38161 30 38521 29 38881 28 39241 27 39601 25 39961 24 40321 23 40681 19 41041 17 41401 13 41761 7 42121 3 42481 1
e5a7b8a9924b26b3abf039255a8a3bb00258f4966f68ff3349560b4350af9367,95764 7 96122 10 96481 12 96841 13 97201 14 97561 14 97921 14 98281 14 98641 14 99001 14 99361 14 99721 14 100081 13 100442 11 100804 8
e5a7b8a9924b26b3abf039255a8a3bb00258f4966f68ff3349560b4350af9367,84861 5 85219 9 85578 12 85937 14 86296 16 86655 17 87015 17 87374 19 87734 19 88093 20 88453 20 88812 22 89171 23 89531 23 89890 24 90250 24 90609 25 90969 25 91328 26 91688 26 92047 27 92406 28 92765 30 93124 31 93483 32 93842 33 94201 35 94561 35 94920 36 95280 36 95639 38 95998 39 96358 40 96718 40 97078 40 97438 40 97798 40 98158 40 98518 40 98879 39 99239 39 99600 38 99960 38 100320 38 100681 37 101041 37 101402 35 101762 35 102122 34 102483 32 102844 31 103205 29 103566 27 103928 24 104289 21 104653 16 105015 12
e5a7b8a9924b26b3abf039255a8a3bb00258f4966f68ff3349560b4350af9367,72891 18 73248 24 73602 32 73961 34 74319 37 74677 40 75036 42 75395 44 75754 46 76112 49 76471 50 76829 53 77188 54 77546 57 77904 59 78262 62 78621 63 78979 65 79337 67 79695 69 80054 70 80413 71 80772 72 81130 74 81490 73 81849 73 82209 72 82568 72 82928 71 83288 70 83647 70 84007 69 84366 69 84726 67 85086 65 85445 64 85805 61 86165 58 86525 55 86885 51 87245 48 87605 45 87965 42 88325 40 88685 38 89046 36 89406 33 89766 31 90126 30 90487 28 90848 25 91209 23 91570 21 91931 19 92292 16 92653 14 93014 11 93376 6
e5a7b8a9924b26b3abf039255a8a3bb00258f4966f68ff3349560b4350af9367,43479 12 43837 22 44191 34 44548 39 44907 41 45264 46 45623 48 45982 50 46341 52 46699 54 47058 56 47417 58 47776 59 48136 60 48495 62 48854 63 49213 64 49573 64 49932 65 50292 65 50652 65 51011 66 51370 67 51730 67 52089 68 52449 68 52809 67 53169 67 53529 67 53889 66 54249 66 54609 65 54969 64 55329 64 55688 64 56048 64 56408 63 56768 61 57128 60 57488 59 57848 58 58208 57 58568 56 58928 55 59288 54 59648 53 60009 50 60370 48 60730 47 61091 44 61452 42 61812 40 62173 38 62534 34 62895 32 63256 30 63617 27 63980 22 64342 18 64705 13
e5a7b8a9924b26b3abf039255a8a3bb00258f4966f68ff3349560b4350af9367,21817 9 22174 14 22531 20 22890 22 23248 25 23607 27 23966 29 24325 31 24684 32 25044 33 25403 35 25763 35 26123 35 26482 37 26842 37 27202 37 27562 37 27922 38 28283 37 28643 37 29003 37 29363 37 29723 37 30084 36 30444 36 30804 36 31164 36 31524 36 31884 36 32243 37 32603 37 32963 37 33323 37 33683 37 34043 37 34403 37 34763 36 35123 36 35483 35 35844 34 36204 33 36565 32 36925 31 37286 29 37647 27 38008 25 38369 23 38730 21 39091 19 39453 14 39815 9
e5a7b8a9924b26b3abf039255a8a3bb00258f4966f68ff3349560b4350af9367,60101 5 60458 15 60814 22 61173 24 61532 28 61890 31 62249 32 62608 33 62967 34 63327 34 63686 35 64045 36 64404 37 64764 37 65123 38 65483 38 65843 38 66203 38 66563 38 66923 38 67283 38 67643 38 68003 38 68362 39 68722 39 69082 39 69443 38 69803 38 70163 38 70523 38 70883 38 71244 37 71605 36 71965 36 72326 35 72687 34 73049 32 73410 31 73771 30 74133 28 74500 21 74864 17 75232 9 75596 5
e5a7b8a9924b26b3abf039255a8a3bb00258f4966f68ff3349560b4350af9367,30414 4 30770 12 31127 21 31486 26 31844 31 32203 33 32562 35 32921 37 33279 40 33638 42 33997 43 34356 45 34716 45 35075 47 35434 49 35794 50 36153 51 36513 52 36872 53 37232 53 37591 54 37951 54 38311 54 38671 54 39030 55 39390 55 39750 54 40110 54 40470 54 40830 53 41190 52 41550 51 41910 50 42271 48 42631 47 42992 45 43353 43 43714 40 44076 36 44438 32 44800 28 45161 25 45523 17 45886 9
e5a7b8a9924b26b3abf039255a8a3bb00258f4966f68ff3349560b4350af9367,241 17 595 26 952 31 1308 37 1665 41 2022 45 2380 48 2739 50 3098 52 3457 53 3816 55 4174 57 4532 59 4891 60 5249 62 5608 63 5968 62 6327 63 6686 64 7044 66 7403 67 7763 67 8123 67 8482 68 8842 67 9202 66 9562 65 9922 64 10282 62 10642 60 11002 58 11362 56 11722 52 12083 49 12443 47 12804 44 13165 39 13526 35 13887 30 14248 25 14609 19 14971 12
e5a7b8a9924b26b3abf039255a8a3bb00258f4966f68ff3349560b4350af9367,101881 1 102241 2 102601 3 102961 4 103321 5 103681 6 104041 7 104401 8 104761 8 105121 9 105481 9 105841 9 106201 9 106561 10 106921 10 107281 10 107641 11 108001 11 108361 11 108721 11 109081 11 109441 10 109801 10 110161 9 110521 9 110881 9 111241 8 111601 8 111961 7 112321 7 112681 7 113041 7 113401 6 113761 6 114121 6 114481 5 114841 5 115201 5 115561 4 115921 4 116281 4 116641 3 117001 3 117361 2 117721 2 118081 1
