e66a97b2c77f3d66a7d3cebbc6a36c8c6259368a397f7b67647ed80ad53aa776,694 4 944 11 1197 15 1452 17 1708 17 1963 19 2219 19 2476 18 2738 12 2997 8 3256 4
e66a97b2c77f3d66a7d3cebbc6a36c8c6259368a397f7b67647ed80ad53aa776,56653 10 56908 12 57163 14 57418 16 57673 18 57929 18 58184 19 58440 19 58696 19 58952 19 59208 19 59464 19 59720 18 59977 16 60234 15 60491 13 60748 12 61005 10 61264 6
e66a97b2c77f3d66a7d3cebbc6a36c8c6259368a397f7b67647ed80ad53aa776,40298 8 40554 10 40808 13 41062 16 41317 17 41572 19 41828 19 42083 20 42340 19 42596 19 42852 19 43109 17 43366 16 43624 13 43882 9 44142 2
e66a97b2c77f3d66a7d3cebbc6a36c8c6259368a397f7b67647ed80ad53aa776,44312 2 44567 4 44823 4 45078 5 45334 8 45590 8 45845 10 46101 10 46356 11 46612 11 46868 11 47124 11 47381 9 47638 8 47895 6
e66a97b2c77f3d66a7d3cebbc6a36c8c6259368a397f7b67647ed80ad53aa776,189 9 446 7 703 5
e66a97b2c77f3d66a7d3cebbc6a36c8c6259368a397f7b67647ed80ad53aa776,28841 6 29095 12 29350 14 29606 15 29862 15 30118 15 30374 15 30630 15 30885 16 31142 15 31398 13 31655 11 31912 9
e66a97b2c77f3d66a7d3cebbc6a36c8c6259368a397f7b67647ed80ad53aa776,44217 1 44469 10 44724 13 44979 15 45234 17 45489 19 45745 19 46000 20 46256 21 46512 21 46768 21 47024 21 47280 20 47538 18 47794 18 48050 18 48308 15 48563 16 48819 15 49077 12 49334 10 49591 7
e66a97b2c77f3d66a7d3cebbc6a36c8c6259368a397f7b67647ed80ad53aa776,19064 9 19319 11 19573 14 19829 15 20084 16 20339 17 20595 17 20850 17 21106 17 21362 17 21619 16 21875 15 22132 13 22389 11 22647 8
e66a97b2c77f3d66a7d3cebbc6a36c8c6259368a397f7b67647ed80ad53aa776,58832 4 59086 8 59341 10 59597 12 59852 13 60107 14 60363 15 60619 15 60875 15 61131 15 61387 15 61644 14 61900 14 62157 13 62413 13 62670 11 62926 10 63183 8
e66a97b2c77f3d66a7d3cebbc6a36c8c6259368a397f7b67647ed80ad53aa776,11977 2 12231 6 12486 9 12742 9 12997 11 13253 12 13509 13 13765 13 14021 13 14277 13 14533 13 14790 12 15047 10 15304 8 15563 4
e66a97b2c77f3d66a7d3cebbc6a36c8c6259368a397f7b67647ed80ad53aa776,3427 3 3682 5 3938 5 4194 8 4451 8 4708 7 4964 7 5221 6 5478 5 5734 5 5991 3
