e66f25e175abab08ecb4e5f6859db64a211e0ddffb262d7e727b9d9bd4aad2d2,21674 2 21928 6 22183 8 22439 8 22694 10 22950 10 23205 11 23461 11 23717 10 23973 10 24229 10 24486 8 24743 6 25000 5
e66f25e175abab08ecb4e5f6859db64a211e0ddffb262d7e727b9d9bd4aad2d2,32514 4 32769 7 33025 7 33281 8 33537 8 33793 8 34049 8 34305 7 34561 7 34817 7 35073 7 35329 6 35585 6 35841 5 36097 4 36353 3 36609 2
e66f25e175abab08ecb4e5f6859db64a211e0ddffb262d7e727b9d9bd4aad2d2,49174 4 49428 7 49683 9 49938 11 50193 12 50448 14 50703 15 50959 14 51214 15 51470 15 51725 15 51981 15 52237 14 52493 13 52749 12 53005 10 53262 7 53519 5
e66f25e175abab08ecb4e5f6859db64a211e0ddffb262d7e727b9d9bd4aad2d2,165 13 422 11 679 10 936 9 1193 5
e66f25e175abab08ecb4e5f6859db64a211e0ddffb262d7e727b9d9bd4aad2d2,14686 4 14940 7 15195 9 15450 10 15706 11 15961 12 16217 12 16473 12 16728 12 16984 12 17240 12 17496 11 17752 11 18009 9 18266 7 18524 1
e66f25e175abab08ecb4e5f6859db64a211e0ddffb262d7e727b9d9bd4aad2d2,5337 3 5591 7 5847 7 6102 9 6357 10 6612 11 6867 11 7123 12 7379 12 7634 13 7890 13 8146 12 8401 13 8656 13 8912 13 9168 13 9424 12 9680 12 9935 13 10192 11 10448 10 10704 10 10961 9 11219 6 11476 4
e66f25e175abab08ecb4e5f6859db64a211e0ddffb262d7e727b9d9bd4aad2d2,29733 2 29988 5 30243 6 30498 8 30754 8 31010 9 31265 9 31521 9 31777 9 32033 8 32290 6 32547 4
e66f25e175abab08ecb4e5f6859db64a211e0ddffb262d7e727b9d9bd4aad2d2,53638 5 53891 11 54146 14 54401 16 54656 17 54912 18 55167 19 55422 20 55678 20 55934 19 56190 19 56447 17 56703 16 56961 12 57219 6
e66f25e175abab08ecb4e5f6859db64a211e0ddffb262d7e727b9d9bd4aad2d2,19709 4 19962 7 20218 7 20473 8 20729 8 20984 9 21240 9 21496 9 21752 9 22009 8 22266 7 22525 4
e66f25e175abab08ecb4e5f6859db64a211e0ddffb262d7e727b9d9bd4aad2d2,33366 9 33621 10 33874 13 34129 14 34384 15 34639 16 34894 17 35150 16 35405 17 35661 16 35917 16 36173 14 36430 12 36686 11 36944 7
e66f25e175abab08ecb4e5f6859db64a211e0ddffb262d7e727b9d9bd4aad2d2,53798 4 54052 7 54307 9 54562 10 54818 10 55073 11 55328 11 55584 11 55840 10 56097 9 56354 6
