ea00f5a91ca75e745d675201cc62d7db266f8e2787033e15a7dd5f1cc5c0ad72,11903 2 12157 6 12412 8 12668 9 12924 10 13180 11 13436 11 13693 10 13949 10 14206 9 14464 7 14721 5 14979 2
ea00f5a91ca75e745d675201cc62d7db266f8e2787033e15a7dd5f1cc5c0ad72,17987 8 18242 10 18498 11 18753 12 19009 12 19265 12 19521 12 19778 10 20036 7
ea00f5a91ca75e745d675201cc62d7db266f8e2787033e15a7dd5f1cc5c0ad72,11765 5 12020 7 12276 8 12531 9 12787 10 13042 11 13298 10 13554 10 13810 10 14066 9 14322 8 14579 5
ea00f5a91ca75e745d675201cc62d7db266f8e2787033e15a7dd5f1cc5c0ad72,43610 7 43865 8 44120 9 44375 10 44630 11 44886 11 45142 11 45398 11 45653 12 45909 11 46165 11 46421 10 46677 9 46934 7 47192 4
ea00f5a91ca75e745d675201cc62d7db266f8e2787033e15a7dd5f1cc5c0ad72,36798 2 37052 7 37306 9 37560 11 37815 12 38070 12 38325 12 38581 12 38837 11 39093 10 39350 7 39607 4
ea00f5a91ca75e745d675201cc62d7db266f8e2787033e15a7dd5f1cc5c0ad72,26489 4 26743 7 26998 9 27253 10 27509 11 27765 12 28021 12 28278 11 28535 10 28793 8 29051 6
ea00f5a91ca75e745d675201cc62d7db266f8e2787033e15a7dd5f1cc5c0ad72,42268 3 42523 5 42777 8 43033 8 43289 8 43544 9 43800 9 44056 9 44312 9 44569 8 44825 8 45081 7 45339 4
ea00f5a91ca75e745d675201cc62d7db266f8e2787033e15a7dd5f1cc5c0ad72,16690 5 16945 8 17200 11 17456 12 17712 13 17968 13 18225 12 18481 12 18738 11 18995 10 19252 8 19510 3
ea00f5a91ca75e745d675201cc62d7db266f8e2787033e15a7dd5f1cc5c0ad72,50612 3 50866 7 51121 9 51376 10 51632 11 51887 12 52143 11 52399 11 52655 11 52911 10 53167 9 53423 8 53680 6 53938 3
ea00f5a91ca75e745d675201cc62d7db266f8e2787033e15a7dd5f1cc5c0ad72,34671 2 34924 6 35179 8 35435 9 35690 10 35946 10 36201 11 36457 11 36713 10 36969 10 37225 10 37481 9 37737 9 37993 8 38250 6 38506 5 38764 1
ea00f5a91ca75e745d675201cc62d7db266f8e2787033e15a7dd5f1cc5c0ad72,36747 4 37002 7 37258 7 37513 10 37769 10 38025 10 38281 10 38537 10 38793 10 39049 10 39304 11 39561 10 39818 9 40075 7 40332 4
ea00f5a91ca75e745d675201cc62d7db266f8e2787033e15a7dd5f1cc5c0ad72,53493 7 53748 10 54004 11 54259 14 54515 14 54771 14 55027 14 55283 14 55539 14 55796 13 56053 12 56309 12 56566 11 56823 10 57081 8 57339 5
ea00f5a91ca75e745d675201cc62d7db266f8e2787033e15a7dd5f1cc5c0ad72,12134 5 12389 7 12644 9 12900 10 13156 11 13412 11 13668 12 13924 12 14180 12 14437 11 14694 10 14950 9 15208 6 15466 1
ea00f5a91ca75e745d675201cc62d7db266f8e2787033e15a7dd5f1cc5c0ad72,25153 5 25407 8 25662 10 25918 11 26173 12 26429 12 26685 12 26941 12 27197 12 27453 12 27709 12 27965 12 28222 10 28478 8 28735 4
ea00f5a91ca75e745d675201cc62d7db266f8e2787033e15a7dd5f1cc5c0ad72,54554 4 54808 7 55064 8 55319 10 55575 10 55831 10 56087 10 56343 10 56599 9 56855 8 57111 7 57366 7 57622 7 57878 6 58134 6 58390 6 58647 5
ea00f5a91ca75e745d675201cc62d7db266f8e2787033e15a7dd5f1cc5c0ad72,64424 5 64679 7 64934 10 65190 9 65445 11
ea00f5a91ca75e745d675201cc62d7db266f8e2787033e15a7dd5f1cc5c0ad72,60228 5 60483 7 60738 8 60993 9 61248 10 61504 10 61759 10 62015 10 62270 10 62526 10 62782 9 63038 9 63294 8 63550 7 63806 6 64064 3
ea00f5a91ca75e745d675201cc62d7db266f8e2787033e15a7dd5f1cc5c0ad72,36 12 292 12 548 11 805 10 1062 8 1320 4
ea00f5a91ca75e745d675201cc62d7db266f8e2787033e15a7dd5f1cc5c0ad72,52094 6 52349 8 52605 9 52860 10 53116 10 53371 12 53627 12 53883 11 54139 11 54395 11 54651 11 54907 10 55164 8 55421 7 55678 4
ea00f5a91ca75e745d675201cc62d7db266f8e2787033e15a7dd5f1cc5c0ad72,45780 4 46035 6 46289 9 46544 10 46800 11 47054 13 47310 14 47566 13 47822 13 48079 12 48335 11 48592 9 48851 3
ea00f5a91ca75e745d675201cc62d7db266f8e2787033e15a7dd5f1cc5c0ad72,21200 6 21455 9 21709 12 21964 13 22220 14 22476 14 22732 13 22988 13 23245 12 23502 10 23760 6
ea00f5a91ca75e745d675201cc62d7db266f8e2787033e15a7dd5f1cc5c0ad72,9562 6 9816 9 10071 10 10326 12 10582 13 10838 13 11094 14 11351 13 11607 13 11864 11 12121 10 12378 8 12636 5
ea00f5a91ca75e745d675201cc62d7db266f8e2787033e15a7dd5f1cc5c0ad72,250 7 506 7 762 7 1018 7 1276 5
ea00f5a91ca75e745d675201cc62d7db266f8e2787033e15a7dd5f1cc5c0ad72,10052 8 10308 9 10563 11 10819 12 11075 13 11331 13 11587 14 11844 13 12101 11 12358 9
ea00f5a91ca75e745d675201cc62d7db266f8e2787033e15a7dd5f1cc5c0ad72,34813 4 35067 6 35322 7 35577 8 35832 9 36088 9 36344 9 36600 9 36856 9 37115 6 37371 6 37628 4
ea00f5a91ca75e745d675201cc62d7db266f8e2787033e15a7dd5f1cc5c0ad72,61524 4 61778 8 62033 9 62289 10 62544 11 62800 12 63056 12 63312 11 63568 11 63824 11 64080 11 64337 9 64594 7 64851 5
ea00f5a91ca75e745d675201cc62d7db266f8e2787033e15a7dd5f1cc5c0ad72,26040 6 26295 9 26550 11 26806 12 27061 14 27317 14 27573 15 27830 13 28086 12 28343 10 28603 3
ea00f5a91ca75e745d675201cc62d7db266f8e2787033e15a7dd5f1cc5c0ad72,1518 8 1772 10 2027 11 2282 12 2537 13 2793 13 3048 14 3304 13 3560 12 3816 12 4072 11 4328 10 4584 9 4841 6
ea00f5a91ca75e745d675201cc62d7db266f8e2787033e15a7dd5f1cc5c0ad72,45423 4 45677 7 45932 9 46187 10 46442 11 46697 12 46953 12 47209 11 47465 11 47721 10 47977 9 48234 7 48491 4
ea00f5a91ca75e745d675201cc62d7db266f8e2787033e15a7dd5f1cc5c0ad72,61831 5 62086 7 62341 8 62596 10 62852 10 63107 10 63363 10 63619 10 63875 10 64130 11 64386 11 64643 10 64899 9 65155 8 65412 7
ea00f5a91ca75e745d675201cc62d7db266f8e2787033e15a7dd5f1cc5c0ad72,10426 4 10681 6 10936 7 11192 7 11447 8 11703 8 11958 9 12214 9 12470 8 12726 8 12982 8 13238 7 13495 5
ea00f5a91ca75e745d675201cc62d7db266f8e2787033e15a7dd5f1cc5c0ad72,41482 5 41737 7 41992 9 42247 10 42502 11 42757 12 43013 12 43269 12 43524 13 43780 13 44037 12 44293 11 44549 10 44805 9 45062 8 45319 5
ea00f5a91ca75e745d675201cc62d7db266f8e2787033e15a7dd5f1cc5c0ad72,147 10 402 11 657 12 912 13 1168 12 1423 13 1679 12 1935 11 2191 10 2447 9 2704 6
ea00f5a91ca75e745d675201cc62d7db266f8e2787033e15a7dd5f1cc5c0ad72,49485 2 49737 8 49992 10 50247 12 50502 13 50757 14 51013 14 51268 15 51524 14 51780 13 52037 12 52293 11 52550 8 52808 4
ea00f5a91ca75e745d675201cc62d7db266f8e2787033e15a7dd5f1cc5c0ad72,39251 6 39505 8 39760 9 40015 10 40271 10 40526 11 40781 12 41037 12 41293 11 41549 11 41805 10 42061 9 42317 8 42573 8 42830 6
ea00f5a91ca75e745d675201cc62d7db266f8e2787033e15a7dd5f1cc5c0ad72,30304 4 30559 7 30813 9 31068 11 31324 11 31579 12 31835 12 32090 12 32346 12 32602 11 32858 11 33114 10 33371 8 33628 5
ea00f5a91ca75e745d675201cc62d7db266f8e2787033e15a7dd5f1cc5c0ad72,53454 4 53709 7 53964 9 54219 10 54475 10 54730 11 54986 11 55241 12 55497 12 55753 12 56009 11 56265 11 56521 10 56777 10 57034 8 57291 5
ea00f5a91ca75e745d675201cc62d7db266f8e2787033e15a7dd5f1cc5c0ad72,56353 3 56608 8 56863 9 57118 10 57373 11 57629 12 57884 13 58140 13 58396 13 58652 12 58909 10 59165 9 59422 8 59679 6
ea00f5a91ca75e745d675201cc62d7db266f8e2787033e15a7dd5f1cc5c0ad72,37196 3 37450 7 37705 9 37961 10 38216 11 38472 11 38727 12 38983 12 39238 13 39494 11 39750 10 40006 9 40262 9 40519 7 40775 6
ea00f5a91ca75e745d675201cc62d7db266f8e2787033e15a7dd5f1cc5c0ad72,48396 5 48651 7 48906 9 49162 9 49417 10 49673 10 49929 10 50185 10 50441 10 50697 10 50953 10 51210 8 51467 6 51724 4
