ea94ba4b01d1bd5f7768d10e0ac547743791033df545c71fcec442d0cb5cb5e7,64008 8 64259 1 64261 13 64514 17 64769 19 65025 20 65281 21 65537 21 65793 21 66050 20 66306 20 66562 20 66818 20 67074 20 67330 20 67586 18 67842 18 68098 16 68355 14 68611 12 68868 8
ea94ba4b01d1bd5f7768d10e0ac547743791033df545c71fcec442d0cb5cb5e7,56183 4 56431 14 56687 15 56943 17 57198 20 57455 20 57711 21 57967 23 58223 27 58480 27 58736 28 58993 27 59250 26 59506 25 59763 23 60021 19 60281 14 60539 11 60796 9 61054 6 61311 5
ea94ba4b01d1bd5f7768d10e0ac547743791033df545c71fcec442d0cb5cb5e7,64548 14 64803 17 65059 18 65314 20 65569 22 65824 23 66080 24 66336 24 66592 24 66848 24 67104 24 67360 24 67616 24 67872 24 68128 23 68384 23 68640 23 68896 22 69152 22 69409 19 69665 19 69922 17 70179 15 70437 12 70695 8
ea94ba4b01d1bd5f7768d10e0ac547743791033df545c71fcec442d0cb5cb5e7,15622 6 15877 8 16132 10 16388 10 16644 10 16900 11 17154 1 17156 11 17410 1 17412 11 17667 12 17923 12 18180 11 18436 11 18693 10 18949 11 19206 10 19463 9 19720 8 19976 8 20234 5 20491 2
ea94ba4b01d1bd5f7768d10e0ac547743791033df545c71fcec442d0cb5cb5e7,45780 4 46033 7 46288 8 46543 9 46799 9 47054 9 47309 9 47564 9 47820 8 48074 9 48330 8 48585 9 48841 9 49095 11 49350 11 49606 11 49861 12 50117 11 50373 11 50628 12 50884 11 51140 10 51395 11 51651 11 51907 10 52163 9 52420 7 52677 4
ea94ba4b01d1bd5f7768d10e0ac547743791033df545c71fcec442d0cb5cb5e7,29701 5 29956 7 30211 9 30466 12 30722 13 30978 14 31234 15 31490 16 31746 17 32003 16 32260 15 32516 16 32773 15 33030 14 33287 13 33543 14 33799 14 34056 13 34312 13 34570 12 34829 9 35088 6 35347 2
ea94ba4b01d1bd5f7768d10e0ac547743791033df545c71fcec442d0cb5cb5e7,7857 8 8111 12 8367 15 8622 17 8878 18 9135 18 9391 19 9647 20 9902 21 10158 21 10414 21 10669 22 10925 22 11180 23 11436 22 11692 22 11948 21 12204 20 12464 15 12720 14 12976 13 13232 12 13490 9
ea94ba4b01d1bd5f7768d10e0ac547743791033df545c71fcec442d0cb5cb5e7,27903 2 28158 3 28413 4 28668 5 28923 6 29178 7 29434 7 29690 7 29947 6 30203 6 30459 6 30715 6 30971 6 31227 6 31483 6 31738 7 31994 7 32250 7 32506 7 32763 6 33019 6 33276 5
ea94ba4b01d1bd5f7768d10e0ac547743791033df545c71fcec442d0cb5cb5e7,48641 1 48643 5 48897 8 49153 9 49409 10 49665 11 49921 12 50177 13 50433 14 50689 15 50945 16 51201 16 51457 16 51713 16 51969 16 52225 15 52481 15 52737 15 52993 15 53249 14 53505 13 53761 12 54017 11 54273 9
ea94ba4b01d1bd5f7768d10e0ac547743791033df545c71fcec442d0cb5cb5e7,77616 14 77870 17 78126 19 78381 20 78636 21 78892 22 79148 22 79404 22 79660 22 79916 22 80172 22 80428 22 80685 21 80941 20 81198 18 81455 15 81711 12
ea94ba4b01d1bd5f7768d10e0ac547743791033df545c71fcec442d0cb5cb5e7,36611 13 36867 16 37122 18 37377 20 37633 21 37889 21 38145 21 38401 21 38657 21 38913 21 39169 21 39425 21 39681 21 39937 21 40193 21 40449 20 40705 19 40961 19 41217 18 41473 17 41729 16 41985 15 42241 13 42497 11
ea94ba4b01d1bd5f7768d10e0ac547743791033df545c71fcec442d0cb5cb5e7,17656 7 17912 8 18167 9 18422 10 18678 10 18933 11 19189 11 19445 11 19702 10 19959 9 20216 7 20473 4
ea94ba4b01d1bd5f7768d10e0ac547743791033df545c71fcec442d0cb5cb5e7,10718 5 10973 9 11228 11 11483 16 11738 15 11993 17 12248 19 12503 21 12758 22 13014 21 13269 22 13525 22 13780 23 14036 23 14292 23 14548 23 14805 22 15062 20 15319 19 15575 18 15831 18 16088 16 16347 12 16611 2
ea94ba4b01d1bd5f7768d10e0ac547743791033df545c71fcec442d0cb5cb5e7,51455 2 51710 3 51965 4 52221 4 52477 4 52733 4 52989 4 53245 4 53501 4 53757 4 54013 4 54269 4 54525 4 54782 3 55039 2
ea94ba4b01d1bd5f7768d10e0ac547743791033df545c71fcec442d0cb5cb5e7,1528 4 1782 8 2037 10 2292 13 2548 13 2803 14 3059 14 3315 14 3571 14 3827 14 4083 14 4339 14 4595 14 4851 14 5107 14 5364 13 5620 13 5877 12 6134 11 6391 10 6647 10 6904 9 7162 7 7419 5
ea94ba4b01d1bd5f7768d10e0ac547743791033df545c71fcec442d0cb5cb5e7,47159 1 47415 1 47671 7 47927 9 48183 11 48440 11 48696 13 48953 13 49209 14 49466 13 49723 13 49980 12 50237 11 50494 10 50751 9 51008 7
ea94ba4b01d1bd5f7768d10e0ac547743791033df545c71fcec442d0cb5cb5e7,48464 9 48718 12 48971 16 49225 19 49481 19 49736 20 49992 21 50248 22 50504 22 50760 22 51016 22 51272 23 51528 23 51785 22 52041 22 52298 21 52556 19 52813 18 53072 15 53330 11
ea94ba4b01d1bd5f7768d10e0ac547743791033df545c71fcec442d0cb5cb5e7,5378 2 5634 5 5890 6 6146 7 6402 8 6658 9 6914 9 7169 10 7425 10 7681 10 7937 10 8193 10 8449 10 8705 10 8961 10 9217 10 9473 9 9729 9 9985 9 10241 8 10498 7 10754 6 11010 6 11266 5 11522 3 11778 1
ea94ba4b01d1bd5f7768d10e0ac547743791033df545c71fcec442d0cb5cb5e7,31157 3 31412 4 31667 5 31921 8 32175 10 32430 12 32468 2 32685 13 32721 5 32939 16 32975 9 33193 19 33229 11 33447 25 33480 16 33702 50 33957 52 34212 53 34468 52 34723 54 34979 54 35233 56 35488 57 35743 58 35999 59 36255 59 36511 59 36768 59 37025 58 37281 58 37539 56 37796 56 38056 52 38315 49 38572 49 38830 47 39087 46 39344 45 39600 45 39856 45 40112 45 40368 44 40625 43 40882 41 41138 41 41394 40 41651 38 41907 38 42164 36 42420 35 42677 33 42933 32 43189 31 43445 30 43702 28 43958 27 44215 25 44471 24 44728 22 44984 21 45240 19 45497 17 45754 15 46011 12
ea94ba4b01d1bd5f7768d10e0ac547743791033df545c71fcec442d0cb5cb5e7,58375 8 58630 11 58885 14 59139 16 59395 17 59651 18 59907 19 60163 20 60419 20 60675 21 60931 21 61187 21 61443 20 61700 19 61956 18 62213 17 62469 16 62726 14 62982 13 63239 11 63496 8
ea94ba4b01d1bd5f7768d10e0ac547743791033df545c71fcec442d0cb5cb5e7,26051 7 26304 13 26558 17 26813 20 27068 22 27323 25 27578 27 27834 28 28090 29 28345 30 28601 31 28857 32 29113 32 29369 32 29625 32 29881 32 30137 32 30393 32 30649 32 30905 32 31161 32 31417 31 31673 31 31930 29 32186 28 32442 26 32700 21 32957 17 33215 12
ea94ba4b01d1bd5f7768d10e0ac547743791033df545c71fcec442d0cb5cb5e7,37530 9 37783 13 38038 17 38292 21 38546 26 38801 28 39055 31 39310 33 39564 36 39819 37 40073 39 40328 40 40584 41 40840 41 41097 40 41353 40 41610 40 41866 40 42122 40 42378 41 42634 42 42890 42 43146 43 43402 43 43658 44 43914 44 44170 45 44426 45 44682 45 44938 46 45194 46 45450 47 45706 47 45962 48 46219 47 46475 47 46731 48 46988 47 47244 47 47500 47 47757 45 48013 45 48269 44 48525 44 48782 43 49039 41 49295 41 49552 39 49810 37 50067 35 50325 32 50583 30 50842 26 51100 24 51358 21 51615 19 51873 16 52131 12 52390 6
ea94ba4b01d1bd5f7768d10e0ac547743791033df545c71fcec442d0cb5cb5e7,56065 2 56321 3 56577 4 56833 4 57089 5 57345 5 57601 6 57857 6 58113 6 58369 6 58625 5 58881 4 59137 2 59393 2 59649 2 59905 2 60161 2 60417 2 60673 2 60929 2 61185 2 61441 2 61697 2 61953 2
ea94ba4b01d1bd5f7768d10e0ac547743791033df545c71fcec442d0cb5cb5e7,17438 5 17691 9 17944 13 18198 15 18453 17 18708 18 18963 20 19218 21 19473 23 19728 24 19984 24 20239 26 20495 26 20750 27 21006 28 21261 29 21517 29 21772 30 22028 30 22284 30 22540 29 22796 28 23052 28 23308 27 23564 25 23820 23 24076 21 24333 18 24589 16 24846 12 25102 8 25360 3
ea94ba4b01d1bd5f7768d10e0ac547743791033df545c71fcec442d0cb5cb5e7,58967 2 59219 8 59473 10 59728 12 59982 15 60237 16 60491 18 60746 19 60998 23 61252 24 61508 24 61764 24 62020 24 62277 23 62533 23 62789 24 63046 23 63301 24 63557 24 63814 23 64071 22 64327 21 64584 12 64840 11 65098 4
ea94ba4b01d1bd5f7768d10e0ac547743791033df545c71fcec442d0cb5cb5e7,64214 2 64469 10 64724 12 64978 15 65232 18 65485 21 65741 21 65996 23 66251 24 66506 25 66762 25 67018 25 67273 25 67529 25 67786 23 68043 21 68301 18 68559 15 68818 3 68823 1 68825 5
ea94ba4b01d1bd5f7768d10e0ac547743791033df545c71fcec442d0cb5cb5e7,12295 8 12550 11 12805 14 13060 17 13316 18 13572 19 13828 20 14084 20 14341 19 14597 18 14854 16 15111 14 15369 10 15628 5 15885 1
ea94ba4b01d1bd5f7768d10e0ac547743791033df545c71fcec442d0cb5cb5e7,25317 10 25572 12 25826 15 26081 17 26336 19 26591 21 26847 21 27103 21 27359 22 27615 22 27871 22 28128 20 28385 18 28643 15 28900 13 29157 9
ea94ba4b01d1bd5f7768d10e0ac547743791033df545c71fcec442d0cb5cb5e7,5471 2 5726 8 5980 12 6235 14 6489 17 6745 18 7000 21 7255 24 7511 27 7764 30 8020 30 8275 31 8531 31 8786 32 9042 32 9297 33 9554 31 9811 30 10067 30 10323 29 10580 27 10837 26 11094 24 11352 21 11612 15 11873 8 12130 6
ea94ba4b01d1bd5f7768d10e0ac547743791033df545c71fcec442d0cb5cb5e7,65637 6 65893 10 66148 14 66403 16 66658 18 66914 18 67170 18 67425 19 67680 21 67934 23 68189 24 68445 24 68701 23 68957 23 69214 22 69470 22 69727 21 69984 19 70240 19 70497 18 70753 18 71010 16 71267 15 71524 13 71781 11 72041 3
ea94ba4b01d1bd5f7768d10e0ac547743791033df545c71fcec442d0cb5cb5e7,28169 9 28423 12 28679 12 28936 11 29193 10 29450 8 29708 4
ea94ba4b01d1bd5f7768d10e0ac547743791033df545c71fcec442d0cb5cb5e7,15259 8 15507 22 15760 27 16012 33 16267 36 16521 39 16777 40 17032 41 17288 43 17545 42 17801 42 18057 43 18313 43 18570 43 18826 43 19082 43 19338 44 19594 44 19850 44 20106 44 20362 45 20618 45 20875 44 21131 44 21387 44 21644 43 21900 44 22157 43 22413 43 22670 42 22927 41 23184 40 23441 39 23697 39 23954 37 24210 36 24466 36 24723 34 24979 33 25235 33 25492 31 25748 30 26004 29 26261 27 26519 25 26777 21 27035 18 27292 15 27551 10
ea94ba4b01d1bd5f7768d10e0ac547743791033df545c71fcec442d0cb5cb5e7,16494 2 16499 8 16749 16 17002 20 17257 23 17511 26 17766 28 18020 31 18275 33 18530 35 18785 36 19041 37 19296 38 19552 39 19807 40 20063 41 20319 41 20575 41 20831 41 21087 42 21343 42 21599 42 21856 41 22112 41 22368 41 22624 41 22880 42 23136 42 23392 42 23648 42 23904 42 24160 42 24417 41 24673 41 24929 41 25186 40 25442 40 25699 39 25956 38 26212 37 26469 36 26725 35 26981 34 27238 31 27496 26 27753 20 28010 15 28268 7
ea94ba4b01d1bd5f7768d10e0ac547743791033df545c71fcec442d0cb5cb5e7,66711 4 66966 7 67221 10 67476 12 67732 12 67987 15 68243 16 68499 17 68755 18 69010 20 69266 21 69522 21 69778 22 70033 23 70289 23 70545 24 70800 25 71056 26 71311 27 71567 28 71823 28 72080 27 72337 26 72593 26 72851 24 73110 20 73370 15 73630 9
ea94ba4b01d1bd5f7768d10e0ac547743791033df545c71fcec442d0cb5cb5e7,68624 5 68876 12 69127 18 69382 20 69637 21 69893 22 70149 22 70405 22 70661 23 70917 23 71173 23 71429 23 71686 22 71942 21 72199 20 72455 20 72712 18 72969 16 73226 14 73483 13 73741 10 73999 6
ea94ba4b01d1bd5f7768d10e0ac547743791033df545c71fcec442d0cb5cb5e7,125 16 381 16 637 17 893 17 1149 17 1405 18 1661 18 1917 18 2174 17 2431 15 2690 5 2701 1
ea94ba4b01d1bd5f7768d10e0ac547743791033df545c71fcec442d0cb5cb5e7,12862 7 13116 12 13367 19 13621 24 13875 28 14130 30 14385 34 14640 35 14896 35 15152 35 15408 36 15664 36 15921 35 16177 34 16433 34 16690 31 16947 29 17204 27 17462 24 17719 21 17976 18 18235 9 18245 2 18494 4
ea94ba4b01d1bd5f7768d10e0ac547743791033df545c71fcec442d0cb5cb5e7,25944 8 26198 12 26452 15 26706 18 26960 21 27215 21 27470 23 27725 24 27980 26 28235 28 28490 29 28745 31 29000 32 29256 33 29511 34 29766 35 30022 35 30277 37 30532 38 30787 39 31043 40 31298 41 31554 41 31810 41 32066 41 32322 42 32578 42 32834 42 33090 42 33346 41 33602 41 33858 41 34114 41 34370 40 34626 40 34882 39 35138 39 35394 39 35650 38 35906 38 36163 37 36420 35 36677 34 36934 32 37191 31 37448 30 37705 28 37964 25 38221 23 38479 21 38738 17 38997 12
ea94ba4b01d1bd5f7768d10e0ac547743791033df545c71fcec442d0cb5cb5e7,6801 6 7057 6 7313 7 7569 7 7825 7 8081 7 8337 7
ea94ba4b01d1bd5f7768d10e0ac547743791033df545c71fcec442d0cb5cb5e7,52020 10 52275 13 52530 16 52784 19 53040 19 53295 21 53550 23 53806 23 54062 24 54317 25 54572 26 54828 26 55084 27 55340 27 55596 27 55851 28 56107 28 56363 28 56619 27 56875 27 57131 27 57387 26 57643 26 57899 26 58155 25 58411 25 58667 24 58923 24 59179 23 59436 21 59692 20 59948 20 60204 19 60459 19 60714 18 60970 17 61226 16 61482 13 61739 11 61996 9 62254 5
ea94ba4b01d1bd5f7768d10e0ac547743791033df545c71fcec442d0cb5cb5e7,64398 7 64652 10 64906 12 65160 15 65416 15 65671 16 65926 17 66182 16 66437 17 66693 16 66948 16 67204 15 67460 14 67716 12 67972 10 68228 9 68484 10 68740 10 68996 9 69253 8 69511 5
ea94ba4b01d1bd5f7768d10e0ac547743791033df545c71fcec442d0cb5cb5e7,40036 25 40290 30 40544 36 40798 40 41052 43 41307 45 41561 48 41817 49 42072 50 42328 50 42584 50 42840 50 43096 50 43352 50 43608 50 43864 50 44120 50 44376 50 44632 50 44887 51 45143 51 45399 51 45655 51 45911 51 46167 52 46423 52 46679 52 46935 53 47191 53 47447 53 47703 54 47959 54 48215 54 48473 52 48730 51 48987 50 49244 48 49500 48 49756 48 50013 45 50270 44 50526 44 50782 43 51038 43 51295 42 51551 41 51807 41 52063 41 52319 41 52575 40 52833 37 53090 36 53350 31 53608 29 53866 27 54124 24 54383 20 54640 17 54900 11
