ec486143ecfec847c22cd8cbc207d85312bcf38e61c9b9a805e0d12add62da8d,682 5 937 7 1193 8 1450 7 1706 8 1962 8 2218 9 2475 8 2731 8 2987 8 3244 7 3501 6 3759 3
ec486143ecfec847c22cd8cbc207d85312bcf38e61c9b9a805e0d12add62da8d,34049 5 34305 6 34561 7 34817 7 35073 7 35329 6 35585 5 35842 3
ec486143ecfec847c22cd8cbc207d85312bcf38e61c9b9a805e0d12add62da8d,60111 4 60366 6 60622 6 60877 7 61133 7 61389 7 61645 7 61902 5
ec486143ecfec847c22cd8cbc207d85312bcf38e61c9b9a805e0d12add62da8d,63961 3 64216 5 64471 7 64727 8 64984 7 65240 7 65496 7
ec486143ecfec847c22cd8cbc207d85312bcf38e61c9b9a805e0d12add62da8d,61110 3 61364 7 61618 10 61873 11 62129 10 62384 10 62640 9 62897 6
ec486143ecfec847c22cd8cbc207d85312bcf38e61c9b9a805e0d12add62da8d,44830 6 45085 9 45341 10 45597 11 45853 11 46110 9 46367 7 46624 5
ec486143ecfec847c22cd8cbc207d85312bcf38e61c9b9a805e0d12add62da8d,63427 9 63681 12 63935 14 64190 15 64446 14 64702 13 64958 12 65215 10 65472 8
ec486143ecfec847c22cd8cbc207d85312bcf38e61c9b9a805e0d12add62da8d,37130 9 37385 11 37641 11 37898 9 38154 9 38411 7 38668 5
ec486143ecfec847c22cd8cbc207d85312bcf38e61c9b9a805e0d12add62da8d,60356 4 60611 6 60867 7 61123 7 61379 7 61636 6 61892 6 62149 4 62406 2
ec486143ecfec847c22cd8cbc207d85312bcf38e61c9b9a805e0d12add62da8d,31277 6 31531 9 31786 11 32041 12 32297 13 32553 13 32809 13 33065 13 33322 12 33578 11 33835 9 34092 6
ec486143ecfec847c22cd8cbc207d85312bcf38e61c9b9a805e0d12add62da8d,51381 6 51636 8 51891 11 52146 13 52402 13 52658 13 52914 13 53171 12 53428 11 53685 9 53943 5 54200 2
