ed4b8e0d756836be7acb2e2b7799c473b52424e3092a71d3c6d23558e500dc4c,14553 4 14808 6 15063 8 15318 9 15574 8 15829 9 16085 9 16341 9 16597 8 16853 8 17110 6 17367 3
ed4b8e0d756836be7acb2e2b7799c473b52424e3092a71d3c6d23558e500dc4c,43988 2 44243 5 44498 7 44753 9 45009 9 45266 8 45522 7 45779 5 46036 3
ed4b8e0d756836be7acb2e2b7799c473b52424e3092a71d3c6d23558e500dc4c,60165 4 60420 6 60676 7 60931 8 61186 9 61442 9 61698 9 61954 9 62210 9 62466 8 62723 5
ed4b8e0d756836be7acb2e2b7799c473b52424e3092a71d3c6d23558e500dc4c,33805 4 34059 6 34314 5 34569 5 34825 5 35080 6 35335 7 35591 7 35847 6 36103 5 36360 3
ed4b8e0d756836be7acb2e2b7799c473b52424e3092a71d3c6d23558e500dc4c,12482 6 12737 9 12993 10 13249 11 13505 12 13762 12 14019 11 14276 10 14533 10 14790 9 15047 7 15304 4
ed4b8e0d756836be7acb2e2b7799c473b52424e3092a71d3c6d23558e500dc4c,17328 2 17576 13 17831 15 18086 16 18341 18 18597 18 18853 18 19109 18 19366 16 19623 14 19881 11
ed4b8e0d756836be7acb2e2b7799c473b52424e3092a71d3c6d23558e500dc4c,13295 5 13550 7 13805 9 14061 10 14317 11 14573 11 14829 12 15085 12 15342 11 15599 10 15855 10 16112 8 16370 5
ed4b8e0d756836be7acb2e2b7799c473b52424e3092a71d3c6d23558e500dc4c,405 5 659 8 914 9 1170 9 1426 9 1682 8 1939 6
ed4b8e0d756836be7acb2e2b7799c473b52424e3092a71d3c6d23558e500dc4c,60759 1 61010 7 61267 11 61523 12 61779 13 62035 13 62292 12 62550 9 62808 7 63066 4
ed4b8e0d756836be7acb2e2b7799c473b52424e3092a71d3c6d23558e500dc4c,28690 3 28944 6 29199 8 29454 9 29709 10 29965 9 30221 9 30477 8 30734 6 30991 4
ed4b8e0d756836be7acb2e2b7799c473b52424e3092a71d3c6d23558e500dc4c,29893 5 30148 7 30403 9 30658 10 30914 11 31169 12 31425 12 31680 13 31936 13 32192 13 32448 13 32705 12 32962 10
ed4b8e0d756836be7acb2e2b7799c473b52424e3092a71d3c6d23558e500dc4c,56958 3 57212 6 57467 8 57722 9 57978 9 58233 10 58489 10 58745 9 59001 9 59257 8 59513 7 59769 5 60026 2
ed4b8e0d756836be7acb2e2b7799c473b52424e3092a71d3c6d23558e500dc4c,59215 9 59469 12 59724 14 59980 14 60236 14 60492 13 60749 10
ed4b8e0d756836be7acb2e2b7799c473b52424e3092a71d3c6d23558e500dc4c,27722 2 27975 6 28230 9 28485 11 28740 12 28996 12 29252 12 29509 11 29766 10 30023 9 30280 7 30538 4
ed4b8e0d756836be7acb2e2b7799c473b52424e3092a71d3c6d23558e500dc4c,50093 6 50347 9 50601 11 50856 12 51112 11 51368 10 51624 9 51880 8 52137 6
ed4b8e0d756836be7acb2e2b7799c473b52424e3092a71d3c6d23558e500dc4c,54688 6 54943 10 55198 12 55454 13 55710 13 55965 13 56221 12 56478 10 56736 6
ed4b8e0d756836be7acb2e2b7799c473b52424e3092a71d3c6d23558e500dc4c,43433 6 43688 9 43944 10 44200 11 44456 11 44713 9 44970 5
ed4b8e0d756836be7acb2e2b7799c473b52424e3092a71d3c6d23558e500dc4c,5377 5 5633 6 5889 6 6145 7 6401 7 6657 7 6913 7 7169 6
ed4b8e0d756836be7acb2e2b7799c473b52424e3092a71d3c6d23558e500dc4c,14941 6 15194 16 15449 18 15704 20 15960 21 16216 21 16471 23 16727 23 16984 21 17240 21 17497 19 17754 17 18015 11
ed4b8e0d756836be7acb2e2b7799c473b52424e3092a71d3c6d23558e500dc4c,35384 7 35639 11 35895 12 36151 12 36408 12 36665 11 36922 10 37179 7
ed4b8e0d756836be7acb2e2b7799c473b52424e3092a71d3c6d23558e500dc4c,9863 2 10118 5 10373 7 10628 8 10884 8 11139 9 11395 9 11651 9 11907 8 12163 8 12419 7 12676 5 12933 3
ed4b8e0d756836be7acb2e2b7799c473b52424e3092a71d3c6d23558e500dc4c,23548 5 23803 6 24058 7 24313 8 24569 8 24825 8 25081 8 25337 8 25594 7 25851 4
ed4b8e0d756836be7acb2e2b7799c473b52424e3092a71d3c6d23558e500dc4c,20021 5 20276 7 20532 8 20788 8 21044 9 21300 9 21556 9 21812 8 22068 7 22324 7 22581 5
ed4b8e0d756836be7acb2e2b7799c473b52424e3092a71d3c6d23558e500dc4c,76 11 332 10 588 9 845 7 1103 4
ed4b8e0d756836be7acb2e2b7799c473b52424e3092a71d3c6d23558e500dc4c,59703 5 59958 7 60213 9 60469 11 60725 12 60981 13 61237 14 61494 14 61750 14 62007 13 62264 12 62522 10 62781 6 63040 2
ed4b8e0d756836be7acb2e2b7799c473b52424e3092a71d3c6d23558e500dc4c,10298 5 10553 7 10809 8 11065 9 11321 10 11577 10 11834 9 12091 8 12348 7 12604 7 12861 5
ed4b8e0d756836be7acb2e2b7799c473b52424e3092a71d3c6d23558e500dc4c,164 11 420 12 675 13 931 14 1187 14 1444 12 1700 12 1956 11 2213 9 2469 7 2726 5
ed4b8e0d756836be7acb2e2b7799c473b52424e3092a71d3c6d23558e500dc4c,7891 4 8146 8 8401 10 8657 11 8913 11 9169 11 9425 11 9682 9 9939 7 10197 3
ed4b8e0d756836be7acb2e2b7799c473b52424e3092a71d3c6d23558e500dc4c,26528 2 26783 6 27039 7 27295 8 27551 8 27807 8 28062 9 28318 9 28575 8 28831 8 29087 7 29342 8 29598 7 29854 7 30111 5 30367 4 30624 2
ed4b8e0d756836be7acb2e2b7799c473b52424e3092a71d3c6d23558e500dc4c,18504 8 18758 11 19013 13 19268 14 19523 16 19779 16 20035 16 20291 15 20548 14 20804 13 21061 11 21318 3
ed4b8e0d756836be7acb2e2b7799c473b52424e3092a71d3c6d23558e500dc4c,24833 3 25089 4 25345 5 25601 5 25857 5 26113 4 26369 2
ed4b8e0d756836be7acb2e2b7799c473b52424e3092a71d3c6d23558e500dc4c,9829 5 10082 9 10337 11 10592 12 10847 13 11103 14 11358 15 11614 14 11870 14 12126 13 12383 11 12640 8 12897 5
ed4b8e0d756836be7acb2e2b7799c473b52424e3092a71d3c6d23558e500dc4c,52309 6 52564 8 52819 11 53075 12 53331 13 53587 13 53843 14 54099 14 54355 13 54612 12 54868 11 55125 10 55382 9 55639 8 55897 5
ed4b8e0d756836be7acb2e2b7799c473b52424e3092a71d3c6d23558e500dc4c,24762 4 25017 6 25272 7 25526 9 25781 9 26037 9 26293 8 26550 6 26809 2
ed4b8e0d756836be7acb2e2b7799c473b52424e3092a71d3c6d23558e500dc4c,49443 2 49698 4 49954 5 50209 7 50465 7 50721 8 50977 9 51234 9 51491 8 51748 7 52005 5
ed4b8e0d756836be7acb2e2b7799c473b52424e3092a71d3c6d23558e500dc4c,46607 3 46862 5 47117 6 47373 6 47628 7 47884 7 48140 7 48396 7 48652 7 48908 6 49165 4 49422 2
ed4b8e0d756836be7acb2e2b7799c473b52424e3092a71d3c6d23558e500dc4c,24872 6 25127 8 25383 9 25639 9 25894 10 26150 10 26406 10 26662 10 26918 10 27174 10 27430 9 27687 7 27943 7 28199 6 28456 4
ed4b8e0d756836be7acb2e2b7799c473b52424e3092a71d3c6d23558e500dc4c,723 5 978 7 1233 9 1489 10 1745 11 2001 11 2257 11 2514 11 2770 11 3027 11 3283 11 3540 9 3797 8 4054 6
ed4b8e0d756836be7acb2e2b7799c473b52424e3092a71d3c6d23558e500dc4c,52285 6 52538 10 52793 11 53049 11 53305 10 53561 9 53817 9 54073 8 54330 6
ed4b8e0d756836be7acb2e2b7799c473b52424e3092a71d3c6d23558e500dc4c,23894 4 24148 7 24403 9 24659 9 24915 9 25171 10 25428 9 25685 9 25942 8 26199 7 26457 5 26715 2
ed4b8e0d756836be7acb2e2b7799c473b52424e3092a71d3c6d23558e500dc4c,101 9 358 8 615 7 872 5
ed4b8e0d756836be7acb2e2b7799c473b52424e3092a71d3c6d23558e500dc4c,9505 3 9760 5 10015 6 10270 7 10525 9 10780 11 11036 11 11292 11 11548 11 11804 11 12060 11 12316 11 12572 11 12828 10 13084 10 13341 8 13598 6 13857 2
ed4b8e0d756836be7acb2e2b7799c473b52424e3092a71d3c6d23558e500dc4c,1727 4 1982 6 2237 8 2492 10 2748 10 3004 9 3260 9 3516 9 3772 9 4028 9 4284 8 4540 8 4797 6 5054 4
ed4b8e0d756836be7acb2e2b7799c473b52424e3092a71d3c6d23558e500dc4c,9459 4 9714 6 9970 7 10226 8 10483 7 10739 7 10995 7 11251 8 11507 8 11763 9 12019 9 12275 9 12531 8 12787 8 13043 8 13300 6 13557 5 13814 3 14071 1
ed4b8e0d756836be7acb2e2b7799c473b52424e3092a71d3c6d23558e500dc4c,3312 4 3567 6 3821 8 4076 9 4331 10 4587 10 4843 9 5099 9 5355 9 5611 8 5868 6 6125 4
ed4b8e0d756836be7acb2e2b7799c473b52424e3092a71d3c6d23558e500dc4c,8870 4 9124 7 9379 8 9635 8 9891 8 10147 8 10403 8 10659 7 10915 7 11171 6 11427 5 11684 3
ed4b8e0d756836be7acb2e2b7799c473b52424e3092a71d3c6d23558e500dc4c,62056 7 62311 9 62566 11 62822 12 63078 12 63334 12 63590 12 63847 11 64104 9 64363 2
ed4b8e0d756836be7acb2e2b7799c473b52424e3092a71d3c6d23558e500dc4c,64038 4 64293 6 64549 7 64804 8 65060 8 65316 8
ed4b8e0d756836be7acb2e2b7799c473b52424e3092a71d3c6d23558e500dc4c,573 6 828 8 1083 9 1338 10 1594 10 1850 10 2107 8 2363 7 2620 4
ed4b8e0d756836be7acb2e2b7799c473b52424e3092a71d3c6d23558e500dc4c,52230 3 52485 5 52740 6 52996 7 53252 8 53508 8 53764 8 54021 6 54278 4
ed4b8e0d756836be7acb2e2b7799c473b52424e3092a71d3c6d23558e500dc4c,55553 6 55809 7 56065 8 56321 8 56577 8 56833 8 57089 7 57345 6 57601 5
ed4b8e0d756836be7acb2e2b7799c473b52424e3092a71d3c6d23558e500dc4c,54894 3 55149 5 55404 7 55659 8 55915 7 56170 8 56426 7 56682 7 56937 8 57193 7 57449 7 57706 5 57962 5 58219 3
ed4b8e0d756836be7acb2e2b7799c473b52424e3092a71d3c6d23558e500dc4c,11055 5 11310 7 11566 7 11822 8 12078 8 12334 8 12590 8 12847 7 13104 5
ed4b8e0d756836be7acb2e2b7799c473b52424e3092a71d3c6d23558e500dc4c,20249 5 20502 9 20756 12 21010 14 21265 15 21520 15 21775 15 22031 14 22288 11 22546 7
ed4b8e0d756836be7acb2e2b7799c473b52424e3092a71d3c6d23558e500dc4c,61587 3 61842 5 62097 7 62353 7 62608 8 62863 9 63119 8 63375 8 63631 8 63887 7 64144 5 64401 3
ed4b8e0d756836be7acb2e2b7799c473b52424e3092a71d3c6d23558e500dc4c,53553 8 53808 9 54064 9 54321 9 54579 8 54836 6 55093 4
ed4b8e0d756836be7acb2e2b7799c473b52424e3092a71d3c6d23558e500dc4c,27382 4 27637 7 27892 9 28148 10 28404 10 28660 11 28916 11 29172 11 29429 10 29686 8 29946 3
ed4b8e0d756836be7acb2e2b7799c473b52424e3092a71d3c6d23558e500dc4c,33597 7 33850 11 34104 13 34359 14 34614 14 34870 13 35127 11 35391 3
ed4b8e0d756836be7acb2e2b7799c473b52424e3092a71d3c6d23558e500dc4c,34319 7 34574 9 34830 9 35086 9 35342 9 35598 8 35855 6
ed4b8e0d756836be7acb2e2b7799c473b52424e3092a71d3c6d23558e500dc4c,25977 2 26232 4 26487 6 26742 8 26998 8 27254 8 27510 9 27766 9 28022 9 28279 8 28536 6 28793 4
ed4b8e0d756836be7acb2e2b7799c473b52424e3092a71d3c6d23558e500dc4c,55344 4 55599 7 55854 9 56110 10 56366 11 56623 10 56882 7 57139 5
ed4b8e0d756836be7acb2e2b7799c473b52424e3092a71d3c6d23558e500dc4c,37206 4 37461 6 37716 7 37971 9 38227 9 38482 10 38738 10 38994 10 39250 10 39506 10 39762 9 40018 9 40274 9 40530 8 40787 6 41044 4
ed4b8e0d756836be7acb2e2b7799c473b52424e3092a71d3c6d23558e500dc4c,16617 4 16872 6 17128 7 17383 9 17639 9 17896 8 18152 8 18408 8 18665 6 18923 3
ed4b8e0d756836be7acb2e2b7799c473b52424e3092a71d3c6d23558e500dc4c,29942 4 30197 7 30451 9 30706 11 30961 13 31217 13 31474 12 31730 11 31987 9 32246 3
ed4b8e0d756836be7acb2e2b7799c473b52424e3092a71d3c6d23558e500dc4c,10262 4 10517 6 10773 7 11029 7 11284 8 11539 9 11795 9 12051 9 12307 9 12563 9 12819 9 13075 9 13331 8 13587 7 13843 6 14100 3
ed4b8e0d756836be7acb2e2b7799c473b52424e3092a71d3c6d23558e500dc4c,43252 4 43507 6 43762 8 44018 9 44273 11 44529 11 44785 11 45041 11 45297 11 45553 11 45810 10 46066 10 46323 9 46580 7 46837 4
ed4b8e0d756836be7acb2e2b7799c473b52424e3092a71d3c6d23558e500dc4c,4938 6 5193 8 5448 10 5703 11 5959 12 6214 13 6469 14 6724 15 6979 16 7235 16 7491 16 7747 15 8003 15 8260 14 8516 14 8773 13 9030 11 9287 9 9545 6 9802 3
ed4b8e0d756836be7acb2e2b7799c473b52424e3092a71d3c6d23558e500dc4c,46525 8 46779 11 47034 12 47289 13 47545 13 47800 14 48056 14 48312 14 48569 12 48826 10
ed4b8e0d756836be7acb2e2b7799c473b52424e3092a71d3c6d23558e500dc4c,3440 3 3695 5 3949 8 4201 12 4455 14 4710 14 4966 14 5222 13 5479 12 5735 11 5992 10 6249 8
ed4b8e0d756836be7acb2e2b7799c473b52424e3092a71d3c6d23558e500dc4c,32013 3 32267 6 32522 8 32778 8 33034 8 33290 8 33546 7 33803 2
ed4b8e0d756836be7acb2e2b7799c473b52424e3092a71d3c6d23558e500dc4c,46199 8 46451 14 46705 17 46960 18 47215 19 47471 20 47726 21 47982 21 48238 21 48494 21 48750 20 49007 19 49263 19 49520 17 49777 14 50035 11 50294 6
ed4b8e0d756836be7acb2e2b7799c473b52424e3092a71d3c6d23558e500dc4c,30082 5 30335 9 30590 11 30846 11 31102 12 31358 12 31615 11 31871 10 32127 10 32383 10 32640 9 32897 8 33155 5
ed4b8e0d756836be7acb2e2b7799c473b52424e3092a71d3c6d23558e500dc4c,2835 3 3089 6 3344 7 3600 8 3856 8 4112 8 4368 8 4624 9 4879 10 5135 10 5392 9 5648 8 5905 6 6162 4
ed4b8e0d756836be7acb2e2b7799c473b52424e3092a71d3c6d23558e500dc4c,2347 10 2602 12 2857 14 3113 15 3369 15 3625 15 3881 14 4138 12 4396 9 4656 4
ed4b8e0d756836be7acb2e2b7799c473b52424e3092a71d3c6d23558e500dc4c,55847 5 56102 8 56358 8 56613 10 56869 11 57125 10 57381 10 57637 10 57894 9 58150 8 58407 7 58663 6 58920 4
ed4b8e0d756836be7acb2e2b7799c473b52424e3092a71d3c6d23558e500dc4c,31924 7 32179 10 32434 14 32690 15 32946 16 33202 16 33458 15 33715 14 33972 13 34229 11 34488 6
