ed5be4b63e9506ad64660dd92a098ffcc0325195298c13c815a73773f1efc279,15633 3 15888 8 16144 9 16399 10 16655 11 16911 11 17167 12 17423 14 17679 19 17935 20 18192 19 18448 19 18704 19 18960 19 19216 19 19472 18 19727 19 19982 19 20238 19 20494 18 20750 14 21006 13 21262 13 21518 13 21773 13 22028 13 22284 13 22540 13 22797 12 23053 12 23310 10 23568 7 23827 3
ed5be4b63e9506ad64660dd92a098ffcc0325195298c13c815a73773f1efc279,42052 4 42307 6 42315 4 42562 14 42817 15 43072 16 43327 17 43582 19 43837 20 44092 21 44347 22 44602 23 44858 23 45114 23 45371 21 45628 19 45884 18 46140 18 46396 17 46653 15 46910 13 47167 12 47423 11 47680 9 47936 6 48193 3
ed5be4b63e9506ad64660dd92a098ffcc0325195298c13c815a73773f1efc279,79771 2 79777 4 80026 12 80282 13 80538 12 80794 12 81050 12 81307 11 81564 9 81821 8
ed5be4b63e9506ad64660dd92a098ffcc0325195298c13c815a73773f1efc279,32329 15 32583 22 32838 24 33094 25 33350 26 33606 26 33863 26 34119 26 34376 25 34632 25 34888 25 35145 24 35401 24 35658 24 35915 24 36171 25 36428 25 36685 24 36941 24 37198 23 37457 20 37714 19 37971 18 38228 16 38485 14 38743 11 39003 6
ed5be4b63e9506ad64660dd92a098ffcc0325195298c13c815a73773f1efc279,67179 11 67430 19 67683 23 67938 25 68193 28 68448 30 68703 31 68959 32 69215 33 69471 33 69728 32 69984 32 70240 32 70496 32 70753 31 71010 29 71267 28 71526 24 71783 22 72040 20 72297 18 72554 16 72811 14 73069 11
ed5be4b63e9506ad64660dd92a098ffcc0325195298c13c815a73773f1efc279,42955 3 43210 6 43224 3 43465 8 43479 5 43720 10 43734 6 43976 11 43989 7 44232 21 44488 22 44744 23 45000 23 45257 22 45514 21 45770 21 46025 22 46280 22 46535 23 46791 23 47047 23 47304 21 47561 19 47817 18 48073 17 48329 16 48585 14 48841 12 49098 10 49357 6
ed5be4b63e9506ad64660dd92a098ffcc0325195298c13c815a73773f1efc279,4043 6 4298 11 4554 13 4810 14 5065 16 5320 18 5575 20 5830 21 6084 24 6339 28 6594 30 6849 32 7105 34 7361 36 7617 38 7874 38 8131 38 8388 39 8645 39 8903 37 9160 37 9418 35 9676 32 9935 29 10198 22 10455 21 10711 20 10968 17 11226 13 11486 6
ed5be4b63e9506ad64660dd92a098ffcc0325195298c13c815a73773f1efc279,36536 5 36791 10 37047 11 37303 12 37560 12 37816 14 38072 15 38327 17 38583 18 38839 20 39094 22 39350 22 39606 22 39862 22 40117 23 40373 23 40629 23 40885 23 41141 22 41397 22 41654 20 41910 19 42167 18 42425 17 42682 16 42940 14 43198 12 43455 10 43713 7
ed5be4b63e9506ad64660dd92a098ffcc0325195298c13c815a73773f1efc279,40546 4 40801 6 40809 6 41057 15 41313 19 41568 21 41824 22 42080 22 42336 23 42593 23 42849 23 43105 24 43362 24 43619 23 43875 24 44131 24 44387 25 44644 24 44903 21 45163 17 45421 15 45680 12 45939 8
ed5be4b63e9506ad64660dd92a098ffcc0325195298c13c815a73773f1efc279,70852 11 71105 15 71354 25 71610 27 71866 30 72121 32 72377 32 72632 33 72888 33 73144 33 73401 32 73657 32 73914 31 74170 31 74426 31 74683 29 74940 28 75211 12 75471 6 75728 2
ed5be4b63e9506ad64660dd92a098ffcc0325195298c13c815a73773f1efc279,36909 4 37161 10 37415 13 37670 14 37926 14 38182 14 38437 15 38692 16 38948 16 39204 16 39459 17 39715 16 39971 16 40227 16 40483 16 40739 16 40995 16 41251 16 41507 16 41763 16 42019 16 42276 14 42532 13 42789 12 43046 10 43302 9 43559 7
ed5be4b63e9506ad64660dd92a098ffcc0325195298c13c815a73773f1efc279,28287 5 28539 11 28794 13 29049 15 29302 19 29557 20 29813 21 30069 22 30326 21 30583 20 30840 19 31096 19 31351 21 31606 23 31861 25 32117 25 32373 25 32630 24 32889 21 33146 20 33403 19 33659 18 33916 17 34173 16 34429 16 34684 16 34940 16 35196 16 35453 15 35709 15 35966 13 36225 10 36487 3
ed5be4b63e9506ad64660dd92a098ffcc0325195298c13c815a73773f1efc279,48803 5 49056 9 49310 11 49565 13 49819 17 50074 19 50330 20 50585 22 50840 23 51094 24 51350 23 51606 22 51862 22 52118 21 52374 18 52630 15 52887 9 53143 8 53400 6
ed5be4b63e9506ad64660dd92a098ffcc0325195298c13c815a73773f1efc279,22 15 279 14 535 14 790 14 1046 14 1302 14 1557 15 1813 14 2069 14 2325 14 2581 15 2837 15 3093 15 3349 14 3605 14 3861 13 4118 12 4375 12 4631 12 4888 11 5145 9 5404 3
ed5be4b63e9506ad64660dd92a098ffcc0325195298c13c815a73773f1efc279,63194 3 63449 5 63704 7 63960 7 64216 8 64471 10 64724 13 64979 15 65234 16 65490 16 65746 16 66003 16 66263 13 66520 12 66776 12 67033 12 67289 12 67546 12 67803 11 68060 10 68319 7 68577 4
ed5be4b63e9506ad64660dd92a098ffcc0325195298c13c815a73773f1efc279,60732 6 60987 9 61243 10 61498 13 61753 15 62008 17 62263 19 62518 20 62774 21 63030 22 63286 23 63542 23 63797 25 64053 26 64309 26 64565 26 64821 26 65077 26 65333 26 65589 26 65846 25 66102 25 66359 24 66615 24 66872 23 67128 23 67384 22 67640 21 67896 20 68152 18 68408 17 68665 15 68921 14 69178 10 69436 7
ed5be4b63e9506ad64660dd92a098ffcc0325195298c13c815a73773f1efc279,75939 13 76193 16 76445 21 76700 22 76956 23 77212 24 77468 24 77723 26 77979 27 78234 28 78490 28 78746 28 79003 26 79259 26 79516 25 79773 4 79781 15 80038 13 80296 9
ed5be4b63e9506ad64660dd92a098ffcc0325195298c13c815a73773f1efc279,34162 3 34417 5 34672 7 34927 8 35182 9 35438 9 35694 9 35949 10 36205 11 36461 12 36717 12 36973 12 37230 11 37487 11 37744 10 38000 10 38255 12 38509 15 38764 16 39020 17 39276 17 39532 17 39789 16 40046 15 40303 15 40559 15 40815 14 41072 13 41332 5 41589 3 41846 1
ed5be4b63e9506ad64660dd92a098ffcc0325195298c13c815a73773f1efc279,72189 4 72444 5 72700 5 72956 5 73213 4 73470 3 73726 3 73982 3 74238 3 74494 3 74750 3 75005 4 75260 5 75515 6 75771 6 76027 6 76284 5 76541 4 76797 4 77053 4 77309 4 77566 3
ed5be4b63e9506ad64660dd92a098ffcc0325195298c13c815a73773f1efc279,27191 6 27445 9 27698 13 27953 14 28208 15 28464 15 28720 16 28976 17 29232 18 29487 19 29742 20 29997 21 30252 23 30508 24 30764 24 31020 16 31038 6 31276 15 31295 5 31531 16 31552 3 31787 15 32043 15 32300 13
ed5be4b63e9506ad64660dd92a098ffcc0325195298c13c815a73773f1efc279,22600 4 22854 14 23109 16 23363 19 23618 21 23873 23 24129 24 24385 25 24641 26 24897 26 25153 26 25410 25 25667 25 25923 25 26179 25 26436 24 26694 22 26951 21 27208 20 27465 19 27723 16 27981 12 28244 4
ed5be4b63e9506ad64660dd92a098ffcc0325195298c13c815a73773f1efc279,54475 4 54730 7 54986 9 55242 16 55498 18 55754 22 56010 23 56266 24 56521 25 56776 26 57031 27 57286 29 57542 29 57798 29 58053 30 58308 31 58564 32 58820 32 59076 32 59333 31 59589 31 59845 31 60102 29 60358 28 60615 26 60882 12 61139 10 61396 9 61653 7
ed5be4b63e9506ad64660dd92a098ffcc0325195298c13c815a73773f1efc279,66238 5 66491 9 66746 10 67001 12 67255 15 67510 17 67765 18 68021 18 68276 19 68531 20 68787 19 69043 18 69299 17 69555 16 69811 15 70068 14 70324 14 70581 13 70838 12 71095 10
ed5be4b63e9506ad64660dd92a098ffcc0325195298c13c815a73773f1efc279,49446 3 49700 9 49955 11 50210 12 50466 13 50482 8 50722 25 50977 27 51227 33 51482 34 51737 35 51992 36 52247 36 52503 36 52758 36 53014 36 53270 36 53526 36 53782 36 54037 37 54293 36 54549 35 54805 34 55061 34 55317 34 55574 32 55834 27 56091 12 56108 7 56348 8 56365 3
ed5be4b63e9506ad64660dd92a098ffcc0325195298c13c815a73773f1efc279,77824 1 78079 2 78334 3 78589 4 78845 4 79101 4 79357 4 79613 4 79870 3 80127 2 80383 2 80639 2 80895 2 81151 2 81407 2 81664 1
ed5be4b63e9506ad64660dd92a098ffcc0325195298c13c815a73773f1efc279,36743 7 36996 11 37251 13 37506 16 37761 18 38017 19 38272 20 38528 20 38783 21 39038 22 39293 24 39549 25 39805 28 40061 29 40318 29 40574 30 40829 32 41085 32 41341 32 41597 33 41852 35 42108 36 42364 36 42620 36 42877 35 43133 35 43389 35 43645 35 43901 34 44158 9 44169 21 44415 4 44431 14 44688 12 44946 5
ed5be4b63e9506ad64660dd92a098ffcc0325195298c13c815a73773f1efc279,40463 6 40718 8 40973 9 41228 10 41483 11 41737 13 41992 14 42247 15 42500 18 42755 19 43010 20 43266 20 43522 20 43778 19 44034 19 44290 19 44546 19 44802 19 45058 18 45314 17 45571 15 45829 12 46086 10 46344 6
ed5be4b63e9506ad64660dd92a098ffcc0325195298c13c815a73773f1efc279,45914 7 46169 10 46424 13 46679 15 46935 16 47190 17 47445 18 47700 20 47955 21 48211 21 48466 22 48721 23 48977 22 49233 22 49488 23 49744 23 50000 23 50257 22 50516 18 50773 16 51030 14 51287 12 51544 10 51802 7
ed5be4b63e9506ad64660dd92a098ffcc0325195298c13c815a73773f1efc279,78279 4 78533 7 78788 9 79034 4 79043 10 79289 6 79298 11 79544 21 79797 24 80052 26 80307 28 80563 28 80819 29 81075 29 81331 29 81586 30 81842 30
ed5be4b63e9506ad64660dd92a098ffcc0325195298c13c815a73773f1efc279,44701 3 44943 3 44956 5 45184 4 45198 5 45212 5 45439 6 45454 6 45468 5 45695 6 45710 6 45724 5 45951 7 45966 6 45979 6 46208 8 46222 6 46234 7 46464 9 46478 7 46487 10 46720 10 46733 20 46977 31 47233 31 47489 30 47745 28 48001 27 48257 27 48514 26 48772 23 49030 18 49287 16 49544 14 49801 12 50058 10 50314 10 50569 11 50825 12 51081 13 51337 13 51592 14 51848 14 52103 15 52358 16 52603 4 52613 17 52858 6 52868 17 53113 27 53366 30 53621 31 53876 32 54131 33 54386 34 54642 34 54898 34 55154 34 55411 4 55418 26 55676 23 55934 18 56191 6
ed5be4b63e9506ad64660dd92a098ffcc0325195298c13c815a73773f1efc279,74605 8 74860 10 75115 12 75370 14 75625 16 75881 18 76136 20 76392 21 76647 22 76903 22 77158 23 77413 25 77668 27 77923 29 78179 29 78435 30 78691 30 78947 30 79203 30 79459 30 79715 30 79971 30 80227 30 80484 29 80741 28 80998 26 81255 24 81513 20 81770 18
ed5be4b63e9506ad64660dd92a098ffcc0325195298c13c815a73773f1efc279,37284 7 37539 9 37794 11 38050 12 38306 13 38562 14 38818 15 39075 14 39332 13 39589 11 39846 5
ed5be4b63e9506ad64660dd92a098ffcc0325195298c13c815a73773f1efc279,62869 4 63123 10 63378 12 63633 14 63888 15 64144 15 64400 15 64655 16 64911 16 65166 17 65422 17 65678 17 65934 17 66190 18 66446 18 66703 17 66959 17 67216 17 67472 17 67728 18 67984 18 68241 18 68497 18 68754 17 69011 16 69268 15 69526 13 69783 12 70041 10 70298 9 70556 6
ed5be4b63e9506ad64660dd92a098ffcc0325195298c13c815a73773f1efc279,54691 2 54946 11 55201 13 55456 17 55712 18 55967 20 56222 21 56477 23 56733 23 56990 22 57247 22 57503 22 57759 23 58015 23 58272 22 58530 21 58788 19 59045 18 59302 16 59558 16 59814 16 60071 15 60328 14 60585 13 60841 12 61098 11 61356 8 61614 5
ed5be4b63e9506ad64660dd92a098ffcc0325195298c13c815a73773f1efc279,35074 3 35329 5 35585 5 35841 5 36097 6 36353 6 36609 7 36865 7 37121 7 37377 7 37633 8 37889 8 38145 8 38401 7 38657 7 38913 7 39169 7 39425 7 39681 6 39937 6 40193 6 40449 5 40705 5 40961 4 41217 4 41473 3
ed5be4b63e9506ad64660dd92a098ffcc0325195298c13c815a73773f1efc279,227 30 480 33 735 34 991 34 1247 34 1503 34 1760 33 2018 31 2275 23 2300 5 2532 21 2788 21 3045 20 3302 19 3560 17 3817 15 4074 13 4332 7
ed5be4b63e9506ad64660dd92a098ffcc0325195298c13c815a73773f1efc279,6948 3 7203 5 7459 5 7714 6 7970 6 8226 6 8482 7 8739 6 8995 7 9252 6 9508 6 9765 5 10021 5 10277 5 10533 6 10789 6 11045 6 11301 7 11557 8 11813 9 12070 8 12327 7 12584 7 12841 6 13098 5 13355 3
ed5be4b63e9506ad64660dd92a098ffcc0325195298c13c815a73773f1efc279,55808 1 56062 3 56316 5 56569 8 56823 10 57077 12 57332 13 57587 14 57842 15 58098 15 58354 15 58610 15 58866 15 59122 15 59379 14 59635 14 59892 13 60149 12 60407 10 60664 9 60920 9 61177 8 61434 7 61691 6 61949 4
ed5be4b63e9506ad64660dd92a098ffcc0325195298c13c815a73773f1efc279,28430 7 28685 9 28940 11 29195 13 29449 16 29703 19 29958 21 30213 23 30468 24 30723 25 30979 25 31235 25 31491 25 31748 23 32005 22 32261 22 32517 21 32773 21 33029 20 33286 18 33543 17 33801 14 34058 12 34316 8
ed5be4b63e9506ad64660dd92a098ffcc0325195298c13c815a73773f1efc279,52298 5 52553 7 52809 9 53064 11 53320 12 53340 7 53576 13 53595 9 53832 13 53850 11 54089 13 54104 14 54346 29 54604 27 54861 27 55118 26 55374 26 55631 25 55887 25 56143 25 56399 24 56655 22 56912 19 57169 3 57174 7 57431 4
ed5be4b63e9506ad64660dd92a098ffcc0325195298c13c815a73773f1efc279,33183 9 33438 11 33689 19 33944 21 34200 21 34455 23 34710 25 34966 26 35222 26 35479 25 35735 24 35992 22 36249 20 36513 11 36771 6
ed5be4b63e9506ad64660dd92a098ffcc0325195298c13c815a73773f1efc279,69109 5 69364 7 69619 9 69875 10 70131 11 70388 10 70644 10 70900 10 71156 10 71412 10 71667 11 71912 22 72162 27 72417 27 72673 27 72929 27 73184 29 73440 30 73696 30 73952 30 74208 29 74464 27 74720 26 74977 23 75236 17 75493 14 75750 11 76007 8
