eeb142344e9de3250ab748f93940bf06be70d5078337680998468a134a101698,27576 3 27831 5 28087 6 28343 7 28599 7 28856 7 29113 6 29369 6 29626 5 29882 5 30138 5 30394 5 30651 3
eeb142344e9de3250ab748f93940bf06be70d5078337680998468a134a101698,23 11 279 11 535 11 792 9 1049 7 1306 5
eeb142344e9de3250ab748f93940bf06be70d5078337680998468a134a101698,23967 9 24221 12 24476 13 24731 15 24987 15 25243 15 25499 15 25756 13 26013 11 26271 8
eeb142344e9de3250ab748f93940bf06be70d5078337680998468a134a101698,11583 5 11838 7 12094 7 12350 8 12606 8 12861 9 13117 9 13373 9 13630 7 13887 5
eeb142344e9de3250ab748f93940bf06be70d5078337680998468a134a101698,27156 7 27411 9 27667 10 27922 12 28177 13 28432 15 28687 16 28943 16 29198 17 29454 17 29710 17 29966 5 29973 9 30223 3
eeb142344e9de3250ab748f93940bf06be70d5078337680998468a134a101698,48607 4 48861 7 49116 9 49371 11 49627 11 49882 12 50138 11 50394 11 50650 11 50906 10 51162 9 51419 7 51676 4
eeb142344e9de3250ab748f93940bf06be70d5078337680998468a134a101698,6043 3 6298 5 6554 5 6810 5 7066 5 7323 3
eeb142344e9de3250ab748f93940bf06be70d5078337680998468a134a101698,30917 7 31172 9 31428 9 31684 9 31940 9 32197 8 32454 7 32710 6 32967 4
eeb142344e9de3250ab748f93940bf06be70d5078337680998468a134a101698,61626 3 61880 6 62135 8 62390 10 62644 12 62899 12 63155 12 63411 11 63668 9
eeb142344e9de3250ab748f93940bf06be70d5078337680998468a134a101698,24258 6 24513 8 24769 9 25025 10 25281 10 25537 10 25793 10 26049 10 26306 9 26562 9 26819 8 27076 6
eeb142344e9de3250ab748f93940bf06be70d5078337680998468a134a101698,20000 4 20255 6 20511 7 20766 9 21022 9 21278 9 21534 9 21790 9 22046 9 22303 8 22560 6
eeb142344e9de3250ab748f93940bf06be70d5078337680998468a134a101698,23244 5 23498 7 23753 8 24009 8 24265 8 24521 8 24778 7 25035 5
eeb142344e9de3250ab748f93940bf06be70d5078337680998468a134a101698,12599 2 12854 4 13109 8 13365 8 13621 9 13877 9 14133 9 14389 9 14645 9 14902 7 15159 5
eeb142344e9de3250ab748f93940bf06be70d5078337680998468a134a101698,3871 4 4125 8 4380 10 4635 11 4891 11 5147 11 5403 11 5660 10 5916 10 6173 9 6430 7 6688 4
eeb142344e9de3250ab748f93940bf06be70d5078337680998468a134a101698,6051 3 6305 6 6560 8 6816 8 7072 8 7328 8 7584 8 7841 7 8098 6 8355 4
eeb142344e9de3250ab748f93940bf06be70d5078337680998468a134a101698,20777 4 21032 6 21287 8 21543 8 21799 8 22055 8 22311 8 22567 8 22823 8 23079 8 23335 7 23592 5
eeb142344e9de3250ab748f93940bf06be70d5078337680998468a134a101698,18640 9 18895 12 19151 15 19407 16 19664 15 19920 15 20176 15 20433 14 20690 12 20947 7
eeb142344e9de3250ab748f93940bf06be70d5078337680998468a134a101698,6715 3 6970 5 7224 9 7479 11 7735 11 7991 11 8247 11 8503 11 8759 11 9015 11 9271 10 9528 8
eeb142344e9de3250ab748f93940bf06be70d5078337680998468a134a101698,26959 5 27212 9 27467 12 27723 13 27979 13 28235 13 28491 13 28747 12 29004 10 29262 6
eeb142344e9de3250ab748f93940bf06be70d5078337680998468a134a101698,37108 4 37360 9 37613 13 37868 14 38124 14 38380 14 38637 13 38893 13 39150 12 39407 11 39663 10 39920 9 40177 7
eeb142344e9de3250ab748f93940bf06be70d5078337680998468a134a101698,1689 4 1943 7 2197 10 2452 12 2708 13 2964 13 3220 13 3477 12 3734 4 3740 4
eeb142344e9de3250ab748f93940bf06be70d5078337680998468a134a101698,2867 3 3122 5 3378 6 3634 6 3890 6 4146 6 4402 5 4658 5 4914 5 5171 3
eeb142344e9de3250ab748f93940bf06be70d5078337680998468a134a101698,2874 3 3129 5 3384 6 3640 6 3896 6 4152 6 4407 6 4663 5 4919 4 5174 5 5429 6 5685 6 5941 7 6198 5
eeb142344e9de3250ab748f93940bf06be70d5078337680998468a134a101698,6387 5 6642 8 6898 9 7154 10 7411 10 7667 11 7924 10 8181 9 8438 8 8695 7 8953 5 9211 2
eeb142344e9de3250ab748f93940bf06be70d5078337680998468a134a101698,47289 3 47544 5 47799 7 48055 7 48312 5 48569 2
eeb142344e9de3250ab748f93940bf06be70d5078337680998468a134a101698,16126 3 16381 4 16637 4 16892 5 17148 5 17403 6 17659 6 17915 6 18171 6 18427 6 18684 5 18940 5 19196 5 19452 5 19709 4 19966 3 20223 2 20480 1
eeb142344e9de3250ab748f93940bf06be70d5078337680998468a134a101698,64739 6 64994 8 65250 9 65506 10
eeb142344e9de3250ab748f93940bf06be70d5078337680998468a134a101698,47816 4 48071 6 48326 8 48582 8 48837 9 49093 8 49350 7 49607 5
eeb142344e9de3250ab748f93940bf06be70d5078337680998468a134a101698,55273 2 55528 4 55783 5 56039 6 56295 6 56551 6 56808 6 57064 7 57320 7 57576 7 57832 6 58089 4
eeb142344e9de3250ab748f93940bf06be70d5078337680998468a134a101698,32035 7 32290 9 32545 10 32801 10 33057 10 33313 10 33569 10 33826 9 34083 8 34343 3
eeb142344e9de3250ab748f93940bf06be70d5078337680998468a134a101698,17475 4 17730 6 17986 11 18242 12 18498 12 18754 12 19010 12 19266 12 19522 12 19779 11 20035 10 20291 9 20547 8 20804 5
eeb142344e9de3250ab748f93940bf06be70d5078337680998468a134a101698,29135 7 29390 9 29645 10 29901 11 30157 11 30413 12 30669 12 30925 12 31181 12 31438 11 31695 10 31952 9 32209 7 32467 4
eeb142344e9de3250ab748f93940bf06be70d5078337680998468a134a101698,18731 5 18986 7 19242 8 19498 9 19755 8 20011 8 20267 8 20523 8 20783 3
eeb142344e9de3250ab748f93940bf06be70d5078337680998468a134a101698,22088 4 22343 7 22599 8 22855 9 23111 10 23368 10 23626 8 23883 7 24139 7 24395 7 24651 7 24907 6 25163 5 25419 5 25675 5 25932 3
eeb142344e9de3250ab748f93940bf06be70d5078337680998468a134a101698,8 8 264 9 519 10 775 10 1031 10 1287 10 1543 10 1800 9 2057 7 2314 5
eeb142344e9de3250ab748f93940bf06be70d5078337680998468a134a101698,30959 8 31214 10 31469 11 31725 12 31981 13 32237 13 32494 12 32750 12 33007 11 33264 9 33521 7 33778 5
eeb142344e9de3250ab748f93940bf06be70d5078337680998468a134a101698,25073 3 25328 11 25584 12 25840 12 26096 13 26352 13 26608 13 26864 13 27120 13 27377 12 27635 10 27892 8
eeb142344e9de3250ab748f93940bf06be70d5078337680998468a134a101698,11578 3 11833 5 12089 5 12345 5 12601 5 12858 3
eeb142344e9de3250ab748f93940bf06be70d5078337680998468a134a101698,23574 5 23829 8 24085 9 24341 9 24597 10 24853 10 25110 9 25366 9 25622 8 25879 6
eeb142344e9de3250ab748f93940bf06be70d5078337680998468a134a101698,4881 4 5136 7 5391 9 5647 10 5903 11 6160 10 6417 9 6674 9 6934 5 7191 3
eeb142344e9de3250ab748f93940bf06be70d5078337680998468a134a101698,62186 8 62441 10 62697 11 62953 12 63209 12 63465 12 63721 12 63977 12 64233 12 64489 11 64745 11 65002 9 65259 8 65516 6
eeb142344e9de3250ab748f93940bf06be70d5078337680998468a134a101698,1751 3 2006 5 2261 9 2517 10 2774 9 3031 8 3289 6 3547 3
eeb142344e9de3250ab748f93940bf06be70d5078337680998468a134a101698,18469 4 18724 6 18979 7 19235 7 19491 7 19747 8 20004 7 20261 6 20518 5
eeb142344e9de3250ab748f93940bf06be70d5078337680998468a134a101698,55770 3 56025 5 56281 6 56537 7 56793 7 57049 7 57306 6 57563 5 57821 2
eeb142344e9de3250ab748f93940bf06be70d5078337680998468a134a101698,45780 3 46035 5 46290 7 46546 7 46802 7 47057 8 47313 8 47570 6 47827 3
eeb142344e9de3250ab748f93940bf06be70d5078337680998468a134a101698,34795 5 35050 7 35305 8 35560 9 35816 8 36071 7 36327 6 36583 5 36840 3
eeb142344e9de3250ab748f93940bf06be70d5078337680998468a134a101698,4413 3 4668 5 4923 6 5179 6 5435 6 5691 6 5948 4
eeb142344e9de3250ab748f93940bf06be70d5078337680998468a134a101698,20938 6 21193 10 21449 11 21705 11 21961 11 22217 11 22474 10 22731 8 22988 5
eeb142344e9de3250ab748f93940bf06be70d5078337680998468a134a101698,62619 5 62874 7 63130 8 63386 8 63642 8 63899 7 64156 6 64413 5 64669 5 64926 3
eeb142344e9de3250ab748f93940bf06be70d5078337680998468a134a101698,165 9 420 10 676 11 932 11 1188 11 1444 11 1700 11 1957 9 2214 7 2471 5
