ef3ef194e5657fda708ecbd3eb6530286ed2ba23c88efb9f1715298975c73548,65171 6 65426 10 65680 15 65935 16 66190 18 66446 18 66701 20 66957 20 67213 21 67469 21 67726 20 67982 20 68238 20 68495 19 68751 18 69007 18 69264 16 69521 14 69778 11 70034 8 70291 7 70548 5 70806 2
ef3ef194e5657fda708ecbd3eb6530286ed2ba23c88efb9f1715298975c73548,67716 7 67971 9 68227 10 68483 10 68739 11 68995 12 69251 13 69508 13 69764 14 70020 14 70277 13 70534 12 70790 12 71047 10 71305 7
ef3ef194e5657fda708ecbd3eb6530286ed2ba23c88efb9f1715298975c73548,66136 5 66390 9 66646 9 66902 8 67157 7 67414 5
ef3ef194e5657fda708ecbd3eb6530286ed2ba23c88efb9f1715298975c73548,8405 7 8658 12 8912 14 9160 22 9414 24 9667 28 9922 29 10177 30 10432 32 10688 32 10944 32 11200 32 11456 32 11712 31 11969 30 12226 29 12483 28 12740 26 12997 24 13254 22 13511 20 13768 19 14025 17 14282 6 14291 5 14541 2
ef3ef194e5657fda708ecbd3eb6530286ed2ba23c88efb9f1715298975c73548,72608 8 72864 10 73119 11 73374 13 73629 14 73884 15 74140 15 74395 16 74651 16 74907 16 75163 16 75419 15 75675 15 75931 14 76187 13 76443 13 76700 11 76956 9 77213 6 77471 1
ef3ef194e5657fda708ecbd3eb6530286ed2ba23c88efb9f1715298975c73548,29346 5 29598 10 29852 13 30106 15 30360 17 30616 17 30870 20 31126 20 31381 21 31637 21 31892 22 32147 23 32403 23 32659 23 32915 23 33170 25 33427 24 33683 24 33940 23 34197 21 34453 21 34709 21 34967 18 35224 16 35484 10
ef3ef194e5657fda708ecbd3eb6530286ed2ba23c88efb9f1715298975c73548,4107 8 4361 11 4616 14 4871 17 5127 19 5154 4 5382 23 5407 7 5638 33 5894 32 6150 32 6406 32 6662 31 6918 30 7175 29 7431 29 7687 28 7943 27 8199 26 8455 25 8711 23 8967 21 9224 18 9480 15 9736 14 9993 8
ef3ef194e5657fda708ecbd3eb6530286ed2ba23c88efb9f1715298975c73548,2232 1 2476 15 2730 18 2982 22 3237 24 3492 25 3748 25 4003 25 4259 25 4515 23 4771 23 5027 22 5283 21 5539 20 5795 18 6051 18 6307 17 6564 15 6820 14 7076 12 7332 12 7589 9 7846 7 8103 5 8361 2
ef3ef194e5657fda708ecbd3eb6530286ed2ba23c88efb9f1715298975c73548,2806 7 3060 12 3315 14 3570 15 3825 16 4080 17 4335 18 4590 19 4846 19 5102 19 5358 19 5614 19 5870 19 6126 19 6382 19 6638 19 6895 18 7151 18 7408 17 7666 15 7931 6
ef3ef194e5657fda708ecbd3eb6530286ed2ba23c88efb9f1715298975c73548,57478 5 57731 10 57985 13 58239 15 58494 16 58749 17 59004 18 59259 18 59515 17 59771 16 60027 16 60283 15 60539 15 60795 15 61052 15 61308 16 61565 15 61821 17 62078 16 62335 16 62591 16 62847 17 63104 16 63361 14 63617 13 63874 11 64131 9
ef3ef194e5657fda708ecbd3eb6530286ed2ba23c88efb9f1715298975c73548,23220 7 23474 10 23729 13 23984 14 24240 15 24496 15 24753 15 25009 15 25265 16 25521 16 25776 17 26031 18 26286 19 26543 18 26799 18 27056 16 27312 16 27569 15 27826 13 28084 10 28341 8 28599 2
ef3ef194e5657fda708ecbd3eb6530286ed2ba23c88efb9f1715298975c73548,322 8 577 10 833 11 1089 11 1341 15 1596 16 1852 16 2108 20 2364 21 2620 21 2877 3 2883 14 3140 13 3398 11 3656 8 3915 3
ef3ef194e5657fda708ecbd3eb6530286ed2ba23c88efb9f1715298975c73548,118 28 373 29 629 29 885 29 1140 30 1396 29 1652 29 1908 28 2164 28 2420 28 2676 28 2933 26 3190 25 3447 23 3703 23 3960 22 4216 21 4474 18 4731 16 4988 13 5247 8 5505 4
ef3ef194e5657fda708ecbd3eb6530286ed2ba23c88efb9f1715298975c73548,52126 4 52381 6 52635 9 52891 9 53147 10 53403 10 53659 10 53915 10 54172 9 54428 8 54684 8 54940 7 55197 4 55454 1
ef3ef194e5657fda708ecbd3eb6530286ed2ba23c88efb9f1715298975c73548,31951 3 32205 11 32461 12 32716 14 32972 14 33227 17 33482 20 33738 21 33995 21 34256 18 34512 18 34768 22 35025 24 35281 25 35537 26 35794 26 36050 26 36306 27 36562 27 36818 27 37075 27 37332 14 37347 11 37588 14 37606 8 37845 12 37862 8 38102 12 38119 7 38359 11 38375 7 38616 9 38631 6 38874 5 38888 5 39145 3
ef3ef194e5657fda708ecbd3eb6530286ed2ba23c88efb9f1715298975c73548,62513 6 62766 11 63021 14 63276 16 63531 20 63787 21 64043 21 64299 22 64555 23 64811 23 65067 24 65323 24 65580 23 65836 23 66092 23 66348 23 66604 23 66860 23 67116 22 67372 21 67629 13 67885 12 68142 12 68398 11 68655 10 68912 8 69169 7 69426 5 69684 2
ef3ef194e5657fda708ecbd3eb6530286ed2ba23c88efb9f1715298975c73548,5828 2 6084 5 6339 8 6594 9 6851 8 7107 8 7365 5
ef3ef194e5657fda708ecbd3eb6530286ed2ba23c88efb9f1715298975c73548,76901 10 77156 13 77411 16 77667 17 77923 18 78179 19 78436 18 78692 19 78949 18 79205 18 79461 18 79718 17 79974 17 80231 17 80487 17 80744 16 81001 15 81259 13 81517 9
ef3ef194e5657fda708ecbd3eb6530286ed2ba23c88efb9f1715298975c73548,50118 6 50372 9 50628 9 50883 11 51138 12 51392 14 51647 15 51901 16 52157 16 52179 6 52412 17 52430 13 52667 33 52923 33 53178 34 53434 32 53689 32 53945 32 54201 31 54457 31 54713 30 54969 30 55017 2 55225 30 55259 18 55480 31 55512 21 55736 54 55992 54 56248 54 56504 55 56760 55 57016 55 57273 54 57531 12 57552 31 57788 10 57808 31 58046 3 58065 30 58321 29 58578 10 58834 10 59090 10 59346 12 59602 17 59858 19 60114 20 60371 19 60627 19 60883 19 61139 19 61396 18 61652 18 61909 17 62167 14 62426 10
ef3ef194e5657fda708ecbd3eb6530286ed2ba23c88efb9f1715298975c73548,40919 6 41174 9 41429 11 41684 13 41939 14 42195 15 42450 16 42706 17 42962 17 43217 18 43473 18 43729 18 43985 18 44241 17 44497 16 44753 16 45010 14 45266 14 45523 12 45780 9
ef3ef194e5657fda708ecbd3eb6530286ed2ba23c88efb9f1715298975c73548,61539 16 61791 23 62045 25 62300 28 62556 29 62813 29 63070 28 63326 29 63584 28 63841 27 64098 27 64355 27 64612 27 64869 26 65126 26 65383 25 65640 24 65896 23 66153 21 66411 17
ef3ef194e5657fda708ecbd3eb6530286ed2ba23c88efb9f1715298975c73548,12435 4 12689 9 12944 10 13198 12 13454 13 13710 13 13965 14 14221 14 14476 14 14732 14 14988 14 15244 14 15500 13 15755 14 16011 13 16267 13 16523 12 16780 10 17036 9 17292 6 17549 1
ef3ef194e5657fda708ecbd3eb6530286ed2ba23c88efb9f1715298975c73548,37655 1 37909 6 38164 9 38420 13 38675 15 38930 21 39186 22 39442 23 39698 24 39953 25 40209 25 40465 24 40721 24 40977 23 41233 23 41489 23 41745 23 42002 22 42259 21 42515 22 42772 21 43028 22 43285 21 43542 20 43799 18 44056 17 44313 16 44571 5 44581 3 44829 1
ef3ef194e5657fda708ecbd3eb6530286ed2ba23c88efb9f1715298975c73548,43008 1 43263 2 43517 4 43773 4 44029 4 44284 5 44540 5 44796 5 45053 4 45309 4 45565 4 45822 3 46078 3 46335 2 46591 2 46848 1 47104 1 48896 1 49151 2 49406 3 49663 2 49919 2 50175 2 50431 2 50688 1
ef3ef194e5657fda708ecbd3eb6530286ed2ba23c88efb9f1715298975c73548,14081 1 14337 7 14593 7 14849 7 14861 4 15105 7 15116 6 15361 6 15371 7 15617 18 15873 18 16129 19 16385 19 16641 19 16897 19 17153 19 17409 19 17665 19 17921 19 18177 18 18433 17 18689 16 18945 15 19201 14 19457 12 19713 11 19969 10 20226 5
ef3ef194e5657fda708ecbd3eb6530286ed2ba23c88efb9f1715298975c73548,56064 1 56305 3 56317 4 56560 8 56572 5 56816 17 57071 18 57327 18 57583 18 57839 18 58095 18 58351 18 58607 18 58863 18 59118 19 59374 19 59630 19 59888 17 60147 14 60404 13 60661 12 60918 9
ef3ef194e5657fda708ecbd3eb6530286ed2ba23c88efb9f1715298975c73548,70901 8 71155 11 71410 13 71665 14 71919 17 72174 18 72428 20 72683 21 72938 22 73192 24 73448 24 73703 25 73958 27 74213 28 74468 29 74721 32 74976 33 75229 36 75483 38 75739 38 75995 38 76250 39 76506 38 76761 38 77017 37 77273 36 77529 35 77786 34 78042 33 78301 13 78323 6 78559 4
ef3ef194e5657fda708ecbd3eb6530286ed2ba23c88efb9f1715298975c73548,45192 3 45446 6 45700 9 45955 10 46210 12 46466 12 46723 12 46979 12 47236 11 47493 10 47750 8 48008 4
ef3ef194e5657fda708ecbd3eb6530286ed2ba23c88efb9f1715298975c73548,43306 7 43562 10 43817 13 44073 14 44329 15 44584 16 44838 18 45093 19 45349 19 45605 19 45861 19 46117 19 46374 18 46630 17 46887 16 47144 14 47402 11 47661 6
ef3ef194e5657fda708ecbd3eb6530286ed2ba23c88efb9f1715298975c73548,48385 2 48641 2 48649 6 48897 3 48904 8 49153 4 49159 10 49410 16 49666 16 49922 16 50178 16 50434 15 50690 16 50946 16 51202 17 51459 17 51715 17 51971 17 52228 16 52484 16 52741 15 52998 14 53255 13 53513 9
ef3ef194e5657fda708ecbd3eb6530286ed2ba23c88efb9f1715298975c73548,24360 8 24614 11 24869 13 25123 15 25377 18 25632 21 25888 22 26144 22 26399 24 26655 24 26911 24 27167 25 27423 24 27679 24 27934 25 28190 24 28446 23 28703 21 28959 20 29216 18 29472 17 29729 8 29989 3
ef3ef194e5657fda708ecbd3eb6530286ed2ba23c88efb9f1715298975c73548,3378 2 3632 5 3887 8 3898 4 4141 18 4397 18 4651 20 4906 22 5161 23 5416 24 5672 24 5927 25 6183 25 6438 26 6694 26 6950 26 7206 26 7463 24 7719 24 7976 22 8232 21 8489 20 8746 18 9003 17 9260 14 9517 12 9775 7
ef3ef194e5657fda708ecbd3eb6530286ed2ba23c88efb9f1715298975c73548,224 21 477 25 733 25 988 25 1244 25 1500 25 1757 23 2013 22 2270 20 2527 18 2786 15 3044 11
ef3ef194e5657fda708ecbd3eb6530286ed2ba23c88efb9f1715298975c73548,43237 5 43492 7 43747 9 44003 11 44258 12 44513 14 44769 14 45024 15 45280 15 45535 16 45791 16 46046 17 46301 18 46557 18 46813 17 47069 15 47326 12 47582 10 47840 6
ef3ef194e5657fda708ecbd3eb6530286ed2ba23c88efb9f1715298975c73548,55085 10 55339 15 55595 17 55850 20 56106 22 56362 24 56618 25 56874 26 57130 27 57387 27 57644 27 57901 27 58158 26 58416 24 58673 23 58930 22 59186 22 59443 21 59700 21 59957 19 60214 18 60472 15 60730 12 60988 8
ef3ef194e5657fda708ecbd3eb6530286ed2ba23c88efb9f1715298975c73548,17298 10 17550 16 17805 17 18060 19 18315 21 18571 21 18827 21 19083 21 19340 20 19596 19 19852 19 20109 17 20365 16 20622 13 20879 10 21137 5
ef3ef194e5657fda708ecbd3eb6530286ed2ba23c88efb9f1715298975c73548,67785 7 68039 10 68292 14 68546 17 68800 20 69055 21 69310 22 69565 24 69820 26 70076 26 70331 27 70587 28 70842 29 71098 29 71354 29 71610 29 71867 28 72123 27 72379 27 72637 24 72895 8 72907 7 73152 6
ef3ef194e5657fda708ecbd3eb6530286ed2ba23c88efb9f1715298975c73548,8702 3 8953 8 9207 10 9461 12 9716 13 9972 13 10227 14 10483 14 10739 14 10995 14 11252 13 11508 13 11764 13 12020 13 12277 12 12533 12 12790 11 13047 10 13303 10 13560 9 13817 8 14074 7
ef3ef194e5657fda708ecbd3eb6530286ed2ba23c88efb9f1715298975c73548,8 28 262 30 517 30 773 29 1028 29 1283 30 1539 28 1795 27 2051 26 2307 24 2564 22 2820 17 3077 14 3336 6
ef3ef194e5657fda708ecbd3eb6530286ed2ba23c88efb9f1715298975c73548,77691 7 77945 11 78200 13 78455 15 78711 16 78967 17 79223 17 79479 17 79735 17 79991 17 80248 16 80504 16 80760 16 81016 16 81272 15 81528 14
ef3ef194e5657fda708ecbd3eb6530286ed2ba23c88efb9f1715298975c73548,59885 3 60139 8 60394 10 60649 12 60904 14 61160 15 61416 15 61671 16 61927 17 62183 18 62440 19 62696 19 62952 20 63208 21 63464 22 63721 21 63977 22 64233 22 64490 22 64746 23 65003 22 65260 21 65517 20 65774 17 66032 13 66289 9
ef3ef194e5657fda708ecbd3eb6530286ed2ba23c88efb9f1715298975c73548,61697 2 61953 4 62209 5 62465 6 62721 7 62977 7 63233 8 63489 8 63745 8 64001 8 64257 7 64514 4
ef3ef194e5657fda708ecbd3eb6530286ed2ba23c88efb9f1715298975c73548,64437 2 64691 11 64940 20 65195 23 65450 25 65706 25 65962 25 66218 25 66474 25 66730 23 66986 22 67242 22 67498 21 67754 20 68010 19 68267 16 68523 9 68780 8 69036 7 69293 6 69550 4
ef3ef194e5657fda708ecbd3eb6530286ed2ba23c88efb9f1715298975c73548,50761 4 51012 13 51267 17 51521 20 51776 22 52031 24 52287 25 52542 28 52798 29 53054 30 53310 31 53567 30 53824 30 54081 29 54338 28 54595 27 54852 26 55108 26 55365 25 55621 25 55879 23 56136 22 56392 21 56649 20 56905 19 57162 17 57419 14 57678 5
ef3ef194e5657fda708ecbd3eb6530286ed2ba23c88efb9f1715298975c73548,26580 7 26832 12 27086 15 27341 17 27596 18 27852 19 28108 20 28364 20 28620 21 28876 21 29132 21 29388 21 29644 22 29900 22 30157 21 30413 22 30670 21 30926 21 31184 19 31442 17 31701 13 31960 9
ef3ef194e5657fda708ecbd3eb6530286ed2ba23c88efb9f1715298975c73548,58897 12 59151 18 59405 28 59660 31 59916 32 60172 33 60428 33 60684 34 60940 34 61196 34 61452 33 61708 33 61965 31 62221 28 62477 26 62733 24 62990 21 63246 20 63503 15 63759 14 64018 8
ef3ef194e5657fda708ecbd3eb6530286ed2ba23c88efb9f1715298975c73548,53676 4 53930 7 54185 10 54440 12 54695 13 54951 14 55206 15 55461 16 55716 16 55972 15 56227 14 56482 8 56738 9 56994 11 57250 13 57506 13 57763 13 58019 13 58276 12 58538 6 58795 5 59052 5 59308 5 59565 4 59822 4 60079 2
ef3ef194e5657fda708ecbd3eb6530286ed2ba23c88efb9f1715298975c73548,49278 3 49534 4 49790 5 50047 6 50304 5 50553 2 50560 6 50808 4 50816 6 51063 15 51319 15 51575 14 51831 13 52087 12 52343 11 52599 10 52856 7
ef3ef194e5657fda708ecbd3eb6530286ed2ba23c88efb9f1715298975c73548,45999 10 46254 12 46508 16 46763 18 47017 20 47272 22 47528 22 47784 22 48039 23 48295 23 48552 22 48808 22 49064 22 49320 21 49577 20 49834 19 50090 18 50347 17 50605 14 50863 11 51121 8
ef3ef194e5657fda708ecbd3eb6530286ed2ba23c88efb9f1715298975c73548,65819 9 66072 13 66326 16 66581 18 66836 20 67092 21 67347 23 67603 23 67859 24 68116 23 68372 23 68628 23 68885 22 69141 22 69398 21 69654 21 69910 21 70167 19 70423 19 70679 18 70936 16 71194 13 71451 10
ef3ef194e5657fda708ecbd3eb6530286ed2ba23c88efb9f1715298975c73548,12766 6 13021 8 13276 11 13531 13 13787 14 14042 15 14297 17 14550 20 14805 21 15060 22 15315 23 15571 23 15826 24 16082 24 16338 23 16594 22 16850 21 17106 20 17362 19 17618 17 17874 15 18130 14 18387 10 18644 6
ef3ef194e5657fda708ecbd3eb6530286ed2ba23c88efb9f1715298975c73548,75596 5 75849 10 76103 13 76358 14 76613 16 76868 18 77123 19 77378 21 77634 22 77890 22 78145 24 78401 25 78657 25 78913 26 79170 25 79426 25 79682 25 79938 25 80195 23 80451 22 80708 20 80965 18 81223 14 81480 11
ef3ef194e5657fda708ecbd3eb6530286ed2ba23c88efb9f1715298975c73548,66560 1 66815 2 67069 4 67320 9 67572 13 67826 15 68081 16 68337 16 68593 16 68849 16 69105 16 69361 16 69618 15 69875 14 70131 13 70389 7
ef3ef194e5657fda708ecbd3eb6530286ed2ba23c88efb9f1715298975c73548,186 14 442 14 698 14 954 14 1210 14 1466 15 1722 14 1978 14 2234 14 2491 12 2748 11 3004 10 3261 5
ef3ef194e5657fda708ecbd3eb6530286ed2ba23c88efb9f1715298975c73548,27372 2 27626 10 27882 11 28138 12 28394 13 28651 13 28908 15 29164 15 29425 10 29684 7 29942 4
ef3ef194e5657fda708ecbd3eb6530286ed2ba23c88efb9f1715298975c73548,39616 7 39870 10 40124 13 40379 14 40633 16 40886 19 41141 20 41396 21 41652 19 41908 18 42164 12 42421 10 42678 8 42936 6 43195 3
ef3ef194e5657fda708ecbd3eb6530286ed2ba23c88efb9f1715298975c73548,75659 7 75913 12 76168 14 76423 15 76679 16 76934 18 77190 18 77446 19 77702 20 77958 20 78214 20 78470 20 78727 19 78984 18 79240 18 79497 17 79754 15 80011 14 80268 12 80526 10 80785 7
ef3ef194e5657fda708ecbd3eb6530286ed2ba23c88efb9f1715298975c73548,15479 1 15733 3 15988 5 16244 6 16499 8 16754 13 17009 16 17264 17 17518 20 17772 22 18027 23 18282 24 18538 24 18793 24 19049 23 19304 24 19560 23 19815 23 20070 23 20326 22 20582 21 20838 20 21093 21 21349 21 21606 19 21862 18 22119 17 22375 16 22632 15 22888 14 23145 13 23401 12 23658 10 23915 7 24171 6
ef3ef194e5657fda708ecbd3eb6530286ed2ba23c88efb9f1715298975c73548,81 23 338 20 595 18 853 15 1112 9
ef3ef194e5657fda708ecbd3eb6530286ed2ba23c88efb9f1715298975c73548,36968 1 37223 5 37478 8 37732 12 37985 17 38236 24 38488 28 38739 35 38993 38 39248 39 39504 39 39759 41 40014 42 40270 42 40526 41 40782 40 41038 40 41294 39 41550 38 41806 38 42062 37 42318 37 42575 35 42832 34 43088 33 43344 32 43600 32 43857 30 44114 27 44370 18 44627 15 44884 11
ef3ef194e5657fda708ecbd3eb6530286ed2ba23c88efb9f1715298975c73548,26122 4 26373 17 26629 18 26884 19 27139 21 27395 21 27651 22 27906 23 28162 23 28419 23 28675 23 28931 23 29186 24 29442 24 29697 25 29953 25 30210 24 30466 24 30723 22 30980 20 31237 6 31247 8 31505 3
ef3ef194e5657fda708ecbd3eb6530286ed2ba23c88efb9f1715298975c73548,80437 7 80692 10 80948 11 81204 12 81461 12
ef3ef194e5657fda708ecbd3eb6530286ed2ba23c88efb9f1715298975c73548,32365 5 32620 8 32875 10 33130 12 33385 14 33640 16 33887 25 34142 26 34396 28 34651 29 34906 30 35161 30 35416 31 35672 29 35926 30 36182 28 36436 27 36692 25 36947 21 37203 20 37459 18 37715 16 37971 14 38228 8 38484 4
ef3ef194e5657fda708ecbd3eb6530286ed2ba23c88efb9f1715298975c73548,37263 5 37517 8 37773 9 37785 3 38028 16 38283 18 38538 19 38794 19 39050 19 39305 19 39561 19 39817 19 40073 18 40329 18 40350 2 40586 16 40603 6 40842 23 41098 24 41355 23 41611 23 41868 22 42125 21 42381 21 42637 21 42893 21 43150 20 43406 20 43662 20 43918 20 44174 20 44430 20 44686 20 44942 19 45199 17 45456 15 45712 13 45968 10 46225 6
ef3ef194e5657fda708ecbd3eb6530286ed2ba23c88efb9f1715298975c73548,19944 6 19955 4 20198 18 20454 18 20709 20 20965 20 21220 22 21475 24 21731 25 21987 25 22244 23 22500 21 22759 17 23026 6 23283 5 23540 4
ef3ef194e5657fda708ecbd3eb6530286ed2ba23c88efb9f1715298975c73548,66665 1 66667 12 66921 15 67176 18 67431 21 67687 22 67943 23 68199 24 68455 25 68711 25 68967 25 69223 25 69480 24 69736 25 69992 25 70249 24 70505 24 70763 22 71020 21 71277 19 71535 16 71793 13 72052 9
ef3ef194e5657fda708ecbd3eb6530286ed2ba23c88efb9f1715298975c73548,77261 3 77515 6 77769 7 78024 7 78279 7 78531 10 78777 20 79032 24 79288 25 79545 24 79801 23 80058 19 80315 18 80571 19 80827 21 81085 3 81089 15 81345 14 81601 13
ef3ef194e5657fda708ecbd3eb6530286ed2ba23c88efb9f1715298975c73548,23936 2 24188 12 24441 16 24696 18 24951 20 25205 24 25460 25 25715 27 25971 27 26227 26 26483 26 26740 24 26996 23 27252 22 27508 22 27766 18 28022 16 28278 15 28536 11 28795 1 28798 4
ef3ef194e5657fda708ecbd3eb6530286ed2ba23c88efb9f1715298975c73548,48116 5 48371 7 48614 4 48627 7 48869 7 48882 8 49125 8 49138 8 49381 21 49637 22 49893 22 50149 22 50405 23 50662 22 50918 22 51174 22 51431 21 51688 20 51945 17 52202 15 52460 13 52718 11 52975 10 53232 9 53488 9 53745 8 54002 6 54259 5
ef3ef194e5657fda708ecbd3eb6530286ed2ba23c88efb9f1715298975c73548,72839 14 73095 15 73352 14 73609 14 73866 13 74123 12 74379 12 74636 11 74893 9 75150 8 75407 7 75666 4
ef3ef194e5657fda708ecbd3eb6530286ed2ba23c88efb9f1715298975c73548,33533 4 33785 8 34039 10 34295 10 34550 11 34806 11 35062 11 35318 11 35575 10 35832 9 36088 9 36343 10 36599 10 36855 10 37111 10 37368 9 37625 8 37882 7 38139 6 38399 2
ef3ef194e5657fda708ecbd3eb6530286ed2ba23c88efb9f1715298975c73548,64725 6 64980 8 65236 9 65491 10 65746 12 66002 12 66258 13 66514 13 66770 13 67026 13 67282 16 67538 19 67794 21 68050 21 68307 20 68563 20 68820 19 69076 19 69332 24 69589 25 69846 24 70102 24 70358 24 70615 23 70878 15
ef3ef194e5657fda708ecbd3eb6530286ed2ba23c88efb9f1715298975c73548,41675 5 41930 7 42178 3 42185 8 42433 4 42441 8 42688 6 42696 9 42943 18 43199 18 43455 18 43712 17 43968 17 44223 18 44479 18 44735 18 44991 18 45247 18 45503 18 45760 17 46016 16 46273 13 46529 12 46786 11 47043 10 47300 9 47557 7 47815 4
ef3ef194e5657fda708ecbd3eb6530286ed2ba23c88efb9f1715298975c73548,22088 10 22342 14 22597 18 22852 21 23107 23 23362 25 23618 25 23873 26 24129 27 24384 28 24640 28 24896 28 25152 28 25408 29 25664 29 25921 29 26177 29 26433 30 26690 29 26946 29 27203 28 27459 28 27715 27 27972 26 28228 26 28484 25 28741 23 28998 20 29256 14 29514 4
ef3ef194e5657fda708ecbd3eb6530286ed2ba23c88efb9f1715298975c73548,14780 5 15035 7 15290 9 15545 10 15801 10 16057 10 16312 11 16328 3 16568 11 16582 6 16824 11 16837 7 17080 18 17336 16 17592 14 17848 13 18103 18 18358 21 18612 24 18867 25 19123 24 19378 25 19634 23 19890 19 20146 16 20402 14 20658 8 20916 2
