ef6634efb46567d87b811be786b18c4cd0e2cda23d79b65d6afe0d259ef3ade6,28455 5 28705 13 28960 15 29214 17 29469 19 29725 20 29980 22 30235 24 30491 24 30747 25 31002 26 31258 26 31514 27 31770 27 32026 27 32282 27 32538 26 32794 26 33050 26 33307 25 33563 24 33820 22 34076 22 34333 20 34590 18 34848 15 35106 11 35365 6
ef6634efb46567d87b811be786b18c4cd0e2cda23d79b65d6afe0d259ef3ade6,54034 3 54288 7 54543 9 54798 10 55054 10 55310 10 55566 9 55823 8 56080 5
ef6634efb46567d87b811be786b18c4cd0e2cda23d79b65d6afe0d259ef3ade6,240 17 496 17 752 17 1008 17 1264 17 1520 17 1776 17 2032 17 2289 16 2545 16 2801 16 3058 15 3315 14 3572 13 3829 12 4087 8
ef6634efb46567d87b811be786b18c4cd0e2cda23d79b65d6afe0d259ef3ade6,14871 5 15126 7 15379 11 15634 13 15888 16 16143 18 16399 19 16654 20 16910 20 17165 21 17421 21 17676 22 17932 22 18188 22 18444 22 18701 20 18958 19 19215 18 19472 16 19730 13 19987 11 20245 8 20502 6 20760 2
ef6634efb46567d87b811be786b18c4cd0e2cda23d79b65d6afe0d259ef3ade6,41236 7 41489 13 41744 15 41999 17 42254 19 42509 21 42764 23 43020 23 43276 23 43531 25 43787 25 44043 25 44299 25 44555 25 44811 25 45067 25 45323 24 45579 24 45835 24 46092 22 46348 21 46605 20 46862 18 47119 16 47376 13 47634 10 47892 5
ef6634efb46567d87b811be786b18c4cd0e2cda23d79b65d6afe0d259ef3ade6,28069 1 28321 6 28576 8 28830 11 29085 12 29339 14 29594 15 29848 17 30103 18 30357 20 30611 21 30866 22 31121 22 31375 24 31631 23 31887 22 32144 20 32401 17 32658 15 32914 15 33171 13 33428 7
ef6634efb46567d87b811be786b18c4cd0e2cda23d79b65d6afe0d259ef3ade6,35989 6 36242 12 36496 16 36751 18 37006 20 37261 21 37516 23 37771 25 38026 27 38282 27 38537 29 38793 29 39048 31 39304 31 39560 31 39816 32 40072 32 40328 32 40584 32 40840 32 41096 32 41355 28 41612 27 41869 26 42127 24 42384 23 42641 22 42898 21 43155 20 43412 18 43669 17 43926 12 44183 10 44441 7 44698 5 44956 2
ef6634efb46567d87b811be786b18c4cd0e2cda23d79b65d6afe0d259ef3ade6,26734 8 26988 12 27242 16 27497 18 27752 21 28008 22 28263 24 28518 26 28774 27 29030 27 29285 29 29541 29 29797 30 30053 30 30309 30 30565 30 30821 30 31078 29 31334 28 31591 27 31848 25 32105 23 32362 21 32619 18 32882 10
ef6634efb46567d87b811be786b18c4cd0e2cda23d79b65d6afe0d259ef3ade6,40548 5 40802 8 41056 11 41310 14 41564 17 41820 18 42076 19 42331 21 42587 23 42842 25 43098 25 43353 26 43608 26 43863 27 44119 26 44375 26 44631 25 44887 25 45143 25 45399 25 45656 24 45912 24 46168 24 46425 23 46682 21 46938 21 47196 17 47453 14 47712 8
ef6634efb46567d87b811be786b18c4cd0e2cda23d79b65d6afe0d259ef3ade6,43391 7 43644 12 43898 14 44152 16 44407 17 44663 18 44918 19 45174 19 45429 21 45685 21 45941 22 46197 22 46453 22 46710 21 46966 21 47223 19 47479 18 47736 17 47993 16 48249 16 48506 16 48763 15 49020 2
ef6634efb46567d87b811be786b18c4cd0e2cda23d79b65d6afe0d259ef3ade6,37708 6 37962 10 38217 13 38472 15 38727 17 38983 17 39238 19 39494 20 39749 21 40005 20 40261 20 40517 19 40773 19 41029 18 41285 18 41542 16 41798 16 42055 14 42312 13 42569 11 42826 9 43085 6
ef6634efb46567d87b811be786b18c4cd0e2cda23d79b65d6afe0d259ef3ade6,50923 6 51176 13 51431 15 51686 18 51941 20 52197 20 52453 21 52708 23 52964 23 53219 24 53475 25 53731 25 53986 26 54242 26 54498 26 54754 26 55010 26 55266 25 55522 25 55779 23 56035 23 56292 21 56548 20 56805 18 57063 14 57320 11 57579 6
ef6634efb46567d87b811be786b18c4cd0e2cda23d79b65d6afe0d259ef3ade6,21542 11 21796 16 22051 19 22306 21 22561 23 22817 24 23072 26 23328 27 23584 27 23840 27 24096 28 24352 28 24608 28 24864 28 25120 28 25376 28 25633 26 25889 26 26146 25 26402 24 26659 22 26915 21 27183 8 27441 5 27698 2
ef6634efb46567d87b811be786b18c4cd0e2cda23d79b65d6afe0d259ef3ade6,16229 7 16483 11 16737 15 16992 17 17248 17 17503 19 17759 20 18014 21 18270 22 18526 22 18782 22 19038 22 19293 24 19549 24 19806 23 20062 23 20318 23 20574 23 20830 22 21087 21 21343 20 21600 18 21857 16 22114 13 22372 9
ef6634efb46567d87b811be786b18c4cd0e2cda23d79b65d6afe0d259ef3ade6,28164 6 28419 8 28673 11 28929 12 29185 13 29441 14 29697 14 29953 14 30209 14 30465 15 30721 15 30977 16 31233 16 31489 16 31745 16 32001 15 32257 14 32513 14 32770 12 33027 9 33284 7 33542 4 33799 2
ef6634efb46567d87b811be786b18c4cd0e2cda23d79b65d6afe0d259ef3ade6,50980 10 51234 14 51489 17 51744 19 51999 21 52254 22 52509 24 52765 25 53020 26 53276 26 53531 27 53787 27 54043 27 54298 28 54554 28 54810 28 55066 28 55323 27 55579 26 55836 25 56092 24 56349 22 56606 20 56863 18 57120 16 57378 11 57638 3
ef6634efb46567d87b811be786b18c4cd0e2cda23d79b65d6afe0d259ef3ade6,41451 11 41705 14 41960 15 42214 17 42470 17 42725 18 42981 18 43236 19 43492 19 43748 19 44004 20 44260 20 44516 20 44772 20 45028 20 45284 19 45541 18 45797 18 46054 17 46310 16 46567 15 46824 13 47081 12 47337 12 47595 10 47852 9 48110 7 48371 1
ef6634efb46567d87b811be786b18c4cd0e2cda23d79b65d6afe0d259ef3ade6,35699 7 35953 11 36208 13 36463 15 36718 17 36974 18 37229 19 37485 20 37741 20 37997 20 38253 21 38509 21 38765 21 39021 20 39277 20 39533 20 39791 17 40048 16 40305 14 40562 12 40818 12 41075 9 41333 6 41590 1
ef6634efb46567d87b811be786b18c4cd0e2cda23d79b65d6afe0d259ef3ade6,99 14 354 16 609 18 864 20 1119 21 1375 22 1630 23 1886 24 2141 25 2397 26 2653 26 2909 26 3165 26 3420 27 3676 27 3932 27 4189 26 4445 26 4701 25 4957 25 5214 23 5470 22 5727 20 5983 19 6240 16 6498 11 6756 6
ef6634efb46567d87b811be786b18c4cd0e2cda23d79b65d6afe0d259ef3ade6,11009 8 11265 9 11521 11 11777 12 12033 13 12289 14 12545 14 12801 15 13057 15 13313 15 13569 15 13825 15 14081 15 14337 15 14593 14 14849 14 15105 13 15361 13 15617 13 15873 13 16129 13 16385 13 16641 12 16897 12 17153 11 17409 10 17665 9 17921 7 18177 6 18433 5 18689 4
ef6634efb46567d87b811be786b18c4cd0e2cda23d79b65d6afe0d259ef3ade6,24466 11 24721 13 24976 15 25231 17 25486 18 25741 19 25996 21 26251 22 26507 22 26762 22 27018 19 27274 18 27528 19 27783 19 28039 17 28295 16 28551 15 28808 12 29065 9 29322 7 29580 3
ef6634efb46567d87b811be786b18c4cd0e2cda23d79b65d6afe0d259ef3ade6,41980 5 42236 5 42492 5 42748 5 43004 5 43261 4 43517 4 43773 4 44029 4 44285 4 44541 4 44797 4 45053 4 45309 4 45565 4 45821 4 46076 5 46332 5 46588 5 46844 5 47099 6 47355 6 47610 7 47866 7 48122 7 48378 7 48634 7 48890 7 49147 6 49404 5 49661 4 49919 2
ef6634efb46567d87b811be786b18c4cd0e2cda23d79b65d6afe0d259ef3ade6,23041 2 23297 5 23553 6 23809 7 24065 8 24321 9 24577 9 24833 10 25089 10 25345 11 25601 11 25857 11 26113 11 26369 11 26625 12
ef6634efb46567d87b811be786b18c4cd0e2cda23d79b65d6afe0d259ef3ade6,51387 11 51643 18 51898 20 52154 21 52410 21 52665 22 52921 23 53177 23 53433 23 53689 23 53946 22 54202 22 54458 21 54714 21 54971 19 55227 19 55484 17 55741 15 55998 13 56256 10 56514 5
ef6634efb46567d87b811be786b18c4cd0e2cda23d79b65d6afe0d259ef3ade6,45501 11 45755 15 46010 17 46265 19 46520 21 46776 21 47031 23 47287 23 47543 24 47799 24 48055 24 48311 24 48567 24 48824 23 49080 23 49336 22 49593 21 49850 20 50121 4
ef6634efb46567d87b811be786b18c4cd0e2cda23d79b65d6afe0d259ef3ade6,50524 6 50778 9 51032 12 51287 13 51542 14 51798 13 52053 14 52309 14 52565 14 52821 14 53077 14 53333 13 53589 13 53845 13 54101 13 54357 12 54614 11 54870 11 55127 10 55384 9 55641 8 55900 5
ef6634efb46567d87b811be786b18c4cd0e2cda23d79b65d6afe0d259ef3ade6,2012 1 2264 9 2519 12 2774 14 3029 16 3284 18 3540 18 3795 20 4051 20 4307 20 4563 21 4818 22 5074 22 5331 20 5587 20 5843 20 6099 19 6356 17 6612 16 6869 14 7126 12 7384 9 7642 5
ef6634efb46567d87b811be786b18c4cd0e2cda23d79b65d6afe0d259ef3ade6,50798 7 51051 11 51305 13 51561 13 51817 13 52073 13 52328 14 52584 14 52840 14 53096 15 53352 15 53608 15 53864 14 54119 15 54375 15 54631 15 54887 15 55143 15 55400 14 55656 13 55915 9 56172 5 56429 3
ef6634efb46567d87b811be786b18c4cd0e2cda23d79b65d6afe0d259ef3ade6,11090 6 11343 12 11597 15 11852 17 12107 19 12362 21 12617 22 12873 23 13128 24 13384 24 13640 24 13896 24 14151 25 14407 24 14663 24 14920 23 15176 22 15432 22 15689 20 15945 19 16202 17 16459 15 16716 11 16975 5
ef6634efb46567d87b811be786b18c4cd0e2cda23d79b65d6afe0d259ef3ade6,54926 2 55180 4 55433 7 55688 9 55939 15 56194 16 56449 18 56705 18 56960 20 57216 20 57472 20 57728 20 57984 20 58240 20 58496 20 58752 20 59009 19 59265 19 59522 17 59778 16 60035 14 60292 12 60550 9
ef6634efb46567d87b811be786b18c4cd0e2cda23d79b65d6afe0d259ef3ade6,9494 8 9749 12 10003 15 10259 16 10514 18 10769 20 11025 21 11280 22 11536 23 11793 22 12049 22 12306 20 12562 20 12819 18 13075 16 13332 14 13599 1
ef6634efb46567d87b811be786b18c4cd0e2cda23d79b65d6afe0d259ef3ade6,50305 11 50560 13 50813 18 51068 19 51323 20 51579 20 51835 21 52091 24 52348 22 52604 22 52860 22 53116 22 53372 22 53628 16 53884 13 54140 10 54396 9 54655 1
