f0a75e0322f11cead4219aa530673fe5eef67580fb6fccc254963c9fc6b58aa1,6284 8 6538 12 6793 13 7048 15 7304 15 7560 16 7816 16 8072 15 8328 15 8583 15 8839 14 9096 12 9352 10 9610 5
f0a75e0322f11cead4219aa530673fe5eef67580fb6fccc254963c9fc6b58aa1,59511 7 59766 9 60020 12 60275 14 60531 15 60787 16 61042 18 61298 18 61554 18 61811 17 62067 17 62324 16 62580 16 62836 15 63092 15 63349 14 63605 13 63861 12 64117 12 64374 10 64632 5
f0a75e0322f11cead4219aa530673fe5eef67580fb6fccc254963c9fc6b58aa1,58804 4 59057 10 59312 12 59567 14 59823 15 60079 15 60335 14 60592 13 60850 10 61110 4
f0a75e0322f11cead4219aa530673fe5eef67580fb6fccc254963c9fc6b58aa1,35987 7 36242 10 36497 13 36753 15 37008 17 37264 17 37520 17 37776 17 38033 16 38289 16 38546 15 38803 13 39060 11 39318 8
f0a75e0322f11cead4219aa530673fe5eef67580fb6fccc254963c9fc6b58aa1,23670 5 23925 7 24180 9 24435 11 24691 12 24947 12 25203 12 25459 13 25715 13 25971 13 26227 13 26484 12 26741 10 26998 9 27256 6
f0a75e0322f11cead4219aa530673fe5eef67580fb6fccc254963c9fc6b58aa1,32784 6 33038 8 33293 10 33549 11 33805 11 34061 11 34317 11 34573 10 34830 9 35087 7
f0a75e0322f11cead4219aa530673fe5eef67580fb6fccc254963c9fc6b58aa1,38935 6 39190 8 39446 9 39702 9 39958 9 40214 9 40470 9 40727 8 40983 7 41240 6
f0a75e0322f11cead4219aa530673fe5eef67580fb6fccc254963c9fc6b58aa1,25896 2 26150 9 26405 11 26660 12 26916 13 27172 14 27428 14 27684 14 27940 14 28196 14 28452 14 28709 13 28965 13 29222 12 29478 11 29735 10 29991 10 30248 8 30506 4
f0a75e0322f11cead4219aa530673fe5eef67580fb6fccc254963c9fc6b58aa1,25278 7 25533 9 25789 10 26044 12 26300 13 26556 13 26812 14 27069 13 27325 13 27582 12 27838 12 28095 11 28352 9 28609 7 28868 1
f0a75e0322f11cead4219aa530673fe5eef67580fb6fccc254963c9fc6b58aa1,61468 5 61723 8 61977 11 62233 12 62488 13 62744 14 63000 14 63255 15 63511 15 63767 15 64024 14 64280 13 64536 13 64793 11 65049 10 65306 9
f0a75e0322f11cead4219aa530673fe5eef67580fb6fccc254963c9fc6b58aa1,61035 6 61290 8 61545 9 61801 10 62057 10 62313 11 62569 11 62825 11 63082 10 63338 11 63595 10 63851 10 64108 9 64364 9 64620 8 64877 7 65134 5
f0a75e0322f11cead4219aa530673fe5eef67580fb6fccc254963c9fc6b58aa1,50892 8 51146 11 51401 12 51656 14 51911 16 52166 18 52421 19 52677 19 52933 19 53189 19 53446 17 53704 14 53963 10
