f0c9f135c62572f3669a75b2c735e4477dc77fac85e653426ee2b3bcfbed7aaf,51606 4 51965 5 52325 8 52685 9 53045 9 53405 9 53765 9 54125 9 54486 8 54847 7
f0c9f135c62572f3669a75b2c735e4477dc77fac85e653426ee2b3bcfbed7aaf,19032 13 19390 19 19749 24 19780 5 20107 38 20466 42 20825 45 21183 48 21542 49 21901 50 22261 50 22620 52 22979 53 23339 53 23698 55 24058 55 24418 55 24778 55 25138 55 25497 56 25857 56 26217 56 26577 56 26937 56 27297 56 27657 55 28017 55 28377 55 28737 54 29097 53 29457 53 29817 52 30177 52 30537 51 30897 51 30952 9 31257 50 31310 11 31618 48 31668 13 31978 47 32027 14 32339 46 32386 15 32699 45 32745 16 33060 44 33105 16 33420 43 33464 17 33781 60 34142 40 34183 18 34503 38 34543 18 34864 37 34903 18 35224 36 35262 19 35586 33 35622 19 35947 31 35981 20 36309 29 36341 20 36670 27 36700 21 37032 24 37060 21 37394 21 37420 21 37756 17 37779 22 38126 5 38139 22 38499 22 38859 22 39219 22 39579 22 39939 22 40299 22 40659 22 41019 22 41379 22 41740 21 42100 21 42461 20 42821 20 43182 19 43543 18 43904 17 44265 16 44626 15 44987 14 45348 13 45710 11 46071 10 46433 8 46794 7 47156 5
f0c9f135c62572f3669a75b2c735e4477dc77fac85e653426ee2b3bcfbed7aaf,21875 5 22232 9 22589 14 22948 16 23306 18 23666 19 24024 21 24384 22 24743 23 25102 25 25461 26 25821 27 26180 28 26539 29 26898 30 27257 31 27616 32 27976 33 28335 34 28695 34 29053 36 29413 36 29772 37 30131 38 30490 39 30850 39 31209 40 31568 41 31927 42 32286 42 32645 42 33005 42 33364 43 33723 43 34082 43 34442 42 34801 43 35161 42 35519 43 35879 42 36238 41 36597 38 36956 36 37316 35 37676 34 38035 34 38395 33 38754 33 39114 32 39474 31 39834 30 40194 29 40554 28 40914 27 41274 26 41634 25 41994 24 42355 22 42715 22 43075 20 43435 19 43796 17 44158 12 44521 7
f0c9f135c62572f3669a75b2c735e4477dc77fac85e653426ee2b3bcfbed7aaf,86922 2 87278 11 87636 15 87994 20 88353 22 88711 27 89071 29 89430 32 89789 35 90149 36 90508 39 90868 39 91228 41 91588 41 91948 42 92308 43 92668 44 93028 47 93389 46 93748 48 94109 47 94469 47 94829 48 95190 47 95550 47 95910 48 96271 47 96631 47 96992 46 97353 45 97713 46 98074 45 98435 45 98796 44 99156 44 99517 44 99878 43 100240 41 100600 41 100962 40 101323 39 101684 38 102046 36 102407 35 102771 30 103133 29 103494 28 103854 28 104216 26 104576 26 104937 25 105298 23 105659 22 106019 22 106380 21 106740 19 107101 18 107462 16 107826 8
f0c9f135c62572f3669a75b2c735e4477dc77fac85e653426ee2b3bcfbed7aaf,300 6 307 37 660 44 1020 44 1380 42 1741 40 2101 40 2461 38 2821 36 3182 34 3543 19 3563 11 3903 27 4265 23 4627 19 4990 12
f0c9f135c62572f3669a75b2c735e4477dc77fac85e653426ee2b3bcfbed7aaf,123944 6 124299 13 124657 15 125015 18 125373 21 125731 23 126090 25 126449 27 126808 28 127167 29 127526 31 127886 31 128245 32 128605 32 128965 32 129325 32
f0c9f135c62572f3669a75b2c735e4477dc77fac85e653426ee2b3bcfbed7aaf,117040 10 117397 16 117756 19 118114 22 118473 24 118832 26 119191 28 119550 29 119909 31 120269 31 120628 33 120988 34 121347 35 121706 37 122066 38 122426 39 122785 40 123144 43 123504 43 123864 44 124223 45 124583 45 124942 47 125302 47 125662 48 126022 48 126381 49 126741 49 127101 49 127461 49 127820 50 128180 51 128540 51 128900 51 129260 50
f0c9f135c62572f3669a75b2c735e4477dc77fac85e653426ee2b3bcfbed7aaf,72775 12 73132 20 73491 24 73849 28 74208 31 74566 35 74926 36 75284 39 75643 41 76002 43 76360 46 76718 49 77077 50 77436 51 77794 54 78153 56 78512 57 78871 59 79230 60 79589 62 79948 63 80307 64 80666 65 81026 65 81385 66 81744 67 82104 67 82464 67 82824 67 83183 68 83543 67 83902 68 84262 68 84622 68 84982 68 85342 68 85701 68 86061 68 86421 67 86781 66 87141 66 87501 66 87861 65 88221 64 88581 63 88942 61 89303 59 89664 57 90025 54 90385 53 90746 52 91108 49 91468 48 91829 45 92191 41 92552 38 92913 34 93275 31 93637 26 94000 19 94362 14
f0c9f135c62572f3669a75b2c735e4477dc77fac85e653426ee2b3bcfbed7aaf,38692 13 39045 24 39401 30 39759 34 40117 37 40475 40 40833 43 41192 45 41551 48 41910 49 42269 52 42628 9 42638 43 42988 54 43346 56 43705 58 44065 59 44424 59 44784 60 45143 61 45502 63 45862 63 46221 64 46581 64 46941 64 47300 65 47660 65 48020 66 48380 66 48740 66 49100 65 49459 67 49819 66 50179 67 50539 66 50899 66 51259 66 51619 66 51979 66 52339 66 52699 66 53059 66 53419 66 53779 66 54139 66 54499 65 54860 64 55220 63 55580 63 55941 60 56302 59 56662 57 57023 56 57383 55 57744 53 58105 51 58466 49 58827 46 59188 44 59549 41 59910 39 60271 38 60633 34 60995 30 61357 27 61723 15
f0c9f135c62572f3669a75b2c735e4477dc77fac85e653426ee2b3bcfbed7aaf,27 49 386 49 745 50 1105 48 1465 48 1825 47 2184 47 2544 46 2904 45 3264 44 3624 43 3984 41 4344 40 4704 38 5065 37 5426 34 5786 32 6146 29 6507 25 6869 20 7231 16 7593 9
f0c9f135c62572f3669a75b2c735e4477dc77fac85e653426ee2b3bcfbed7aaf,62787 7 63146 8 63505 9 63864 10 64223 11 64583 11 64942 11 65302 11 65662 11 66022 10 66382 9 66742 8 67102 8 67464 6
f0c9f135c62572f3669a75b2c735e4477dc77fac85e653426ee2b3bcfbed7aaf,121818 9 122176 12 122534 15 122894 17 123253 18 123613 19 123973 20 124333 21 124693 23 125053 24 125413 25 125772 26 126132 27 126491 29 126851 29 127211 30 127571 30 127931 30 128291 30 128651 30 129011 30 129371 30
f0c9f135c62572f3669a75b2c735e4477dc77fac85e653426ee2b3bcfbed7aaf,17857 9 18217 12 18575 15 18933 18 19291 22 19650 24 20008 27 20367 30 20725 32 21083 35 21441 37 21800 38 22159 40 22518 41 22876 43 23235 45 23594 46 23954 46 24313 47 24672 48 25032 48 25391 49 25750 49 26109 50 26468 51 26828 51 27188 50 27548 50 27907 50 28266 51 28626 51 28986 51 29346 49 29706 48 30066 48 30426 47 30786 45 31146 44 31507 43 31867 41 32228 40 32589 37 32950 36 33310 34 33672 29 33702 2 34032 30 34394 13 34408 12 34755 24 35116 20 35478 16 35842 6
f0c9f135c62572f3669a75b2c735e4477dc77fac85e653426ee2b3bcfbed7aaf,119488 9 119498 1 119843 19 120199 26 120557 29 120914 33 121273 35 121632 36 121990 39 122349 40 122708 42 123067 43 123426 44 123786 45 124145 47 124505 48 124864 49 125224 50 125583 52 125943 52 126303 53 126663 53 127023 54 127383 54 127743 54 128103 54 128464 53 128825 52 129185 51 129545 51
f0c9f135c62572f3669a75b2c735e4477dc77fac85e653426ee2b3bcfbed7aaf,18105 17 18463 22 18821 25 19179 30 19537 36 19896 42 20254 53 20614 55 20974 56 21333 60 21692 62 22052 63 22412 65 22772 65 23132 65 23492 65 23852 65 24212 65 24572 65 24932 65 25292 65 25652 65 26013 62 26374 61 26735 59 27095 59 27456 57 27817 55 28178 52 28539 50 28900 48 29262 43 29624 39 29987 33 30349 28 30713 21 31076 15
f0c9f135c62572f3669a75b2c735e4477dc77fac85e653426ee2b3bcfbed7aaf,101038 9 101396 13 101755 15 102113 18 102472 19 102831 21 103190 22 103549 23 103908 25 104267 26 104626 27 104985 28 105344 29 105703 30 106063 30 106422 31 106782 31 107141 33 107500 34 107860 35 108220 35 108580 38 108940 40 109300 41 109660 43 110020 44 110380 46 110740 47 111099 49 111459 50 111819 50 112178 52 112538 52 112897 53 113257 53 113617 53 113976 54 114336 54 114696 54 115055 55 115415 54 115775 54 116135 53 116495 53 116855 52 117215 51 117575 51 117936 48 118296 47 118656 46 119016 45 119377 43 119738 41 120099 39 120460 36 120821 34 121182 31 121544 27 121906 23 122268 20 122631 14
f0c9f135c62572f3669a75b2c735e4477dc77fac85e653426ee2b3bcfbed7aaf,60684 16 61042 21 61400 24 61757 28 62115 32 62473 34 62831 36 63188 9 63198 30 63545 43 63903 45 64259 49 64617 51 64976 52 65335 52 65694 53 66053 52 66413 51 66772 52 67131 52 67489 53 67849 53 68208 54 68568 53 68928 53 69288 51 69648 51 70008 51 70368 50 70728 50 71088 49 71448 49 71808 48 72168 48 72529 46 72889 45 73250 44 73610 44 73971 42 74332 41 74693 26 74720 12 75056 14 75074 18 75435 16 75796 14 76157 11 76519 4
f0c9f135c62572f3669a75b2c735e4477dc77fac85e653426ee2b3bcfbed7aaf,61686 6 62045 9 62405 13 62763 16 63123 16 63483 18 63843 19 64203 19 64563 19 64923 19 65284 18 65645 17 66006 15 66367 2 66379 1
f0c9f135c62572f3669a75b2c735e4477dc77fac85e653426ee2b3bcfbed7aaf,66369 10 66723 17 67083 19 67443 20 67803 21 68162 23 68522 23 68882 23 69242 23 69603 22 69963 22 70323 22 70683 21 71044 19 71405 18 71766 15 72126 13
f0c9f135c62572f3669a75b2c735e4477dc77fac85e653426ee2b3bcfbed7aaf,57192 12 57549 17 57908 19 58266 22 58625 24 58984 25 59343 26 59703 29 60062 30 60422 30 60781 30 61141 30 61500 31 61859 32 62219 32 62579 32 62938 34 63298 34 63657 35 64017 35 64377 35 64737 35 65096 36 65456 36 65816 36 66176 36 66536 36 66896 36 67256 36 67615 38 67975 38 68335 38 68695 38 69055 38 69415 38 69775 38 70135 38 70495 38 70856 37 71216 37 71576 37 71937 36 72297 36 72658 35 73018 34 73379 33 73740 32 74100 32 74461 31 74821 30 75183 28 75543 27 75905 25 76266 23 76627 21 76991 15 77355 10
f0c9f135c62572f3669a75b2c735e4477dc77fac85e653426ee2b3bcfbed7aaf,67321 3 67681 4 68041 4 68401 6 68761 7 69121 8 69481 8 69841 9 70201 9 70561 10 70921 10 71281 11 71641 11 72001 11 72361 11 72721 11 73081 11 73441 11 73801 11 74161 11 74521 11 74881 11 75241 11 75601 11 75961 12 76321 12 76681 12 77041 11 77401 11 77761 11 78121 11 78481 11 78841 10 79201 10 79561 9 79921 8 80281 7 80641 7 81001 7 81361 6 81721 5 82081 5 82441 5 82801 4
f0c9f135c62572f3669a75b2c735e4477dc77fac85e653426ee2b3bcfbed7aaf,33483 8 33841 13 34201 14 34561 16 34921 17 35281 18 35641 19 36001 19 36361 20 36721 20 37081 20 37441 20 37801 20 38161 21 38521 21 38881 21 39241 21 39601 21 39961 21 40321 21 40681 20 41041 20 41401 20 41761 19 42121 19 42481 18 42841 18 43201 18 43561 17 43921 17 44281 17 44641 16 45001 15 45361 14 45721 14 46081 13 46441 12 46801 11 47161 11 47521 10 47881 9 48241 8 48601 7 48962 5 49322 4
f0c9f135c62572f3669a75b2c735e4477dc77fac85e653426ee2b3bcfbed7aaf,83105 4 83463 8 83819 13 84178 15 84536 19 84895 20 85250 25 85609 27 85967 29 86327 29 86685 32 87045 32 87404 33 87763 34 88123 34 88482 35 88841 36 89200 37 89560 37 89919 38 90278 39 90637 40 90996 41 91355 42 91715 42 92074 43 92433 44 92792 44 93152 44 93512 43 93871 44 94230 44 94590 44 94950 43 95310 43 95670 42 96030 41 96390 40 96750 40 97110 39 97470 38 97830 37 98191 34 98551 33 98912 30 99272 29 99632 28 99993 25 100356 19 100717 15
f0c9f135c62572f3669a75b2c735e4477dc77fac85e653426ee2b3bcfbed7aaf,40403 12 40760 17 41119 19 41477 22 41836 23 42195 25 42553 28 42912 30 43271 32 43631 32 43991 32 44351 32 44710 33 45070 33 45429 34 45790 33 46149 34 46509 34 46870 33 47229 34 47589 34 47948 35 48308 35 48667 36 49027 31 49059 4 49386 37 49745 37 50105 37 50465 37 50824 38 51183 39 51542 39 51901 40 52261 40 52620 41 52979 41 53338 41 53698 41 54057 41 54416 41 54775 42 55135 42 55494 41 55854 40 56214 38 56574 37 56933 37 57294 36 57654 34 58014 32 58375 30 58735 29 59096 27 59457 23 59818 19 60179 15 60541 12 60901 6
