f26f4c2c70c38fe12e00d5a814d5116691f2ca548908126923fd76ddd665ed24,41626 9 41880 13 42135 16 42390 18 42645 20 42900 22 43155 24 43411 24 43666 25 43922 25 44177 27 44433 27 44689 27 44945 27 45201 27 45457 26 45713 26 45969 25 46225 25 46482 23 46738 22 46995 20 47252 17 47509 13 47767 8
f26f4c2c70c38fe12e00d5a814d5116691f2ca548908126923fd76ddd665ed24,56833 4 57089 4 57345 4 57601 5 57857 5 58113 6 58369 6 58625 6 58881 6 59137 6 59393 6 59649 6 59905 6 60161 6 60417 6 60673 5 60929 5 61185 4 61441 4 61697 3 61953 3
f26f4c2c70c38fe12e00d5a814d5116691f2ca548908126923fd76ddd665ed24,243 14 499 14 755 14 1011 14 1267 14 1523 14 1779 14 2035 14 2292 13 2552 9 2809 8 3068 5 3325 4 3584 1
f26f4c2c70c38fe12e00d5a814d5116691f2ca548908126923fd76ddd665ed24,6838 3 7091 9 7345 13 7599 16 7854 18 8109 20 8364 21 8619 23 8875 23 9130 24 9386 24 9642 25 9898 25 10154 25 10411 23 10667 23 10924 22 11180 21 11437 20 11694 18 11951 16 12208 14 12466 10 12725 4
f26f4c2c70c38fe12e00d5a814d5116691f2ca548908126923fd76ddd665ed24,52433 4 52686 9 52937 14 53191 17 53446 18 53702 19 53957 20 54213 20 54469 20 54725 19 54981 19 55237 18 55493 18 55749 18 56005 17 56262 16 56518 16 56775 14 57032 13 57290 10 57548 6
f26f4c2c70c38fe12e00d5a814d5116691f2ca548908126923fd76ddd665ed24,37456 7 37710 11 37964 14 38219 16 38474 18 38730 19 38985 20 39241 21 39496 22 39752 22 40008 23 40264 23 40520 23 40776 23 41032 23 41289 22 41545 21 41802 20 42058 20 42315 18 42573 15 42831 11 43091 4
f26f4c2c70c38fe12e00d5a814d5116691f2ca548908126923fd76ddd665ed24,10577 10 10831 14 11085 17 11340 19 11596 19 11851 21 12107 21 12363 22 12619 22 12875 22 13131 22 13387 22 13643 22 13899 22 14156 21 14412 21 14668 20 14925 19 15182 17 15438 16 15695 15 15952 12 16210 9
f26f4c2c70c38fe12e00d5a814d5116691f2ca548908126923fd76ddd665ed24,51988 9 52242 13 52497 16 52752 18 53008 19 53263 20 53519 21 53775 21 54030 23 54286 23 54542 23 54798 24 55054 24 55311 23 55567 23 55824 22 56080 21 56337 20 56594 18 56851 16 57108 14 57367 8
f26f4c2c70c38fe12e00d5a814d5116691f2ca548908126923fd76ddd665ed24,20158 2 20411 7 20666 10 20920 13 21175 15 21430 16 21685 18 21941 19 22196 20 22452 21 22707 22 22963 22 23219 22 23475 22 23731 22 23987 22 24243 22 24499 22 24756 21 25012 20 25268 20 25525 19 25782 17 26039 15 26296 13 26554 10 26812 6
f26f4c2c70c38fe12e00d5a814d5116691f2ca548908126923fd76ddd665ed24,1239 5 1493 9 1748 12 2003 14 2258 15 2513 17 2768 19 3023 20 3279 20 3534 22 3790 22 4046 22 4301 23 4557 23 4813 23 5069 23 5326 22 5582 21 5838 21 6095 19 6352 17 6609 15 6867 11
f26f4c2c70c38fe12e00d5a814d5116691f2ca548908126923fd76ddd665ed24,40466 3 40721 7 40977 9 41232 11 41487 14 41743 15 41998 17 42253 19 42509 19 42764 21 43019 22 43274 23 43529 24 43784 26 44039 27 44295 27 44551 26 44807 26 45064 25 45320 25 45577 23 45833 23 46090 21 46347 19 46604 16 46862 12 47119 9 47377 6 47634 5
f26f4c2c70c38fe12e00d5a814d5116691f2ca548908126923fd76ddd665ed24,47067 8 47321 12 47576 14 47831 16 48087 17 48342 18 48598 19 48854 19 49110 19 49366 20 49622 20 49878 20 50134 20 50390 20 50646 19 50903 18 51159 17 51416 15 51673 13 51930 11 52189 5
f26f4c2c70c38fe12e00d5a814d5116691f2ca548908126923fd76ddd665ed24,5395 2 5650 4 5905 6 6157 10 6412 12 6662 19 6917 20 7173 20 7428 22 7684 22 7940 22 8196 22 8452 21 8709 20 8965 20 9221 19 9478 18 9734 17 9991 15 10248 13 10505 11 10763 7
f26f4c2c70c38fe12e00d5a814d5116691f2ca548908126923fd76ddd665ed24,55341 4 55596 6 55850 11 56105 13 56360 17 56615 20 56870 22 57126 22 57382 22 57637 23 57893 23 58149 23 58405 23 58661 23 58917 23 59173 23 59429 23 59686 21 59942 21 60199 19 60455 18 60712 16 60969 13 61227 9
f26f4c2c70c38fe12e00d5a814d5116691f2ca548908126923fd76ddd665ed24,27416 2 27668 10 27923 13 28177 17 28432 19 28688 20 28943 22 29199 22 29455 23 29711 23 29967 23 30223 23 30480 22 30736 22 30992 22 31249 21 31505 21 31762 20 32018 20 32275 19 32531 18 32788 17 33045 15 33301 14 33558 12 33816 9 34074 4
f26f4c2c70c38fe12e00d5a814d5116691f2ca548908126923fd76ddd665ed24,22273 1 22529 2 22785 2 23041 3 23297 3 23553 3 23809 3 24065 3 24321 3 24577 3 24833 3 25089 2 25345 1
f26f4c2c70c38fe12e00d5a814d5116691f2ca548908126923fd76ddd665ed24,64001 1 64257 2 64513 3 64769 4 65025 5 65281 6
f26f4c2c70c38fe12e00d5a814d5116691f2ca548908126923fd76ddd665ed24,33438 10 33693 13 33948 15 34203 17 34458 19 34714 19 34969 21 35225 22 35481 22 35736 24 35992 24 36248 25 36504 25 36760 25 37016 25 37273 24 37529 24 37785 24 38042 22 38298 22 38555 20 38812 18 39068 17 39325 15 39582 13 39840 9 40099 2
f26f4c2c70c38fe12e00d5a814d5116691f2ca548908126923fd76ddd665ed24,43763 8 44017 12 44272 14 44528 16 44783 18 45038 19 45294 19 45550 19 45806 19 46061 20 46318 19 46574 19 46830 19 47086 19 47343 18 47600 17 47857 16 48113 16 48370 14 48628 10 48886 5
f26f4c2c70c38fe12e00d5a814d5116691f2ca548908126923fd76ddd665ed24,36982 4 37235 10 37489 13 37744 16 37999 18 38254 20 38510 20 38765 22 39021 23 39277 23 39532 25 39788 25 40044 25 40300 26 40557 25 40813 25 41069 25 41326 23 41583 22 41840 21 42096 20 42353 19 42610 17 42867 15 43124 13 43381 10 43639 5
f26f4c2c70c38fe12e00d5a814d5116691f2ca548908126923fd76ddd665ed24,22852 8 23105 12 23360 15 23615 16 23870 18 24125 19 24380 21 24636 21 24891 22 25147 22 25403 22 25659 22 25915 22 26171 22 26427 22 26684 20 26940 20 27196 19 27453 18 27710 16 27967 14 28224 12 28482 8 28741 1
f26f4c2c70c38fe12e00d5a814d5116691f2ca548908126923fd76ddd665ed24,48305 5 48558 10 48813 13 49067 16 49322 18 49578 19 49833 20 50088 22 50344 22 50600 23 50855 24 51111 25 51367 25 51623 25 51879 25 52135 25 52391 25 52648 24 52904 24 53161 23 53417 22 53674 20 53930 20 54187 18 54444 16 54701 14 54958 12 55215 9 55473 5
f26f4c2c70c38fe12e00d5a814d5116691f2ca548908126923fd76ddd665ed24,18051 3 18304 9 18558 12 18813 14 19069 15 19324 17 19579 18 19835 19 20091 19 20346 21 20602 21 20858 21 21114 21 21371 20 21627 20 21883 20 22140 19 22397 18 22654 17 22911 15 23168 14 23425 12 23683 9 23941 6
f26f4c2c70c38fe12e00d5a814d5116691f2ca548908126923fd76ddd665ed24,49744 2 49749 7 49998 17 50253 19 50509 21 50764 23 51020 23 51276 23 51532 23 51788 23 52044 23 52300 23 52557 22 52813 22 53069 22 53325 23 53582 22 53838 22 54094 22 54350 22 54607 20 54863 20 55120 19 55377 18 55633 17 55889 8 55898 8 56146 15 56402 14 56659 12 56917 8 57174 6
f26f4c2c70c38fe12e00d5a814d5116691f2ca548908126923fd76ddd665ed24,9088 9 9342 13 9597 16 9852 18 10107 20 10363 21 10619 21 10874 23 11130 23 11386 24 11642 24 11897 25 12153 25 12410 24 12666 23 12922 23 13178 22 13435 21 13691 20 13948 18 14205 16 14463 13 14721 9 14980 3
f26f4c2c70c38fe12e00d5a814d5116691f2ca548908126923fd76ddd665ed24,12289 1 12545 3 12801 4 13057 6 13313 7 13569 7 13825 8 14081 9 14337 9 14593 9 14849 9 15105 10 15361 10 15617 10 15873 10 16129 9 16385 9 16641 9 16897 8 17153 7 17409 6 17665 5 17921 4
f26f4c2c70c38fe12e00d5a814d5116691f2ca548908126923fd76ddd665ed24,62740 8 62994 12 63249 14 63504 16 63759 18 64014 20 64270 21 64526 21 64781 22 65037 23 65293 23
f26f4c2c70c38fe12e00d5a814d5116691f2ca548908126923fd76ddd665ed24,36139 2 36392 8 36646 12 36901 14 37156 16 37411 17 37665 20 37921 20 38176 21 38431 22 38687 22 38943 22 39198 23 39454 23 39710 23 39966 23 40222 22 40479 21 40735 21 40991 20 41248 18 41505 17 41762 15 42020 11 42280 3
f26f4c2c70c38fe12e00d5a814d5116691f2ca548908126923fd76ddd665ed24,21151 6 21405 10 21660 13 21915 15 22170 17 22426 17 22681 19 22937 19 23192 20 23448 21 23704 21 23959 22 24215 22 24471 22 24727 21 24982 22 25238 22 25495 20 25751 20 26007 19 26263 18 26520 17 26777 15 27034 12 27291 10 27550 3
f26f4c2c70c38fe12e00d5a814d5116691f2ca548908126923fd76ddd665ed24,44896 9 45151 11 45402 17 45657 19 45911 22 46166 24 46421 25 46677 25 46931 27 47186 28 47442 28 47698 28 47954 28 48210 28 48469 24 48726 23 48987 17 49245 2 49250 9 49511 3
f26f4c2c70c38fe12e00d5a814d5116691f2ca548908126923fd76ddd665ed24,29133 7 29386 13 29641 16 29896 18 30151 20 30406 22 30662 22 30917 24 31173 24 31429 24 31685 24 31941 24 32197 24 32453 24 32709 24 32965 24 33222 22 33478 22 33735 20 33991 20 34248 18 34504 17 34761 15 35018 13 35275 10 35534 4
f26f4c2c70c38fe12e00d5a814d5116691f2ca548908126923fd76ddd665ed24,152 20 407 21 663 22 918 23 1174 24 1429 25 1685 25 1941 25 2197 25 2453 25 2709 25 2965 24 3222 22 3478 22 3735 19 3991 18 4248 16 4505 14 4763 10
f26f4c2c70c38fe12e00d5a814d5116691f2ca548908126923fd76ddd665ed24,58615 5 58868 10 59123 12 59378 15 59633 16 59888 17 60143 18 60399 18 60654 19 60910 19 61166 19 61422 19 61678 19 61934 19 62190 19 62446 19 62703 18 62959 18 63216 17 63472 17 63729 16 63985 16 64242 15 64499 14 64757 11 65015 6
f26f4c2c70c38fe12e00d5a814d5116691f2ca548908126923fd76ddd665ed24,20 21 276 21 533 19 790 18 1047 16 1304 14 1562 10
f26f4c2c70c38fe12e00d5a814d5116691f2ca548908126923fd76ddd665ed24,14360 5 14613 11 14867 14 15122 16 15376 19 15631 20 15887 21 16142 22 16397 24 16653 24 16908 25 17164 25 17420 25 17676 25 17932 24 18189 23 18445 22 18702 21 18958 20 19215 18 19472 17 19729 15 19986 13 20243 11 20502 6
f26f4c2c70c38fe12e00d5a814d5116691f2ca548908126923fd76ddd665ed24,48243 2 48498 5 48752 8 49007 10 49262 12 49517 14 49772 16 50027 17 50282 19 50537 20 50792 21 51047 23 51302 24 51558 24 51814 24 52070 24 52326 24 52582 24 52838 24 53094 24 53350 24 53605 24 53861 24 54117 24 54373 23 54628 24 54884 23 55140 23 55396 22 55652 21 55908 20 56164 18 56420 17 56676 14 56933 12 57189 9 57445 7 57700 4 57708 12 57957 2 57963 14 58215 19 58470 21 58724 24 58979 26 59234 27 59490 27 59746 28 60002 28 60259 27 60516 26 60772 26 61028 26 61284 26 61541 25 61797 25 62054 26 62310 26 62567 24 62823 24 63080 22 63337 20 63594 19 63852 15 64109 13 64368 7
f26f4c2c70c38fe12e00d5a814d5116691f2ca548908126923fd76ddd665ed24,22379 5 22633 9 22887 13 23142 15 23397 17 23653 17 23908 19 24164 19 24419 20 24675 20 24931 20 25187 20 25443 20 25699 20 25955 20 26211 20 26467 19 26723 19 26980 17 27237 15 27494 13 27751 10 28009 6
f26f4c2c70c38fe12e00d5a814d5116691f2ca548908126923fd76ddd665ed24,45825 7 46081 8 46337 8 46593 10 46849 13 47105 14 47361 16 47617 17 47873 18 48129 19 48385 20 48641 21 48897 21 49153 21 49409 21 49665 21 49921 21 50177 21 50433 21 50689 20 50945 19 51202 18 51459 16 51718 12 51975 10
f26f4c2c70c38fe12e00d5a814d5116691f2ca548908126923fd76ddd665ed24,4083 3 4338 7 4592 10 4847 13 5102 15 5358 19 5613 20 5869 20 6125 20 6380 21 6636 21 6892 21 7149 20 7405 20 7661 20 7917 20 8173 20 8429 20 8686 19 8942 19 9199 18 9456 16 9713 14 9971 10 10229 6
f26f4c2c70c38fe12e00d5a814d5116691f2ca548908126923fd76ddd665ed24,42038 6 42292 11 42547 14 42802 17 43057 19 43313 20 43568 22 43824 23 44081 22 44338 22 44595 21 44852 20 45109 19 45366 18 45623 17 45880 16 46137 15 46393 14 46650 13 46908 10 47165 7 47421 6 47678 3
f26f4c2c70c38fe12e00d5a814d5116691f2ca548908126923fd76ddd665ed24,57164 6 57417 11 57672 16 57927 18 58182 22 58437 24 58692 25 58947 27 59203 27 59458 30 59714 30 59969 32 60225 32 60481 32 60736 34 60992 34 61248 34 61504 33 61760 33 62016 33 62272 32 62529 31 62785 31 63041 30 63298 29 63554 28 63811 27 64067 26 64324 24 64581 22 64838 20 65096 17 65354 14
f26f4c2c70c38fe12e00d5a814d5116691f2ca548908126923fd76ddd665ed24,30527 2 30779 9 31033 13 31288 14 31543 16 31798 18 32054 18 32309 20 32565 20 32820 21 33076 21 33332 21 33588 21 33844 21 34100 21 34356 21 34613 20 34869 19 35126 18 35383 16 35640 14 35897 12 36154 9 36413 3
f26f4c2c70c38fe12e00d5a814d5116691f2ca548908126923fd76ddd665ed24,44330 6 44585 8 44840 10 45095 11 45349 13 45604 15 45860 16 46115 18 46370 21 46626 22 46881 23 47136 24 47392 24 47648 24 47904 24 48160 24 48416 23 48672 22 48928 21 49184 21 49441 19 49697 19 49954 17 50210 17 50467 15 50725 11 50982 9
f26f4c2c70c38fe12e00d5a814d5116691f2ca548908126923fd76ddd665ed24,48954 1 49208 5 49463 7 49717 11 49973 12 50228 13 50483 15 50737 17 50992 19 51247 20 51502 22 51757 23 52013 23 52269 23 52525 23 52782 22 53038 22 53294 21 53551 18 53808 16 54067 13 54324 12 54584 8 54841 6 55099 2
f26f4c2c70c38fe12e00d5a814d5116691f2ca548908126923fd76ddd665ed24,3623 6 3876 11 4131 14 4386 16 4641 18 4896 19 5151 21 5407 21 5662 23 5918 23 6174 23 6430 23 6686 23 6942 23 7198 22 7454 22 7710 21 7967 20 8223 19 8480 17 8737 15 8993 14 9250 11 9507 9 9765 5
f26f4c2c70c38fe12e00d5a814d5116691f2ca548908126923fd76ddd665ed24,1 17 257 17 513 18 769 18 1025 18 1281 19 1537 19 1793 19 2049 19 2305 19 2561 19 2817 19 3073 19 3329 19 3585 19 3841 17 4097 16 4354 12 4610 11 4867 7 5124 5
f26f4c2c70c38fe12e00d5a814d5116691f2ca548908126923fd76ddd665ed24,61095 10 61347 16 61602 18 61857 20 62113 21 62368 23 62624 23 62879 25 63135 25 63390 27 63646 27 63902 27 64158 27 64414 27 64670 27 64926 27 65182 27 65438 27
f26f4c2c70c38fe12e00d5a814d5116691f2ca548908126923fd76ddd665ed24,51457 1 51713 2 51969 3 52225 4 52481 5 52737 5 52993 5 53249 6 53505 6 53761 7 54017 7 54273 7 54529 7 54785 7 55041 7 55297 7 55553 7 55809 6 56065 5 56321 5 56577 4
f26f4c2c70c38fe12e00d5a814d5116691f2ca548908126923fd76ddd665ed24,18915 9 19169 13 19424 16 19679 18 19934 20 20189 21 20445 22 20701 22 20957 23 21213 23 21469 23 21725 23 21981 23 22237 23 22493 23 22749 23 23005 22 23261 22 23518 20 23774 20 24031 18 24288 16 24545 13 24803 9
f26f4c2c70c38fe12e00d5a814d5116691f2ca548908126923fd76ddd665ed24,36869 8 37121 13 37377 14 37633 14 37889 14 38145 15 38401 16 38657 16 38913 16 39169 15 39425 15 39681 14 39937 14 40193 13 40449 11 40705 10 40961 9 41217 8 41473 7 41729 6
f26f4c2c70c38fe12e00d5a814d5116691f2ca548908126923fd76ddd665ed24,33025 2 33281 3 33537 4 33793 5 34049 6 34305 6 34561 7 34817 7 35073 8 35329 8 35585 9 35841 8 36097 6 36353 5 36609 2
f26f4c2c70c38fe12e00d5a814d5116691f2ca548908126923fd76ddd665ed24,55430 9 55685 12 55939 15 56195 16 56450 18 56705 20 56960 21 57215 23 57470 24 57726 24 57981 25 58237 25 58494 24 58750 24 59007 23 59263 23 59520 21 59776 21 60033 19 60289 19 60545 18 60802 16 61059 14 61316 11 61575 5
