f29fd9c52e04403cd2c7d43b6fe2479292e53b2f61969d25256d2d2aca7c6a81,364967 11 365567 17 366168 20 366767 25 367368 27 367970 28 368573 28 369177 26 369781 24 370385 22 370994 15 371599 12 372203 10
f29fd9c52e04403cd2c7d43b6fe2479292e53b2f61969d25256d2d2aca7c6a81,139816 4 140414 12 141016 14 141615 19 142215 22 142817 24 143418 26 144020 27 144622 28 145225 28 145827 29 146430 30 147033 30 147637 29 148241 27 148845 23 149449 21 150054 18 150659 3
f29fd9c52e04403cd2c7d43b6fe2479292e53b2f61969d25256d2d2aca7c6a81,187463 9 188065 12 188666 15 189267 18 189863 25 190463 28 191065 28 191667 29 192270 28 192873 28 193477 26 194082 23 194687 19 195294 6
f29fd9c52e04403cd2c7d43b6fe2479292e53b2f61969d25256d2d2aca7c6a81,323349 8 323944 29 324546 31 325148 34 325751 35 326354 35 326957 36 327560 37 328163 37 328766 37 329370 36 329974 35 330583 28 331190 23 331810 5
f29fd9c52e04403cd2c7d43b6fe2479292e53b2f61969d25256d2d2aca7c6a81,393909 6 394509 11 395110 14 395712 16 396313 20 396342 5 396915 36 397517 38 398119 39 398721 40 399324 40 399927 40 400531 39 401135 37 401740 35 402346 31 402951 28 403556 26 404161 22 404765 19 405372 14 405978 8
f29fd9c52e04403cd2c7d43b6fe2479292e53b2f61969d25256d2d2aca7c6a81,61758 6 62360 8 62963 8 63566 9 64168 11 64771 12 65375 12 65978 12 66581 12 67185 12 67789 12 68392 13 68995 14 69599 13 70202 14 70806 13 71409 13 72012 14 72616 13 73220 12 73824 11 74427 12 75031 12 75635 11 76239 10 76842 10 77445 10 78049 9 78653 7 79257 5
f29fd9c52e04403cd2c7d43b6fe2479292e53b2f61969d25256d2d2aca7c6a81,150941 6 151543 8 152142 15 152744 18 153347 20 153950 22 154554 22 155158 22 155762 22 156366 22 156970 22 157575 21 158181 18 158786 16 159391 13
f29fd9c52e04403cd2c7d43b6fe2479292e53b2f61969d25256d2d2aca7c6a81,219428 6 220028 14 220629 17 221230 20 221832 21 222435 22 223038 22 223640 23 224240 25 224842 25 225444 25 226046 25 226649 21 227253 5 227266 4
f29fd9c52e04403cd2c7d43b6fe2479292e53b2f61969d25256d2d2aca7c6a81,533334 4 533936 9 534538 12 535140 14 535742 15 536344 16 536946 17 537549 16 538152 16 538755 15 539358 15 539961 14 540564 14 541167 14 541770 13 542373 12 542977 10 543581 6
f29fd9c52e04403cd2c7d43b6fe2479292e53b2f61969d25256d2d2aca7c6a81,381240 22 381842 23 382443 26 383045 27 383648 27 384251 26 384855 24 385459 21 386063 19 386667 15 387271 13 387875 10 388479 8 389085 3
f29fd9c52e04403cd2c7d43b6fe2479292e53b2f61969d25256d2d2aca7c6a81,448209 12 448792 3 448810 15 449394 7 449411 18 449996 37 450598 38 451201 38 451803 39 452405 40 453008 40 453611 39 454214 39 454817 38 455421 36 456026 32 456630 21 457235 15 457839 12 458444 8 459048 6 459652 2
f29fd9c52e04403cd2c7d43b6fe2479292e53b2f61969d25256d2d2aca7c6a81,405118 4 405720 6 406322 8 406925 8 407528 8 408131 8 408735 7 409339 5
f29fd9c52e04403cd2c7d43b6fe2479292e53b2f61969d25256d2d2aca7c6a81,235111 6 235713 8 236306 18 236908 20 237510 21 238112 23 238715 23 239319 21 239922 20 240526 19 241131 16 241737 12 242342 9
f29fd9c52e04403cd2c7d43b6fe2479292e53b2f61969d25256d2d2aca7c6a81,524305 4 524907 6 525509 7 526112 7 526714 8 527317 8 527919 8 528522 8 529125 8 529728 7 530331 7 530934 7 531537 6 532141 2
f29fd9c52e04403cd2c7d43b6fe2479292e53b2f61969d25256d2d2aca7c6a81,394233 4 394834 7 395434 11 396036 13 396638 16 397241 17 397844 17 398447 16 399050 15 399653 15 400257 13 400861 12 401465 10 402074 3
f29fd9c52e04403cd2c7d43b6fe2479292e53b2f61969d25256d2d2aca7c6a81,554493 3 555095 5 555697 7 556300 7 556903 8 557506 8 558109 8 558713 7 559316 6 559920 4
f29fd9c52e04403cd2c7d43b6fe2479292e53b2f61969d25256d2d2aca7c6a81,36010 2 36609 7 37211 9 37813 11 38415 13 39017 14 39620 15 40222 16 40824 17 41427 17 42030 18 42632 19 43234 20 43837 20 44440 20 45043 20 45646 20 46249 19 46852 19 47455 18 48059 17 48662 16 49265 16 49868 15 50471 14 51075 13 51679 11 52283 7 52887 4
f29fd9c52e04403cd2c7d43b6fe2479292e53b2f61969d25256d2d2aca7c6a81,428313 6 428915 8 429515 12 430111 19 430713 20 431308 29 431904 36 432506 37 433108 38 433710 39 434313 38 434916 38 435519 38 436122 37 436726 35 437330 33 437935 8 437952 10 438539 5
f29fd9c52e04403cd2c7d43b6fe2479292e53b2f61969d25256d2d2aca7c6a81,467512 6 468114 9 468716 11 469318 12 469919 15 470521 16 471123 17 471725 18 472327 19 472929 20 473530 22 474131 24 474732 25 475332 27 475934 27 476537 26 477140 25 477743 24 478346 22 478949 21 479552 20 480155 19 480759 16 481363 13 481967 9 482571 6
f29fd9c52e04403cd2c7d43b6fe2479292e53b2f61969d25256d2d2aca7c6a81,121408 6 122010 8 122612 12 123214 14 123817 16 124421 16 125024 17 125628 17 126232 17 126836 17 127440 17 128044 17 128649 16 129253 15 129859 11 130465 7 131069 2
f29fd9c52e04403cd2c7d43b6fe2479292e53b2f61969d25256d2d2aca7c6a81,532082 2 532685 6 533287 7 533889 9 534491 10 535093 12 535695 13 536297 14 536899 15 537501 16 538103 17 538706 17 539309 17 539912 16 540516 14 541119 14 541723 12 542327 10 542931 8 543535 5
f29fd9c52e04403cd2c7d43b6fe2479292e53b2f61969d25256d2d2aca7c6a81,280557 6 281147 23 281748 26 282350 28 282952 30 283555 30 284157 31 284760 30 285364 29 285968 28 286572 26 287176 24 287782 19
f29fd9c52e04403cd2c7d43b6fe2479292e53b2f61969d25256d2d2aca7c6a81,456906 7 457508 9 458111 10 458714 11 459318 11 459921 12 460525 12 461128 13 461732 13 462336 12 462940 12 463544 11 464148 9 464753 6 465357 4
f29fd9c52e04403cd2c7d43b6fe2479292e53b2f61969d25256d2d2aca7c6a81,397864 15 398463 20 399065 22 399668 23 400270 25 400873 25 401476 25 402079 25 402682 25 403285 25 403888 25 404492 24 405096 22 405702 18 406312 10
f29fd9c52e04403cd2c7d43b6fe2479292e53b2f61969d25256d2d2aca7c6a81,458434 2 459035 5 459636 8 460238 10 460840 11 461443 11 462047 10 462652 7 463256 6 463860 4
f29fd9c52e04403cd2c7d43b6fe2479292e53b2f61969d25256d2d2aca7c6a81,377965 11 378567 15 379169 17 379772 18 380374 20 380977 21 381580 22 382184 22 382788 21 383393 19 383998 16 384603 13 385207 11 385811 8
f29fd9c52e04403cd2c7d43b6fe2479292e53b2f61969d25256d2d2aca7c6a81,521830 8 522432 10 523034 12 523636 14 524239 15 524842 15 525445 15 526048 15 526651 15 527255 14 527859 13 528463 12 529066 12 529669 11 530272 11 530876 9 531479 8 532084 5
f29fd9c52e04403cd2c7d43b6fe2479292e53b2f61969d25256d2d2aca7c6a81,346614 4 347216 7 347819 7 348422 7 349025 7 349628 7 350231 7 350835 5
f29fd9c52e04403cd2c7d43b6fe2479292e53b2f61969d25256d2d2aca7c6a81,383412 2 384014 4 384616 6 385218 8 385819 11 386414 19 387017 20 387621 20 388225 19 388829 18 389433 17 390037 16 390642 14 391246 13 391850 12 392455 9
f29fd9c52e04403cd2c7d43b6fe2479292e53b2f61969d25256d2d2aca7c6a81,372812 14 373414 17 374012 23 374611 27 375213 29 375816 29 376419 29 377022 29 377626 28 378233 24 378840 20 379446 16 380052 12 380656 10
f29fd9c52e04403cd2c7d43b6fe2479292e53b2f61969d25256d2d2aca7c6a81,529136 6 529738 8 530340 10 530943 10 531545 12 532148 12 532750 13 533353 13 533956 13 534559 12 535162 12 535765 11 536369 10 536973 8 537577 7 538181 6 538785 4
f29fd9c52e04403cd2c7d43b6fe2479292e53b2f61969d25256d2d2aca7c6a81,56951 2 57552 6 58154 8 58757 9 59360 9 59963 9 60566 10 61169 10 61772 10 62375 10 62979 9 63583 9 64186 9 64789 10 65393 10 65996 10 66599 11 67203 11 67807 10 68410 11 69014 10 69618 9 70222 8 70826 7 71430 5 72034 3
f29fd9c52e04403cd2c7d43b6fe2479292e53b2f61969d25256d2d2aca7c6a81,535205 9 535807 11 536409 14 537012 15 537614 16 538217 17 538820 17 539424 17 540027 18 540630 18 541233 18 541836 18 542440 17 543044 16 543648 14 544252 13 544856 11 545460 10 546065 7
f29fd9c52e04403cd2c7d43b6fe2479292e53b2f61969d25256d2d2aca7c6a81,516522 3 517124 5 517726 6 518329 7 518931 9 519534 9 520136 11 520739 12 521342 12 521945 12 522548 13 523151 13 523754 13 524358 13 524961 13 525564 13 526168 12 526772 10 527376 8 527980 6 528584 2
f29fd9c52e04403cd2c7d43b6fe2479292e53b2f61969d25256d2d2aca7c6a81,538776 4 539378 9 539980 11 540583 11 541186 10 541788 11 542391 11 542994 11 543597 11 544199 11 544802 11 545404 12 546007 12 546610 12 547213 12 547816 12 548420 11 549024 9 549628 8 550232 6
f29fd9c52e04403cd2c7d43b6fe2479292e53b2f61969d25256d2d2aca7c6a81,31776 3 32378 5 32980 7 33582 8 34184 9 34786 9 35388 10 35991 9 36593 10 37196 9 37798 10 38401 9 39003 10 39605 10 40207 11 40810 10 41413 9 42015 9 42618 9 43220 9 43822 10 44425 10 45028 10 45631 9 46234 9 46837 9 47441 7 48045 5 48650 2
f29fd9c52e04403cd2c7d43b6fe2479292e53b2f61969d25256d2d2aca7c6a81,562883 9 563485 12 564088 13 564691 14 565294 14 565898 14 566502 14 567106 13 567709 13 568313 11 568918 9 569523 6 570128 3
f29fd9c52e04403cd2c7d43b6fe2479292e53b2f61969d25256d2d2aca7c6a81,434008 10 434610 13 435213 15 435815 18 436418 19 437021 20 437624 19 438228 18 438832 17 439436 17 440039 17 440643 16 441247 4 441254 8 441851 2 441861 4
f29fd9c52e04403cd2c7d43b6fe2479292e53b2f61969d25256d2d2aca7c6a81,42655 7 43257 10 43859 12 44461 13 45063 14 45666 14 46268 14 46871 14 47473 14 48076 14 48678 14 49281 13 49883 13 50485 14 51088 13 51690 13 52293 12 52896 12 53499 11 54101 11 54704 10 55307 9 55910 8 56514 5
f29fd9c52e04403cd2c7d43b6fe2479292e53b2f61969d25256d2d2aca7c6a81,441251 3 441853 6 442454 9 443056 12 443658 14 444260 17 444863 18 445466 20 446069 24 446672 25 447275 25 447878 25 448482 24 449086 23 449692 19 450299 15 450903 13 451510 6
f29fd9c52e04403cd2c7d43b6fe2479292e53b2f61969d25256d2d2aca7c6a81,228464 14 229065 17 229666 20 230267 22 230867 25 231469 26 232071 27 232674 27 233276 28 233879 27 234482 27 235085 24 235689 22 236293 13 236898 6
f29fd9c52e04403cd2c7d43b6fe2479292e53b2f61969d25256d2d2aca7c6a81,512945 4 513547 7 514150 9 514753 12 515356 13 515959 13 516562 13 517166 12 517770 11 518375 8 518980 5
f29fd9c52e04403cd2c7d43b6fe2479292e53b2f61969d25256d2d2aca7c6a81,348089 9 348685 20 349284 25 349885 29 350487 31 351086 35 351688 35 352290 35 352893 34 353495 33 354098 32 354702 29 355306 24 355911 6
f29fd9c52e04403cd2c7d43b6fe2479292e53b2f61969d25256d2d2aca7c6a81,445457 6 446057 10 446659 11 447261 11 447863 12 448466 12 449069 12 449673 11 450276 11 450879 11 451483 10 452088 7 452692 5
f29fd9c52e04403cd2c7d43b6fe2479292e53b2f61969d25256d2d2aca7c6a81,559834 4 560436 7 561039 8 561641 9 562244 9 562847 8 563450 8 564053 7 564657 6 565261 4
f29fd9c52e04403cd2c7d43b6fe2479292e53b2f61969d25256d2d2aca7c6a81,543623 5 544225 7 544827 9 545430 10 546032 12 546635 12 547238 12 547841 12 548444 12 549048 11 549651 11 550254 10 550857 10 551460 10 552063 10 552666 10 553269 10 553872 10 554475 10 555079 8 555683 6
f29fd9c52e04403cd2c7d43b6fe2479292e53b2f61969d25256d2d2aca7c6a81,485606 2 486208 3 486809 5 487410 7 488011 8 488612 9 489214 10 489816 10 490418 10 491021 9 491623 9 492226 8 492828 8 493430 8 494032 8 494634 8 495237 7 495841 4
f29fd9c52e04403cd2c7d43b6fe2479292e53b2f61969d25256d2d2aca7c6a81,49119 5 49721 7 50324 8 50926 9 51529 9 52132 10 52735 10 53338 11 53942 11 54546 10 55150 10 55754 10 56358 10 56962 10 57565 10 58168 11 58772 10 59375 10 59979 10 60582 10 61186 10 61789 10 62392 10 62996 9 63599 9 64203 8 64807 7 65411 5 66015 3
f29fd9c52e04403cd2c7d43b6fe2479292e53b2f61969d25256d2d2aca7c6a81,529764 2 530366 5 530968 7 531571 8 532174 9 532777 10 533379 12 533982 13 534585 13 535188 13 535792 12 536395 12 536998 12 537601 12 538204 12 538808 10 539411 10 540014 10 540618 9 541222 7 541825 7 542429 3
f29fd9c52e04403cd2c7d43b6fe2479292e53b2f61969d25256d2d2aca7c6a81,506750 4 507351 7 507952 9 508552 12 509154 13 509756 13 510359 12 510962 11 511565 10 512169 8 512773 6
f29fd9c52e04403cd2c7d43b6fe2479292e53b2f61969d25256d2d2aca7c6a81,512789 6 513391 8 513993 10 514595 12 515198 12 515800 13 516403 13 517007 12 517612 10 518216 9 518820 8 519424 6 520028 4
f29fd9c52e04403cd2c7d43b6fe2479292e53b2f61969d25256d2d2aca7c6a81,281515 8 282117 10 282719 11 283321 13 283923 15 284526 16 285130 18 285734 23 286338 26 286942 29 287546 29 288151 28 288755 28 289359 27 289963 26 290567 25 291171 24 291775 23 292380 20 292985 17 293590 14 294195 10 294800 6
f29fd9c52e04403cd2c7d43b6fe2479292e53b2f61969d25256d2d2aca7c6a81,488239 7 488840 10 489442 13 490045 14 490647 16 491250 17 491853 17 492456 17 493060 16 493664 15 494268 14 494872 12 495475 11 496079 9 496683 8 497287 7 497892 5 498496 3
f29fd9c52e04403cd2c7d43b6fe2479292e53b2f61969d25256d2d2aca7c6a81,288991 7 289588 22 290189 27 290790 30 291392 32 291994 33 292596 34 293199 34 293802 33 294405 31 295008 30 295612 23 296216 10 296820 8
f29fd9c52e04403cd2c7d43b6fe2479292e53b2f61969d25256d2d2aca7c6a81,549590 1 550192 3 550794 5 551397 8 551999 9 552602 9 553204 10 553806 10 554409 10 555011 11 555614 10 556217 10 556820 10 557423 9 558027 7
f29fd9c52e04403cd2c7d43b6fe2479292e53b2f61969d25256d2d2aca7c6a81,297434 7 298031 18 298632 22 299233 25 299835 27 300436 30 301038 31 301640 32 302243 32 302846 32 303450 30 304054 29 304661 24 305275 12
f29fd9c52e04403cd2c7d43b6fe2479292e53b2f61969d25256d2d2aca7c6a81,178058 8 178660 12 179262 14 179865 17 180469 18 181073 19 181676 20 182281 20 182884 22 183488 22 184093 21 184697 21 185302 20 185906 20 186511 19 187115 18 187720 16 188325 13 188930 10
f29fd9c52e04403cd2c7d43b6fe2479292e53b2f61969d25256d2d2aca7c6a81,367707 6 368309 9 368912 12 369514 14 370117 16 370721 16 371325 16 371929 17 372533 17 373137 17 373743 14 374349 12 374955 9 375560 7 376165 4
f29fd9c52e04403cd2c7d43b6fe2479292e53b2f61969d25256d2d2aca7c6a81,497698 6 498298 10 498900 12 499502 13 500105 13 500708 13 501311 13 501915 12 502519 11 503122 11 503725 10 504327 8 504930 5 505533 4 506137 2
f29fd9c52e04403cd2c7d43b6fe2479292e53b2f61969d25256d2d2aca7c6a81,160582 7 161184 11 161786 13 162388 17 162991 18 163594 20 164198 21 164801 22 165405 22 166009 22 166614 20 167218 19 167823 17 168427 15 169033 12 169638 9 170244 2
f29fd9c52e04403cd2c7d43b6fe2479292e53b2f61969d25256d2d2aca7c6a81,550285 4 550887 10 551490 11 552093 11 552696 11 553299 10 553903 7 554507 5
f29fd9c52e04403cd2c7d43b6fe2479292e53b2f61969d25256d2d2aca7c6a81,502725 4 503327 7 503929 9 504532 10 505135 10 505738 10 506342 8 506946 6
f29fd9c52e04403cd2c7d43b6fe2479292e53b2f61969d25256d2d2aca7c6a81,89473 3 90074 7 90676 11 91279 12 91882 13 92485 14 93088 15 93692 15 94295 16 94899 16 95503 16 96106 17 96710 16 97314 16 97918 15 98521 15 99125 14 99729 14 100333 13 100937 12 101542 10 102146 9 102752 5 103356 3
f29fd9c52e04403cd2c7d43b6fe2479292e53b2f61969d25256d2d2aca7c6a81,166944 3 167545 9 168145 14 168747 21 169349 26 169952 29 170554 31 171157 32 171759 34 172362 34 172965 34 173568 34 174172 32 174776 30 175380 28 175984 26 176589 23 177193 21 177805 4
f29fd9c52e04403cd2c7d43b6fe2479292e53b2f61969d25256d2d2aca7c6a81,48092 7 48694 9 49297 10 49899 12 50502 12 51104 13 51706 14 52309 14 52911 15 53514 15 54116 15 54718 16 55321 16 55923 16 56526 15 57128 15 57731 14 58334 13 58937 13 59540 12 60143 12 60747 10 61352 6
f29fd9c52e04403cd2c7d43b6fe2479292e53b2f61969d25256d2d2aca7c6a81,533370 2 533972 5 534573 8 535175 10 535778 10 536381 10 536983 12 537585 13 538187 14 538789 15 539392 15 539995 15 540598 15 541201 14 541804 14 542408 12 543016 6
f29fd9c52e04403cd2c7d43b6fe2479292e53b2f61969d25256d2d2aca7c6a81,475975 13 476576 15 477176 13 477779 9
f29fd9c52e04403cd2c7d43b6fe2479292e53b2f61969d25256d2d2aca7c6a81,527893 6 528495 8 529097 10 529699 12 530302 12 530905 12 531508 12 532111 12 532714 12 533317 12 533920 12 534524 10 535127 9 535731 7
f29fd9c52e04403cd2c7d43b6fe2479292e53b2f61969d25256d2d2aca7c6a81,452097 4 452699 6 453301 8 453904 9 454507 10 455110 11 455713 12 456316 13 456919 14 457522 15 458126 14 458729 15 459333 14 459937 13 460543 9 461150 4
f29fd9c52e04403cd2c7d43b6fe2479292e53b2f61969d25256d2d2aca7c6a81,31152 5 31754 7 32357 8 32959 10 33562 10 34165 11 34767 12 35370 12 35973 12 36576 12 37178 13 37781 13 38383 14 38986 14 39589 13 40192 12 40796 9 41400 7
f29fd9c52e04403cd2c7d43b6fe2479292e53b2f61969d25256d2d2aca7c6a81,524896 2 525497 5 526099 6 526700 9 527302 10 527904 11 528507 11 529110 11 529713 10 530316 9 530920 7
f29fd9c52e04403cd2c7d43b6fe2479292e53b2f61969d25256d2d2aca7c6a81,256189 2 256206 9 256791 29 257394 31 257997 32 258600 33 259203 34 259806 34 260410 33 261014 31 261622 26 262234 17 262838 16 263443 13 264049 5
f29fd9c52e04403cd2c7d43b6fe2479292e53b2f61969d25256d2d2aca7c6a81,282944 4 283546 6 284149 7 284751 8 285354 8 285957 8 286560 8 287163 8 287768 6 288372 4
f29fd9c52e04403cd2c7d43b6fe2479292e53b2f61969d25256d2d2aca7c6a81,131654 2 132256 8 132859 11 133463 12 134066 14 134669 15 135272 17 135876 17 136480 18 137083 19 137687 19 138292 17 138897 15 139501 14 140108 10 140713 7
f29fd9c52e04403cd2c7d43b6fe2479292e53b2f61969d25256d2d2aca7c6a81,410503 3 411104 6 411706 8 412309 10 412912 14 413515 15 414117 16 414720 16 415323 16 415926 16 416529 15 417133 14 417737 13 418341 12 418948 7
f29fd9c52e04403cd2c7d43b6fe2479292e53b2f61969d25256d2d2aca7c6a81,112068 9 112668 13 113270 16 113872 18 114474 19 115076 20 115676 23 116278 24 116880 25 117482 25 118084 26 118687 26 119290 25 119893 25 120497 24 121100 23 121703 22 122306 21 122910 17 123514 13 124118 11 124724 4
f29fd9c52e04403cd2c7d43b6fe2479292e53b2f61969d25256d2d2aca7c6a81,542432 3 543034 6 543637 7 544239 9 544841 11 545444 11 546047 12 546650 13 547252 15 547855 15 548458 15 549061 15 549664 14 550268 13 550871 12 551475 10 552079 7
f29fd9c52e04403cd2c7d43b6fe2479292e53b2f61969d25256d2d2aca7c6a81,153078 3 153085 5 153678 7 153687 7 154279 18 154881 19 155483 20 156085 21 156687 21 157289 20 157891 20 158493 21 159096 21 159698 21 160301 20 160904 18 161507 17 162111 16 162715 14 163319 4 163327 3
f29fd9c52e04403cd2c7d43b6fe2479292e53b2f61969d25256d2d2aca7c6a81,437949 3 437962 8 438551 24 439152 27 439754 29 440340 47 440942 48 441544 49 442146 50 442749 50 443352 50 443955 49 444558 44 444604 2 445161 38 445765 36 446369 33 446973 31 447577 28 448189 17 448795 12 449401 8
f29fd9c52e04403cd2c7d43b6fe2479292e53b2f61969d25256d2d2aca7c6a81,509311 3 509913 7 510516 8 511119 9 511721 11 512324 12 512927 12 513529 14 514131 15 514734 15 515336 17 515939 17 516542 18 517146 17 517750 16 518353 17 518956 17 519560 16 520163 16 520767 15 521371 13 521975 12 522579 10 523183 8 523788 5
f29fd9c52e04403cd2c7d43b6fe2479292e53b2f61969d25256d2d2aca7c6a81,315513 12 316112 19 316708 33 317310 36 317913 37 318516 37 319119 38 319722 38 320325 38 320929 37 321534 35 322143 29 322747 28 323357 20
f29fd9c52e04403cd2c7d43b6fe2479292e53b2f61969d25256d2d2aca7c6a81,490450 4 491049 9 491650 12 492251 15 492852 18 493453 20 494055 22 494657 23 495258 25 495860 26 496461 28 497063 28 497666 28 498269 27 498872 25 499475 23 500079 19 500683 7
f29fd9c52e04403cd2c7d43b6fe2479292e53b2f61969d25256d2d2aca7c6a81,73450 4 74049 12 74651 14 75253 16 75854 19 76456 20 77059 21 77662 21 78265 21 78867 21 79469 22 80071 23 80674 22 81277 22 81879 22 82482 21 83084 21 83687 18 84290 17 84893 14 85497 12 86102 9 86706 7 87310 4
f29fd9c52e04403cd2c7d43b6fe2479292e53b2f61969d25256d2d2aca7c6a81,329740 5 330342 10 330945 12 331547 14 332150 18 332753 19 333356 20 333959 21 334562 22 335166 21 335769 7 335778 4 336373 5
f29fd9c52e04403cd2c7d43b6fe2479292e53b2f61969d25256d2d2aca7c6a81,351448 5 352050 7 352652 10 353254 13 353856 16 354458 19 355060 21 355662 23 356264 25 356867 27 357470 28 358073 29 358677 31 359281 33 359885 33 360491 30 361098 26 361705 22 362315 15 362920 12 363525 10 364129 8 364733 6 365337 4
f29fd9c52e04403cd2c7d43b6fe2479292e53b2f61969d25256d2d2aca7c6a81,262826 10 263427 16 264029 20 264632 25 265235 26 265837 29 266440 32 267043 33 267646 34 268250 34 268854 33 269458 32 270071 22 270685 10 271289 8 271896 3
f29fd9c52e04403cd2c7d43b6fe2479292e53b2f61969d25256d2d2aca7c6a81,465718 3 466320 4 466923 4 467525 6 468128 6 468731 6 469334 7 469936 8 470539 8 471142 9 471744 9 472347 7 472949 7 473552 4 474155 4
f29fd9c52e04403cd2c7d43b6fe2479292e53b2f61969d25256d2d2aca7c6a81,29890 3 30492 6 31094 8 31696 10 32298 11 32900 12 33503 13 34106 13 34709 14 35313 13 35916 13 36519 14 37122 15 37724 17 38327 17 38930 17 39533 16 40136 16 40739 16 41342 16 41945 16 42549 15 43152 15 43756 15 44359 14 44963 12 45567 10 46171 6
f29fd9c52e04403cd2c7d43b6fe2479292e53b2f61969d25256d2d2aca7c6a81,213983 19 214585 23 215187 25 215789 27 216392 28 216994 29 217597 29 218200 28 218804 26 219407 21 220011 17 220615 14 221219 11 221824 6
f29fd9c52e04403cd2c7d43b6fe2479292e53b2f61969d25256d2d2aca7c6a81,248349 9 248951 11 249553 24 250156 27 250760 27 251363 27 251967 26 252571 24 253175 21 253780 16 254385 11
f29fd9c52e04403cd2c7d43b6fe2479292e53b2f61969d25256d2d2aca7c6a81,421355 5 421957 8 422559 11 423161 13 423764 14 424367 15 424970 16 425573 17 426176 19 426779 28 427382 29 427985 31 428588 32 429191 33 429794 34 430398 34 431002 33 431606 32 432211 30 432815 29 433421 25 434026 23 434633 19 435240 15 435848 9
f29fd9c52e04403cd2c7d43b6fe2479292e53b2f61969d25256d2d2aca7c6a81,360732 3 361334 5 361937 6 362540 7 363143 7 363746 7 364349 7 364953 5
f29fd9c52e04403cd2c7d43b6fe2479292e53b2f61969d25256d2d2aca7c6a81,483450 2 484052 4 484654 5 485255 7 485858 7 486461 7 487064 6 487670 2
f29fd9c52e04403cd2c7d43b6fe2479292e53b2f61969d25256d2d2aca7c6a81,103019 5 103618 11 104220 13 104822 15 105424 16 106026 16 106628 17 107230 17 107832 17 108434 17 109036 17 109639 16 110241 13 110843 13 111446 12 112050 9 112654 7 113258 5 113862 3
f29fd9c52e04403cd2c7d43b6fe2479292e53b2f61969d25256d2d2aca7c6a81,140092 5 140694 8 141297 10 141899 14 142502 15 143105 17 143708 18 144310 20 144913 20 145517 20 146121 19 146725 19 147329 19 147933 19 148537 18 149141 17 149746 14 150351 10 150957 5 151562 2
f29fd9c52e04403cd2c7d43b6fe2479292e53b2f61969d25256d2d2aca7c6a81,177812 6 178414 10 179006 22 179606 26 180208 28 180811 28 181414 28 182016 29 182619 28 183222 27 183825 26 184428 25 185032 22 185636 16 186242 7
f29fd9c52e04403cd2c7d43b6fe2479292e53b2f61969d25256d2d2aca7c6a81,404183 9 404784 12 405367 5 405386 13 405969 9 405986 16 406570 35 407172 36 407774 37 408376 38 408978 39 409581 38 410184 36 410787 35 411391 9 411412 12 412021 4
f29fd9c52e04403cd2c7d43b6fe2479292e53b2f61969d25256d2d2aca7c6a81,294782 11 295380 18 295982 22 296584 24 297186 26 297788 28 298391 29 298994 29 299598 28 300202 28 300806 27 301410 26 302014 24 302619 20
f29fd9c52e04403cd2c7d43b6fe2479292e53b2f61969d25256d2d2aca7c6a81,515788 4 516390 7 516992 9 517595 11 518197 13 518800 14 519403 14 520005 15 520607 16 521209 16 521812 15 522415 14 523018 13 523621 12 524224 11 524828 9 525432 8 526036 6 526640 4
f29fd9c52e04403cd2c7d43b6fe2479292e53b2f61969d25256d2d2aca7c6a81,520185 3 520785 7 521386 10 521988 12 522591 12 523195 11 523798 10 524401 10 525004 9 525607 9 526211 7 526815 5
f29fd9c52e04403cd2c7d43b6fe2479292e53b2f61969d25256d2d2aca7c6a81,520111 5 520713 7 521315 9 521918 10 522521 10 523124 11 523727 11 524330 11 524934 10 525537 10 526140 10 526743 10 527346 9 527950 6 528554 2
f29fd9c52e04403cd2c7d43b6fe2479292e53b2f61969d25256d2d2aca7c6a81,109358 3 109957 11 110559 13 111161 16 111764 18 112367 19 112970 21 113573 22 114176 23 114779 24 115382 25 115985 25 116589 24 117193 23 117797 23 118402 21 119006 20 119611 18 120216 16 120820 15 121425 12 122029 9
f29fd9c52e04403cd2c7d43b6fe2479292e53b2f61969d25256d2d2aca7c6a81,539345 4 539946 8 540548 11 541151 12 541753 15 542356 16 542959 16 543561 17 544164 17 544767 17 545370 17 545973 17 546576 17 547179 17 547782 17 548385 16 548988 15 549591 14 550195 12 550799 10
f29fd9c52e04403cd2c7d43b6fe2479292e53b2f61969d25256d2d2aca7c6a81,386057 6 386659 8 387261 10 387288 7 387864 11 387888 12 388467 12 388490 14 389070 15 389088 19 389673 38 390276 38 390880 37 391484 35 392088 5 392100 22 392704 20 393308 19 393915 14 394520 11 395124 9 395728 7 396333 4
f29fd9c52e04403cd2c7d43b6fe2479292e53b2f61969d25256d2d2aca7c6a81,548952 6 549554 8 550157 9 550759 11 551362 11 551965 10 552568 10 553172 9 553776 8 554380 6 554984 4
f29fd9c52e04403cd2c7d43b6fe2479292e53b2f61969d25256d2d2aca7c6a81,493686 6 494288 8 494891 9 495494 9 496096 9 496698 10 497301 9 497905 7
f29fd9c52e04403cd2c7d43b6fe2479292e53b2f61969d25256d2d2aca7c6a81,387003 12 387605 15 388208 16 388811 17 389414 18 390017 19 390621 18 391224 19 391828 18 392431 18 393035 17 393639 17 394244 15 394848 14 395452 13 396056 11 396660 9
f29fd9c52e04403cd2c7d43b6fe2479292e53b2f61969d25256d2d2aca7c6a81,478374 3 478975 6 479577 7 480179 8 480781 9 481383 10 481984 12 482586 12 483187 13 483787 15 484378 25 484980 25 485583 23 486185 23 486788 21 487391 19 487994 17 488597 13 489201 10 489806 7
f29fd9c52e04403cd2c7d43b6fe2479292e53b2f61969d25256d2d2aca7c6a81,403877 4 404479 13 405081 15 405683 19 406286 20 406888 22 407491 24 408095 27 408698 30 409302 32 409910 29 410517 26 411122 24 411727 23 412332 21 412938 18 413542 17 414148 14 414753 11 415358 9 415963 6 416567 4
f29fd9c52e04403cd2c7d43b6fe2479292e53b2f61969d25256d2d2aca7c6a81,331795 15 332396 22 332993 30 333593 35 334194 38 334796 40 335398 41 336001 41 336603 42 337206 42 337809 42 338412 42 339015 42 339618 10 339644 16 340222 7 340251 11 340826 4 340856 8
f29fd9c52e04403cd2c7d43b6fe2479292e53b2f61969d25256d2d2aca7c6a81,335776 2 335782 9 336378 17 336980 20 337583 23 338186 25 338789 26 339392 27 339996 26 340600 25 341204 24 341810 21 342415 19 343021 16 343626 13 344232 9 344839 2
f29fd9c52e04403cd2c7d43b6fe2479292e53b2f61969d25256d2d2aca7c6a81,497884 5 498486 7 499088 10 499690 12 500293 12 500895 13 501497 14 502100 14 502703 14 503306 15 503910 14 504513 14 505116 15 505720 14 506323 14 506927 13 507531 12 508137 9 508743 5 509347 2
f29fd9c52e04403cd2c7d43b6fe2479292e53b2f61969d25256d2d2aca7c6a81,463555 11 464157 16 464759 18 465361 20 465964 20 466567 21 467171 20 467774 20 468378 19 468982 18 469587 15 470191 13 470795 11 471400 9 472005 6
f29fd9c52e04403cd2c7d43b6fe2479292e53b2f61969d25256d2d2aca7c6a81,526198 3 526794 12 527396 14 527999 15 528602 16 529205 16 529808 17 530411 17 531014 17 531618 16 532222 15 532825 15 533429 13 534033 12 534637 11 535241 9 535845 7 536449 5
f29fd9c52e04403cd2c7d43b6fe2479292e53b2f61969d25256d2d2aca7c6a81,541739 4 542341 6 542943 11 543545 12 544146 14 544747 16 545349 17 545951 17 546554 17 547156 18 547759 17 548362 17 548965 17 549568 16 550172 11 550777 3
f29fd9c52e04403cd2c7d43b6fe2479292e53b2f61969d25256d2d2aca7c6a81,373764 6 374365 12 374967 16 375569 18 376171 20 376774 21 377378 21 377982 20 378586 20 379190 19 379794 17 380398 16 381003 13 381607 12 382211 10 382816 6
f29fd9c52e04403cd2c7d43b6fe2479292e53b2f61969d25256d2d2aca7c6a81,503281 3 503883 8 504486 9 505088 11 505691 12 506294 13 506897 13 507500 13 508103 12 508707 10 509314 5
f29fd9c52e04403cd2c7d43b6fe2479292e53b2f61969d25256d2d2aca7c6a81,414738 6 415340 8 415942 10 416544 13 417147 15 417750 16 418353 17 418955 21 419558 22 420161 24 420765 27 421369 27 421973 27 422577 26 423181 25 423785 23 424393 18 425000 13 425605 10 426212 4
f29fd9c52e04403cd2c7d43b6fe2479292e53b2f61969d25256d2d2aca7c6a81,473174 6 473776 9 474378 11 474981 12 475584 12 476187 13 476790 13 477394 12 477997 13 478601 12 479204 13 479807 14 480410 15 481013 16 481617 16 482220 17 482823 17 483427 17 484031 17 484634 18 485238 17 485841 17 486444 17 487048 16 487651 16 488255 15 488859 14 489463 12 490067 10
f29fd9c52e04403cd2c7d43b6fe2479292e53b2f61969d25256d2d2aca7c6a81,524951 2 525553 4 526155 7 526758 8 527361 9 527964 10 528567 11 529170 12 529773 13 530376 14 530980 13 531583 13 532187 12 532791 11 533395 10 533999 9 534602 8
f29fd9c52e04403cd2c7d43b6fe2479292e53b2f61969d25256d2d2aca7c6a81,340237 14 340836 20 341438 25 342039 28 342640 31 343242 33 343843 35 344445 36 345048 36 345651 35 346254 34 346857 28 347460 23 348063 12 348667 7
f29fd9c52e04403cd2c7d43b6fe2479292e53b2f61969d25256d2d2aca7c6a81,54739 3 55340 7 55942 9 56544 11 57146 13 57748 14 58350 14 58952 15 59555 14 60158 13 60760 13 61363 9 61965 9 62568 9 63170 9 63773 9 64375 10 64978 9 65581 8 66184 8 66786 8 67389 8 67992 7 68596 5
f29fd9c52e04403cd2c7d43b6fe2479292e53b2f61969d25256d2d2aca7c6a81,537045 3 537647 5 538249 7 538852 8 539456 8 540059 9 540663 8 541267 7 541871 5
f29fd9c52e04403cd2c7d43b6fe2479292e53b2f61969d25256d2d2aca7c6a81,555030 5 555632 6 556233 8 556835 9 557437 11 558039 13 558642 13 559245 12 559848 12 560451 12 561054 12 561657 11 562261 10 562865 8
f29fd9c52e04403cd2c7d43b6fe2479292e53b2f61969d25256d2d2aca7c6a81,527846 5 528448 9 529050 11 529652 12 530254 13 530857 13 531459 13 532062 13 532664 14 533267 13 533870 13 534473 12 535075 13 535678 13 536281 12 536885 11 537488 10 538092 8 538696 6 539301 3
f29fd9c52e04403cd2c7d43b6fe2479292e53b2f61969d25256d2d2aca7c6a81,322512 9 323113 12 323715 15 324318 17 324921 19 325524 21 326127 23 326731 27 327335 29 327938 30 328542 29 329149 25 329754 22 330359 20 330964 17 331569 14 332173 11 332777 8 333381 5
f29fd9c52e04403cd2c7d43b6fe2479292e53b2f61969d25256d2d2aca7c6a81,195908 8 196508 12 197097 27 197699 29 198301 31 198904 31 199506 32 200109 32 200713 30 201317 28 201921 26 202527 21 203139 9
f29fd9c52e04403cd2c7d43b6fe2479292e53b2f61969d25256d2d2aca7c6a81,169019 7 169620 10 170221 15 170824 16 171427 18 172030 19 172633 21 173237 22 173842 21 174446 22 175052 21 175656 20 176260 21 176865 19 177470 17 178074 16 178679 13 179286 9
f29fd9c52e04403cd2c7d43b6fe2479292e53b2f61969d25256d2d2aca7c6a81,559301 2 559903 4 560505 7 561107 9 561710 9 562313 10 562916 10 563519 10 564123 9 564726 9 565329 9 565933 7
f29fd9c52e04403cd2c7d43b6fe2479292e53b2f61969d25256d2d2aca7c6a81,80435 4 81036 7 81638 9 82240 12 82843 13 83446 14 84050 14 84654 16 85258 16 85862 16 86466 16 87070 16 87674 16 88277 16 88881 16 89485 16 90090 15 90694 14 91298 12 91902 11 92506 10 93111 7 93716 4
f29fd9c52e04403cd2c7d43b6fe2479292e53b2f61969d25256d2d2aca7c6a81,219044 5 219645 11 220247 13 220849 18 220870 11 221452 33 222055 33 222659 33 223263 32 223868 30 224472 29 225078 25 225685 20 226290 17 226896 10
f29fd9c52e04403cd2c7d43b6fe2479292e53b2f61969d25256d2d2aca7c6a81,227482 7 228085 14 228688 17 229291 20 229895 22 230498 24 231102 24 231705 25 232308 26 232912 26 233515 27 234119 26 234723 24 235328 21 235937 13 236544 8
f29fd9c52e04403cd2c7d43b6fe2479292e53b2f61969d25256d2d2aca7c6a81,532241 3 532843 5 533446 6 534049 6 534651 7 535254 7 535856 7 536459 7 537062 6 537665 5 538268 5 538872 3
f29fd9c52e04403cd2c7d43b6fe2479292e53b2f61969d25256d2d2aca7c6a81,41308 3 41910 6 42512 10 43114 12 43717 13 44320 14 44924 14 45527 15 46130 16 46734 15 47337 16 47940 16 48543 16 49147 15 49750 15 50353 15 50956 15 51559 16 52162 16 52766 15 53369 15 53972 15 54575 15 55179 14 55783 13 56387 11 56991 10 57595 8 58199 6 58803 4
f29fd9c52e04403cd2c7d43b6fe2479292e53b2f61969d25256d2d2aca7c6a81,562302 3 562903 6 563505 7 564107 8 564710 8 565313 8 565916 8 566519 8 567123 7 567728 4
f29fd9c52e04403cd2c7d43b6fe2479292e53b2f61969d25256d2d2aca7c6a81,512914 4 513516 6 514118 8 514721 8 515325 8 515928 9 516531 10 517134 11 517737 11 518340 12 518943 12 519546 12 520149 13 520753 12 521357 11 521961 10 522564 10 523167 10 523770 10 524374 9 524978 7 525581 6 526187 2
f29fd9c52e04403cd2c7d43b6fe2479292e53b2f61969d25256d2d2aca7c6a81,99108 8 99710 10 100313 14 100916 15 101519 16 102122 17 102726 18 103330 18 103933 18 104537 18 105141 17 105745 17 106349 16 106953 16 107558 14 108163 13 108768 11 109373 9 109977 8 110582 5
f29fd9c52e04403cd2c7d43b6fe2479292e53b2f61969d25256d2d2aca7c6a81,303827 8 304426 13 305027 16 305629 19 306232 23 306836 23 307440 23 308043 24 308647 24 309250 25 309854 24 310458 22 311064 18
f29fd9c52e04403cd2c7d43b6fe2479292e53b2f61969d25256d2d2aca7c6a81,418623 5 419225 7 419828 8 420431 8 421034 9 421637 9 422240 9 422843 9 423447 8 424051 7 424654 7 425258 5
f29fd9c52e04403cd2c7d43b6fe2479292e53b2f61969d25256d2d2aca7c6a81,424360 2 424962 4 425564 7 426167 8 426770 9 427373 9 427976 9 428580 8 429184 6 429787 5 430391 2
f29fd9c52e04403cd2c7d43b6fe2479292e53b2f61969d25256d2d2aca7c6a81,61379 4 61980 8 62582 10 63184 12 63786 13 64389 14 64991 15 65594 16 66196 17 66799 17 67401 18 68003 19 68606 18 69209 17 69812 16 70415 15 71018 14 71620 14 72223 14 72826 13 73429 9 74032 8 74636 6 75240 5 75845 2
f29fd9c52e04403cd2c7d43b6fe2479292e53b2f61969d25256d2d2aca7c6a81,92762 3 93364 5 93966 7 94565 11 95165 14 95767 16 96368 18 96970 19 97572 20 98174 21 98776 22 99379 22 99981 22 100584 21 101187 20 101789 21 102392 20 102995 20 103598 20 104201 19 104804 18 105407 15 106011 11 106615 8 107219 6
f29fd9c52e04403cd2c7d43b6fe2479292e53b2f61969d25256d2d2aca7c6a81,203744 7 204346 13 204945 20 205539 30 206141 31 206743 32 207345 33 207948 33 208551 33 209154 33 209757 32 210361 30 210965 29 211569 27 212173 25 212779 21
f29fd9c52e04403cd2c7d43b6fe2479292e53b2f61969d25256d2d2aca7c6a81,508125 4 508724 9 509326 11 509929 12 510532 13 511135 13 511739 13 512342 13 512949 9 513554 6 514159 3
f29fd9c52e04403cd2c7d43b6fe2479292e53b2f61969d25256d2d2aca7c6a81,240520 6 241118 13 241719 18 242321 21 242924 25 243526 27 244129 28 244733 28 245336 28 245940 27 246543 26 247147 24 247751 21 248360 11
f29fd9c52e04403cd2c7d43b6fe2479292e53b2f61969d25256d2d2aca7c6a81,529683 5 530285 8 530887 11 531490 12 532093 13 532696 14 533298 16 533901 16 534504 16 535107 16 535710 16 536313 16 536917 15 537520 15 538123 15 538726 14 539329 14 539932 14 540536 12 541139 12 541743 10 542347 7
f29fd9c52e04403cd2c7d43b6fe2479292e53b2f61969d25256d2d2aca7c6a81,510349 5 510948 10 511549 13 512151 15 512753 17 513355 18 513958 18 514560 19 515162 20 515765 20 516367 21 516970 20 517573 19 518176 18 518780 16 519384 12
f29fd9c52e04403cd2c7d43b6fe2479292e53b2f61969d25256d2d2aca7c6a81,518769 6 519371 9 519973 11 520576 11 521179 12 521782 12 522385 12 522988 12 523591 12 524194 11 524798 10 525403 7
f29fd9c52e04403cd2c7d43b6fe2479292e53b2f61969d25256d2d2aca7c6a81,312261 2 312862 5 313464 9 314066 24 314668 27 315271 30 315875 31 316479 31 317083 31 317687 31 318291 31 318896 29 319500 28 320110 21 320715 19 321320 17 321924 16 322529 13 323134 10 323738 8 324342 6 324946 4
f29fd9c52e04403cd2c7d43b6fe2479292e53b2f61969d25256d2d2aca7c6a81,529024 3 529625 6 530227 8 530830 9 531433 9 532036 9 532639 8 533242 8 533845 8 534449 6 535053 3
f29fd9c52e04403cd2c7d43b6fe2479292e53b2f61969d25256d2d2aca7c6a81,370984 3 371586 5 372189 6 372792 6 373395 6 373998 6 374601 6 375205 4
f29fd9c52e04403cd2c7d43b6fe2479292e53b2f61969d25256d2d2aca7c6a81,537482 2 538084 6 538686 8 539288 10 539890 11 540492 12 541095 12 541698 11 542301 10 542905 8 543509 6
f29fd9c52e04403cd2c7d43b6fe2479292e53b2f61969d25256d2d2aca7c6a81,359275 6 359877 8 360479 10 361081 11 361684 11 362287 11 362890 11 363493 11 364097 9 364701 8 365305 6
f29fd9c52e04403cd2c7d43b6fe2479292e53b2f61969d25256d2d2aca7c6a81,244361 4 244963 9 245565 15 246168 16 246771 17 247374 18 247977 19 248580 20 249184 20 249788 22 250392 22 250998 21 251602 22 252207 22 252812 21 253416 21 254020 20 254632 11 255242 3
f29fd9c52e04403cd2c7d43b6fe2479292e53b2f61969d25256d2d2aca7c6a81,337571 7 338173 9 338775 11 339378 12 339981 13 340584 14 341187 15 341790 15 342394 13 342998 11 343602 7 344206 5 344810 3
f29fd9c52e04403cd2c7d43b6fe2479292e53b2f61969d25256d2d2aca7c6a81,355330 4 355920 20 356522 22 357124 24 357726 25 358328 27 358931 28 359534 28 360137 28 360740 28 361344 26 361947 26 362551 24
f29fd9c52e04403cd2c7d43b6fe2479292e53b2f61969d25256d2d2aca7c6a81,273689 14 274291 19 274893 22 275495 24 276098 24 276700 25 277303 26 277906 26 278509 26 279112 25 279715 25 280318 24 280921 24 281525 22 282129 19 282733 15 283337 13
f29fd9c52e04403cd2c7d43b6fe2479292e53b2f61969d25256d2d2aca7c6a81,29327 4 29925 11 30527 13 31129 14 31731 15 32334 15 32937 15 33540 15 34143 15 34746 16 35349 16 35953 14 36556 14 37159 14 37762 14 38365 14 38968 14 39571 13 40174 13 40777 12 41380 11 41984 9 42588 7
f29fd9c52e04403cd2c7d43b6fe2479292e53b2f61969d25256d2d2aca7c6a81,553190 4 553792 6 554394 7 554996 9 555598 10 556200 11 556803 11 557406 11 558010 10 558614 8 559218 6 559822 4
f29fd9c52e04403cd2c7d43b6fe2479292e53b2f61969d25256d2d2aca7c6a81,551435 5 552037 7 552639 9 553241 11 553843 12 554445 14 555048 14 555650 15 556253 15 556856 15 557459 15 558063 13 558666 12 559270 11 559874 9 560479 5
f29fd9c52e04403cd2c7d43b6fe2479292e53b2f61969d25256d2d2aca7c6a81,419262 6 419863 9 420465 12 421067 14 421669 15 422271 16 422871 20 423461 33 424062 35 424664 36 425266 37 425869 36 426472 36 427075 35 427678 34 428281 32 428884 31 429487 28 430091 8
f29fd9c52e04403cd2c7d43b6fe2479292e53b2f61969d25256d2d2aca7c6a81,436440 3 437041 7 437643 9 438246 14 438849 16 439453 16 440056 17 440659 17 441262 18 441865 18 442468 18 443071 18 443675 16 444279 15 444884 12 445491 7
f29fd9c52e04403cd2c7d43b6fe2479292e53b2f61969d25256d2d2aca7c6a81,500098 3 500692 13 501294 14 501894 18 502495 21 503096 23 503698 24 504300 25 504903 25 505505 26 506108 26 506710 27 507313 26 507915 27 508516 28 509118 29 509720 29 510323 26 510926 22 511529 20 512132 17 512735 15 513338 14 513942 12 514545 11 515149 8
f29fd9c52e04403cd2c7d43b6fe2479292e53b2f61969d25256d2d2aca7c6a81,305879 13 306481 15 307076 24 307673 31 308274 34 308876 36 309478 37 310081 37 310684 37 311287 37 311890 37 312494 36 313112 21 313719 17 314325 13 314933 8 315538 5
f29fd9c52e04403cd2c7d43b6fe2479292e53b2f61969d25256d2d2aca7c6a81,482004 9 482606 11 483208 13 483810 14 484412 15 485014 16 485616 17 486218 17 486820 18 487422 18 488025 17 488627 16 489229 16 489832 14 490434 14 491036 13 491639 11 492241 10 492843 9 493445 8 494047 8 494649 8 495251 7 495854 6 496457 4 497060 3 497664 2
f29fd9c52e04403cd2c7d43b6fe2479292e53b2f61969d25256d2d2aca7c6a81,499469 3 500065 11 500667 12 501269 13 501872 13 502475 13 503078 13 503682 11 504286 9 504890 7
f29fd9c52e04403cd2c7d43b6fe2479292e53b2f61969d25256d2d2aca7c6a81,202165 7 202767 13 203369 19 203971 27 204574 28 205177 31 205780 33 206384 34 206988 34 207594 31 208200 28 208805 26 209409 24 210015 20 210622 15 211228 8
f29fd9c52e04403cd2c7d43b6fe2479292e53b2f61969d25256d2d2aca7c6a81,37106 7 37707 10 38309 11 38911 13 39514 14 40116 16 40719 16 41322 17 41925 17 42528 18 43130 19 43733 20 44337 19 44940 20 45543 20 46146 20 46749 20 47353 18 47956 18 48559 18 49162 18 49766 16 50370 14 50973 13 51577 10 52181 8 52785 6
f29fd9c52e04403cd2c7d43b6fe2479292e53b2f61969d25256d2d2aca7c6a81,261242 4 261844 11 262447 20 263050 22 263653 23 264256 25 264859 26 265462 27 266065 28 266668 29 267271 29 267874 30 268476 31 269079 31 269682 30 270286 29 270890 27 271496 22 272103 16 272709 9
f29fd9c52e04403cd2c7d43b6fe2479292e53b2f61969d25256d2d2aca7c6a81,496663 5 497265 7 497867 9 498469 10 499071 11 499674 11 500277 11 500880 11 501483 11 502087 10 502690 10 503294 8 503898 7 504502 6 505107 3
f29fd9c52e04403cd2c7d43b6fe2479292e53b2f61969d25256d2d2aca7c6a81,235322 3 235924 11 236526 13 237129 15 237733 19 238336 20 238940 21 239543 24 240147 26 240751 28 241355 28 241959 28 242563 27 243168 25 243774 22 244378 21 244985 16 245590 13 246196 9
f29fd9c52e04403cd2c7d43b6fe2479292e53b2f61969d25256d2d2aca7c6a81,209403 3 210004 11 210606 16 211208 20 211810 23 212413 24 213016 26 213619 27 214222 28 214826 27 215429 28 216033 27 216636 27 217239 27 217843 26 218448 24 219052 22 219656 20 220260 18
f29fd9c52e04403cd2c7d43b6fe2479292e53b2f61969d25256d2d2aca7c6a81,547833 4 548435 6 549037 9 549639 11 550242 12 550844 13 551447 13 552050 13 552652 14 553255 14 553858 14 554461 14 555064 14 555667 13 556270 13 556873 13 557476 12 558079 12 558683 11 559286 10 559890 8 560495 4
f29fd9c52e04403cd2c7d43b6fe2479292e53b2f61969d25256d2d2aca7c6a81,302644 3 303246 5 303847 8 304449 10 305052 11 305656 10 306261 8 306866 5 307471 2
f29fd9c52e04403cd2c7d43b6fe2479292e53b2f61969d25256d2d2aca7c6a81,270659 11 271261 14 271864 16 272466 18 273069 18 273672 17 274275 16 274878 15 275482 13 276086 12 276690 10 277294 9 277902 3
f29fd9c52e04403cd2c7d43b6fe2479292e53b2f61969d25256d2d2aca7c6a81,521851 4 522453 6 523055 7 523657 9 524260 9 524863 9 525466 9 526069 9 526672 9 527275 9 527879 7 528484 5 529088 3
f29fd9c52e04403cd2c7d43b6fe2479292e53b2f61969d25256d2d2aca7c6a81,122927 6 123529 9 124131 12 124732 15 125334 16 125936 17 126538 18 127140 18 127742 19 128344 19 128947 19 129549 19 130151 19 130754 18 131357 17 131960 15 132564 12 133167 11 133771 8 134376 4
f29fd9c52e04403cd2c7d43b6fe2479292e53b2f61969d25256d2d2aca7c6a81,43101 7 43703 9 44305 12 44907 14 45510 16 46113 17 46717 17 47320 17 47923 17 48526 17 49130 17 49734 16 50338 15 50941 15 51544 15 52148 14 52752 14 53356 13 53959 13 54563 12 55166 12 55770 11 56373 11 56977 9 57581 8 58185 6
f29fd9c52e04403cd2c7d43b6fe2479292e53b2f61969d25256d2d2aca7c6a81,81901 8 82503 10 83105 12 83707 14 84309 15 84911 16 85512 19 86113 21 86715 21 87317 21 87919 21 88521 22 89123 22 89726 21 90329 20 90931 20 91534 20 92137 19 92741 17 93344 16 93947 14 94550 13 95153 12 95757 10 96361 7
f29fd9c52e04403cd2c7d43b6fe2479292e53b2f61969d25256d2d2aca7c6a81,187097 5 187700 8 188303 11 188906 13 189509 14 190112 16 190716 16 191319 17 191924 17 192529 16 193133 17 193737 18 194343 16 194948 15 195553 12 196159 8
f29fd9c52e04403cd2c7d43b6fe2479292e53b2f61969d25256d2d2aca7c6a81,541860 2 542462 4 543065 5 543668 6 544271 6 544874 7 545476 9 546079 9 546681 10 547284 10 547886 11 548489 10 549092 8 549695 5 550299 3
f29fd9c52e04403cd2c7d43b6fe2479292e53b2f61969d25256d2d2aca7c6a81,457862 5 458463 10 459064 13 459664 17 460264 20 460865 22 461463 27 462064 29 462666 30 463269 29 463871 29 464474 27 465077 26 465679 25 466282 23 466885 21 467488 20 468092 18 468696 15 469300 13 469904 11 470509 7 471114 3
f29fd9c52e04403cd2c7d43b6fe2479292e53b2f61969d25256d2d2aca7c6a81,193726 3 194328 8 194930 12 195533 14 196136 17 196739 21 197342 25 197946 27 198549 29 199153 29 199757 29 200361 28 200965 27 201571 23 202175 21 202780 18 203388 12
f29fd9c52e04403cd2c7d43b6fe2479292e53b2f61969d25256d2d2aca7c6a81,31718 6 32320 8 32922 10 33523 12 34125 14 34728 14 35330 15 35933 15 36536 15 37139 15 37741 16 38344 16 38947 16 39549 17 40152 17 40755 17 41358 17 41961 17 42564 17 43167 16 43771 13 44375 4
f29fd9c52e04403cd2c7d43b6fe2479292e53b2f61969d25256d2d2aca7c6a81,254010 2 254612 16 255215 17 255818 18 256421 20 257025 23 257628 25 258232 26 258836 26 259441 24 260045 23 260651 20 261255 19 261859 17 262467 11 263077 2
f29fd9c52e04403cd2c7d43b6fe2479292e53b2f61969d25256d2d2aca7c6a81,468079 5 468681 8 469284 9 469886 11 470489 13 471092 14 471696 13 472300 12 472904 11 473508 9
f29fd9c52e04403cd2c7d43b6fe2479292e53b2f61969d25256d2d2aca7c6a81,72003 2 72605 4 73206 7 73808 9 74411 10 75014 10 75617 11 76221 11 76825 11 77428 11 78032 11 78636 11 79240 10 79844 10 80447 10 81050 9 81654 8 82257 9 82861 8 83465 7 84069 5
f29fd9c52e04403cd2c7d43b6fe2479292e53b2f61969d25256d2d2aca7c6a81,526180 5 526782 7 527384 9 527986 11 528588 13 529191 14 529794 14 530397 14 531000 14 531603 14 532207 13 532810 13 533413 13 534016 13 534619 13 535222 12 535825 12 536428 12 537032 11 537635 10 538238 9 538842 7 539447 4
f29fd9c52e04403cd2c7d43b6fe2479292e53b2f61969d25256d2d2aca7c6a81,412009 4 412610 12 413211 18 413811 22 414413 24 415015 25 415617 26 416219 27 416822 27 417426 25 418029 24 418633 22 419237 15 419842 10 420446 5
f29fd9c52e04403cd2c7d43b6fe2479292e53b2f61969d25256d2d2aca7c6a81,512966 6 513568 8 514170 10 514773 11 515376 12 515980 11 516583 11 517186 10 517789 10 518393 8 518998 5 519602 3
f29fd9c52e04403cd2c7d43b6fe2479292e53b2f61969d25256d2d2aca7c6a81,567094 4 567696 6 568298 8 568900 9 569503 9 570106 9 570709 9 571312 9 571915 9 572519 7 573124 4
f29fd9c52e04403cd2c7d43b6fe2479292e53b2f61969d25256d2d2aca7c6a81,465948 9 466550 12 467152 14 467755 15 468357 16 468960 16 469564 16 470167 17 470771 18 471375 19 471979 19 472583 19 473187 18 473790 18 474394 18 474998 18 475602 18 476205 18 476809 17 477412 16 478015 15 478619 13 479223 11 479831 4
f29fd9c52e04403cd2c7d43b6fe2479292e53b2f61969d25256d2d2aca7c6a81,343609 10 344211 13 344813 18 345415 21 346018 22 346620 23 347223 24 347826 24 348429 25 349032 25 349638 22 350247 16 350853 12 351459 8 352064 3
f29fd9c52e04403cd2c7d43b6fe2479292e53b2f61969d25256d2d2aca7c6a81,543587 2 544185 8 544787 10 545390 11 545992 12 546595 12 547198 13 547800 14 548403 14 549006 14 549609 14 550211 15 550814 15 551417 15 552020 15 552623 15 553226 15 553829 14 554432 13 555035 13 555638 12 556242 8 556846 6
f29fd9c52e04403cd2c7d43b6fe2479292e53b2f61969d25256d2d2aca7c6a81,273311 16 273904 30 274506 32 275107 35 275709 37 276311 38 276913 39 277516 39 278119 38 278723 35 279327 21 279931 10 280537 4
f29fd9c52e04403cd2c7d43b6fe2479292e53b2f61969d25256d2d2aca7c6a81,362905 5 363506 10 364108 14 364711 15 365313 18 365916 19 366518 22 367121 24 367724 25 368327 27 368930 28 369533 29 370136 29 370740 28 371344 27 371949 25 372553 23 373172 6 373778 2
f29fd9c52e04403cd2c7d43b6fe2479292e53b2f61969d25256d2d2aca7c6a81,453925 4 454527 6 455129 7 455731 8 456334 8 456937 8 457540 8 458144 6 458748 3
f29fd9c52e04403cd2c7d43b6fe2479292e53b2f61969d25256d2d2aca7c6a81,480395 6 480997 9 481600 12 482203 13 482806 13 483409 14 484012 14 484615 14 485218 14 485822 13 486427 11 487032 9 487636 7
f29fd9c52e04403cd2c7d43b6fe2479292e53b2f61969d25256d2d2aca7c6a81,519398 1 520000 3 520600 6 521199 10 521800 12 522402 13 523005 13 523608 13 524211 13 524814 12 525417 11 526020 11 526623 11 527226 11 527829 11 528433 10 529036 9 529640 7 530243 6 530847 4
