f4c4db3df4ff0de90f44b027fc2e28c16bf7e5c75ea75b0a9762bbb7ac86e7a3,215006 4 215608 6 216211 6 216814 6 217418 4
f4c4db3df4ff0de90f44b027fc2e28c16bf7e5c75ea75b0a9762bbb7ac86e7a3,175866 4 176468 6 177070 7 177673 7 178275 8 178878 8 179481 8 180084 8 180687 8 181291 7 181894 6 182498 5 183101 5 183705 3
f4c4db3df4ff0de90f44b027fc2e28c16bf7e5c75ea75b0a9762bbb7ac86e7a3,241552 5 242154 6 242757 7 243360 7 243962 8 244565 9 245167 8 245770 8 246373 7 246977 5 247582 1
f4c4db3df4ff0de90f44b027fc2e28c16bf7e5c75ea75b0a9762bbb7ac86e7a3,265734 1 266333 2 266336 4 266935 10 267537 11 268140 11 268743 11 269347 9 269949 9 270555 6 271157 7 271761 3 272364 1 272366 1
f4c4db3df4ff0de90f44b027fc2e28c16bf7e5c75ea75b0a9762bbb7ac86e7a3,340421 4 341023 6 341626 7 342229 7 342832 8 343435 8 344038 8 344642 7 345246 5
f4c4db3df4ff0de90f44b027fc2e28c16bf7e5c75ea75b0a9762bbb7ac86e7a3,263185 8 263787 10 264390 10 264993 10 265596 10 266199 10 266802 10 267406 9 268010 7 268616 3
f4c4db3df4ff0de90f44b027fc2e28c16bf7e5c75ea75b0a9762bbb7ac86e7a3,169820 3 170422 5 171024 7 171627 7 172230 7 172833 7 173437 5
f4c4db3df4ff0de90f44b027fc2e28c16bf7e5c75ea75b0a9762bbb7ac86e7a3,283077 11 283678 14 284279 18 284881 20 285484 20 286087 20 286691 18
f4c4db3df4ff0de90f44b027fc2e28c16bf7e5c75ea75b0a9762bbb7ac86e7a3,239057 1 239653 11 240256 12 240859 14 241462 15 242065 15 242669 14 243271 16 243874 17 244477 17 245080 17 245683 16 246287 15 246890 15 247494 13 248097 12 248701 3
f4c4db3df4ff0de90f44b027fc2e28c16bf7e5c75ea75b0a9762bbb7ac86e7a3,273441 3 274043 5 274645 7 275248 8 275850 11 276453 12 277056 13 277660 13 278263 14 278866 14 279469 14 280073 13 280677 12 281283 8
f4c4db3df4ff0de90f44b027fc2e28c16bf7e5c75ea75b0a9762bbb7ac86e7a3,278976 9 279579 10 280181 11 280784 11 281387 10 281991 8 282596 5
f4c4db3df4ff0de90f44b027fc2e28c16bf7e5c75ea75b0a9762bbb7ac86e7a3,278954 4 279555 8 280157 11 280759 13 281362 12 281965 12 282569 10 283173 7 283777 5
f4c4db3df4ff0de90f44b027fc2e28c16bf7e5c75ea75b0a9762bbb7ac86e7a3,339187 1 339787 7 340388 12 340990 14 341592 15 342195 16 342798 17 343401 18 344004 18 344608 17 345212 17 345816 16 346420 15 347024 14 347628 12 348232 10 348836 8 349440 6 350045 3
f4c4db3df4ff0de90f44b027fc2e28c16bf7e5c75ea75b0a9762bbb7ac86e7a3,275883 3 276484 6 277086 7 277686 10 278288 12 278890 13 279493 13 280096 13 280699 13 281302 13 281905 13 282509 4 282516 4
f4c4db3df4ff0de90f44b027fc2e28c16bf7e5c75ea75b0a9762bbb7ac86e7a3,312690 3 313291 6 313893 8 314496 10 315099 11 315702 12 316307 10 316911 10 317515 9 318119 8 318724 6 319329 1
f4c4db3df4ff0de90f44b027fc2e28c16bf7e5c75ea75b0a9762bbb7ac86e7a3,234879 5 235478 11 236079 13 236680 16 237283 16 237886 17 238489 17 239093 16 239697 15 240301 13 240904 12 241508 11 242113 7
f4c4db3df4ff0de90f44b027fc2e28c16bf7e5c75ea75b0a9762bbb7ac86e7a3,173390 4 173992 7 174594 9 175197 9 175800 10 176403 10 177007 9 177610 9 178214 8 178818 6
f4c4db3df4ff0de90f44b027fc2e28c16bf7e5c75ea75b0a9762bbb7ac86e7a3,178188 5 178790 7 179392 8 179995 8 180598 8 181202 6
f4c4db3df4ff0de90f44b027fc2e28c16bf7e5c75ea75b0a9762bbb7ac86e7a3,307821 5 308423 9 309022 14 309624 16 310226 18 310829 18 311432 18 312035 17 312639 16 313244 13 313850 4
f4c4db3df4ff0de90f44b027fc2e28c16bf7e5c75ea75b0a9762bbb7ac86e7a3,293458 3 294058 8 294656 14 295257 16 295859 17 296462 16 297065 16 297668 15 298271 13 298875 10 299480 6
f4c4db3df4ff0de90f44b027fc2e28c16bf7e5c75ea75b0a9762bbb7ac86e7a3,271616 3 272218 5 272819 7 273421 10 274023 12 274625 13 275228 13 275831 13 276434 13 277037 12 277641 10 278245 9 278850 6
f4c4db3df4ff0de90f44b027fc2e28c16bf7e5c75ea75b0a9762bbb7ac86e7a3,322392 4 322994 6 323597 6 324200 7 324803 7 325406 8 326010 7 326614 6 327218 5 327822 3
f4c4db3df4ff0de90f44b027fc2e28c16bf7e5c75ea75b0a9762bbb7ac86e7a3,227704 7 228305 10 228907 12 229509 14 230111 16 230714 16 231317 17 231920 16 232523 15 233127 13 233730 12 234334 10 234937 8 235541 7 236146 4
f4c4db3df4ff0de90f44b027fc2e28c16bf7e5c75ea75b0a9762bbb7ac86e7a3,316250 6 316852 8 317455 8 318058 8 318661 8 319264 8 319867 8 320470 8 321074 6
f4c4db3df4ff0de90f44b027fc2e28c16bf7e5c75ea75b0a9762bbb7ac86e7a3,254184 3 254785 6 255388 7 255397 1 255991 13 256595 13 257198 14 257802 14 258405 14 259009 13 259613 12 260216 11 260820 9
f4c4db3df4ff0de90f44b027fc2e28c16bf7e5c75ea75b0a9762bbb7ac86e7a3,234243 10 234845 12 235447 13 236050 13 236653 13 237256 13 237859 13 238463 11 239067 9
f4c4db3df4ff0de90f44b027fc2e28c16bf7e5c75ea75b0a9762bbb7ac86e7a3,325935 7 326536 11 327138 13 327738 16 328341 17 328943 17 329545 18 330149 17 330753 15 331357 13 331964 2 331970 1
f4c4db3df4ff0de90f44b027fc2e28c16bf7e5c75ea75b0a9762bbb7ac86e7a3,219812 8 220414 10 221016 12 221618 14 222220 15 222823 15 223426 15 224029 15 224632 15 225236 14 225839 14 226443 13 227047 11 227650 10 228253 10 228856 10 229462 6
f4c4db3df4ff0de90f44b027fc2e28c16bf7e5c75ea75b0a9762bbb7ac86e7a3,236764 3 237363 7 237965 7 238567 8 239170 9 239773 9 240376 8 240980 6 241585 2
f4c4db3df4ff0de90f44b027fc2e28c16bf7e5c75ea75b0a9762bbb7ac86e7a3,222321 7 222923 9 223525 10 224127 11 224730 10 225333 10 225936 10 226539 10 227143 8 227747 7 228350 6 228954 4
f4c4db3df4ff0de90f44b027fc2e28c16bf7e5c75ea75b0a9762bbb7ac86e7a3,251267 4 251869 6 252471 7 253073 8 253675 8 254277 8 254879 8 255482 8 256085 7 256689 4
f4c4db3df4ff0de90f44b027fc2e28c16bf7e5c75ea75b0a9762bbb7ac86e7a3,215057 8 215659 10 216262 10 216864 11 217465 13 218067 14 218670 14 219273 14 219876 14 220479 13 221082 12 221685 9 222289 7 222894 3
f4c4db3df4ff0de90f44b027fc2e28c16bf7e5c75ea75b0a9762bbb7ac86e7a3,254840 3 255442 6 256042 10 256644 14 257246 16 257848 17 258450 18 259053 19 259656 19 260259 18 260862 18 261465 18 262068 17 262671 17 263275 15 263878 14 264482 12 265085 12 265689 8 266293 4
f4c4db3df4ff0de90f44b027fc2e28c16bf7e5c75ea75b0a9762bbb7ac86e7a3,238517 7 239118 10 239720 11 240323 11 240926 11 241530 10 242133 10 242736 9 243339 9 243943 8 244547 7 245150 7 245753 7 246356 6 246959 7 247562 7 248165 7 248769 7 249372 8 249975 8 250579 7 251183 5
f4c4db3df4ff0de90f44b027fc2e28c16bf7e5c75ea75b0a9762bbb7ac86e7a3,268634 6 269235 9 269835 14 270437 16 271040 16 271643 16 272246 16 272850 14 273455 8
f4c4db3df4ff0de90f44b027fc2e28c16bf7e5c75ea75b0a9762bbb7ac86e7a3,329523 6 330124 9 330726 10 331327 12 331930 12 332533 13 333137 10 333740 8
f4c4db3df4ff0de90f44b027fc2e28c16bf7e5c75ea75b0a9762bbb7ac86e7a3,304827 8 305428 10 306031 10 306634 12 307237 13 307840 13 308444 13 309048 12 309651 11 310256 8 310862 4
f4c4db3df4ff0de90f44b027fc2e28c16bf7e5c75ea75b0a9762bbb7ac86e7a3,244585 1 245185 6 245786 9 246389 9 246991 10 247594 10 248196 12 248799 11 249402 11 250006 9 250610 7 251214 4
f4c4db3df4ff0de90f44b027fc2e28c16bf7e5c75ea75b0a9762bbb7ac86e7a3,316882 1 317477 10 318077 16 318679 18 319282 20 319885 20 320488 21 321091 22 321694 21 322298 20 322902 19 323516 4 323521 1
f4c4db3df4ff0de90f44b027fc2e28c16bf7e5c75ea75b0a9762bbb7ac86e7a3,209520 5 210122 12 210724 16 211327 17 211930 17 212533 17 213137 16 213741 15 214345 14 214949 12 215552 12 216156 10 216760 8 217364 5
f4c4db3df4ff0de90f44b027fc2e28c16bf7e5c75ea75b0a9762bbb7ac86e7a3,240396 9 240998 12 241601 13 242203 15 242806 16 243409 16 244013 16 244616 16 245220 15 245824 14 246428 12 247033 8 247639 4
f4c4db3df4ff0de90f44b027fc2e28c16bf7e5c75ea75b0a9762bbb7ac86e7a3,177035 3 177635 7 178235 13 178838 14 179440 16 180043 16 180646 16 181248 17 181851 17 182454 16 183057 16 183661 13 184266 10 184871 1
f4c4db3df4ff0de90f44b027fc2e28c16bf7e5c75ea75b0a9762bbb7ac86e7a3,183026 4 183628 6 184231 6 184834 6 185438 4
f4c4db3df4ff0de90f44b027fc2e28c16bf7e5c75ea75b0a9762bbb7ac86e7a3,282556 6 283158 8 283760 10 284363 11 284966 11 285569 11 286172 11 286776 10 287380 8 287986 5
f4c4db3df4ff0de90f44b027fc2e28c16bf7e5c75ea75b0a9762bbb7ac86e7a3,294600 5 295201 10 295803 12 296405 13 297008 14 297610 15 298213 16 298816 16 299419 16 300022 15 300625 15 301229 14 301832 13 302435 12 303038 11 303642 8
f4c4db3df4ff0de90f44b027fc2e28c16bf7e5c75ea75b0a9762bbb7ac86e7a3,323471 3 324073 5 324675 6 325278 6 325881 6 326484 6 327088 4
f4c4db3df4ff0de90f44b027fc2e28c16bf7e5c75ea75b0a9762bbb7ac86e7a3,243302 1 243304 2 243902 8 244501 14 245103 16 245705 17 246308 17 246911 17 247514 17 248116 17 248720 16 249323 14 249926 7 249934 1 250530 5 251136 1
f4c4db3df4ff0de90f44b027fc2e28c16bf7e5c75ea75b0a9762bbb7ac86e7a3,253538 7 254140 9 254743 9 255346 9 255949 9 256552 9 257155 9 257759 7 258364 4
f4c4db3df4ff0de90f44b027fc2e28c16bf7e5c75ea75b0a9762bbb7ac86e7a3,159556 4 160158 6 160761 7 161363 8 161966 8 162569 7 163173 5
f4c4db3df4ff0de90f44b027fc2e28c16bf7e5c75ea75b0a9762bbb7ac86e7a3,271129 6 271731 10 272334 11 272938 11 273542 14 274145 15 274749 14 275352 14 275956 13 276560 12 277164 11 277769 9 278373 9
f4c4db3df4ff0de90f44b027fc2e28c16bf7e5c75ea75b0a9762bbb7ac86e7a3,257739 3 258340 6 258942 7 259545 7 260148 7 260752 6 261356 4
f4c4db3df4ff0de90f44b027fc2e28c16bf7e5c75ea75b0a9762bbb7ac86e7a3,301858 5 302460 7 303062 8 303665 9 304267 10 304870 10 305473 10 306076 10 306679 10 307283 9 307887 7
f4c4db3df4ff0de90f44b027fc2e28c16bf7e5c75ea75b0a9762bbb7ac86e7a3,359701 3 360303 5 360906 5 361508 7 362111 7 362714 7 363318 5
f4c4db3df4ff0de90f44b027fc2e28c16bf7e5c75ea75b0a9762bbb7ac86e7a3,274090 4 274692 6 275295 6 275897 8 276500 8 277103 9 277706 9 278309 9 278913 9 279516 9 280119 9 280722 10 281325 10 281929 9 282532 9 283136 9 283740 7 284344 6 284949 3
f4c4db3df4ff0de90f44b027fc2e28c16bf7e5c75ea75b0a9762bbb7ac86e7a3,290317 5 290919 8 291521 10 292124 19 292727 20 293330 20 293934 19 294538 17 295144 13
f4c4db3df4ff0de90f44b027fc2e28c16bf7e5c75ea75b0a9762bbb7ac86e7a3,258989 6 259591 8 260194 10 260797 12 261400 13 262003 15 262606 16 263210 15 263815 13 264419 12 265023 10
f4c4db3df4ff0de90f44b027fc2e28c16bf7e5c75ea75b0a9762bbb7ac86e7a3,289144 14 289744 22 290346 23 290949 23 291552 23 292155 22 292758 22 293361 20 293965 18 294569 15 295179 6
f4c4db3df4ff0de90f44b027fc2e28c16bf7e5c75ea75b0a9762bbb7ac86e7a3,270484 4 271086 8 271689 9 272291 11 272894 11 273497 11 274100 11 274704 9 275307 9 275911 8 276516 6 277120 4
f4c4db3df4ff0de90f44b027fc2e28c16bf7e5c75ea75b0a9762bbb7ac86e7a3,322350 5 322952 7 323553 9 324155 11 324756 13 325358 15 325960 16 326563 16 327166 16 327770 15 328374 14 328984 6
f4c4db3df4ff0de90f44b027fc2e28c16bf7e5c75ea75b0a9762bbb7ac86e7a3,292113 5 292715 7 293317 8 293919 9 294521 10 295124 10 295727 10 296330 10 296934 9 297538 8 298142 7 298746 6 299350 4
f4c4db3df4ff0de90f44b027fc2e28c16bf7e5c75ea75b0a9762bbb7ac86e7a3,261454 3 262056 5 262658 6 263260 7 263863 8 264466 9 265069 9 265673 8 266277 7 266881 7 267484 8 268088 7 268692 6 269296 4
f4c4db3df4ff0de90f44b027fc2e28c16bf7e5c75ea75b0a9762bbb7ac86e7a3,179466 1 180067 5 180073 1 180669 8 181271 11 181873 12 182476 13 183079 13 183683 12 184286 13 184890 11 185493 10 186097 9 186702 7 187308 3
f4c4db3df4ff0de90f44b027fc2e28c16bf7e5c75ea75b0a9762bbb7ac86e7a3,164361 4 164963 6 165566 6 166168 7 166771 8 167373 9 167976 9 168579 10 169182 10 169785 10 170389 9 170993 8 171597 6
f4c4db3df4ff0de90f44b027fc2e28c16bf7e5c75ea75b0a9762bbb7ac86e7a3,305525 5 306127 7 306729 8 307332 9 307936 9 308540 8 309145 5 309751 1
f4c4db3df4ff0de90f44b027fc2e28c16bf7e5c75ea75b0a9762bbb7ac86e7a3,223996 7 224597 13 225199 18 225802 18 226405 19 227008 20 227611 21 228214 21 228817 21 229421 20 230025 18 230631 1 230635 11 231239 9
f4c4db3df4ff0de90f44b027fc2e28c16bf7e5c75ea75b0a9762bbb7ac86e7a3,230085 3 230687 5 231289 6 231892 6 232494 7 233097 7 233700 7 234304 6 234907 6 235511 4
f4c4db3df4ff0de90f44b027fc2e28c16bf7e5c75ea75b0a9762bbb7ac86e7a3,298169 10 298768 15 299369 18 299971 20 300574 20 301177 21 301781 20 302385 19 302990 17 303595 14 304199 12
f4c4db3df4ff0de90f44b027fc2e28c16bf7e5c75ea75b0a9762bbb7ac86e7a3,247618 7 248219 10 248821 12 249423 14 250026 15 250629 16 251232 16 251835 17 252438 17 253041 17 253646 15 254252 11 254858 7 255463 1
