f67e72b7fe0b1e3648ea745ffd395c80705c89b0c0c48227991fe6f5815b2a18,52802 8 53057 11 53312 14 53567 16 53822 18 54077 19 54333 19 54588 21 54844 21 55100 21 55356 20 55612 20 55868 20 56124 19 56381 17 56638 15 56894 14 57152 11 57409 8
f67e72b7fe0b1e3648ea745ffd395c80705c89b0c0c48227991fe6f5815b2a18,60562 4 60815 8 61069 12 61325 14 61580 16 61835 18 62091 19 62346 20 62602 20 62858 21 63114 21 63371 20 63627 20 63883 19 64139 19 64396 18 64653 16 64909 15 65167 12 65425 8
f67e72b7fe0b1e3648ea745ffd395c80705c89b0c0c48227991fe6f5815b2a18,4097 3 4353 5 4609 7 4865 8 5121 9 5377 10 5633 10 5889 10 6145 11 6401 11 6657 11 6913 11 7169 11 7425 10 7681 10 7937 9 8193 8 8449 8 8705 6 8961 3
f67e72b7fe0b1e3648ea745ffd395c80705c89b0c0c48227991fe6f5815b2a18,31708 2 31962 7 32217 10 32472 13 32727 17 32983 17 33238 19 33494 19 33750 19 34006 19 34262 18 34518 18 34775 17 35031 16 35288 15 35544 13 35802 10 36061 6
f67e72b7fe0b1e3648ea745ffd395c80705c89b0c0c48227991fe6f5815b2a18,35583 2 35837 4 36092 5 36347 6 36603 6 36858 7 37114 7 37370 7 37625 8 37881 8 38137 8 38393 8 38649 8 38904 9 39161 8 39417 8 39673 8 39929 8 40186 7 40443 6
f67e72b7fe0b1e3648ea745ffd395c80705c89b0c0c48227991fe6f5815b2a18,48660 6 48914 9 49169 11 49425 11 49680 13 49936 13 50191 14 50447 14 50702 14 50958 14 51213 14 51469 14 51725 13 51981 12 52238 10 52494 8 52751 4
f67e72b7fe0b1e3648ea745ffd395c80705c89b0c0c48227991fe6f5815b2a18,45501 3 45755 7 46010 9 46265 11 46519 13 46773 15 47028 16 47284 16 47540 16 47796 15 48052 14 48308 14 48565 12 48822 8
f67e72b7fe0b1e3648ea745ffd395c80705c89b0c0c48227991fe6f5815b2a18,57848 3 58102 7 58357 10 58613 11 58869 11 59125 12 59381 12 59637 12 59893 12 60149 12 60405 12 60663 10 60923 6 61181 4 61438 1
f67e72b7fe0b1e3648ea745ffd395c80705c89b0c0c48227991fe6f5815b2a18,36 13 293 10 551 5
f67e72b7fe0b1e3648ea745ffd395c80705c89b0c0c48227991fe6f5815b2a18,47079 4 47333 7 47588 9 47843 10 48098 11 48354 11 48610 11 48865 13 49121 13 49377 13 49634 11 49890 11 50147 9 50405 5
f67e72b7fe0b1e3648ea745ffd395c80705c89b0c0c48227991fe6f5815b2a18,21175 8 21430 9 21686 10 21942 11 22199 11 22455 12 22711 12 22967 12 23223 12 23479 12 23735 12 23992 11 24249 10 24506 8 24763 7 25021 2
f67e72b7fe0b1e3648ea745ffd395c80705c89b0c0c48227991fe6f5815b2a18,16336 8 16587 14 16843 17 17098 19 17354 19 17610 19 17866 19 18122 19 18378 19 18635 18 18891 16 19148 14 19405 12 19662 9 19920 4
