f73e37957c74f554be132986f38b6f1d75339f636dfe2b681a0cf3f88d2733af,32573 8 32826 12 33081 14 33335 17 33590 18 33845 19 34101 20 34357 21 34613 21 34869 21 35126 19 35382 19 35638 20 35895 19 36152 19 36408 19 36665 17 36921 17 37178 15 37435 13 37692 11 37950 8
f73e37957c74f554be132986f38b6f1d75339f636dfe2b681a0cf3f88d2733af,60674 7 60929 12 61185 14 61441 15 61697 16 61953 17 62209 17 62465 18 62721 18 62977 18 63233 17 63489 17 63745 16 64001 15 64257 14 64513 13 64769 13 65025 13 65281 13
f73e37957c74f554be132986f38b6f1d75339f636dfe2b681a0cf3f88d2733af,17332 7 17586 11 17842 12 18098 13 18353 15 18609 15 18865 15 19120 16 19376 16 19631 17 19887 17 20143 17 20399 17 20655 17 20911 17 21167 17 21424 15 21681 14 21938 12 22195 10 22452 8
f73e37957c74f554be132986f38b6f1d75339f636dfe2b681a0cf3f88d2733af,45683 4 45938 8 46193 13 46448 15 46703 17 46959 18 47215 19 47471 20 47726 22 47982 22 48239 21 48495 21 48751 21 49007 21 49262 22 49518 22 49775 21 50032 19 50289 17 50548 13 50810 6
f73e37957c74f554be132986f38b6f1d75339f636dfe2b681a0cf3f88d2733af,38860 7 39115 9 39369 12 39624 15 39879 18 40134 20 40390 21 40645 22 40901 23 41157 23 41414 22 41670 22 41927 21 42183 20 42439 20 42695 20 42952 19 43209 18 43467 16 43724 14 43981 13 44238 11 44495 9 44752 7 45009 5 45267 2
f73e37957c74f554be132986f38b6f1d75339f636dfe2b681a0cf3f88d2733af,6822 2 7076 6 7331 8 7586 10 7842 11 8097 12 8353 13 8609 13 8865 13 9121 13 9376 13 9632 13 9888 13 10144 13 10400 13 10656 12 10912 12 11169 10 11425 10 11681 9 11938 7 12195 5
f73e37957c74f554be132986f38b6f1d75339f636dfe2b681a0cf3f88d2733af,8456 3 8711 5 8966 7 9221 9 9476 11 9731 12 9987 13 10242 14 10497 15 10753 16 11009 16 11266 15 11523 14 11780 13 12036 13 12293 11 12550 9 12807 8 13064 6 13321 3
f73e37957c74f554be132986f38b6f1d75339f636dfe2b681a0cf3f88d2733af,15523 7 15777 11 16032 13 16287 15 16542 16 16798 16 17053 18 17309 19 17564 22 17820 22 18076 22 18332 21 18588 21 18844 21 19100 20 19356 20 19613 18 19870 17 20127 16 20384 11 20397 2 20641 9 20899 4
f73e37957c74f554be132986f38b6f1d75339f636dfe2b681a0cf3f88d2733af,3037 6 3292 11 3546 14 3800 18 4054 21 4309 23 4565 24 4821 24 5076 25 5332 25 5588 25 5844 25 6101 24 6357 24 6613 24 6869 23 7126 22 7383 20 7641 17 7898 15 8155 4 8413 1
f73e37957c74f554be132986f38b6f1d75339f636dfe2b681a0cf3f88d2733af,38572 2 38827 4 39082 6 39337 8 39592 10 39847 13 40102 15 40358 16 40613 18 40869 19 41125 20 41381 20 41637 20 41893 20 42149 20 42405 20 42661 19 42918 17 43174 17 43431 15 43688 13 43945 10 44204 4
f73e37957c74f554be132986f38b6f1d75339f636dfe2b681a0cf3f88d2733af,5168 5 5421 10 5675 13 5930 14 6186 15 6441 16 6697 17 6952 19 7208 19 7464 19 7720 19 7975 20 8231 19 8487 19 8744 17 9000 16 9257 14 9515 11 9772 9 10029 6
f73e37957c74f554be132986f38b6f1d75339f636dfe2b681a0cf3f88d2733af,46485 6 46740 9 46995 11 47250 17 47505 19 47761 20 48016 21 48272 21 48528 22 48784 22 49040 22 49296 21 49552 21 49808 21 50064 21 50320 20 50577 18 50834 16 51092 10 51349 6
f73e37957c74f554be132986f38b6f1d75339f636dfe2b681a0cf3f88d2733af,34709 2 34963 5 35216 10 35471 12 35726 14 35980 16 36235 18 36491 18 36746 19 37001 20 37257 21 37512 22 37768 22 38023 24 38279 24 38535 24 38791 24 39047 24 39303 24 39559 23 39816 22 40073 20 40330 18 40587 16 40844 13 41101 10
f73e37957c74f554be132986f38b6f1d75339f636dfe2b681a0cf3f88d2733af,35256 1 35508 6 35761 11 36015 14 36271 15 36526 17 36781 19 37037 20 37293 21 37549 21 37805 21 38061 21 38317 21 38574 19 38831 17 39088 16 39345 15 39602 13 39860 10 40117 8 40374 7 40631 5 40888 3
f73e37957c74f554be132986f38b6f1d75339f636dfe2b681a0cf3f88d2733af,17140 7 17394 10 17649 12 17905 13 18160 15 18416 15 18672 15 18928 15 19183 16 19438 16 19692 18 19947 18 20202 18 20457 19 20712 20 20968 20 21224 20 21480 19 21736 18 21992 17 22248 16 22505 15 22762 13 23020 8
f73e37957c74f554be132986f38b6f1d75339f636dfe2b681a0cf3f88d2733af,40163 3 40418 5 40674 5 40930 5 41186 6 41443 5 41700 3
f73e37957c74f554be132986f38b6f1d75339f636dfe2b681a0cf3f88d2733af,28501 3 28756 6 29010 9 29265 11 29521 12 29776 13 30032 14 30287 16 30543 16 30799 17 31054 18 31310 19 31566 20 31822 20 32078 21 32334 21 32590 22 32846 23 33102 24 33358 24 33614 24 33870 24 34126 23 34383 22 34640 21 34897 20 35154 19 35411 18 35668 17 35926 14 36184 2
f73e37957c74f554be132986f38b6f1d75339f636dfe2b681a0cf3f88d2733af,1806 8 2061 10 2316 12 2571 14 2827 14 3083 14 3338 16 3594 16 3849 17 4105 17 4360 18 4616 18 4872 18 5129 16 5386 14 5643 12 5901 9 6158 5 6415 3
f73e37957c74f554be132986f38b6f1d75339f636dfe2b681a0cf3f88d2733af,6865 4 7120 6 7375 8 7630 11 7885 13 8140 15 8394 19 8649 21 8903 23 9159 23 9415 23 9671 24 9929 22 10186 21 10443 20 10701 18 10958 17 11215 16 11473 13 11732 9
f73e37957c74f554be132986f38b6f1d75339f636dfe2b681a0cf3f88d2733af,9921 8 10176 10 10431 12 10686 15 10942 16 11197 18 11452 19 11707 19 11962 19 12217 20 12473 20 12728 21 12984 21 13240 21 13496 21 13752 20 14009 19 14266 17 14522 16 14779 14 15037 10 15295 7
f73e37957c74f554be132986f38b6f1d75339f636dfe2b681a0cf3f88d2733af,9353 7 9607 11 9862 14 10117 16 10373 17 10628 18 10883 19 11139 20 11395 20 11651 21 11907 21 12163 21 12419 21 12675 20 12932 19 13188 18 13445 17 13702 16 13959 14 14215 13 14472 11 14730 8
f73e37957c74f554be132986f38b6f1d75339f636dfe2b681a0cf3f88d2733af,43353 5 43608 11 43863 13 44119 14 44374 15 44629 16 44885 17 45140 18 45396 18 45651 19 45906 20 46162 21 46418 21 46675 20 46931 19 47187 18 47444 16 47701 14 47959 10 48218 5
f73e37957c74f554be132986f38b6f1d75339f636dfe2b681a0cf3f88d2733af,18386 2 18640 7 18895 9 19151 10 19406 12 19661 14 19917 15 20172 17 20428 18 20684 18 20939 20 21195 20 21451 21 21707 21 21963 22 22219 22 22475 22 22731 22 22987 22 23243 22 23499 22 23755 21 24011 21 24268 20 24526 17 24783 16 25044 10 25302 7
f73e37957c74f554be132986f38b6f1d75339f636dfe2b681a0cf3f88d2733af,25130 6 25383 10 25638 13 25894 15 26149 17 26405 17 26661 17 26917 17 27173 17 27429 17 27685 17 27941 17 28197 17 28452 18 28708 18 28964 18 29220 17 29477 15 29734 13 29990 12 30247 10 30504 8 30761 5
f73e37957c74f554be132986f38b6f1d75339f636dfe2b681a0cf3f88d2733af,23656 2 23909 6 24163 7 24416 9 24670 11 24924 13 25179 14 25434 15 25689 16 25944 17 26200 17 26456 17 26712 17 26968 18 27224 20 27480 21 27736 25 27992 24 28248 18 28268 2 28504 17 28762 14 29019 13 29276 12 29533 11 29789 11 30046 9 30303 8 30559 7 30816 5 31072 4 31329 2
f73e37957c74f554be132986f38b6f1d75339f636dfe2b681a0cf3f88d2733af,4037 2 4292 5 4548 8 4804 9 5059 11 5315 11 5570 13 5825 15 6081 15 6336 17 6592 17 6848 17 7105 15 7361 14 7618 12 7875 10 8132 8 8389 5 8646 3
f73e37957c74f554be132986f38b6f1d75339f636dfe2b681a0cf3f88d2733af,28848 2 29103 5 29355 9 29609 11 29864 13 30119 15 30374 17 30629 18 30885 19 31140 21 31395 22 31651 22 31907 22 32163 22 32419 23 32676 22 32932 22 33188 22 33445 21 33701 21 33958 20 34215 19 34472 17 34729 15 34986 14 35243 13 35502 6 35759 2
f73e37957c74f554be132986f38b6f1d75339f636dfe2b681a0cf3f88d2733af,23406 8 23660 11 23915 13 24170 14 24425 15 24681 16 24937 16 25193 17 25449 17 25705 18 25961 18 26217 17 26473 16 26729 14 26986 12 27244 8 27501 6
f73e37957c74f554be132986f38b6f1d75339f636dfe2b681a0cf3f88d2733af,28098 2 28353 4 28359 4 28606 16 28862 18 29118 19 29374 20 29629 21 29885 21 30141 21 30397 21 30653 20 30909 20 31166 18 31422 17 31679 15 31935 14 32191 13 32448 11 32705 9 32962 7 33219 5
f73e37957c74f554be132986f38b6f1d75339f636dfe2b681a0cf3f88d2733af,5633 2 5889 3 6145 4 6401 5 6657 5 6913 6 7169 6 7425 7 7681 7 7937 7 8193 7 8449 7 8705 6 8961 5 9217 4 9473 3 9729 2 9985 2 10241 1
f73e37957c74f554be132986f38b6f1d75339f636dfe2b681a0cf3f88d2733af,840 7 1095 10 1350 12 1605 15 1859 18 2114 20 2369 21 2624 22 2880 22 3136 21 3392 20 3648 18 3903 18 4159 18 4415 18 4671 18 4927 19 5183 19 5440 19 5697 19 5954 18 6211 18 6468 17 6726 15 6984 6 6994 2
f73e37957c74f554be132986f38b6f1d75339f636dfe2b681a0cf3f88d2733af,50774 9 51029 12 51283 15 51538 17 51794 18 52049 19 52305 20 52560 21 52816 21 53072 21 53328 21 53583 21 53839 21 54096 20 54352 19 54609 16 54865 15 55122 13 55379 10 55636 8 55894 5
f73e37957c74f554be132986f38b6f1d75339f636dfe2b681a0cf3f88d2733af,26234 5 26489 7 26743 11 26998 15 27252 18 27507 19 27761 22 28016 23 28270 25 28525 26 28780 28 29036 28 29292 28 29548 28 29804 28 30060 28 30316 28 30572 28 30828 27 31084 25 31340 24 31596 23 31852 22 32109 16 32368 12 32626 9
f73e37957c74f554be132986f38b6f1d75339f636dfe2b681a0cf3f88d2733af,21906 2 22161 4 22415 8 22670 10 22925 15 23181 18 23436 20 23692 21 23948 23 24204 24 24460 24 24717 23 24974 23 25231 23 25487 23 25743 23 25999 22 26256 21 26513 19 26771 17 27029 14 27287 11 27545 6
f73e37957c74f554be132986f38b6f1d75339f636dfe2b681a0cf3f88d2733af,32481 4 32733 10 32987 13 33240 17 33495 19 33750 20 34006 21 34261 22 34516 23 34771 24 35027 24 35283 24 35540 23 35796 22 36053 20 36309 19 36566 17 36823 15 37081 12 37339 6
f73e37957c74f554be132986f38b6f1d75339f636dfe2b681a0cf3f88d2733af,54419 8 54674 10 54929 13 55184 15 55440 17 55695 19 55951 20 56208 19 56464 18 56720 18 56975 19 57231 18 57487 18 57744 16 58001 15 58258 14 58516 12 58774 9 59032 6
f73e37957c74f554be132986f38b6f1d75339f636dfe2b681a0cf3f88d2733af,23992 5 24246 8 24500 11 24755 12 25010 14 25265 16 25520 17 25776 18 26031 20 26287 20 26542 21 26797 22 27053 22 27309 22 27565 22 27822 21 28079 19 28336 17 28592 12 28850 4
