f7e5dcfc9c93183c668c5a4ab028d5faad54fb54298711f2caae0508aa978300,62627 3 62881 6 63124 8 63136 8 63379 21 63632 25 63887 26 64142 27 64397 28 64653 29 64908 30 65164 31 65419 33 65675 34 65931 34 66187 34 66443 34 66699 34 66955 34 67212 33 67468 33 67725 31 67982 29 68238 29 68495 27 68751 26 69008 24 69265 22 69524 19 69781 17 70038 15 70300 7
f7e5dcfc9c93183c668c5a4ab028d5faad54fb54298711f2caae0508aa978300,106 12 362 11 617 12 873 12 1129 12 1385 11 1641 11 1897 11 2153 10 2409 10 2665 10 2921 10 3177 9 3432 9 3688 9 3944 8 4199 9 4455 8 4710 8 4966 7 5221 7 5476 7 5732 6 5988 5 6244 5 6499 5 6755 5 7012 3
f7e5dcfc9c93183c668c5a4ab028d5faad54fb54298711f2caae0508aa978300,44351 9 44605 14 44854 22 45109 24 45365 25 45620 27 45876 27 46131 28 46387 28 46642 29 46895 31 47150 32 47406 32 47661 33 47917 33 48173 32 48429 31 48685 27 48941 26 49198 24 49454 21 49711 12 49968 9
f7e5dcfc9c93183c668c5a4ab028d5faad54fb54298711f2caae0508aa978300,4536 8 4789 12 5044 14 5299 16 5554 18 5809 19 6064 21 6319 23 6575 23 6831 24 7087 24 7343 25 7599 25 7854 26 8110 27 8366 27 8622 27 8878 27 9134 27 9390 27 9646 27 9902 27 10158 27 10414 27 10670 27 10926 27 11182 27 11438 27 11694 27 11950 27 12206 27 12462 26 12718 25 12974 25 13230 24 13486 23 13742 22 13998 20 14254 19 14510 18 14766 17 15022 16 15278 15 15534 12 15790 11 16046 9 16302 8 16559 6
f7e5dcfc9c93183c668c5a4ab028d5faad54fb54298711f2caae0508aa978300,77 29 332 30 588 29 843 30 1099 30 1354 31 1609 32 1865 32 2121 32 2377 32 2632 33 2888 33 3143 34 3399 33 3655 33 3910 34 4166 33 4422 33 4678 32 4934 32 5190 31 5446 30 5702 29 5959 27 6215 26 6471 25 6727 24 6983 23 7240 20 7496 18 7752 15 8008 11 8264 10 8521 8 8778 6 9036 3
f7e5dcfc9c93183c668c5a4ab028d5faad54fb54298711f2caae0508aa978300,51455 2 51710 3 51965 4 52221 4 52476 5 52731 6 52987 6 53243 6 53498 7 53753 8 54008 9 54264 9 54519 10 54775 10 55030 11 55286 11 55541 12 55797 12 56052 13 56307 14 56563 14 56818 15 57074 15 57330 15 57585 16 57841 16 58097 16 58352 17 58607 18 58863 18 59118 19 59373 20 59629 20 59885 20 60140 17 60396 16 60652 15 60907 16 61163 16 61419 16 61675 15 61931 14 62187 13 62444 10 62703 6 62960 5 63217 3
f7e5dcfc9c93183c668c5a4ab028d5faad54fb54298711f2caae0508aa978300,37579 3 37832 9 38087 11 38342 13 38597 15 38853 15 39109 14 39366 12 39622 12 39878 12 40135 10 40391 7 40648 4
f7e5dcfc9c93183c668c5a4ab028d5faad54fb54298711f2caae0508aa978300,24232 8 24486 12 24741 14 24996 16 25251 17 25507 17 25762 18 26018 18 26274 18 26529 20 26785 20 27041 20 27297 19 27553 19 27809 19 28065 18 28322 15 28579 13 28837 8
f7e5dcfc9c93183c668c5a4ab028d5faad54fb54298711f2caae0508aa978300,68731 2 68985 7 69239 12 69494 14 69750 14 70006 14 70261 16 70517 17 70773 18 71029 18 71285 18 71541 19 71566 4 71797 20 71821 6 72053 21 72076 8 72309 31 72566 31 72822 32 73079 35 73336 35 73592 36 73849 36 74105 36 74362 35 74618 34 74875 33 75132 31 75388 30 75645 28 75902 27 76158 26 76415 24 76672 22 76932 17 77189 12 77446 10 77705 5
f7e5dcfc9c93183c668c5a4ab028d5faad54fb54298711f2caae0508aa978300,8483 4 8738 8 8991 17 9246 19 9501 24 9755 27 10009 30 10263 33 10518 34 10773 35 11029 35 11285 34 11541 33 11798 29 12056 24 12314 21 12573 17 12833 9
f7e5dcfc9c93183c668c5a4ab028d5faad54fb54298711f2caae0508aa978300,64466 12 64721 14 64976 15 65231 17 65486 18 65741 19 65996 20 66252 20 66507 21 66763 21 67018 21 67272 23 67526 25 67780 26 68034 27 68289 26 68545 25 68802 22 69058 20 69313 20 69568 19 69824 18 70079 18 70332 20 70587 19 70839 22 71094 23 71350 23 71606 23 71862 22 72117 22 72372 22 72627 22 72882 22 73136 23 73390 25 73645 25 73900 26 74156 26 74411 26 74666 26 74922 25 75177 25 75433 25 75689 25 75944 26 76200 25 76455 23 76711 21 76967 20 77223 19 77479 19 77734 19 77990 18 78245 19 78501 18 78756 19 79012 18 79267 18 79523 18 79779 17 80034 18 80290 17 80546 16 80801 16 81057 15 81313 14 81569 13 81825 12
f7e5dcfc9c93183c668c5a4ab028d5faad54fb54298711f2caae0508aa978300,121 10 377 9 632 9 888 6 1143 6 1399 5 1655 4 1912 2
f7e5dcfc9c93183c668c5a4ab028d5faad54fb54298711f2caae0508aa978300,52926 7 53180 10 53434 12 53689 13 53945 13 54200 15 54454 17 54709 18 54964 19 55219 20 55474 21 55730 21 55985 22 56241 23 56497 25 56753 26 57008 28 57264 28 57519 29 57774 30 58029 31 58284 31 58539 31 58795 31 59051 31 59308 29 59565 28 59822 26 60079 25 60337 22 60595 19 60852 17 61109 14 61368 10 61625 7 61883 3
f7e5dcfc9c93183c668c5a4ab028d5faad54fb54298711f2caae0508aa978300,165 25 421 24 676 25 932 24 1187 25 1443 24 1699 23 1955 23 2211 22 2467 21 2722 21 2978 20 3233 19 3489 18 3745 17 4001 16 4257 15 4513 14 4769 13 5025 12 5281 12 5537 11 5794 9 6050 8 6306 7 6562 5 6819 2
f7e5dcfc9c93183c668c5a4ab028d5faad54fb54298711f2caae0508aa978300,48 23 304 23 560 23 815 23 1071 22 1327 22 1583 22 1839 22 2095 22 2351 22 2607 22 2862 23 3118 23 3374 23 3629 24 3885 24 4142 23 4398 23 4655 22 4911 21 5167 21 5424 20 5680 20 5936 19 6192 19 6448 18 6705 16 6961 15 7218 12 7478 6
f7e5dcfc9c93183c668c5a4ab028d5faad54fb54298711f2caae0508aa978300,26433 3 26688 10 26943 17 27199 18 27454 19 27710 20 27967 19 28223 20 28480 21 28736 23 28993 29 29249 31 29505 32 29761 32 30018 32 30274 33 30530 33 30785 35 31041 35 31297 35 31553 35 31810 34 32066 34 32322 35 32578 35 32834 35 33090 35 33345 35 33601 34 33857 33 34113 32 34370 29 34627 27 34886 23 35143 20 35399 17 35656 15 35913 13 36171 10 36430 6
f7e5dcfc9c93183c668c5a4ab028d5faad54fb54298711f2caae0508aa978300,17903 18 18158 19 18413 20 18668 21 18923 22 19179 22 19435 22 19690 23 19946 23 20201 24 20457 24 20713 24 20969 24 21225 24 21480 25 21736 25 21992 25 22248 25 22504 25 22760 24 23016 18 23272 17 23528 15 23784 14 24040 13 24297 7 24554 4
f7e5dcfc9c93183c668c5a4ab028d5faad54fb54298711f2caae0508aa978300,39276 11 39530 15 39784 26 40039 29 40294 32 40549 34 40804 35 41060 36 41315 38 41571 39 41827 39 42082 40 42337 42 42593 42 42849 42 43104 43 43360 42 43616 42 43872 41 44129 40 44385 39 44642 37 44900 30 45157 26 45413 10 45425 8 45669 6 45924 6 46180 4 46437 2
f7e5dcfc9c93183c668c5a4ab028d5faad54fb54298711f2caae0508aa978300,12 24 268 22 524 21 780 20 1037 14 1294 12 1550 11 1806 10 2063 8 2320 6 2577 4
f7e5dcfc9c93183c668c5a4ab028d5faad54fb54298711f2caae0508aa978300,17108 10 17363 12 17618 13 17873 15 18128 16 18384 16 18639 17 18894 19 19150 19 19405 20 19661 20 19917 20 20173 20 20429 20 20685 20 20940 21 21196 21 21451 22 21707 22 21963 22 22219 22 22475 21 22731 21 22988 20 23244 20 23500 20 23757 19 24014 18 24273 14 24531 11
f7e5dcfc9c93183c668c5a4ab028d5faad54fb54298711f2caae0508aa978300,26505 4 26758 8 27013 10 27269 11 27524 13 27780 14 28036 14 28292 14 28548 14 28803 15 29059 15 29315 15 29571 15 29827 14 30084 12 30342 9 30601 5
f7e5dcfc9c93183c668c5a4ab028d5faad54fb54298711f2caae0508aa978300,49637 7 49890 13 50145 15 50400 17 50654 19 50909 20 51164 21 51419 22 51675 22 51930 22 52186 22 52441 22 52697 22 52953 21 53208 21 53464 21 53720 21 53976 20 54232 19 54489 17 54745 16 55001 15 55256 15 55511 16 55767 16 56022 16 56278 15 56533 16 56789 15 57045 15 57301 14 57557 13 57812 14 58068 13 58324 12 58580 11 58836 10 59092 9 59348 8 59605 6 59862 4
f7e5dcfc9c93183c668c5a4ab028d5faad54fb54298711f2caae0508aa978300,66047 2 66302 3 66558 3 66814 3 67069 4 67325 4 67580 5 67836 5 68091 6 68347 6 68602 7 68858 7 69115 6 69371 6 69628 5 69885 3
f7e5dcfc9c93183c668c5a4ab028d5faad54fb54298711f2caae0508aa978300,76031 2 76286 3 76541 4 76796 5 77052 5 77307 6 77562 7 77818 7 78073 8 78329 8 78585 8 78841 8 79097 8 79353 8 79609 8 79865 8 80122 7 80378 7 80634 7 80890 7 81146 7 81403 6 81659 6 81915 6
f7e5dcfc9c93183c668c5a4ab028d5faad54fb54298711f2caae0508aa978300,29228 5 29482 8 29736 11 29986 18 30234 26 30487 29 30741 32 30995 35 31248 38 31503 39 31757 41 32012 41 32267 42 32522 42 32777 42 33032 43 33287 44 33542 44 33797 44 34052 44 34308 44 34563 44 34819 44 35075 44 35331 43 35587 42 35843 41 36099 40 36355 40 36611 39 36867 38 37124 36 37380 35 37637 32 37893 28 38150 26 38407 3 38412 18 38671 14 38928 2
f7e5dcfc9c93183c668c5a4ab028d5faad54fb54298711f2caae0508aa978300,36765 6 37020 10 37274 13 37528 17 37783 19 38039 20 38294 22 38550 22 38805 24 39060 25 39316 25 39572 25 39828 25 40083 26 40339 26 40595 26 40851 26 41108 25 41364 24 41620 24 41876 24 42132 23 42388 23 42644 22 42901 21 43157 21 43413 20 43669 19 43926 16 44182 14 44438 11 44695 8 44952 2
