f7eaaf420b5204c4a42577428b7cd897a53ef07b759ccbba3ed30a3548ca5605,39832 6 40087 8 40342 10 40597 11 40852 12 41107 13 41363 13 41619 13 41874 13 42130 13 42386 12 42642 11 42898 9 43155 6
f7eaaf420b5204c4a42577428b7cd897a53ef07b759ccbba3ed30a3548ca5605,56742 6 56997 8 57252 10 57507 12 57763 13 58019 14 58275 14 58531 14 58787 13 59043 13 59299 12 59555 11 59812 9 60069 7
f7eaaf420b5204c4a42577428b7cd897a53ef07b759ccbba3ed30a3548ca5605,8150 5 8405 7 8660 9 8916 9 9171 10 9427 11 9683 12 9939 12 10195 12 10452 11 10708 11 10964 11 11221 10 11477 10 11734 9 11991 7 12248 5
f7eaaf420b5204c4a42577428b7cd897a53ef07b759ccbba3ed30a3548ca5605,62356 4 62611 6 62866 8 63121 10 63377 11 63632 12 63888 12 64144 12 64400 12 64656 12 64912 12 65169 11 65425 10
f7eaaf420b5204c4a42577428b7cd897a53ef07b759ccbba3ed30a3548ca5605,57824 3 58079 7 58334 9 58589 10 58844 12 59100 12 59356 12 59611 13 59867 13 60123 13 60379 13 60635 13 60891 13 61148 12 61404 11 61661 9 61918 7 62177 3
f7eaaf420b5204c4a42577428b7cd897a53ef07b759ccbba3ed30a3548ca5605,22255 5 22510 8 22765 10 23020 11 23276 11 23532 11 23788 11 24044 11 24300 11 24556 11 24812 11 25068 11 25324 11 25581 9 25838 7
f7eaaf420b5204c4a42577428b7cd897a53ef07b759ccbba3ed30a3548ca5605,50735 6 50990 8 51244 11 51499 12 51753 15 52008 16 52263 17 52517 18 52772 19 53028 18 53283 18 53538 19 53793 19 54049 19 54304 19 54559 19 54815 17 55070 17 55326 16 55582 15 55838 14 56095 11 56352 9 56609 6
f7eaaf420b5204c4a42577428b7cd897a53ef07b759ccbba3ed30a3548ca5605,4620 10 4874 13 5129 15 5384 16 5639 17 5894 18 6149 19 6405 19 6661 19 6917 18 7173 18 7429 17 7685 15 7942 13 8199 10 8456 8 8714 3
f7eaaf420b5204c4a42577428b7cd897a53ef07b759ccbba3ed30a3548ca5605,7912 2 8166 5 8421 7 8677 8 8932 9 9188 9 9444 9 9700 9 9956 9 10212 8 10469 7 10726 5
f7eaaf420b5204c4a42577428b7cd897a53ef07b759ccbba3ed30a3548ca5605,10059 5 10312 9 10567 10 10822 12 11078 12 11333 13 11589 13 11845 12 12102 9 12359 6
f7eaaf420b5204c4a42577428b7cd897a53ef07b759ccbba3ed30a3548ca5605,54353 7 54607 10 54862 12 55117 13 55372 14 55627 15 55882 16 56138 16 56393 17 56649 16 56904 16 57160 16 57417 14 57673 13 57929 11 58186 9 58444 5
