f8e74d4006dd68c1dbe68df7be905835e00d8ba4916f3b18884509a15fdc0b55,18014 6 18269 8 18524 10 18779 12 19033 14 19288 16 19543 17 19798 18 20054 18 20309 20 20565 20 20821 20 21077 19 21333 19 21589 19 21845 18 22102 16 22358 15 22615 12 22875 5
f8e74d4006dd68c1dbe68df7be905835e00d8ba4916f3b18884509a15fdc0b55,34305 3 34561 4 34817 5 35073 6 35329 7 35585 7 35841 7 36097 7 36353 7 36609 7 36865 7 37121 7 37377 7 37633 6 37889 6 38145 5 38401 4 38657 4 38913 3
f8e74d4006dd68c1dbe68df7be905835e00d8ba4916f3b18884509a15fdc0b55,43369 9 43624 11 43879 13 44134 14 44390 14 44645 16 44901 16 45157 17 45413 17 45669 17 45925 17 46181 17 46437 17 46693 17 46950 15 47207 14 47463 14 47719 13 47976 11 48235 4
f8e74d4006dd68c1dbe68df7be905835e00d8ba4916f3b18884509a15fdc0b55,20532 3 20787 5 21043 5 21299 5 21556 3
f8e74d4006dd68c1dbe68df7be905835e00d8ba4916f3b18884509a15fdc0b55,26971 3 27226 5 27482 5 27738 5 27995 3
f8e74d4006dd68c1dbe68df7be905835e00d8ba4916f3b18884509a15fdc0b55,58952 6 59207 9 59462 11 59717 13 59972 14 60228 14 60484 15 60739 16 60995 17 61251 17 61507 18 61763 18 62021 16 62283 9 62540 7 62796 7 63053 5 63310 2
f8e74d4006dd68c1dbe68df7be905835e00d8ba4916f3b18884509a15fdc0b55,27949 3 28204 5 28460 5 28716 5 28973 3
f8e74d4006dd68c1dbe68df7be905835e00d8ba4916f3b18884509a15fdc0b55,29464 10 29719 12 29974 14 30230 15 30485 16 30741 16 30997 16 31253 16 31509 16 31766 15 32022 15 32278 15 32534 14 32791 11 33047 10 33304 9 33560 8 33817 4
f8e74d4006dd68c1dbe68df7be905835e00d8ba4916f3b18884509a15fdc0b55,20604 10 20856 15 21111 17 21367 17 21623 17 21879 17 22134 19 22389 20 22645 20 22901 20 23157 20 23413 20 23669 19 23925 19 24181 19 24437 18 24693 17 24950 15 25209 9
f8e74d4006dd68c1dbe68df7be905835e00d8ba4916f3b18884509a15fdc0b55,32064 3 32319 5 32575 5 32831 5 33088 3
f8e74d4006dd68c1dbe68df7be905835e00d8ba4916f3b18884509a15fdc0b55,21263 3 21518 5 21774 5 22030 5 22287 3
f8e74d4006dd68c1dbe68df7be905835e00d8ba4916f3b18884509a15fdc0b55,3072 1 3325 4 3580 5 3836 5 4092 5 4347 6 4603 6 4858 7 5114 7 5370 7 5627 6 5883 6 6140 5 6398 3
f8e74d4006dd68c1dbe68df7be905835e00d8ba4916f3b18884509a15fdc0b55,43818 9 44072 16 44327 18 44582 20 44837 21 45093 21 45349 21 45605 21 45861 21 46118 19 46376 17 46635 13 46892 12 47148 12 47405 10 47666 4
f8e74d4006dd68c1dbe68df7be905835e00d8ba4916f3b18884509a15fdc0b55,16105 6 16360 9 16615 11 16870 13 17126 13 17381 15 17637 15 17893 16 18149 16 18405 16 18661 16 18917 16 19173 16 19430 15 19687 14 19944 13 20200 12 20457 10 20714 8 20971 5
f8e74d4006dd68c1dbe68df7be905835e00d8ba4916f3b18884509a15fdc0b55,9758 6 10013 11 10268 14 10524 15 10779 17 11034 18 11290 18 11545 19 11801 19 12057 19 12313 19 12569 19 12825 19 13081 19 13337 18 13593 18 13849 18 14105 17 14362 16 14619 15 14876 13 15133 11
f8e74d4006dd68c1dbe68df7be905835e00d8ba4916f3b18884509a15fdc0b55,43141 10 43395 13 43650 16 43905 18 44161 18 44417 18 44672 19 44928 19 45184 19 45440 19 45696 19 45952 19 46209 18 46466 17 46722 16 46979 14 47236 12 47494 8 47751 4
f8e74d4006dd68c1dbe68df7be905835e00d8ba4916f3b18884509a15fdc0b55,52212 3 52467 5 52723 5 52979 5 53236 3
f8e74d4006dd68c1dbe68df7be905835e00d8ba4916f3b18884509a15fdc0b55,17879 7 18134 9 18390 10 18645 11 18901 11 19157 11 19413 11 19669 11 19925 11 20181 11 20437 11 20694 9 20952 6
f8e74d4006dd68c1dbe68df7be905835e00d8ba4916f3b18884509a15fdc0b55,7183 4 7438 6 7692 9 7947 10 8203 10 8458 11 8714 10 8970 7 9226 6 9483 5 9740 3
f8e74d4006dd68c1dbe68df7be905835e00d8ba4916f3b18884509a15fdc0b55,46403 6 46657 10 46912 12 47168 13 47423 15 47679 16 47934 17 48190 17 48446 17 48702 17 48958 17 49214 16 49470 15 49726 15 49982 14 50238 12 50495 10 50752 8 51010 4
f8e74d4006dd68c1dbe68df7be905835e00d8ba4916f3b18884509a15fdc0b55,30789 3 31044 5 31300 5 31556 5 31813 3
f8e74d4006dd68c1dbe68df7be905835e00d8ba4916f3b18884509a15fdc0b55,37478 2 37733 4 37988 6 38243 7 38499 7 38755 7 39011 7 39268 6 39525 4
f8e74d4006dd68c1dbe68df7be905835e00d8ba4916f3b18884509a15fdc0b55,22273 3 22529 4 22785 5 23041 5 23297 6 23553 7 23809 7 24065 7 24321 7 24577 6
f8e74d4006dd68c1dbe68df7be905835e00d8ba4916f3b18884509a15fdc0b55,23105 3 23360 5 23616 5 23872 5 24129 3
f8e74d4006dd68c1dbe68df7be905835e00d8ba4916f3b18884509a15fdc0b55,51809 8 52064 11 52319 14 52574 16 52829 18 53085 18 53341 18 53597 18 53853 18 54109 18 54365 18 54621 17 54877 17 55133 16 55390 7 55647 5 55904 3
f8e74d4006dd68c1dbe68df7be905835e00d8ba4916f3b18884509a15fdc0b55,21759 2 22013 4 22268 5 22523 6 22778 7 23033 8 23289 8 23544 9 23800 9 24056 9 24312 9 24568 9 24824 9 25080 9 25336 9 25592 9 25849 8 26105 8 26362 7 26619 6 26876 5 27133 4 27390 3 27648 1
f8e74d4006dd68c1dbe68df7be905835e00d8ba4916f3b18884509a15fdc0b55,13513 6 13766 10 14020 13 14275 15 14530 17 14786 17 15042 18 15298 18 15555 17 15811 17 16067 17 16323 17 16579 17 16835 17 17090 18 17346 17 17602 16 17859 14 18115 13 18372 11 18629 8
f8e74d4006dd68c1dbe68df7be905835e00d8ba4916f3b18884509a15fdc0b55,127 16 383 16 639 16 894 17 1148 20 1403 22 1658 23 1914 23 2171 22 2427 22 2683 21 2940 18 3198 15 3455 13 3713 8 3970 6 4228 3
f8e74d4006dd68c1dbe68df7be905835e00d8ba4916f3b18884509a15fdc0b55,17322 7 17572 14 17827 16 18082 18 18338 19 18593 21 18849 22 19105 22 19361 23 19617 24 19873 24 20129 24 20384 25 20640 25 20896 24 21153 21 21409 20 21666 19 21922 19 22179 18 22438 15 22696 12
f8e74d4006dd68c1dbe68df7be905835e00d8ba4916f3b18884509a15fdc0b55,27797 8 28052 11 28307 13 28562 15 28817 17 29073 17 29328 18 29584 18 29839 19 30095 19 30351 19 30607 19 30864 18 31120 18 31376 18 31632 18 31888 18 32144 17 32401 15 32659 12
f8e74d4006dd68c1dbe68df7be905835e00d8ba4916f3b18884509a15fdc0b55,26966 3 27221 5 27477 5 27733 5 27990 3
f8e74d4006dd68c1dbe68df7be905835e00d8ba4916f3b18884509a15fdc0b55,6938 3 7193 5 7449 5 7705 5 7962 3
f8e74d4006dd68c1dbe68df7be905835e00d8ba4916f3b18884509a15fdc0b55,61710 7 61965 10 62220 13 62475 15 62729 18 62985 18 63241 18 63497 18 63753 18 64009 18 64265 18 64521 18 64777 17 65033 17 65289 17
f8e74d4006dd68c1dbe68df7be905835e00d8ba4916f3b18884509a15fdc0b55,50252 7 50507 9 50762 11 51017 12 51273 13 51529 13 51785 13 52041 13 52297 13 52553 13 52810 12 53068 9 53327 4
f8e74d4006dd68c1dbe68df7be905835e00d8ba4916f3b18884509a15fdc0b55,49406 3 49659 6 49914 7 50169 8 50424 9 50679 10 50935 10 51191 10 51447 10 51703 10 51959 10 52215 10 52472 9 52728 9 52985 8 53242 7 53499 6 53757 4
f8e74d4006dd68c1dbe68df7be905835e00d8ba4916f3b18884509a15fdc0b55,27747 4 27999 9 28253 12 28508 14 28763 15 29018 17 29273 19 29529 19 29784 21 30040 21 30297 20 30553 19 30809 19 31066 18 31324 16 31581 15 31838 14 32094 13 32350 13 32606 12 32863 10 33121 6
f8e74d4006dd68c1dbe68df7be905835e00d8ba4916f3b18884509a15fdc0b55,52013 3 52268 8 52523 12 52778 14 53033 16 53288 17 53543 19 53799 19 54055 20 54311 20 54567 20 54823 19 55079 18 55335 16 55591 15 55848 14 56104 14 56360 15 56617 14 56874 13 57131 11 57389 6
f8e74d4006dd68c1dbe68df7be905835e00d8ba4916f3b18884509a15fdc0b55,26551 4 26804 11 27059 14 27314 16 27570 17 27826 17 28081 19 28336 21 28592 22 28848 22 29104 22 29360 22 29616 22 29872 22 30129 21 30387 18 30644 17 30901 15 31158 11 31416 8
f8e74d4006dd68c1dbe68df7be905835e00d8ba4916f3b18884509a15fdc0b55,16647 4 16902 9 17158 10 17413 12 17669 13 17925 14 18180 16 18436 16 18692 17 18949 16 19205 16 19461 16 19717 16 19974 14 20230 13 20487 11 20744 9
f8e74d4006dd68c1dbe68df7be905835e00d8ba4916f3b18884509a15fdc0b55,12990 3 13245 5 13501 5 13757 5 14014 3
f8e74d4006dd68c1dbe68df7be905835e00d8ba4916f3b18884509a15fdc0b55,35152 5 35407 8 35662 11 35917 14 36172 16 36428 16 36683 17 36939 18 37195 18 37451 17 37708 16 37965 15 38221 15 38478 15 38735 14 38991 14 39247 14 39504 13 39761 12 40018 11 40275 9 40532 6
f8e74d4006dd68c1dbe68df7be905835e00d8ba4916f3b18884509a15fdc0b55,62017 4 62272 6 62527 7 62782 8 63038 8 63294 8 63551 8 63809 6 64065 6 64322 5 64579 3
f8e74d4006dd68c1dbe68df7be905835e00d8ba4916f3b18884509a15fdc0b55,37213 3 37468 5 37724 5 37980 5 38236 5 38493 3
f8e74d4006dd68c1dbe68df7be905835e00d8ba4916f3b18884509a15fdc0b55,41858 3 42113 5 42369 5 42625 5 42882 3
f8e74d4006dd68c1dbe68df7be905835e00d8ba4916f3b18884509a15fdc0b55,15230 6 15484 9 15739 11 15995 13 16250 15 16506 15 16761 16 17016 18 17272 18 17528 18 17784 17 18040 17 18296 17 18553 16 18809 15 19065 14 19322 12 19579 10
f8e74d4006dd68c1dbe68df7be905835e00d8ba4916f3b18884509a15fdc0b55,21025 11 21280 13 21535 15 21790 17 22046 18 22302 19 22557 21 22813 21 23069 21 23325 20 23581 20 23837 19 24093 18 24349 18 24605 9 24617 6 24862 7 24874 5 25119 6 25130 5 25376 4 25387 3
f8e74d4006dd68c1dbe68df7be905835e00d8ba4916f3b18884509a15fdc0b55,34055 3 34310 5 34566 5 34822 5 35079 3
f8e74d4006dd68c1dbe68df7be905835e00d8ba4916f3b18884509a15fdc0b55,30480 3 30735 5 30991 5 31247 5 31504 3
f8e74d4006dd68c1dbe68df7be905835e00d8ba4916f3b18884509a15fdc0b55,24642 4 24894 10 25148 13 25403 15 25658 16 25913 17 26166 21 26420 23 26675 24 26930 25 27186 25 27441 26 27697 26 27953 26 28209 26 28465 26 28721 26 28977 25 29233 25 29489 24 29745 24 30002 22 30258 21 30515 19 30773 16 31030 14 31287 9 31545 6
f8e74d4006dd68c1dbe68df7be905835e00d8ba4916f3b18884509a15fdc0b55,36734 3 36987 8 37240 12 37494 15 37749 17 38005 18 38260 20 38516 20 38772 20 39028 20 39284 20 39540 20 39797 18 40053 18 40310 17 40566 16 40823 14 41080 13 41337 11 41595 6
f8e74d4006dd68c1dbe68df7be905835e00d8ba4916f3b18884509a15fdc0b55,18984 5 19239 10 19495 11 19751 11 20008 10 20266 7
f8e74d4006dd68c1dbe68df7be905835e00d8ba4916f3b18884509a15fdc0b55,32120 4 32375 6 32631 6 32887 6 33144 5 33401 3
f8e74d4006dd68c1dbe68df7be905835e00d8ba4916f3b18884509a15fdc0b55,27000 6 27255 8 27510 11 27765 14 28021 15 28276 17 28531 19 28787 19 29043 19 29299 19 29554 21 29810 21 30066 21 30322 21 30578 21 30835 20 31091 20 31348 19 31605 18 31863 16 32124 10 32381 7 32637 4 32893 3
f8e74d4006dd68c1dbe68df7be905835e00d8ba4916f3b18884509a15fdc0b55,36886 6 37140 9 37395 11 37650 13 37905 16 38160 18 38415 19 38671 19 38927 19 39183 19 39439 18 39696 16 39955 12 40212 11 40468 11 40724 10 40981 9 41237 8 41494 6
f8e74d4006dd68c1dbe68df7be905835e00d8ba4916f3b18884509a15fdc0b55,218 36 474 36 729 37 985 36 1241 36 1497 36 1753 35 2009 35 2265 34 2522 32 2779 30 3036 27 3293 25 3550 23 3807 20 4065 17 4322 11 4580 8 4838 5
f8e74d4006dd68c1dbe68df7be905835e00d8ba4916f3b18884509a15fdc0b55,4918 10 5173 16 5429 17 5685 18 5940 19 6196 20 6452 20 6708 20 6964 20 7220 20 7476 20 7732 20 7988 20 8244 20 8500 19 8756 19 9012 19 9269 18 9525 17 9782 15 10038 15 10295 13 10552 10 10813 2
f8e74d4006dd68c1dbe68df7be905835e00d8ba4916f3b18884509a15fdc0b55,36195 3 36450 5 36706 5 36962 5 37219 4
