f952cc65376009cfad8249e53b9b2c0daaa3553e897096337d143c625c2df886,65557 2 65812 5 66067 7 66323 7 66579 7 66835 7 67091 8 67347 8 67603 8 67859 8 68115 8 68371 8 68627 8 68883 8 69139 7 69396 6 69653 5 69910 3
f952cc65376009cfad8249e53b9b2c0daaa3553e897096337d143c625c2df886,38947 2 39201 5 39455 7 39710 8 39966 8 40222 8 40478 8 40734 7 40990 7 41246 6 41502 5 41759 2
f952cc65376009cfad8249e53b9b2c0daaa3553e897096337d143c625c2df886,41066 2 41321 4 41577 4 41833 4 42089 4 42345 4 42602 2
f952cc65376009cfad8249e53b9b2c0daaa3553e897096337d143c625c2df886,44242 5 44497 8 44753 12 45009 14 45265 16 45520 18 45776 19 46032 20 46288 20 46545 19 46801 19 47059 18 47316 17 47573 16 47830 16 48087 15 48345 14 48602 13 48859 12 49116 11 49375 7 49632 5
f952cc65376009cfad8249e53b9b2c0daaa3553e897096337d143c625c2df886,42491 2 42746 4 43001 6 43256 7 43512 8 43768 8 44024 9 44280 9 44536 9 44793 8 45049 8 45305 8 45561 8 45818 7 46074 7 46330 7 46586 7 46843 6 47101 4
f952cc65376009cfad8249e53b9b2c0daaa3553e897096337d143c625c2df886,55862 3 56116 6 56371 8 56626 9 56880 11 57135 11 57391 11 57647 10 57903 10 58159 9 58414 10 58670 9 58926 9 59182 9 59439 8 59696 6 59953 4 60209 3 60465 3 60722 1
f952cc65376009cfad8249e53b9b2c0daaa3553e897096337d143c625c2df886,71533 3 71788 7 72044 9 72300 10 72556 11 72812 11 73068 11 73324 11 73580 12 73837 11 74093 11 74350 10 74607 9 74863 9 75119 9 75375 8 75632 4
f952cc65376009cfad8249e53b9b2c0daaa3553e897096337d143c625c2df886,42096 3 42351 5 42607 6 42863 7 43119 7 43375 7 43631 7 43887 8 44144 7 44401 6 44657 6 44913 6 45169 6 45425 6 45682 4 45939 3 46196 1
f952cc65376009cfad8249e53b9b2c0daaa3553e897096337d143c625c2df886,68606 3 68862 3 69118 3 69372 5 69627 6 69883 6 70138 7 70393 8 70649 8 70905 8 71161 8 71417 8 71673 8 71930 6
f952cc65376009cfad8249e53b9b2c0daaa3553e897096337d143c625c2df886,23772 5 24027 8 24282 10 24537 12 24792 14 25048 14 25304 14 25559 15 25814 15 26069 16 26325 15 26580 16 26836 15 27091 15 27347 14 27602 15 27858 15 28114 14 28370 13 28626 12 28883 10 29139 10 29395 9 29652 7 29908 5 30165 2
f952cc65376009cfad8249e53b9b2c0daaa3553e897096337d143c625c2df886,16512 4 16767 6 17022 7 17277 8 17533 8 17789 8 18044 8 18300 8 18556 8 18811 9 19067 8 19323 7 19579 7 19835 6 20092 4 20349 2
f952cc65376009cfad8249e53b9b2c0daaa3553e897096337d143c625c2df886,20886 2 21141 4 21397 4 21652 5 21908 5 22164 5 22420 6 22676 6 22932 6 23188 6 23444 6 23700 6 23956 6 24212 5 24468 4 24725 2
f952cc65376009cfad8249e53b9b2c0daaa3553e897096337d143c625c2df886,48941 5 49196 7 49452 7 49708 7 49964 7 50220 7 50476 6 50732 5 50988 5 51243 6 51499 6 51755 6 52010 6 52266 6 52521 7 52777 7 53033 6 53289 6 53545 6 53801 6 54057 5 54313 5 54570 3
f952cc65376009cfad8249e53b9b2c0daaa3553e897096337d143c625c2df886,873 4 1128 6 1384 7 1640 7 1895 9 2151 9 2407 9 2662 10 2918 10 3173 11 3429 11 3685 11 3941 11 4197 11 4453 11 4709 10 4965 10 5221 9 5477 9 5733 8 5989 7 6244 8 6500 7 6756 6 7013 4
f952cc65376009cfad8249e53b9b2c0daaa3553e897096337d143c625c2df886,62951 3 63206 5 63461 6 63717 6 63972 7 64228 7 64484 7 64739 8 64995 8 65251 7 65507 7 65762 8 66017 8 66273 8 66529 8 66784 8 67040 7 67295 7 67551 7 67807 6 68064 4 68320 4 68577 2
f952cc65376009cfad8249e53b9b2c0daaa3553e897096337d143c625c2df886,60975 2 61230 4 61485 5 61740 6 61995 6 62250 7 62506 7 62761 8 63016 8 63271 9 63527 8 63783 8 64039 8 64295 7 64551 6 64807 4
f952cc65376009cfad8249e53b9b2c0daaa3553e897096337d143c625c2df886,20477 2 20732 4 20988 4 21244 4 21499 5 21754 6 22010 6 22266 6 22523 5 22780 4 23037 2
f952cc65376009cfad8249e53b9b2c0daaa3553e897096337d143c625c2df886,73920 5 74175 10 74430 11 74685 12 74941 12 75197 12 75452 13 75708 13 75964 13 76219 14 76475 14 76731 14 76987 14 77243 14 77499 13 77755 12 78011 11 78268 5
f952cc65376009cfad8249e53b9b2c0daaa3553e897096337d143c625c2df886,47138 2 47392 5 47647 6 47902 7 48158 7 48413 8 48669 8 48925 7 49181 7 49437 6 49693 6 49949 5 50205 5 50461 4 50718 2
f952cc65376009cfad8249e53b9b2c0daaa3553e897096337d143c625c2df886,17242 4 17497 7 17752 9 18007 10 18262 11 18517 13 18773 13 19028 15 19283 16 19539 15 19795 15 20050 15 20306 15 20561 15 20817 14 21072 15 21328 14 21583 14 21839 14 22095 13 22352 11 22608 10 22865 8
f952cc65376009cfad8249e53b9b2c0daaa3553e897096337d143c625c2df886,671 3 926 5 1182 6 1438 7 1693 9 1949 9 2205 9 2461 9 2716 10 2972 10 3228 9 3485 8 3741 7 3997 7 4253 7 4510 6 4768 3
f952cc65376009cfad8249e53b9b2c0daaa3553e897096337d143c625c2df886,41267 3 41522 5 41778 5 42033 6 42289 6 42545 6 42801 5 43057 5 43313 5 43569 4 43824 5 44080 4 44337 2
f952cc65376009cfad8249e53b9b2c0daaa3553e897096337d143c625c2df886,65143 8 65398 10 65653 12 65909 13 66165 14 66421 14 66677 15 66933 15 67190 15 67446 15 67703 14 67959 14 68216 13 68473 12 68729 12 68986 11 69243 9
f952cc65376009cfad8249e53b9b2c0daaa3553e897096337d143c625c2df886,12457 6 12712 8 12968 8 13225 8 13482 8 13738 8 13995 8 14252 7 14508 7 14764 7 15021 5 15278 3
f952cc65376009cfad8249e53b9b2c0daaa3553e897096337d143c625c2df886,73448 4 73703 9 73958 10 74214 10 74469 11 74724 11 74980 11 75236 10 75492 9 75748 8 76005 3
f952cc65376009cfad8249e53b9b2c0daaa3553e897096337d143c625c2df886,30690 5 30945 8 31200 11 31455 12 31711 13 31967 13 32223 13 32479 12 32735 12 32991 12 33247 12 33503 12 33759 12 34016 11 34273 9 34532 3
f952cc65376009cfad8249e53b9b2c0daaa3553e897096337d143c625c2df886,35484 3 35739 5 35995 5 36250 6 36505 7 36761 7 37017 7 37273 6 37529 5 37785 4 38042 2
f952cc65376009cfad8249e53b9b2c0daaa3553e897096337d143c625c2df886,6736 4 6991 6 7246 7 7501 8 7757 8 8013 8 8268 10 8524 11 8780 12 9036 13 9292 13 9548 13 9804 12 10060 12 10316 12 10572 12 10828 12 11084 11 11340 11 11596 10 11852 10 12109 9 12365 9 12622 8 12879 6 13137 3
f952cc65376009cfad8249e53b9b2c0daaa3553e897096337d143c625c2df886,22572 6 22826 9 23081 10 23336 11 23591 13 23847 13 24103 13 24359 13 24615 13 24871 12 25127 11 25383 10 25639 10 25895 10 26151 9 26407 8 26663 8 26919 7 27176 5 27433 4 27690 2
f952cc65376009cfad8249e53b9b2c0daaa3553e897096337d143c625c2df886,48207 2 48462 4 48717 5 48972 7 49227 8 49482 8 49738 8 49993 9 50249 9 50505 9 50760 10 51016 10 51272 10 51527 10 51782 11 52038 11 52294 11 52550 10 52806 9 53062 9 53318 9 53574 9 53830 8 54085 8 54341 8 54597 7 54853 6 55109 6 55366 4
f952cc65376009cfad8249e53b9b2c0daaa3553e897096337d143c625c2df886,54047 3 54302 5 54557 6 54812 7 55067 8 55323 7 55578 8 55834 8 56089 8 56345 8 56601 8 56857 8 57113 7 57368 8 57624 8 57880 7 58136 7 58392 7 58648 6 58904 5 59161 4 59418 2
f952cc65376009cfad8249e53b9b2c0daaa3553e897096337d143c625c2df886,57180 7 57435 9 57689 10 57944 10 58198 11 58453 11 58709 6 58966 3
f952cc65376009cfad8249e53b9b2c0daaa3553e897096337d143c625c2df886,44618 4 44873 6 45127 8 45382 9 45637 10 45893 10 46149 9 46404 10 46659 10 46915 10 47171 9 47427 9 47684 7 47941 5 48198 3
f952cc65376009cfad8249e53b9b2c0daaa3553e897096337d143c625c2df886,58796 9 59050 12 59305 14 59560 16 59815 17 60071 18 60327 18 60584 18 60841 18 61098 18 61356 16 61613 16 61871 14 62128 13 62386 11 62643 10 62902 7 63159 6 63416 5 63674 2
f952cc65376009cfad8249e53b9b2c0daaa3553e897096337d143c625c2df886,46197 4 46453 5 46709 5 46965 5 47221 5 47477 5 47733 4 47989 4 48245 4 48502 2
f952cc65376009cfad8249e53b9b2c0daaa3553e897096337d143c625c2df886,41023 2 41278 4 41533 5 41789 4 42044 5 42299 6 42554 6 42809 7 43064 8 43319 8 43575 7 43831 6 44088 4 44345 2
f952cc65376009cfad8249e53b9b2c0daaa3553e897096337d143c625c2df886,38477 2 38732 4 38988 4 39243 6 39498 7 39753 8 40009 8 40265 7 40520 8 40776 8 41031 9 41287 8 41542 8 41798 7 42054 6 42310 5 42567 3
f952cc65376009cfad8249e53b9b2c0daaa3553e897096337d143c625c2df886,41695 10 41950 12 42206 13 42462 13 42718 14 42975 13 43231 14 43487 14 43743 14 43999 15 44256 15 44512 15 44769 14 45025 15 45281 15 45538 14 45795 13 46052 12 46308 12 46565 11 46822 10 47078 9 47334 9 47591 7 47847 6 48104 4
f952cc65376009cfad8249e53b9b2c0daaa3553e897096337d143c625c2df886,53768 4 54023 6 54279 6 54534 8 54790 8 55046 8 55302 8 55558 7 55814 6 56070 6 56326 5 56583 3
f952cc65376009cfad8249e53b9b2c0daaa3553e897096337d143c625c2df886,77527 5 77782 7 78037 8 78293 8 78548 9 78804 9 79060 9 79316 9 79572 9 79828 9 80084 8 80340 8 80596 8 80852 8 81108 8 81365 7 81623 4 81879 4
f952cc65376009cfad8249e53b9b2c0daaa3553e897096337d143c625c2df886,80319 6 80573 9 80828 11 81084 11 81340 11 81596 11 81852 11
f952cc65376009cfad8249e53b9b2c0daaa3553e897096337d143c625c2df886,60828 4 61082 8 61337 10 61593 11 61848 13 62103 14 62358 16 62614 16 62869 18 63125 18 63381 18 63637 18 63893 18 64149 18 64404 18 64660 17 64915 17 65171 16 65426 16 65681 16 65936 16 66191 16 66446 17 66701 18 66957 17 67212 17 67467 17 67723 16 67978 16 68234 15 68490 13 68746 12 69003 9 69260 6
f952cc65376009cfad8249e53b9b2c0daaa3553e897096337d143c625c2df886,23684 2 23939 4 24195 4 24451 4 24707 4 24962 5 25218 5 25473 6 25729 6 25985 5 26240 6 26496 6 26752 6 27008 5 27264 5 27520 5 27776 5 28033 3
f952cc65376009cfad8249e53b9b2c0daaa3553e897096337d143c625c2df886,78684 7 78939 10 79192 16 79447 18 79703 19 79959 19 80216 17 80475 13
f952cc65376009cfad8249e53b9b2c0daaa3553e897096337d143c625c2df886,59838 6 60093 8 60348 10 60604 11 60860 11 61116 12 61372 13 61629 12 61885 12 62141 12 62397 13 62653 13 62909 13 63165 13 63421 13 63677 13 63933 14 64189 14 64445 14 64701 14 64957 14 65213 13 65470 12 65726 12 65982 11 66238 11 66495 9 66752 7
f952cc65376009cfad8249e53b9b2c0daaa3553e897096337d143c625c2df886,54665 6 54919 9 55172 13 55427 14 55682 15 55937 16 56192 17 56448 17 56703 17 56958 17 57214 16 57469 16 57724 16 57979 16 58235 15 58491 15 58747 14 59002 14 59258 13 59515 11 59771 10 60028 7
f952cc65376009cfad8249e53b9b2c0daaa3553e897096337d143c625c2df886,28645 9 28899 12 29154 13 29408 15 29663 16 29919 16 30175 16 30432 15 30695 7 30953 4
f952cc65376009cfad8249e53b9b2c0daaa3553e897096337d143c625c2df886,58 9 313 10 569 9 824 10 1080 10 1336 9 1592 8 1848 8 2104 8 2360 7 2616 6 2872 5 3129 3
f952cc65376009cfad8249e53b9b2c0daaa3553e897096337d143c625c2df886,78311 4 78318 3 78566 6 78573 4 78822 12 79078 12 79334 12 79589 13 79845 13 80101 13 80358 11 80614 11 80873 8 81130 6 81386 5
f952cc65376009cfad8249e53b9b2c0daaa3553e897096337d143c625c2df886,9669 2 9924 5 10180 6 10436 6 10692 6 10948 7 11204 7 11460 8 11716 8 11972 9 12229 8 12485 8 12742 7 13000 4
f952cc65376009cfad8249e53b9b2c0daaa3553e897096337d143c625c2df886,35555 5 35810 9 36065 13 36321 14 36576 15 36832 15 37088 15 37344 16 37599 17 37855 17 38111 17 38367 18 38624 17 38881 16 39138 15 39395 14 39652 12 39908 12 40165 11 40421 10 40678 8 40935 6 41192 4
f952cc65376009cfad8249e53b9b2c0daaa3553e897096337d143c625c2df886,31400 3 31654 6 31909 8 32165 8 32421 8 32677 8 32933 8 33189 7 33445 7 33701 7 33957 7 34213 6 34469 5 34726 4 34983 2
f952cc65376009cfad8249e53b9b2c0daaa3553e897096337d143c625c2df886,52184 3 52439 5 52694 8 52949 10 53204 12 53459 15 53715 16 53970 18 54225 20 54480 21 54736 21 54991 22 55247 22 55502 22 55757 23 56013 23 56269 22 56525 22 56781 21 57037 20 57293 19 57549 18 57805 15 58062 11 58318 10 58576 7
f952cc65376009cfad8249e53b9b2c0daaa3553e897096337d143c625c2df886,74086 2 74341 4 74596 5 74852 5 75108 5 75364 5 75621 4 75878 2
f952cc65376009cfad8249e53b9b2c0daaa3553e897096337d143c625c2df886,15047 4 15302 6 15558 6 15814 6 16071 5 16328 3
f952cc65376009cfad8249e53b9b2c0daaa3553e897096337d143c625c2df886,17873 5 18127 8 18382 10 18637 11 18893 11 19149 11 19405 11 19661 10 19917 10 20172 11 20428 10 20684 10 20940 10 21195 10 21451 10 21707 9 21963 9 22220 8 22476 8 22733 6 22989 5 23246 3
f952cc65376009cfad8249e53b9b2c0daaa3553e897096337d143c625c2df886,26432 4 26687 6 26942 8 27197 10 27452 11 27708 11 27963 12 28218 13 28473 14 28729 14 28985 14 29241 14 29497 13 29753 13 30009 13 30265 12 30521 11 30778 9 31036 6
f952cc65376009cfad8249e53b9b2c0daaa3553e897096337d143c625c2df886,44380 3 44634 6 44889 7 45145 7 45400 8 45655 9 45911 8 46167 8 46422 9 46678 8 46934 8 47191 6
f952cc65376009cfad8249e53b9b2c0daaa3553e897096337d143c625c2df886,53838 3 54093 5 54349 5 54606 5 54863 4 55120 2
f952cc65376009cfad8249e53b9b2c0daaa3553e897096337d143c625c2df886,33163 3 33418 5 33673 7 33929 8 34184 9 34439 10 34694 12 34950 13 35205 14 35461 14 35718 13 35974 13 36230 13 36486 12 36743 11 37000 9 37260 4
f952cc65376009cfad8249e53b9b2c0daaa3553e897096337d143c625c2df886,27829 4 28084 6 28339 7 28594 8 28850 8 29106 8 29362 8 29618 7 29875 5 30132 3
f952cc65376009cfad8249e53b9b2c0daaa3553e897096337d143c625c2df886,32977 2 33232 4 33487 6 33742 7 33998 7 34254 7 34510 7 34766 7 35022 8 35278 8 35535 6
f952cc65376009cfad8249e53b9b2c0daaa3553e897096337d143c625c2df886,2533 3 2788 5 3043 6 3299 7 3555 7 3811 8 4067 8 4323 8 4580 7 4836 7 5092 6 5349 4
f952cc65376009cfad8249e53b9b2c0daaa3553e897096337d143c625c2df886,69860 4 70114 8 70370 8 70626 8 70881 9 71137 9 71392 10 71648 10 71904 9 72160 9 72417 7 72673 7 72929 6 73186 4
f952cc65376009cfad8249e53b9b2c0daaa3553e897096337d143c625c2df886,24826 5 25081 6 25336 7 25592 7 25848 7 26104 7 26360 3 26616 2
f952cc65376009cfad8249e53b9b2c0daaa3553e897096337d143c625c2df886,62526 3 62781 5 63035 7 63290 7 63546 7 63801 7 64055 9 64310 10 64565 10 64821 9 65077 9 65333 8 65588 9 65844 9 66100 8 66355 8 66610 9 66865 9 67119 10 67374 10 67629 10 67884 11 68140 10 68395 10 68651 10 68907 9 69163 8 69418 7 69674 6 69931 4 70188 2
f952cc65376009cfad8249e53b9b2c0daaa3553e897096337d143c625c2df886,72989 1 73244 3 73500 3 73756 4 73770 1 74013 3 74024 5 74030 2 74269 3 74279 11 74526 3 74533 14 74782 22 75038 23 75294 24 75550 24 75807 3 75812 17 76069 15 76326 12 76583 8
f952cc65376009cfad8249e53b9b2c0daaa3553e897096337d143c625c2df886,26363 3 26618 4 26874 4 27129 5 27385 5 27641 5 27897 5 28153 4 28409 4
f952cc65376009cfad8249e53b9b2c0daaa3553e897096337d143c625c2df886,22247 7 22502 9 22758 10 23013 11 23269 12 23525 12 23781 12 24037 12 24294 11 24550 11 24806 10 25062 10 25318 10 25574 10 25829 10 26085 10 26340 10 26596 9 26851 9 27106 9 27361 7 27617 4 27873 2
f952cc65376009cfad8249e53b9b2c0daaa3553e897096337d143c625c2df886,40031 4 40286 6 40541 8 40797 8 41053 8 41310 6 41567 4 41824 2
f952cc65376009cfad8249e53b9b2c0daaa3553e897096337d143c625c2df886,73857 2 74112 5 74367 7 74622 10 74878 11 75134 12 75390 13 75646 14 75903 13 76159 13 76416 11 76672 10 76929 8
f952cc65376009cfad8249e53b9b2c0daaa3553e897096337d143c625c2df886,24495 5 24749 8 25003 10 25257 12 25512 13 25767 13 26022 14 26277 14 26532 14 26788 13 27043 14 27299 13 27554 13 27808 14 28064 14 28320 13 28576 12 28831 12 29086 12 29341 12 29597 10 29853 8 30109 7 30365 6 30622 3
f952cc65376009cfad8249e53b9b2c0daaa3553e897096337d143c625c2df886,31094 2 31349 4 31605 4 31860 6 32116 7 32372 7 32627 9 32883 9 33139 9 33396 8 33652 8 33908 8 34164 8 34420 8 34676 8 34932 8 35188 8 35444 7 35701 5 35958 3
f952cc65376009cfad8249e53b9b2c0daaa3553e897096337d143c625c2df886,40074 3 40329 5 40584 6 40840 7 41095 9 41351 9 41606 10 41862 10 42118 10 42374 10 42630 9 42886 9 43142 9 43399 7 43656 5 43914 2
f952cc65376009cfad8249e53b9b2c0daaa3553e897096337d143c625c2df886,17065 3 17320 5 17575 7 17831 7 18086 8 18342 8 18598 8 18854 8 19109 9 19364 10 19620 9 19876 9 20132 8 20388 7 20645 3
f952cc65376009cfad8249e53b9b2c0daaa3553e897096337d143c625c2df886,33591 5 33846 7 34099 10 34354 11 34609 12 34865 12 35121 12 35377 12 35633 12 35889 12 36145 12 36402 10 36659 8 36916 6
f952cc65376009cfad8249e53b9b2c0daaa3553e897096337d143c625c2df886,22911 2 23166 4 23421 5 23677 5 23932 5 24188 5 24444 5 24699 6 24955 6 25211 5 25468 2
f952cc65376009cfad8249e53b9b2c0daaa3553e897096337d143c625c2df886,25279 4 25534 6 25789 8 26045 8 26300 9 26556 9 26812 9 27068 9 27324 9 27580 9 27836 9 28092 8 28348 7 28604 6 28860 5 29116 4 29373 2
f952cc65376009cfad8249e53b9b2c0daaa3553e897096337d143c625c2df886,44681 5 44936 7 45191 8 45446 10 45702 11 45958 12 46214 12 46470 12 46727 12 46984 12 47240 12 47497 8 47753 7 48010 4 48267 2
f952cc65376009cfad8249e53b9b2c0daaa3553e897096337d143c625c2df886,47746 5 48001 9 48257 10 48512 13 48768 13 49024 14 49281 14 49537 14 49793 14 50050 13 50307 12 50564 11 50820 11 51077 10 51335 8 51594 4
f952cc65376009cfad8249e53b9b2c0daaa3553e897096337d143c625c2df886,21208 4 21463 6 21718 7 21973 9 22228 10 22484 10 22739 12 22994 13 23249 13 23504 13 23760 12 24016 11 24271 11 24526 11 24782 10 25037 10 25293 9 25548 9 25804 9 26060 9 26315 10 26571 9 26826 10 27082 9 27337 10 27593 9 27849 8 28105 4 28362 2
f952cc65376009cfad8249e53b9b2c0daaa3553e897096337d143c625c2df886,44227 3 44483 3 44738 4 44993 4 45247 6 45502 6 45757 7 46013 6 46270 4
f952cc65376009cfad8249e53b9b2c0daaa3553e897096337d143c625c2df886,77305 3 77560 5 77815 7 78071 8 78326 9 78582 9 78838 9 79094 9 79350 10 79605 11 79861 11 80117 11 80373 11 80629 11 80885 11 81141 11 81398 9 81655 7
f952cc65376009cfad8249e53b9b2c0daaa3553e897096337d143c625c2df886,79485 8 79740 11 79995 14 80250 17 80505 19 80761 21 81018 21 81275 20 81533 17
f952cc65376009cfad8249e53b9b2c0daaa3553e897096337d143c625c2df886,3545 5 3800 7 4055 8 4311 8 4568 7 4825 7 5082 6 5339 5 5596 3
f952cc65376009cfad8249e53b9b2c0daaa3553e897096337d143c625c2df886,4301 5 4556 7 4811 9 5067 9 5323 8 5579 8 5835 8 6090 9 6345 10 6601 10 6857 9 7113 8 7368 8 7624 7 7880 6 8137 2
f952cc65376009cfad8249e53b9b2c0daaa3553e897096337d143c625c2df886,78649 5 78904 6 79159 8 79415 9 79671 10 79928 9 80184 9 80441 8 80697 8 80953 8 81210 7 81467 5
f952cc65376009cfad8249e53b9b2c0daaa3553e897096337d143c625c2df886,7674 3 7929 5 8185 5 8440 6 8696 6 8951 7 9207 7 9463 7 9719 7 9975 7 10231 7 10487 7 10743 7 10999 7 11255 7 11511 6 11767 5 12024 3
f952cc65376009cfad8249e53b9b2c0daaa3553e897096337d143c625c2df886,17129 3 17384 5 17640 5 17896 6 18152 6 18408 6 18664 6 18920 5 19176 5 19433 3
f952cc65376009cfad8249e53b9b2c0daaa3553e897096337d143c625c2df886,44296 6 44551 8 44807 8 45063 8 45318 8 45573 8 45829 8 46085 8 46340 9 46595 9 46851 8 47107 8 47363 7 47618 7 47873 7 48129 7 48386 6 48642 5 48899 2
f952cc65376009cfad8249e53b9b2c0daaa3553e897096337d143c625c2df886,45886 2 46141 4 46397 5 46652 7 46907 8 47162 9 47418 9 47674 9 47929 10 48185 10 48441 10 48697 10 48953 10 49208 11 49464 11 49720 10 49976 10 50232 10 50488 10 50744 9 51000 9 51256 9 51512 9 51768 8 52024 8 52280 8 52536 7 52793 6 53052 2
f952cc65376009cfad8249e53b9b2c0daaa3553e897096337d143c625c2df886,66472 11 66727 13 66982 15 67237 16 67493 16 67749 16 68005 16 68262 15 68521 11 68781 6
f952cc65376009cfad8249e53b9b2c0daaa3553e897096337d143c625c2df886,26268 4 26523 5 26779 5 27034 6 27290 6 27546 6 27801 7 28057 7 28312 8 28568 8 28824 7 29080 6 29336 5 29593 3
f952cc65376009cfad8249e53b9b2c0daaa3553e897096337d143c625c2df886,21920 2 22175 4 22431 4 22686 5 22942 5 23198 6 23453 7 23709 7 23964 8 24219 9 24475 8 24731 8 24988 7 25247 4 25504 2
f952cc65376009cfad8249e53b9b2c0daaa3553e897096337d143c625c2df886,47598 2 47853 4 48108 5 48364 5 48620 6 48875 7 49129 10 49384 11 49637 13 49888 18 50144 18 50399 18 50655 16 50911 13 51167 12 51423 11 51680 9 51937 7 52195 4
f952cc65376009cfad8249e53b9b2c0daaa3553e897096337d143c625c2df886,192 11 448 12 704 12 960 12 1216 12 1472 13 1729 12 1985 12 2242 10 2498 10 2755 9 3012 7 3269 4 3526 2
f952cc65376009cfad8249e53b9b2c0daaa3553e897096337d143c625c2df886,55532 3 55787 5 56043 5 56298 6 56554 6 56809 7 57065 6 57321 6 57577 6 57833 6 58089 6 58345 5 58601 7 58858 6 59114 6 59371 5 59628 4
f952cc65376009cfad8249e53b9b2c0daaa3553e897096337d143c625c2df886,56592 3 56845 6 57100 7 57356 7 57611 8 57866 9 58122 9 58377 10 58633 10 58888 10 59144 10 59399 11 59655 10 59910 11 60165 11 60421 11 60676 11 60932 11 61187 11 61443 10 61699 10 61955 9 62211 8 62467 8 62723 7 62980 5
f952cc65376009cfad8249e53b9b2c0daaa3553e897096337d143c625c2df886,7606 4 7861 6 8117 7 8373 8 8629 9 8885 9 9141 9 9397 9 9653 9 9909 9 10166 7 10423 6 10679 6 10935 6 11191 6 11448 5 11705 3
f952cc65376009cfad8249e53b9b2c0daaa3553e897096337d143c625c2df886,42664 3 42919 5 43175 6 43430 8 43685 10 43940 12 44196 13 44452 14 44708 15 44964 15 45220 15 45475 16 45731 16 45987 16 46243 16 46499 15 46756 13 47012 13 47269 12 47526 10 47784 8 48041 6 48298 4
f952cc65376009cfad8249e53b9b2c0daaa3553e897096337d143c625c2df886,2952 6 3207 8 3463 8 3718 10 3974 10 4229 12 4485 12 4741 12 4996 13 5252 13 5508 13 5764 12 6020 12 6275 13 6531 13 6787 12 7043 12 7299 12 7555 11 7812 10 8070 7 8328 4
f952cc65376009cfad8249e53b9b2c0daaa3553e897096337d143c625c2df886,72 6 327 7 582 8 838 8 1094 8 1350 8 1606 8 1862 8 2118 7 2375 5
f952cc65376009cfad8249e53b9b2c0daaa3553e897096337d143c625c2df886,30731 2 30979 11 31233 13 31489 13 31745 13 32001 13 32257 13 32513 13 32769 13 33025 12 33281 12 33537 11 33793 10 34049 8 34305 7 34561 3
f952cc65376009cfad8249e53b9b2c0daaa3553e897096337d143c625c2df886,38325 6 38581 7 38837 8 39092 10 39347 11 39603 11 39859 12 40114 13 40370 13 40626 13 40882 14 41138 14 41394 14 41650 14 41907 12 42164 11 42421 10 42677 9 42934 4
f952cc65376009cfad8249e53b9b2c0daaa3553e897096337d143c625c2df886,31328 3 31583 4 31838 5 32093 6 32349 6 32605 6 32861 6 33116 6 33372 6 33628 6 33884 6 34140 6 34395 6 34651 6 34907 6 35163 5 35419 5 35675 4 35931 4 36188 2
f952cc65376009cfad8249e53b9b2c0daaa3553e897096337d143c625c2df886,11504 4 11759 6 12014 7 12269 8 12525 9 12781 9 13038 8 13294 8 13550 8 13806 8 14062 8 14318 8 14574 7 14830 7 15086 7 15343 5
f952cc65376009cfad8249e53b9b2c0daaa3553e897096337d143c625c2df886,47507 4 47762 6 48017 8 48272 9 48527 11 48783 12 49039 12 49295 13 49551 13 49807 13 50063 14 50319 14 50575 14 50831 14 51087 14 51343 14 51600 12 51857 11 52113 10 52370 8 52627 6
f952cc65376009cfad8249e53b9b2c0daaa3553e897096337d143c625c2df886,88 11 344 10 601 6
f952cc65376009cfad8249e53b9b2c0daaa3553e897096337d143c625c2df886,11011 6 11266 8 11521 11 11777 12 12033 13 12289 14 12545 14 12801 14 13057 14 13313 14 13569 14 13825 13 14081 13 14337 13 14593 12 14849 12 15105 12 15361 11 15617 11 15873 10 16129 10 16385 9 16641 8 16897 8 17153 7 17410 5
f952cc65376009cfad8249e53b9b2c0daaa3553e897096337d143c625c2df886,42131 4 42386 9 42641 11 42896 13 43152 13 43408 13 43663 15 43919 15 44175 15 44431 16 44687 16 44943 17 45199 17 45456 16 45713 15 45970 14 46228 12 46485 11 46742 10 46999 9 47256 8 47513 7 47771 4
f952cc65376009cfad8249e53b9b2c0daaa3553e897096337d143c625c2df886,73099 12 73353 16 73607 21 73862 23 74117 25 74374 25 74632 23 74889 21 75148 17 75407 13 75665 10 75923 6
f952cc65376009cfad8249e53b9b2c0daaa3553e897096337d143c625c2df886,11772 1 12027 3 12282 5 12538 5 12794 5 13049 6 13304 7 13560 7 13816 7 14071 8 14327 8 14583 7 14839 7 15095 6 15352 4 15609 2
f952cc65376009cfad8249e53b9b2c0daaa3553e897096337d143c625c2df886,69830 3 70085 5 70340 8 70596 11 70852 11 71107 12 71363 12 71618 12 71874 12 72129 13 72385 13 72641 12 72897 12 73153 11 73409 10 73666 8 73925 4
f952cc65376009cfad8249e53b9b2c0daaa3553e897096337d143c625c2df886,52606 8 52861 10 53117 11 53373 11 53629 11 53885 11 54142 10 54398 11 54655 10 54912 7 55168 4 55424 3 55681 1
f952cc65376009cfad8249e53b9b2c0daaa3553e897096337d143c625c2df886,6052 2 6307 4 6562 5 6817 6 7073 6 7328 7 7584 7 7839 8 8095 8 8351 8 8607 8 8863 8 9118 9 9374 8 9630 8 9886 8 10142 8 10399 6 10655 5 10912 3
f952cc65376009cfad8249e53b9b2c0daaa3553e897096337d143c625c2df886,4889 3 5143 6 5398 7 5653 8 5908 9 6164 9 6419 10 6675 9 6932 6 7189 4
f952cc65376009cfad8249e53b9b2c0daaa3553e897096337d143c625c2df886,46441 4 46696 6 46951 7 47207 7 47462 8 47718 8 47973 9 48229 9 48485 9 48741 9 48997 8 49253 8 49509 7 49766 5
f952cc65376009cfad8249e53b9b2c0daaa3553e897096337d143c625c2df886,77313 4 77569 6 77825 7 78081 8 78337 8 78593 8 78849 8 79105 8 79361 7 79617 6 79873 5 80129 3 80385 1
f952cc65376009cfad8249e53b9b2c0daaa3553e897096337d143c625c2df886,34661 4 34916 6 35172 7 35427 8 35683 8 35938 9 36194 9 36450 9 36706 9 36962 8 37218 7 37474 6 37730 6 37987 5 38244 3
f952cc65376009cfad8249e53b9b2c0daaa3553e897096337d143c625c2df886,74582 3 74837 5 75092 6 75347 7 75602 8 75858 8 76114 8 76370 8 76626 8 76882 8 77138 8 77394 8 77650 8 77906 8 78162 7 78418 6 78674 6 78930 5 79187 3
f952cc65376009cfad8249e53b9b2c0daaa3553e897096337d143c625c2df886,59428 2 59683 4 59938 5 60194 5 60450 5 60706 5 60961 6 61217 6 61473 6 61728 7 61984 7 62240 8 62495 9 62751 8 63007 8 63263 8 63519 8 63775 8 64031 8 64287 8 64543 8 64799 8 65055 8 65311 7 65568 6 65824 5 66081 4 66338 2
f952cc65376009cfad8249e53b9b2c0daaa3553e897096337d143c625c2df886,70492 2 70747 4 71002 5 71257 5 71512 5 71767 6 72021 7 72276 7 72532 6 72789 4
f952cc65376009cfad8249e53b9b2c0daaa3553e897096337d143c625c2df886,68620 2 68875 4 69130 5 69386 5 69642 5 69898 5 70153 6 70409 6 70665 6 70921 6 71176 7 71432 7 71688 7 71944 6 72201 4
f952cc65376009cfad8249e53b9b2c0daaa3553e897096337d143c625c2df886,8854 2 9109 4 9364 5 9620 5 9876 5 10132 5 10388 5 10644 5 10900 5 11155 6 11411 6 11667 6 11923 6 12179 5 12435 5 12691 5 12948 4 13204 4 13461 2
f952cc65376009cfad8249e53b9b2c0daaa3553e897096337d143c625c2df886,29632 2 29887 4 30142 5 30398 6 30653 7 30909 7 31164 9 31420 9 31675 10 31931 10 32186 11 32442 11 32697 12 32953 12 33208 12 33464 11 33719 12 33975 11 34231 10 34487 9 34744 8 35004 3
f952cc65376009cfad8249e53b9b2c0daaa3553e897096337d143c625c2df886,25486 2 25740 5 25995 6 26250 8 26506 9 26763 8 27019 8 27275 8 27531 8 27787 8 28043 8 28299 8 28555 8 28811 8 29067 8 29324 6 29581 4 29837 4 30094 2
f952cc65376009cfad8249e53b9b2c0daaa3553e897096337d143c625c2df886,50529 2 50784 4 51039 6 51295 6 51551 6 51807 6 52062 7 52318 7 52574 8 52830 8 53087 7 53344 5
f952cc65376009cfad8249e53b9b2c0daaa3553e897096337d143c625c2df886,49572 6 49827 9 50083 10 50339 11 50595 12 50851 13 51107 13 51363 13 51619 12 51875 11 52131 10 52387 9 52644 3
f952cc65376009cfad8249e53b9b2c0daaa3553e897096337d143c625c2df886,16525 4 16780 7 17036 8 17291 9 17546 10 17802 10 18058 11 18313 12 18569 12 18825 12 19081 12 19337 11 19593 11 19849 11 20105 10 20362 8 20619 6
f952cc65376009cfad8249e53b9b2c0daaa3553e897096337d143c625c2df886,9426 3 9681 5 9936 7 10192 7 10448 7 10704 7 10960 7 11217 6 11474 4 11731 2
f952cc65376009cfad8249e53b9b2c0daaa3553e897096337d143c625c2df886,37288 3 37543 5 37799 5 38054 6 38311 5 38567 5 38823 4 39079 4 39335 3 39591 2
f952cc65376009cfad8249e53b9b2c0daaa3553e897096337d143c625c2df886,38347 7 38602 9 38858 9 39114 9 39370 9 39626 9 39882 9 40138 9 40395 8 40651 8 40907 8 41163 8 41420 6
f952cc65376009cfad8249e53b9b2c0daaa3553e897096337d143c625c2df886,52930 2 53185 4 53440 6 53695 7 53951 7 54207 7 54463 7 54718 8 54974 9 55230 10 55486 11 55742 11 55998 12 56254 13 56511 12 56767 13 57023 14 57280 13 57536 13 57793 12 58049 13 58306 12 58563 11 58820 10 59078 8 59337 4
f952cc65376009cfad8249e53b9b2c0daaa3553e897096337d143c625c2df886,53618 7 53873 9 54128 10 54384 10 54640 10 54896 10 55152 10 55408 10 55663 11 55918 11 56174 11 56430 11 56686 10 56942 9 57198 8 57455 6
f952cc65376009cfad8249e53b9b2c0daaa3553e897096337d143c625c2df886,66005 2 66260 4 66515 5 66770 6 67025 8 67280 9 67535 10 67790 11 68045 11 68300 12 68554 14 68809 15 69065 14 69321 13 69577 12 69833 12 70090 10 70348 5
f952cc65376009cfad8249e53b9b2c0daaa3553e897096337d143c625c2df886,47545 2 47800 4 48056 5 48311 6 48566 7 48821 8 49077 9 49332 10 49588 10 49844 10 50099 11 50355 11 50611 11 50867 12 51123 12 51379 12 51635 12 51892 11 52148 11 52404 11 52661 9 52918 8 53176 5 53434 2
f952cc65376009cfad8249e53b9b2c0daaa3553e897096337d143c625c2df886,28109 3 28364 4 28619 5 28875 4 29131 4 29386 5 29641 6 29896 7 30152 7 30408 6 30664 6 30919 7 31175 7 31431 7 31686 7 31941 8 32197 8 32453 8 32709 7 32965 7 33221 7 33477 7 33733 7 33989 6 34245 6 34502 5 34759 3
f952cc65376009cfad8249e53b9b2c0daaa3553e897096337d143c625c2df886,64497 3 64750 7 65005 9 65260 10 65515 11 65770 12 66025 13 66281 13 66537 13 66792 14 67048 13 67305 12 67561 12 67818 10 68075 8 68333 4
f952cc65376009cfad8249e53b9b2c0daaa3553e897096337d143c625c2df886,38046 8 38300 11 38555 12 38810 13 39066 13 39321 14 39577 14 39833 14 40089 14 40344 15 40600 15 40856 14 41112 13 41368 12 41625 11 41882 9 42139 7 42396 4
f952cc65376009cfad8249e53b9b2c0daaa3553e897096337d143c625c2df886,2997 3 3250 7 3505 8 3760 9 4016 9 4272 10 4528 10 4784 9 5041 8 5299 5 5556 3
f952cc65376009cfad8249e53b9b2c0daaa3553e897096337d143c625c2df886,74237 4 74492 5 74748 5 75004 5 75260 5 75516 5 75772 5 76028 5 76285 4
f952cc65376009cfad8249e53b9b2c0daaa3553e897096337d143c625c2df886,5109 3 5364 5 5619 6 5874 7 6130 7 6385 8 6641 8 6897 8 7153 8 7409 7 7665 6 7922 4
f952cc65376009cfad8249e53b9b2c0daaa3553e897096337d143c625c2df886,17660 2 17915 4 18170 6 18425 7 18681 7 18937 7 19192 7 19448 7 19704 6 19960 5 20216 4 20473 2
f952cc65376009cfad8249e53b9b2c0daaa3553e897096337d143c625c2df886,60302 8 60557 10 60812 11 61068 11 61324 11 61581 9 61838 6
f952cc65376009cfad8249e53b9b2c0daaa3553e897096337d143c625c2df886,76198 6 76452 9 76707 11 76963 12 77219 12 77476 11 77733 9 77993 4
f952cc65376009cfad8249e53b9b2c0daaa3553e897096337d143c625c2df886,61709 1 61964 3 62219 4 62475 4 62730 5 62986 4 63242 4 63498 4 63753 5 64009 5 64265 5 64521 4 64778 2
f952cc65376009cfad8249e53b9b2c0daaa3553e897096337d143c625c2df886,41595 4 41850 5 42106 5 42362 5 42618 5 42874 5 43130 5 43386 5 43642 5 43899 3
f952cc65376009cfad8249e53b9b2c0daaa3553e897096337d143c625c2df886,52143 2 52398 6 52649 12 52904 14 53157 19 53411 23 53666 25 53921 27 54176 28 54432 28 54688 28 54944 28 55200 28 55456 28 55712 28 55968 28 56224 28 56480 28 56737 12 56756 8 56994 9 57015 4 57251 7 57508 4
f952cc65376009cfad8249e53b9b2c0daaa3553e897096337d143c625c2df886,47450 6 47706 7 47961 8 48216 9 48472 8 48727 9 48983 9 49239 9 49494 9 49750 8 50006 8 50262 7 50518 7 50774 6 51030 6 51287 4
f952cc65376009cfad8249e53b9b2c0daaa3553e897096337d143c625c2df886,51448 3 51703 5 51959 6 52214 7 52469 8 52725 8 52981 8 53237 8 53493 7 53749 7 54005 7 54261 7 54517 6 54774 4
f952cc65376009cfad8249e53b9b2c0daaa3553e897096337d143c625c2df886,9447 2 9702 4 9957 5 10213 6 10469 6 10725 6 10980 7 11236 7 11492 7 11748 7 12004 7 12260 7 12516 7 12772 7 13028 7 13284 8 13540 8 13796 8 14053 7 14309 7 14565 6 14821 6 15077 5 15333 5 15589 4 15845 4 16101 4 16358 2
