f9ea1a1159c33f39bbe5f18bb278d961188b40508277eab7c0b4b91219b37b5d,14603 5 14961 8 15320 9 15679 10 16039 10 16399 10 16759 9 17119 7 17480 4
f9ea1a1159c33f39bbe5f18bb278d961188b40508277eab7c0b4b91219b37b5d,113337 3 113691 13 114048 18 114406 22 114763 27 115120 31 115469 43 115823 50 116172 62 116529 66 116888 67 117248 68 117607 69 117967 69 118327 69 118686 70 119046 70 119406 71 119766 71 120126 71 120486 71 120846 71 121206 71 121567 70 121927 70 122287 70 122647 69 123007 69 123367 69 123727 68 124088 67 124448 66 124808 65 125169 63 125529 62 125889 60 126250 57 126611 55 126972 51 127333 48 127694 43 128055 38 128417 29 128780 22
f9ea1a1159c33f39bbe5f18bb278d961188b40508277eab7c0b4b91219b37b5d,41037 4 41396 5 41754 7 42112 9 42471 10 42830 11 43188 13 43546 15 43905 16 44263 18 44622 19 44981 20 45339 22 45696 25 46055 26 46414 27 46773 28 47132 29 47492 29 47852 29 48212 29 48572 29 48931 30 49291 30 49651 30 50011 30 50371 30 50732 29 51092 29 51453 28 51813 28 52173 28 52533 28 52894 27 53255 26 53616 25 53977 23 54339 21 54702 15 55064 8
f9ea1a1159c33f39bbe5f18bb278d961188b40508277eab7c0b4b91219b37b5d,29829 15 30184 26 30543 31 30900 37 31258 41 31617 44 31976 46 32335 48 32694 50 33053 52 33412 55 33771 57 34131 57 34490 59 34850 60 35209 62 35569 62 35928 64 36288 64 36648 64 37008 65 37368 65 37728 65 38087 66 38447 66 38808 65 39168 65 39528 65 39888 64 40248 64 40609 63 40970 61 41331 60 41692 58 42053 57 42415 54 42778 50 43140 47 43505 41 43870 35 44233 30 44596 26 44959 22 45323 16
f9ea1a1159c33f39bbe5f18bb278d961188b40508277eab7c0b4b91219b37b5d,22379 5 22735 20 23092 33 23449 42 23806 50 24164 55 24521 60 24878 65 25236 68 25593 72 25951 76 26309 79 26666 83 27024 86 27382 88 27741 90 28100 92 28459 93 28818 95 29177 96 29536 98 29895 99 30254 100 30613 102 30972 103 31331 104 31690 105 32049 106 32408 107 32766 109 33125 110 33484 111 33843 111 34203 111 34562 112 34921 113 35281 113 35641 112 36001 112 36361 111 36721 111 37081 111 37441 110 37801 110 38161 110 38521 109 38881 109 39241 108 39601 107 39961 106 40321 105 40681 103 41041 101 41401 100 41761 98 42121 97 42481 95 42841 94 43201 92 43561 90 43921 88 44282 85 44643 82 45004 76 45365 69 45726 61 46087 40 46449 30 46812 24 47181 10
f9ea1a1159c33f39bbe5f18bb278d961188b40508277eab7c0b4b91219b37b5d,90449 5 90808 7 91168 7 91528 7 91888 7 92242 12 92602 12 92962 11 93322 10 93683 8
f9ea1a1159c33f39bbe5f18bb278d961188b40508277eab7c0b4b91219b37b5d,115227 11 115586 15 115944 19 116303 23 116661 28 117020 44 117379 47 117738 51 118097 53 118456 56 118816 57 119175 59 119535 60 119894 61 120254 62 120614 62 120974 63 121334 63 121694 64 122054 64 122415 63 122775 64 123136 63 123496 63 123857 63 124218 62 124578 62 124939 61 125300 60 125661 59 126022 58 126383 57 126744 56 127105 55 127466 54 127828 51 128189 49 128551 47 128912 45 129273 43
f9ea1a1159c33f39bbe5f18bb278d961188b40508277eab7c0b4b91219b37b5d,239 48 598 49 957 49 1316 50 1675 50 2034 50 2394 50 2753 50 3112 50 3472 49 3831 49 4191 48 4551 47 4911 46 5271 45 5631 44 5992 42 6352 41 6713 39 7074 37 7435 35 7796 32 8158 27 8520 22 8882 18 9243 13 9605 7
f9ea1a1159c33f39bbe5f18bb278d961188b40508277eab7c0b4b91219b37b5d,85681 1 86041 1 86401 2 86761 2 87121 2 87481 2 87841 3 88201 3 88561 3 88921 3 89281 3 89641 3 90001 3 90361 3 90721 3 91081 2 91441 1 91801 1
f9ea1a1159c33f39bbe5f18bb278d961188b40508277eab7c0b4b91219b37b5d,88 29 448 28 808 27 1169 25 1529 23 1890 21 2250 19 2611 16 2972 13 3334 7
f9ea1a1159c33f39bbe5f18bb278d961188b40508277eab7c0b4b91219b37b5d,84692 5 85051 8 85411 9 85771 11 86131 13 86491 14 86851 15 87212 14 87572 15 87932 15 88293 14 88653 14 89014 13 89375 12 89736 11 90096 10 90457 8 90819 4
f9ea1a1159c33f39bbe5f18bb278d961188b40508277eab7c0b4b91219b37b5d,99982 8 100011 8 100340 19 100364 18 100698 47 101056 50 101414 53 101772 56 102129 59 102488 61 102846 63 103205 65 103564 66 103923 68 104283 68 104642 69 105001 70 105361 70 105720 71 106080 71 106440 71 106799 72 107159 71 107519 71 107879 71 108239 71 108599 70 108960 68 109320 67 109680 66 110040 65 110400 64 110760 62 111121 60 111481 59 111841 57 112202 55 112563 51 112924 47 113285 41 113647 37 114008 32 114370 29 114732 25 115094 22 115456 13 115817 6
f9ea1a1159c33f39bbe5f18bb278d961188b40508277eab7c0b4b91219b37b5d,117221 7 117580 10 117939 12 118297 16 118656 18 119015 20 119374 22 119734 24 120093 27 120453 28 120813 29 121173 30 121533 30 121893 30 122254 29 122614 29 122974 29 123334 29 123695 28 124055 29 124415 29 124776 29 125136 30 125496 31 125856 32 126216 32 126576 32 126937 31 127297 31 127657 30 128017 29 128377 29 128737 28 129097 28 129458 27
f9ea1a1159c33f39bbe5f18bb278d961188b40508277eab7c0b4b91219b37b5d,89006 1 89365 5 89724 6 90084 6 90444 5 90804 4 91165 3
f9ea1a1159c33f39bbe5f18bb278d961188b40508277eab7c0b4b91219b37b5d,14219 5 14578 7 14937 9 15297 9 15657 9 16017 9 16378 8 16738 7 17099 5
f9ea1a1159c33f39bbe5f18bb278d961188b40508277eab7c0b4b91219b37b5d,17563 13 17917 27 18275 32 18632 38 18988 44 19346 48 19705 51 20064 53 20423 55 20782 57 21142 59 21501 60 21861 61 22220 63 22580 63 22940 64 23300 64 23660 65 24021 64 24381 64 24742 63 25102 63 25463 62 25824 60 26186 58 26547 56 26908 54 27270 51 27632 48 27993 46 28355 42 28717 37 29082 20 29445 10
f9ea1a1159c33f39bbe5f18bb278d961188b40508277eab7c0b4b91219b37b5d,86488 3 86847 4 87206 6 87566 6 87926 6 88286 6 88646 5 89007 3
f9ea1a1159c33f39bbe5f18bb278d961188b40508277eab7c0b4b91219b37b5d,64441 7 64801 9 65161 10 65521 11 65881 13 66241 14 66601 15 66961 17 67321 18 67681 19 68041 21 68401 22 68761 22 69121 23 69481 24 69841 24 70201 25 70561 26 70921 27 71281 28 71641 29 72001 30 72361 31 72721 32 73081 33 73441 33 73801 34 74161 35 74521 35 74881 36 75241 36 75601 36 75961 36 76321 36 76681 36 77041 36 77401 36 77761 35 78121 35 78481 35 78841 34 79201 33 79561 32 79921 32 80281 31 80641 30 81001 29 81361 27 81721 25 82081 24 82441 21 82802 19 83166 9
f9ea1a1159c33f39bbe5f18bb278d961188b40508277eab7c0b4b91219b37b5d,77112 5 77471 7 77831 8 78192 7 78553 5
f9ea1a1159c33f39bbe5f18bb278d961188b40508277eab7c0b4b91219b37b5d,90078 2 90437 4 90796 6 91156 6 91516 6 91876 6 92236 6 92596 6 92956 6 93317 4
f9ea1a1159c33f39bbe5f18bb278d961188b40508277eab7c0b4b91219b37b5d,7348 9 7705 20 8063 24 8421 29 8779 32 9134 38 9492 41 9851 42 10209 45 10568 46 10926 48 11285 50 11644 52 12001 55 12360 56 12719 57 13078 58 13437 59 13797 59 14157 59 14517 59 14876 60 15236 60 15595 61 15955 61 16315 60 16675 59 17035 59 17396 57 17756 56 18116 54 18477 52 18837 50 19198 46 19559 41 19920 39 20281 38 20643 35 21004 34 21366 30 21727 28 22096 17 22461 9
f9ea1a1159c33f39bbe5f18bb278d961188b40508277eab7c0b4b91219b37b5d,84658 4 85014 9 85373 12 85732 14 86092 15 86452 16 86812 16 87172 16 87533 15 87893 15 88253 15 88614 14 88974 13 89335 10 89696 8 90057 3
f9ea1a1159c33f39bbe5f18bb278d961188b40508277eab7c0b4b91219b37b5d,125819 5 126177 9 126535 12 126894 16 127253 19 127612 21 127972 21 128331 23 128691 24 129051 25 129411 25
f9ea1a1159c33f39bbe5f18bb278d961188b40508277eab7c0b4b91219b37b5d,82527 3 82886 5 83246 6 83606 7 83966 7 84326 7 84686 6 85047 4
f9ea1a1159c33f39bbe5f18bb278d961188b40508277eab7c0b4b91219b37b5d,83597 6 83955 9 84314 11 84674 11 85034 11 85394 11 85753 12 86113 12 86472 13 86832 13 87191 14 87551 13 87911 13 88271 12 88632 9 88993 4
