fa751ff3a6332c95cb5cb1d28563553914295e9e7d35c4b6bd267241e8a0787c,6554 4 6809 7 7064 9 7319 10 7574 12 7830 12 8085 13 8341 13 8596 13 8852 13 9107 13 9363 13 9619 12 9875 12 10131 11 10388 10 10645 8 10902 5
fa751ff3a6332c95cb5cb1d28563553914295e9e7d35c4b6bd267241e8a0787c,64466 4 64721 6 64976 8 65231 9 65487 9
fa751ff3a6332c95cb5cb1d28563553914295e9e7d35c4b6bd267241e8a0787c,56305 3 56559 7 56814 9 57069 11 57325 12 57580 14 57836 14 58092 15 58347 16 58603 16 58859 16 59115 16 59371 16 59627 16 59883 15 60140 14 60396 13 60653 11 60911 8
fa751ff3a6332c95cb5cb1d28563553914295e9e7d35c4b6bd267241e8a0787c,47347 6 47602 8 47858 8 48113 9 48369 9 48625 10 48881 10 49136 10 49392 10 49648 10 49905 9 50161 9 50417 8 50674 6 50931 4
fa751ff3a6332c95cb5cb1d28563553914295e9e7d35c4b6bd267241e8a0787c,21050 8 21304 11 21559 13 21815 14 22070 15 22325 16 22581 16 22837 16 23093 16 23350 14 23607 11 23864 8
fa751ff3a6332c95cb5cb1d28563553914295e9e7d35c4b6bd267241e8a0787c,26961 7 27214 11 27469 13 27724 14 27979 15 28234 16 28490 16 28746 16 29002 16 29259 14 29515 13 29772 9
fa751ff3a6332c95cb5cb1d28563553914295e9e7d35c4b6bd267241e8a0787c,31893 4 32146 10 32399 14 32654 16 32909 17 33165 17 33420 18 33676 17 33932 17 34189 15 34446 13
fa751ff3a6332c95cb5cb1d28563553914295e9e7d35c4b6bd267241e8a0787c,25254 3 25508 7 25762 10 26017 12 26272 13 26527 14 26783 13 27038 14 27294 13 27549 14 27805 13 28061 12 28318 10 28575 7
fa751ff3a6332c95cb5cb1d28563553914295e9e7d35c4b6bd267241e8a0787c,18856 6 19109 10 19364 11 19619 13 19874 14 20129 15 20384 15 20640 14 20896 14 21152 13 21408 12 21665 10 21923 6
fa751ff3a6332c95cb5cb1d28563553914295e9e7d35c4b6bd267241e8a0787c,43811 7 44064 11 44319 13 44574 15 44830 15 45085 16 45341 16 45596 17 45852 17 46108 16 46365 15 46621 14 46878 11 47135 9
fa751ff3a6332c95cb5cb1d28563553914295e9e7d35c4b6bd267241e8a0787c,25857 7 26113 9 26369 10 26625 10 26881 11 27137 11 27393 11 27649 11 27905 10 28161 10 28417 9 28673 8 28929 7 29185 6 29441 4
fa751ff3a6332c95cb5cb1d28563553914295e9e7d35c4b6bd267241e8a0787c,30906 9 31161 11 31415 13 31670 14 31925 15 32180 16 32436 16 32692 15 32948 14 33204 13 33460 12 33717 9 33975 6
fa751ff3a6332c95cb5cb1d28563553914295e9e7d35c4b6bd267241e8a0787c,24215 5 24469 8 24724 10 24979 12 25234 13 25489 14 25744 14 26000 14 26256 13 26513 11 26770 8 27027 5
fa751ff3a6332c95cb5cb1d28563553914295e9e7d35c4b6bd267241e8a0787c,38792 12 39046 15 39301 16 39556 17 39812 17 40068 17 40324 17 40581 15 40838 13 41096 9
fa751ff3a6332c95cb5cb1d28563553914295e9e7d35c4b6bd267241e8a0787c,37381 7 37636 9 37891 11 38147 12 38403 12 38659 12 38915 12 39171 12 39427 12 39683 12 39939 12 40195 12 40452 10 40708 10 40964 9 41221 7
fa751ff3a6332c95cb5cb1d28563553914295e9e7d35c4b6bd267241e8a0787c,23130 6 23382 12 23637 14 23892 15 24147 16 24402 17 24658 17 24914 17 25170 17 25426 16 25682 15 25939 12 26196 9
fa751ff3a6332c95cb5cb1d28563553914295e9e7d35c4b6bd267241e8a0787c,16635 6 16890 7 17145 8 17401 8 17656 9 17912 9 18168 9 18424 9 18680 9 18936 9 19192 9 19448 9 19704 9 19960 9 20217 8 20474 6
fa751ff3a6332c95cb5cb1d28563553914295e9e7d35c4b6bd267241e8a0787c,9992 4 10245 10 10499 14 10754 16 11009 17 11265 17 11521 17 11777 17 12034 15 12291 13 12549 6
fa751ff3a6332c95cb5cb1d28563553914295e9e7d35c4b6bd267241e8a0787c,27063 4 27316 8 27570 10 27825 12 28080 13 28335 14 28589 17 28844 18 29099 18 29354 19 29609 20 29865 20 30120 20 30376 20 30632 20 30889 17 31145 16 31402 13 31658 12 31915 10 32174 4
fa751ff3a6332c95cb5cb1d28563553914295e9e7d35c4b6bd267241e8a0787c,54390 6 54643 10 54898 12 55153 13 55408 15 55663 16 55919 16 56175 16 56431 15 56687 15 56944 13 57200 12 57457 10
fa751ff3a6332c95cb5cb1d28563553914295e9e7d35c4b6bd267241e8a0787c,8268 9 8522 12 8777 15 9032 17 9288 18 9544 18 9800 18 10057 16 10313 16 10570 13
fa751ff3a6332c95cb5cb1d28563553914295e9e7d35c4b6bd267241e8a0787c,37969 7 38223 11 38477 14 38732 16 38988 16 39243 17 39499 17 39755 17 40011 17 40267 16 40523 14 40780 12 41038 9
fa751ff3a6332c95cb5cb1d28563553914295e9e7d35c4b6bd267241e8a0787c,35102 9 35357 12 35612 14 35868 15 36124 15 36380 15 36636 15 36892 15 37148 15 37405 13 37662 11 37920 6
fa751ff3a6332c95cb5cb1d28563553914295e9e7d35c4b6bd267241e8a0787c,51346 5 51601 8 51856 10 52111 11 52367 12 52622 13 52878 13 53134 13 53390 13 53646 13 53902 12 54159 11 54415 10 54672 8 54929 6 55186 4
fa751ff3a6332c95cb5cb1d28563553914295e9e7d35c4b6bd267241e8a0787c,14933 6 15188 9 15443 11 15698 12 15954 13 16210 13 16465 14 16721 14 16977 14 17233 14 17489 14 17745 14 18002 12 18258 12 18514 11 18771 9 19028 6 19285 4
fa751ff3a6332c95cb5cb1d28563553914295e9e7d35c4b6bd267241e8a0787c,45024 3 45277 7 45532 8 45787 9 46043 9 46299 9 46554 11 46810 11 47066 10 47321 11 47577 10 47833 10 48089 9 48344 10 48600 9 48857 7 49114 5 49371 3
fa751ff3a6332c95cb5cb1d28563553914295e9e7d35c4b6bd267241e8a0787c,26754 6 27007 10 27262 11 27517 12 27772 14 28028 14 28284 13 28540 13 28797 11 29054 9 29312 6
fa751ff3a6332c95cb5cb1d28563553914295e9e7d35c4b6bd267241e8a0787c,25582 6 25837 8 26092 9 26347 10 26602 11 26858 11 27114 11 27369 12 27625 12 27881 12 28137 12 28393 12 28649 11 28905 10 29162 8 29419 6
fa751ff3a6332c95cb5cb1d28563553914295e9e7d35c4b6bd267241e8a0787c,10208 5 10462 8 10717 9 10973 9 11228 10 11484 10 11740 10 11996 10 12252 9 12509 7 12766 5
fa751ff3a6332c95cb5cb1d28563553914295e9e7d35c4b6bd267241e8a0787c,43642 6 43896 10 44150 13 44404 15 44659 17 44915 17 45171 17 45427 17 45683 16 45940 14 46197 12 46455 7
fa751ff3a6332c95cb5cb1d28563553914295e9e7d35c4b6bd267241e8a0787c,9338 6 9593 8 9848 10 10103 11 10359 11 10614 12 10869 13 11125 13 11381 13 11637 12 11893 12 12149 11 12406 9 12663 7
fa751ff3a6332c95cb5cb1d28563553914295e9e7d35c4b6bd267241e8a0787c,54882 7 55136 11 55391 13 55647 14 55903 14 56159 15 56415 15 56671 15 56928 14 57185 13 57442 11 57699 9
fa751ff3a6332c95cb5cb1d28563553914295e9e7d35c4b6bd267241e8a0787c,235 13 490 14 745 14 1001 13 1257 13 1513 11 1770 9 2027 6
fa751ff3a6332c95cb5cb1d28563553914295e9e7d35c4b6bd267241e8a0787c,34171 5 34423 10 34677 13 34931 16 35186 17 35441 18 35697 18 35953 17 36209 17 36465 16 36722 14 36979 11 37236 7
fa751ff3a6332c95cb5cb1d28563553914295e9e7d35c4b6bd267241e8a0787c,42482 5 42737 7 42992 9 43247 10 43503 10 43758 11 44014 11 44270 11 44526 11 44782 10 45038 10 45294 9 45551 7 45808 5
fa751ff3a6332c95cb5cb1d28563553914295e9e7d35c4b6bd267241e8a0787c,50511 9 50765 13 51020 15 51275 17 51530 19 51785 21 52040 22 52295 23 52551 23 52807 23 53063 23 53319 22 53575 21 53832 19 54089 16 54346 14
fa751ff3a6332c95cb5cb1d28563553914295e9e7d35c4b6bd267241e8a0787c,62769 14 63023 17 63278 19 63534 20 63789 21 64045 21 64301 21 64557 21 64813 21 65070 19 65327 17
fa751ff3a6332c95cb5cb1d28563553914295e9e7d35c4b6bd267241e8a0787c,12350 5 12604 8 12859 10 13114 11 13370 11 13625 12 13880 13 14136 13 14392 12 14648 12 14904 11 15160 11 15416 10 15672 9 15929 7
fa751ff3a6332c95cb5cb1d28563553914295e9e7d35c4b6bd267241e8a0787c,916 6 1170 11 1425 13 1681 14 1936 15 2192 16 2448 16 2704 16 2960 16 3217 15 3474 13 3732 11 3990 8
fa751ff3a6332c95cb5cb1d28563553914295e9e7d35c4b6bd267241e8a0787c,64001 6 64257 8 64513 9 64769 11 65025 12 65281 13
fa751ff3a6332c95cb5cb1d28563553914295e9e7d35c4b6bd267241e8a0787c,59183 8 59438 11 59693 13 59949 14 60204 16 60460 17 60716 17 60972 17 61228 17 61485 16 61744 12 62005 4
fa751ff3a6332c95cb5cb1d28563553914295e9e7d35c4b6bd267241e8a0787c,43496 3 43751 5 44006 8 44261 9 44517 9 44772 10 45028 10 45284 10 45540 10 45796 10 46052 10 46308 10 46565 9 46821 8 47078 7 47335 5
fa751ff3a6332c95cb5cb1d28563553914295e9e7d35c4b6bd267241e8a0787c,13028 2 13280 8 13535 10 13790 11 14045 12 14300 13 14556 13 14812 13 15068 12 15324 12 15580 11 15837 9 16094 6
