fc22db33a2495f58f118bc182c0087e140df14ccb8dad51373e1a54381f683de,105090 7 105606 12 106124 16 106643 18 107162 20 107681 22 108200 24 108719 25 109238 27 109758 27 110277 28 110796 30 111315 31 111835 31 112355 31 112874 32 113394 32 113914 32 114434 32 114954 31 115474 31 115994 31 116514 31 117034 31 117554 31 118074 30 118594 30 119114 29 119635 27 120155 27 120675 26 121196 24 121717 22 122237 22 122758 20 123279 18 123800 15 124322 11 124847 4
fc22db33a2495f58f118bc182c0087e140df14ccb8dad51373e1a54381f683de,51785 7 52302 11 52821 14 53340 16 53859 17 54378 19 54898 19 55418 19 55937 21 56457 21 56976 22 57496 22 58016 23 58536 23 59056 23 59576 23 60096 23 60616 23 61136 23 61656 23 62176 23 62696 23 63216 23 63737 22 64257 21 64777 21 65297 21 65818 20 66338 19 66859 18 67379 18 67900 16 68421 15 68942 13 69463 11 69984 9 70506 5
fc22db33a2495f58f118bc182c0087e140df14ccb8dad51373e1a54381f683de,349488 2 350005 10 350523 13 351042 15 351561 16 352081 17 352601 17 353121 17 353641 17 354160 19 354679 20 355198 21 355718 21 356238 21 356758 21 357278 20 357798 20 358318 20 358838 20 359359 18 359879 18 360399 18 360919 17 361440 16
fc22db33a2495f58f118bc182c0087e140df14ccb8dad51373e1a54381f683de,296307 7 296825 10 297344 13 297863 15 298382 17 298902 18 299421 20 299941 20 300460 22 300980 22 301500 22 302020 23 302540 23 303060 24 303580 24 304100 25 304620 26 305140 26 305660 27 306180 27 306700 27 307220 27 307740 27 308260 26 308783 23 309305 21 309826 20 310348 17 310869 15 311390 14 311911 12 312432 11 312957 5
fc22db33a2495f58f118bc182c0087e140df14ccb8dad51373e1a54381f683de,109919 5 110437 8 110955 12 111474 14 111993 16 112513 17 113033 18 113553 19 114073 20 114592 21 115112 20 115632 20 116152 20 116672 21 117192 21 117712 21 118232 21 118752 20 119272 20 119792 20 120312 20 120832 20 121352 20 121873 19 122393 19 122913 18 123434 17 123954 17 124475 15 124996 13 125517 11 126038 8 126559 3
fc22db33a2495f58f118bc182c0087e140df14ccb8dad51373e1a54381f683de,338205 4 338723 9 339241 12 339760 14 340279 17 340799 21 341319 22 341839 22 342359 21 342879 21 343399 21 343919 21 344440 19 344960 19 345481 17 346002 15 346524 12 347047 8 347569 4
fc22db33a2495f58f118bc182c0087e140df14ccb8dad51373e1a54381f683de,285074 2 285589 14 286107 18 286626 21 287145 26 287664 28 288184 29 288704 29 289224 30 289745 30 290265 30 290785 30 291306 29 291826 29 292347 28 292868 27 293389 26 293910 24 294430 24 294950 23 295471 21 295992 19 296513 16 297034 14 297555 12 298078 7
fc22db33a2495f58f118bc182c0087e140df14ccb8dad51373e1a54381f683de,27514 6 28033 9 28552 12 29071 14 29590 16 30109 17 30628 18 31147 19 31666 20 32185 22 32705 22 33224 22 33744 22 34263 23 34783 23 35302 23 35821 24 36341 23 36861 23 37381 22 37900 22 38420 22 38939 22 39459 21 39979 20 40499 20 41019 20 41539 19 42059 18 42579 17 43099 16 43619 15 44140 13 44660 12 45181 10 45702 8 46224 4
fc22db33a2495f58f118bc182c0087e140df14ccb8dad51373e1a54381f683de,1 19 521 21 1041 22 1561 23 2081 24 2601 25 3121 26 3641 27 4161 27 4681 28 5201 29 5721 30 6241 30 6761 30 7281 30 7801 30 8321 30 8841 30 9361 30 9881 30 10401 30 10921 30 11441 30 11961 30 12482 28 13003 26 13526 23 14048 20 14569 18 15091 15 15614 8
fc22db33a2495f58f118bc182c0087e140df14ccb8dad51373e1a54381f683de,141658 6 142175 10 142693 13 143212 14 143731 16 144251 16 144771 16 145290 17 145810 17 146330 18 146850 18 147369 19 147889 19 148408 20 148928 20 149448 19 149968 19 150488 19 151008 18 151528 17 152048 16 152568 16 153088 16 153608 15 154129 11 154650 9 155171 6
fc22db33a2495f58f118bc182c0087e140df14ccb8dad51373e1a54381f683de,316476 4 316993 11 317511 16 318030 19 318548 22 319067 24 319586 26 320105 28 320625 28 321144 30 321664 30 322184 30 322704 30 323224 29 323744 29 324265 27 324786 26 325307 24 325828 21 326349 19 326871 14
fc22db33a2495f58f118bc182c0087e140df14ccb8dad51373e1a54381f683de,102761 6 103278 12 103797 15 104315 18 104834 19 105353 21 105872 22 106391 24 106910 25 107430 26 107949 27 108468 27 108988 27 109508 27 110028 27 110547 28 111067 28 111587 27 112106 28 112626 28 113146 27 113666 27 114186 26 114706 25 115226 24 115747 22 116267 20 116788 18 117310 14 117832 9
fc22db33a2495f58f118bc182c0087e140df14ccb8dad51373e1a54381f683de,132354 4 132872 8 133391 11 133910 14 134429 16 134948 18 135468 18 135987 20 136507 20 137027 20 137546 22 138066 22 138585 23 139105 23 139625 24 140145 24 140665 24 141186 23 141706 22 142226 22 142747 21 143268 19 143788 19 144308 18 144828 17 145349 15 145869 14 146390 12 146912 9 147433 6
fc22db33a2495f58f118bc182c0087e140df14ccb8dad51373e1a54381f683de,103890 6 104408 13 104927 16 105446 18 105965 20 106484 22 107003 24 107522 26 108044 24 108566 22 109086 23 109606 23 110126 23 110647 22 111168 21 111689 19 112209 19 112729 19 113249 19 113769 18 114289 18 114809 17 115329 16 115850 14 116371 12 116893 9 117414 4 117935 1
fc22db33a2495f58f118bc182c0087e140df14ccb8dad51373e1a54381f683de,145069 9 145588 13 146107 14 146626 15 147146 15 147666 15 148186 15 148706 15 149226 15 149746 15 150266 15 150786 15 151307 14 151827 14 152348 13 152868 13 153389 12 153910 11 154431 10 154952 9 155473 8 155996 5
fc22db33a2495f58f118bc182c0087e140df14ccb8dad51373e1a54381f683de,323405 4 323923 7 324441 10 324959 13 325477 16 325995 18 326513 20 327032 21 327551 22 328069 25 328588 26 329107 27 329626 28 330145 28 330664 29 331184 29 331704 29 332224 28 332744 28 333265 26 333786 25 334306 24 334826 23 335347 21 335868 20 336389 18 336910 16 337432 13 337955 9
fc22db33a2495f58f118bc182c0087e140df14ccb8dad51373e1a54381f683de,99020 8 99537 12 100055 15 100574 17 101093 18 101612 20 102131 21 102650 22 103170 22 103690 22 104210 22 104730 22 105249 22 105769 22 106289 22 106809 22 107329 22 107849 22 108369 22 108888 22 109408 22 109927 23 110446 24 110967 22 111488 21 112009 19 112530 17 113051 16 113572 14 114093 12 114615 9
fc22db33a2495f58f118bc182c0087e140df14ccb8dad51373e1a54381f683de,154531 7 155049 11 155568 13 156087 16 156606 18 157125 20 157644 22 158163 23 158683 24 159203 25 159723 26 160242 27 160762 28 161282 28 161802 28 162322 28 162843 28 163363 28 163883 29 164403 29 164923 29 165444 28 165964 28 166484 28 167005 27 167525 27 168046 26 168566 27 169086 27 169607 26 170128 25 170648 24 171169 23 171691 21 172212 19 172733 18 173255 16 173776 14 174299 9 174821 5
fc22db33a2495f58f118bc182c0087e140df14ccb8dad51373e1a54381f683de,338613 9 339132 11 339651 13 340170 15 340688 18 341207 19 341726 21 342246 21 342765 21 343284 22 343803 23 344323 23 344842 24 345362 24 345881 24 346401 24 346920 25 347440 24 347960 24 348480 23 348999 24 349519 23 350040 22 350560 21 351080 20 351601 17 352122 15 352643 13 353164 10 353687 3
fc22db33a2495f58f118bc182c0087e140df14ccb8dad51373e1a54381f683de,314494 2 315013 4 315532 8 316052 10 316572 11 317092 12 317612 14 318132 19 318652 19 319172 19 319692 19 320212 19 320732 19 321252 19 321772 18 322292 18 322813 17 323334 16 323854 15 324375 13 324896 11 325418 8
fc22db33a2495f58f118bc182c0087e140df14ccb8dad51373e1a54381f683de,115037 7 115555 12 116074 15 116593 17 117112 19 117631 21 118151 21 118671 22 119190 23 119710 24 120230 25 120750 25 121270 26 121790 26 122310 27 122830 27 123351 26 123871 27 124392 26 124912 26 125432 26 125952 26 126473 25 126993 25 127514 24 128035 23 128556 22 129077 20 129598 19 130119 17 130641 14 131164 10
fc22db33a2495f58f118bc182c0087e140df14ccb8dad51373e1a54381f683de,151092 6 151610 10 152128 13 152646 16 153165 17 153685 18 154205 18 154724 19 155244 20 155763 21 156283 21 156802 22 157322 22 157842 22 158362 22 158882 21 159402 21 159922 20 160442 20 160963 18 161483 18 162003 17 162523 17 163044 15 163564 14 164085 12 164606 10 165128 5
fc22db33a2495f58f118bc182c0087e140df14ccb8dad51373e1a54381f683de,152210 11 152728 14 153245 18 153764 24 154283 25 154802 26 155321 27 155840 28 156360 28 156879 29 157399 29 157918 29 158438 28 158958 28 159478 27 159998 27 160518 26 161038 25 161558 24 162078 23 162599 22 163119 22 163640 20 164161 17 164682 11 165203 8
fc22db33a2495f58f118bc182c0087e140df14ccb8dad51373e1a54381f683de,152274 4 152793 7 153310 11 153829 12 154347 15 154865 17 155384 18 155902 20 156421 21 156940 22 157459 22 157978 22 158497 23 159016 23 159536 23 160055 23 160575 22 161094 22 161614 20 162134 18 162654 17 163175 14 163696 11 164216 9 164737 7
fc22db33a2495f58f118bc182c0087e140df14ccb8dad51373e1a54381f683de,258812 8 259330 12 259848 15 260365 18 260882 21 261401 23 261920 24 262439 25 262958 26 263477 27 263996 28 264515 28 265034 29 265553 30 266073 29 266592 30 267111 30 267631 30 268150 30 268670 29 269189 30 269709 29 270229 28 270749 27 271269 27 271789 26 272309 25 272829 24 273350 22 273870 20 274390 19 274911 17 275432 14 275953 12 276474 10 276996 6
fc22db33a2495f58f118bc182c0087e140df14ccb8dad51373e1a54381f683de,141039 9 141558 12 142077 15 142596 19 143115 22 143635 24 144154 26 144674 27 145194 28 145714 29 146234 30 146754 30 147274 31 147794 32 148315 32 148835 32 149356 31 149876 32 150396 32 150917 31 151438 30 151959 29 152479 29 153000 28 153521 27 154043 25 154564 24 155085 22 155606 21 156128 18 156651 14 157174 9
fc22db33a2495f58f118bc182c0087e140df14ccb8dad51373e1a54381f683de,119 13 638 15 1157 16 1676 17 2194 19 2713 21 3232 22 3752 22 4271 23 4791 22 5311 22 5831 22 6351 21 6871 21 7391 21 7912 19 8432 18 8953 16 9474 14 9995 12 10518 6
fc22db33a2495f58f118bc182c0087e140df14ccb8dad51373e1a54381f683de,327835 7 328353 10 328872 12 329391 14 329910 15 330429 17 330948 18 331467 19 331986 19 332505 20 333024 21 333543 21 334062 21 334582 21 335101 21 335621 21 336140 21 336660 20 337180 20 337700 19 338220 19 338740 19 339260 18 339780 18 340300 18 340820 17 341341 16 341861 16 342382 14 342903 11 343425 8 343946 5
fc22db33a2495f58f118bc182c0087e140df14ccb8dad51373e1a54381f683de,6240 1 6758 3 7277 4 7796 5 8316 5 8835 6 9354 7 9874 7 10393 8 10912 9 11432 9 11951 10 12471 10 12991 10 13511 10 14030 11 14550 11 15070 11 15591 10 16111 10 16631 10 17151 10 17671 10 18191 10 18712 9 19232 9 19753 8 20274 7 20795 6 21316 5
fc22db33a2495f58f118bc182c0087e140df14ccb8dad51373e1a54381f683de,211913 7 212431 12 212950 14 213469 16 213989 18 214508 20 215028 21 215547 23 216067 24 216587 25 217107 26 217628 25 218148 26 218668 26 219188 27 219708 27 220228 28 220749 27 221269 27 221790 27 222310 27 222831 26 223352 25 223872 25 224392 25 224913 24 225434 23 225954 23 226474 23 226994 23 227515 22 228036 21 228557 19 229078 17 229599 16 230121 13 230642 10 231166 4
fc22db33a2495f58f118bc182c0087e140df14ccb8dad51373e1a54381f683de,44620 8 45137 14 45651 21 46169 24 46688 26 47208 27 47728 27 48247 29 48766 30 49286 30 49805 32 50325 32 50844 33 51363 34 51883 33 52402 34 52921 35 53441 34 53961 34 54481 34 55001 34 55521 33 56041 32 56561 31 57082 30 57602 29 58122 28 58643 26 59164 24 59685 21 60206 18 60728 13 61254 4
fc22db33a2495f58f118bc182c0087e140df14ccb8dad51373e1a54381f683de,93067 2 93586 9 94105 12 94625 13 95144 15 95663 17 96182 19 96701 20 97220 21 97739 22 98258 23 98776 25 99296 25 99816 25 100336 25 100856 25 101375 26 101895 2 101899 22 102420 21 102940 21 103461 20 103982 19 104502 19 105023 17 105543 17 106063 16 106584 14 107104 13 107625 10 108146 8
fc22db33a2495f58f118bc182c0087e140df14ccb8dad51373e1a54381f683de,134182 5 134700 9 135218 12 135737 14 136257 15 136776 17 137296 18 137815 19 138335 20 138855 20 139375 21 139895 22 140415 22 140935 23 141456 22 141976 22 142496 23 143017 22 143537 22 144058 21 144578 21 145099 20 145619 21 146140 20 146661 19 147181 19 147702 17 148222 17 148742 17 149263 16 149783 16 150304 15 150824 14 151345 13 151866 11 152387 9 152908 7
fc22db33a2495f58f118bc182c0087e140df14ccb8dad51373e1a54381f683de,186216 5 186734 11 187252 16 187771 18 188291 20 188810 22 189330 23 189850 24 190370 25 190890 25 191410 25 191930 26 192450 26 192971 25 193491 25 194011 26 194531 26 195051 26 195572 25 196093 25 196613 25 197133 25 197654 23 198174 23 198694 23 199215 22 199735 22 200255 21 200776 20 201297 18 201818 17 202339 15 202861 10 203383 6
fc22db33a2495f58f118bc182c0087e140df14ccb8dad51373e1a54381f683de,320248 8 320762 16 321277 22 321796 24 322315 26 322834 27 323354 27 323874 27 324399 22 324921 20 325444 17 325965 16 326489 12 327013 7
fc22db33a2495f58f118bc182c0087e140df14ccb8dad51373e1a54381f683de,190928 3 191446 9 191965 11 192484 13 193004 16 193524 17 194044 18 194563 20 195082 22 195602 22 196121 24 196641 24 197161 25 197681 26 198200 27 198720 28 199240 28 199760 28 200280 29 200800 29 201321 28 201842 27 202363 26 202884 25 203405 24 203926 23 204447 22 204968 21 205489 20 206010 18 206532 16 207054 13 207576 10 208099 5
fc22db33a2495f58f118bc182c0087e140df14ccb8dad51373e1a54381f683de,347631 8 348148 12 348665 16 349181 21 349699 23 350217 26 350736 27 351255 27 351774 28 352293 28 352813 27 353332 27 353852 25 354372 24 354892 23 355412 22 355932 20 356453 18 356973 16 357494 13 358016 8
fc22db33a2495f58f118bc182c0087e140df14ccb8dad51373e1a54381f683de,193961 2 194481 4 195001 5 195521 5 196041 6 196561 6 197081 7 197601 7 198121 7 198641 8 199161 8 199681 8 200201 8 200721 8 201241 8 201761 8 202281 8 202801 8 203321 8 203841 7 204361 7 204881 7 205401 6 205921 6 206441 6 206961 5 207481 4 208001 4 208521 3 209041 2
fc22db33a2495f58f118bc182c0087e140df14ccb8dad51373e1a54381f683de,52136 5 52651 14 53169 17 53686 22 54205 24 54724 25 55243 27 55761 30 56280 31 56799 32 57319 32 57838 33 58357 34 58877 34 59396 34 59916 34 60436 33 60956 33 61476 32 61996 32 62516 31 63036 30 63557 28 64077 27 64598 25 65119 22 65640 20 66161 16 66684 11
fc22db33a2495f58f118bc182c0087e140df14ccb8dad51373e1a54381f683de,76942 4 77460 7 77979 9 78497 12 79016 14 79534 17 80053 18 80573 18 81092 19 81611 20 82130 22 82650 22 83169 23 83689 23 84209 22 84728 23 85248 23 85768 23 86287 23 86807 23 87327 23 87846 23 88366 23 88886 23 89406 23 89926 22 90446 21 90966 21 91486 20 92007 19 92527 19 93047 19 93567 19 94087 18 94607 18 95127 17 95647 3 95654 9 96166 3 96175 7 96686 2 96696 5 97216 4 97736 3 98256 2
fc22db33a2495f58f118bc182c0087e140df14ccb8dad51373e1a54381f683de,230777 5 231295 9 231813 12 232332 14 232851 16 233370 18 233889 19 234408 21 234928 21 235447 22 235967 23 236487 23 237007 24 237527 24 238047 24 238568 23 239088 23 239609 21 240130 20 240651 18 241172 16 241694 13 242217 7
fc22db33a2495f58f118bc182c0087e140df14ccb8dad51373e1a54381f683de,172770 10 173289 13 173808 15 174327 17 174847 18 175366 20 175886 21 176405 23 176925 24 177444 25 177964 26 178484 26 179003 27 179523 28 180043 28 180563 28 181083 28 181603 28 182123 28 182643 29 183163 29 183683 29 184203 29 184724 27 185244 27 185765 26 186285 26 186806 24 187326 24 187847 23 188368 21 188889 19 189410 17 189931 15 190454 9
fc22db33a2495f58f118bc182c0087e140df14ccb8dad51373e1a54381f683de,225203 5 225721 10 226240 12 226759 14 227278 16 227798 16 228317 17 228837 17 229357 17 229877 18 230396 19 230916 19 231436 19 231956 19 232476 18 232996 18 233516 18 234035 19 234555 18 235075 18 235595 18 236114 18 236634 17 237154 17 237674 16 238193 17 238713 17 239234 15 239754 12 240275 9 240796 7 241318 3
fc22db33a2495f58f118bc182c0087e140df14ccb8dad51373e1a54381f683de,366 18 885 20 1405 21 1924 23 2443 24 2962 26 3481 27 4001 27 4521 27 5041 26 5560 27 6080 26 6600 26 7121 24 7641 23 8162 21 8683 19 9204 16 9727 11 10250 6
fc22db33a2495f58f118bc182c0087e140df14ccb8dad51373e1a54381f683de,122057 3 122576 5 123093 9 123612 11 124131 13 124650 15 125170 16 125689 18 126208 20 126727 22 127247 22 127767 22 128286 24 128806 24 129326 24 129845 26 130365 25 130885 24 131405 23 131925 23 132445 23 132965 23 133486 22 134007 20 134527 20 135048 18 135570 15 136091 13 136613 9 137138 2
fc22db33a2495f58f118bc182c0087e140df14ccb8dad51373e1a54381f683de,121680 1 122199 2 122718 3 123238 3 123757 4 124277 4 124797 4 125316 5 125836 5 126356 5 126875 6 127395 6 127915 6 128435 6 128955 6 129475 6 129995 6 130515 6 131035 6 131555 6 132075 6 132596 5 133117 4
fc22db33a2495f58f118bc182c0087e140df14ccb8dad51373e1a54381f683de,141883 4 142402 6 142922 6 143442 6 143962 6 144483 5 145004 3
fc22db33a2495f58f118bc182c0087e140df14ccb8dad51373e1a54381f683de,258767 3 259280 12 259797 16 260315 19 260834 21 261352 23 261871 25 262389 27 262908 28 263427 29 263945 30 264464 31 264983 32 265502 33 266022 32 266541 33 267060 33 267580 33 268099 33 268619 32 269139 31 269659 29 270179 28 270699 27 271219 25 271740 21 272262 16 272784 7
fc22db33a2495f58f118bc182c0087e140df14ccb8dad51373e1a54381f683de,107512 8 108030 14 108549 17 109068 18 109587 19 110106 20 110625 22 111145 23 111664 25 112184 25 112704 25 113224 25 113743 26 114262 27 114781 28 115301 28 115821 29 116340 31 116860 33 117379 35 117899 36 118419 36 118939 37 119459 38 119978 39 120498 39 121017 40 121535 42 122054 3 122060 37 122574 2 122581 35 123102 34 123623 33 124144 31 124665 30 125186 28 125707 26 126228 24 126749 23 127269 22 127789 21 128310 19 128830 18 129350 16 129871 14 130392 11 130913 8
fc22db33a2495f58f118bc182c0087e140df14ccb8dad51373e1a54381f683de,242366 3 242885 5 243404 6 243923 7 244439 11 244958 12 245478 11 245997 12 246516 13 247036 12 247555 13 248074 13 248594 13 249113 13 249633 13 250152 14 250671 15 251191 15 251711 15 252230 16 252750 16 253270 17 253789 18 254309 18 254829 18 255349 18 255869 19 256389 19 256909 19 257429 19 257949 19 258469 19 258989 19 259510 17 260030 17 260551 16 261071 16 261592 14 262113 12 262634 10 263155 8 263677 5
fc22db33a2495f58f118bc182c0087e140df14ccb8dad51373e1a54381f683de,169715 5 170233 9 170751 12 171270 14 171788 17 172307 19 172826 20 173345 22 173865 22 174385 23 174904 25 175424 25 175944 25 176464 25 176984 26 177504 26 178024 26 178544 26 179064 26 179584 25 180104 25 180624 25 181145 24 181665 23 182185 23 182706 21 183226 21 183747 20 184268 18 184789 16 185310 14 185832 10 186354 6
fc22db33a2495f58f118bc182c0087e140df14ccb8dad51373e1a54381f683de,22779 4 23294 12 23810 18 24328 21 24846 23 25365 25 25884 26 26402 28 26921 29 27440 30 27959 31 28478 31 28997 32 29516 32 30036 31 30556 30 31075 30 31595 29 32115 28 32635 27 33156 24 33676 22 34197 20 34718 16 35239 11 35762 4
fc22db33a2495f58f118bc182c0087e140df14ccb8dad51373e1a54381f683de,348928 6 349447 8 349965 11 350482 15 351001 16 351521 16 352041 17 352561 17 353081 17 353601 17 354121 17 354641 17 355161 17 355681 17 356201 17 356721 17 357241 17 357761 17 358281 17 358801 17 359321 17 359841 16 360361 16 360881 16 361401 15
fc22db33a2495f58f118bc182c0087e140df14ccb8dad51373e1a54381f683de,235303 3 235822 8 236341 10 236861 11 237381 12 237901 13 238420 15 238940 15 239459 17 239979 18 240499 18 241019 19 241539 19 242059 20 242578 21 243098 21 243618 21 244139 21 244659 21 245180 20 245700 20 246221 19 246741 20 247261 20 247782 19 248302 19 248822 18 249343 17 249863 17 250384 15 250904 15 251425 14 251945 13 252466 12 252987 10 253508 8 254030 4
fc22db33a2495f58f118bc182c0087e140df14ccb8dad51373e1a54381f683de,16288 7 16805 11 17322 15 17841 17 18359 19 18876 22 19395 23 19914 24 20433 25 20952 26 21471 27 21990 27 22509 28 23029 27 23548 27 24068 26 24587 26 25107 25 25627 24 26147 23 26668 20 27188 19 27709 16 28230 14 28752 10
fc22db33a2495f58f118bc182c0087e140df14ccb8dad51373e1a54381f683de,204875 2 205391 9 205909 12 206428 13 206947 14 207466 15 207985 16 208505 16 209024 17 209544 17 210063 18 210583 18 211103 18 211622 19 212142 19 212662 19 213183 18 213703 18 214223 17 214744 15 215265 13 215785 12 216306 9 216828 5
fc22db33a2495f58f118bc182c0087e140df14ccb8dad51373e1a54381f683de,311407 5 311923 11 312443 12 312962 13 313477 19 313994 22 314513 23 315032 24 315552 24 316072 24 316591 25 317111 25 317631 25 318151 25 318671 24 319192 23 319713 21 320234 14 320756 6
fc22db33a2495f58f118bc182c0087e140df14ccb8dad51373e1a54381f683de,116123 7 116642 10 117161 12 117680 14 118199 16 118719 17 119239 17 119759 18 120278 19 120798 20 121318 21 121838 21 122358 22 122878 22 123399 21 123919 21 124439 21 124959 21 125480 20 126000 20 126521 19 127041 18 127562 17 128082 17 128603 15 129124 13 129645 11 130166 9 130687 7
fc22db33a2495f58f118bc182c0087e140df14ccb8dad51373e1a54381f683de,243874 7 244392 9 244911 10 245429 12 245948 13 246467 14 246986 15 247505 16 248024 17 248543 18 249063 18 249582 19 250102 19 250622 19 251142 19 251662 19 252181 20 252701 20 253222 19 253742 18 254262 18 254782 17 255303 15 255823 13 256344 8 256867 3
fc22db33a2495f58f118bc182c0087e140df14ccb8dad51373e1a54381f683de,142723 3 143241 7 143760 9 144279 10 144799 11 145318 13 145838 13 146357 14 146877 14 147396 15 147916 15 148436 15 148956 15 149476 16 149996 16 150516 16 151036 16 151556 15 152076 15 152596 16 153116 17 153636 17 154156 17 154677 16 155197 16 155717 16 156237 16 156757 15 157277 14 157798 13 158318 12 158839 10 159360 8 159881 5
fc22db33a2495f58f118bc182c0087e140df14ccb8dad51373e1a54381f683de,164279 7 164796 12 165314 16 165833 18 166352 21 166872 22 167391 24 167911 24 168431 25 168951 25 169471 26 169991 26 170511 26 171031 26 171552 25 172073 23 172594 21 173115 19 173636 17 174158 12
fc22db33a2495f58f118bc182c0087e140df14ccb8dad51373e1a54381f683de,324391 8 324910 11 325430 14 325950 15 326469 20 326989 24 327509 28 328029 29 328550 28 329070 28 329590 28 330111 27 330631 27 331152 25 331673 24 332194 22 332715 20 333236 18 333758 15 334281 10
fc22db33a2495f58f118bc182c0087e140df14ccb8dad51373e1a54381f683de,268740 10 269258 15 269776 18 270294 22 270812 25 271331 27 271850 28 272369 30 272888 32 273407 33 273927 33 274446 34 274966 34 275486 34 276006 34 276526 33 277046 33 277566 32 278086 31 278607 29 279127 27 279648 25 280169 22 280690 18 281212 13 281735 7
fc22db33a2495f58f118bc182c0087e140df14ccb8dad51373e1a54381f683de,8715 10 9233 14 9751 17 10270 19 10789 20 11308 21 11828 21 12348 21 12868 21 13388 21 13908 21 14427 22 14947 22 15466 23 15986 23 16505 23 17024 24 17543 25 18062 25 18581 26 19100 26 19618 27 20137 27 20656 27 21176 26 21695 26 22215 25 22735 24 23255 22 23775 21 24296 19 24816 18 25337 15 25858 12 26379 10 26903 3
fc22db33a2495f58f118bc182c0087e140df14ccb8dad51373e1a54381f683de,58423 10 58939 15 59457 18 59975 21 60494 22 61013 23 61532 24 62051 25 62570 26 63089 27 63608 28 64127 28 64646 29 65165 29 65685 28 66204 28 66723 28 67243 27 67763 27 68283 26 68802 26 69322 25 69842 24 70362 23 70883 20 71403 19 71924 17 72445 13 72966 10
fc22db33a2495f58f118bc182c0087e140df14ccb8dad51373e1a54381f683de,227853 4 228370 10 228888 13 229407 15 229925 17 230444 19 230963 20 231482 22 232002 22 232521 23 233041 23 233560 23 234079 24 234599 24 235119 24 235639 23 236159 23 236678 23 237198 23 237718 23 238238 22 238758 22 239278 21 239798 21 240319 19 240839 18 241359 17 241880 14 242401 12 242923 8
fc22db33a2495f58f118bc182c0087e140df14ccb8dad51373e1a54381f683de,303810 6 304325 17 304843 22 305362 24 305881 27 306400 29 306919 32 307439 33 307959 34 308479 35 308999 35 309519 35 310040 34 310561 33 311082 32 311603 30 312124 28 312646 25 313168 20 313692 13
fc22db33a2495f58f118bc182c0087e140df14ccb8dad51373e1a54381f683de,248151 16 248667 21 249185 24 249703 27 250222 28 250741 29 251260 31 251780 31 252300 30 252819 31 253338 31 253858 31 254378 30 254898 29 255418 28 255938 27 256458 25 256978 20 257499 18 258020 16 258541 14 259063 10
fc22db33a2495f58f118bc182c0087e140df14ccb8dad51373e1a54381f683de,287026 4 287543 12 288062 16 288581 19 289100 21 289620 21 290140 21 290660 21 291180 21 291701 20 292221 20 292742 19 293262 19 293783 18 294304 17 294825 16 295347 14 295868 13 296389 12 296910 11 297432 9 297953 8 298476 5 298998 3
fc22db33a2495f58f118bc182c0087e140df14ccb8dad51373e1a54381f683de,72641 5 73158 9 73677 12 74196 14 74715 15 75234 17 75753 18 76272 20 76791 21 77311 21 77830 22 78349 23 78869 23 79388 24 79908 24 80428 24 80947 24 81467 24 81987 24 82506 25 83026 24 83546 24 84066 23 84586 23 85107 21 85627 20 86147 20 86667 19 87188 17 87709 15 88230 13 88751 9 89274 5
fc22db33a2495f58f118bc182c0087e140df14ccb8dad51373e1a54381f683de,184502 7 185020 11 185539 13 186057 15 186576 16 187095 18 187615 18 188134 19 188654 19 189173 20 189693 19 190212 20 190731 21 191251 20 191770 20 192289 21 192808 21 193328 20 193847 20 194367 20 194886 20 195406 19 195926 18 196446 18 196966 17 197485 18 198005 17 198525 17 199046 15 199566 15 200086 14 200607 13 201127 12 201648 10 202168 9 202689 7 203210 5
fc22db33a2495f58f118bc182c0087e140df14ccb8dad51373e1a54381f683de,331912 3 332429 9 332947 12 333466 14 333985 16 334504 18 335023 19 335542 21 336062 21 336581 22 337100 24 337620 24 338139 25 338659 25 339178 26 339697 26 340217 26 340737 26 341257 25 341776 26 342295 27 342815 26 343335 26 343856 24 344376 23 344896 23 345416 22 345936 21 346457 19 346978 16 347499 14 348021 9
fc22db33a2495f58f118bc182c0087e140df14ccb8dad51373e1a54381f683de,227443 4 227962 8 228481 10 229000 12 229520 13 230039 15 230559 16 231079 16 231599 16 232119 17 232639 19 233158 21 233678 22 234199 22 234719 23 235239 23 235759 23 236279 24 236799 24 237320 24 237840 24 238360 24 238881 24 239401 24 239922 23 240442 23 240963 22 241483 22 242004 22 242525 21 243046 20 243566 20 244087 19 244608 18 245129 17 245650 15 246172 13 246693 11 247214 9 247736 6
fc22db33a2495f58f118bc182c0087e140df14ccb8dad51373e1a54381f683de,325724 8 326241 12 326759 14 327276 17 327795 19 328314 21 328834 22 329353 24 329873 24 330393 25 330913 25 331433 25 331953 25 332473 25 332994 24 333514 23 334035 21 334556 18 335078 14
fc22db33a2495f58f118bc182c0087e140df14ccb8dad51373e1a54381f683de,223825 3 224344 7 224863 9 225382 11 225901 14 226421 15 226940 17 227460 18 227979 19 228499 20 229019 21 229540 20 230060 21 230581 20 231101 21 231621 21 232141 22 232661 22 233182 22 233702 22 234223 21 234743 21 235264 20 235784 20 236305 19 236825 19 237346 18 237867 17 238388 16 238908 16 239429 15 239950 14 240471 13 240992 12 241512 11 242033 9 242555 6
fc22db33a2495f58f118bc182c0087e140df14ccb8dad51373e1a54381f683de,4434 6 4952 10 5471 13 5990 15 6509 17 7026 21 7545 23 8064 24 8582 26 9101 27 9619 29 10138 30 10657 31 11176 32 11695 33 12215 33 12735 33 13255 32 13775 32 14295 31 14815 31 15335 31 15855 31 16375 30 16895 29 17416 27 17937 25 18459 22 18981 19 19504 13 20026 10
fc22db33a2495f58f118bc182c0087e140df14ccb8dad51373e1a54381f683de,186510 4 187028 8 187547 10 188066 11 188585 13 189105 13 189624 15 190144 15 190663 16 191183 17 191702 18 192222 18 192741 19 193261 19 193781 20 194301 20 194820 21 195340 21 195860 21 196381 20 196901 20 197421 20 197941 20 198462 19 198982 19 199502 18 200023 17 200543 16 201064 13 201584 12 202105 11 202626 10 203147 8 203668 6
fc22db33a2495f58f118bc182c0087e140df14ccb8dad51373e1a54381f683de,52238 9 52756 13 53275 15 53794 17 54313 18 54833 19 55352 20 55871 21 56390 23 56909 24 57428 25 57948 24 58468 24 58987 24 59507 24 60027 23 60547 22 61067 21 61587 19 62107 17 62626 17 63146 17 63666 16 64185 16 64705 16 65225 16 65745 15 66265 14 66785 14 67305 13 67826 11 68347 9 68869 4
fc22db33a2495f58f118bc182c0087e140df14ccb8dad51373e1a54381f683de,25034 3 25551 8 26070 10 26589 12 27108 14 27627 16 28147 16 28666 17 29185 18 29705 18 30225 19 30745 19 31264 20 31784 20 32304 19 32824 19 33344 19 33864 19 34384 19 34905 17 35425 17 35945 17 36465 17 36985 16 37506 15 38026 14 38547 13 39067 12 39588 10 40109 8 40630 6
fc22db33a2495f58f118bc182c0087e140df14ccb8dad51373e1a54381f683de,95650 4 96169 6 96688 8 97200 16 97719 17 98237 19 98756 20 99273 23 99792 24 100311 25 100830 26 101349 26 101869 26 102389 26 102909 25 103428 26 103948 25 104468 24 104987 23 105506 23 106025 23 106544 23 107064 22 107584 21 108104 20 108624 18 109144 17 109664 15 110184 14 110705 12 111225 11 111746 9 112267 5
fc22db33a2495f58f118bc182c0087e140df14ccb8dad51373e1a54381f683de,202150 7 202667 12 203185 15 203702 19 204221 20 204739 22 205258 23 205777 24 206296 25 206815 25 207335 25 207854 26 208373 26 208893 26 209412 27 209932 27 210452 26 210971 27 211491 26 212011 25 212531 24 213051 24 213571 23 214091 22 214611 21 215131 20 215651 18 216172 15 216693 12 217214 8
fc22db33a2495f58f118bc182c0087e140df14ccb8dad51373e1a54381f683de,250786 3 251301 14 251820 18 252336 23 252854 26 253373 28 253892 29 254411 30 254930 32 255450 32 255969 32 256489 32 257008 32 257528 32 258048 31 258568 30 259088 29 259608 27 260128 25 260649 23 261169 22 261690 21 262210 20 262731 19 263252 17 263773 14 264295 11 264820 4
fc22db33a2495f58f118bc182c0087e140df14ccb8dad51373e1a54381f683de,282045 10 282560 17 283078 21 283596 24 284115 26 284634 28 285153 29 285672 31 286191 33 286710 34 287229 35 287748 36 288268 37 288787 38 289307 38 289827 38 290347 38 290867 37 291387 37 291908 36 292428 36 292948 35 293469 33 293990 31 294511 29 295032 27 295553 25 296075 21 296598 16 297122 10
fc22db33a2495f58f118bc182c0087e140df14ccb8dad51373e1a54381f683de,146001 4 146517 10 147035 13 147554 15 148073 17 148592 18 149112 18 149631 20 150150 21 150670 21 151190 21 151709 22 152229 22 152748 23 153268 23 153788 22 154308 22 154828 22 155348 21 155868 21 156388 20 156908 20 157430 17 157951 15 158472 13 158995 8 159517 4
fc22db33a2495f58f118bc182c0087e140df14ccb8dad51373e1a54381f683de,308256 4 308775 8 309294 11 309813 13 310333 15 310852 17 311372 18 311892 19 312412 20 312933 21 313454 20 313974 20 314496 17 315017 15 315540 12 316062 10 316583 8 317104 7 317626 5
fc22db33a2495f58f118bc182c0087e140df14ccb8dad51373e1a54381f683de,198592 6 199110 9 199628 13 200147 15 200666 16 201185 18 201705 18 202224 20 202743 21 203263 21 203783 21 204303 21 204822 22 205342 22 205862 22 206382 21 206902 21 207422 21 207942 21 208462 20 208982 20 209502 19 210022 18 210542 18 211063 16 211583 15 212104 13 212625 11 213146 8 213669 3
fc22db33a2495f58f118bc182c0087e140df14ccb8dad51373e1a54381f683de,34314 3 34830 8 35348 12 35867 14 36386 15 36904 17 37423 18 37942 19 38461 20 38981 20 39500 21 40020 21 40539 22 41059 22 41578 23 42098 23 42617 24 43137 24 43657 24 44177 24 44697 24 45217 24 45737 24 46257 23 46778 21 47298 20 47819 19 48339 18 48859 17 49380 15 49901 13 50422 10 50943 7
fc22db33a2495f58f118bc182c0087e140df14ccb8dad51373e1a54381f683de,129942 4 130460 7 130978 12 131497 14 132017 15 132536 16 133056 17 133575 19 134095 20 134616 19 135137 18 135657 19 136177 19 136697 19 137217 19 137738 19 138258 19 138778 19 139298 18 139818 18 140338 18 140858 18 141379 17 141899 16 142420 15 142941 14 143463 11 143984 9 144506 6
fc22db33a2495f58f118bc182c0087e140df14ccb8dad51373e1a54381f683de,316146 4 316663 9 317181 12 317700 14 318220 15 318739 17 319259 18 319778 20 320298 21 320818 22 321338 23 321858 23 322378 23 322898 23 323418 23 323938 23 324458 23 324978 23 325498 23 326019 22 326540 21 327060 21 327581 20 328101 20 328622 19 329143 18 329664 17 330185 16 330706 15 331227 14 331748 13 332269 12 332790 11 333312 9 333835 5
