fc5452f612a0f972fe55cc677055ede662af6723b5c1615ad539b8a4bd279bdb,38891 3 39145 6 39400 8 39655 10 39910 11 40166 12 40422 12 40678 12 40934 12 41190 12 41447 10 41703 10 41960 8 42218 5
fc5452f612a0f972fe55cc677055ede662af6723b5c1615ad539b8a4bd279bdb,38691 5 38945 10 39199 14 39454 17 39709 19 39964 21 40220 22 40475 24 40731 25 40987 25 41243 26 41499 26 41755 26 42011 26 42267 26 42523 26 42780 24 43036 24 43293 22 43549 21 43806 19 44063 17 44320 15 44577 13 44834 10 45092 6
fc5452f612a0f972fe55cc677055ede662af6723b5c1615ad539b8a4bd279bdb,78 28 334 27 590 27 846 27 1102 26 1358 26 1614 25 1871 22 2127 21 2384 19 2641 17 2898 15 3156 10 3413 8
fc5452f612a0f972fe55cc677055ede662af6723b5c1615ad539b8a4bd279bdb,5517 6 5771 11 6025 14 6280 17 6535 19 6791 19 7046 21 7302 21 7558 21 7814 22 8069 23 8325 22 8582 21 8838 21 9094 21 9350 20 9607 19 9864 17 10120 16 10378 13 10635 10 10894 5
fc5452f612a0f972fe55cc677055ede662af6723b5c1615ad539b8a4bd279bdb,51498 1 51748 8 51997 16 52253 16 52509 17 52765 17 53021 17 53277 17 53533 17 53790 16 54046 16 54302 15 54558 15 54814 14 55070 13 55326 12 55585 7
fc5452f612a0f972fe55cc677055ede662af6723b5c1615ad539b8a4bd279bdb,49152 1 49407 2 49663 2 49919 2 50175 2 50431 2 50687 2 50942 3 51198 3 51453 4 51709 4 51965 4 52221 4 52477 4 52733 4 52989 4 53246 3 53504 1
fc5452f612a0f972fe55cc677055ede662af6723b5c1615ad539b8a4bd279bdb,36871 7 37125 11 37380 13 37635 15 37890 16 38145 18 38401 18 38657 18 38913 18 39169 18 39425 18 39681 18 39937 17 40193 17 40449 16 40705 16 40961 15 41217 14 41475 10 41733 7
fc5452f612a0f972fe55cc677055ede662af6723b5c1615ad539b8a4bd279bdb,14132 6 14386 10 14641 12 14896 14 15151 16 15407 17 15662 18 15918 18 16174 19 16430 19 16686 19 16942 19 17198 19 17454 19 17711 18 17967 17 18224 16 18481 15 18738 13 18995 11 19253 7
fc5452f612a0f972fe55cc677055ede662af6723b5c1615ad539b8a4bd279bdb,49409 2 49665 4 49921 6 50177 8 50433 10 50689 10 50945 10 51201 9 51457 9 51713 9 51969 8 52225 8 52481 8 52737 8 52993 8 53249 8 53505 8 53761 7 54017 7 54273 7 54529 7 54785 6 55041 6 55297 6 55553 6 55809 4 56065 2
fc5452f612a0f972fe55cc677055ede662af6723b5c1615ad539b8a4bd279bdb,63230 3 63481 8 63734 11 63989 12 64244 13 64499 14 64754 15 65010 15 65265 16 65521 16
fc5452f612a0f972fe55cc677055ede662af6723b5c1615ad539b8a4bd279bdb,26901 7 27155 11 27410 14 27665 16 27920 18 28175 19 28431 20 28686 22 28942 22 29198 22 29454 23 29710 23 29966 23 30222 23 30478 23 30734 23 30991 21 31247 21 31504 20 31760 19 32017 17 32274 15 32531 13 32789 10 33048 5
fc5452f612a0f972fe55cc677055ede662af6723b5c1615ad539b8a4bd279bdb,7917 2 8170 8 8424 12 8678 15 8933 17 9188 19 9443 21 9699 21 9954 23 10210 23 10465 25 10721 25 10977 25 11233 25 11489 25 11745 25 12001 25 12257 25 12514 23 12770 23 13027 21 13284 19 13541 17 13798 15 14055 13 14313 8
fc5452f612a0f972fe55cc677055ede662af6723b5c1615ad539b8a4bd279bdb,67 7 75 3 323 11 580 10 837 9 1093 9 1350 8 1611 3 1868 3
fc5452f612a0f972fe55cc677055ede662af6723b5c1615ad539b8a4bd279bdb,25171 6 25426 9 25680 12 25936 13 26191 15 26446 17 26702 17 26957 19 27213 20 27469 20 27725 20 27980 22 28236 22 28492 22 28748 22 29004 22 29260 22 29516 22 29772 21 30028 21 30285 20 30541 19 30798 17 31054 17 31311 15 31568 12 31826 8
fc5452f612a0f972fe55cc677055ede662af6723b5c1615ad539b8a4bd279bdb,14424 1 14679 3 14933 6 15189 7 15444 9 15699 11 15955 12 16211 13 16466 15 16722 16 16978 16 17234 17 17490 18 17746 19 18002 22 18258 24 18515 23 18771 23 19027 22 19283 22 19540 21 19796 20 20053 18 20310 16 20567 14 20824 11 21083 6
fc5452f612a0f972fe55cc677055ede662af6723b5c1615ad539b8a4bd279bdb,3025 1 3276 10 3530 14 3784 17 4039 20 4294 21 4550 22 4805 23 5061 24 5316 25 5572 25 5828 25 6084 24 6340 24 6596 24 6853 23 7109 22 7365 21 7622 20 7879 18 8136 16 8393 14 8650 11 8908 6
fc5452f612a0f972fe55cc677055ede662af6723b5c1615ad539b8a4bd279bdb,61454 4 61707 10 61962 13 62217 15 62472 17 62727 18 62983 19 63238 20 63494 21 63750 21 64006 22 64261 23 64517 23 64773 23 65029 23 65286 22
fc5452f612a0f972fe55cc677055ede662af6723b5c1615ad539b8a4bd279bdb,2468 6 2722 10 2976 14 3232 15 3487 17 3742 19 3998 19 4253 21 4509 21 4765 21 5021 22 5277 22 5533 22 5789 21 6045 21 6301 21 6558 19 6815 17 7072 15 7329 13 7587 8
fc5452f612a0f972fe55cc677055ede662af6723b5c1615ad539b8a4bd279bdb,58174 7 58429 10 58684 12 58939 14 59194 15 59450 16 59705 17 59961 17 60217 17 60473 17 60729 17 60985 16 61242 15 61498 14 61755 13 62011 12 62269 8 62527 4
fc5452f612a0f972fe55cc677055ede662af6723b5c1615ad539b8a4bd279bdb,620 8 873 13 1128 14 1384 14 1639 15 1895 15 2151 15 2407 16 2663 16 2919 17 3175 18 3431 19 3687 19 3943 20 4200 18 4456 17 4713 15 4969 15 5226 13 5483 10 5741 6
fc5452f612a0f972fe55cc677055ede662af6723b5c1615ad539b8a4bd279bdb,118 20 374 21 630 21 886 22 1142 23 1398 23 1654 23 1910 24 2166 24 2423 23 2679 23 2936 22 3193 21 3450 19 3706 18 3963 16 4220 14 4477 12 4737 7 4994 5
fc5452f612a0f972fe55cc677055ede662af6723b5c1615ad539b8a4bd279bdb,995 6 1249 10 1504 14 1759 17 2015 18 2270 21 2526 21 2782 22 3038 23 3294 23 3550 23 3806 23 4062 24 4318 24 4575 23 4831 22 5088 21 5345 20 5602 18 5859 17 6116 15 6373 13 6631 9 6891 2
fc5452f612a0f972fe55cc677055ede662af6723b5c1615ad539b8a4bd279bdb,35426 6 35679 12 35933 16 36188 18 36443 20 36698 21 36953 23 37209 24 37465 24 37720 25 37976 25 38232 25 38488 25 38744 25 39001 24 39257 24 39513 24 39770 22 40027 21 40284 19 40541 17 40798 15 41056 11
fc5452f612a0f972fe55cc677055ede662af6723b5c1615ad539b8a4bd279bdb,50190 5 50444 9 50699 11 50955 12 51210 14 51466 15 51722 16 51978 16 52234 16 52490 16 52746 17 53002 17 53258 17 53514 17 53770 17 54027 16 54282 17 54538 17 54794 17 55050 17 55306 17 55562 16 55818 16 56074 15 56330 15 56587 13 56843 11 57100 9
fc5452f612a0f972fe55cc677055ede662af6723b5c1615ad539b8a4bd279bdb,10776 5 11030 9 11284 12 11539 13 11794 15 12049 17 12305 17 12560 18 12815 19 13071 19 13327 19 13583 19 13839 19 14095 18 14351 18 14608 16 14864 15 15121 13 15378 11 15636 8
fc5452f612a0f972fe55cc677055ede662af6723b5c1615ad539b8a4bd279bdb,46111 4 46364 10 46618 14 46873 16 47128 17 47383 19 47638 21 47894 21 48150 21 48406 21 48661 22 48917 22 49173 22 49429 21 49685 20 49941 17 50198 15 50456 10
fc5452f612a0f972fe55cc677055ede662af6723b5c1615ad539b8a4bd279bdb,4928 6 5181 11 5435 15 5689 18 5944 20 6199 22 6454 24 6709 26 6964 28 7220 29 7475 30 7731 29 7986 29 8242 28 8498 28 8754 27 9010 27 9266 26 9522 25 9779 24 10035 23 10292 21 10549 19 10806 17 11063 16 11320 14 11578 11 11837 8 12096 5
fc5452f612a0f972fe55cc677055ede662af6723b5c1615ad539b8a4bd279bdb,10859 5 11104 17 11359 18 11614 20 11870 20 12126 21 12382 21 12637 22 12893 22 13149 22 13405 23 13663 20 13920 19 14177 18 14434 17 14690 17 14947 15 15204 14 15461 12 15718 10 15975 8 16232 5 16489 2
fc5452f612a0f972fe55cc677055ede662af6723b5c1615ad539b8a4bd279bdb,44601 6 44855 9 45110 12 45365 14 45621 14 45876 16 46132 17 46388 17 46644 17 46900 17 47156 17 47412 17 47668 17 47924 16 48181 15 48438 13 48694 12 48952 9 49209 6
fc5452f612a0f972fe55cc677055ede662af6723b5c1615ad539b8a4bd279bdb,32443 2 32697 7 32952 9 33208 10 33463 11 33719 11 33975 12 34232 10 34488 10 34745 8 35003 4
fc5452f612a0f972fe55cc677055ede662af6723b5c1615ad539b8a4bd279bdb,7506 3 7761 6 8017 8 8273 9 8528 10 8783 11 9039 11 9294 12 9550 13 9805 14 10061 14 10316 15 10572 15 10827 16 11082 16 11337 17 11592 18 11847 19 12103 18 12359 17 12615 16 12871 15 13128 13 13384 12 13640 11 13897 9 14154 7
fc5452f612a0f972fe55cc677055ede662af6723b5c1615ad539b8a4bd279bdb,5730 6 5983 12 6238 13 6493 15 6748 17 7003 18 7260 18 7516 18 7772 18 8028 19 8285 18 8541 18 8798 17 9054 17 9310 16 9566 10 9823 1
