fdda64c47361b0d1a146e5b7b48dc6b7de615ea80b31f01227a3b16469589528,23201 5 23456 7 23706 14 23961 15 24217 16 24472 17 24728 18 24984 18 25240 18 25496 18 25753 17 26009 17 26266 16 26522 15 26779 13 27035 12 27292 9 27550 3
fdda64c47361b0d1a146e5b7b48dc6b7de615ea80b31f01227a3b16469589528,47051 2 47063 4 47307 16 47562 16 47817 17 48069 21 48324 21 48580 21 48836 21 49092 20 49349 19 49605 20 49862 20 50118 21 50375 20 50631 20 50887 20 51143 21 51399 21 51655 21 51911 20 52168 19 52424 19 52681 17 52939 14 53196 13 53454 10 53712 5
fdda64c47361b0d1a146e5b7b48dc6b7de615ea80b31f01227a3b16469589528,56034 4 56289 7 56544 9 56798 13 57053 16 57308 18 57563 19 57818 20 58073 22 58329 22 58585 23 58841 23 59097 23 59353 23 59609 23 59865 23 60121 23 60377 23 60633 22 60889 22 61145 21 61402 20 61658 19 61915 17 62172 15 62429 13 62686 10 62944 6
fdda64c47361b0d1a146e5b7b48dc6b7de615ea80b31f01227a3b16469589528,30096 8 30350 12 30605 14 30860 17 31115 19 31370 20 31625 21 31880 22 32135 23 32391 23 32646 24 32901 25 33157 25 33412 25 33668 25 33924 24 34180 23 34436 22 34692 21 34948 20 35205 18 35461 18 35718 17 35975 15 36232 13
fdda64c47361b0d1a146e5b7b48dc6b7de615ea80b31f01227a3b16469589528,58369 2 58625 3 58881 3 59137 4 59393 5 59649 5 59905 6 60161 7 60417 7 60673 8 60929 8 61185 8 61441 8 61697 8 61953 8 62209 8 62465 8 62721 8 62977 7 63233 6 63489 5 63745 4 64001 2
fdda64c47361b0d1a146e5b7b48dc6b7de615ea80b31f01227a3b16469589528,48886 11 49141 12 49397 12 49653 12 49908 13 50164 13 50420 13 50676 13 50932 13 51188 13 51444 13 51700 13 51957 12 52213 12 52470 11 52727 10
fdda64c47361b0d1a146e5b7b48dc6b7de615ea80b31f01227a3b16469589528,61592 3 61846 7 62100 10 62354 13 62609 15 62864 16 63119 18 63375 18 63631 18 63887 19 64143 20 64399 20 64655 20 64912 19 65168 19 65424 19
fdda64c47361b0d1a146e5b7b48dc6b7de615ea80b31f01227a3b16469589528,64039 3 64293 6 64546 9 64801 10 65057 10 65313 10
fdda64c47361b0d1a146e5b7b48dc6b7de615ea80b31f01227a3b16469589528,54716 7 54970 12 55225 14 55480 15 55736 16 55991 17 56247 18 56502 19 56758 19 57014 19 57270 18 57526 18 57782 18 58039 17 58295 17 58552 15 58808 14 59065 12 59326 6 59584 3 59841 2
fdda64c47361b0d1a146e5b7b48dc6b7de615ea80b31f01227a3b16469589528,11374 6 11628 11 11883 15 12138 17 12394 17 12649 19 12905 19 13161 19 13417 19 13672 20 13928 20 14184 20 14440 20 14696 20 14953 19 15210 18 15467 16 15724 15 15981 13 16238 10
fdda64c47361b0d1a146e5b7b48dc6b7de615ea80b31f01227a3b16469589528,41824 3 42079 6 42333 10 42588 12 42843 14 43098 16 43351 19 43606 20 43862 20 44118 20 44375 19 44631 18 44888 17 45145 15 45402 13 45659 11 45916 9 46173 6
fdda64c47361b0d1a146e5b7b48dc6b7de615ea80b31f01227a3b16469589528,45229 2 45484 5 45738 8 45993 13 46249 14 46505 15 46761 15 47016 16 47272 16 47527 17 47783 17 48038 18 48294 18 48550 17 48806 16 49063 14 49320 10 49577 7
fdda64c47361b0d1a146e5b7b48dc6b7de615ea80b31f01227a3b16469589528,49255 5 49510 7 49765 9 50021 11 50276 13 50532 16 50788 17 51043 19 51299 19 51555 19 51811 20 52067 20 52324 19 52580 19 52837 17 53093 16 53349 15 53606 13 53864 10 54122 7
fdda64c47361b0d1a146e5b7b48dc6b7de615ea80b31f01227a3b16469589528,40917 4 41172 6 41427 7 41682 8 41937 10 42191 16 42446 18 42701 19 42956 20 43211 22 43467 22 43723 22 43979 22 44234 23 44489 24 44744 24 45000 23 45255 24 45511 24 45766 25 46022 25 46278 25 46534 24 46791 22 47053 10
fdda64c47361b0d1a146e5b7b48dc6b7de615ea80b31f01227a3b16469589528,59582 2 59838 3 60094 5 60349 7 60604 9 60858 12 61113 14 61368 17 61623 19 61878 20 62134 20 62390 20 62647 19 62903 19 63160 18 63416 17 63672 17 63929 15 64185 14 64442 12 64699 10 64955 9 65212 4
fdda64c47361b0d1a146e5b7b48dc6b7de615ea80b31f01227a3b16469589528,31815 9 32069 13 32324 15 32579 17 32834 19 33090 20 33345 21 33601 21 33857 20 34113 19 34369 19 34625 19 34881 19 35137 19 35393 18 35650 17 35906 16 36163 13 36420 4
fdda64c47361b0d1a146e5b7b48dc6b7de615ea80b31f01227a3b16469589528,60000 6 60009 4 60015 4 60254 22 60509 24 60764 25 61019 26 61274 27 61529 27 61785 27 62041 27 62297 28 62554 28 62810 28 63066 28 63323 27 63579 27 63836 26 64093 9 64105 13 64362 12 64619 11 64877 9 65134 7
fdda64c47361b0d1a146e5b7b48dc6b7de615ea80b31f01227a3b16469589528,20088 11 20343 14 20598 16 20853 18 21109 18 21364 20 21620 20 21876 20 22132 20 22388 20 22643 21 22899 21 23156 20 23412 20 23668 19 23924 19 24181 18 24441 13 24699 10 24957 5
fdda64c47361b0d1a146e5b7b48dc6b7de615ea80b31f01227a3b16469589528,44673 6 44925 11 45180 13 45435 15 45691 16 45946 17 46202 18 46458 18 46713 20 46969 20 47225 20 47482 19 47738 19 47994 18 48251 16 48508 14 48764 13 49021 11 49279 8 49538 4
fdda64c47361b0d1a146e5b7b48dc6b7de615ea80b31f01227a3b16469589528,35952 6 36207 8 36462 10 36717 12 36972 14 37227 15 37483 15 37739 15 37995 15 38251 15 38506 16 38762 16 39018 15 39274 14 39531 12 39788 9 40045 7
fdda64c47361b0d1a146e5b7b48dc6b7de615ea80b31f01227a3b16469589528,25955 7 26209 12 26463 15 26718 16 26973 18 27229 18 27484 20 27740 20 27995 22 28251 22 28507 22 28763 22 29019 22 29275 22 29531 22 29787 21 30044 18 30300 17 30557 14 30813 8 31070 3
fdda64c47361b0d1a146e5b7b48dc6b7de615ea80b31f01227a3b16469589528,38303 5 38559 6 38814 8 39070 9 39325 11 39580 13 39836 13 40092 14 40347 16 40603 17 40859 17 41114 18 41370 18 41625 18 41880 19 42135 20 42392 18 42649 16 42906 14 43163 12 43420 8 43677 5
fdda64c47361b0d1a146e5b7b48dc6b7de615ea80b31f01227a3b16469589528,58367 2 58621 4 58876 5 59131 6 59386 7 59642 7 59897 8 60153 8 60409 8 60665 8 60921 8 61177 8 61434 7 61690 7 61947 6 62204 5 62461 4 62718 3
fdda64c47361b0d1a146e5b7b48dc6b7de615ea80b31f01227a3b16469589528,37108 8 37363 11 37618 13 37873 14 38129 14 38385 14 38641 14 38897 14 39153 14 39409 13 39666 11 39922 11 40178 11 40435 9 40692 8 40949 6 41206 4
fdda64c47361b0d1a146e5b7b48dc6b7de615ea80b31f01227a3b16469589528,37267 6 37522 8 37777 13 38032 15 38287 16 38542 17 38798 16 39054 16 39309 16 39565 15 39821 15 40077 15 40333 14 40589 14 40845 14 41102 12 41358 12 41615 10 41875 5
fdda64c47361b0d1a146e5b7b48dc6b7de615ea80b31f01227a3b16469589528,41398 4 41653 7 41909 8 42165 9 42178 3 42420 11 42433 5 42676 18 42932 18 43188 17 43444 17 43700 17 43956 16 44213 15 44470 14 44727 13 44984 12 45240 11 45497 10 45753 10 46010 8 46268 5
fdda64c47361b0d1a146e5b7b48dc6b7de615ea80b31f01227a3b16469589528,12885 2 13136 9 13391 12 13646 14 13901 16 14156 18 14412 19 14668 19 14924 19 15180 19 15436 18 15692 18 15948 18 16204 17 16460 16 16717 14 16974 12 17231 10 17490 4
fdda64c47361b0d1a146e5b7b48dc6b7de615ea80b31f01227a3b16469589528,37047 3 37302 8 37557 10 37812 12 38067 17 38323 18 38579 19 38835 19 39091 20 39348 20 39604 20 39861 19 40117 18 40373 18 40630 17 40886 17 41142 16 41402 12 41660 9 41917 8 42174 4 42431 2
fdda64c47361b0d1a146e5b7b48dc6b7de615ea80b31f01227a3b16469589528,29616 8 29871 10 30126 12 30381 14 30636 15 30891 16 31146 18 31401 19 31657 20 31913 20 32168 22 32424 23 32680 23 32936 23 33193 22 33449 22 33705 22 33962 21 34218 20 34475 19 34732 18 34990 15 35247 11 35504 9 35762 6 36019 4
fdda64c47361b0d1a146e5b7b48dc6b7de615ea80b31f01227a3b16469589528,40422 3 40677 5 40933 6 41189 7 41444 11 41699 14 41955 16 42210 18 42466 19 42721 21 42976 22 43233 22 43489 22 43745 22 44001 23 44257 24 44513 24 44768 25 45023 26 45279 27 45538 24 45795 23 46051 23 46308 21 46565 19 46821 18 47078 16 47336 13 47596 8
