fec226e45f49ab81ab71e0eaa1248ba09b56a328338dce93a43f4044eababed5,7853 6 8108 8 8364 9 8620 9 8876 9 9132 9 9389 7 9645 6
fec226e45f49ab81ab71e0eaa1248ba09b56a328338dce93a43f4044eababed5,38270 2 38525 4 38779 8 39034 14 39290 15 39546 16 39803 16 40059 16 40315 16 40571 15 40828 14 41085 13 41342 11 41601 7 41859 2
fec226e45f49ab81ab71e0eaa1248ba09b56a328338dce93a43f4044eababed5,9632 4 9887 7 10142 8 10398 9 10653 10 10909 9 11166 8 11422 8 11679 6 11935 5 12193 1
fec226e45f49ab81ab71e0eaa1248ba09b56a328338dce93a43f4044eababed5,32190 3 32445 6 32700 10 32956 12 33212 15 33468 16 33725 16 33981 17 34238 16 34495 15 34753 13 35010 12 35267 10 35524 9 35782 5
fec226e45f49ab81ab71e0eaa1248ba09b56a328338dce93a43f4044eababed5,11879 4 12133 9 12388 11 12643 12 12898 13 13153 15 13409 14 13665 14 13921 13 14178 11 14435 9 14693 5
fec226e45f49ab81ab71e0eaa1248ba09b56a328338dce93a43f4044eababed5,12027 3 12282 5 12538 5 12793 6 13049 7 13305 7 13561 7 13817 7 14073 8 14329 8 14585 8 14841 8 15097 8 15353 8 15609 8 15865 8 16122 7 16378 7 16635 6 16892 5 17151 2
fec226e45f49ab81ab71e0eaa1248ba09b56a328338dce93a43f4044eababed5,15691 1 15945 4 16201 7 16456 8 16711 10 16967 10 17223 10 17478 11 17734 11 17990 11 18245 12 18500 13 18756 13 19012 13 19269 12 19525 12 19782 11 20039 9
fec226e45f49ab81ab71e0eaa1248ba09b56a328338dce93a43f4044eababed5,25125 10 25380 12 25635 13 25891 14 26147 14 26403 14 26659 15 26915 14 27172 12 27428 11 27684 10 27941 8 28198 6 28455 2
fec226e45f49ab81ab71e0eaa1248ba09b56a328338dce93a43f4044eababed5,32998 5 33252 8 33507 10 33763 10 34019 10 34275 10 34531 9 34788 8 35045 5
fec226e45f49ab81ab71e0eaa1248ba09b56a328338dce93a43f4044eababed5,22462 2 22717 5 22972 7 23227 9 23483 9 23739 9 23995 9 24252 8 24508 8 24765 6 25023 3
fec226e45f49ab81ab71e0eaa1248ba09b56a328338dce93a43f4044eababed5,11561 4 11815 9 12070 12 12326 14 12582 14 12838 14 13095 13 13351 14 13607 14 13863 14 14120 13 14376 12 14632 12 14888 11 15144 11 15401 9 15657 8 15914 6 16171 3
fec226e45f49ab81ab71e0eaa1248ba09b56a328338dce93a43f4044eababed5,870 7 1124 9 1380 10 1635 11 1891 11 2147 11 2404 8 2661 5
fec226e45f49ab81ab71e0eaa1248ba09b56a328338dce93a43f4044eababed5,44773 2 45026 8 45280 11 45534 13 45790 14 46045 16 46301 16 46557 16 46813 16 47069 16 47325 15 47581 15 47837 15 48093 14 48350 13 48607 11 48863 11 49121 8 49378 5
