feffce59a1a3eb0a6a05992bb7423c39c7d52865846da36d89e2a72c379e5398,13240 1 13494 4 13750 4 14005 6 14261 6 14517 7 14773 7
feffce59a1a3eb0a6a05992bb7423c39c7d52865846da36d89e2a72c379e5398,22285 4 22540 6 22795 7 23051 7 23307 7 23563 7 23819 7 24075 6 24333 2
feffce59a1a3eb0a6a05992bb7423c39c7d52865846da36d89e2a72c379e5398,21505 4 21761 5 22017 5 22273 5 22529 5 22785 5 23041 4
feffce59a1a3eb0a6a05992bb7423c39c7d52865846da36d89e2a72c379e5398,32547 2 32801 4 33055 6 33310 7 33565 8 33821 9 34077 10 34333 11 34590 10 34847 9 35104 8 35364 3
feffce59a1a3eb0a6a05992bb7423c39c7d52865846da36d89e2a72c379e5398,5835 5 6090 7 6346 8 6602 8 6858 8 7114 7 7370 6 7626 6 7883 5 8139 5 8396 4 8652 2
feffce59a1a3eb0a6a05992bb7423c39c7d52865846da36d89e2a72c379e5398,36616 3 36869 7 37124 9 37379 10 37634 11 37890 11 38146 10 38402 9 38658 8 38915 6
feffce59a1a3eb0a6a05992bb7423c39c7d52865846da36d89e2a72c379e5398,1988 3 2244 5 2500 6 2756 7 3013 7 3269 8 3525 9 3781 10 4037 10 4293 10 4549 10 4806 9 5061 9 5316 8 5572 4
feffce59a1a3eb0a6a05992bb7423c39c7d52865846da36d89e2a72c379e5398,24330 3 24585 5 24841 6 25097 7 25353 7 25609 7 25865 7 26121 7 26378 5
feffce59a1a3eb0a6a05992bb7423c39c7d52865846da36d89e2a72c379e5398,20799 4 21054 6 21310 6 21566 7 21822 7 22077 8 22333 8 22588 8 22844 8 23100 8 23356 7 23612 6 23869 4
feffce59a1a3eb0a6a05992bb7423c39c7d52865846da36d89e2a72c379e5398,28939 6 29194 8 29450 9 29706 9 29962 9 30219 8 30476 7 30732 7 30989 6 31245 6 31501 5 31757 5 32014 3
feffce59a1a3eb0a6a05992bb7423c39c7d52865846da36d89e2a72c379e5398,25383 6 25638 8 25893 9 26148 9 26404 9 26660 9 26916 8 27172 8 27429 7 27686 6 27943 4
feffce59a1a3eb0a6a05992bb7423c39c7d52865846da36d89e2a72c379e5398,44295 3 44550 5 44805 6 45060 8 45315 9 45571 9 45826 10 46082 9 46338 9 46594 8 46850 7 47107 5
feffce59a1a3eb0a6a05992bb7423c39c7d52865846da36d89e2a72c379e5398,21000 3 21255 5 21511 5 21766 6 22022 6 22278 6 22534 6 22790 5 23045 5 23302 3
feffce59a1a3eb0a6a05992bb7423c39c7d52865846da36d89e2a72c379e5398,13538 4 13793 6 14049 6 14305 6 14561 6 14817 6 15073 6 15329 6 15585 6 15842 4
feffce59a1a3eb0a6a05992bb7423c39c7d52865846da36d89e2a72c379e5398,15786 6 16043 5 16299 5 16556 4 16813 3
feffce59a1a3eb0a6a05992bb7423c39c7d52865846da36d89e2a72c379e5398,3743 3 3998 5 4254 5 4510 6 4766 6 5022 6 5278 6 5534 6 5790 6 6046 6 6300 8 6556 8 6812 7
feffce59a1a3eb0a6a05992bb7423c39c7d52865846da36d89e2a72c379e5398,10698 7 10953 7 11207 10 11462 11 11717 12 11973 9 12230 7
feffce59a1a3eb0a6a05992bb7423c39c7d52865846da36d89e2a72c379e5398,51903 4 52158 7 52413 8 52669 8 52925 8 53180 8 53436 8 53693 6 53949 6 54205 5 54461 4 54717 4
feffce59a1a3eb0a6a05992bb7423c39c7d52865846da36d89e2a72c379e5398,20266 6 20521 8 20777 9 21033 10 21289 10 21545 10 21802 9 22059 7 22316 5
feffce59a1a3eb0a6a05992bb7423c39c7d52865846da36d89e2a72c379e5398,35354 7 35609 10 35865 11 36121 12 36378 12 36638 8 36896 6 37152 6 37408 6 37664 6 37921 3
feffce59a1a3eb0a6a05992bb7423c39c7d52865846da36d89e2a72c379e5398,29618 4 29873 6 30128 8 30384 8 30639 9 30895 8 31151 8 31408 7 31663 7 31920 5 32177 3
feffce59a1a3eb0a6a05992bb7423c39c7d52865846da36d89e2a72c379e5398,12520 3 12774 6 13029 7 13285 7 13542 6 13799 4 14055 2
feffce59a1a3eb0a6a05992bb7423c39c7d52865846da36d89e2a72c379e5398,15897 3 16151 6 16406 7 16662 7 16918 8 17174 8 17430 8 17686 8 17942 8 18198 7 18454 7 18710 6 18967 4
feffce59a1a3eb0a6a05992bb7423c39c7d52865846da36d89e2a72c379e5398,12269 6 12524 8 12780 8 13036 8 13293 6
feffce59a1a3eb0a6a05992bb7423c39c7d52865846da36d89e2a72c379e5398,15557 4 15811 6 16065 8 16321 8 16577 8 16833 8 17090 7
feffce59a1a3eb0a6a05992bb7423c39c7d52865846da36d89e2a72c379e5398,16174 5 16428 8 16683 10 16939 10 17195 10 17452 8
feffce59a1a3eb0a6a05992bb7423c39c7d52865846da36d89e2a72c379e5398,20247 4 20502 6 20757 7 21013 8 21269 8 21525 8 21782 7 22038 7 22294 6 22550 6 22806 6 23063 4
feffce59a1a3eb0a6a05992bb7423c39c7d52865846da36d89e2a72c379e5398,25525 6 25779 9 26035 9 26291 9 26547 9 26803 9 27059 9 27316 7 27573 5
feffce59a1a3eb0a6a05992bb7423c39c7d52865846da36d89e2a72c379e5398,2945 6 3201 7 3457 8 3713 8 3969 8 4227 6 4483 6 4740 5 4996 4
feffce59a1a3eb0a6a05992bb7423c39c7d52865846da36d89e2a72c379e5398,6578 6 6834 7 7089 7 7344 8 7598 9 7854 8 8110 7 8366 5 8622 4 8879 1
feffce59a1a3eb0a6a05992bb7423c39c7d52865846da36d89e2a72c379e5398,11287 7 11539 12 11794 14 12049 16 12304 17 12560 16 12816 7 12829 2 13072 6 13329 4
feffce59a1a3eb0a6a05992bb7423c39c7d52865846da36d89e2a72c379e5398,18488 2 18741 6 18997 6 19252 7 19507 8 19763 8 20019 7 20276 5
feffce59a1a3eb0a6a05992bb7423c39c7d52865846da36d89e2a72c379e5398,47099 6 47354 7 47610 7 47866 7 48122 5 48379 3
feffce59a1a3eb0a6a05992bb7423c39c7d52865846da36d89e2a72c379e5398,5356 1 5609 7 5864 10 6117 13 6372 15 6627 16 6882 17 7138 18 7394 18 7652 15 7908 15 8164 14 8421 12 8680 7
feffce59a1a3eb0a6a05992bb7423c39c7d52865846da36d89e2a72c379e5398,1496 6 1752 7 2008 8 2264 8 2519 9 2775 8 3031 7 3287 6 3543 5
feffce59a1a3eb0a6a05992bb7423c39c7d52865846da36d89e2a72c379e5398,11827 7 12081 10 12336 12 12592 12 12848 13 13104 13 13360 13 13616 12 13873 5 13880 3
feffce59a1a3eb0a6a05992bb7423c39c7d52865846da36d89e2a72c379e5398,16439 3 16694 5 16949 6 17205 6 17460 7 17716 6 17972 6 18228 5 18485 3
feffce59a1a3eb0a6a05992bb7423c39c7d52865846da36d89e2a72c379e5398,20410 6 20666 6 20921 7 21176 8 21432 8 21689 7 21946 5
