ff3407842ada5bc18be79ae453e5bdaa1b68afc842fc22fa618ac6e6599d0bb3,183314 13 183828 23 184344 31 184862 36 185380 41 185898 44 186416 48 186935 51 187454 54 187973 56 188492 58 189012 58 189531 61 190051 62 190570 64 191090 65 191610 65 192130 66 192650 66 193170 67 193690 67 194210 68 194730 68 195251 68 195771 68 196292 67 196813 67 197334 66 197854 65 198375 64 198897 62 199418 61 199940 59 200462 56 200984 54 201506 51 202028 48 202550 45 203073 41 203597 35 204120 29 204644 21 205178 1
ff3407842ada5bc18be79ae453e5bdaa1b68afc842fc22fa618ac6e6599d0bb3,235530 1 236046 12 236563 17 237081 20 237600 22 238119 25 238638 27 239158 28 239677 30 240197 31 240717 32 241236 33 241756 34 242276 35 242795 36 243315 35 243835 35 244355 37 244875 37 245395 38 245915 38 246434 39 246955 38 247475 38 247995 37 248516 36 249036 36 249556 36 250076 37 250596 37 251117 35 251637 35 252157 35 252677 35 253198 33 253718 33 254238 33 254759 32 255279 32 255799 32 256320 30 256840 30 257360 30 257881 28 258401 28 258922 27 259442 27 259963 25 260484 23 261005 22 261526 20 262047 17 262568 14 263091 10 263616 3
ff3407842ada5bc18be79ae453e5bdaa1b68afc842fc22fa618ac6e6599d0bb3,2479 2 2998 11 3517 17 4036 19 4555 21 5074 23 5593 25 6112 28 6632 30 7152 31 7672 32 8191 34 8711 34 9230 36 9750 37 10269 39 10789 40 11309 40 11829 40 12349 41 12868 43 13388 43 13908 43 14428 43 14948 43 15468 43 15988 44 16508 44 17028 44 17549 43 18069 43 18589 43 19110 42 19630 42 20150 42 20671 41 21191 41 21712 39 22232 39 22752 39 23273 37 23793 36 24313 36 24834 34 25355 32 25875 32 26396 30 26917 28 27437 27 27958 25 28479 23 29000 21 29522 17 30043 15 30565 12 31087 7
ff3407842ada5bc18be79ae453e5bdaa1b68afc842fc22fa618ac6e6599d0bb3,201271 7 201787 13 202305 16 202824 18 203343 20 203863 21 204382 23 204901 25 205421 26 205940 28 206460 28 206979 30 207499 31 208019 32 208539 33 209058 34 209578 35 210098 36 210618 36 211137 37 211657 38 212177 38 212697 39 213217 39 213737 40 214257 40 214777 40 215297 41 215817 41 216337 41 216857 42 217377 42 217897 42 218417 42 218937 42 219457 43 219978 42 220498 42 221018 42 221538 42 222059 41 222579 41 223099 41 223620 40 224140 40 224660 40 225181 39 225701 39 226222 38 226742 37 227263 36 227783 36 228304 35 228825 33 229345 33 229866 31 230387 29 230908 28 231429 26 231950 22 232471 19 232993 15 233514 6
ff3407842ada5bc18be79ae453e5bdaa1b68afc842fc22fa618ac6e6599d0bb3,39574 14 40092 23 40610 27 41129 38 41648 42 42167 45 42687 47 43206 49 43726 52 44245 55 44765 56 45285 57 45805 58 46325 60 46846 60 47366 60 47887 60 48407 60 48928 60 49448 60 49969 60 50490 59 51011 58 51532 57 52053 56 52574 55 53095 53 53617 51 54138 50 54659 48 55180 46 55702 43 56223 41 56746 37 57269 33 57792 27 58315 21
ff3407842ada5bc18be79ae453e5bdaa1b68afc842fc22fa618ac6e6599d0bb3,246251 2 246767 13 247285 17 247803 20 248322 22 248840 26 249359 29 249878 31 250397 32 250916 34 251435 35 251954 37 252474 37 252994 38 253513 39 254032 41 254552 41 255071 42 255591 42 256111 43 256631 43 257151 43 257671 43 258191 42 258711 42 259231 42 259751 43 260271 43 260791 43 261311 42 261831 41 262352 40 262873 38 263393 37 263914 35 264435 33 264955 33 265476 31 265997 29 266519 26 267040 24 267563 19 268087 14 268612 6
ff3407842ada5bc18be79ae453e5bdaa1b68afc842fc22fa618ac6e6599d0bb3,189179 21 189698 25 190215 30 190733 33 191251 36 191769 40 192288 41 192805 45 193324 46 193843 47 194361 49 194880 51 195400 51 195919 52 196439 52 196958 53 197478 53 197998 52 198518 52 199037 53 199557 52 200077 52 200597 52 201117 51 201637 50 202157 50 202677 49 203198 47 203718 46 204238 45 204759 43 205279 42 205800 39 206322 35 206843 32 207365 28 207887 22 208410 14
ff3407842ada5bc18be79ae453e5bdaa1b68afc842fc22fa618ac6e6599d0bb3,75922 10 76441 16 76961 19 77481 21 78001 23 78521 25 79041 26 79561 27 80081 28 80601 29 81121 30 81641 30 82161 31 82681 31 83201 32 83721 32 84241 32 84761 32 85281 32 85801 32 86321 33 86841 33 87361 33 87881 33 88401 32 88921 32 89441 32 89961 32 90481 32 91001 31 91521 31 92041 30 92561 30 93081 29 93601 28 94121 27 94641 27 95161 26 95681 25 96201 24 96721 23 97241 22 97761 21 98281 20 98801 18 99321 17 99841 15 100361 13 100881 11 101401 6 101921 2
ff3407842ada5bc18be79ae453e5bdaa1b68afc842fc22fa618ac6e6599d0bb3,159099 10 159617 14 160136 16 160654 19 161173 21 161693 22 162212 24 162731 25 163251 26 163770 27 164289 29 164809 30 165328 31 165848 32 166367 34 166887 34 167407 34 167927 34 168447 34 168967 34 169487 34 170006 35 170526 35 171046 35 171566 35 172086 35 172606 35 173126 35 173646 35 174166 35 174687 34 175207 34 175727 34 176247 34 176767 34 177287 34 177808 33 178328 33 178848 33 179368 33 179888 33 180409 32 180929 32 181450 31 181970 31 182490 31 183011 30 183531 30 184052 29 184572 29 185092 29 185613 28 186134 27 186655 26 187175 26 187696 25 188217 24 188737 24 189258 22 189779 20 190300 18 190821 16 191342 14 191865 10
ff3407842ada5bc18be79ae453e5bdaa1b68afc842fc22fa618ac6e6599d0bb3,270 18 790 18 1312 15 1834 11 2357 6
ff3407842ada5bc18be79ae453e5bdaa1b68afc842fc22fa618ac6e6599d0bb3,134548 15 135064 22 135580 28 136098 31 136616 34 137134 37 137653 39 138171 42 138690 44 139209 46 139728 48 140247 50 140766 51 141285 53 141805 53 142324 54 142844 54 143363 55 143883 55 144402 56 144922 56 145442 56 145961 57 146481 56 147001 56 147521 56 148041 55 148561 55 149081 54 149601 53 150122 52 150642 51 151162 50 151683 48 152203 47 152724 45 153245 42 153765 40 154286 37 154807 33 155329 28 155852 22 156377 12
ff3407842ada5bc18be79ae453e5bdaa1b68afc842fc22fa618ac6e6599d0bb3,333268 7 333785 13 334303 17 334822 19 335341 21 335860 23 336380 24 336899 26 337419 27 337938 29 338458 30 338978 30 339497 32 340017 33 340537 33 341056 35 341576 35 342096 36 342616 36 343136 37 343656 37 344176 37 344697 37 345217 37 345737 38 346257 38 346777 39 347297 39 347817 40 348338 39 348858 39 349378 40 349898 40 350418 40 350939 40 351459 40 351979 40 352500 39 353020 40 353541 39 354061 39 354582 39 355103 38 355623 38 356143 38 356664 38 357185 37 357706 36 358226 36 358747 35 359267 35 359788 34 360308 34 360829 33 361350 32 361871 31
ff3407842ada5bc18be79ae453e5bdaa1b68afc842fc22fa618ac6e6599d0bb3,297966 13 298484 18 299002 23 299521 26 300041 27 300561 29 301081 30 301601 31 302121 32 302641 33 303161 33 303681 34 304201 35 304721 35 305241 36 305761 36 306281 37 306801 37 307321 38 307841 38 308361 38 308881 38 309401 38 309921 38 310441 38 310961 39 311481 39 312001 39 312521 39 313041 39 313561 40 314081 40 314601 40 315121 40 315641 40 316161 40 316681 40 317201 40 317721 40 318241 40 318761 40 319281 41 319801 41 320321 41 320841 41 321361 40 321881 40 322401 40 322921 40 323441 40 323961 40 324481 39 325001 39 325521 38 326041 38 326561 37 327082 36 327603 34 328124 32 328645 30 329166 27 329687 25 330208 22 330730 17 331253 11
ff3407842ada5bc18be79ae453e5bdaa1b68afc842fc22fa618ac6e6599d0bb3,60839 2 61357 4 61876 5 62396 5 62915 6 63434 7 63953 8 64473 8 64992 9 65512 9 66031 10 66551 10 67071 10 67590 11 68110 11 68630 11 69149 12 69669 12 70189 12 70709 12 71229 12 71749 12 72270 11 72790 11 73310 11 73830 11 74350 11 74870 11 75391 10 75911 10 76431 10 76952 9 77472 9 77992 9 78513 8 79033 8 79553 8 80074 7 80594 7 81115 6 81636 5 82157 4 82678 3 83199 2
ff3407842ada5bc18be79ae453e5bdaa1b68afc842fc22fa618ac6e6599d0bb3,158 48 678 49 1198 50 1718 50 2239 49 2759 50 3279 50 3799 51 4320 50 4840 50 5360 51 5881 50 6401 50 6922 50 7442 50 7962 50 8482 50 9003 49 9523 49 10044 48 10564 48 11085 47 11606 46 12126 46 12647 44 13168 43 13689 42 14210 40 14731 39 15252 38 15773 37 16294 35 16815 34 17336 33 17858 30 18379 29 18900 27 19422 24 19943 22 20464 20 20987 16 21510 11
ff3407842ada5bc18be79ae453e5bdaa1b68afc842fc22fa618ac6e6599d0bb3,225 42 745 43 1265 44 1785 45 2305 46 2825 47 3345 48 3865 49 4385 49 4906 49 5427 48 5947 49 6467 50 6988 49 7508 49 8029 48 8550 48 9070 48 9591 47 10111 48 10632 47 11153 46 11673 46 12194 45 12714 46 13235 45 13756 43 14277 42 14798 41 15319 40 15840 39 16361 38 16882 36 17403 35 17924 34 18445 32 18966 30 19487 28 20009 26 20531 23 21052 21 21574 17 22096 13 22624 3
ff3407842ada5bc18be79ae453e5bdaa1b68afc842fc22fa618ac6e6599d0bb3,86557 9 87075 20 87593 31 88110 36 88628 41 89147 44 89665 48 90184 50 90703 53 91222 55 91740 58 92259 60 92779 61 93298 62 93817 64 94337 64 94856 65 95375 66 95895 66 96414 67 96934 67 97453 68 97973 68 98493 67 99013 67 99532 67 100052 66 100573 65 101093 64 101613 64 102133 63 102653 63 103174 61 103694 60 104214 59 104735 58 105256 56 105777 53 106298 51 106819 48 107341 44 107862 39 108385 33 108908 26 109432 13
ff3407842ada5bc18be79ae453e5bdaa1b68afc842fc22fa618ac6e6599d0bb3,264506 6 265022 14 265541 17 266060 20 266579 22 267097 25 267615 28 268134 30 268654 31 269173 32 269692 34 270211 35 270730 36 271249 38 271768 39 272287 41 272807 41 273326 42 273846 42 274365 42 274885 42 275404 43 275924 42 276444 42 276964 42 277483 42 278003 41 278523 41 279043 40 279563 39 280083 38 280603 38 281123 37 281643 37 282163 36 282684 35 283205 33 283726 31 284246 30 284767 28 285288 26 285811 21 286332 19 286855 14 287377 10
ff3407842ada5bc18be79ae453e5bdaa1b68afc842fc22fa618ac6e6599d0bb3,171210 11 171727 17 172245 22 172763 25 173282 27 173801 29 174320 31 174840 32 175359 34 175878 36 176398 37 176917 38 177436 40 177956 40 178476 41 178995 43 179515 43 180034 45 180554 45 181074 45 181594 45 182114 46 182634 46 183153 47 183673 47 184194 47 184714 47 185234 47 185754 46 186274 46 186794 46 187315 45 187835 44 188355 44 188875 44 189396 44 189916 44 190436 44 190956 44 191477 42 191997 42 192517 42 193038 41 193558 41 194079 39 194600 38 195120 37 195641 36 196162 34 196682 34 197203 33 197724 32 198245 30 198766 28 199287 27 199808 26 200330 23 200851 22 201373 19 201895 12 202418 7
