ff3e512b5fb860e5855d0c05b6cf5a6bcc7792e4be1f0bdab5a00af0e18435c0,53758 3 54011 6 54267 6 54523 6 54779 6 55034 7 55291 6 55547 6 55803 6 56059 6 56316 5 56573 4 56829 4 57086 3 57344 1
ff3e512b5fb860e5855d0c05b6cf5a6bcc7792e4be1f0bdab5a00af0e18435c0,50871 4 51126 7 51380 9 51636 10 51892 10 52148 10 52403 11 52659 10 52915 9 53171 8
ff3e512b5fb860e5855d0c05b6cf5a6bcc7792e4be1f0bdab5a00af0e18435c0,30753 5 31007 8 31263 9 31518 10 31773 11 32029 11 32285 11 32541 11 32797 11 33054 10 33310 9 33567 7 33824 5
ff3e512b5fb860e5855d0c05b6cf5a6bcc7792e4be1f0bdab5a00af0e18435c0,39214 5 39467 9 39722 10 39977 11 40232 12 40487 13 40742 14 40998 14 41253 15 41509 14 41765 14 42021 13 42277 12 42533 12 42791 9 43047 7
ff3e512b5fb860e5855d0c05b6cf5a6bcc7792e4be1f0bdab5a00af0e18435c0,45831 7 46086 8 46341 10 46596 11 46852 11 47106 13 47361 14 47617 14 47873 14 48129 14 48385 13 48641 12 48897 11 49153 11 49409 10 49665 8 49922 6 50178 4
ff3e512b5fb860e5855d0c05b6cf5a6bcc7792e4be1f0bdab5a00af0e18435c0,37293 7 37546 10 37801 13 38057 13 38312 14 38568 14 38823 15 39078 15 39335 14 39591 12 39847 11 40103 8
ff3e512b5fb860e5855d0c05b6cf5a6bcc7792e4be1f0bdab5a00af0e18435c0,45945 10 46200 12 46455 13 46711 14 46966 15 47222 15 47478 15 47733 16 47989 16 48245 16 48501 16 48757 16 49014 14 49270 13 49527 11 49784 9
ff3e512b5fb860e5855d0c05b6cf5a6bcc7792e4be1f0bdab5a00af0e18435c0,20543 12 20797 15 21051 18 21306 19 21562 19 21818 19 22074 19 22331 17 22590 12
ff3e512b5fb860e5855d0c05b6cf5a6bcc7792e4be1f0bdab5a00af0e18435c0,62167 6 62422 8 62677 10 62931 12 63187 13 63442 14 63698 15 63954 15 64210 15 64468 13 64725 13 64981 13 65239 11 65497 5
ff3e512b5fb860e5855d0c05b6cf5a6bcc7792e4be1f0bdab5a00af0e18435c0,56504 5 56760 5 57016 5 57272 5 57530 3 57786 3
ff3e512b5fb860e5855d0c05b6cf5a6bcc7792e4be1f0bdab5a00af0e18435c0,15531 7 15784 10 16039 12 16293 15 16548 17 16803 18 17059 18 17314 19 17569 20 17824 21 18080 20 18335 21 18591 20 18847 20 19103 19 19360 17 19617 15 19874 14 20130 13 20387 12 20643 11 20899 8
ff3e512b5fb860e5855d0c05b6cf5a6bcc7792e4be1f0bdab5a00af0e18435c0,25963 9 26217 11 26472 13 26728 14 26984 14 27240 14 27496 14 27752 14 28008 14 28264 14 28521 13 28777 13 29034 12 29290 11 29547 9 29804 6
ff3e512b5fb860e5855d0c05b6cf5a6bcc7792e4be1f0bdab5a00af0e18435c0,53426 8 53682 9 53937 10 54193 10 54449 10 54705 10 54961 9 55217 9 55475 5
